344,25	1333,23
344,46	1333,23
344,68	1333,23
344,90	1316,84
345,12	1286,12
345,34	1320,94
345,55	1415,15
345,77	1497,07
345,99	1406,95
346,21	1474,54
346,42	1452,01
346,64	1445,87
346,86	1380,33
347,08	1429,48
347,30	1427,43
347,51	1490,92
347,73	1312,75
347,95	1382,38
348,17	1404,91
348,38	1460,20
348,60	1398,76
348,82	1437,67
349,04	1425,39
349,25	1400,81
349,47	1423,34
349,69	1372,14
349,91	1503,21
350,13	1382,38
350,34	1388,52
350,56	1357,80
350,78	1374,19
351,00	1525,74
351,21	1472,49
351,43	1456,11
351,65	1390,57
351,87	1452,01
352,08	1333,23
352,30	1488,87
352,52	1384,43
352,74	1357,80
352,95	1417,19
353,17	1470,44
353,39	1413,10
353,61	1421,29
353,82	1372,14
354,04	1398,76
354,26	1441,77
354,47	1402,86
354,69	1423,34
354,91	1439,72
355,13	1400,81
355,34	1400,81
355,56	1390,57
355,78	1439,72
356,00	1501,16
356,21	1454,06
356,43	1361,90
356,65	1433,58
356,86	1417,19
357,08	1466,35
357,30	1468,39
357,52	1353,71
357,73	1380,33
357,95	1409,00
358,17	1441,77
358,38	1421,29
358,60	1505,26
358,82	1402,86
359,04	1411,05
359,25	1474,54
359,47	1478,63
359,69	1488,87
359,90	1345,52
360,12	1552,36
360,34	1468,39
360,56	1443,82
360,77	1570,79
360,99	1488,87
361,21	1427,43
361,42	1456,11
361,64	1529,83
361,86	1515,50
362,07	1476,59
362,29	1581,03
362,51	1513,45
362,73	1529,83
362,94	1507,30
363,16	1525,74
363,38	1456,11
363,59	1501,16
363,81	1445,87
364,03	1462,25
364,24	1521,64
364,46	1441,77
364,68	1472,49
364,89	1505,26
365,11	1488,87
365,33	1527,78
365,54	1521,64
365,76	1564,65
365,98	1548,26
366,19	1533,93
366,41	1562,60
366,63	1454,06
366,84	1513,45
367,06	1544,17
367,28	1562,60
367,49	1466,35
367,71	1433,58
367,93	1454,06
368,14	1497,07
368,36	1484,78
368,58	1576,94
368,79	1445,87
369,01	1550,31
369,23	1558,50
369,44	1626,09
369,66	1433,58
369,88	1456,11
370,09	1429,48
370,31	1529,83
370,53	1441,77
370,74	1511,40
370,96	1499,11
371,18	1501,16
371,39	1529,83
371,61	1492,97
371,82	1535,98
372,04	1517,54
372,26	1583,08
372,47	1460,20
372,69	1558,50
372,91	1581,03
373,12	1509,35
373,34	1523,69
373,56	1447,91
373,77	1527,78
373,99	1472,49
374,20	1521,64
374,42	1515,50
374,64	1568,74
374,85	1509,35
375,07	1581,03
375,29	1466,35
375,50	1578,98
375,72	1443,82
375,93	1492,97
376,15	1564,65
376,37	1529,83
376,58	1392,62
376,80	1517,54
377,01	1499,11
377,23	1595,37
377,45	1476,59
377,66	1470,44
377,88	1417,19
378,10	1497,07
378,31	1415,15
378,53	1529,83
378,74	1525,74
378,96	1505,26
379,18	1456,11
379,39	1480,68
379,61	1540,07
379,82	1501,16
380,04	1462,25
380,26	1468,39
380,47	1411,05
380,69	1376,24
380,90	1576,94
381,12	1337,32
381,33	1433,58
381,55	1419,24
381,77	1484,78
381,98	1443,82
382,20	1370,09
382,41	1388,52
382,63	1400,81
382,85	1507,30
383,06	1482,73
383,28	1540,07
383,49	1445,87
383,71	1515,50
383,92	1421,29
384,14	1384,43
384,36	1384,43
384,57	1482,73
384,79	1441,77
385,00	1466,35
385,22	1378,28
385,43	1435,63
385,65	1445,87
385,87	1413,10
386,08	1398,76
386,30	1433,58
386,51	1394,67
386,73	1404,91
386,94	1437,67
387,16	1437,67
387,37	1521,64
387,59	1425,39
387,81	1349,61
388,02	1505,26
388,24	1386,47
388,45	1460,20
388,67	1519,59
388,88	1411,05
389,10	1456,11
389,31	1570,79
389,53	1458,15
389,75	1398,76
389,96	1492,97
390,18	1462,25
390,39	1419,24
390,61	1482,73
390,82	1468,39
391,04	1462,25
391,25	1433,58
391,47	1443,82
391,68	1425,39
391,90	1554,41
392,11	1456,11
392,33	1476,59
392,54	1419,24
392,76	1458,15
392,97	1421,29
393,19	1490,92
393,41	1464,30
393,62	1486,83
393,84	1398,76
394,05	1466,35
394,27	1427,43
394,48	1402,86
394,70	1435,63
394,91	1495,02
395,13	1478,63
395,34	1427,43
395,56	1431,53
395,77	1482,73
395,99	1382,38
396,20	1456,11
396,42	1458,15
396,63	1521,64
396,85	1456,11
397,06	1445,87
397,28	1441,77
397,49	1523,69
397,71	1427,43
397,92	1419,24
398,14	1452,01
398,35	1546,22
398,57	1445,87
398,78	1515,50
399,00	1519,59
399,21	1431,53
399,43	1406,95
399,64	1503,21
399,86	1456,11
400,07	1415,15
400,29	1470,44
400,50	1499,11
400,72	1486,83
400,93	1535,98
401,14	1470,44
401,36	1462,25
401,57	1445,87
401,79	1499,11
402,00	1417,19
402,22	1548,26
402,43	1523,69
402,65	1454,06
402,86	1413,10
403,08	1531,88
403,29	1560,55
403,51	1509,35
403,72	1529,83
403,94	1488,87
404,15	1521,64
404,36	1501,16
404,58	1781,73
404,79	1540,07
405,01	1445,87
405,22	1538,02
405,44	1357,80
405,65	1589,22
405,87	1488,87
406,08	1472,49
406,30	1441,77
406,51	1474,54
406,72	1540,07
406,94	1509,35
407,15	1466,35
407,37	1576,94
407,58	1464,30
407,80	1558,50
408,01	1480,68
408,23	1423,34
408,44	1558,50
408,65	1497,07
408,87	1480,68
409,08	1525,74
409,30	1488,87
409,51	1421,29
409,73	1495,02
409,94	1544,17
410,15	1507,30
410,37	1531,88
410,58	1460,20
410,80	1509,35
411,01	1478,63
411,23	1523,69
411,44	1503,21
411,65	1546,22
411,87	1513,45
412,08	1464,30
412,30	1570,79
412,51	1445,87
412,72	1546,22
412,94	1497,07
413,15	1476,59
413,37	1505,26
413,58	1488,87
413,79	1468,39
414,01	1497,07
414,22	1617,90
414,44	1433,58
414,65	1472,49
414,86	1468,39
415,08	1478,63
415,29	1492,97
415,51	1386,47
415,72	1486,83
415,93	1427,43
416,15	1427,43
416,36	1556,46
416,58	1499,11
416,79	1490,92
417,00	1488,87
417,22	1535,98
417,43	1472,49
417,65	1503,21
417,86	1495,02
418,07	1529,83
418,29	1566,70
418,50	1556,46
418,71	1419,24
418,93	1501,16
419,14	1429,48
419,36	1423,34
419,57	1476,59
419,78	1517,54
420,00	1443,82
420,21	1521,64
420,42	1488,87
420,64	1589,22
420,85	1497,07
421,06	1525,74
421,28	1501,16
421,49	1540,07
421,71	1574,89
421,92	1409,00
422,13	1568,74
422,35	1558,50
422,56	1517,54
422,77	1556,46
422,99	1517,54
423,20	1529,83
423,41	1564,65
423,63	1486,83
423,84	1503,21
424,05	1576,94
424,27	1542,12
424,48	1474,54
424,69	1546,22
424,91	1906,66
425,12	1441,77
425,33	1482,73
425,55	1538,02
425,76	1515,50
425,97	1548,26
426,19	1556,46
426,40	1490,92
426,61	1566,70
426,83	1542,12
427,04	1535,98
427,25	1497,07
427,47	1574,89
427,68	1511,40
427,89	1521,64
428,11	1603,56
428,32	1538,02
428,53	1488,87
428,75	1583,08
428,96	1515,50
429,17	1507,30
429,39	1492,97
429,60	1517,54
429,81	1544,17
430,03	1505,26
430,24	1538,02
430,45	1517,54
430,67	1591,27
430,88	1540,07
431,09	1466,35
431,30	1480,68
431,52	1546,22
431,73	1517,54
431,94	1560,55
432,16	1554,41
432,37	1585,13
432,58	1544,17
432,80	1497,07
433,01	1558,50
433,22	1513,45
433,43	1542,12
433,65	1540,07
433,86	1421,29
434,07	1531,88
434,29	1449,96
434,50	1542,12
434,71	1533,93
434,92	1558,50
435,14	1533,93
435,35	1423,34
435,56	1503,21
435,77	1476,59
435,99	1558,50
436,20	1511,40
436,41	1513,45
436,63	1433,58
436,84	1488,87
437,05	1564,65
437,26	1521,64
437,48	1546,22
437,69	1527,78
437,90	1480,68
438,11	1521,64
438,33	1447,91
438,54	1574,89
438,75	1474,54
438,96	1445,87
439,18	1464,30
439,39	1521,64
439,60	1366,00
439,82	1411,05
440,03	1597,42
440,24	1562,60
440,45	1474,54
440,67	1527,78
440,88	1490,92
441,09	1564,65
441,30	1550,31
441,51	1560,55
441,73	1540,07
441,94	1439,72
442,15	1558,50
442,36	1425,39
442,58	1470,44
442,79	1533,93
443,00	1542,12
443,21	1558,50
443,43	1460,20
443,64	1546,22
443,85	1472,49
444,06	1535,98
444,28	1585,13
444,49	1437,67
444,70	1535,98
444,91	1617,90
445,12	1533,93
445,34	1499,11
445,55	1548,26
445,76	1505,26
445,97	1521,64
446,18	1513,45
446,40	1513,45
446,61	1529,83
446,82	1523,69
447,03	1570,79
447,25	1538,02
447,46	1560,55
447,67	1515,50
447,88	1419,24
448,09	1546,22
448,31	1566,70
448,52	1560,55
448,73	1572,84
448,94	1470,44
449,15	1495,02
449,37	1638,38
449,58	1593,32
449,79	1591,27
450,00	1591,27
450,21	1443,82
450,43	1560,55
450,64	1452,01
450,85	1617,90
451,06	1617,90
451,27	1591,27
451,48	1507,30
451,70	1611,75
451,91	1552,36
452,12	1531,88
452,33	1511,40
452,54	1370,09
452,76	1599,46
452,97	1640,42
453,18	1583,08
453,39	1540,07
453,60	1564,65
453,81	1576,94
454,03	1472,49
454,24	1591,27
454,45	1513,45
454,66	1624,04
454,87	1583,08
455,08	1632,23
455,30	1615,85
455,51	1599,46
455,72	1597,42
455,93	1560,55
456,14	1591,27
456,35	1581,03
456,56	1531,88
456,78	1640,42
456,99	1650,66
457,20	1642,47
457,41	1621,99
457,62	1574,89
457,83	1648,61
458,04	1529,83
458,26	1673,19
458,47	1472,49
458,68	1619,94
458,89	1574,89
459,10	1538,02
459,31	1566,70
459,52	1644,52
459,74	1564,65
459,95	1597,42
460,16	1603,56
460,37	1675,24
460,58	1589,22
460,79	1599,46
461,00	1601,51
461,21	1509,35
461,43	1677,29
461,64	1593,32
461,85	1542,12
462,06	1511,40
462,27	1548,26
462,48	1650,66
462,69	1599,46
462,90	1591,27
463,12	1613,80
463,33	1593,32
463,54	1589,22
463,75	1587,18
463,96	1628,14
464,17	1626,09
464,38	1697,77
464,59	1589,22
464,80	1572,84
465,01	1609,70
465,23	1689,57
465,44	1613,80
465,65	1621,99
465,86	1650,66
466,07	1638,38
466,28	1636,33
466,49	1679,33
466,70	1589,22
466,91	1642,47
467,12	1626,09
467,33	1570,79
467,55	1699,81
467,76	1529,83
467,97	1599,46
468,18	1705,96
468,39	1617,90
468,60	1710,05
468,81	1562,60
469,02	1576,94
469,23	1654,76
469,44	1636,33
469,65	1589,22
469,86	1624,04
470,07	1656,81
470,29	1751,01
470,50	1662,95
470,71	1656,81
470,92	1710,05
471,13	1681,38
471,34	1746,92
471,55	1755,11
471,76	1683,43
471,97	1693,67
472,18	1611,75
472,39	1597,42
472,60	1687,53
472,81	1679,33
473,02	1634,28
473,23	1730,53
473,44	1605,61
473,65	1783,78
473,87	1595,37
474,08	1712,10
474,29	1677,29
474,50	1701,86
474,71	1708,01
474,92	1683,43
475,13	1699,81
475,34	1746,92
475,55	1681,38
475,76	1683,43
475,97	1736,68
476,18	1791,97
476,39	1677,29
476,60	1697,77
476,81	1761,25
477,02	1755,11
477,23	1755,11
477,44	1751,01
477,65	1642,47
477,86	1861,60
478,07	1806,31
478,28	1880,04
478,49	1796,07
478,70	1822,69
478,91	1769,44
479,12	1777,64
479,33	1832,93
479,54	1757,16
479,75	1751,01
479,96	1789,92
480,17	1730,53
480,38	1728,49
480,59	1787,88
480,80	1826,79
481,01	1757,16
481,22	1755,11
481,43	1759,21
481,64	1787,88
481,85	1742,82
482,06	1732,58
482,27	1853,41
482,48	1834,98
482,69	1888,23
482,90	1785,83
483,11	1847,27
483,32	1839,08
483,53	1765,35
483,74	1816,55
483,95	1798,12
484,16	1886,18
484,37	1751,01
484,58	1875,94
484,79	1767,40
485,00	1929,19
485,21	1791,97
485,42	1906,66
485,63	1964,00
485,84	1875,94
486,05	1810,40
486,26	1964,00
486,47	1996,77
486,68	1941,47
486,89	1861,60
487,10	1923,04
487,31	1834,98
487,52	1994,72
487,73	1931,23
487,94	1923,04
488,15	1964,00
488,36	1996,77
488,57	1937,38
488,77	1916,90
488,98	1994,72
489,19	2007,01
489,40	2017,25
489,61	1980,39
489,82	1951,71
490,03	2107,36
490,24	1998,82
490,45	2007,01
490,66	1955,81
490,87	2123,74
491,08	2027,49
491,29	2033,63
491,50	2007,01
491,71	2066,40
491,92	2090,98
492,13	2064,35
492,33	2072,54
492,54	2166,75
492,75	2125,79
492,96	2109,41
493,17	2064,35
493,38	2150,37
493,59	2111,46
493,80	2187,23
494,01	2185,18
494,22	2166,75
494,43	2140,13
494,64	2215,90
494,85	2131,94
495,05	2207,71
495,26	2236,38
495,47	2275,29
495,68	2240,48
495,89	2234,33
496,10	2242,53
496,31	2326,49
496,52	2283,49
496,73	2258,91
496,94	2275,29
497,15	2344,92
497,35	2375,64
497,56	2283,49
497,77	2273,25
497,98	2471,90
498,19	2369,50
498,40	2453,47
498,61	2467,80
498,82	2445,27
499,03	2559,96
499,23	2533,34
499,44	2643,93
499,65	2449,37
499,86	2627,54
500,07	2637,78
500,28	2627,54
500,49	2650,07
500,70	2670,55
500,91	2508,76
501,11	2797,53
501,32	2668,50
501,53	2783,19
501,74	2797,53
501,95	2875,35
502,16	2770,90
502,37	2858,96
502,57	2938,84
502,78	2940,88
502,99	3010,51
503,20	2912,21
503,41	2928,60
503,62	3030,99
503,83	3045,33
504,03	3098,58
504,24	3172,30
504,45	3059,67
504,66	3147,73
504,87	3315,66
505,08	3231,69
505,29	3182,54
505,49	3262,41
505,70	3385,29
505,91	3395,53
506,12	3520,46
506,33	3561,42
506,54	3553,23
506,75	3497,93
506,95	3692,49
507,16	3758,02
507,37	3676,10
507,58	3676,10
507,79	3749,83
508,00	3774,41
508,20	3715,02
508,41	3796,93
508,62	3821,51
508,83	4038,59
509,04	3934,15
509,24	4001,73
509,45	4505,53
509,66	4149,18
509,87	4009,92
510,08	4171,71
510,29	4294,59
510,49	4188,10
510,70	4413,37
510,91	4276,16
511,12	4470,72
511,33	4409,28
511,53	4270,01
511,74	4452,28
511,95	4382,65
512,16	4515,77
512,37	4655,03
512,57	4501,44
512,78	4614,07
512,99	4679,61
513,20	4685,75
513,41	4763,58
513,61	4710,33
513,82	4847,54
514,03	4814,77
514,24	4802,49
514,45	4796,34
514,65	4937,65
514,86	4964,28
515,07	4855,73
515,28	4978,61
515,49	4868,02
515,69	5064,63
515,90	4822,97
516,11	5138,35
516,32	4972,47
516,52	5097,39
516,73	5130,16
516,94	5136,31
517,15	4943,80
517,36	5136,31
517,56	5197,74
517,77	5253,04
517,98	5019,57
518,19	5081,01
518,39	5193,65
518,60	5056,43
518,81	5404,59
519,02	5244,85
519,22	5011,38
519,43	5294,00
519,64	5009,33
519,85	4949,94
520,05	4929,46
520,26	5095,35
520,47	5107,63
520,68	5207,98
520,88	5115,83
521,09	5068,72
521,30	4931,51
521,51	5066,67
521,71	5128,11
521,92	5091,25
522,13	4949,94
522,34	5023,67
522,54	5005,24
522,75	5035,96
522,96	4861,88
523,17	4913,08
523,37	4859,83
523,58	4911,03
523,79	4765,62
523,99	4806,58
524,20	4753,34
524,41	4644,79
524,62	4888,50
524,82	4704,18
525,03	4630,46
525,24	4779,96
525,45	4585,40
525,65	4673,46
525,86	4630,46
526,07	4564,92
526,27	4331,45
526,48	4456,38
526,69	4630,46
526,90	4382,65
527,10	4216,77
527,31	4573,11
527,52	4233,15
527,72	4308,93
527,93	4052,93
528,14	4286,40
528,34	4192,19
528,55	4175,81
528,76	4075,46
528,97	3995,59
529,17	4034,50
529,38	4034,50
529,59	3887,04
529,79	4159,42
530,00	3764,17
530,21	3913,67
530,41	3758,02
530,62	3801,03
530,83	3796,93
531,03	3766,21
531,24	3604,42
531,45	3686,34
531,65	3674,06
531,86	3659,72
532,07	3477,45
532,27	3551,18
532,48	3452,88
532,69	3452,88
532,89	3254,22
533,10	3278,80
533,31	3184,59
533,51	3422,16
533,72	3200,98
533,93	3180,50
534,13	3155,92
534,34	3303,37
534,55	3098,58
534,75	3078,10
534,96	3147,73
535,17	3071,95
535,37	3145,68
535,58	2971,60
535,79	2881,49
535,99	2899,92
536,20	2748,37
536,41	3004,37
536,61	2715,61
536,82	3033,04
537,03	2611,16
537,23	2711,51
537,44	2631,64
537,64	2709,46
537,85	2615,26
538,06	2789,33
538,26	2570,20
538,47	2779,09
538,68	2336,73
538,88	2514,91
539,09	2455,51
539,30	2488,28
539,50	2549,72
539,71	2578,39
539,91	2418,65
540,12	2611,16
540,33	2279,39
540,53	2336,73
540,74	2207,71
540,94	2396,12
541,15	2256,86
541,36	2263,01
541,56	2254,81
541,77	2207,71
541,98	2144,22
542,18	2275,29
542,39	2181,09
542,59	2250,72
542,80	2095,07
543,01	2097,12
543,21	2078,69
543,42	2138,08
543,62	2111,46
543,83	2041,82
544,04	1902,56
544,24	2217,95
544,45	1949,67
544,65	2099,17
544,86	1986,53
545,06	2068,45
545,27	1914,85
545,48	1914,85
545,68	1959,91
545,89	1990,63
546,09	1748,97
546,30	1929,19
546,51	1974,24
546,71	1904,61
546,92	1841,12
547,12	1845,22
547,33	1732,58
547,53	1869,80
547,74	1746,92
547,95	1873,89
548,15	1763,30
548,36	1849,32
548,56	1726,44
548,77	1767,40
548,97	1810,40
549,18	1691,62
549,39	1712,10
549,59	1675,24
549,80	1710,05
550,00	1701,86
550,21	1703,91
550,41	1722,34
550,62	1677,29
550,82	1679,33
551,03	1685,48
551,23	1667,05
551,44	1695,72
551,65	1669,09
551,85	1636,33
552,06	1642,47
552,26	1634,28
552,47	1634,28
552,67	1632,23
552,88	1574,89
553,08	1587,18
553,29	1615,85
553,49	1609,70
553,70	1652,71
553,90	1671,14
554,11	1535,98
554,32	1632,23
554,52	1685,48
554,73	1591,27
554,93	1490,92
555,14	1517,54
555,34	1587,18
555,55	1642,47
555,75	1624,04
555,96	1562,60
556,16	1591,27
556,37	1646,57
556,57	1492,97
556,78	1634,28
556,98	1685,48
557,19	1589,22
557,39	1482,73
557,60	1495,02
557,80	1527,78
558,01	1533,93
558,21	1497,07
558,42	1533,93
558,62	1576,94
558,83	1554,41
559,03	1486,83
559,24	1585,13
559,44	1535,98
559,65	1472,49
559,85	1511,40
560,06	1570,79
560,26	1566,70
560,47	1531,88
560,67	1560,55
560,88	1497,07
561,08	1540,07
561,29	1654,76
561,49	1505,26
561,70	1499,11
561,90	1513,45
562,10	1558,50
562,31	1449,96
562,51	1433,58
562,72	1419,24
562,92	1521,64
563,13	1527,78
563,33	1509,35
563,54	1515,50
563,74	1486,83
563,95	1421,29
564,15	1492,97
564,36	1513,45
564,56	1468,39
564,76	1419,24
564,97	1443,82
565,17	1495,02
565,38	1527,78
565,58	1488,87
565,79	1476,59
565,99	1476,59
566,20	1568,74
566,40	1476,59
566,60	1552,36
566,81	1456,11
567,01	1505,26
567,22	1550,31
567,42	1456,11
567,63	1484,78
567,83	1572,84
568,04	1458,15
568,24	1488,87
568,44	1531,88
568,65	1437,67
568,85	1482,73
569,06	1429,48
569,26	1431,53
569,47	1447,91
569,67	1505,26
569,87	1464,30
570,08	1542,12
570,28	1452,01
570,49	1402,86
570,69	1460,20
570,89	1568,74
571,10	1437,67
571,30	1437,67
571,51	1419,24
571,71	1542,12
571,91	1538,02
572,12	1550,31
572,32	1499,11
572,53	1554,41
572,73	1572,84
572,93	1574,89
573,14	1482,73
573,34	1480,68
573,55	1437,67
573,75	1497,07
573,95	1482,73
574,16	1515,50
574,36	1419,24
574,57	1460,20
574,77	1384,43
574,97	1443,82
575,18	1492,97
575,38	1525,74
575,59	1456,11
575,79	1501,16
575,99	1437,67
576,20	1544,17
576,40	1411,05
576,60	1554,41
576,81	1437,67
577,01	1488,87
577,22	1497,07
577,42	1454,06
577,62	1482,73
577,83	1470,44
578,03	1460,20
578,23	1439,72
578,44	1478,63
578,64	1460,20
578,84	1404,91
579,05	1443,82
579,25	1429,48
579,45	1462,25
579,66	1406,95
579,86	1398,76
580,07	1437,67
580,27	1443,82
580,47	1370,09
580,68	1355,76
580,88	1445,87
581,08	1392,62
581,29	1406,95
581,49	1411,05
581,69	1474,54
581,90	1388,52
582,10	1429,48
582,30	1359,85
582,51	1406,95
582,71	1449,96
582,91	1439,72
583,12	1394,67
583,32	1566,70
583,52	1439,72
583,73	1433,58
583,93	1376,24
584,13	1542,12
584,34	1425,39
584,54	1447,91
584,74	1417,19
584,94	1441,77
585,15	1470,44
585,35	1464,30
585,55	1458,15
585,76	1402,86
585,96	1413,10
586,16	1538,02
586,37	1409,00
586,57	1409,00
586,77	1302,51
586,98	1429,48
587,18	1423,34
587,38	1531,88
587,58	1392,62
587,79	1503,21
587,99	1398,76
588,19	1386,47
588,40	1372,14
588,60	1468,39
588,80	1445,87
589,00	1462,25
589,21	1445,87
589,41	1480,68
589,61	1343,47
589,82	1413,10
590,02	1443,82
590,22	1478,63
590,42	1452,01
590,63	1538,02
590,83	1464,30
591,03	1488,87
591,23	1402,86
591,44	1505,26
591,64	1427,43
591,84	1386,47
592,05	1437,67
592,25	1488,87
592,45	1443,82
592,65	1441,77
592,86	1495,02
593,06	1447,91
593,26	1482,73
593,46	1398,76
593,67	1439,72
593,87	1482,73
594,07	1411,05
594,27	1460,20
594,48	1490,92
594,68	1458,15
594,88	1443,82
595,08	1380,33
595,29	1501,16
595,49	1521,64
595,69	1363,95
595,89	1460,20
596,10	1452,01
596,30	1462,25
596,50	1390,57
596,70	1443,82
596,90	1495,02
597,11	1329,13
597,31	1443,82
597,51	1429,48
597,71	1542,12
597,92	1515,50
598,12	1456,11
598,32	1486,83
598,52	1464,30
598,72	1497,07
598,93	1474,54
599,13	1445,87
599,33	1523,69
599,53	1464,30
599,74	1495,02
599,94	1390,57
600,14	1456,11
600,34	1501,16
600,54	1517,54
600,75	1409,00
600,95	1431,53
601,15	1363,95
601,35	1355,76
601,55	1402,86
601,76	1351,66
601,96	1558,50
602,16	1480,68
602,36	1443,82
602,56	1441,77
602,76	1435,63
602,97	1443,82
603,17	1404,91
603,37	1454,06
603,57	1454,06
603,77	1464,30
603,98	1499,11
604,18	1359,85
604,38	1503,21
604,58	1400,81
604,78	1441,77
604,98	1445,87
605,19	1404,91
605,39	1423,34
605,59	1550,31
605,79	1427,43
605,99	1343,47
606,19	1388,52
606,40	1392,62
606,60	1406,95
606,80	1400,81
607,00	1505,26
607,20	1501,16
607,40	1460,20
607,61	1529,83
607,81	1402,86
608,01	1509,35
608,21	1472,49
608,41	1529,83
608,61	1368,04
608,81	1368,04
609,02	1363,95
609,22	1419,24
609,42	1478,63
609,62	1437,67
609,82	1462,25
610,02	1458,15
610,22	1497,07
610,43	1370,09
610,63	1441,77
610,83	1415,15
611,03	1462,25
611,23	1470,44
611,43	1535,98
611,63	1441,77
611,83	1361,90
612,04	1435,63
612,24	1548,26
612,44	1427,43
612,64	1480,68
612,84	1419,24
613,04	1382,38
613,24	1525,74
613,44	1449,96
613,64	1497,07
613,85	1429,48
614,05	1464,30
614,25	1460,20
614,45	1402,86
614,65	1441,77
614,85	1329,13
615,05	1421,29
615,25	1431,53
615,45	1349,61
615,65	1406,95
615,86	1460,20
616,06	1468,39
616,26	1423,34
616,46	1556,46
616,66	1396,71
616,86	1452,01
617,06	1380,33
617,26	1492,97
617,46	1466,35
617,66	1474,54
617,86	1540,07
618,07	1406,95
618,27	1464,30
618,47	1390,57
618,67	1474,54
618,87	1396,71
619,07	1466,35
619,27	1513,45
619,47	1435,63
619,67	1554,41
619,87	1339,37
620,07	1449,96
620,27	1474,54
620,47	1366,00
620,67	1419,24
620,87	1353,71
621,07	1482,73
621,28	1390,57
621,48	1447,91
621,68	1474,54
621,88	1445,87
622,08	1464,30
622,28	1519,59
622,48	1501,16
622,68	1435,63
622,88	1521,64
623,08	1529,83
623,28	1509,35
623,48	1417,19
623,68	1409,00
623,88	1423,34
624,08	1474,54
624,28	1437,67
624,48	1413,10
624,68	1435,63
624,88	1429,48
625,08	1517,54
625,28	1486,83
625,48	1540,07
625,68	1478,63
625,88	1429,48
626,08	1429,48
626,28	1417,19
626,48	1439,72
626,68	1425,39
626,88	1443,82
627,08	1409,00
627,28	1476,59
627,48	1542,12
627,68	1431,53
627,88	1484,78
628,08	1400,81
628,28	1452,01
628,49	1476,59
628,68	1400,81
628,88	1384,43
629,08	1353,71
629,28	1447,91
629,48	1439,72
629,68	1402,86
629,88	1527,78
630,08	1478,63
630,28	1484,78
630,48	1413,10
630,68	1501,16
630,88	1544,17
631,08	1409,00
631,28	1380,33
631,48	1351,66
631,68	1478,63
631,88	1396,71
632,08	1468,39
632,28	1394,67
632,48	1386,47
632,68	1425,39
632,88	1460,20
633,08	1490,92
633,28	1527,78
633,48	1427,43
633,68	1404,91
633,88	1400,81
634,08	1533,93
634,28	1419,24
634,48	1482,73
634,68	1322,99
634,88	1501,16
635,08	1499,11
635,28	1398,76
635,48	1478,63
635,68	1347,56
635,87	1382,38
636,07	1449,96
636,27	1366,00
636,47	1445,87
636,67	1466,35
636,87	1363,95
637,07	1439,72
637,27	1372,14
637,47	1462,25
637,67	1466,35
637,87	1458,15
638,07	1404,91
638,27	1478,63
638,47	1423,34
638,67	1345,52
638,86	1419,24
639,06	1406,95
639,26	1470,44
639,46	1456,11
639,66	1462,25
639,86	1435,63
640,06	1456,11
640,26	1417,19
640,46	1349,61
640,66	1486,83
640,86	1460,20
641,06	1366,00
641,25	1513,45
641,45	1427,43
641,65	1445,87
641,85	1413,10
642,05	1388,52
642,25	1427,43
642,45	1443,82
642,65	1425,39
642,85	1335,28
643,05	1505,26
643,24	1484,78
643,44	1392,62
643,64	1404,91
643,84	1349,61
644,04	1484,78
644,24	1478,63
644,44	1423,34
644,64	1415,15
644,84	1355,76
645,03	1464,30
645,23	1417,19
645,43	1437,67
645,63	1435,63
645,83	1433,58
646,03	1441,77
646,23	1308,65
646,42	1513,45
646,62	1429,48
646,82	1429,48
647,02	1439,72
647,22	1449,96
647,42	1390,57
647,62	1437,67
647,82	1376,24
648,01	1591,27
648,21	1394,67
648,41	1466,35
648,61	1478,63
648,81	1540,07
649,01	1472,49
649,20	1363,95
649,40	1449,96
649,60	1419,24
649,80	1456,11
650,00	1540,07
650,20	1390,57
650,40	1454,06
650,59	1425,39
650,79	1415,15
650,99	1492,97
651,19	1421,29
651,39	1366,00
651,58	1478,63
651,78	1431,53
651,98	1419,24
652,18	1423,34
652,38	1413,10
652,58	1431,53
652,77	1499,11
652,97	1492,97
653,17	1396,71
653,37	1513,45
653,57	1423,34
653,77	1490,92
653,96	1466,35
654,16	1495,02
654,36	1517,54
654,56	1501,16
654,76	1519,59
654,95	1398,76
655,15	1425,39
655,35	1492,97
655,55	1470,44
655,75	1419,24
655,94	1431,53
656,14	1384,43
656,34	1486,83
656,54	1476,59
656,73	1439,72
656,93	1497,07
657,13	1462,25
657,33	1368,04
657,53	1513,45
657,72	1460,20
657,92	1404,91
658,12	1449,96
658,32	1452,01
658,52	1427,43
658,71	1497,07
658,91	1486,83
659,11	1484,78
659,31	1456,11
659,50	1415,15
659,70	1470,44
659,90	1525,74
660,10	1429,48
660,29	1484,78
660,49	1417,19
660,69	1435,63
660,89	1435,63
661,08	1492,97
661,28	1390,57
661,48	1429,48
661,68	1429,48
661,87	1351,66
662,07	1521,64
662,27	1503,21
662,47	1464,30
662,66	1505,26
662,86	1476,59
663,06	1357,80
663,26	1445,87
663,45	1488,87
663,65	1476,59
663,85	1449,96
664,05	1394,67
664,24	1513,45
664,44	1435,63
664,64	1404,91
664,84	1413,10
665,03	1406,95
665,23	1417,19
665,43	1452,01
665,62	1361,90
665,82	1499,11
666,02	1464,30
666,22	1517,54
666,41	1429,48
666,61	1509,35
666,81	1458,15
667,00	1439,72
667,20	1394,67
667,40	1433,58
667,60	1431,53
667,79	1472,49
667,99	1437,67
668,19	1423,34
668,38	1474,54
668,58	1421,29
668,78	1312,75
668,97	1607,66
669,17	1402,86
669,37	1470,44
669,57	1449,96
669,76	1472,49
669,96	1396,71
670,16	1406,95
670,35	1380,33
670,55	1351,66
670,75	1413,10
670,94	1486,83
671,14	1492,97
671,34	1484,78
671,53	1380,33
671,73	1441,77
671,93	1468,39
672,12	1417,19
672,32	1546,22
672,52	1423,34
672,71	1480,68
672,91	1517,54
673,11	1445,87
673,30	1515,50
673,50	1413,10
673,70	1357,80
673,89	1447,91
674,09	1417,19
674,29	1423,34
674,48	1480,68
674,68	1535,98
674,88	1372,14
675,07	1361,90
675,27	1384,43
675,46	1316,84
675,66	1433,58
675,86	1388,52
676,05	1468,39
676,25	1378,28
676,45	1460,20
676,64	1429,48
676,84	1460,20
677,04	1363,95
677,23	1497,07
677,43	1329,13
677,62	1503,21
677,82	1456,11
678,02	1470,44
678,21	1413,10
678,41	1415,15
678,61	1439,72
678,80	1474,54
679,00	1437,67
679,19	1449,96
679,39	1546,22
679,59	1454,06
679,78	1433,58
679,98	1394,67
680,17	1390,57
680,37	1427,43
680,57	1429,48
680,76	1470,44
680,96	1366,00
681,16	1501,16
681,35	1452,01
681,55	1462,25
681,74	1415,15
681,94	1433,58
682,13	1523,69
682,33	1484,78
682,53	1398,76
682,72	1460,20
682,92	1413,10
683,11	1568,74
683,31	1462,25
683,51	1472,49
683,70	1294,32
683,90	1384,43
684,09	1476,59
684,29	1443,82
684,48	1370,09
684,68	1417,19
684,88	1546,22
685,07	1486,83
685,27	1404,91
685,46	1431,53
685,66	1425,39
685,85	1523,69
686,05	1458,15
686,25	1425,39
686,44	1413,10
686,64	1435,63
686,83	1517,54
687,03	1509,35
687,22	1464,30
687,42	1495,02
687,61	1447,91
687,81	1378,28
688,01	1456,11
688,20	1411,05
688,40	1423,34
688,59	1452,01
688,79	1509,35
688,98	1474,54
689,18	1452,01
689,37	1454,06
689,57	1413,10
689,76	1488,87
689,96	1329,13
690,15	1484,78
690,35	1388,52
690,54	1439,72
690,74	1441,77
690,94	1472,49
691,13	1521,64
691,33	1386,47
691,52	1529,83
691,72	1488,87
691,91	1400,81
692,11	1411,05
692,30	1488,87
692,50	1495,02
692,69	1470,44
692,89	1456,11
693,08	1388,52
693,28	1529,83
693,47	1464,30
693,67	1533,93
693,86	1423,34
694,06	1468,39
694,25	1437,67
694,45	1427,43
694,64	1464,30
694,84	1431,53
695,03	1456,11
695,23	1449,96
695,42	1472,49
695,62	1443,82
695,81	1433,58
696,01	1431,53
696,20	1406,95
696,40	1363,95
696,59	1525,74
696,78	1376,24
696,98	1394,67
697,17	1464,30
697,37	1419,24
697,56	1478,63
697,76	1527,78
697,95	1484,78
698,15	1402,86
698,34	1548,26
698,54	1452,01
698,73	1621,99
698,93	1482,73
699,12	1472,49
699,32	1439,72
699,51	1521,64
699,70	1425,39
699,90	1454,06
700,09	1427,43
700,29	1433,58
700,48	1435,63
700,68	1411,05
700,87	1400,81
701,07	1535,98
701,26	1490,92
701,45	1415,15
701,65	1499,11
701,84	1472,49
702,04	1415,15
702,23	1462,25
702,43	1374,19
702,62	1497,07
702,81	1437,67
703,01	1460,20
703,20	1495,02
703,40	1337,32
703,59	1398,76
703,79	1550,31
703,98	1464,30
704,17	1443,82
704,37	1443,82
704,56	1429,48
704,76	1394,67
704,95	1406,95
705,14	1404,91
705,34	1368,04
705,53	1447,91
705,73	1357,80
705,92	1458,15
706,11	1513,45
706,31	1382,38
706,50	1531,88
706,70	1404,91
706,89	1435,63
707,08	1452,01
707,28	1404,91
707,47	1396,71
707,67	1322,99
707,86	1443,82
708,05	1370,09
708,25	1390,57
708,44	1435,63
708,64	1404,91
708,83	1427,43
709,02	1374,19
709,22	1398,76
709,41	1396,71
709,60	1497,07
709,80	1472,49
709,99	1409,00
710,19	1409,00
710,38	1425,39
710,57	1353,71
710,77	1378,28
710,96	1361,90
711,15	1417,19
711,35	1384,43
711,54	1456,11
711,73	1296,36
711,93	1388,52
712,12	1423,34
712,31	1429,48
712,51	1417,19
712,70	1443,82
712,89	1355,76
713,09	1388,52
713,28	1490,92
713,48	1390,57
713,67	1400,81
713,86	1501,16
714,06	1378,28
714,25	1431,53
714,44	1384,43
714,64	1521,64
714,83	1353,71
715,02	1374,19
715,22	1490,92
715,41	1435,63
715,60	1406,95
715,79	1396,71
715,99	1476,59
716,18	1497,07
716,37	1351,66
716,57	1488,87
716,76	1484,78
716,95	1411,05
717,15	1421,29
717,34	1421,29
717,53	1464,30
717,73	1419,24
717,92	1345,52
718,11	1484,78
718,31	1341,42
718,50	1423,34
718,69	1396,71
718,88	1556,46
719,08	1419,24
719,27	1429,48
719,46	1482,73
719,66	1456,11
719,85	1404,91
720,04	1398,76
720,23	1355,76
720,43	1400,81
720,62	1423,34
720,81	1447,91
721,01	1404,91
721,20	1486,83
721,39	1443,82
721,58	1429,48
721,78	1548,26
721,97	1370,09
722,16	1433,58
722,35	1398,76
722,55	1325,04
722,74	1443,82
722,93	1429,48
723,13	1370,09
723,32	1458,15
723,51	1402,86
723,70	1386,47
723,90	1431,53
724,09	1331,18
724,28	1372,14
724,47	1443,82
724,67	1468,39
724,86	1366,00
725,05	1413,10
725,24	1300,46
725,44	1374,19
725,63	1300,46
725,82	1406,95
726,01	1380,33
726,21	1441,77
726,40	1384,43
726,59	1464,30
726,78	1370,09
726,97	1398,76
727,17	1460,20
727,36	1503,21
727,55	1392,62
727,74	1402,86
727,94	1343,47
728,13	1386,47
728,32	1431,53
728,51	1413,10
728,70	1355,76
728,90	1433,58
729,09	1470,44
729,28	1392,62
729,47	1421,29
729,66	1380,33
729,86	1396,71
730,05	1433,58
730,24	1353,71
730,43	1449,96
730,63	1374,19
730,82	1400,81
731,01	1343,47
731,20	1366,00
731,39	1392,62
731,58	1411,05
731,78	1374,19
731,97	1423,34
732,16	1366,00
732,35	1431,53
732,54	1441,77
732,74	1517,54
732,93	1376,24
733,12	1433,58
733,31	1384,43
733,50	1501,16
733,69	1370,09
733,89	1570,79
734,08	1454,06
734,27	1335,28
734,46	1392,62
734,65	1458,15
734,84	1343,47
735,04	1484,78
735,23	1419,24
735,42	1439,72
735,61	1343,47
735,80	1404,91
735,99	1406,95
736,19	1452,01
736,38	1376,24
736,57	1413,10
736,76	1372,14
736,95	1468,39
737,14	1380,33
737,33	1474,54
737,53	1511,40
737,72	1462,25
737,91	1423,34
738,10	1425,39
738,29	1353,71
738,48	1521,64
738,67	1386,47
738,87	1456,11
739,06	1304,56
739,25	1435,63
739,44	1398,76
739,63	1443,82
739,82	1503,21
740,01	1431,53
740,20	1382,38
740,40	1382,38
740,59	1394,67
740,78	1486,83
740,97	1452,01
741,16	1384,43
741,35	1458,15
741,54	1468,39
741,73	1355,76
741,92	1370,09
742,12	1378,28
742,31	1378,28
742,50	1417,19
742,69	1437,67
742,88	1472,49
743,07	1431,53
743,26	1390,57
743,45	1480,68
743,64	1388,52
743,83	1419,24
744,02	1374,19
744,22	1540,07
744,41	1409,00
744,60	1423,34
744,79	1382,38
744,98	1492,97
745,17	1380,33
745,36	1515,50
745,55	1542,12
745,74	1372,14
745,93	1449,96
746,12	1394,67
746,31	1441,77
746,50	1347,56
746,70	1374,19
746,89	1368,04
747,08	1343,47
747,27	1366,00
747,46	1456,11
747,65	1423,34
747,84	1492,97
748,03	1421,29
748,22	1388,52
748,41	1423,34
748,60	1388,52
748,79	1419,24
748,98	1411,05
749,17	1441,77
749,36	1431,53
749,55	1419,24
749,74	1368,04
749,93	1517,54
750,12	1433,58
750,31	1374,19
750,50	1458,15
750,70	1398,76
750,89	1443,82
751,08	1497,07
751,27	1433,58
751,46	1497,07
751,65	1501,16
751,84	1398,76
752,03	1363,95
752,22	1505,26
752,41	1417,19
752,60	1435,63
752,79	1417,19
752,98	1433,58
753,17	1452,01
753,36	1423,34
753,55	1497,07
753,74	1337,32
753,93	1486,83
754,12	1445,87
754,31	1546,22
754,50	1476,59
754,69	1464,30
754,88	1431,53
755,07	1374,19
755,26	1472,49
755,45	1456,11
755,64	1460,20
755,83	1476,59
756,02	1439,72
756,21	1435,63
756,40	1437,67
756,59	1363,95
756,78	1449,96
756,97	1503,21
757,16	1474,54
757,35	1466,35
757,54	1429,48
757,72	1447,91
757,91	1376,24
758,10	1425,39
758,29	1404,91
758,48	1503,21
758,67	1433,58
758,86	1425,39
759,05	1394,67
759,24	1460,20
759,43	1452,01
759,62	1376,24
759,81	1484,78
760,00	1474,54
760,19	1417,19
760,38	1572,84
760,57	1404,91
760,76	1406,95
760,95	1538,02
761,14	1445,87
761,33	1468,39
761,52	1439,72
761,70	1390,57
761,89	1474,54
762,08	1470,44
762,27	1404,91
762,46	1501,16
762,65	1429,48
762,84	1398,76
763,03	1474,54
763,22	1468,39
763,41	1495,02
763,60	1370,09
763,79	1423,34
763,98	1460,20
764,16	1439,72
764,35	1538,02
764,54	1478,63
764,73	1427,43
764,92	1441,77
765,11	1572,84
765,30	1433,58
765,49	1464,30
765,68	1515,50
765,87	1521,64
766,06	1445,87
766,24	1437,67
766,43	1447,91
766,62	1484,78
766,81	1376,24
767,00	1490,92
767,19	1392,62
767,38	1497,07
767,57	1417,19
767,76	1476,59
767,94	1480,68
768,13	1480,68
768,32	1488,87
768,51	1464,30
768,70	1544,17
768,89	1562,60
769,08	1419,24
769,27	1476,59
769,45	1429,48
769,64	1517,54
769,83	1447,91
770,02	1411,05
770,21	1449,96
770,40	1402,86
770,59	1486,83
770,77	1513,45
770,96	1480,68
771,15	1447,91
771,34	1411,05
771,53	1484,78
771,72	1490,92
771,91	1458,15
772,09	1411,05
772,28	1447,91
772,47	1470,44
772,66	1495,02
772,85	1462,25
773,04	1456,11
773,22	1566,70
773,41	1550,31
773,60	1488,87
773,79	1505,26
773,98	1431,53
774,17	1513,45
774,35	1409,00
774,54	1411,05
774,73	1552,36
774,92	1482,73
775,11	1497,07
775,30	1447,91
775,48	1441,77
775,67	1490,92
775,86	1449,96
776,05	1511,40
776,24	1435,63
776,42	1486,83
776,61	1437,67
776,80	1445,87
776,99	1513,45
777,18	1419,24
777,36	1466,35
777,55	1456,11
777,74	1581,03
777,93	1456,11
778,12	1452,01
778,30	1495,02
778,49	1429,48
778,68	1583,08
778,87	1462,25
779,06	1456,11
779,24	1447,91
779,43	1439,72
779,62	1505,26
779,81	1423,34
779,99	1511,40
780,18	1521,64
780,37	1490,92
780,56	1544,17
780,75	1445,87
780,93	1546,22
781,12	1517,54
781,31	1521,64
781,50	1490,92
781,68	1449,96
781,87	1419,24
782,06	1452,01
782,25	1550,31
782,43	1566,70
782,62	1411,05
782,81	1486,83
783,00	1433,58
783,18	1382,38
783,37	1482,73
783,56	1554,41
783,75	1478,63
783,93	1458,15
784,12	1478,63
784,31	1490,92
784,50	1484,78
784,68	1460,20
784,87	1476,59
785,06	1495,02
785,24	1517,54
785,43	1523,69
785,62	1513,45
785,81	1515,50
785,99	1429,48
786,18	1413,10
786,37	1400,81
786,56	1441,77
786,74	1392,62
786,93	1427,43
787,12	1482,73
787,30	1429,48
787,49	1480,68
787,68	1378,28
787,87	1476,59
788,05	1429,48
788,24	1452,01
788,43	1353,71
788,61	1535,98
788,80	1425,39
788,99	1421,29
789,17	1533,93
789,36	1406,95
789,55	1374,19
789,73	1513,45
789,92	1398,76
790,11	1486,83
790,30	1509,35
790,48	1394,67
790,67	1402,86
790,86	1384,43
791,04	1472,49
791,23	1527,78
791,42	1433,58
791,60	1398,76
791,79	1529,83
791,98	1402,86
792,16	1435,63
792,35	1449,96
792,54	1392,62
792,72	1443,82
792,91	1427,43
793,10	1443,82
793,28	1378,28
793,47	1464,30
793,66	1413,10
793,84	1433,58
794,03	1382,38
794,22	1433,58
794,40	1492,97
794,59	1523,69
794,77	1470,44
794,96	1406,95
795,15	1488,87
795,33	1339,37
795,52	1468,39
795,71	1413,10
795,89	1398,76
796,08	1564,65
796,27	1396,71
796,45	1376,24
796,64	1384,43
796,82	1396,71
797,01	1499,11
797,20	1419,24
797,38	1398,76
797,57	1435,63
797,76	1400,81
797,94	1425,39
798,13	1468,39
798,31	1417,19
798,50	1427,43
798,69	1572,84
798,87	1413,10
799,06	1392,62
799,24	1470,44
799,43	1466,35
799,62	1357,80
799,80	1460,20
799,99	1513,45
800,17	1392,62
800,36	1464,30
800,55	1409,00
800,73	1460,20
800,92	1361,90
801,10	1351,66
801,29	1521,64
801,48	1398,76
801,66	1335,28
801,85	1341,42
802,03	1425,39
802,22	1411,05
802,40	1486,83
802,59	1464,30
802,78	1406,95
802,96	1384,43
803,15	1447,91
803,33	1345,52
803,52	1468,39
803,70	1304,56
803,89	1404,91
804,08	1425,39
804,26	1415,15
804,45	1419,24
804,63	1447,91
804,82	1468,39
805,00	1404,91
805,19	1376,24
805,37	1458,15
805,56	1492,97
805,74	1394,67
805,93	1380,33
806,12	1476,59
806,30	1454,06
806,49	1447,91
806,67	1372,14
806,86	1382,38
807,04	1476,59
807,23	1429,48
807,41	1322,99
807,60	1390,57
807,78	1374,19
807,97	1802,21
808,15	1355,76
808,34	1421,29
808,52	1357,80
808,71	1435,63
808,89	1386,47
809,08	1396,71
809,27	1435,63
809,45	1415,15
809,64	1472,49
809,82	1409,00
810,01	1435,63
810,19	1490,92
810,38	1441,77
810,56	1388,52
810,75	1480,68
810,93	1390,57
811,12	1443,82
811,30	1411,05
811,49	1374,19
811,67	1517,54
811,85	1396,71
812,04	1392,62
812,22	1449,96
812,41	1361,90
812,59	1476,59
812,78	1421,29
812,96	1456,11
813,15	1482,73
813,33	1501,16
813,52	1398,76
813,70	1413,10
813,89	1484,78
814,07	1404,91
814,26	1433,58
814,44	1351,66
814,63	1443,82
814,81	1382,38
815,00	1449,96
815,18	1411,05
815,36	1439,72
815,55	1351,66
815,73	1390,57
815,92	1542,12
816,10	1576,94
816,29	1449,96
816,47	1409,00
816,66	1314,80
816,84	1488,87
817,02	1484,78
817,21	1415,15
817,39	1492,97
817,58	1413,10
817,76	1406,95
817,95	1458,15
818,13	1359,85
818,32	1402,86
818,50	1392,62
818,68	1337,32
818,87	1474,54
819,05	1421,29
819,24	1558,50
819,42	1447,91
819,60	1363,95
819,79	1368,04
819,97	1423,34
820,16	1392,62
820,34	1441,77
820,53	1380,33
820,71	1404,91
820,89	1486,83
821,08	1394,67
821,26	1386,47
821,45	1443,82
821,63	1406,95
821,81	1386,47
822,00	1470,44
822,18	1413,10
822,37	1429,48
822,55	1443,82
822,73	1478,63
822,92	1411,05
823,10	1411,05
823,28	1390,57
823,47	1490,92
823,65	1380,33
823,84	1435,63
824,02	1429,48
824,20	1476,59
824,39	1425,39
824,57	1396,71
824,75	1456,11
824,94	1396,71
825,12	1505,26
825,31	1370,09
825,49	1411,05
825,67	1396,71
825,86	1415,15
826,04	1513,45
826,22	1490,92
826,41	1527,78
826,59	1456,11
826,77	1402,86
826,96	1531,88
827,14	1353,71
827,32	1380,33
827,51	1447,91
827,69	1554,41
827,87	1478,63
828,06	1544,17
828,24	1486,83
828,42	1353,71
828,61	1415,15
828,79	1404,91
828,97	1425,39
829,16	1562,60
829,34	1400,81
829,52	1445,87
829,71	1533,93
829,89	1546,22
830,07	1470,44
830,26	1456,11
830,44	1409,00
830,62	1445,87
830,81	1454,06
830,99	1505,26
831,17	1417,19
831,36	1452,01
831,54	1429,48
831,72	1462,25
831,91	1400,81
832,09	1402,86
832,27	1452,01
832,45	1488,87
832,64	1368,04
832,82	1486,83
833,00	1441,77
833,19	1417,19
833,37	1425,39
833,55	1398,76
833,73	1462,25
833,92	1404,91
834,10	1302,51
834,28	1388,52
834,47	1505,26
834,65	1423,34
834,83	1456,11
835,01	1404,91
835,20	1449,96
835,38	1443,82
835,56	1396,71
835,74	1486,83
835,93	1433,58
836,11	1593,32
836,29	1513,45
836,47	1529,83
836,66	1425,39
836,84	1517,54
837,02	1425,39
837,21	1462,25
837,39	1425,39
837,57	1394,67
837,75	1400,81
837,94	1458,15
838,12	1445,87
838,30	1413,10
838,48	1392,62
838,66	1480,68
838,85	1542,12
839,03	1449,96
839,21	1464,30
839,39	1437,67
839,58	1398,76
839,76	1464,30
839,94	1458,15
840,12	1458,15
840,31	1468,39
840,49	1511,40
840,67	1433,58
840,85	1441,77
841,03	1435,63
841,22	1445,87
841,40	1370,09
841,58	1447,91
841,76	1421,29
841,94	1421,29
842,13	1554,41
842,31	1484,78
842,49	1492,97
842,67	1529,83
842,85	1540,07
843,04	1462,25
843,22	1474,54
843,40	1419,24
843,58	1449,96
843,76	1452,01
843,95	1533,93
844,13	1456,11
844,31	1437,67
844,49	1474,54
844,67	1454,06
844,86	1425,39
845,04	1456,11
845,22	1384,43
845,40	1431,53
845,58	1478,63
845,76	1394,67
845,95	1447,91
846,13	1378,28
846,31	1542,12
846,49	1429,48
846,67	1478,63
846,85	1460,20
847,04	1511,40
847,22	1370,09
847,40	1425,39
847,58	1435,63
847,76	1406,95
847,94	1462,25
848,12	1421,29
848,31	1478,63
848,49	1476,59
848,67	1533,93
848,85	1470,44
849,03	1447,91
849,21	1501,16
849,39	1499,11
849,58	1503,21
849,76	1431,53
849,94	1417,19
850,12	1400,81
850,30	1495,02
850,48	1521,64
850,66	1495,02
850,84	1400,81
851,03	1509,35
851,21	1462,25
851,39	1495,02
851,57	1411,05
851,75	1478,63
851,93	1429,48
852,11	1464,30
852,29	1499,11
852,47	1484,78
852,66	1464,30
852,84	1419,24
853,02	1535,98
853,20	1525,74
853,38	1533,93
853,56	1509,35
853,74	1480,68
853,92	1476,59
854,10	1427,43
854,28	1447,91
854,46	1495,02
854,65	1488,87
854,83	1402,86
855,01	1566,70
855,19	1474,54
855,37	1521,64
855,55	1476,59
855,73	1458,15
855,91	1439,72
856,09	1429,48
856,27	1501,16
856,45	1495,02
856,63	1454,06
856,81	1527,78
857,00	1468,39
857,18	1517,54
857,36	1404,91
857,54	1472,49
857,72	1445,87
857,90	1482,73
858,08	1433,58
858,26	1433,58
858,44	1456,11
858,62	1501,16
858,80	1417,19
858,98	1566,70
859,16	1482,73
859,34	1484,78
859,52	1460,20
859,70	1462,25
859,88	1392,62
860,06	1460,20
860,24	1538,02
860,42	1437,67
860,60	1472,49
860,78	1525,74
860,96	1431,53
861,14	1427,43
861,32	1511,40
861,50	1464,30
861,69	1521,64
861,87	1488,87
862,05	1419,24
862,23	1380,33
862,41	1400,81
862,59	1447,91
862,77	1413,10
862,95	1413,10
863,13	1554,41
863,31	1495,02
863,49	1378,28
863,67	1466,35
863,85	1359,85
864,03	1495,02
864,21	1507,30
864,39	1486,83
864,57	1476,59
864,75	1466,35
864,92	1464,30
865,10	1427,43
865,28	1449,96
865,46	1513,45
865,64	1443,82
865,82	1525,74
866,00	1437,67
866,18	1449,96
866,36	1452,01
866,54	1509,35
866,72	1460,20
866,90	1511,40
867,08	1443,82
867,26	1464,30
867,44	1427,43
867,62	1476,59
867,80	1523,69
867,98	1550,31
868,16	1525,74
868,34	1501,16
868,52	1398,76
868,70	1501,16
868,88	1492,97
869,06	1488,87
869,24	1411,05
869,42	1452,01
869,59	1462,25
869,77	1462,25
869,95	1480,68
870,13	1468,39
870,31	1431,53
870,49	1540,07
870,67	1466,35
870,85	1462,25
871,03	1554,41
871,21	1603,56
871,39	1462,25
871,57	1474,54
871,75	1433,58
871,92	1468,39
872,10	1456,11
872,28	1449,96
872,46	1486,83
872,64	1402,86
872,82	1474,54
873,00	1388,52
873,18	1425,39
873,36	1503,21
873,54	1458,15
873,72	1417,19
873,89	1480,68
874,07	1378,28
874,25	1548,26
874,43	1548,26
874,61	1458,15
874,79	1449,96
874,97	1441,77
875,15	1447,91
875,33	1415,15
875,50	1503,21
875,68	1406,95
875,86	1478,63
876,04	1460,20
876,22	1578,98
876,40	1384,43
876,58	1478,63
876,76	1484,78
876,93	1484,78
877,11	1388,52
877,29	1466,35
877,47	1454,06
877,65	1488,87
877,83	1505,26
878,01	1441,77
878,18	1415,15
878,36	1439,72
878,54	1433,58
878,72	1437,67
878,90	1396,71
879,08	1531,88
879,25	1499,11
879,43	1503,21
879,61	1452,01
879,79	1476,59
879,97	1427,43
880,15	1527,78
880,32	1384,43
880,50	1542,12
880,68	1425,39
880,86	1533,93
881,04	1409,00
881,22	1492,97
881,39	1472,49
881,57	1611,75
881,75	1402,86
881,93	1484,78
882,11	1609,70
882,28	1374,19
882,46	1411,05
882,64	1415,15
882,82	1445,87
883,00	1490,92
883,18	1452,01
883,35	1480,68
883,53	1466,35
883,71	1449,96
883,89	1509,35
884,07	1462,25
884,24	1374,19
884,42	1413,10
884,60	1404,91
884,78	1538,02
884,95	1445,87
885,13	1439,72
885,31	1470,44
885,49	1398,76
885,67	1421,29
885,84	1464,30
886,02	1411,05
886,20	1458,15
886,38	1474,54
886,55	1423,34
886,73	1380,33
886,91	1472,49
887,09	1460,20
887,26	1505,26
887,44	1513,45
887,62	1499,11
887,80	1423,34
887,98	1495,02
888,15	1486,83
888,33	1386,47
888,51	1449,96
888,69	1568,74
888,86	1521,64
889,04	1495,02
889,22	1447,91
889,39	1546,22
889,57	1501,16
889,75	1441,77
889,93	1402,86
890,10	1464,30
890,28	1427,43
890,46	1454,06
890,64	1456,11
890,81	1380,33
890,99	1433,58
891,17	1548,26
891,34	1474,54
891,52	1400,81
891,70	1484,78
891,88	1386,47
892,05	1382,38
892,23	1519,59
892,41	1476,59
892,58	1521,64
892,76	1515,50
892,94	1480,68
893,12	1556,46
893,29	1452,01
893,47	1417,19
893,65	1411,05
893,82	1445,87
894,00	1525,74
894,18	1449,96
894,35	1445,87
894,53	1521,64
894,71	1433,58
894,89	1445,87
895,06	1355,76
895,24	1427,43
895,42	1427,43
895,59	1452,01
895,77	1484,78
895,95	1542,12
896,12	1409,00
896,30	1497,07
896,48	1421,29
896,65	1468,39
896,83	1402,86
897,01	1456,11
897,18	1398,76
897,36	1495,02
897,54	1509,35
897,71	1499,11
897,89	1474,54
898,07	1345,52
898,24	1447,91
898,42	1427,43
898,59	1529,83
898,77	1486,83
898,95	1445,87
899,12	1433,58
899,30	1454,06
899,48	1454,06
899,65	1521,64
899,83	1411,05
900,01	1501,16
900,18	1382,38
900,36	1447,91
900,53	1474,54
900,71	1486,83
900,89	1456,11
901,06	1427,43
901,24	1482,73
901,42	1429,48
901,59	1417,19
901,77	1484,78
901,94	1413,10
902,12	1449,96
902,30	1458,15
902,47	1370,09
902,65	1404,91
902,82	1464,30
903,00	1439,72
903,18	1454,06
903,35	1402,86
903,53	1486,83
903,70	1497,07
903,88	1447,91
904,06	1398,76
904,23	1415,15
904,41	1454,06
904,58	1415,15
904,76	1400,81
904,93	1449,96
905,11	1415,15
905,29	1359,85
905,46	1460,20
905,64	1574,89
905,81	1433,58
905,99	1490,92
906,16	1474,54
906,34	1417,19
906,52	1452,01
906,69	1392,62
906,87	1425,39
907,04	1456,11
907,22	1472,49
907,39	1366,00
907,57	1460,20
907,75	1466,35
907,92	1486,83
908,10	1546,22
908,27	1468,39
908,45	1329,13
908,62	1423,34
908,80	1466,35
908,97	1542,12
909,15	1464,30
909,32	1368,04
909,50	1454,06
909,67	1433,58
909,85	1445,87
910,03	1335,28
910,20	1409,00
910,38	1454,06
910,55	1417,19
910,73	1419,24
910,90	1386,47
911,08	1488,87
911,25	1439,72
911,43	1478,63
911,60	1445,87
911,78	1499,11
911,95	1445,87
912,13	1406,95
912,30	1409,00
912,48	1345,52
912,65	1429,48
912,83	1423,34
913,00	1406,95
913,18	1468,39
913,35	1480,68
913,53	1409,00
913,70	1431,53
913,88	1443,82
914,05	1538,02
914,23	1439,72
914,40	1501,16
914,58	1460,20
914,75	1460,20
914,93	1439,72
915,10	1411,05
915,27	1488,87
915,45	1513,45
915,62	1398,76
915,80	1501,16
915,97	1472,49
916,15	1372,14
916,32	1503,21
916,50	1484,78
916,67	1474,54
916,85	1529,83
917,02	1503,21
917,20	1478,63
917,37	1464,30
917,54	1519,59
917,72	1470,44
917,89	1466,35
918,07	1396,71
918,24	1533,93
918,42	1482,73
918,59	1472,49
918,77	1478,63
918,94	1497,07
919,11	1464,30
919,29	1478,63
919,46	1480,68
919,64	1458,15
919,81	1431,53
919,99	1468,39
920,16	1564,65
920,33	1449,96
920,51	1441,77
920,68	1468,39
920,86	1482,73
921,03	1486,83
921,20	1392,62
921,38	1482,73
921,55	1486,83
921,73	1388,52
921,90	1351,66
922,07	1499,11
922,25	1421,29
922,42	1581,03
922,60	1449,96
922,77	1484,78
922,94	1472,49
923,12	1449,96
923,29	1546,22
923,47	1460,20
923,64	1484,78
923,81	1531,88
923,99	1433,58
924,16	1452,01
924,34	1413,10
924,51	1546,22
924,68	1525,74
924,86	1544,17
925,03	1490,92
925,20	1456,11
925,38	1531,88
925,55	1417,19
925,72	1462,25
925,90	1421,29
926,07	1476,59
926,25	1476,59
926,42	1322,99
926,59	1447,91
926,77	1476,59
926,94	1460,20
927,11	1441,77
927,29	1454,06
927,46	1415,15
927,63	1456,11
927,81	1464,30
927,98	1452,01
928,15	1443,82
928,33	1621,99
928,50	1466,35
928,67	1449,96
928,85	1482,73
929,02	1454,06
929,19	1456,11
929,37	1470,44
929,54	1339,37
929,71	1499,11
929,89	1423,34
930,06	1497,07
930,23	1558,50
930,41	1546,22
930,58	1460,20
930,75	1476,59
930,92	1482,73
931,10	1505,26
931,27	1425,39
931,44	1513,45
931,62	1443,82
931,79	1484,78
931,96	1413,10
932,14	1497,07
932,31	1560,55
932,48	1505,26
932,65	1533,93
932,83	1472,49
933,00	1513,45
933,17	1503,21
933,35	1458,15
933,52	1406,95
933,69	1509,35
933,86	1427,43
934,04	1452,01
934,21	1443,82
934,38	1482,73
934,55	1443,82
934,73	1458,15
934,90	1509,35
935,07	1409,00
935,25	1480,68
935,42	1370,09
935,59	1488,87
935,76	1468,39
935,94	1439,72
936,11	1390,57
936,28	1490,92
936,45	1572,84
936,63	1409,00
936,80	1427,43
936,97	1511,40
937,14	1507,30
937,31	1515,50
937,49	1517,54
937,66	1519,59
937,83	1456,11
938,00	1443,82
938,18	1515,50
938,35	1454,06
938,52	1533,93
938,69	1517,54
938,87	1468,39
939,04	1431,53
939,21	1384,43
939,38	1550,31
939,55	1431,53
939,73	1439,72
939,90	1433,58
940,07	1452,01
940,24	1454,06
940,41	1497,07
940,59	1325,04
940,76	1474,54
940,93	1458,15
941,10	1447,91
941,27	1433,58
941,45	1474,54
941,62	1345,52
941,79	1394,67
941,96	1499,11
942,13	1540,07
942,31	1476,59
942,48	1564,65
942,65	1509,35
942,82	1425,39
942,99	1517,54
943,16	1419,24
943,34	1529,83
943,51	1470,44
943,68	1452,01
943,85	1509,35
944,02	1388,52
944,19	1470,44
944,37	1492,97
944,54	1490,92
944,71	1390,57
944,88	1468,39
945,05	1404,91
945,22	1611,75
945,40	1480,68
945,57	1509,35
945,74	1456,11
945,91	1396,71
946,08	1468,39
946,25	1443,82
946,42	1466,35
946,60	1462,25
946,77	1648,61
946,94	1503,21
947,11	1486,83
947,28	1398,76
947,45	1464,30
947,62	1472,49
947,79	1464,30
947,97	1511,40
948,14	1615,85
948,31	1535,98
948,48	1478,63
948,65	1488,87
948,82	1347,56
948,99	1511,40
949,16	1472,49
949,33	1400,81
949,51	1558,50
949,68	1458,15
949,85	1429,48
950,02	1411,05
950,19	1456,11
950,36	1503,21
950,53	1503,21
950,70	1409,00
950,87	1519,59
951,04	1396,71
951,22	1492,97
951,39	1458,15
951,56	1458,15
951,73	1452,01
951,90	1435,63
952,07	1460,20
952,24	1468,39
952,41	1464,30
952,58	1380,33
952,75	1515,50
952,92	1466,35
953,09	1372,14
953,26	1462,25
953,43	1441,77
953,61	1464,30
953,78	1452,01
953,95	1490,92
954,12	1419,24
954,29	1409,00
954,46	1425,39
954,63	1574,89
954,80	1460,20
954,97	1462,25
955,14	1480,68
955,31	1452,01
955,48	1507,30
955,65	1427,43
955,82	1376,24
955,99	1548,26
956,16	1421,29
956,33	1513,45
956,50	1427,43
956,67	1507,30
956,84	1497,07
957,01	1499,11
957,18	1472,49
957,35	1411,05
957,52	1472,49
957,69	1484,78
957,86	1449,96
958,03	1374,19
958,20	1445,87
958,37	1525,74
958,54	1501,16
958,71	1406,95
958,88	1601,51
959,05	1443,82
959,22	1433,58
959,39	1468,39
959,56	1398,76
959,73	1468,39
959,90	1427,43
960,07	1468,39
960,24	1445,87
960,41	1497,07
960,58	1495,02
960,75	1454,06
960,92	1458,15
961,09	1511,40
961,26	1437,67
961,43	1478,63
961,60	1431,53
961,77	1468,39
961,94	1468,39
962,11	1333,23
962,28	1624,04
962,45	1490,92
962,62	1474,54
962,79	1513,45
962,96	1462,25
963,13	1486,83
963,30	1419,24
963,47	1472,49
963,64	1470,44
963,81	1456,11
963,98	1380,33
964,14	1488,87
964,31	1462,25
964,48	1527,78
964,65	1484,78
964,82	1421,29
964,99	1601,51
965,16	1357,80
965,33	1351,66
965,50	1439,72
965,67	1538,02
965,84	1458,15
966,01	1501,16
966,18	1437,67
966,35	1388,52
966,51	1454,06
966,68	1415,15
966,85	1470,44
967,02	1480,68
967,19	1482,73
967,36	1353,71
967,53	1427,43
967,70	1329,13
967,87	1460,20
968,04	1441,77
968,21	1433,58
968,37	1454,06
968,54	1388,52
968,71	1384,43
968,88	1470,44
969,05	1468,39
969,22	1511,40
969,39	1474,54
969,56	1515,50
969,72	1533,93
969,89	1474,54
970,06	1505,26
970,23	1411,05
970,40	1566,70
970,57	1492,97
970,74	1476,59
970,91	1482,73
971,07	1468,39
971,24	1576,94
971,41	1464,30
971,58	1435,63
971,75	1439,72
971,92	1452,01
972,09	1468,39
972,25	1456,11
972,42	1449,96
972,59	1447,91
972,76	1388,52
972,93	1413,10
973,10	1486,83
973,27	1427,43
973,43	1386,47
973,60	1417,19
973,77	1468,39
973,94	1368,04
974,11	1413,10
974,28	1437,67
974,44	1406,95
974,61	1443,82
974,78	1495,02
974,95	1413,10
975,12	1474,54
975,28	1601,51
975,45	1392,62
975,62	1406,95
975,79	1419,24
975,96	1374,19
976,12	1435,63
976,29	1435,63
976,46	1423,34
976,63	1411,05
976,80	1421,29
976,96	1406,95
977,13	1372,14
977,30	1429,48
977,47	1415,15
977,64	1468,39
977,80	1388,52
977,97	1378,28
978,14	1490,92
978,31	1406,95
978,48	1423,34
978,64	1488,87
978,81	1423,34
978,98	1382,38
979,15	1454,06
979,31	1429,48
979,48	1384,43
979,65	1415,15
979,82	1464,30
979,98	1404,91
980,15	1454,06
980,32	1513,45
980,49	1466,35
980,66	1417,19
980,82	1417,19
980,99	1439,72
981,16	1406,95
981,33	1390,57
981,49	1394,67
981,66	1499,11
981,83	1402,86
981,99	1462,25
982,16	1417,19
982,33	1413,10
982,50	1427,43
982,66	1429,48
982,83	1406,95
983,00	1443,82
983,17	1456,11
983,33	1388,52
983,50	1413,10
983,67	1437,67
983,83	1345,52
984,00	1400,81
984,17	1529,83
984,34	1372,14
984,50	1411,05
984,67	1400,81
984,84	1445,87
985,00	1423,34
985,17	1419,24
985,34	1468,39
985,51	1382,38
985,67	1492,97
985,84	1400,81
986,01	1322,99
986,17	1386,47
986,34	1439,72
986,51	1404,91
986,67	1454,06
986,84	1462,25
987,01	1411,05
987,17	1495,02
987,34	1322,99
987,51	1437,67
987,67	1417,19
987,84	1396,71
988,01	1394,67
988,17	1292,27
988,34	1505,26
988,51	1445,87
988,67	1480,68
988,84	1421,29
989,01	1359,85
989,17	1286,12
989,34	1374,19
989,51	1437,67
989,67	1509,35
989,84	1382,38
990,01	1312,75
990,17	1429,48
990,34	1386,47
990,51	1443,82
990,67	1484,78
990,84	1456,11
991,01	1423,34
991,17	1320,94
991,34	1363,95
991,50	1386,47
991,67	1447,91
991,84	1406,95
992,00	1353,71
992,17	1507,30
992,34	1505,26
992,50	1474,54
992,67	1429,48
992,83	1415,15
993,00	1464,30
993,17	1376,24
993,33	1392,62
993,50	1468,39
993,66	1423,34
993,83	1452,01
994,00	1415,15
994,16	1374,19
994,33	1458,15
994,49	1490,92
994,66	1409,00
994,83	1437,67
994,99	1425,39
995,16	1433,58
995,32	1484,78
995,49	1480,68
995,66	1386,47
995,82	1433,58
995,99	1427,43
996,15	1492,97
996,32	1423,34
996,48	1339,37
996,65	1370,09
996,82	1447,91
996,98	1380,33
997,15	1355,76
997,31	1441,77
997,48	1427,43
997,64	1388,52
997,81	1462,25
997,97	1445,87
998,14	1343,47
998,31	1419,24
998,47	1337,32
998,64	1449,96
998,80	1441,77
998,97	1443,82
999,13	1447,91
999,30	1345,52
999,46	1464,30
999,63	1357,80
999,79	1464,30
999,96	1413,10
1000,12	1384,43
1000,29	1433,58
1000,45	1435,63
1000,62	1380,33
1000,79	1417,19
1000,95	1454,06
1001,12	1513,45
1001,28	1357,80
1001,45	1380,33
1001,61	1386,47
1001,78	1470,44
1001,94	1441,77
1002,11	1499,11
1002,27	1535,98
1002,44	1454,06
1002,60	1447,91
1002,77	1454,06
1002,93	1462,25
1003,10	1415,15
1003,26	1425,39
1003,43	1470,44
1003,59	1439,72
1003,76	1431,53
1003,92	1445,87
1004,09	1345,52
1004,25	1415,15
1004,41	1423,34
1004,58	1435,63
1004,74	1390,57
1004,91	1433,58
1005,07	1464,30
1005,24	1460,20
1005,40	1374,19
1005,57	1380,33
1005,73	1419,24
1005,90	1452,01
1006,06	1374,19
1006,23	1513,45
1006,39	1443,82
1006,55	1331,18
1006,72	1374,19
1006,88	1355,76
1007,05	1425,39
1007,21	1404,91
1007,38	1382,38
1007,54	1394,67
1007,71	1452,01
1007,87	1370,09
1008,03	1478,63
1008,20	1374,19
1008,36	1492,97
1008,53	1419,24
1008,69	1419,24
1008,86	1386,47
1009,02	1349,61
1009,18	1425,39
1009,35	1404,91
1009,51	1341,42
1009,68	1392,62
1009,84	1427,43
1010,01	1363,95
1010,17	1359,85
1010,33	1460,20
1010,50	1454,06
1010,66	1478,63
1010,83	1429,48
1010,99	1470,44
1011,15	1286,12
1011,32	1417,19
1011,48	1400,81
1011,65	1404,91
1011,81	1427,43
1011,97	1406,95
1012,14	1466,35
1012,30	1499,11
1012,46	1449,96
1012,63	1441,77
1012,79	1406,95
1012,96	1452,01
1013,12	1400,81
1013,28	1406,95
1013,45	1366,00
1013,61	1368,04
1013,77	1370,09
1013,94	1490,92
1014,10	1339,37
1014,26	1433,58
1014,43	1406,95
1014,59	1386,47
1014,76	1492,97
1014,92	1482,73
1015,08	1345,52
1015,25	1329,13
1015,41	1439,72
1015,57	1486,83
1015,74	1392,62
1015,90	1380,33
1016,06	1429,48
1016,23	1441,77
1016,39	1380,33
1016,55	1497,07
1016,72	1486,83
1016,88	1411,05
1017,04	1312,75
1017,21	1439,72
1017,37	1411,05
1017,53	1386,47
1017,70	1409,00
1017,86	1419,24
1018,02	1380,33
1018,19	1398,76
1018,35	1398,76
1018,51	1419,24
1018,67	1341,42
1018,84	1368,04
1019,00	1411,05
1019,16	1458,15
1019,33	1361,90
1019,49	1423,34
1019,65	1380,33
1019,82	1394,67
1019,98	1402,86
1020,14	1499,11
1020,30	1535,98
1020,47	1359,85
1020,63	1402,86
1020,79	1372,14
1020,96	1402,86
1021,12	1359,85
1021,28	1488,87
1021,44	1406,95
1021,61	1464,30
1021,77	1384,43
1021,93	1339,37
1022,09	1370,09
1022,26	1529,83
1022,42	1400,81
1022,58	1495,02
1022,74	1427,43
1022,91	1388,52
1023,07	1400,81
1023,23	1439,72
1023,39	1443,82
1023,56	1413,10
1023,72	1488,87
1023,88	1472,49
1024,04	1382,38
1024,21	1402,86
1024,37	1462,25
1024,53	1538,02
1024,69	1370,09
1024,86	1415,15
1025,02	1409,00
1025,18	1339,37
1025,34	1398,76
1025,50	1443,82
1025,67	1357,80
1025,83	1476,59
1025,99	1433,58
1026,15	1503,21
1026,32	1411,05
1026,48	1456,11
1026,64	1525,74
1026,80	1427,43
1026,96	1413,10
1027,13	1404,91
1027,29	1472,49
1027,45	1376,24
1027,61	1300,46
1027,77	1406,95
1027,94	1474,54
1028,10	1421,29
1028,26	1400,81
1028,42	1394,67
1028,58	1394,67
1028,75	1486,83
1028,91	1460,20
1029,07	1374,19
1029,23	1374,19
1029,39	1421,29
1029,55	1384,43
1029,72	1413,10
1029,88	1533,93
1030,04	1396,71
1030,20	1404,91
1030,36	1388,52
1030,52	1347,56
1030,69	1415,15
1030,85	1431,53
1031,01	1425,39
1031,17	1337,32
1031,33	1363,95
1031,49	1402,86
1031,65	1458,15
1031,82	1368,04
1031,98	1370,09
1032,14	1464,30
1032,30	1419,24
1032,46	1529,83
1032,62	1464,30
1032,78	1359,85
1032,95	1312,75
1033,11	1472,49
1033,27	1357,80
1033,43	1480,68
1033,59	1357,80
1033,75	1421,29
1033,91	1378,28
1034,07	1474,54
1034,24	1421,29
1034,40	1413,10
1034,56	1447,91
1034,72	1519,59
1034,88	1521,64
1035,04	1415,15
1035,20	1417,19
1035,36	1415,15
1035,52	1390,57
1035,68	1277,93
1035,85	1411,05
1036,01	1425,39
1036,17	1476,59
1036,33	1396,71
1036,49	1343,47
1036,65	1341,42
1036,81	1376,24
1036,97	1390,57
1037,13	1370,09
1037,29	1433,58
1037,45	1406,95
1037,61	1411,05
1037,78	1325,04
1037,94	1341,42
1038,10	1396,71
1038,26	1392,62
1038,42	1464,30
1038,58	1449,96
1038,74	1394,67
1038,90	1396,71
1039,06	1347,56
1039,22	1413,10
1039,38	1406,95
1039,54	1349,61
1039,70	1443,82
1039,86	1519,59
1040,02	1435,63
1040,18	1370,09
1040,34	1447,91
1040,50	1525,74
1040,66	1472,49
1040,83	1411,05
1040,99	1415,15
1041,15	1462,25
1041,31	1433,58
1041,47	1353,71
1041,63	1443,82
1041,79	1464,30
1041,95	1368,04
1042,11	1374,19
1042,27	1462,25
1042,43	1363,95
1042,59	1429,48
1042,75	1474,54
1042,91	1484,78
