344,25	1259,50
344,46	1259,50
344,68	1259,50
344,90	1298,41
345,12	1302,51
345,34	1419,24
345,55	1480,68
345,77	1462,25
345,99	1404,91
346,21	1427,43
346,42	1421,29
346,64	1413,10
346,86	1355,76
347,08	1384,43
347,30	1439,72
347,51	1423,34
347,73	1392,62
347,95	1560,55
348,17	1374,19
348,38	1406,95
348,60	1476,59
348,82	1482,73
349,04	1374,19
349,25	1449,96
349,47	1398,76
349,69	1445,87
349,91	1517,54
350,13	1366,00
350,34	1402,86
350,56	1386,47
350,78	1433,58
351,00	1501,16
351,21	1478,63
351,43	1486,83
351,65	1366,00
351,87	1435,63
352,08	1462,25
352,30	1368,04
352,52	1390,57
352,74	1396,71
352,95	1484,78
353,17	1388,52
353,39	1474,54
353,61	1370,09
353,82	1466,35
354,04	1454,06
354,26	1433,58
354,47	1447,91
354,69	1468,39
354,91	1368,04
355,13	1437,67
355,34	1353,71
355,56	1423,34
355,78	1513,45
356,00	1492,97
356,21	1400,81
356,43	1439,72
356,65	1425,39
356,86	1419,24
357,08	1486,83
357,30	1521,64
357,52	1449,96
357,73	1478,63
357,95	1495,02
358,17	1447,91
358,38	1527,78
358,60	1452,01
358,82	1515,50
359,04	1443,82
359,25	1554,41
359,47	1613,80
359,69	1458,15
359,90	1517,54
360,12	1757,16
360,34	1587,18
360,56	1613,80
360,77	1742,82
360,99	1777,64
361,21	1728,49
361,42	1865,70
361,64	1855,46
361,86	1998,82
362,07	1941,47
362,29	2191,33
362,51	2230,24
362,73	2367,45
362,94	2439,13
363,16	2602,97
363,38	2500,57
363,59	3194,83
363,81	3110,86
364,03	3418,06
364,24	3485,64
364,46	3815,37
364,68	4120,51
364,89	4136,90
365,11	4163,52
365,33	4906,93
365,54	4681,66
365,76	4945,84
365,98	4980,66
366,19	5533,61
366,41	5519,28
366,63	5824,42
366,84	5533,61
367,06	6016,93
367,28	6010,79
367,49	6076,32
367,71	5672,87
367,93	6000,55
368,14	5902,25
368,36	5846,95
368,58	5742,50
368,79	5996,45
369,01	5459,88
369,23	5818,28
369,44	5695,40
369,66	5380,01
369,88	5097,39
370,09	5154,74
370,31	4710,33
370,53	4990,90
370,74	4345,79
370,96	4667,32
371,18	4083,65
371,39	4235,20
371,61	3680,20
371,82	3809,22
372,04	3305,42
372,26	3266,51
372,47	2840,53
372,69	2531,29
372,91	2435,03
373,12	2457,56
373,34	2439,13
373,56	2453,47
373,77	2512,86
373,99	2740,18
374,20	2451,42
374,42	2854,87
374,64	2605,02
374,85	2400,22
375,07	2111,46
375,29	2127,84
375,50	1906,66
375,72	1902,56
375,93	1826,79
376,15	1826,79
376,37	1757,16
376,58	1748,97
376,80	1845,22
377,01	1587,18
377,23	1658,85
377,45	1683,43
377,66	1705,96
377,88	1685,48
378,10	1615,85
378,31	1648,61
378,53	1609,70
378,74	1679,33
378,96	1619,94
379,18	1583,08
379,39	1587,18
379,61	1513,45
379,82	1476,59
380,04	1497,07
380,26	1587,18
380,47	1484,78
380,69	1546,22
380,90	1544,17
381,12	1476,59
381,33	1458,15
381,55	1488,87
381,77	1535,98
381,98	1517,54
382,20	1425,39
382,41	1490,92
382,63	1533,93
382,85	1495,02
383,06	1507,30
383,28	1441,77
383,49	1447,91
383,71	1472,49
383,92	1380,33
384,14	1378,28
384,36	1400,81
384,57	1460,20
384,79	1499,11
385,00	1505,26
385,22	1452,01
385,43	1413,10
385,65	1429,48
385,87	1396,71
386,08	1439,72
386,30	1460,20
386,51	1478,63
386,73	1392,62
386,94	1409,00
387,16	1456,11
387,37	1527,78
387,59	1452,01
387,81	1378,28
388,02	1449,96
388,24	1447,91
388,45	1470,44
388,67	1357,80
388,88	1427,43
389,10	1484,78
389,31	1529,83
389,53	1538,02
389,75	1503,21
389,96	1480,68
390,18	1406,95
390,39	1429,48
390,61	1445,87
390,82	1419,24
391,04	1472,49
391,25	1548,26
391,47	1464,30
391,68	1357,80
391,90	1433,58
392,11	1435,63
392,33	1417,19
392,54	1316,84
392,76	1443,82
392,97	1437,67
393,19	1525,74
393,41	1531,88
393,62	1441,77
393,84	1439,72
394,05	1445,87
394,27	1431,53
394,48	1378,28
394,70	1505,26
394,91	1413,10
395,13	1441,77
395,34	1447,91
395,56	1423,34
395,77	1511,40
395,99	1413,10
396,20	1492,97
396,42	1421,29
396,63	1470,44
396,85	1460,20
397,06	1427,43
397,28	1406,95
397,49	1419,24
397,71	1415,15
397,92	1454,06
398,14	1443,82
398,35	1472,49
398,57	1454,06
398,78	1431,53
399,00	1505,26
399,21	1361,90
399,43	1398,76
399,64	1468,39
399,86	1431,53
400,07	1402,86
400,29	1382,38
400,50	1482,73
400,72	1431,53
400,93	1419,24
401,14	1433,58
401,36	1429,48
401,57	1435,63
401,79	1449,96
402,00	1423,34
402,22	1466,35
402,43	1460,20
402,65	1388,52
402,86	1392,62
403,08	1435,63
403,29	1396,71
403,51	1488,87
403,72	1447,91
403,94	1421,29
404,15	1466,35
404,36	1472,49
404,58	1742,82
404,79	1476,59
405,01	1411,05
405,22	1484,78
405,44	1400,81
405,65	1413,10
405,87	1449,96
406,08	1429,48
406,30	1411,05
406,51	1472,49
406,72	1505,26
406,94	1433,58
407,15	1380,33
407,37	1464,30
407,58	1441,77
407,80	1384,43
408,01	1400,81
408,23	1439,72
408,44	1421,29
408,65	1366,00
408,87	1437,67
409,08	1505,26
409,30	1466,35
409,51	1370,09
409,73	1429,48
409,94	1452,01
410,15	1521,64
410,37	1480,68
410,58	1482,73
410,80	1456,11
411,01	1406,95
411,23	1458,15
411,44	1425,39
411,65	1564,65
411,87	1464,30
412,08	1406,95
412,30	1499,11
412,51	1415,15
412,72	1411,05
412,94	1425,39
413,15	1345,52
413,37	1458,15
413,58	1427,43
413,79	1411,05
414,01	1484,78
414,22	1484,78
414,44	1433,58
414,65	1468,39
414,86	1402,86
415,08	1419,24
415,29	1423,34
415,51	1460,20
415,72	1480,68
415,93	1398,76
416,15	1458,15
416,36	1396,71
416,58	1445,87
416,79	1452,01
417,00	1533,93
417,22	1404,91
417,43	1499,11
417,65	1439,72
417,86	1482,73
418,07	1421,29
418,29	1458,15
418,50	1443,82
418,71	1394,67
418,93	1421,29
419,14	1370,09
419,36	1478,63
419,57	1454,06
419,78	1501,16
420,00	1388,52
420,21	1486,83
420,42	1413,10
420,64	1427,43
420,85	1456,11
421,06	1470,44
421,28	1421,29
421,49	1449,96
421,71	1538,02
421,92	1452,01
422,13	1474,54
422,35	1480,68
422,56	1492,97
422,77	1394,67
422,99	1452,01
423,20	1368,04
423,41	1337,32
423,63	1454,06
423,84	1378,28
424,05	1484,78
424,27	1425,39
424,48	1511,40
424,69	1452,01
424,91	1689,57
425,12	1402,86
425,33	1376,24
425,55	1484,78
425,76	1419,24
425,97	1488,87
426,19	1462,25
426,40	1351,66
426,61	1470,44
426,83	1380,33
427,04	1466,35
427,25	1427,43
427,47	1562,60
427,68	1447,91
427,89	1470,44
428,11	1359,85
428,32	1441,77
428,53	1445,87
428,75	1472,49
428,96	1476,59
429,17	1433,58
429,39	1394,67
429,60	1376,24
429,81	1423,34
430,03	1454,06
430,24	1404,91
430,45	1572,84
430,67	1478,63
430,88	1447,91
431,09	1435,63
431,30	1454,06
431,52	1464,30
431,73	1466,35
431,94	1460,20
432,16	1488,87
432,37	1421,29
432,58	1449,96
432,80	1495,02
433,01	1452,01
433,22	1415,15
433,43	1394,67
433,65	1392,62
433,86	1419,24
434,07	1501,16
434,29	1456,11
434,50	1421,29
434,71	1400,81
434,92	1490,92
435,14	1466,35
435,35	1456,11
435,56	1441,77
435,77	1396,71
435,99	1447,91
436,20	1456,11
436,41	1427,43
436,63	1382,38
436,84	1478,63
437,05	1337,32
437,26	1554,41
437,48	1533,93
437,69	1427,43
437,90	1449,96
438,11	1396,71
438,33	1431,53
438,54	1454,06
438,75	1429,48
438,96	1409,00
439,18	1374,19
439,39	1449,96
439,60	1452,01
439,82	1402,86
440,03	1478,63
440,24	1482,73
440,45	1437,67
440,67	1388,52
440,88	1468,39
441,09	1505,26
441,30	1488,87
441,51	1484,78
441,73	1361,90
441,94	1437,67
442,15	1419,24
442,36	1515,50
442,58	1411,05
442,79	1429,48
443,00	1437,67
443,21	1517,54
443,43	1437,67
443,64	1523,69
443,85	1372,14
444,06	1429,48
444,28	1476,59
444,49	1468,39
444,70	1480,68
444,91	1462,25
445,12	1540,07
445,34	1423,34
445,55	1474,54
445,76	1429,48
445,97	1437,67
446,18	1398,76
446,40	1396,71
446,61	1443,82
446,82	1380,33
447,03	1470,44
447,25	1474,54
447,46	1439,72
447,67	1472,49
447,88	1447,91
448,09	1447,91
448,31	1497,07
448,52	1482,73
448,73	1439,72
448,94	1409,00
449,15	1474,54
449,37	1400,81
449,58	1421,29
449,79	1488,87
450,00	1443,82
450,21	1396,71
450,43	1382,38
450,64	1427,43
450,85	1433,58
451,06	1503,21
451,27	1495,02
451,48	1372,14
451,70	1339,37
451,91	1363,95
452,12	1433,58
452,33	1470,44
452,54	1404,91
452,76	1431,53
452,97	1529,83
453,18	1443,82
453,39	1433,58
453,60	1460,20
453,81	1497,07
454,03	1355,76
454,24	1488,87
454,45	1339,37
454,66	1435,63
454,87	1482,73
455,08	1411,05
455,30	1521,64
455,51	1560,55
455,72	1505,26
455,93	1458,15
456,14	1538,02
456,35	1484,78
456,56	1495,02
456,78	1499,11
456,99	1386,47
457,20	1452,01
457,41	1468,39
457,62	1427,43
457,83	1476,59
458,04	1388,52
458,26	1466,35
458,47	1427,43
458,68	1447,91
458,89	1456,11
459,10	1470,44
459,31	1456,11
459,52	1515,50
459,74	1443,82
459,95	1456,11
460,16	1370,09
460,37	1583,08
460,58	1542,12
460,79	1439,72
461,00	1472,49
461,21	1472,49
461,43	1476,59
461,64	1460,20
461,85	1437,67
462,06	1378,28
462,27	1361,90
462,48	1546,22
462,69	1468,39
462,90	1406,95
463,12	1470,44
463,33	1468,39
463,54	1396,71
463,75	1517,54
463,96	1497,07
464,17	1531,88
464,38	1464,30
464,59	1441,77
464,80	1429,48
465,01	1388,52
465,23	1492,97
465,44	1368,04
465,65	1456,11
465,86	1394,67
466,07	1433,58
466,28	1495,02
466,49	1507,30
466,70	1554,41
466,91	1456,11
467,12	1384,43
467,33	1402,86
467,55	1452,01
467,76	1353,71
467,97	1394,67
468,18	1452,01
468,39	1376,24
468,60	1492,97
468,81	1521,64
469,02	1417,19
469,23	1464,30
469,44	1529,83
469,65	1454,06
469,86	1353,71
470,07	1398,76
470,29	1525,74
470,50	1417,19
470,71	1435,63
470,92	1513,45
471,13	1484,78
471,34	1427,43
471,55	1495,02
471,76	1411,05
471,97	1439,72
472,18	1396,71
472,39	1435,63
472,60	1478,63
472,81	1527,78
473,02	1374,19
473,23	1497,07
473,44	1515,50
473,65	1472,49
473,87	1470,44
474,08	1386,47
474,29	1417,19
474,50	1454,06
474,71	1492,97
474,92	1552,36
475,13	1419,24
475,34	1445,87
475,55	1380,33
475,76	1439,72
475,97	1468,39
476,18	1454,06
476,39	1402,86
476,60	1472,49
476,81	1507,30
477,02	1544,17
477,23	1460,20
477,44	1415,15
477,65	1423,34
477,86	1507,30
478,07	1421,29
478,28	1429,48
478,49	1499,11
478,70	1435,63
478,91	1439,72
479,12	1441,77
479,33	1449,96
479,54	1415,15
479,75	1505,26
479,96	1482,73
480,17	1519,59
480,38	1439,72
480,59	1419,24
480,80	1449,96
481,01	1492,97
481,22	1411,05
481,43	1488,87
481,64	1546,22
481,85	1460,20
482,06	1556,46
482,27	1476,59
482,48	1472,49
482,69	1521,64
482,90	1417,19
483,11	1476,59
483,32	1443,82
483,53	1474,54
483,74	1511,40
483,95	1435,63
484,16	1370,09
484,37	1384,43
484,58	1445,87
484,79	1447,91
485,00	1497,07
485,21	1402,86
485,42	1447,91
485,63	1495,02
485,84	1452,01
486,05	1398,76
486,26	1527,78
486,47	1482,73
486,68	1456,11
486,89	1472,49
487,10	1353,71
487,31	1468,39
487,52	1415,15
487,73	1538,02
487,94	1361,90
488,15	1486,83
488,36	1460,20
488,57	1441,77
488,77	1402,86
488,98	1535,98
489,19	1454,06
489,40	1533,93
489,61	1384,43
489,82	1533,93
490,03	1523,69
490,24	1378,28
490,45	1464,30
490,66	1505,26
490,87	1480,68
491,08	1372,14
491,29	1437,67
491,50	1361,90
491,71	1441,77
491,92	1480,68
492,13	1456,11
492,33	1347,56
492,54	1419,24
492,75	1351,66
492,96	1454,06
493,17	1488,87
493,38	1427,43
493,59	1363,95
493,80	1490,92
494,01	1411,05
494,22	1492,97
494,43	1454,06
494,64	1511,40
494,85	1503,21
495,05	1427,43
495,26	1535,98
495,47	1488,87
495,68	1468,39
495,89	1474,54
496,10	1462,25
496,31	1398,76
496,52	1429,48
496,73	1447,91
496,94	1474,54
497,15	1472,49
497,35	1447,91
497,56	1421,29
497,77	1433,58
497,98	1474,54
498,19	1439,72
498,40	1470,44
498,61	1556,46
498,82	1482,73
499,03	1372,14
499,23	1466,35
499,44	1447,91
499,65	1507,30
499,86	1480,68
500,07	1437,67
500,28	1411,05
500,49	1435,63
500,70	1482,73
500,91	1505,26
501,11	1478,63
501,32	1415,15
501,53	1452,01
501,74	1472,49
501,95	1423,34
502,16	1466,35
502,37	1460,20
502,57	1550,31
502,78	1447,91
502,99	1507,30
503,20	1409,00
503,41	1411,05
503,62	1472,49
503,83	1497,07
504,03	1505,26
504,24	1492,97
504,45	1417,19
504,66	1472,49
504,87	1492,97
505,08	1472,49
505,29	1380,33
505,49	1413,10
505,70	1531,88
505,91	1488,87
506,12	1433,58
506,33	1529,83
506,54	1419,24
506,75	1488,87
506,95	1386,47
507,16	1529,83
507,37	1550,31
507,58	1464,30
507,79	1486,83
508,00	1415,15
508,20	1404,91
508,41	1400,81
508,62	1486,83
508,83	1454,06
509,04	1425,39
509,24	1474,54
509,45	1843,17
509,66	1578,98
509,87	1447,91
510,08	1435,63
510,29	1544,17
510,49	1507,30
510,70	1372,14
510,91	1439,72
511,12	1466,35
511,33	1437,67
511,53	1386,47
511,74	1372,14
511,95	1366,00
512,16	1529,83
512,37	1615,85
512,57	1517,54
512,78	1417,19
512,99	1507,30
513,20	1456,11
513,41	1507,30
513,61	1431,53
513,82	1490,92
514,03	1421,29
514,24	1535,98
514,45	1486,83
514,65	1409,00
514,86	1433,58
515,07	1435,63
515,28	1482,73
515,49	1462,25
515,69	1419,24
515,90	1415,15
516,11	1390,57
516,32	1492,97
516,52	1423,34
516,73	1466,35
516,94	1480,68
517,15	1486,83
517,36	1525,74
517,56	1503,21
517,77	1474,54
517,98	1460,20
518,19	1476,59
518,39	1501,16
518,60	1431,53
518,81	1462,25
519,02	1359,85
519,22	1464,30
519,43	1460,20
519,64	1480,68
519,85	1406,95
520,05	1452,01
520,26	1394,67
520,47	1533,93
520,68	1439,72
520,88	1480,68
521,09	1433,58
521,30	1484,78
521,51	1529,83
521,71	1482,73
521,92	1503,21
522,13	1509,35
522,34	1452,01
522,54	1433,58
522,75	1443,82
522,96	1480,68
523,17	1490,92
523,37	1482,73
523,58	1366,00
523,79	1472,49
523,99	1464,30
524,20	1468,39
524,41	1503,21
524,62	1447,91
524,82	1488,87
525,03	1464,30
525,24	1466,35
525,45	1470,44
525,65	1351,66
525,86	1507,30
526,07	1456,11
526,27	1546,22
526,48	1423,34
526,69	1452,01
526,90	1425,39
527,10	1488,87
527,31	1452,01
527,52	1468,39
527,72	1505,26
527,93	1515,50
528,14	1462,25
528,34	1406,95
528,55	1449,96
528,76	1429,48
528,97	1400,81
529,17	1441,77
529,38	1517,54
529,59	1470,44
529,79	1443,82
530,00	1540,07
530,21	1452,01
530,41	1513,45
530,62	1515,50
530,83	1501,16
531,03	1482,73
531,24	1521,64
531,45	1445,87
531,65	1499,11
531,86	1505,26
532,07	1554,41
532,27	1476,59
532,48	1470,44
532,69	1425,39
532,89	1445,87
533,10	1499,11
533,31	1464,30
533,51	1441,77
533,72	1470,44
533,93	1560,55
534,13	1425,39
534,34	1486,83
534,55	1544,17
534,75	1480,68
534,96	1566,70
535,17	1386,47
535,37	1501,16
535,58	1447,91
535,79	1525,74
535,99	1458,15
536,20	1460,20
536,41	1458,15
536,61	1402,86
536,82	1550,31
537,03	1423,34
537,23	1392,62
537,44	1449,96
537,64	1472,49
537,85	1458,15
538,06	1456,11
538,26	1515,50
538,47	1462,25
538,68	1458,15
538,88	1454,06
539,09	1497,07
539,30	1517,54
539,50	1552,36
539,71	1480,68
539,91	1470,44
540,12	1486,83
540,33	1431,53
540,53	1388,52
540,74	1429,48
540,94	1456,11
541,15	1513,45
541,36	1368,04
541,56	1423,34
541,77	1439,72
541,98	1544,17
542,18	1509,35
542,39	1488,87
542,59	1527,78
542,80	1447,91
543,01	1361,90
543,21	1503,21
543,42	1488,87
543,62	1482,73
543,83	1419,24
544,04	1515,50
544,24	1488,87
544,45	1347,56
544,65	1542,12
544,86	1488,87
545,06	1542,12
545,27	1447,91
545,48	1486,83
545,68	1525,74
545,89	1456,11
546,09	1445,87
546,30	1458,15
546,51	1497,07
546,71	1488,87
546,92	1458,15
547,12	1447,91
547,33	1404,91
547,53	1447,91
547,74	1546,22
547,95	1456,11
548,15	1480,68
548,36	1419,24
548,56	1560,55
548,77	1460,20
548,97	1548,26
549,18	1400,81
549,39	1509,35
549,59	1472,49
549,80	1423,34
550,00	1406,95
550,21	1531,88
550,41	1484,78
550,62	1472,49
550,82	1427,43
551,03	1470,44
551,23	1402,86
551,44	1482,73
551,65	1409,00
551,85	1511,40
552,06	1419,24
552,26	1435,63
552,47	1460,20
552,67	1337,32
552,88	1505,26
553,08	1398,76
553,29	1490,92
553,49	1378,28
553,70	1415,15
553,90	1527,78
554,11	1398,76
554,32	1472,49
554,52	1437,67
554,73	1376,24
554,93	1433,58
555,14	1431,53
555,34	1497,07
555,55	1535,98
555,75	1449,96
555,96	1443,82
556,16	1419,24
556,37	1509,35
556,57	1441,77
556,78	1464,30
556,98	1478,63
557,19	1484,78
557,39	1499,11
557,60	1429,48
557,80	1386,47
558,01	1478,63
558,21	1421,29
558,42	1482,73
558,62	1484,78
558,83	1490,92
559,03	1431,53
559,24	1456,11
559,44	1492,97
559,65	1439,72
559,85	1447,91
560,06	1503,21
560,26	1413,10
560,47	1409,00
560,67	1490,92
560,88	1468,39
561,08	1472,49
561,29	1519,59
561,49	1406,95
561,70	1460,20
561,90	1419,24
562,10	1447,91
562,31	1404,91
562,51	1519,59
562,72	1396,71
562,92	1564,65
563,13	1585,13
563,33	1406,95
563,54	1478,63
563,74	1507,30
563,95	1449,96
564,15	1425,39
564,36	1499,11
564,56	1445,87
564,76	1456,11
564,97	1409,00
565,17	1423,34
565,38	1435,63
565,58	1490,92
565,79	1501,16
565,99	1449,96
566,20	1519,59
566,40	1411,05
566,60	1554,41
566,81	1480,68
567,01	1540,07
567,22	1384,43
567,42	1421,29
567,63	1505,26
567,83	1425,39
568,04	1499,11
568,24	1404,91
568,44	1423,34
568,65	1529,83
568,85	1443,82
569,06	1468,39
569,26	1413,10
569,47	1505,26
569,67	1382,38
569,87	1462,25
570,08	1484,78
570,28	1540,07
570,49	1486,83
570,69	1480,68
570,89	1490,92
571,10	1488,87
571,30	1531,88
571,51	1505,26
571,71	1425,39
571,91	1624,04
572,12	1470,44
572,32	1507,30
572,53	1411,05
572,73	1513,45
572,93	1554,41
573,14	1460,20
573,34	1533,93
573,55	1406,95
573,75	1437,67
573,95	1538,02
574,16	1538,02
574,36	1517,54
574,57	1464,30
574,77	1531,88
574,97	1454,06
575,18	1460,20
575,38	1443,82
575,59	1482,73
575,79	1417,19
575,99	1513,45
576,20	1470,44
576,40	1429,48
576,60	1517,54
576,81	1519,59
577,01	1470,44
577,22	1554,41
577,42	1370,09
577,62	1437,67
577,83	1396,71
578,03	1533,93
578,23	1454,06
578,44	1454,06
578,64	1517,54
578,84	1497,07
579,05	1482,73
579,25	1439,72
579,45	1402,86
579,66	1431,53
579,86	1501,16
580,07	1497,07
580,27	1495,02
580,47	1411,05
580,68	1499,11
580,88	1492,97
581,08	1415,15
581,29	1406,95
581,49	1392,62
581,69	1509,35
581,90	1378,28
582,10	1445,87
582,30	1472,49
582,51	1454,06
582,71	1447,91
582,91	1488,87
583,12	1386,47
583,32	1458,15
583,52	1425,39
583,73	1454,06
583,93	1468,39
584,13	1454,06
584,34	1474,54
584,54	1472,49
584,74	1474,54
584,94	1529,83
585,15	1535,98
585,35	1458,15
585,55	1464,30
585,76	1480,68
585,96	1458,15
586,16	1509,35
586,37	1423,34
586,57	1423,34
586,77	1372,14
586,98	1462,25
587,18	1458,15
587,38	1544,17
587,58	1413,10
587,79	1460,20
587,99	1431,53
588,19	1439,72
588,40	1398,76
588,60	1388,52
588,80	1425,39
589,00	1486,83
589,21	1578,98
589,41	1462,25
589,61	1454,06
589,82	1486,83
590,02	1390,57
590,22	1411,05
590,42	1470,44
590,63	1468,39
590,83	1468,39
591,03	1421,29
591,23	1531,88
591,44	1519,59
591,64	1478,63
591,84	1443,82
592,05	1474,54
592,25	1525,74
592,45	1456,11
592,65	1511,40
592,86	1411,05
593,06	1525,74
593,26	1480,68
593,46	1462,25
593,67	1452,01
593,87	1538,02
594,07	1435,63
594,27	1474,54
594,48	1320,94
594,68	1472,49
594,88	1490,92
595,08	1437,67
595,29	1511,40
595,49	1439,72
595,69	1507,30
595,89	1394,67
596,10	1570,79
596,30	1427,43
596,50	1503,21
596,70	1449,96
596,90	1564,65
597,11	1425,39
597,31	1431,53
597,51	1484,78
597,71	1628,14
597,92	1464,30
598,12	1568,74
598,32	1437,67
598,52	1441,77
598,72	1501,16
598,93	1478,63
599,13	1595,37
599,33	1458,15
599,53	1632,23
599,74	1443,82
599,94	1472,49
600,14	1460,20
600,34	1429,48
600,54	1517,54
600,75	1402,86
600,95	1384,43
601,15	1445,87
601,35	1460,20
601,55	1503,21
601,76	1454,06
601,96	1540,07
602,16	1456,11
602,36	1550,31
602,56	1380,33
602,76	1497,07
602,97	1472,49
603,17	1492,97
603,37	1470,44
603,57	1413,10
603,77	1460,20
603,98	1505,26
604,18	1462,25
604,38	1482,73
604,58	1468,39
604,78	1449,96
604,98	1386,47
605,19	1482,73
605,39	1402,86
605,59	1458,15
605,79	1460,20
605,99	1447,91
606,19	1456,11
606,40	1511,40
606,60	1462,25
606,80	1437,67
607,00	1411,05
607,20	1361,90
607,40	1462,25
607,61	1443,82
607,81	1417,19
608,01	1464,30
608,21	1443,82
608,41	1566,70
608,61	1484,78
608,81	1427,43
609,02	1386,47
609,22	1429,48
609,42	1419,24
609,62	1519,59
609,82	1445,87
610,02	1443,82
610,22	1402,86
610,43	1437,67
610,63	1429,48
610,83	1535,98
611,03	1433,58
611,23	1507,30
611,43	1488,87
611,63	1468,39
611,83	1382,38
612,04	1441,77
612,24	1564,65
612,44	1449,96
612,64	1505,26
612,84	1435,63
613,04	1476,59
613,24	1441,77
613,44	1409,00
613,64	1486,83
613,85	1460,20
614,05	1406,95
614,25	1472,49
614,45	1394,67
614,65	1542,12
614,85	1435,63
615,05	1486,83
615,25	1511,40
615,45	1486,83
615,65	1517,54
615,86	1470,44
616,06	1531,88
616,26	1531,88
616,46	1597,42
616,66	1427,43
616,86	1525,74
617,06	1415,15
617,26	1476,59
617,46	1435,63
617,66	1513,45
617,86	1529,83
618,07	1392,62
618,27	1503,21
618,47	1468,39
618,67	1542,12
618,87	1507,30
619,07	1462,25
619,27	1583,08
619,47	1466,35
619,67	1521,64
619,87	1480,68
620,07	1505,26
620,27	1462,25
620,47	1497,07
620,67	1458,15
620,87	1519,59
621,07	1538,02
621,28	1511,40
621,48	1525,74
621,68	1472,49
621,88	1472,49
622,08	1593,32
622,28	1497,07
622,48	1529,83
622,68	1538,02
622,88	1454,06
623,08	1581,03
623,28	1458,15
623,48	1529,83
623,68	1468,39
623,88	1458,15
624,08	1550,31
624,28	1476,59
624,48	1527,78
624,68	1462,25
624,88	1515,50
625,08	1501,16
625,28	1509,35
625,48	1443,82
625,68	1454,06
625,88	1523,69
626,08	1511,40
626,28	1466,35
626,48	1492,97
626,68	1449,96
626,88	1462,25
627,08	1535,98
627,28	1634,28
627,48	1445,87
627,68	1525,74
627,88	1540,07
628,08	1558,50
628,28	1488,87
628,49	1544,17
628,68	1464,30
628,88	1497,07
629,08	1415,15
629,28	1511,40
629,48	1468,39
629,68	1472,49
629,88	1507,30
630,08	1601,51
630,28	1484,78
630,48	1515,50
630,68	1447,91
630,88	1529,83
631,08	1468,39
631,28	1548,26
631,48	1353,71
631,68	1476,59
631,88	1447,91
632,08	1417,19
632,28	1538,02
632,48	1484,78
632,68	1476,59
632,88	1497,07
633,08	1523,69
633,28	1464,30
633,48	1458,15
633,68	1458,15
633,88	1517,54
634,08	1581,03
634,28	1509,35
634,48	1544,17
634,68	1497,07
634,88	1501,16
635,08	1509,35
635,28	1476,59
635,48	1460,20
635,68	1462,25
635,87	1396,71
636,07	1548,26
636,27	1433,58
636,47	1478,63
636,67	1490,92
636,87	1519,59
637,07	1503,21
637,27	1488,87
637,47	1480,68
637,67	1517,54
637,87	1480,68
638,07	1458,15
638,27	1531,88
638,47	1552,36
638,67	1507,30
638,86	1507,30
639,06	1472,49
639,26	1578,98
639,46	1433,58
639,66	1447,91
639,86	1511,40
640,06	1466,35
640,26	1499,11
640,46	1484,78
640,66	1484,78
640,86	1523,69
641,06	1540,07
641,25	1509,35
641,45	1527,78
641,65	1411,05
641,85	1462,25
642,05	1515,50
642,25	1437,67
642,45	1556,46
642,65	1433,58
642,85	1462,25
643,05	1421,29
643,24	1531,88
643,44	1527,78
643,64	1505,26
643,84	1433,58
644,04	1460,20
644,24	1509,35
644,44	1443,82
644,64	1482,73
644,84	1400,81
645,03	1484,78
645,23	1452,01
645,43	1421,29
645,63	1529,83
645,83	1527,78
646,03	1490,92
646,23	1538,02
646,42	1566,70
646,62	1456,11
646,82	1505,26
647,02	1527,78
647,22	1503,21
647,42	1480,68
647,62	1472,49
647,82	1421,29
648,01	1687,53
648,21	1400,81
648,41	1492,97
648,61	1562,60
648,81	1601,51
649,01	1550,31
649,20	1456,11
649,40	1445,87
649,60	1501,16
649,80	1478,63
650,00	1421,29
650,20	1505,26
650,40	1548,26
650,59	1517,54
650,79	1546,22
650,99	1533,93
651,19	1476,59
651,39	1533,93
651,58	1587,18
651,78	1538,02
651,98	1501,16
652,18	1515,50
652,38	1478,63
652,58	1394,67
652,77	1415,15
652,97	1507,30
653,17	1499,11
653,37	1546,22
653,57	1431,53
653,77	1452,01
653,96	1650,66
654,16	1497,07
654,36	1447,91
654,56	1583,08
654,76	1470,44
654,95	1619,94
655,15	1499,11
655,35	1497,07
655,55	1472,49
655,75	1492,97
655,94	1476,59
656,14	1568,74
656,34	1544,17
656,54	1470,44
656,73	1499,11
656,93	1533,93
657,13	1593,32
657,33	1470,44
657,53	1460,20
657,72	1576,94
657,92	1472,49
658,12	1474,54
658,32	1576,94
658,52	1513,45
658,71	1529,83
658,91	1472,49
659,11	1554,41
659,31	1511,40
659,50	1492,97
659,70	1523,69
659,90	1652,71
660,10	1562,60
660,29	1540,07
660,49	1505,26
660,69	1468,39
660,89	1445,87
661,08	1515,50
661,28	1468,39
661,48	1519,59
661,68	1492,97
661,87	1392,62
662,07	1445,87
662,27	1429,48
662,47	1535,98
662,66	1552,36
662,86	1490,92
663,06	1484,78
663,26	1509,35
663,45	1527,78
663,65	1529,83
663,85	1515,50
664,05	1523,69
664,24	1474,54
664,44	1495,02
664,64	1449,96
664,84	1480,68
665,03	1511,40
665,23	1529,83
665,43	1464,30
665,62	1458,15
665,82	1538,02
666,02	1480,68
666,22	1497,07
666,41	1484,78
666,61	1578,98
666,81	1525,74
667,00	1509,35
667,20	1470,44
667,40	1564,65
667,60	1497,07
667,79	1480,68
667,99	1470,44
668,19	1550,31
668,38	1390,57
668,58	1511,40
668,78	1441,77
668,97	1488,87
669,17	1458,15
669,37	1525,74
669,57	1458,15
669,76	1517,54
669,96	1501,16
670,16	1521,64
670,35	1454,06
670,55	1488,87
670,75	1511,40
670,94	1552,36
671,14	1519,59
671,34	1529,83
671,53	1429,48
671,73	1581,03
671,93	1531,88
672,12	1529,83
672,32	1495,02
672,52	1576,94
672,71	1462,25
672,91	1531,88
673,11	1525,74
673,30	1509,35
673,50	1460,20
673,70	1554,41
673,89	1447,91
674,09	1484,78
674,29	1546,22
674,48	1546,22
674,68	1564,65
674,88	1478,63
675,07	1503,21
675,27	1515,50
675,46	1427,43
675,66	1417,19
675,86	1519,59
676,05	1546,22
676,25	1439,72
676,45	1570,79
676,64	1529,83
676,84	1587,18
677,04	1509,35
677,23	1525,74
677,43	1413,10
677,62	1548,26
677,82	1464,30
678,02	1574,89
678,21	1484,78
678,41	1435,63
678,61	1458,15
678,80	1470,44
679,00	1484,78
679,19	1517,54
679,39	1464,30
679,59	1484,78
679,78	1468,39
679,98	1499,11
680,17	1341,42
680,37	1521,64
680,57	1527,78
680,76	1591,27
680,96	1497,07
681,16	1454,06
681,35	1454,06
681,55	1458,15
681,74	1472,49
681,94	1480,68
682,13	1447,91
682,33	1548,26
682,53	1466,35
682,72	1558,50
682,92	1452,01
683,11	1476,59
683,31	1535,98
683,51	1509,35
683,70	1552,36
683,90	1437,67
684,09	1474,54
684,29	1587,18
684,48	1482,73
684,68	1437,67
684,88	1546,22
685,07	1527,78
685,27	1482,73
685,46	1501,16
685,66	1556,46
685,85	1492,97
686,05	1581,03
686,25	1523,69
686,44	1462,25
686,64	1542,12
686,83	1495,02
687,03	1521,64
687,22	1542,12
687,42	1445,87
687,61	1540,07
687,81	1515,50
688,01	1511,40
688,20	1488,87
688,40	1361,90
688,59	1464,30
688,79	1488,87
688,98	1441,77
689,18	1476,59
689,37	1476,59
689,57	1505,26
689,76	1511,40
689,96	1495,02
690,15	1554,41
690,35	1497,07
690,54	1581,03
690,74	1476,59
690,94	1468,39
691,13	1527,78
691,33	1515,50
691,52	1550,31
691,72	1511,40
691,91	1456,11
692,11	1550,31
692,30	1503,21
692,50	1542,12
692,69	1568,74
692,89	1511,40
693,08	1445,87
693,28	1521,64
693,47	1464,30
693,67	1535,98
693,86	1443,82
694,06	1486,83
694,25	1562,60
694,45	1597,42
694,64	1492,97
694,84	1497,07
695,03	1568,74
695,23	1488,87
695,42	1501,16
695,62	1398,76
695,81	1529,83
696,01	1495,02
696,20	1482,73
696,40	1429,48
696,59	1558,50
696,78	1464,30
696,98	1540,07
697,17	1417,19
697,37	1521,64
697,56	1478,63
697,76	1515,50
697,95	1538,02
698,15	1484,78
698,34	1542,12
698,54	1566,70
698,73	1656,81
698,93	1505,26
699,12	1554,41
699,32	1466,35
699,51	1497,07
699,70	1404,91
699,90	1497,07
700,09	1521,64
700,29	1460,20
700,48	1490,92
700,68	1486,83
700,87	1460,20
701,07	1482,73
701,26	1472,49
701,45	1472,49
701,65	1337,32
701,84	1419,24
702,04	1437,67
702,23	1509,35
702,43	1480,68
702,62	1490,92
702,81	1458,15
703,01	1474,54
703,20	1572,84
703,40	1445,87
703,59	1413,10
703,79	1540,07
703,98	1478,63
704,17	1433,58
704,37	1492,97
704,56	1570,79
704,76	1431,53
704,95	1497,07
705,14	1345,52
705,34	1515,50
705,53	1417,19
705,73	1374,19
705,92	1497,07
706,11	1445,87
706,31	1433,58
706,50	1449,96
706,70	1482,73
706,89	1443,82
707,08	1488,87
707,28	1456,11
707,47	1423,34
707,67	1398,76
707,86	1423,34
708,05	1478,63
708,25	1368,04
708,44	1462,25
708,64	1312,75
708,83	1431,53
709,02	1447,91
709,22	1517,54
709,41	1423,34
709,60	1509,35
709,80	1384,43
709,99	1361,90
710,19	1382,38
710,38	1462,25
710,57	1382,38
710,77	1415,15
710,96	1411,05
711,15	1384,43
711,35	1447,91
711,54	1458,15
711,73	1396,71
711,93	1378,28
712,12	1386,47
712,31	1464,30
712,51	1441,77
712,70	1366,00
712,89	1431,53
713,09	1439,72
713,28	1429,48
713,48	1419,24
713,67	1380,33
713,86	1445,87
714,06	1388,52
714,25	1370,09
714,44	1370,09
714,64	1456,11
714,83	1339,37
715,02	1363,95
715,22	1437,67
715,41	1478,63
715,60	1427,43
715,79	1435,63
715,99	1456,11
716,18	1406,95
716,37	1413,10
716,57	1454,06
716,76	1460,20
716,95	1437,67
717,15	1411,05
717,34	1378,28
717,53	1409,00
717,73	1394,67
717,92	1400,81
718,11	1452,01
718,31	1404,91
718,50	1480,68
718,69	1411,05
718,88	1462,25
719,08	1406,95
719,27	1445,87
719,46	1531,88
719,66	1398,76
719,85	1363,95
720,04	1427,43
720,23	1318,89
720,43	1425,39
720,62	1382,38
720,81	1374,19
721,01	1445,87
721,20	1523,69
721,39	1378,28
721,58	1415,15
721,78	1409,00
721,97	1464,30
722,16	1351,66
722,35	1505,26
722,55	1462,25
722,74	1429,48
722,93	1388,52
723,13	1366,00
723,32	1376,24
723,51	1454,06
723,70	1376,24
723,90	1472,49
724,09	1415,15
724,28	1415,15
724,47	1374,19
724,67	1429,48
724,86	1419,24
725,05	1357,80
725,24	1390,57
725,44	1458,15
725,63	1415,15
725,82	1353,71
726,01	1476,59
726,21	1501,16
726,40	1427,43
726,59	1507,30
726,78	1398,76
726,97	1329,13
727,17	1427,43
727,36	1538,02
727,55	1390,57
727,74	1384,43
727,94	1376,24
728,13	1390,57
728,32	1404,91
728,51	1441,77
728,70	1421,29
728,90	1370,09
729,09	1327,08
729,28	1511,40
729,47	1411,05
729,66	1386,47
729,86	1441,77
730,05	1396,71
730,24	1425,39
730,43	1435,63
730,63	1415,15
730,82	1480,68
731,01	1378,28
731,20	1404,91
731,39	1445,87
731,58	1353,71
731,78	1454,06
731,97	1421,29
732,16	1392,62
732,35	1460,20
732,54	1419,24
732,74	1519,59
732,93	1413,10
733,12	1447,91
733,31	1357,80
733,50	1329,13
733,69	1472,49
733,89	1423,34
734,08	1417,19
734,27	1423,34
734,46	1454,06
734,65	1341,42
734,84	1402,86
735,04	1470,44
735,23	1417,19
735,42	1427,43
735,61	1390,57
735,80	1484,78
735,99	1449,96
736,19	1390,57
736,38	1343,47
736,57	1409,00
736,76	1402,86
736,95	1503,21
737,14	1386,47
737,33	1441,77
737,53	1505,26
737,72	1404,91
737,91	1447,91
738,10	1513,45
738,29	1361,90
738,48	1449,96
738,67	1478,63
738,87	1423,34
739,06	1370,09
739,25	1402,86
739,44	1382,38
739,63	1550,31
739,82	1384,43
740,01	1427,43
740,20	1462,25
740,40	1501,16
740,59	1406,95
740,78	1366,00
740,97	1472,49
741,16	1378,28
741,35	1433,58
741,54	1482,73
741,73	1302,51
741,92	1361,90
742,12	1480,68
742,31	1470,44
742,50	1533,93
742,69	1382,38
742,88	1441,77
743,07	1388,52
743,26	1404,91
743,45	1431,53
743,64	1433,58
743,83	1415,15
744,02	1390,57
744,22	1435,63
744,41	1447,91
744,60	1406,95
744,79	1433,58
744,98	1394,67
745,17	1396,71
745,36	1421,29
745,55	1474,54
745,74	1437,67
745,93	1419,24
746,12	1398,76
746,31	1421,29
746,50	1386,47
746,70	1355,76
746,89	1349,61
747,08	1386,47
747,27	1386,47
747,46	1431,53
747,65	1460,20
747,84	1458,15
748,03	1413,10
748,22	1363,95
748,41	1468,39
748,60	1476,59
748,79	1431,53
748,98	1495,02
749,17	1505,26
749,36	1398,76
749,55	1384,43
749,74	1390,57
749,93	1525,74
750,12	1359,85
750,31	1439,72
750,50	1531,88
750,70	1480,68
750,89	1499,11
751,08	1538,02
751,27	1468,39
751,46	1466,35
751,65	1484,78
751,84	1394,67
752,03	1318,89
752,22	1554,41
752,41	1458,15
752,60	1390,57
752,79	1499,11
752,98	1413,10
753,17	1488,87
753,36	1470,44
753,55	1386,47
753,74	1378,28
753,93	1437,67
754,12	1527,78
754,31	1462,25
754,50	1527,78
754,69	1400,81
754,88	1435,63
755,07	1429,48
755,26	1454,06
755,45	1370,09
755,64	1427,43
755,83	1464,30
756,02	1542,12
756,21	1402,86
756,40	1505,26
756,59	1390,57
756,78	1466,35
756,97	1535,98
757,16	1482,73
757,35	1433,58
757,54	1409,00
757,72	1507,30
757,91	1378,28
758,10	1472,49
758,29	1452,01
758,48	1513,45
758,67	1437,67
758,86	1402,86
759,05	1478,63
759,24	1513,45
759,43	1497,07
759,62	1447,91
759,81	1452,01
760,00	1517,54
760,19	1486,83
760,38	1523,69
760,57	1454,06
760,76	1474,54
760,95	1542,12
761,14	1458,15
761,33	1462,25
761,52	1390,57
761,70	1441,77
761,89	1476,59
762,08	1474,54
762,27	1488,87
762,46	1423,34
762,65	1544,17
762,84	1572,84
763,03	1460,20
763,22	1535,98
763,41	1544,17
763,60	1458,15
763,79	1501,16
763,98	1495,02
764,16	1525,74
764,35	1472,49
764,54	1429,48
764,73	1480,68
764,92	1550,31
765,11	1636,33
765,30	1505,26
765,49	1472,49
765,68	1578,98
765,87	1583,08
766,06	1480,68
766,24	1533,93
766,43	1447,91
766,62	1578,98
766,81	1439,72
767,00	1552,36
767,19	1495,02
767,38	1560,55
767,57	1464,30
767,76	1472,49
767,94	1501,16
768,13	1519,59
768,32	1550,31
768,51	1507,30
768,70	1529,83
768,89	1521,64
769,08	1396,71
769,27	1531,88
769,45	1562,60
769,64	1568,74
769,83	1511,40
770,02	1460,20
770,21	1572,84
770,40	1445,87
770,59	1429,48
770,77	1548,26
770,96	1574,89
771,15	1578,98
771,34	1570,79
771,53	1675,24
771,72	1609,70
771,91	1460,20
772,09	1413,10
772,28	1513,45
772,47	1523,69
772,66	1550,31
772,85	1533,93
773,04	1517,54
773,22	1511,40
773,41	1529,83
773,60	1413,10
773,79	1472,49
773,98	1531,88
774,17	1513,45
774,35	1495,02
774,54	1462,25
774,73	1503,21
774,92	1495,02
775,11	1527,78
775,30	1671,14
775,48	1501,16
775,67	1583,08
775,86	1576,94
776,05	1593,32
776,24	1554,41
776,42	1564,65
776,61	1548,26
776,80	1515,50
776,99	1529,83
777,18	1632,23
777,36	1470,44
777,55	1533,93
777,74	1591,27
777,93	1527,78
778,12	1519,59
778,30	1665,00
778,49	1513,45
778,68	1617,90
778,87	1501,16
779,06	1560,55
779,24	1501,16
779,43	1509,35
779,62	1566,70
779,81	1626,09
779,99	1531,88
780,18	1511,40
780,37	1484,78
780,56	1599,46
780,75	1564,65
780,93	1570,79
781,12	1548,26
781,31	1437,67
781,50	1552,36
781,68	1476,59
781,87	1472,49
782,06	1533,93
782,25	1492,97
782,43	1482,73
782,62	1482,73
782,81	1542,12
783,00	1523,69
783,18	1486,83
783,37	1462,25
783,56	1630,18
783,75	1525,74
783,93	1591,27
784,12	1474,54
784,31	1570,79
784,50	1488,87
784,68	1484,78
784,87	1509,35
785,06	1521,64
785,24	1460,20
785,43	1550,31
785,62	1507,30
785,81	1564,65
785,99	1468,39
786,18	1558,50
786,37	1464,30
786,56	1435,63
786,74	1488,87
786,93	1480,68
787,12	1456,11
787,30	1425,39
787,49	1482,73
787,68	1542,12
787,87	1482,73
788,05	1550,31
788,24	1468,39
788,43	1462,25
788,61	1560,55
788,80	1519,59
788,99	1427,43
789,17	1458,15
789,36	1447,91
789,55	1546,22
789,73	1468,39
789,92	1441,77
790,11	1495,02
790,30	1488,87
790,48	1425,39
790,67	1482,73
790,86	1492,97
791,04	1550,31
791,23	1517,54
791,42	1517,54
791,60	1413,10
791,79	1441,77
791,98	1413,10
792,16	1419,24
792,35	1535,98
792,54	1404,91
792,72	1480,68
792,91	1581,03
793,10	1476,59
793,28	1406,95
793,47	1501,16
793,66	1443,82
793,84	1476,59
794,03	1429,48
794,22	1437,67
794,40	1441,77
794,59	1472,49
794,77	1376,24
794,96	1368,04
795,15	1404,91
795,33	1447,91
795,52	1492,97
795,71	1435,63
795,89	1423,34
796,08	1417,19
796,27	1513,45
796,45	1390,57
796,64	1437,67
796,82	1429,48
797,01	1398,76
797,20	1454,06
797,38	1316,84
797,57	1320,94
797,76	1452,01
797,94	1404,91
798,13	1482,73
798,31	1484,78
798,50	1445,87
798,69	1423,34
798,87	1345,52
799,06	1411,05
799,24	1447,91
799,43	1495,02
799,62	1396,71
799,80	1361,90
799,99	1597,42
800,17	1415,15
800,36	1406,95
800,55	1382,38
800,73	1421,29
800,92	1445,87
801,10	1439,72
801,29	1523,69
801,48	1447,91
801,66	1425,39
801,85	1431,53
802,03	1376,24
802,22	1437,67
802,40	1484,78
802,59	1452,01
802,78	1368,04
802,96	1419,24
803,15	1566,70
803,33	1488,87
803,52	1472,49
803,70	1386,47
803,89	1443,82
804,08	1433,58
804,26	1409,00
804,45	1411,05
804,63	1452,01
804,82	1470,44
805,00	1445,87
805,19	1445,87
805,37	1382,38
805,56	1480,68
805,74	1443,82
805,93	1386,47
806,12	1435,63
806,30	1433,58
806,49	1400,81
806,67	1433,58
806,86	1490,92
807,04	1445,87
807,23	1417,19
807,41	1339,37
807,60	1468,39
807,78	1406,95
807,97	1703,91
808,15	1411,05
808,34	1402,86
808,52	1398,76
808,71	1404,91
808,89	1488,87
809,08	1445,87
809,27	1357,80
809,45	1447,91
809,64	1396,71
809,82	1443,82
810,01	1335,28
810,19	1548,26
810,38	1427,43
810,56	1423,34
810,75	1456,11
810,93	1472,49
811,12	1318,89
811,30	1378,28
811,49	1411,05
811,67	1482,73
811,85	1386,47
812,04	1386,47
812,22	1452,01
812,41	1529,83
812,59	1404,91
812,78	1398,76
812,96	1480,68
813,15	1492,97
813,33	1386,47
813,52	1398,76
813,70	1406,95
813,89	1505,26
814,07	1427,43
814,26	1452,01
814,44	1380,33
814,63	1427,43
814,81	1384,43
815,00	1341,42
815,18	1372,14
815,36	1386,47
815,55	1423,34
815,73	1376,24
815,92	1529,83
816,10	1540,07
816,29	1472,49
816,47	1355,76
816,66	1533,93
816,84	1499,11
817,02	1449,96
817,21	1427,43
817,39	1497,07
817,58	1472,49
817,76	1406,95
817,95	1472,49
818,13	1392,62
818,32	1388,52
818,50	1472,49
818,68	1488,87
818,87	1476,59
819,05	1400,81
819,24	1386,47
819,42	1398,76
819,60	1378,28
819,79	1478,63
819,97	1359,85
820,16	1447,91
820,34	1472,49
820,53	1431,53
820,71	1388,52
820,89	1478,63
821,08	1445,87
821,26	1458,15
821,45	1488,87
821,63	1417,19
821,81	1460,20
822,00	1423,34
822,18	1484,78
822,37	1458,15
822,55	1406,95
822,73	1466,35
822,92	1447,91
823,10	1478,63
823,28	1368,04
823,47	1488,87
823,65	1458,15
823,84	1425,39
824,02	1492,97
824,20	1468,39
824,39	1501,16
824,57	1550,31
824,75	1517,54
824,94	1480,68
825,12	1535,98
825,31	1468,39
825,49	1488,87
825,67	1443,82
825,86	1478,63
826,04	1546,22
826,22	1583,08
826,41	1466,35
826,59	1511,40
826,77	1515,50
826,96	1460,20
827,14	1402,86
827,32	1456,11
827,51	1484,78
827,69	1470,44
827,87	1503,21
828,06	1511,40
828,24	1439,72
828,42	1476,59
828,61	1519,59
828,79	1419,24
828,97	1497,07
829,16	1456,11
829,34	1460,20
829,52	1427,43
829,71	1552,36
829,89	1521,64
830,07	1468,39
830,26	1441,77
830,44	1519,59
830,62	1628,14
830,81	1529,83
830,99	1546,22
831,17	1429,48
831,36	1431,53
831,54	1527,78
831,72	1619,94
831,91	1452,01
832,09	1476,59
832,27	1419,24
832,45	1495,02
832,64	1464,30
832,82	1527,78
833,00	1509,35
833,19	1497,07
833,37	1535,98
833,55	1468,39
833,73	1495,02
833,92	1566,70
834,10	1521,64
834,28	1505,26
834,47	1560,55
834,65	1480,68
834,83	1488,87
835,01	1535,98
835,20	1476,59
835,38	1478,63
835,56	1554,41
835,74	1490,92
835,93	1595,37
836,11	1521,64
836,29	1505,26
836,47	1486,83
836,66	1542,12
836,84	1542,12
837,02	1474,54
837,21	1535,98
837,39	1523,69
837,57	1533,93
837,75	1519,59
837,94	1523,69
838,12	1505,26
838,30	1501,16
838,48	1562,60
838,66	1556,46
838,85	1587,18
839,03	1581,03
839,21	1531,88
839,39	1460,20
839,58	1474,54
839,76	1511,40
839,94	1540,07
840,12	1525,74
840,31	1554,41
840,49	1501,16
840,67	1495,02
840,85	1472,49
841,03	1529,83
841,22	1546,22
841,40	1542,12
841,58	1556,46
841,76	1564,65
841,94	1558,50
842,13	1587,18
842,31	1535,98
842,49	1548,26
842,67	1544,17
842,85	1523,69
843,04	1552,36
843,22	1587,18
843,40	1515,50
843,58	1642,47
843,76	1595,37
843,95	1578,98
844,13	1566,70
844,31	1521,64
844,49	1554,41
844,67	1482,73
844,86	1509,35
845,04	1517,54
845,22	1538,02
845,40	1499,11
845,58	1525,74
845,76	1558,50
845,95	1699,81
846,13	1525,74
846,31	1533,93
846,49	1521,64
846,67	1609,70
846,85	1583,08
847,04	1619,94
847,22	1603,56
847,40	1521,64
847,58	1533,93
847,76	1570,79
847,94	1585,13
848,12	1548,26
848,31	1619,94
848,49	1552,36
848,67	1589,22
848,85	1587,18
849,03	1615,85
849,21	1654,76
849,39	1566,70
849,58	1644,52
849,76	1589,22
849,94	1540,07
850,12	1427,43
850,30	1574,89
850,48	1501,16
850,66	1601,51
850,84	1548,26
851,03	1587,18
851,21	1509,35
851,39	1581,03
851,57	1548,26
851,75	1578,98
851,93	1656,81
852,11	1576,94
852,29	1587,18
852,47	1560,55
852,66	1677,29
852,84	1548,26
853,02	1630,18
853,20	1675,24
853,38	1611,75
853,56	1615,85
853,74	1626,09
853,92	1617,90
854,10	1574,89
854,28	1554,41
854,46	1615,85
854,65	1552,36
854,83	1523,69
855,01	1558,50
855,19	1597,42
855,37	1566,70
855,55	1591,27
855,73	1570,79
855,91	1597,42
856,09	1617,90
856,27	1587,18
856,45	1667,05
856,63	1513,45
856,81	1677,29
857,00	1617,90
857,18	1671,14
857,36	1589,22
857,54	1609,70
857,72	1615,85
857,90	1611,75
858,08	1660,90
858,26	1531,88
858,44	1570,79
858,62	1677,29
858,80	1589,22
858,98	1628,14
859,16	1595,37
859,34	1529,83
859,52	1597,42
859,70	1619,94
859,88	1599,46
860,06	1576,94
860,24	1599,46
860,42	1626,09
860,60	1607,66
860,78	1554,41
860,96	1710,05
861,14	1568,74
861,32	1568,74
861,50	1548,26
861,69	1636,33
861,87	1751,01
862,05	1503,21
862,23	1544,17
862,41	1572,84
862,59	1560,55
862,77	1642,47
862,95	1558,50
863,13	1644,52
863,31	1552,36
863,49	1558,50
863,67	1601,51
863,85	1560,55
864,03	1601,51
864,21	1533,93
864,39	1585,13
864,57	1660,90
864,75	1501,16
864,92	1679,33
865,10	1503,21
865,28	1568,74
865,46	1611,75
865,64	1511,40
865,82	1607,66
866,00	1599,46
866,18	1558,50
866,36	1642,47
866,54	1632,23
866,72	1572,84
866,90	1593,32
867,08	1570,79
867,26	1558,50
867,44	1501,16
867,62	1533,93
867,80	1613,80
867,98	1597,42
868,16	1667,05
868,34	1677,29
868,52	1525,74
868,70	1552,36
868,88	1597,42
869,06	1599,46
869,24	1562,60
869,42	1533,93
869,59	1607,66
869,77	1601,51
869,95	1568,74
870,13	1626,09
870,31	1542,12
870,49	1626,09
870,67	1638,38
870,85	1648,61
871,03	1560,55
871,21	1710,05
871,39	1544,17
871,57	1540,07
871,75	1564,65
871,92	1617,90
872,10	1660,90
872,28	1554,41
872,46	1669,09
872,64	1578,98
872,82	1626,09
873,00	1550,31
873,18	1507,30
873,36	1535,98
873,54	1591,27
873,72	1636,33
873,89	1578,98
874,07	1556,46
874,25	1626,09
874,43	1685,48
874,61	1630,18
874,79	1662,95
874,97	1560,55
875,15	1554,41
875,33	1603,56
875,50	1583,08
875,68	1593,32
875,86	1673,19
876,04	1578,98
876,22	1585,13
876,40	1468,39
876,58	1583,08
876,76	1562,60
876,93	1554,41
877,11	1476,59
877,29	1552,36
877,47	1568,74
877,65	1642,47
877,83	1648,61
878,01	1654,76
878,18	1587,18
878,36	1587,18
878,54	1603,56
878,72	1519,59
878,90	1509,35
879,08	1591,27
879,25	1585,13
879,43	1665,00
879,61	1554,41
879,79	1556,46
879,97	1574,89
880,15	1544,17
880,32	1480,68
880,50	1601,51
880,68	1552,36
880,86	1507,30
881,04	1531,88
881,22	1538,02
881,39	1654,76
881,57	1656,81
881,75	1599,46
881,93	1636,33
882,11	1605,61
882,28	1595,37
882,46	1570,79
882,64	1658,85
882,82	1564,65
883,00	1624,04
883,18	1564,65
883,35	1570,79
883,53	1546,22
883,71	1576,94
883,89	1558,50
884,07	1497,07
884,24	1662,95
884,42	1591,27
884,60	1572,84
884,78	1640,42
884,95	1570,79
885,13	1562,60
885,31	1595,37
885,49	1544,17
885,67	1564,65
885,84	1511,40
886,02	1578,98
886,20	1548,26
886,38	1609,70
886,55	1601,51
886,73	1517,54
886,91	1466,35
887,09	1529,83
887,26	1540,07
887,44	1591,27
887,62	1535,98
887,80	1525,74
887,98	1593,32
888,15	1499,11
888,33	1507,30
888,51	1482,73
888,69	1603,56
888,86	1613,80
889,04	1615,85
889,22	1523,69
889,39	1619,94
889,57	1538,02
889,75	1501,16
889,93	1599,46
890,10	1517,54
890,28	1503,21
890,46	1628,14
890,64	1550,31
890,81	1595,37
890,99	1566,70
891,17	1581,03
891,34	1640,42
891,52	1507,30
891,70	1523,69
891,88	1529,83
892,05	1585,13
892,23	1589,22
892,41	1583,08
892,58	1581,03
892,76	1591,27
892,94	1445,87
893,12	1613,80
893,29	1564,65
893,47	1552,36
893,65	1468,39
893,82	1482,73
894,00	1517,54
894,18	1542,12
894,35	1566,70
894,53	1542,12
894,71	1570,79
894,89	1497,07
895,06	1507,30
895,24	1400,81
895,42	1513,45
895,59	1509,35
895,77	1507,30
895,95	1615,85
896,12	1458,15
896,30	1538,02
896,48	1413,10
896,65	1560,55
896,83	1562,60
897,01	1427,43
897,18	1529,83
897,36	1603,56
897,54	1413,10
897,71	1550,31
897,89	1499,11
898,07	1503,21
898,24	1423,34
898,42	1427,43
898,59	1583,08
898,77	1466,35
898,95	1503,21
899,12	1554,41
899,30	1521,64
899,48	1587,18
899,65	1544,17
899,83	1529,83
900,01	1447,91
900,18	1511,40
900,36	1503,21
900,53	1548,26
900,71	1576,94
900,89	1525,74
901,06	1499,11
901,24	1538,02
901,42	1505,26
901,59	1505,26
901,77	1560,55
901,94	1513,45
902,12	1552,36
902,30	1552,36
902,47	1480,68
902,65	1513,45
902,82	1431,53
903,00	1533,93
903,18	1527,78
903,35	1419,24
903,53	1439,72
903,70	1587,18
903,88	1546,22
904,06	1519,59
904,23	1542,12
904,41	1519,59
904,58	1550,31
904,76	1546,22
904,93	1521,64
905,11	1509,35
905,29	1425,39
905,46	1501,16
905,64	1587,18
905,81	1431,53
905,99	1578,98
906,16	1513,45
906,34	1554,41
906,52	1513,45
906,69	1472,49
906,87	1540,07
907,04	1509,35
907,22	1449,96
907,39	1529,83
907,57	1468,39
907,75	1566,70
907,92	1521,64
908,10	1617,90
908,27	1472,49
908,45	1484,78
908,62	1535,98
908,80	1495,02
908,97	1468,39
909,15	1466,35
909,32	1515,50
909,50	1425,39
909,67	1484,78
909,85	1519,59
910,03	1452,01
910,20	1540,07
910,38	1550,31
910,55	1490,92
910,73	1458,15
910,90	1509,35
911,08	1529,83
911,25	1542,12
911,43	1615,85
911,60	1468,39
911,78	1521,64
911,95	1519,59
912,13	1480,68
912,30	1527,78
912,48	1519,59
912,65	1466,35
912,83	1531,88
913,00	1431,53
913,18	1624,04
913,35	1519,59
913,53	1472,49
913,70	1556,46
913,88	1517,54
914,05	1542,12
914,23	1529,83
914,40	1556,46
914,58	1554,41
914,75	1570,79
914,93	1517,54
915,10	1468,39
915,27	1554,41
915,45	1425,39
915,62	1562,60
915,80	1531,88
915,97	1552,36
916,15	1583,08
916,32	1615,85
916,50	1570,79
916,67	1540,07
916,85	1583,08
917,02	1593,32
917,20	1621,99
917,37	1578,98
917,54	1624,04
917,72	1495,02
917,89	1517,54
918,07	1589,22
918,24	1548,26
918,42	1492,97
918,59	1554,41
918,77	1548,26
918,94	1609,70
919,11	1495,02
919,29	1546,22
919,46	1619,94
919,64	1564,65
919,81	1540,07
919,99	1472,49
920,16	1621,99
920,33	1581,03
920,51	1564,65
920,68	1558,50
920,86	1568,74
921,03	1470,44
921,20	1546,22
921,38	1558,50
921,55	1621,99
921,73	1476,59
921,90	1505,26
922,07	1583,08
922,25	1546,22
922,42	1626,09
922,60	1638,38
922,77	1525,74
922,94	1624,04
923,12	1562,60
923,29	1566,70
923,47	1572,84
923,64	1642,47
923,81	1558,50
923,99	1589,22
924,16	1634,28
924,34	1589,22
924,51	1562,60
924,68	1691,62
924,86	1632,23
925,03	1585,13
925,20	1619,94
925,38	1587,18
925,55	1550,31
925,72	1621,99
925,90	1548,26
926,07	1599,46
926,25	1525,74
926,42	1552,36
926,59	1550,31
926,77	1656,81
926,94	1597,42
927,11	1499,11
927,29	1599,46
927,46	1601,51
927,63	1640,42
927,81	1570,79
927,98	1560,55
928,15	1665,00
928,33	1708,01
928,50	1546,22
928,67	1644,52
928,85	1615,85
929,02	1593,32
929,19	1636,33
929,37	1595,37
929,54	1578,98
929,71	1615,85
929,89	1583,08
930,06	1544,17
930,23	1589,22
930,41	1650,66
930,58	1581,03
930,75	1773,54
930,92	1640,42
931,10	1603,56
931,27	1570,79
931,44	1710,05
931,62	1589,22
931,79	1638,38
931,96	1644,52
932,14	1574,89
932,31	1621,99
932,48	1578,98
932,65	1576,94
932,83	1675,24
933,00	1611,75
933,17	1603,56
933,35	1593,32
933,52	1648,61
933,69	1667,05
933,86	1652,71
934,04	1646,57
934,21	1640,42
934,38	1636,33
934,55	1517,54
934,73	1548,26
934,90	1619,94
935,07	1564,65
935,25	1734,63
935,42	1568,74
935,59	1574,89
935,76	1566,70
935,94	1605,61
936,11	1642,47
936,28	1509,35
936,45	1587,18
936,63	1673,19
936,80	1529,83
936,97	1587,18
937,14	1677,29
937,31	1675,24
937,49	1583,08
937,66	1597,42
937,83	1673,19
938,00	1632,23
938,18	1703,91
938,35	1595,37
938,52	1681,38
938,69	1509,35
938,87	1550,31
939,04	1624,04
939,21	1626,09
939,38	1611,75
939,55	1597,42
939,73	1607,66
939,90	1595,37
940,07	1636,33
940,24	1495,02
940,41	1581,03
940,59	1581,03
940,76	1519,59
940,93	1656,81
941,10	1488,87
941,27	1591,27
941,45	1679,33
941,62	1683,43
941,79	1544,17
941,96	1679,33
942,13	1611,75
942,31	1636,33
942,48	1673,19
942,65	1742,82
942,82	1585,13
942,99	1632,23
943,16	1611,75
943,34	1642,47
943,51	1595,37
943,68	1624,04
943,85	1589,22
944,02	1581,03
944,19	1568,74
944,37	1597,42
944,54	1617,90
944,71	1552,36
944,88	1796,07
945,05	1564,65
945,22	1595,37
945,40	1597,42
945,57	1636,33
945,74	1597,42
945,91	1638,38
946,08	1630,18
946,25	1550,31
946,42	1630,18
946,60	1531,88
946,77	1695,72
946,94	1691,62
947,11	1626,09
947,28	1560,55
947,45	1634,28
947,62	1550,31
947,79	1599,46
947,97	1740,77
948,14	1650,66
948,31	1613,80
948,48	1515,50
948,65	1595,37
948,82	1538,02
948,99	1535,98
949,16	1566,70
949,33	1556,46
949,51	1589,22
949,68	1558,50
949,85	1589,22
950,02	1587,18
950,19	1542,12
950,36	1660,90
950,53	1615,85
950,70	1546,22
950,87	1597,42
951,04	1630,18
951,22	1568,74
951,39	1609,70
951,56	1591,27
951,73	1615,85
951,90	1550,31
952,07	1540,07
952,24	1642,47
952,41	1640,42
952,58	1533,93
952,75	1501,16
952,92	1558,50
953,09	1511,40
953,26	1560,55
953,43	1482,73
953,61	1574,89
953,78	1587,18
953,95	1644,52
954,12	1599,46
954,29	1556,46
954,46	1566,70
954,63	1607,66
954,80	1628,14
954,97	1490,92
955,14	1538,02
955,31	1550,31
955,48	1517,54
955,65	1599,46
955,82	1525,74
955,99	1585,13
956,16	1566,70
956,33	1544,17
956,50	1591,27
956,67	1583,08
956,84	1578,98
957,01	1550,31
957,18	1587,18
957,35	1521,64
957,52	1626,09
957,69	1621,99
957,86	1583,08
958,03	1519,59
958,20	1589,22
958,37	1640,42
958,54	1570,79
958,71	1413,10
958,88	1525,74
959,05	1597,42
959,22	1562,60
959,39	1558,50
959,56	1501,16
959,73	1560,55
959,90	1566,70
960,07	1554,41
960,24	1554,41
960,41	1550,31
960,58	1601,51
960,75	1521,64
960,92	1636,33
961,09	1535,98
961,26	1601,51
961,43	1490,92
961,60	1499,11
961,77	1570,79
961,94	1503,21
962,11	1585,13
962,28	1662,95
962,45	1619,94
962,62	1458,15
962,79	1552,36
962,96	1538,02
963,13	1495,02
963,30	1570,79
963,47	1560,55
963,64	1486,83
963,81	1509,35
963,98	1488,87
964,14	1499,11
964,31	1523,69
964,48	1505,26
964,65	1570,79
964,82	1527,78
964,99	1558,50
965,16	1499,11
965,33	1544,17
965,50	1507,30
965,67	1562,60
965,84	1497,07
966,01	1476,59
966,18	1427,43
966,35	1554,41
966,51	1511,40
966,68	1562,60
966,85	1417,19
967,02	1495,02
967,19	1468,39
967,36	1468,39
967,53	1521,64
967,70	1535,98
967,87	1462,25
968,04	1511,40
968,21	1462,25
968,37	1529,83
968,54	1429,48
968,71	1431,53
968,88	1384,43
969,05	1443,82
969,22	1486,83
969,39	1562,60
969,56	1509,35
969,72	1607,66
969,89	1486,83
970,06	1486,83
970,23	1460,20
970,40	1480,68
970,57	1445,87
970,74	1550,31
970,91	1345,52
971,07	1505,26
971,24	1482,73
971,41	1499,11
971,58	1429,48
971,75	1529,83
971,92	1495,02
972,09	1431,53
972,25	1454,06
972,42	1374,19
972,59	1505,26
972,76	1488,87
972,93	1499,11
973,10	1507,30
973,27	1523,69
973,43	1363,95
973,60	1466,35
973,77	1527,78
973,94	1476,59
974,11	1466,35
974,28	1531,88
974,44	1406,95
974,61	1411,05
974,78	1497,07
974,95	1456,11
975,12	1478,63
975,28	1515,50
975,45	1472,49
975,62	1501,16
975,79	1388,52
975,96	1460,20
976,12	1519,59
976,29	1470,44
976,46	1452,01
976,63	1419,24
976,80	1517,54
976,96	1488,87
977,13	1439,72
977,30	1423,34
977,47	1454,06
977,64	1460,20
977,80	1423,34
977,97	1468,39
978,14	1357,80
978,31	1427,43
978,48	1478,63
978,64	1441,77
978,81	1445,87
978,98	1515,50
979,15	1366,00
979,31	1439,72
979,48	1452,01
979,65	1402,86
979,82	1476,59
979,98	1402,86
980,15	1433,58
980,32	1572,84
980,49	1374,19
980,66	1363,95
980,82	1404,91
980,99	1501,16
981,16	1411,05
981,33	1466,35
981,49	1454,06
981,66	1519,59
981,83	1398,76
981,99	1427,43
982,16	1402,86
982,33	1515,50
982,50	1486,83
982,66	1443,82
982,83	1431,53
983,00	1460,20
983,17	1423,34
983,33	1423,34
983,50	1466,35
983,67	1435,63
983,83	1404,91
984,00	1419,24
984,17	1492,97
984,34	1439,72
984,50	1439,72
984,67	1431,53
984,84	1482,73
985,00	1447,91
985,17	1474,54
985,34	1460,20
985,51	1445,87
985,67	1370,09
985,84	1419,24
986,01	1384,43
986,17	1415,15
986,34	1429,48
986,51	1478,63
986,67	1447,91
986,84	1488,87
987,01	1439,72
987,17	1357,80
987,34	1386,47
987,51	1361,90
987,67	1476,59
987,84	1382,38
988,01	1488,87
988,17	1413,10
988,34	1402,86
988,51	1449,96
988,67	1466,35
988,84	1431,53
989,01	1472,49
989,17	1462,25
989,34	1382,38
989,51	1396,71
989,67	1464,30
989,84	1398,76
990,01	1355,76
990,17	1406,95
990,34	1406,95
990,51	1390,57
990,67	1449,96
990,84	1394,67
991,01	1452,01
991,17	1435,63
991,34	1292,27
991,50	1402,86
991,67	1398,76
991,84	1409,00
992,00	1400,81
992,17	1386,47
992,34	1499,11
992,50	1400,81
992,67	1406,95
992,83	1384,43
993,00	1382,38
993,17	1501,16
993,33	1441,77
993,50	1366,00
993,66	1384,43
993,83	1460,20
994,00	1435,63
994,16	1427,43
994,33	1415,15
994,49	1419,24
994,66	1566,70
994,83	1443,82
994,99	1447,91
995,16	1384,43
995,32	1529,83
995,49	1404,91
995,66	1419,24
995,82	1376,24
995,99	1406,95
996,15	1466,35
996,32	1447,91
996,48	1370,09
996,65	1392,62
996,82	1404,91
996,98	1357,80
997,15	1423,34
997,31	1431,53
997,48	1398,76
997,64	1351,66
997,81	1402,86
997,97	1437,67
998,14	1425,39
998,31	1402,86
998,47	1343,47
998,64	1482,73
998,80	1423,34
998,97	1423,34
999,13	1421,29
999,30	1464,30
999,46	1382,38
999,63	1382,38
999,79	1460,20
999,96	1484,78
1000,12	1490,92
1000,29	1492,97
1000,45	1386,47
1000,62	1345,52
1000,79	1447,91
1000,95	1368,04
1001,12	1413,10
1001,28	1419,24
1001,45	1474,54
1001,61	1429,48
1001,78	1427,43
1001,94	1439,72
1002,11	1490,92
1002,27	1460,20
1002,44	1376,24
1002,60	1378,28
1002,77	1472,49
1002,93	1394,67
1003,10	1347,56
1003,26	1384,43
1003,43	1468,39
1003,59	1544,17
1003,76	1396,71
1003,92	1386,47
1004,09	1431,53
1004,25	1359,85
1004,41	1427,43
1004,58	1419,24
1004,74	1437,67
1004,91	1468,39
1005,07	1400,81
1005,24	1468,39
1005,40	1441,77
1005,57	1345,52
1005,73	1398,76
1005,90	1476,59
1006,06	1458,15
1006,23	1452,01
1006,39	1456,11
1006,55	1404,91
1006,72	1353,71
1006,88	1415,15
1007,05	1484,78
1007,21	1531,88
1007,38	1417,19
1007,54	1355,76
1007,71	1390,57
1007,87	1460,20
1008,03	1406,95
1008,20	1441,77
1008,36	1421,29
1008,53	1388,52
1008,69	1361,90
1008,86	1400,81
1009,02	1363,95
1009,18	1406,95
1009,35	1384,43
1009,51	1378,28
1009,68	1388,52
1009,84	1400,81
1010,01	1423,34
1010,17	1398,76
1010,33	1449,96
1010,50	1447,91
1010,66	1585,13
1010,83	1462,25
1010,99	1427,43
1011,15	1388,52
1011,32	1400,81
1011,48	1406,95
1011,65	1372,14
1011,81	1345,52
1011,97	1335,28
1012,14	1497,07
1012,30	1384,43
1012,46	1478,63
1012,63	1439,72
1012,79	1406,95
1012,96	1429,48
1013,12	1329,13
1013,28	1396,71
1013,45	1400,81
1013,61	1398,76
1013,77	1347,56
1013,94	1415,15
1014,10	1415,15
1014,26	1386,47
1014,43	1390,57
1014,59	1370,09
1014,76	1366,00
1014,92	1419,24
1015,08	1372,14
1015,25	1325,04
1015,41	1406,95
1015,57	1484,78
1015,74	1419,24
1015,90	1454,06
1016,06	1417,19
1016,23	1384,43
1016,39	1335,28
1016,55	1462,25
1016,72	1417,19
1016,88	1415,15
1017,04	1310,70
1017,21	1452,01
1017,37	1374,19
1017,53	1460,20
1017,70	1417,19
1017,86	1429,48
1018,02	1402,86
1018,19	1372,14
1018,35	1511,40
1018,51	1386,47
1018,67	1394,67
1018,84	1339,37
1019,00	1349,61
1019,16	1484,78
1019,33	1402,86
1019,49	1445,87
1019,65	1449,96
1019,82	1417,19
1019,98	1374,19
1020,14	1351,66
1020,30	1501,16
1020,47	1382,38
1020,63	1415,15
1020,79	1411,05
1020,96	1380,33
1021,12	1368,04
1021,28	1443,82
1021,44	1445,87
1021,61	1411,05
1021,77	1443,82
1021,93	1437,67
1022,09	1517,54
1022,26	1429,48
1022,42	1359,85
1022,58	1382,38
1022,74	1386,47
1022,91	1341,42
1023,07	1406,95
1023,23	1374,19
1023,39	1464,30
1023,56	1411,05
1023,72	1550,31
1023,88	1454,06
1024,04	1384,43
1024,21	1333,23
1024,37	1495,02
1024,53	1464,30
1024,69	1372,14
1024,86	1445,87
1025,02	1402,86
1025,18	1400,81
1025,34	1368,04
1025,50	1445,87
1025,67	1308,65
1025,83	1345,52
1025,99	1482,73
1026,15	1419,24
1026,32	1402,86
1026,48	1462,25
1026,64	1542,12
1026,80	1478,63
1026,96	1419,24
1027,13	1433,58
1027,29	1353,71
1027,45	1322,99
1027,61	1337,32
1027,77	1394,67
1027,94	1447,91
1028,10	1351,66
1028,26	1386,47
1028,42	1421,29
1028,58	1513,45
1028,75	1417,19
1028,91	1413,10
1029,07	1337,32
1029,23	1476,59
1029,39	1382,38
1029,55	1370,09
1029,72	1415,15
1029,88	1427,43
1030,04	1417,19
1030,20	1386,47
1030,36	1357,80
1030,52	1443,82
1030,69	1499,11
1030,85	1423,34
1031,01	1409,00
1031,17	1386,47
1031,33	1400,81
1031,49	1402,86
1031,65	1359,85
1031,82	1394,67
1031,98	1458,15
1032,14	1421,29
1032,30	1462,25
1032,46	1505,26
1032,62	1429,48
1032,78	1472,49
1032,95	1355,76
1033,11	1374,19
1033,27	1353,71
1033,43	1435,63
1033,59	1388,52
1033,75	1417,19
1033,91	1441,77
1034,07	1568,74
1034,24	1390,57
1034,40	1343,47
1034,56	1431,53
1034,72	1478,63
1034,88	1370,09
1035,04	1394,67
1035,20	1370,09
1035,36	1425,39
1035,52	1402,86
1035,68	1425,39
1035,85	1431,53
1036,01	1398,76
1036,17	1497,07
1036,33	1417,19
1036,49	1382,38
1036,65	1355,76
1036,81	1437,67
1036,97	1443,82
1037,13	1337,32
1037,29	1347,56
1037,45	1466,35
1037,61	1431,53
1037,78	1372,14
1037,94	1458,15
1038,10	1433,58
1038,26	1417,19
1038,42	1378,28
1038,58	1413,10
1038,74	1345,52
1038,90	1386,47
1039,06	1394,67
1039,22	1429,48
1039,38	1378,28
1039,54	1402,86
1039,70	1499,11
1039,86	1331,18
1040,02	1357,80
1040,18	1470,44
1040,34	1388,52
1040,50	1329,13
1040,66	1400,81
1040,83	1460,20
1040,99	1386,47
1041,15	1499,11
1041,31	1423,34
1041,47	1329,13
1041,63	1439,72
1041,79	1411,05
1041,95	1400,81
1042,11	1384,43
1042,27	1423,34
1042,43	1429,48
1042,59	1382,38
1042,75	1413,10
1042,91	1382,38
