344,25	1226,73
344,46	1226,73
344,68	1226,73
344,90	1224,69
345,12	1327,08
345,34	1417,19
345,55	1406,95
345,77	1419,24
345,99	1400,81
346,21	1411,05
346,42	1445,87
346,64	1447,91
346,86	1366,00
347,08	1437,67
347,30	1413,10
347,51	1419,24
347,73	1421,29
347,95	1415,15
348,17	1333,23
348,38	1425,39
348,60	1464,30
348,82	1376,24
349,04	1394,67
349,25	1456,11
349,47	1439,72
349,69	1441,77
349,91	1509,35
350,13	1368,04
350,34	1488,87
350,56	1353,71
350,78	1372,14
351,00	1411,05
351,21	1404,91
351,43	1425,39
351,65	1435,63
351,87	1437,67
352,08	1449,96
352,30	1374,19
352,52	1304,56
352,74	1441,77
352,95	1411,05
353,17	1456,11
353,39	1398,76
353,61	1368,04
353,82	1482,73
354,04	1384,43
354,26	1437,67
354,47	1458,15
354,69	1392,62
354,91	1361,90
355,13	1343,47
355,34	1423,34
355,56	1411,05
355,78	1425,39
356,00	1425,39
356,21	1419,24
356,43	1466,35
356,65	1421,29
356,86	1515,50
357,08	1423,34
357,30	1499,11
357,52	1419,24
357,73	1411,05
357,95	1456,11
358,17	1400,81
358,38	1423,34
358,60	1425,39
358,82	1499,11
359,04	1447,91
359,25	1611,75
359,47	1505,26
359,69	1443,82
359,90	1376,24
360,12	1540,07
360,34	1495,02
360,56	1390,57
360,77	1529,83
360,99	1460,20
361,21	1499,11
361,42	1460,20
361,64	1429,48
361,86	1490,92
362,07	1398,76
362,29	1390,57
362,51	1513,45
362,73	1415,15
362,94	1390,57
363,16	1576,94
363,38	1462,25
363,59	1535,98
363,81	1452,01
364,03	1456,11
364,24	1488,87
364,46	1492,97
364,68	1478,63
364,89	1415,15
365,11	1562,60
365,33	1484,78
365,54	1454,06
365,76	1478,63
365,98	1535,98
366,19	1486,83
366,41	1447,91
366,63	1486,83
366,84	1513,45
367,06	1525,74
367,28	1556,46
367,49	1497,07
367,71	1521,64
367,93	1398,76
368,14	1470,44
368,36	1429,48
368,58	1396,71
368,79	1447,91
369,01	1462,25
369,23	1589,22
369,44	1495,02
369,66	1374,19
369,88	1535,98
370,09	1406,95
370,31	1540,07
370,53	1468,39
370,74	1468,39
370,96	1445,87
371,18	1505,26
371,39	1435,63
371,61	1572,84
371,82	1511,40
372,04	1484,78
372,26	1495,02
372,47	1501,16
372,69	1468,39
372,91	1505,26
373,12	1404,91
373,34	1527,78
373,56	1400,81
373,77	1525,74
373,99	1402,86
374,20	1495,02
374,42	1441,77
374,64	1587,18
374,85	1415,15
375,07	1503,21
375,29	1431,53
375,50	1443,82
375,72	1476,59
375,93	1447,91
376,15	1468,39
376,37	1523,69
376,58	1431,53
376,80	1447,91
377,01	1417,19
377,23	1505,26
377,45	1415,15
377,66	1439,72
377,88	1431,53
378,10	1447,91
378,31	1429,48
378,53	1538,02
378,74	1402,86
378,96	1482,73
379,18	1490,92
379,39	1427,43
379,61	1445,87
379,82	1490,92
380,04	1443,82
380,26	1443,82
380,47	1429,48
380,69	1507,30
380,90	1474,54
381,12	1449,96
381,33	1449,96
381,55	1511,40
381,77	1474,54
381,98	1339,37
382,20	1376,24
382,41	1460,20
382,63	1474,54
382,85	1390,57
383,06	1507,30
383,28	1499,11
383,49	1519,59
383,71	1509,35
383,92	1445,87
384,14	1413,10
384,36	1333,23
384,57	1468,39
384,79	1413,10
385,00	1511,40
385,22	1413,10
385,43	1376,24
385,65	1421,29
385,87	1449,96
386,08	1343,47
386,30	1488,87
386,51	1462,25
386,73	1396,71
386,94	1437,67
387,16	1404,91
387,37	1527,78
387,59	1425,39
387,81	1413,10
388,02	1507,30
388,24	1339,37
388,45	1458,15
388,67	1374,19
388,88	1460,20
389,10	1497,07
389,31	1513,45
389,53	1521,64
389,75	1533,93
389,96	1433,58
390,18	1374,19
390,39	1333,23
390,61	1466,35
390,82	1435,63
391,04	1466,35
391,25	1458,15
391,47	1366,00
391,68	1445,87
391,90	1462,25
392,11	1472,49
392,33	1402,86
392,54	1421,29
392,76	1417,19
392,97	1415,15
393,19	1521,64
393,41	1402,86
393,62	1427,43
393,84	1566,70
394,05	1456,11
394,27	1542,12
394,48	1359,85
394,70	1529,83
394,91	1415,15
395,13	1439,72
395,34	1505,26
395,56	1413,10
395,77	1503,21
395,99	1380,33
396,20	1413,10
396,42	1398,76
396,63	1554,41
396,85	1462,25
397,06	1341,42
397,28	1484,78
397,49	1476,59
397,71	1423,34
397,92	1415,15
398,14	1458,15
398,35	1542,12
398,57	1429,48
398,78	1478,63
399,00	1531,88
399,21	1423,34
399,43	1447,91
399,64	1454,06
399,86	1495,02
400,07	1447,91
400,29	1495,02
400,50	1546,22
400,72	1517,54
400,93	1497,07
401,14	1460,20
401,36	1429,48
401,57	1492,97
401,79	1503,21
402,00	1449,96
402,22	1511,40
402,43	1488,87
402,65	1452,01
402,86	1507,30
403,08	1587,18
403,29	1460,20
403,51	1544,17
403,72	1492,97
403,94	1390,57
404,15	1472,49
404,36	1488,87
404,58	1718,25
404,79	1492,97
405,01	1441,77
405,22	1566,70
405,44	1359,85
405,65	1517,54
405,87	1486,83
406,08	1488,87
406,30	1480,68
406,51	1423,34
406,72	1431,53
406,94	1505,26
407,15	1515,50
407,37	1533,93
407,58	1419,24
407,80	1515,50
408,01	1443,82
408,23	1472,49
408,44	1513,45
408,65	1478,63
408,87	1488,87
409,08	1445,87
409,30	1490,92
409,51	1333,23
409,73	1441,77
409,94	1501,16
410,15	1564,65
410,37	1538,02
410,58	1427,43
410,80	1447,91
411,01	1488,87
411,23	1488,87
411,44	1415,15
411,65	1531,88
411,87	1454,06
412,08	1427,43
412,30	1499,11
412,51	1497,07
412,72	1468,39
412,94	1501,16
413,15	1368,04
413,37	1478,63
413,58	1423,34
413,79	1456,11
414,01	1445,87
414,22	1521,64
414,44	1492,97
414,65	1425,39
414,86	1394,67
415,08	1499,11
415,29	1458,15
415,51	1452,01
415,72	1472,49
415,93	1439,72
416,15	1415,15
416,36	1439,72
416,58	1505,26
416,79	1355,76
417,00	1415,15
417,22	1583,08
417,43	1509,35
417,65	1533,93
417,86	1417,19
418,07	1497,07
418,29	1484,78
418,50	1511,40
418,71	1423,34
418,93	1400,81
419,14	1415,15
419,36	1445,87
419,57	1417,19
419,78	1464,30
420,00	1347,56
420,21	1441,77
420,42	1439,72
420,64	1492,97
420,85	1486,83
421,06	1447,91
421,28	1488,87
421,49	1435,63
421,71	1452,01
421,92	1515,50
422,13	1478,63
422,35	1556,46
422,56	1497,07
422,77	1439,72
422,99	1513,45
423,20	1423,34
423,41	1509,35
423,63	1505,26
423,84	1437,67
424,05	1523,69
424,27	1433,58
424,48	1529,83
424,69	1501,16
424,91	1775,59
425,12	1513,45
425,33	1554,41
425,55	1480,68
425,76	1392,62
425,97	1466,35
426,19	1490,92
426,40	1495,02
426,61	1497,07
426,83	1511,40
427,04	1531,88
427,25	1460,20
427,47	1523,69
427,68	1435,63
427,89	1501,16
428,11	1409,00
428,32	1556,46
428,53	1523,69
428,75	1421,29
428,96	1521,64
429,17	1449,96
429,39	1474,54
429,60	1501,16
429,81	1497,07
430,03	1515,50
430,24	1431,53
430,45	1497,07
430,67	1509,35
430,88	1511,40
431,09	1484,78
431,30	1472,49
431,52	1452,01
431,73	1499,11
431,94	1458,15
432,16	1468,39
432,37	1488,87
432,58	1468,39
432,80	1402,86
433,01	1431,53
433,22	1423,34
433,43	1431,53
433,65	1425,39
433,86	1468,39
434,07	1484,78
434,29	1511,40
434,50	1466,35
434,71	1470,44
434,92	1460,20
435,14	1480,68
435,35	1501,16
435,56	1443,82
435,77	1431,53
435,99	1474,54
436,20	1476,59
436,41	1404,91
436,63	1415,15
436,84	1462,25
437,05	1439,72
437,26	1464,30
437,48	1495,02
437,69	1445,87
437,90	1452,01
438,11	1452,01
438,33	1466,35
438,54	1492,97
438,75	1546,22
438,96	1443,82
439,18	1429,48
439,39	1470,44
439,60	1462,25
439,82	1533,93
440,03	1593,32
440,24	1554,41
440,45	1456,11
440,67	1427,43
440,88	1509,35
441,09	1484,78
441,30	1458,15
441,51	1509,35
441,73	1423,34
441,94	1472,49
442,15	1486,83
442,36	1527,78
442,58	1501,16
442,79	1400,81
443,00	1468,39
443,21	1449,96
443,43	1441,77
443,64	1488,87
443,85	1527,78
444,06	1546,22
444,28	1462,25
444,49	1470,44
444,70	1441,77
444,91	1540,07
445,12	1538,02
445,34	1409,00
445,55	1589,22
445,76	1488,87
445,97	1515,50
446,18	1501,16
446,40	1462,25
446,61	1439,72
446,82	1501,16
447,03	1497,07
447,25	1419,24
447,46	1458,15
447,67	1523,69
447,88	1398,76
448,09	1519,59
448,31	1552,36
448,52	1468,39
448,73	1533,93
448,94	1507,30
449,15	1503,21
449,37	1429,48
449,58	1445,87
449,79	1585,13
450,00	1501,16
450,21	1404,91
450,43	1480,68
450,64	1468,39
450,85	1505,26
451,06	1464,30
451,27	1533,93
451,48	1529,83
451,70	1503,21
451,91	1419,24
452,12	1591,27
452,33	1499,11
452,54	1398,76
452,76	1560,55
452,97	1599,46
453,18	1445,87
453,39	1472,49
453,60	1484,78
453,81	1415,15
454,03	1497,07
454,24	1482,73
454,45	1409,00
454,66	1488,87
454,87	1462,25
455,08	1542,12
455,30	1583,08
455,51	1507,30
455,72	1517,54
455,93	1454,06
456,14	1431,53
456,35	1521,64
456,56	1443,82
456,78	1556,46
456,99	1523,69
457,20	1486,83
457,41	1517,54
457,62	1472,49
457,83	1552,36
458,04	1470,44
458,26	1454,06
458,47	1435,63
458,68	1503,21
458,89	1515,50
459,10	1513,45
459,31	1492,97
459,52	1517,54
459,74	1544,17
459,95	1570,79
460,16	1404,91
460,37	1574,89
460,58	1566,70
460,79	1484,78
461,00	1513,45
461,21	1435,63
461,43	1466,35
461,64	1503,21
461,85	1425,39
462,06	1480,68
462,27	1435,63
462,48	1540,07
462,69	1597,42
462,90	1400,81
463,12	1462,25
463,33	1529,83
463,54	1406,95
463,75	1447,91
463,96	1544,17
464,17	1509,35
464,38	1538,02
464,59	1501,16
464,80	1452,01
465,01	1472,49
465,23	1445,87
465,44	1429,48
465,65	1484,78
465,86	1574,89
466,07	1478,63
466,28	1460,20
466,49	1599,46
466,70	1529,83
466,91	1492,97
467,12	1509,35
467,33	1521,64
467,55	1527,78
467,76	1484,78
467,97	1495,02
468,18	1540,07
468,39	1552,36
468,60	1497,07
468,81	1486,83
469,02	1583,08
469,23	1566,70
469,44	1499,11
469,65	1476,59
469,86	1511,40
470,07	1529,83
470,29	1529,83
470,50	1497,07
470,71	1507,30
470,92	1523,69
471,13	1562,60
471,34	1478,63
471,55	1558,50
471,76	1568,74
471,97	1503,21
472,18	1531,88
472,39	1503,21
472,60	1519,59
472,81	1564,65
473,02	1542,12
473,23	1472,49
473,44	1449,96
473,65	1486,83
473,87	1566,70
474,08	1499,11
474,29	1462,25
474,50	1509,35
474,71	1480,68
474,92	1601,51
475,13	1511,40
475,34	1570,79
475,55	1464,30
475,76	1523,69
475,97	1544,17
476,18	1583,08
476,39	1568,74
476,60	1519,59
476,81	1562,60
477,02	1509,35
477,23	1492,97
477,44	1492,97
477,65	1507,30
477,86	1501,16
478,07	1624,04
478,28	1538,02
478,49	1552,36
478,70	1589,22
478,91	1505,26
479,12	1460,20
479,33	1470,44
479,54	1490,92
479,75	1605,61
479,96	1519,59
480,17	1525,74
480,38	1562,60
480,59	1458,15
480,80	1511,40
481,01	1556,46
481,22	1546,22
481,43	1546,22
481,64	1521,64
481,85	1490,92
482,06	1482,73
482,27	1593,32
482,48	1556,46
482,69	1634,28
482,90	1581,03
483,11	1589,22
483,32	1572,84
483,53	1464,30
483,74	1626,09
483,95	1531,88
484,16	1449,96
484,37	1507,30
484,58	1564,65
484,79	1558,50
485,00	1595,37
485,21	1427,43
485,42	1601,51
485,63	1675,24
485,84	1550,31
486,05	1529,83
486,26	1488,87
486,47	1574,89
486,68	1593,32
486,89	1439,72
487,10	1542,12
487,31	1560,55
487,52	1591,27
487,73	1599,46
487,94	1570,79
488,15	1554,41
488,36	1568,74
488,57	1433,58
488,77	1562,60
488,98	1511,40
489,19	1628,14
489,40	1564,65
489,61	1511,40
489,82	1607,66
490,03	1636,33
490,24	1470,44
490,45	1566,70
490,66	1558,50
490,87	1681,38
491,08	1527,78
491,29	1495,02
491,50	1511,40
491,71	1566,70
491,92	1605,61
492,13	1615,85
492,33	1480,68
492,54	1562,60
492,75	1517,54
492,96	1511,40
493,17	1558,50
493,38	1548,26
493,59	1562,60
493,80	1566,70
494,01	1589,22
494,22	1601,51
494,43	1511,40
494,64	1488,87
494,85	1540,07
495,05	1634,28
495,26	1585,13
495,47	1656,81
495,68	1578,98
495,89	1601,51
496,10	1478,63
496,31	1529,83
496,52	1540,07
496,73	1650,66
496,94	1509,35
497,15	1566,70
497,35	1511,40
497,56	1595,37
497,77	1478,63
497,98	1511,40
498,19	1603,56
498,40	1607,66
498,61	1646,57
498,82	1511,40
499,03	1503,21
499,23	1568,74
499,44	1648,61
499,65	1628,14
499,86	1628,14
500,07	1572,84
500,28	1621,99
500,49	1558,50
500,70	1572,84
500,91	1501,16
501,11	1624,04
501,32	1564,65
501,53	1499,11
501,74	1621,99
501,95	1570,79
502,16	1595,37
502,37	1578,98
502,57	1587,18
502,78	1560,55
502,99	1558,50
503,20	1542,12
503,41	1572,84
503,62	1619,94
503,83	1648,61
504,03	1648,61
504,24	1587,18
504,45	1669,09
504,66	1640,42
504,87	1613,80
505,08	1542,12
505,29	1542,12
505,49	1626,09
505,70	1587,18
505,91	1593,32
506,12	1548,26
506,33	1626,09
506,54	1564,65
506,75	1591,27
506,95	1562,60
507,16	1691,62
507,37	1636,33
507,58	1576,94
507,79	1607,66
508,00	1650,66
508,20	1478,63
508,41	1597,42
508,62	1560,55
508,83	1605,61
509,04	1517,54
509,24	1611,75
509,45	1826,79
509,66	1701,86
509,87	1669,09
510,08	1621,99
510,29	1753,06
510,49	1619,94
510,70	1511,40
510,91	1560,55
511,12	1613,80
511,33	1634,28
511,53	1597,42
511,74	1546,22
511,95	1546,22
512,16	1642,47
512,37	1566,70
512,57	1632,23
512,78	1644,52
512,99	1578,98
513,20	1673,19
513,41	1671,14
513,61	1591,27
513,82	1669,09
514,03	1529,83
514,24	1675,24
514,45	1615,85
514,65	1605,61
514,86	1535,98
515,07	1531,88
515,28	1609,70
515,49	1634,28
515,69	1503,21
515,90	1589,22
516,11	1624,04
516,32	1628,14
516,52	1499,11
516,73	1546,22
516,94	1615,85
517,15	1628,14
517,36	1615,85
517,56	1660,90
517,77	1527,78
517,98	1683,43
518,19	1546,22
518,39	1597,42
518,60	1542,12
518,81	1699,81
519,02	1519,59
519,22	1560,55
519,43	1550,31
519,64	1619,94
519,85	1615,85
520,05	1587,18
520,26	1609,70
520,47	1671,14
520,68	1638,38
520,88	1554,41
521,09	1632,23
521,30	1615,85
521,51	1644,52
521,71	1685,48
521,92	1658,85
522,13	1529,83
522,34	1552,36
522,54	1482,73
522,75	1523,69
522,96	1607,66
523,17	1564,65
523,37	1601,51
523,58	1538,02
523,79	1599,46
523,99	1550,31
524,20	1583,08
524,41	1525,74
524,62	1640,42
524,82	1597,42
525,03	1718,25
525,24	1529,83
525,45	1552,36
525,65	1533,93
525,86	1654,76
526,07	1548,26
526,27	1617,90
526,48	1566,70
526,69	1691,62
526,90	1501,16
527,10	1593,32
527,31	1566,70
527,52	1538,02
527,72	1566,70
527,93	1617,90
528,14	1544,17
528,34	1591,27
528,55	1509,35
528,76	1630,18
528,97	1511,40
529,17	1552,36
529,38	1603,56
529,59	1581,03
529,79	1599,46
530,00	1607,66
530,21	1632,23
530,41	1542,12
530,62	1540,07
530,83	1615,85
531,03	1617,90
531,24	1599,46
531,45	1535,98
531,65	1658,85
531,86	1548,26
532,07	1689,57
532,27	1583,08
532,48	1550,31
532,69	1564,65
532,89	1617,90
533,10	1566,70
533,31	1556,46
533,51	1484,78
533,72	1665,00
533,93	1578,98
534,13	1550,31
534,34	1509,35
534,55	1662,95
534,75	1519,59
534,96	1755,11
535,17	1550,31
535,37	1613,80
535,58	1529,83
535,79	1640,42
535,99	1361,90
536,20	1574,89
536,41	1513,45
536,61	1609,70
536,82	1593,32
537,03	1562,60
537,23	1488,87
537,44	1562,60
537,64	1552,36
537,85	1587,18
538,06	1533,93
538,26	1722,34
538,47	1673,19
538,68	1646,57
538,88	1505,26
539,09	1628,14
539,30	1460,20
539,50	1642,47
539,71	1613,80
539,91	1564,65
540,12	1630,18
540,33	1583,08
540,53	1566,70
540,74	1599,46
540,94	1593,32
541,15	1552,36
541,36	1480,68
541,56	1626,09
541,77	1617,90
541,98	1570,79
542,18	1660,90
542,39	1619,94
542,59	1650,66
542,80	1578,98
543,01	1480,68
543,21	1585,13
543,42	1638,38
543,62	1646,57
543,83	1533,93
544,04	1533,93
544,24	1527,78
544,45	1535,98
544,65	1630,18
544,86	1527,78
545,06	1619,94
545,27	1611,75
545,48	1566,70
545,68	1566,70
545,89	1548,26
546,09	1570,79
546,30	1585,13
546,51	1669,09
546,71	1601,51
546,92	1542,12
547,12	1601,51
547,33	1562,60
547,53	1464,30
547,74	1568,74
547,95	1552,36
548,15	1550,31
548,36	1632,23
548,56	1619,94
548,77	1544,17
548,97	1634,28
549,18	1507,30
549,39	1533,93
549,59	1439,72
549,80	1531,88
550,00	1589,22
550,21	1556,46
550,41	1525,74
550,62	1669,09
550,82	1538,02
551,03	1578,98
551,23	1533,93
551,44	1554,41
551,65	1578,98
551,85	1591,27
552,06	1492,97
552,26	1535,98
552,47	1517,54
552,67	1550,31
552,88	1472,49
553,08	1517,54
553,29	1613,80
553,49	1533,93
553,70	1556,46
553,90	1603,56
554,11	1597,42
554,32	1529,83
554,52	1621,99
554,73	1617,90
554,93	1466,35
555,14	1570,79
555,34	1617,90
555,55	1515,50
555,75	1452,01
555,96	1542,12
556,16	1503,21
556,37	1628,14
556,57	1540,07
556,78	1533,93
556,98	1632,23
557,19	1613,80
557,39	1527,78
557,60	1570,79
557,80	1505,26
558,01	1593,32
558,21	1464,30
558,42	1591,27
558,62	1564,65
558,83	1628,14
559,03	1533,93
559,24	1578,98
559,44	1595,37
559,65	1640,42
559,85	1605,61
560,06	1601,51
560,26	1621,99
560,47	1587,18
560,67	1640,42
560,88	1562,60
561,08	1689,57
561,29	1642,47
561,49	1591,27
561,70	1665,00
561,90	1648,61
562,10	1558,50
562,31	1615,85
562,51	1611,75
562,72	1595,37
562,92	1679,33
563,13	1642,47
563,33	1589,22
563,54	1546,22
563,74	1681,38
563,95	1542,12
564,15	1673,19
564,36	1630,18
564,56	1595,37
564,76	1572,84
564,97	1613,80
565,17	1642,47
565,38	1703,91
565,58	1574,89
565,79	1617,90
565,99	1642,47
566,20	1669,09
566,40	1624,04
566,60	1775,59
566,81	1570,79
567,01	1705,96
567,22	1699,81
567,42	1642,47
567,63	1552,36
567,83	1699,81
568,04	1671,14
568,24	1685,48
568,44	1722,34
568,65	1660,90
568,85	1712,10
569,06	1759,21
569,26	1585,13
569,47	1660,90
569,67	1568,74
569,87	1644,52
570,08	1701,86
570,28	1669,09
570,49	1576,94
570,69	1742,82
570,89	1716,20
571,10	1714,15
571,30	1648,61
571,51	1734,63
571,71	1763,30
571,91	1775,59
572,12	1632,23
572,32	1662,95
572,53	1691,62
572,73	1755,11
572,93	1695,72
573,14	1732,58
573,34	1669,09
573,55	1624,04
573,75	1703,91
573,95	1624,04
574,16	1673,19
574,36	1710,05
574,57	1701,86
574,77	1632,23
574,97	1619,94
575,18	1718,25
575,38	1619,94
575,59	1697,77
575,79	1640,42
575,99	1667,05
576,20	1652,71
576,40	1748,97
576,60	1736,68
576,81	1722,34
577,01	1722,34
577,22	1728,49
577,42	1656,81
577,62	1730,53
577,83	1603,56
578,03	1767,40
578,23	1628,14
578,44	1703,91
578,64	1681,38
578,84	1742,82
579,05	1617,90
579,25	1753,06
579,45	1574,89
579,66	1644,52
579,86	1705,96
580,07	1673,19
580,27	1693,67
580,47	1648,61
580,68	1605,61
580,88	1683,43
581,08	1640,42
581,29	1652,71
581,49	1681,38
581,69	1654,76
581,90	1605,61
582,10	1667,05
582,30	1669,09
582,51	1587,18
582,71	1695,72
582,91	1644,52
583,12	1638,38
583,32	1714,15
583,52	1613,80
583,73	1632,23
583,93	1624,04
584,13	1714,15
584,34	1671,14
584,54	1605,61
584,74	1667,05
584,94	1687,53
585,15	1691,62
585,35	1779,68
585,55	1646,57
585,76	1673,19
585,96	1638,38
586,16	1660,90
586,37	1605,61
586,57	1685,48
586,77	1681,38
586,98	1730,53
587,18	1708,01
587,38	1697,77
587,58	1675,24
587,79	1687,53
587,99	1656,81
588,19	1763,30
588,40	1638,38
588,60	1820,64
588,80	1677,29
589,00	1734,63
589,21	1667,05
589,41	1720,29
589,61	1701,86
589,82	1777,64
590,02	1523,69
590,22	1796,07
590,42	1705,96
590,63	1822,69
590,83	1705,96
591,03	1757,16
591,23	1775,59
591,44	1777,64
591,64	1722,34
591,84	1734,63
592,05	1701,86
592,25	1755,11
592,45	1765,35
592,65	1777,64
592,86	1753,06
593,06	1845,22
593,26	1671,14
593,46	1783,78
593,67	1726,44
593,87	1810,40
594,07	1726,44
594,27	1718,25
594,48	1716,20
594,68	1769,44
594,88	1853,41
595,08	1767,40
595,29	1763,30
595,49	1814,50
595,69	1716,20
595,89	1814,50
596,10	1843,17
596,30	1765,35
596,50	1763,30
596,70	1781,73
596,90	1845,22
597,11	1781,73
597,31	1720,29
597,51	1812,45
597,71	1761,25
597,92	1890,28
598,12	1791,97
598,32	1855,46
598,52	1787,88
598,72	1812,45
598,93	1785,83
599,13	1937,38
599,33	1781,73
599,53	1757,16
599,74	1773,54
599,94	1845,22
600,14	1775,59
600,34	1800,16
600,54	1847,27
600,75	1738,73
600,95	1744,87
601,15	1808,36
601,35	1810,40
601,55	1767,40
601,76	1648,61
601,96	1820,64
602,16	1804,26
602,36	1746,92
602,56	1810,40
602,76	1642,47
602,97	1730,53
603,17	1832,93
603,37	1738,73
603,57	1759,21
603,77	1673,19
603,98	1740,77
604,18	1673,19
604,38	1679,33
604,58	1636,33
604,78	1687,53
604,98	1701,86
605,19	1658,85
605,39	1638,38
605,59	1757,16
605,79	1705,96
605,99	1617,90
606,19	1679,33
606,40	1613,80
606,60	1665,00
606,80	1693,67
607,00	1589,22
607,20	1640,42
607,40	1624,04
607,61	1734,63
607,81	1740,77
608,01	1636,33
608,21	1708,01
608,41	1589,22
608,61	1708,01
608,81	1554,41
609,02	1591,27
609,22	1624,04
609,42	1613,80
609,62	1732,58
609,82	1611,75
610,02	1724,39
610,22	1671,14
610,43	1644,52
610,63	1654,76
610,83	1689,57
611,03	1687,53
611,23	1710,05
611,43	1699,81
611,63	1630,18
611,83	1611,75
612,04	1689,57
612,24	1677,29
612,44	1615,85
612,64	1783,78
612,84	1716,20
613,04	1677,29
613,24	1724,39
613,44	1660,90
613,64	1720,29
613,85	1771,49
614,05	1662,95
614,25	1697,77
614,45	1714,15
614,65	1763,30
614,85	1730,53
615,05	1697,77
615,25	1794,02
615,45	1814,50
615,65	1779,68
615,86	1746,92
616,06	1736,68
616,26	1777,64
616,46	1800,16
616,66	1771,49
616,86	1791,97
617,06	1849,32
617,26	1968,10
617,46	2035,68
617,66	1837,03
617,86	1978,34
618,07	1808,36
618,27	1996,77
618,47	1814,50
618,67	2052,06
618,87	1959,91
619,07	1984,48
619,27	2174,94
619,47	2086,88
619,67	2138,08
619,87	2002,91
620,07	2082,78
620,27	2154,46
620,47	2031,58
620,67	2082,78
620,87	2066,40
621,07	2211,81
621,28	2125,79
621,48	2148,32
621,68	2207,71
621,88	2318,30
622,08	2201,57
622,28	2215,90
622,48	2377,69
622,68	2306,01
622,88	2314,20
623,08	2445,27
623,28	2357,21
623,48	2308,06
623,68	2408,41
623,88	2422,75
624,08	2545,63
624,28	2508,76
624,48	2496,47
624,68	2519,00
624,88	2543,58
625,08	2686,94
625,28	2650,07
625,48	2668,50
625,68	2611,16
625,88	2652,12
626,08	2641,88
626,28	2744,28
626,48	2832,34
626,68	2748,37
626,88	2842,58
627,08	2760,66
627,28	2957,27
627,48	2836,44
627,68	2848,72
627,88	2850,77
628,08	2985,94
628,28	2963,41
628,49	3198,93
628,68	3049,43
628,88	3053,52
629,08	3018,71
629,28	3231,69
629,48	3102,67
629,68	3215,31
629,88	3305,42
630,08	3235,79
630,28	3303,37
630,48	3198,93
630,68	3254,22
630,88	3315,66
631,08	3319,76
631,28	3434,44
631,48	3370,96
631,68	3459,02
631,88	3532,75
632,08	3508,17
632,28	3508,17
632,48	3524,55
632,68	3518,41
632,88	3624,90
633,08	3641,29
633,28	3606,47
633,48	3594,19
633,68	3606,47
633,88	3633,10
634,08	3555,27
634,28	3817,41
634,48	3684,30
634,68	3741,64
634,88	3680,20
635,08	3688,39
635,28	3725,26
635,48	3760,07
635,68	3553,23
635,87	3850,18
636,07	3585,99
636,27	3850,18
636,47	3575,75
636,67	3758,02
636,87	3698,63
637,07	3751,88
637,27	3534,79
637,47	3610,57
637,67	3704,78
637,87	3725,26
638,07	3823,56
638,27	3815,37
638,47	3706,82
638,67	3919,81
638,86	3579,85
639,06	3932,10
639,26	3848,13
639,46	3790,79
639,66	3833,80
639,86	4091,84
640,06	4052,93
640,26	3964,87
640,46	3696,58
640,66	4022,21
640,86	3798,98
641,06	3903,43
641,25	3860,42
641,45	4034,50
641,65	3796,93
641,85	4143,04
642,05	4003,78
642,25	4143,04
642,45	4052,93
642,65	4276,16
642,85	3862,47
643,05	4087,75
643,24	3887,04
643,44	4184,00
643,64	3934,15
643,84	4046,79
644,04	3796,93
644,24	4128,70
644,44	3766,21
644,64	4007,87
644,84	3780,55
645,03	3985,35
645,23	3852,23
645,43	3901,38
645,63	3682,25
645,83	3717,06
646,03	3491,79
646,23	3706,82
646,42	3516,36
646,62	3608,52
646,82	3225,55
647,02	3327,95
647,22	3180,50
647,42	3184,59
647,62	2922,45
647,82	2949,08
648,01	2992,08
648,21	2996,18
648,41	2654,17
648,61	2725,85
648,81	2615,26
649,01	2521,05
649,20	2439,13
649,40	2336,73
649,60	2297,82
649,80	2363,36
650,00	2093,02
650,20	2394,08
650,40	2133,98
650,59	2052,06
650,79	2058,21
650,99	1945,57
651,19	1904,61
651,39	1957,86
651,58	1970,15
651,78	1851,36
651,98	1888,23
652,18	1816,55
652,38	1716,20
652,58	1783,78
652,77	1755,11
652,97	1886,18
653,17	1757,16
653,37	1759,21
653,57	1624,04
653,77	1671,14
653,96	1691,62
654,16	1611,75
654,36	1673,19
654,56	1552,36
654,76	1613,80
654,95	1517,54
655,15	1574,89
655,35	1640,42
655,55	1617,90
655,75	1562,60
655,94	1527,78
656,14	1570,79
656,34	1652,71
656,54	1583,08
656,73	1468,39
656,93	1472,49
657,13	1613,80
657,33	1578,98
657,53	1497,07
657,72	1488,87
657,92	1490,92
658,12	1470,44
658,32	1540,07
658,52	1452,01
658,71	1425,39
658,91	1495,02
659,11	1507,30
659,31	1462,25
659,50	1480,68
659,70	1460,20
659,90	1560,55
660,10	1472,49
660,29	1507,30
660,49	1497,07
660,69	1515,50
660,89	1472,49
661,08	1490,92
661,28	1449,96
661,48	1390,57
661,68	1456,11
661,87	1421,29
662,07	1368,04
662,27	1427,43
662,47	1490,92
662,66	1542,12
662,86	1423,34
663,06	1456,11
663,26	1398,76
663,45	1572,84
663,65	1484,78
663,85	1449,96
664,05	1482,73
664,24	1484,78
664,44	1421,29
664,64	1456,11
664,84	1443,82
665,03	1462,25
665,23	1488,87
665,43	1423,34
665,62	1366,00
665,82	1454,06
666,02	1468,39
666,22	1482,73
666,41	1374,19
666,61	1423,34
666,81	1413,10
667,00	1439,72
667,20	1429,48
667,40	1472,49
667,60	1454,06
667,79	1406,95
667,99	1452,01
668,19	1468,39
668,38	1372,14
668,58	1460,20
668,78	1413,10
668,97	1521,64
669,17	1392,62
669,37	1513,45
669,57	1413,10
669,76	1540,07
669,96	1490,92
670,16	1513,45
670,35	1363,95
670,55	1390,57
670,75	1445,87
670,94	1413,10
671,14	1452,01
671,34	1501,16
671,53	1443,82
671,73	1509,35
671,93	1413,10
672,12	1419,24
672,32	1437,67
672,52	1433,58
672,71	1400,81
672,91	1443,82
673,11	1449,96
673,30	1519,59
673,50	1488,87
673,70	1443,82
673,89	1374,19
674,09	1445,87
674,29	1413,10
674,48	1519,59
674,68	1464,30
674,88	1441,77
675,07	1521,64
675,27	1396,71
675,46	1378,28
675,66	1449,96
675,86	1366,00
676,05	1447,91
676,25	1474,54
676,45	1478,63
676,64	1425,39
676,84	1482,73
677,04	1419,24
677,23	1484,78
677,43	1398,76
677,62	1415,15
677,82	1445,87
678,02	1476,59
678,21	1388,52
678,41	1486,83
678,61	1472,49
678,80	1398,76
679,00	1513,45
679,19	1486,83
679,39	1492,97
679,59	1425,39
679,78	1456,11
679,98	1388,52
680,17	1427,43
680,37	1458,15
680,57	1421,29
680,76	1462,25
680,96	1421,29
681,16	1392,62
681,35	1368,04
681,55	1437,67
681,74	1378,28
681,94	1470,44
682,13	1435,63
682,33	1355,76
682,53	1370,09
682,72	1433,58
682,92	1320,94
683,11	1452,01
683,31	1456,11
683,51	1472,49
683,70	1452,01
683,90	1458,15
684,09	1417,19
684,29	1486,83
684,48	1470,44
684,68	1406,95
684,88	1488,87
685,07	1507,30
685,27	1406,95
685,46	1454,06
685,66	1480,68
685,85	1437,67
686,05	1533,93
686,25	1470,44
686,44	1423,34
686,64	1454,06
686,83	1417,19
687,03	1466,35
687,22	1370,09
687,42	1378,28
687,61	1505,26
687,81	1398,76
688,01	1452,01
688,20	1409,00
688,40	1413,10
688,59	1423,34
688,79	1413,10
688,98	1359,85
689,18	1452,01
689,37	1501,16
689,57	1443,82
689,76	1484,78
689,96	1351,66
690,15	1466,35
690,35	1486,83
690,54	1402,86
690,74	1456,11
690,94	1384,43
691,13	1439,72
691,33	1464,30
691,52	1497,07
691,72	1486,83
691,91	1392,62
692,11	1499,11
692,30	1474,54
692,50	1529,83
692,69	1390,57
692,89	1497,07
693,08	1366,00
693,28	1492,97
693,47	1400,81
693,67	1527,78
693,86	1337,32
694,06	1501,16
694,25	1411,05
694,45	1441,77
694,64	1460,20
694,84	1441,77
695,03	1417,19
695,23	1462,25
695,42	1466,35
695,62	1535,98
695,81	1525,74
696,01	1447,91
696,20	1411,05
696,40	1429,48
696,59	1372,14
696,78	1452,01
696,98	1474,54
697,17	1423,34
697,37	1413,10
697,56	1445,87
697,76	1492,97
697,95	1486,83
698,15	1447,91
698,34	1515,50
698,54	1406,95
698,73	1505,26
698,93	1378,28
699,12	1482,73
699,32	1388,52
699,51	1439,72
699,70	1406,95
699,90	1478,63
700,09	1464,30
700,29	1437,67
700,48	1382,38
700,68	1355,76
700,87	1390,57
701,07	1449,96
701,26	1474,54
701,45	1374,19
701,65	1505,26
701,84	1456,11
702,04	1374,19
702,23	1423,34
702,43	1357,80
702,62	1490,92
702,81	1411,05
703,01	1398,76
703,20	1447,91
703,40	1417,19
703,59	1470,44
703,79	1411,05
703,98	1374,19
704,17	1433,58
704,37	1441,77
704,56	1476,59
704,76	1429,48
704,95	1400,81
705,14	1386,47
705,34	1384,43
705,53	1429,48
705,73	1382,38
705,92	1433,58
706,11	1484,78
706,31	1456,11
706,50	1476,59
706,70	1443,82
706,89	1460,20
707,08	1490,92
707,28	1476,59
707,47	1361,90
707,67	1396,71
707,86	1472,49
708,05	1357,80
708,25	1386,47
708,44	1341,42
708,64	1363,95
708,83	1376,24
709,02	1419,24
709,22	1527,78
709,41	1380,33
709,60	1486,83
709,80	1447,91
709,99	1404,91
710,19	1437,67
710,38	1447,91
710,57	1347,56
710,77	1374,19
710,96	1423,34
711,15	1406,95
711,35	1425,39
711,54	1495,02
711,73	1411,05
711,93	1452,01
712,12	1409,00
712,31	1441,77
712,51	1400,81
712,70	1482,73
712,89	1366,00
713,09	1380,33
713,28	1411,05
713,48	1372,14
713,67	1411,05
713,86	1452,01
714,06	1406,95
714,25	1433,58
714,44	1386,47
714,64	1394,67
714,83	1366,00
715,02	1355,76
715,22	1361,90
715,41	1427,43
715,60	1374,19
715,79	1415,15
715,99	1484,78
716,18	1384,43
716,37	1409,00
716,57	1361,90
716,76	1415,15
716,95	1392,62
717,15	1411,05
717,34	1366,00
717,53	1427,43
717,73	1417,19
717,92	1427,43
718,11	1482,73
718,31	1415,15
718,50	1488,87
718,69	1333,23
718,88	1419,24
719,08	1368,04
719,27	1341,42
719,46	1388,52
719,66	1386,47
719,85	1441,77
720,04	1417,19
720,23	1390,57
720,43	1349,61
720,62	1343,47
720,81	1269,74
721,01	1388,52
721,20	1357,80
721,39	1447,91
721,58	1452,01
721,78	1390,57
721,97	1347,56
722,16	1386,47
722,35	1472,49
722,55	1329,13
722,74	1460,20
722,93	1452,01
723,13	1386,47
723,32	1449,96
723,51	1351,66
723,70	1380,33
723,90	1411,05
724,09	1437,67
724,28	1372,14
724,47	1347,56
724,67	1488,87
724,86	1394,67
725,05	1378,28
725,24	1409,00
725,44	1431,53
725,63	1372,14
725,82	1411,05
726,01	1396,71
726,21	1423,34
726,40	1337,32
726,59	1396,71
726,78	1304,56
726,97	1417,19
727,17	1425,39
727,36	1435,63
727,55	1378,28
727,74	1423,34
727,94	1433,58
728,13	1396,71
728,32	1300,46
728,51	1398,76
728,70	1421,29
728,90	1374,19
729,09	1396,71
729,28	1497,07
729,47	1443,82
729,66	1406,95
729,86	1388,52
730,05	1384,43
730,24	1372,14
730,43	1419,24
730,63	1429,48
730,82	1484,78
731,01	1511,40
731,20	1331,18
731,39	1409,00
731,58	1452,01
731,78	1400,81
731,97	1376,24
732,16	1284,08
732,35	1431,53
732,54	1476,59
732,74	1439,72
732,93	1380,33
733,12	1386,47
733,31	1355,76
733,50	1353,71
733,69	1415,15
733,89	1499,11
734,08	1505,26
734,27	1394,67
734,46	1411,05
734,65	1404,91
734,84	1398,76
735,04	1392,62
735,23	1447,91
735,42	1425,39
735,61	1325,04
735,80	1505,26
735,99	1388,52
736,19	1411,05
736,38	1413,10
736,57	1388,52
736,76	1349,61
736,95	1478,63
737,14	1386,47
737,33	1466,35
737,53	1495,02
737,72	1404,91
737,91	1409,00
738,10	1423,34
738,29	1396,71
738,48	1425,39
738,67	1406,95
738,87	1415,15
739,06	1433,58
739,25	1368,04
739,44	1325,04
739,63	1431,53
739,82	1361,90
740,01	1472,49
740,20	1437,67
740,40	1413,10
740,59	1351,66
740,78	1454,06
740,97	1363,95
741,16	1339,37
741,35	1443,82
741,54	1470,44
741,73	1390,57
741,92	1357,80
742,12	1400,81
742,31	1443,82
742,50	1480,68
742,69	1435,63
742,88	1363,95
743,07	1357,80
743,26	1441,77
743,45	1488,87
743,64	1439,72
743,83	1431,53
744,02	1411,05
744,22	1454,06
744,41	1445,87
744,60	1374,19
744,79	1392,62
744,98	1388,52
745,17	1390,57
745,36	1374,19
745,55	1513,45
745,74	1335,28
745,93	1366,00
746,12	1388,52
746,31	1409,00
746,50	1406,95
746,70	1413,10
746,89	1411,05
747,08	1521,64
747,27	1409,00
747,46	1400,81
747,65	1423,34
747,84	1466,35
748,03	1419,24
748,22	1464,30
748,41	1423,34
748,60	1449,96
748,79	1445,87
748,98	1366,00
749,17	1404,91
749,36	1476,59
749,55	1411,05
749,74	1380,33
749,93	1540,07
750,12	1363,95
750,31	1445,87
750,50	1452,01
750,70	1435,63
750,89	1513,45
751,08	1533,93
751,27	1435,63
751,46	1472,49
751,65	1447,91
751,84	1509,35
752,03	1314,80
752,22	1460,20
752,41	1386,47
752,60	1329,13
752,79	1433,58
752,98	1376,24
753,17	1419,24
753,36	1425,39
753,55	1419,24
753,74	1423,34
753,93	1427,43
754,12	1386,47
754,31	1509,35
754,50	1488,87
754,69	1454,06
754,88	1329,13
755,07	1478,63
755,26	1478,63
755,45	1402,86
755,64	1433,58
755,83	1388,52
756,02	1390,57
756,21	1470,44
756,40	1460,20
756,59	1484,78
756,78	1396,71
756,97	1376,24
757,16	1417,19
757,35	1466,35
757,54	1437,67
757,72	1427,43
757,91	1329,13
758,10	1429,48
758,29	1394,67
758,48	1421,29
758,67	1304,56
758,86	1327,08
759,05	1470,44
759,24	1484,78
759,43	1456,11
759,62	1417,19
759,81	1503,21
760,00	1439,72
760,19	1415,15
760,38	1521,64
760,57	1378,28
760,76	1400,81
760,95	1529,83
761,14	1427,43
761,33	1419,24
761,52	1437,67
761,70	1456,11
761,89	1452,01
762,08	1415,15
762,27	1370,09
762,46	1380,33
762,65	1419,24
762,84	1458,15
763,03	1452,01
763,22	1480,68
763,41	1427,43
763,60	1470,44
763,79	1474,54
763,98	1472,49
764,16	1380,33
764,35	1552,36
764,54	1460,20
764,73	1482,73
764,92	1533,93
765,11	1562,60
765,30	1501,16
765,49	1376,24
765,68	1384,43
765,87	1409,00
766,06	1509,35
766,24	1366,00
766,43	1417,19
766,62	1462,25
766,81	1398,76
767,00	1503,21
767,19	1388,52
767,38	1558,50
767,57	1382,38
767,76	1480,68
767,94	1490,92
768,13	1419,24
768,32	1523,69
768,51	1478,63
768,70	1417,19
768,89	1472,49
769,08	1423,34
769,27	1392,62
769,45	1413,10
769,64	1533,93
769,83	1415,15
770,02	1413,10
770,21	1433,58
770,40	1452,01
770,59	1366,00
770,77	1443,82
770,96	1433,58
771,15	1462,25
771,34	1466,35
771,53	1572,84
771,72	1497,07
771,91	1314,80
772,09	1476,59
772,28	1396,71
772,47	1361,90
772,66	1499,11
772,85	1415,15
773,04	1476,59
773,22	1443,82
773,41	1474,54
773,60	1370,09
773,79	1409,00
773,98	1447,91
774,17	1484,78
774,35	1454,06
774,54	1452,01
774,73	1566,70
774,92	1464,30
775,11	1484,78
775,30	1511,40
775,48	1452,01
775,67	1464,30
775,86	1439,72
776,05	1527,78
776,24	1492,97
776,42	1468,39
776,61	1513,45
776,80	1511,40
776,99	1378,28
777,18	1533,93
777,36	1402,86
777,55	1388,52
777,74	1517,54
777,93	1447,91
778,12	1380,33
778,30	1558,50
778,49	1452,01
778,68	1388,52
778,87	1417,19
779,06	1423,34
779,24	1513,45
779,43	1382,38
779,62	1468,39
779,81	1458,15
779,99	1376,24
780,18	1458,15
780,37	1505,26
780,56	1492,97
780,75	1525,74
780,93	1495,02
781,12	1460,20
781,31	1513,45
781,50	1476,59
781,68	1460,20
781,87	1435,63
782,06	1431,53
782,25	1429,48
782,43	1456,11
782,62	1390,57
782,81	1454,06
783,00	1454,06
783,18	1433,58
783,37	1533,93
783,56	1484,78
783,75	1492,97
783,93	1454,06
784,12	1400,81
784,31	1519,59
784,50	1419,24
784,68	1472,49
784,87	1490,92
785,06	1488,87
785,24	1462,25
785,43	1501,16
785,62	1535,98
785,81	1464,30
785,99	1458,15
786,18	1425,39
786,37	1443,82
786,56	1398,76
786,74	1441,77
786,93	1398,76
787,12	1511,40
787,30	1388,52
787,49	1503,21
787,68	1509,35
787,87	1464,30
788,05	1560,55
788,24	1372,14
788,43	1398,76
788,61	1513,45
788,80	1445,87
788,99	1378,28
789,17	1454,06
789,36	1423,34
789,55	1388,52
789,73	1452,01
789,92	1390,57
790,11	1333,23
790,30	1452,01
790,48	1402,86
790,67	1427,43
790,86	1495,02
791,04	1443,82
791,23	1452,01
791,42	1523,69
791,60	1322,99
791,79	1437,67
791,98	1441,77
792,16	1511,40
792,35	1482,73
792,54	1437,67
792,72	1454,06
792,91	1501,16
793,10	1370,09
793,28	1415,15
793,47	1449,96
793,66	1390,57
793,84	1339,37
794,03	1415,15
794,22	1501,16
794,40	1458,15
794,59	1437,67
794,77	1353,71
794,96	1353,71
795,15	1472,49
795,33	1472,49
795,52	1468,39
795,71	1423,34
795,89	1468,39
796,08	1572,84
796,27	1390,57
796,45	1343,47
796,64	1425,39
796,82	1464,30
797,01	1413,10
797,20	1392,62
797,38	1406,95
797,57	1388,52
797,76	1409,00
797,94	1449,96
798,13	1499,11
798,31	1452,01
798,50	1400,81
798,69	1454,06
798,87	1341,42
799,06	1376,24
799,24	1382,38
799,43	1462,25
799,62	1366,00
799,80	1415,15
799,99	1378,28
800,17	1388,52
800,36	1449,96
800,55	1361,90
800,73	1370,09
800,92	1484,78
801,10	1372,14
801,29	1449,96
801,48	1368,04
801,66	1398,76
801,85	1368,04
802,03	1345,52
802,22	1468,39
802,40	1454,06
802,59	1411,05
802,78	1380,33
802,96	1359,85
803,15	1576,94
803,33	1533,93
803,52	1394,67
803,70	1447,91
803,89	1380,33
804,08	1380,33
804,26	1447,91
804,45	1411,05
804,63	1409,00
804,82	1492,97
805,00	1392,62
805,19	1372,14
805,37	1417,19
805,56	1495,02
805,74	1396,71
805,93	1441,77
806,12	1386,47
806,30	1505,26
806,49	1458,15
806,67	1402,86
806,86	1318,89
807,04	1398,76
807,23	1505,26
807,41	1404,91
807,60	1390,57
807,78	1415,15
807,97	1722,34
808,15	1349,61
808,34	1372,14
808,52	1384,43
808,71	1431,53
808,89	1427,43
809,08	1392,62
809,27	1374,19
809,45	1435,63
809,64	1415,15
809,82	1404,91
810,01	1382,38
810,19	1484,78
810,38	1353,71
810,56	1437,67
810,75	1443,82
810,93	1464,30
811,12	1409,00
811,30	1466,35
811,49	1372,14
811,67	1466,35
811,85	1435,63
812,04	1425,39
812,22	1398,76
812,41	1452,01
812,59	1406,95
812,78	1361,90
812,96	1419,24
813,15	1441,77
813,33	1398,76
813,52	1413,10
813,70	1411,05
813,89	1411,05
814,07	1441,77
814,26	1390,57
814,44	1404,91
814,63	1476,59
814,81	1372,14
815,00	1470,44
815,18	1449,96
815,36	1312,75
815,55	1433,58
815,73	1411,05
815,92	1511,40
816,10	1452,01
816,29	1505,26
816,47	1372,14
816,66	1394,67
816,84	1417,19
817,02	1492,97
817,21	1437,67
817,39	1425,39
817,58	1458,15
817,76	1347,56
817,95	1513,45
818,13	1384,43
818,32	1406,95
818,50	1445,87
818,68	1447,91
818,87	1529,83
819,05	1368,04
819,24	1482,73
819,42	1443,82
819,60	1351,66
819,79	1431,53
819,97	1429,48
820,16	1419,24
820,34	1357,80
820,53	1427,43
820,71	1435,63
820,89	1447,91
821,08	1372,14
821,26	1368,04
821,45	1398,76
821,63	1325,04
821,81	1398,76
822,00	1318,89
822,18	1406,95
822,37	1445,87
822,55	1406,95
822,73	1400,81
822,92	1503,21
823,10	1359,85
823,28	1466,35
823,47	1441,77
823,65	1351,66
823,84	1452,01
824,02	1427,43
824,20	1413,10
824,39	1437,67
824,57	1507,30
824,75	1472,49
824,94	1443,82
825,12	1398,76
825,31	1452,01
825,49	1462,25
825,67	1400,81
825,86	1386,47
826,04	1538,02
826,22	1443,82
826,41	1419,24
826,59	1431,53
826,77	1427,43
826,96	1439,72
827,14	1363,95
827,32	1419,24
827,51	1445,87
827,69	1525,74
827,87	1409,00
828,06	1427,43
828,24	1521,64
828,42	1378,28
828,61	1540,07
828,79	1546,22
828,97	1454,06
829,16	1492,97
829,34	1425,39
829,52	1435,63
829,71	1490,92
829,89	1503,21
830,07	1388,52
830,26	1495,02
830,44	1470,44
830,62	1460,20
830,81	1347,56
830,99	1429,48
831,17	1409,00
831,36	1437,67
831,54	1433,58
831,72	1425,39
831,91	1390,57
832,09	1406,95
832,27	1445,87
832,45	1464,30
832,64	1322,99
832,82	1511,40
833,00	1368,04
833,19	1437,67
833,37	1390,57
833,55	1423,34
833,73	1456,11
833,92	1427,43
834,10	1314,80
834,28	1460,20
834,47	1421,29
834,65	1441,77
834,83	1404,91
835,01	1492,97
835,20	1406,95
835,38	1464,30
835,56	1394,67
835,74	1521,64
835,93	1447,91
836,11	1421,29
836,29	1413,10
836,47	1472,49
836,66	1458,15
836,84	1435,63
837,02	1431,53
837,21	1552,36
837,39	1441,77
837,57	1392,62
837,75	1429,48
837,94	1445,87
838,12	1421,29
838,30	1419,24
838,48	1368,04
838,66	1458,15
838,85	1499,11
839,03	1456,11
839,21	1333,23
839,39	1392,62
839,58	1431,53
839,76	1466,35
839,94	1507,30
840,12	1404,91
840,31	1472,49
840,49	1396,71
840,67	1402,86
840,85	1398,76
841,03	1474,54
841,22	1476,59
841,40	1466,35
841,58	1454,06
841,76	1396,71
841,94	1382,38
842,13	1460,20
842,31	1437,67
842,49	1466,35
842,67	1476,59
842,85	1525,74
843,04	1458,15
843,22	1423,34
843,40	1400,81
843,58	1490,92
843,76	1482,73
843,95	1484,78
844,13	1443,82
844,31	1372,14
844,49	1390,57
844,67	1427,43
844,86	1441,77
845,04	1421,29
845,22	1452,01
845,40	1447,91
845,58	1501,16
845,76	1345,52
845,95	1441,77
846,13	1515,50
846,31	1521,64
846,49	1454,06
846,67	1423,34
846,85	1460,20
847,04	1466,35
847,22	1396,71
847,40	1406,95
847,58	1423,34
847,76	1400,81
847,94	1421,29
848,12	1515,50
848,31	1478,63
848,49	1357,80
848,67	1492,97
848,85	1468,39
849,03	1458,15
849,21	1439,72
849,39	1460,20
849,58	1478,63
849,76	1456,11
849,94	1497,07
850,12	1372,14
850,30	1525,74
850,48	1456,11
850,66	1478,63
850,84	1468,39
851,03	1443,82
851,21	1413,10
851,39	1449,96
851,57	1503,21
851,75	1431,53
851,93	1480,68
852,11	1529,83
852,29	1445,87
852,47	1460,20
852,66	1472,49
852,84	1435,63
853,02	1413,10
853,20	1447,91
853,38	1482,73
853,56	1525,74
853,74	1443,82
853,92	1478,63
854,10	1417,19
854,28	1372,14
854,46	1443,82
854,65	1423,34
854,83	1406,95
855,01	1490,92
855,19	1468,39
855,37	1447,91
855,55	1456,11
855,73	1486,83
855,91	1499,11
856,09	1394,67
856,27	1570,79
856,45	1495,02
856,63	1363,95
856,81	1447,91
857,00	1435,63
857,18	1462,25
857,36	1423,34
857,54	1470,44
857,72	1480,68
857,90	1509,35
858,08	1458,15
858,26	1423,34
858,44	1486,83
858,62	1531,88
858,80	1411,05
858,98	1501,16
859,16	1468,39
859,34	1490,92
859,52	1404,91
859,70	1554,41
859,88	1466,35
860,06	1429,48
860,24	1396,71
860,42	1505,26
860,60	1454,06
860,78	1437,67
860,96	1478,63
861,14	1445,87
861,32	1421,29
861,50	1527,78
861,69	1382,38
861,87	1417,19
862,05	1452,01
862,23	1441,77
862,41	1452,01
862,59	1509,35
862,77	1458,15
862,95	1456,11
863,13	1488,87
863,31	1433,58
863,49	1386,47
863,67	1431,53
863,85	1415,15
864,03	1503,21
864,21	1515,50
864,39	1501,16
864,57	1517,54
864,75	1443,82
864,92	1472,49
865,10	1538,02
865,28	1390,57
865,46	1427,43
865,64	1404,91
865,82	1470,44
866,00	1363,95
866,18	1488,87
866,36	1421,29
866,54	1460,20
866,72	1402,86
866,90	1431,53
867,08	1468,39
867,26	1456,11
867,44	1441,77
867,62	1378,28
867,80	1542,12
867,98	1445,87
868,16	1452,01
868,34	1456,11
868,52	1406,95
868,70	1406,95
868,88	1454,06
869,06	1497,07
869,24	1476,59
869,42	1413,10
869,59	1380,33
869,77	1538,02
869,95	1368,04
870,13	1476,59
870,31	1427,43
870,49	1470,44
870,67	1427,43
870,85	1421,29
871,03	1427,43
871,21	1578,98
871,39	1454,06
871,57	1433,58
871,75	1417,19
871,92	1470,44
872,10	1462,25
872,28	1413,10
872,46	1462,25
872,64	1429,48
872,82	1386,47
873,00	1472,49
873,18	1445,87
873,36	1433,58
873,54	1468,39
873,72	1433,58
873,89	1478,63
874,07	1458,15
874,25	1525,74
874,43	1415,15
874,61	1495,02
874,79	1433,58
874,97	1435,63
875,15	1384,43
875,33	1478,63
875,50	1423,34
875,68	1361,90
875,86	1497,07
876,04	1409,00
876,22	1384,43
876,40	1421,29
876,58	1441,77
876,76	1525,74
876,93	1535,98
877,11	1382,38
877,29	1476,59
877,47	1413,10
877,65	1566,70
877,83	1417,19
878,01	1480,68
878,18	1425,39
878,36	1462,25
878,54	1458,15
878,72	1406,95
878,90	1406,95
879,08	1492,97
879,25	1423,34
879,43	1417,19
879,61	1462,25
879,79	1468,39
879,97	1452,01
880,15	1474,54
880,32	1452,01
880,50	1470,44
880,68	1480,68
880,86	1452,01
881,04	1513,45
881,22	1505,26
881,39	1505,26
881,57	1454,06
881,75	1435,63
881,93	1466,35
882,11	1427,43
882,28	1499,11
882,46	1452,01
882,64	1312,75
882,82	1427,43
883,00	1400,81
883,18	1431,53
883,35	1466,35
883,53	1445,87
883,71	1447,91
883,89	1454,06
884,07	1398,76
884,24	1462,25
884,42	1423,34
884,60	1374,19
884,78	1558,50
884,95	1411,05
885,13	1363,95
885,31	1433,58
885,49	1419,24
885,67	1443,82
885,84	1443,82
886,02	1462,25
886,20	1402,86
886,38	1441,77
886,55	1421,29
886,73	1413,10
886,91	1431,53
887,09	1480,68
887,26	1392,62
887,44	1431,53
887,62	1460,20
887,80	1427,43
887,98	1517,54
888,15	1495,02
888,33	1421,29
888,51	1425,39
888,69	1521,64
888,86	1413,10
889,04	1470,44
889,22	1374,19
889,39	1503,21
889,57	1468,39
889,75	1433,58
889,93	1411,05
890,10	1452,01
890,28	1443,82
890,46	1476,59
890,64	1464,30
890,81	1529,83
890,99	1406,95
891,17	1415,15
891,34	1445,87
891,52	1437,67
891,70	1454,06
891,88	1435,63
892,05	1435,63
892,23	1464,30
892,41	1441,77
892,58	1445,87
892,76	1427,43
892,94	1380,33
893,12	1558,50
893,29	1523,69
893,47	1413,10
893,65	1361,90
893,82	1427,43
894,00	1462,25
894,18	1333,23
894,35	1449,96
894,53	1460,20
894,71	1460,20
894,89	1357,80
895,06	1435,63
895,24	1380,33
895,42	1441,77
895,59	1404,91
895,77	1411,05
895,95	1439,72
896,12	1368,04
896,30	1376,24
896,48	1357,80
896,65	1474,54
896,83	1452,01
897,01	1402,86
897,18	1488,87
897,36	1554,41
897,54	1421,29
897,71	1341,42
897,89	1495,02
898,07	1413,10
898,24	1349,61
898,42	1456,11
898,59	1503,21
898,77	1398,76
898,95	1351,66
899,12	1443,82
899,30	1468,39
899,48	1443,82
899,65	1431,53
899,83	1355,76
900,01	1476,59
900,18	1519,59
900,36	1394,67
900,53	1380,33
900,71	1470,44
900,89	1527,78
901,06	1503,21
901,24	1388,52
901,42	1449,96
901,59	1433,58
901,77	1402,86
901,94	1386,47
902,12	1427,43
902,30	1413,10
902,47	1427,43
902,65	1357,80
902,82	1443,82
903,00	1466,35
903,18	1452,01
903,35	1417,19
903,53	1431,53
903,70	1460,20
903,88	1421,29
904,06	1415,15
904,23	1413,10
904,41	1406,95
904,58	1538,02
904,76	1394,67
904,93	1509,35
905,11	1368,04
905,29	1400,81
905,46	1439,72
905,64	1490,92
905,81	1411,05
905,99	1325,04
906,16	1564,65
906,34	1415,15
906,52	1400,81
906,69	1347,56
906,87	1325,04
907,04	1497,07
907,22	1411,05
907,39	1454,06
907,57	1460,20
907,75	1519,59
907,92	1503,21
908,10	1509,35
908,27	1409,00
908,45	1409,00
908,62	1382,38
908,80	1488,87
908,97	1427,43
909,15	1497,07
909,32	1427,43
909,50	1439,72
909,67	1333,23
909,85	1482,73
910,03	1374,19
910,20	1449,96
910,38	1423,34
910,55	1476,59
910,73	1400,81
910,90	1425,39
911,08	1482,73
911,25	1490,92
911,43	1411,05
911,60	1454,06
911,78	1456,11
911,95	1411,05
912,13	1343,47
912,30	1404,91
912,48	1482,73
912,65	1533,93
912,83	1423,34
913,00	1447,91
913,18	1431,53
913,35	1312,75
913,53	1433,58
913,70	1472,49
913,88	1484,78
914,05	1396,71
914,23	1425,39
914,40	1441,77
914,58	1439,72
914,75	1447,91
914,93	1464,30
915,10	1409,00
915,27	1513,45
915,45	1488,87
915,62	1521,64
915,80	1382,38
915,97	1497,07
916,15	1417,19
916,32	1515,50
916,50	1447,91
916,67	1441,77
916,85	1402,86
917,02	1492,97
917,20	1495,02
917,37	1458,15
917,54	1497,07
917,72	1452,01
917,89	1488,87
918,07	1435,63
918,24	1460,20
918,42	1427,43
918,59	1421,29
918,77	1435,63
918,94	1486,83
919,11	1417,19
919,29	1421,29
919,46	1439,72
919,64	1472,49
919,81	1456,11
919,99	1374,19
920,16	1456,11
920,33	1509,35
920,51	1411,05
920,68	1433,58
920,86	1437,67
921,03	1480,68
921,20	1472,49
921,38	1472,49
921,55	1386,47
921,73	1384,43
921,90	1425,39
922,07	1478,63
922,25	1386,47
922,42	1458,15
922,60	1472,49
922,77	1431,53
922,94	1380,33
923,12	1396,71
923,29	1456,11
923,47	1472,49
923,64	1452,01
923,81	1439,72
923,99	1439,72
924,16	1439,72
924,34	1437,67
924,51	1437,67
924,68	1486,83
924,86	1419,24
925,03	1341,42
925,20	1435,63
925,38	1433,58
925,55	1462,25
925,72	1374,19
925,90	1361,90
926,07	1363,95
926,25	1476,59
926,42	1482,73
926,59	1505,26
926,77	1462,25
926,94	1519,59
927,11	1351,66
927,29	1452,01
927,46	1406,95
927,63	1452,01
927,81	1382,38
927,98	1456,11
928,15	1503,21
928,33	1566,70
928,50	1474,54
928,67	1472,49
928,85	1472,49
929,02	1406,95
929,19	1366,00
929,37	1472,49
929,54	1492,97
929,71	1515,50
929,89	1484,78
930,06	1433,58
930,23	1513,45
930,41	1409,00
930,58	1411,05
930,75	1589,22
930,92	1509,35
931,10	1447,91
931,27	1406,95
931,44	1492,97
931,62	1392,62
931,79	1468,39
931,96	1443,82
932,14	1433,58
932,31	1472,49
932,48	1486,83
932,65	1384,43
932,83	1472,49
933,00	1492,97
933,17	1476,59
933,35	1464,30
933,52	1509,35
933,69	1529,83
933,86	1435,63
934,04	1413,10
934,21	1355,76
934,38	1441,77
934,55	1427,43
934,73	1447,91
934,90	1509,35
935,07	1431,53
935,25	1497,07
935,42	1490,92
935,59	1460,20
935,76	1366,00
935,94	1474,54
936,11	1355,76
936,28	1509,35
936,45	1394,67
936,63	1368,04
936,80	1331,18
936,97	1441,77
937,14	1400,81
937,31	1390,57
937,49	1501,16
937,66	1476,59
937,83	1443,82
938,00	1462,25
938,18	1484,78
938,35	1437,67
938,52	1576,94
938,69	1439,72
938,87	1558,50
939,04	1433,58
939,21	1431,53
939,38	1464,30
939,55	1355,76
939,73	1521,64
939,90	1452,01
940,07	1413,10
940,24	1308,65
940,41	1433,58
940,59	1415,15
940,76	1380,33
940,93	1419,24
941,10	1402,86
941,27	1394,67
941,45	1466,35
941,62	1382,38
941,79	1355,76
941,96	1433,58
942,13	1505,26
942,31	1409,00
942,48	1421,29
942,65	1513,45
942,82	1409,00
942,99	1492,97
943,16	1439,72
943,34	1490,92
943,51	1439,72
943,68	1474,54
943,85	1398,76
944,02	1507,30
944,19	1445,87
944,37	1468,39
944,54	1540,07
944,71	1513,45
944,88	1445,87
945,05	1402,86
945,22	1468,39
945,40	1456,11
945,57	1443,82
945,74	1492,97
945,91	1433,58
946,08	1402,86
946,25	1490,92
946,42	1533,93
946,60	1454,06
946,77	1570,79
946,94	1517,54
947,11	1456,11
947,28	1409,00
947,45	1390,57
947,62	1468,39
947,79	1439,72
947,97	1519,59
948,14	1552,36
948,31	1415,15
948,48	1466,35
948,65	1404,91
948,82	1318,89
948,99	1411,05
949,16	1394,67
949,33	1437,67
949,51	1458,15
949,68	1460,20
949,85	1421,29
950,02	1423,34
950,19	1480,68
950,36	1454,06
950,53	1433,58
950,70	1406,95
950,87	1476,59
951,04	1449,96
951,22	1511,40
951,39	1458,15
951,56	1343,47
951,73	1486,83
951,90	1439,72
952,07	1503,21
952,24	1492,97
952,41	1472,49
952,58	1363,95
952,75	1560,55
952,92	1388,52
953,09	1439,72
953,26	1400,81
953,43	1423,34
953,61	1452,01
953,78	1538,02
953,95	1411,05
954,12	1437,67
954,29	1435,63
954,46	1460,20
954,63	1390,57
954,80	1447,91
954,97	1394,67
955,14	1390,57
955,31	1476,59
955,48	1447,91
955,65	1443,82
955,82	1423,34
955,99	1456,11
956,16	1474,54
956,33	1472,49
956,50	1441,77
956,67	1474,54
956,84	1464,30
957,01	1447,91
957,18	1372,14
957,35	1484,78
957,52	1462,25
957,69	1433,58
957,86	1515,50
958,03	1392,62
958,20	1486,83
958,37	1431,53
958,54	1435,63
958,71	1458,15
958,88	1519,59
959,05	1452,01
959,22	1488,87
959,39	1505,26
959,56	1411,05
959,73	1376,24
959,90	1495,02
960,07	1466,35
960,24	1388,52
960,41	1501,16
960,58	1497,07
960,75	1449,96
960,92	1411,05
961,09	1456,11
961,26	1482,73
961,43	1521,64
961,60	1431,53
961,77	1462,25
961,94	1406,95
962,11	1400,81
962,28	1527,78
962,45	1443,82
962,62	1409,00
962,79	1466,35
962,96	1488,87
963,13	1404,91
963,30	1464,30
963,47	1511,40
963,64	1363,95
963,81	1554,41
963,98	1433,58
964,14	1482,73
964,31	1529,83
964,48	1347,56
964,65	1513,45
964,82	1312,75
964,99	1497,07
965,16	1406,95
965,33	1429,48
965,50	1368,04
965,67	1503,21
965,84	1464,30
966,01	1447,91
966,18	1353,71
966,35	1515,50
966,51	1415,15
966,68	1464,30
966,85	1497,07
967,02	1480,68
967,19	1437,67
967,36	1400,81
967,53	1452,01
967,70	1478,63
967,87	1445,87
968,04	1501,16
968,21	1431,53
968,37	1490,92
968,54	1409,00
968,71	1441,77
968,88	1388,52
969,05	1435,63
969,22	1509,35
969,39	1482,73
969,56	1466,35
969,72	1452,01
969,89	1490,92
970,06	1529,83
970,23	1417,19
970,40	1517,54
970,57	1425,39
970,74	1501,16
970,91	1419,24
971,07	1447,91
971,24	1411,05
971,41	1435,63
971,58	1484,78
971,75	1439,72
971,92	1351,66
972,09	1454,06
972,25	1392,62
972,42	1462,25
972,59	1374,19
972,76	1456,11
972,93	1413,10
973,10	1421,29
973,27	1511,40
973,43	1417,19
973,60	1486,83
973,77	1427,43
973,94	1402,86
974,11	1497,07
974,28	1456,11
974,44	1425,39
974,61	1501,16
974,78	1458,15
974,95	1406,95
975,12	1466,35
975,28	1470,44
975,45	1468,39
975,62	1443,82
975,79	1394,67
975,96	1417,19
976,12	1458,15
976,29	1458,15
976,46	1435,63
976,63	1386,47
976,80	1443,82
976,96	1415,15
977,13	1425,39
977,30	1441,77
977,47	1425,39
977,64	1507,30
977,80	1355,76
977,97	1411,05
978,14	1488,87
978,31	1409,00
978,48	1435,63
978,64	1390,57
978,81	1415,15
978,98	1368,04
979,15	1431,53
979,31	1429,48
979,48	1441,77
979,65	1484,78
979,82	1419,24
979,98	1359,85
980,15	1433,58
980,32	1505,26
980,49	1402,86
980,66	1406,95
980,82	1413,10
980,99	1476,59
981,16	1345,52
981,33	1425,39
981,49	1425,39
981,66	1490,92
981,83	1376,24
981,99	1427,43
982,16	1361,90
982,33	1402,86
982,50	1343,47
982,66	1511,40
982,83	1394,67
983,00	1423,34
983,17	1314,80
983,33	1386,47
983,50	1419,24
983,67	1382,38
983,83	1351,66
984,00	1357,80
984,17	1474,54
984,34	1382,38
984,50	1492,97
984,67	1411,05
984,84	1452,01
985,00	1411,05
985,17	1398,76
985,34	1406,95
985,51	1394,67
985,67	1384,43
985,84	1404,91
986,01	1366,00
986,17	1421,29
986,34	1370,09
986,51	1402,86
986,67	1359,85
986,84	1341,42
987,01	1392,62
987,17	1441,77
987,34	1353,71
987,51	1427,43
987,67	1392,62
987,84	1464,30
988,01	1533,93
988,17	1419,24
988,34	1366,00
988,51	1470,44
988,67	1462,25
988,84	1419,24
989,01	1402,86
989,17	1388,52
989,34	1374,19
989,51	1423,34
989,67	1441,77
989,84	1439,72
990,01	1312,75
990,17	1486,83
990,34	1421,29
990,51	1411,05
990,67	1445,87
990,84	1368,04
991,01	1376,24
991,17	1466,35
991,34	1363,95
991,50	1384,43
991,67	1378,28
991,84	1351,66
992,00	1433,58
992,17	1427,43
992,34	1400,81
992,50	1445,87
992,67	1382,38
992,83	1374,19
993,00	1437,67
993,17	1441,77
993,33	1396,71
993,50	1499,11
993,66	1423,34
993,83	1527,78
994,00	1390,57
994,16	1472,49
994,33	1472,49
994,49	1507,30
994,66	1361,90
994,83	1445,87
994,99	1423,34
995,16	1476,59
995,32	1509,35
995,49	1456,11
995,66	1392,62
995,82	1454,06
995,99	1390,57
996,15	1411,05
996,32	1394,67
996,48	1357,80
996,65	1275,88
996,82	1400,81
996,98	1447,91
997,15	1402,86
997,31	1439,72
997,48	1482,73
997,64	1396,71
997,81	1390,57
997,97	1390,57
998,14	1331,18
998,31	1421,29
998,47	1345,52
998,64	1456,11
998,80	1359,85
998,97	1357,80
999,13	1484,78
999,30	1452,01
999,46	1466,35
999,63	1386,47
999,79	1419,24
999,96	1437,67
1000,12	1390,57
1000,29	1441,77
1000,45	1419,24
1000,62	1366,00
1000,79	1445,87
1000,95	1380,33
1001,12	1415,15
1001,28	1339,37
1001,45	1468,39
1001,61	1390,57
1001,78	1437,67
1001,94	1431,53
1002,11	1464,30
1002,27	1443,82
1002,44	1392,62
1002,60	1435,63
1002,77	1464,30
1002,93	1470,44
1003,10	1402,86
1003,26	1386,47
1003,43	1470,44
1003,59	1452,01
1003,76	1476,59
1003,92	1470,44
1004,09	1441,77
1004,25	1429,48
1004,41	1400,81
1004,58	1441,77
1004,74	1351,66
1004,91	1468,39
1005,07	1466,35
1005,24	1476,59
1005,40	1480,68
1005,57	1464,30
1005,73	1409,00
1005,90	1341,42
1006,06	1359,85
1006,23	1427,43
1006,39	1419,24
1006,55	1402,86
1006,72	1398,76
1006,88	1392,62
1007,05	1431,53
1007,21	1507,30
1007,38	1449,96
1007,54	1437,67
1007,71	1415,15
1007,87	1368,04
1008,03	1468,39
1008,20	1429,48
1008,36	1435,63
1008,53	1460,20
1008,69	1337,32
1008,86	1429,48
1009,02	1345,52
1009,18	1454,06
1009,35	1431,53
1009,51	1449,96
1009,68	1460,20
1009,84	1382,38
1010,01	1398,76
1010,17	1476,59
1010,33	1431,53
1010,50	1409,00
1010,66	1505,26
1010,83	1460,20
1010,99	1470,44
1011,15	1327,08
1011,32	1441,77
1011,48	1503,21
1011,65	1409,00
1011,81	1372,14
1011,97	1415,15
1012,14	1529,83
1012,30	1447,91
1012,46	1417,19
1012,63	1427,43
1012,79	1423,34
1012,96	1423,34
1013,12	1357,80
1013,28	1366,00
1013,45	1400,81
1013,61	1386,47
1013,77	1406,95
1013,94	1345,52
1014,10	1357,80
1014,26	1431,53
1014,43	1392,62
1014,59	1409,00
1014,76	1433,58
1014,92	1484,78
1015,08	1374,19
1015,25	1341,42
1015,41	1398,76
1015,57	1445,87
1015,74	1286,12
1015,90	1417,19
1016,06	1433,58
1016,23	1372,14
1016,39	1400,81
1016,55	1423,34
1016,72	1509,35
1016,88	1439,72
1017,04	1318,89
1017,21	1370,09
1017,37	1409,00
1017,53	1366,00
1017,70	1419,24
1017,86	1382,38
1018,02	1388,52
1018,19	1515,50
1018,35	1468,39
1018,51	1400,81
1018,67	1488,87
1018,84	1425,39
1019,00	1239,02
1019,16	1478,63
1019,33	1421,29
1019,49	1443,82
1019,65	1386,47
1019,82	1409,00
1019,98	1456,11
1020,14	1490,92
1020,30	1458,15
1020,47	1333,23
1020,63	1423,34
1020,79	1406,95
1020,96	1361,90
1021,12	1433,58
1021,28	1468,39
1021,44	1402,86
1021,61	1431,53
1021,77	1478,63
1021,93	1402,86
1022,09	1427,43
1022,26	1460,20
1022,42	1386,47
1022,58	1452,01
1022,74	1372,14
1022,91	1398,76
1023,07	1499,11
1023,23	1452,01
1023,39	1456,11
1023,56	1386,47
1023,72	1470,44
1023,88	1339,37
1024,04	1433,58
1024,21	1452,01
1024,37	1423,34
1024,53	1431,53
1024,69	1370,09
1024,86	1392,62
1025,02	1388,52
1025,18	1343,47
1025,34	1443,82
1025,50	1402,86
1025,67	1368,04
1025,83	1392,62
1025,99	1433,58
1026,15	1456,11
1026,32	1447,91
1026,48	1437,67
1026,64	1445,87
1026,80	1462,25
1026,96	1505,26
1027,13	1347,56
1027,29	1421,29
1027,45	1390,57
1027,61	1482,73
1027,77	1400,81
1027,94	1429,48
1028,10	1372,14
1028,26	1370,09
1028,42	1423,34
1028,58	1396,71
1028,75	1400,81
1028,91	1445,87
1029,07	1433,58
1029,23	1421,29
1029,39	1402,86
1029,55	1439,72
1029,72	1468,39
1029,88	1501,16
1030,04	1376,24
1030,20	1388,52
1030,36	1339,37
1030,52	1439,72
1030,69	1478,63
1030,85	1449,96
1031,01	1349,61
1031,17	1351,66
1031,33	1378,28
1031,49	1462,25
1031,65	1452,01
1031,82	1409,00
1031,98	1378,28
1032,14	1468,39
1032,30	1456,11
1032,46	1456,11
1032,62	1419,24
1032,78	1357,80
1032,95	1359,85
1033,11	1417,19
1033,27	1376,24
1033,43	1497,07
1033,59	1353,71
1033,75	1427,43
1033,91	1404,91
1034,07	1484,78
1034,24	1478,63
1034,40	1380,33
1034,56	1439,72
1034,72	1454,06
1034,88	1486,83
1035,04	1390,57
1035,20	1462,25
1035,36	1368,04
1035,52	1370,09
1035,68	1441,77
1035,85	1462,25
1036,01	1388,52
1036,17	1466,35
1036,33	1437,67
1036,49	1351,66
1036,65	1384,43
1036,81	1480,68
1036,97	1441,77
1037,13	1361,90
1037,29	1388,52
1037,45	1462,25
1037,61	1382,38
1037,78	1370,09
1037,94	1411,05
1038,10	1452,01
1038,26	1376,24
1038,42	1384,43
1038,58	1445,87
1038,74	1470,44
1038,90	1402,86
1039,06	1429,48
1039,22	1392,62
1039,38	1351,66
1039,54	1370,09
1039,70	1482,73
1039,86	1452,01
1040,02	1388,52
1040,18	1462,25
1040,34	1427,43
1040,50	1464,30
1040,66	1400,81
1040,83	1443,82
1040,99	1441,77
1041,15	1449,96
1041,31	1423,34
1041,47	1419,24
1041,63	1423,34
1041,79	1361,90
1041,95	1437,67
1042,11	1357,80
1042,27	1411,05
1042,43	1447,91
1042,59	1519,59
1042,75	1417,19
1042,91	1347,56
