344,25	1396,71
344,46	1396,71
344,68	1396,71
344,90	1216,49
345,12	1355,76
345,34	1343,47
345,55	1382,38
345,77	1366,00
345,99	1396,71
346,21	1382,38
346,42	1400,81
346,64	1427,43
346,86	1341,42
347,08	1423,34
347,30	1431,53
347,51	1349,61
347,73	1378,28
347,95	1452,01
348,17	1380,33
348,38	1372,14
348,60	1361,90
348,82	1292,27
349,04	1431,53
349,25	1400,81
349,47	1497,07
349,69	1431,53
349,91	1546,22
350,13	1462,25
350,34	1497,07
350,56	1425,39
350,78	1400,81
351,00	1366,00
351,21	1462,25
351,43	1394,67
351,65	1454,06
351,87	1456,11
352,08	1472,49
352,30	1413,10
352,52	1433,58
352,74	1472,49
352,95	1433,58
353,17	1388,52
353,39	1402,86
353,61	1423,34
353,82	1492,97
354,04	1382,38
354,26	1423,34
354,47	1470,44
354,69	1456,11
354,91	1372,14
355,13	1415,15
355,34	1460,20
355,56	1370,09
355,78	1484,78
356,00	1380,33
356,21	1386,47
356,43	1409,00
356,65	1449,96
356,86	1472,49
357,08	1476,59
357,30	1492,97
357,52	1376,24
357,73	1484,78
357,95	1423,34
358,17	1279,98
358,38	1382,38
358,60	1421,29
358,82	1398,76
359,04	1402,86
359,25	1511,40
359,47	1452,01
359,69	1456,11
359,90	1458,15
360,12	1515,50
360,34	1409,00
360,56	1458,15
360,77	1519,59
360,99	1480,68
361,21	1478,63
361,42	1413,10
361,64	1478,63
361,86	1482,73
362,07	1312,75
362,29	1452,01
362,51	1464,30
362,73	1476,59
362,94	1466,35
363,16	1435,63
363,38	1386,47
363,59	1501,16
363,81	1474,54
364,03	1386,47
364,24	1435,63
364,46	1400,81
364,68	1413,10
364,89	1370,09
365,11	1462,25
365,33	1431,53
365,54	1378,28
365,76	1419,24
365,98	1552,36
366,19	1456,11
366,41	1454,06
366,63	1503,21
366,84	1437,67
367,06	1478,63
367,28	1542,12
367,49	1472,49
367,71	1523,69
367,93	1382,38
368,14	1460,20
368,36	1456,11
368,58	1359,85
368,79	1363,95
369,01	1439,72
369,23	1449,96
369,44	1458,15
369,66	1415,15
369,88	1531,88
370,09	1425,39
370,31	1425,39
370,53	1490,92
370,74	1447,91
370,96	1435,63
371,18	1468,39
371,39	1445,87
371,61	1486,83
371,82	1488,87
372,04	1480,68
372,26	1517,54
372,47	1484,78
372,69	1454,06
372,91	1529,83
373,12	1361,90
373,34	1527,78
373,56	1480,68
373,77	1398,76
373,99	1429,48
374,20	1513,45
374,42	1425,39
374,64	1517,54
374,85	1433,58
375,07	1460,20
375,29	1515,50
375,50	1402,86
375,72	1452,01
375,93	1439,72
376,15	1431,53
376,37	1458,15
376,58	1456,11
376,80	1445,87
377,01	1433,58
377,23	1513,45
377,45	1564,65
377,66	1488,87
377,88	1429,48
378,10	1509,35
378,31	1452,01
378,53	1525,74
378,74	1402,86
378,96	1497,07
379,18	1374,19
379,39	1441,77
379,61	1402,86
379,82	1464,30
380,04	1505,26
380,26	1427,43
380,47	1478,63
380,69	1472,49
380,90	1497,07
381,12	1411,05
381,33	1409,00
381,55	1456,11
381,77	1601,51
381,98	1447,91
382,20	1320,94
382,41	1435,63
382,63	1454,06
382,85	1576,94
383,06	1511,40
383,28	1429,48
383,49	1445,87
383,71	1476,59
383,92	1357,80
384,14	1478,63
384,36	1398,76
384,57	1406,95
384,79	1363,95
385,00	1452,01
385,22	1480,68
385,43	1419,24
385,65	1435,63
385,87	1376,24
386,08	1415,15
386,30	1439,72
386,51	1441,77
386,73	1449,96
386,94	1466,35
387,16	1353,71
387,37	1470,44
387,59	1472,49
387,81	1355,76
388,02	1339,37
388,24	1423,34
388,45	1384,43
388,67	1394,67
388,88	1443,82
389,10	1366,00
389,31	1490,92
389,53	1480,68
389,75	1548,26
389,96	1449,96
390,18	1431,53
390,39	1380,33
390,61	1466,35
390,82	1437,67
391,04	1468,39
391,25	1423,34
391,47	1495,02
391,68	1378,28
391,90	1456,11
392,11	1419,24
392,33	1390,57
392,54	1445,87
392,76	1439,72
392,97	1409,00
393,19	1468,39
393,41	1515,50
393,62	1581,03
393,84	1417,19
394,05	1445,87
394,27	1470,44
394,48	1386,47
394,70	1386,47
394,91	1445,87
395,13	1435,63
395,34	1366,00
395,56	1425,39
395,77	1544,17
395,99	1497,07
396,20	1378,28
396,42	1406,95
396,63	1417,19
396,85	1425,39
397,06	1462,25
397,28	1386,47
397,49	1452,01
397,71	1445,87
397,92	1431,53
398,14	1392,62
398,35	1556,46
398,57	1462,25
398,78	1497,07
399,00	1355,76
399,21	1413,10
399,43	1517,54
399,64	1460,20
399,86	1490,92
400,07	1400,81
400,29	1419,24
400,50	1519,59
400,72	1411,05
400,93	1480,68
401,14	1415,15
401,36	1464,30
401,57	1386,47
401,79	1499,11
402,00	1427,43
402,22	1482,73
402,43	1454,06
402,65	1468,39
402,86	1466,35
403,08	1394,67
403,29	1468,39
403,51	1501,16
403,72	1392,62
403,94	1507,30
404,15	1486,83
404,36	1423,34
404,58	1695,72
404,79	1429,48
405,01	1478,63
405,22	1452,01
405,44	1396,71
405,65	1441,77
405,87	1505,26
406,08	1454,06
406,30	1445,87
406,51	1544,17
406,72	1441,77
406,94	1490,92
407,15	1419,24
407,37	1599,46
407,58	1486,83
407,80	1419,24
408,01	1437,67
408,23	1472,49
408,44	1480,68
408,65	1404,91
408,87	1544,17
409,08	1452,01
409,30	1470,44
409,51	1376,24
409,73	1431,53
409,94	1427,43
410,15	1585,13
410,37	1454,06
410,58	1470,44
410,80	1492,97
411,01	1435,63
411,23	1460,20
411,44	1427,43
411,65	1546,22
411,87	1531,88
412,08	1476,59
412,30	1476,59
412,51	1466,35
412,72	1388,52
412,94	1468,39
413,15	1390,57
413,37	1480,68
413,58	1433,58
413,79	1392,62
414,01	1447,91
414,22	1380,33
414,44	1456,11
414,65	1411,05
414,86	1398,76
415,08	1456,11
415,29	1527,78
415,51	1361,90
415,72	1404,91
415,93	1462,25
416,15	1423,34
416,36	1464,30
416,58	1415,15
416,79	1478,63
417,00	1331,18
417,22	1404,91
417,43	1452,01
417,65	1497,07
417,86	1505,26
418,07	1411,05
418,29	1505,26
418,50	1439,72
418,71	1447,91
418,93	1472,49
419,14	1384,43
419,36	1411,05
419,57	1460,20
419,78	1490,92
420,00	1466,35
420,21	1441,77
420,42	1431,53
420,64	1425,39
420,85	1388,52
421,06	1519,59
421,28	1513,45
421,49	1433,58
421,71	1521,64
421,92	1388,52
422,13	1449,96
422,35	1535,98
422,56	1419,24
422,77	1452,01
422,99	1394,67
423,20	1456,11
423,41	1501,16
423,63	1423,34
423,84	1476,59
424,05	1521,64
424,27	1441,77
424,48	1409,00
424,69	1464,30
424,91	1765,35
425,12	1396,71
425,33	1466,35
425,55	1478,63
425,76	1433,58
425,97	1351,66
426,19	1452,01
426,40	1484,78
426,61	1415,15
426,83	1525,74
427,04	1433,58
427,25	1466,35
427,47	1431,53
427,68	1437,67
427,89	1400,81
428,11	1472,49
428,32	1443,82
428,53	1464,30
428,75	1503,21
428,96	1515,50
429,17	1417,19
429,39	1411,05
429,60	1472,49
429,81	1480,68
430,03	1554,41
430,24	1441,77
430,45	1452,01
430,67	1513,45
430,88	1488,87
431,09	1470,44
431,30	1409,00
431,52	1425,39
431,73	1533,93
431,94	1521,64
432,16	1460,20
432,37	1468,39
432,58	1503,21
432,80	1511,40
433,01	1406,95
433,22	1478,63
433,43	1503,21
433,65	1431,53
433,86	1331,18
434,07	1435,63
434,29	1460,20
434,50	1370,09
434,71	1400,81
434,92	1470,44
435,14	1511,40
435,35	1501,16
435,56	1501,16
435,77	1470,44
435,99	1492,97
436,20	1472,49
436,41	1456,11
436,63	1431,53
436,84	1474,54
437,05	1472,49
437,26	1540,07
437,48	1497,07
437,69	1458,15
437,90	1400,81
438,11	1480,68
438,33	1396,71
438,54	1439,72
438,75	1394,67
438,96	1454,06
439,18	1431,53
439,39	1452,01
439,60	1509,35
439,82	1361,90
440,03	1437,67
440,24	1550,31
440,45	1421,29
440,67	1456,11
440,88	1484,78
441,09	1488,87
441,30	1454,06
441,51	1574,89
441,73	1454,06
441,94	1423,34
442,15	1593,32
442,36	1503,21
442,58	1470,44
442,79	1423,34
443,00	1429,48
443,21	1603,56
443,43	1417,19
443,64	1445,87
443,85	1449,96
444,06	1529,83
444,28	1443,82
444,49	1454,06
444,70	1464,30
444,91	1499,11
445,12	1413,10
445,34	1497,07
445,55	1542,12
445,76	1511,40
445,97	1488,87
446,18	1443,82
446,40	1437,67
446,61	1490,92
446,82	1363,95
447,03	1587,18
447,25	1490,92
447,46	1474,54
447,67	1427,43
447,88	1495,02
448,09	1511,40
448,31	1484,78
448,52	1464,30
448,73	1437,67
448,94	1445,87
449,15	1605,61
449,37	1431,53
449,58	1492,97
449,79	1507,30
450,00	1648,61
450,21	1454,06
450,43	1572,84
450,64	1439,72
450,85	1454,06
451,06	1478,63
451,27	1515,50
451,48	1417,19
451,70	1476,59
451,91	1478,63
452,12	1507,30
452,33	1435,63
452,54	1474,54
452,76	1519,59
452,97	1513,45
453,18	1458,15
453,39	1499,11
453,60	1505,26
453,81	1411,05
454,03	1433,58
454,24	1427,43
454,45	1435,63
454,66	1486,83
454,87	1437,67
455,08	1449,96
455,30	1433,58
455,51	1546,22
455,72	1382,38
455,93	1513,45
456,14	1492,97
456,35	1464,30
456,56	1490,92
456,78	1464,30
456,99	1503,21
457,20	1449,96
457,41	1474,54
457,62	1521,64
457,83	1515,50
458,04	1441,77
458,26	1478,63
458,47	1454,06
458,68	1468,39
458,89	1533,93
459,10	1398,76
459,31	1425,39
459,52	1445,87
459,74	1527,78
459,95	1605,61
460,16	1431,53
460,37	1497,07
460,58	1521,64
460,79	1400,81
461,00	1517,54
461,21	1417,19
461,43	1456,11
461,64	1558,50
461,85	1435,63
462,06	1435,63
462,27	1357,80
462,48	1480,68
462,69	1466,35
462,90	1441,77
463,12	1490,92
463,33	1439,72
463,54	1490,92
463,75	1525,74
463,96	1568,74
464,17	1529,83
464,38	1439,72
464,59	1466,35
464,80	1503,21
465,01	1421,29
465,23	1515,50
465,44	1413,10
465,65	1509,35
465,86	1417,19
466,07	1417,19
466,28	1464,30
466,49	1505,26
466,70	1529,83
466,91	1540,07
467,12	1482,73
467,33	1478,63
467,55	1544,17
467,76	1402,86
467,97	1462,25
468,18	1441,77
468,39	1400,81
468,60	1535,98
468,81	1431,53
469,02	1431,53
469,23	1490,92
469,44	1423,34
469,65	1363,95
469,86	1472,49
470,07	1400,81
470,29	1513,45
470,50	1435,63
470,71	1452,01
470,92	1519,59
471,13	1505,26
471,34	1533,93
471,55	1558,50
471,76	1507,30
471,97	1474,54
472,18	1490,92
472,39	1415,15
472,60	1406,95
472,81	1552,36
473,02	1445,87
473,23	1572,84
473,44	1449,96
473,65	1464,30
473,87	1507,30
474,08	1525,74
474,29	1478,63
474,50	1406,95
474,71	1474,54
474,92	1492,97
475,13	1517,54
475,34	1454,06
475,55	1429,48
475,76	1382,38
475,97	1435,63
476,18	1499,11
476,39	1435,63
476,60	1482,73
476,81	1533,93
477,02	1515,50
477,23	1476,59
477,44	1505,26
477,65	1433,58
477,86	1427,43
478,07	1456,11
478,28	1478,63
478,49	1515,50
478,70	1517,54
478,91	1441,77
479,12	1499,11
479,33	1480,68
479,54	1460,20
479,75	1552,36
479,96	1548,26
480,17	1546,22
480,38	1429,48
480,59	1462,25
480,80	1507,30
481,01	1419,24
481,22	1460,20
481,43	1515,50
481,64	1535,98
481,85	1460,20
482,06	1456,11
482,27	1490,92
482,48	1452,01
482,69	1548,26
482,90	1480,68
483,11	1554,41
483,32	1452,01
483,53	1523,69
483,74	1495,02
483,95	1492,97
484,16	1443,82
484,37	1404,91
484,58	1484,78
484,79	1466,35
485,00	1554,41
485,21	1488,87
485,42	1447,91
485,63	1513,45
485,84	1464,30
486,05	1464,30
486,26	1415,15
486,47	1509,35
486,68	1474,54
486,89	1447,91
487,10	1517,54
487,31	1519,59
487,52	1439,72
487,73	1570,79
487,94	1419,24
488,15	1447,91
488,36	1595,37
488,57	1392,62
488,77	1521,64
488,98	1499,11
489,19	1519,59
489,40	1495,02
489,61	1593,32
489,82	1581,03
490,03	1548,26
490,24	1396,71
490,45	1540,07
490,66	1492,97
490,87	1548,26
491,08	1429,48
491,29	1501,16
491,50	1417,19
491,71	1497,07
491,92	1454,06
492,13	1490,92
492,33	1492,97
492,54	1527,78
492,75	1460,20
492,96	1490,92
493,17	1507,30
493,38	1515,50
493,59	1492,97
493,80	1558,50
494,01	1456,11
494,22	1546,22
494,43	1521,64
494,64	1482,73
494,85	1521,64
495,05	1456,11
495,26	1564,65
495,47	1495,02
495,68	1488,87
495,89	1388,52
496,10	1439,72
496,31	1488,87
496,52	1503,21
496,73	1570,79
496,94	1470,44
497,15	1544,17
497,35	1480,68
497,56	1478,63
497,77	1595,37
497,98	1501,16
498,19	1449,96
498,40	1552,36
498,61	1554,41
498,82	1427,43
499,03	1513,45
499,23	1521,64
499,44	1492,97
499,65	1525,74
499,86	1562,60
500,07	1501,16
500,28	1554,41
500,49	1454,06
500,70	1572,84
500,91	1505,26
501,11	1484,78
501,32	1538,02
501,53	1607,66
501,74	1519,59
501,95	1492,97
502,16	1476,59
502,37	1535,98
502,57	1431,53
502,78	1501,16
502,99	1560,55
503,20	1441,77
503,41	1562,60
503,62	1519,59
503,83	1497,07
504,03	1538,02
504,24	1519,59
504,45	1511,40
504,66	1568,74
504,87	1456,11
505,08	1581,03
505,29	1521,64
505,49	1484,78
505,70	1578,98
505,91	1456,11
506,12	1503,21
506,33	1611,75
506,54	1505,26
506,75	1476,59
506,95	1531,88
507,16	1581,03
507,37	1511,40
507,58	1488,87
507,79	1466,35
508,00	1527,78
508,20	1439,72
508,41	1497,07
508,62	1517,54
508,83	1474,54
509,04	1505,26
509,24	1546,22
509,45	1755,11
509,66	1501,16
509,87	1525,74
510,08	1587,18
510,29	1615,85
510,49	1538,02
510,70	1505,26
510,91	1478,63
511,12	1558,50
511,33	1490,92
511,53	1456,11
511,74	1492,97
511,95	1454,06
512,16	1546,22
512,37	1613,80
512,57	1445,87
512,78	1472,49
512,99	1497,07
513,20	1583,08
513,41	1535,98
513,61	1390,57
513,82	1495,02
514,03	1456,11
514,24	1474,54
514,45	1492,97
514,65	1437,67
514,86	1466,35
515,07	1497,07
515,28	1583,08
515,49	1454,06
515,69	1538,02
515,90	1445,87
516,11	1507,30
516,32	1566,70
516,52	1484,78
516,73	1546,22
516,94	1542,12
517,15	1499,11
517,36	1466,35
517,56	1490,92
517,77	1427,43
517,98	1562,60
518,19	1476,59
518,39	1517,54
518,60	1427,43
518,81	1531,88
519,02	1546,22
519,22	1486,83
519,43	1570,79
519,64	1529,83
519,85	1339,37
520,05	1570,79
520,26	1470,44
520,47	1570,79
520,68	1396,71
520,88	1474,54
521,09	1538,02
521,30	1484,78
521,51	1454,06
521,71	1513,45
521,92	1456,11
522,13	1533,93
522,34	1490,92
522,54	1523,69
522,75	1486,83
522,96	1533,93
523,17	1535,98
523,37	1576,94
523,58	1449,96
523,79	1558,50
523,99	1497,07
524,20	1460,20
524,41	1474,54
524,62	1605,61
524,82	1535,98
525,03	1503,21
525,24	1421,29
525,45	1531,88
525,65	1431,53
525,86	1550,31
526,07	1499,11
526,27	1447,91
526,48	1527,78
526,69	1599,46
526,90	1454,06
527,10	1628,14
527,31	1523,69
527,52	1515,50
527,72	1538,02
527,93	1578,98
528,14	1431,53
528,34	1505,26
528,55	1476,59
528,76	1478,63
528,97	1382,38
529,17	1558,50
529,38	1503,21
529,59	1548,26
529,79	1556,46
530,00	1570,79
530,21	1499,11
530,41	1517,54
530,62	1509,35
530,83	1558,50
531,03	1523,69
531,24	1495,02
531,45	1499,11
531,65	1568,74
531,86	1517,54
532,07	1628,14
532,27	1490,92
532,48	1484,78
532,69	1462,25
532,89	1601,51
533,10	1492,97
533,31	1472,49
533,51	1409,00
533,72	1527,78
533,93	1517,54
534,13	1544,17
534,34	1445,87
534,55	1476,59
534,75	1509,35
534,96	1621,99
535,17	1443,82
535,37	1464,30
535,58	1460,20
535,79	1562,60
535,99	1468,39
536,20	1576,94
536,41	1456,11
536,61	1497,07
536,82	1535,98
537,03	1466,35
537,23	1476,59
537,44	1490,92
537,64	1525,74
537,85	1525,74
538,06	1511,40
538,26	1550,31
538,47	1566,70
538,68	1435,63
538,88	1501,16
539,09	1552,36
539,30	1468,39
539,50	1568,74
539,71	1531,88
539,91	1529,83
540,12	1490,92
540,33	1497,07
540,53	1583,08
540,74	1490,92
540,94	1531,88
541,15	1511,40
541,36	1474,54
541,56	1503,21
541,77	1505,26
541,98	1492,97
542,18	1519,59
542,39	1497,07
542,59	1538,02
542,80	1507,30
543,01	1351,66
543,21	1484,78
543,42	1507,30
543,62	1468,39
543,83	1499,11
544,04	1460,20
544,24	1517,54
544,45	1435,63
544,65	1583,08
544,86	1472,49
545,06	1529,83
545,27	1468,39
545,48	1501,16
545,68	1550,31
545,89	1517,54
546,09	1531,88
546,30	1531,88
546,51	1490,92
546,71	1531,88
546,92	1517,54
547,12	1486,83
547,33	1515,50
547,53	1478,63
547,74	1478,63
547,95	1472,49
548,15	1472,49
548,36	1517,54
548,56	1492,97
548,77	1607,66
548,97	1519,59
549,18	1476,59
549,39	1519,59
549,59	1542,12
549,80	1447,91
550,00	1460,20
550,21	1456,11
550,41	1486,83
550,62	1511,40
550,82	1435,63
551,03	1470,44
551,23	1476,59
551,44	1458,15
551,65	1443,82
551,85	1497,07
552,06	1497,07
552,26	1517,54
552,47	1476,59
552,67	1452,01
552,88	1419,24
553,08	1517,54
553,29	1525,74
553,49	1443,82
553,70	1476,59
553,90	1611,75
554,11	1513,45
554,32	1511,40
554,52	1478,63
554,73	1476,59
554,93	1431,53
555,14	1505,26
555,34	1525,74
555,55	1515,50
555,75	1523,69
555,96	1519,59
556,16	1443,82
556,37	1599,46
556,57	1470,44
556,78	1476,59
556,98	1593,32
557,19	1552,36
557,39	1488,87
557,60	1406,95
557,80	1472,49
558,01	1476,59
558,21	1531,88
558,42	1544,17
558,62	1548,26
558,83	1505,26
559,03	1390,57
559,24	1435,63
559,44	1564,65
559,65	1456,11
559,85	1490,92
560,06	1484,78
560,26	1466,35
560,47	1497,07
560,67	1591,27
560,88	1583,08
561,08	1552,36
561,29	1644,52
561,49	1535,98
561,70	1513,45
561,90	1472,49
562,10	1531,88
562,31	1492,97
562,51	1497,07
562,72	1488,87
562,92	1544,17
563,13	1501,16
563,33	1529,83
563,54	1464,30
563,74	1630,18
563,95	1476,59
564,15	1550,31
564,36	1523,69
564,56	1468,39
564,76	1572,84
564,97	1533,93
565,17	1511,40
565,38	1646,57
565,58	1542,12
565,79	1595,37
565,99	1464,30
566,20	1542,12
566,40	1488,87
566,60	1540,07
566,81	1503,21
567,01	1578,98
567,22	1449,96
567,42	1527,78
567,63	1509,35
567,83	1607,66
568,04	1523,69
568,24	1538,02
568,44	1548,26
568,65	1505,26
568,85	1464,30
569,06	1482,73
569,26	1558,50
569,47	1558,50
569,67	1419,24
569,87	1519,59
570,08	1509,35
570,28	1570,79
570,49	1513,45
570,69	1587,18
570,89	1587,18
571,10	1581,03
571,30	1509,35
571,51	1552,36
571,71	1624,04
571,91	1546,22
572,12	1562,60
572,32	1521,64
572,53	1519,59
572,73	1595,37
572,93	1615,85
573,14	1617,90
573,34	1531,88
573,55	1499,11
573,75	1566,70
573,95	1486,83
574,16	1603,56
574,36	1566,70
574,57	1495,02
574,77	1544,17
574,97	1517,54
575,18	1562,60
575,38	1548,26
575,59	1585,13
575,79	1566,70
575,99	1540,07
576,20	1611,75
576,40	1603,56
576,60	1630,18
576,81	1609,70
577,01	1478,63
577,22	1558,50
577,42	1468,39
577,62	1519,59
577,83	1550,31
578,03	1564,65
578,23	1546,22
578,44	1564,65
578,64	1572,84
578,84	1546,22
579,05	1454,06
579,25	1593,32
579,45	1482,73
579,66	1503,21
579,86	1503,21
580,07	1564,65
580,27	1529,83
580,47	1552,36
580,68	1519,59
580,88	1529,83
581,08	1417,19
581,29	1544,17
581,49	1507,30
581,69	1603,56
581,90	1576,94
582,10	1621,99
582,30	1525,74
582,51	1533,93
582,71	1445,87
582,91	1554,41
583,12	1576,94
583,32	1476,59
583,52	1529,83
583,73	1531,88
583,93	1447,91
584,13	1546,22
584,34	1583,08
584,54	1560,55
584,74	1574,89
584,94	1560,55
585,15	1535,98
585,35	1605,61
585,55	1548,26
585,76	1521,64
585,96	1583,08
586,16	1546,22
586,37	1466,35
586,57	1484,78
586,77	1439,72
586,98	1538,02
587,18	1517,54
587,38	1587,18
587,58	1472,49
587,79	1521,64
587,99	1488,87
588,19	1529,83
588,40	1454,06
588,60	1617,90
588,80	1495,02
589,00	1499,11
589,21	1509,35
589,41	1560,55
589,61	1449,96
589,82	1472,49
590,02	1546,22
590,22	1601,51
590,42	1599,46
590,63	1544,17
590,83	1535,98
591,03	1644,52
591,23	1517,54
591,44	1593,32
591,64	1550,31
591,84	1546,22
592,05	1613,80
592,25	1503,21
592,45	1488,87
592,65	1538,02
592,86	1544,17
593,06	1634,28
593,26	1499,11
593,46	1521,64
593,67	1572,84
593,87	1519,59
594,07	1564,65
594,27	1533,93
594,48	1507,30
594,68	1630,18
594,88	1540,07
595,08	1558,50
595,29	1533,93
595,49	1554,41
595,69	1525,74
595,89	1523,69
596,10	1576,94
596,30	1587,18
596,50	1452,01
596,70	1556,46
596,90	1640,42
597,11	1437,67
597,31	1515,50
597,51	1576,94
597,71	1533,93
597,92	1611,75
598,12	1521,64
598,32	1587,18
598,52	1570,79
598,72	1521,64
598,93	1533,93
599,13	1628,14
599,33	1578,98
599,53	1574,89
599,74	1611,75
599,94	1550,31
600,14	1507,30
600,34	1578,98
600,54	1646,57
600,75	1593,32
600,95	1568,74
601,15	1619,94
601,35	1566,70
601,55	1578,98
601,76	1460,20
601,96	1679,33
602,16	1677,29
602,36	1566,70
602,56	1468,39
602,76	1527,78
602,97	1490,92
603,17	1587,18
603,37	1535,98
603,57	1607,66
603,77	1550,31
603,98	1578,98
604,18	1521,64
604,38	1599,46
604,58	1488,87
604,78	1601,51
604,98	1523,69
605,19	1558,50
605,39	1548,26
605,59	1558,50
605,79	1558,50
605,99	1529,83
606,19	1472,49
606,40	1556,46
606,60	1480,68
606,80	1533,93
607,00	1484,78
607,20	1492,97
607,40	1484,78
607,61	1490,92
607,81	1480,68
608,01	1615,85
608,21	1601,51
608,41	1609,70
608,61	1513,45
608,81	1478,63
609,02	1398,76
609,22	1591,27
609,42	1505,26
609,62	1570,79
609,82	1538,02
610,02	1503,21
610,22	1519,59
610,43	1484,78
610,63	1484,78
610,83	1560,55
611,03	1484,78
611,23	1497,07
611,43	1593,32
611,63	1589,22
611,83	1492,97
612,04	1619,94
612,24	1578,98
612,44	1597,42
612,64	1605,61
612,84	1521,64
613,04	1529,83
613,24	1560,55
613,44	1538,02
613,64	1558,50
613,85	1482,73
614,05	1519,59
614,25	1574,89
614,45	1486,83
614,65	1587,18
614,85	1535,98
615,05	1531,88
615,25	1593,32
615,45	1535,98
615,65	1587,18
615,86	1654,76
616,06	1552,36
616,26	1529,83
616,46	1587,18
616,66	1427,43
616,86	1615,85
617,06	1517,54
617,26	1595,37
617,46	1517,54
617,66	1595,37
617,86	1619,94
618,07	1568,74
618,27	1605,61
618,47	1591,27
618,67	1587,18
618,87	1591,27
619,07	1583,08
619,27	1554,41
619,47	1578,98
619,67	1689,57
619,87	1478,63
620,07	1644,52
620,27	1613,80
620,47	1546,22
620,67	1589,22
620,87	1601,51
621,07	1587,18
621,28	1538,02
621,48	1658,85
621,68	1587,18
621,88	1583,08
622,08	1531,88
622,28	1658,85
622,48	1632,23
622,68	1619,94
622,88	1597,42
623,08	1630,18
623,28	1626,09
623,48	1562,60
623,68	1640,42
623,88	1619,94
624,08	1683,43
624,28	1597,42
624,48	1628,14
624,68	1544,17
624,88	1626,09
625,08	1603,56
625,28	1652,71
625,48	1638,38
625,68	1689,57
625,88	1632,23
626,08	1605,61
626,28	1755,11
626,48	1673,19
626,68	1669,09
626,88	1753,06
627,08	1679,33
627,28	1677,29
627,48	1605,61
627,68	1710,05
627,88	1642,47
628,08	1564,65
628,28	1642,47
628,49	1771,49
628,68	1572,84
628,88	1712,10
629,08	1550,31
629,28	1673,19
629,48	1640,42
629,68	1675,24
629,88	1591,27
630,08	1732,58
630,28	1732,58
630,48	1591,27
630,68	1654,76
630,88	1617,90
631,08	1669,09
631,28	1720,29
631,48	1638,38
631,68	1705,96
631,88	1660,90
632,08	1679,33
632,28	1621,99
632,48	1718,25
632,68	1681,38
632,88	1730,53
633,08	1665,00
633,28	1679,33
633,48	1654,76
633,68	1644,52
633,88	1615,85
634,08	1773,54
634,28	1665,00
634,48	1722,34
634,68	1607,66
634,88	1624,04
635,08	1705,96
635,28	1767,40
635,48	1693,67
635,68	1546,22
635,87	1642,47
636,07	1646,57
636,27	1613,80
636,47	1687,53
636,67	1781,73
636,87	1732,58
637,07	1654,76
637,27	1578,98
637,47	1636,33
637,67	1675,24
637,87	1597,42
638,07	1791,97
638,27	1599,46
638,47	1718,25
638,67	1669,09
638,86	1710,05
639,06	1656,81
639,26	1722,34
639,46	1646,57
639,66	1814,50
639,86	1714,15
640,06	1734,63
640,26	1720,29
640,46	1777,64
640,66	1691,62
640,86	1832,93
641,06	1607,66
641,25	1724,39
641,45	1656,81
641,65	1689,57
641,85	1613,80
642,05	1716,20
642,25	1642,47
642,45	1742,82
642,65	1699,81
642,85	1740,77
643,05	1710,05
643,24	1777,64
643,44	1699,81
643,64	1689,57
643,84	1660,90
644,04	1765,35
644,24	1681,38
644,44	1710,05
644,64	1646,57
644,84	1662,95
645,03	1705,96
645,23	1759,21
645,43	1673,19
645,63	1716,20
645,83	1587,18
646,03	1685,48
646,23	1669,09
646,42	1751,01
646,62	1712,10
646,82	1763,30
647,02	1667,05
647,22	1710,05
647,42	1708,01
647,62	1845,22
647,82	1665,00
648,01	1923,04
648,21	1640,42
648,41	1851,36
648,61	1757,16
648,81	1820,64
649,01	1699,81
649,20	1669,09
649,40	1648,61
649,60	1771,49
649,80	1716,20
650,00	1722,34
650,20	1689,57
650,40	1781,73
650,59	1687,53
650,79	1656,81
650,99	1818,60
651,19	1748,97
651,39	1763,30
651,58	1691,62
651,78	1777,64
651,98	1777,64
652,18	1677,29
652,38	1734,63
652,58	1671,14
652,77	1751,01
652,97	1761,25
653,17	1834,98
653,37	1769,44
653,57	1769,44
653,77	1681,38
653,96	1851,36
654,16	1685,48
654,36	1796,07
654,56	1851,36
654,76	1753,06
654,95	1734,63
655,15	1777,64
655,35	1718,25
655,55	1775,59
655,75	1748,97
655,94	1722,34
656,14	1755,11
656,34	1865,70
656,54	1761,25
656,73	1886,18
656,93	1800,16
657,13	1918,95
657,33	1746,92
657,53	1791,97
657,72	1808,36
657,92	1843,17
658,12	1773,54
658,32	1824,74
658,52	1775,59
658,71	1806,31
658,91	1738,73
659,11	1810,40
659,31	1812,45
659,50	1822,69
659,70	1775,59
659,90	1888,23
660,10	1703,91
660,29	1896,42
660,49	1718,25
660,69	1777,64
660,89	1880,04
661,08	1834,98
661,28	1779,68
661,48	1730,53
661,68	1830,88
661,87	1769,44
662,07	1806,31
662,27	1912,80
662,47	1796,07
662,66	1820,64
662,86	1730,53
663,06	1824,74
663,26	1718,25
663,45	1863,65
663,65	1826,79
663,85	1759,21
664,05	1730,53
664,24	1802,21
664,44	1839,08
664,64	1830,88
664,84	1761,25
665,03	1931,23
665,23	1890,28
665,43	1798,12
665,62	1787,88
665,82	1791,97
666,02	1812,45
666,22	1847,27
666,41	1763,30
666,61	1927,14
666,81	1804,26
667,00	1820,64
667,20	1904,61
667,40	1861,60
667,60	1808,36
667,79	1810,40
667,99	1783,78
668,19	1861,60
668,38	1732,58
668,58	1816,55
668,78	1777,64
668,97	1744,87
669,17	1744,87
669,37	1814,50
669,57	1771,49
669,76	1880,04
669,96	1837,03
670,16	1785,83
670,35	1769,44
670,55	1720,29
670,75	1746,92
670,94	1708,01
671,14	1781,73
671,34	1871,84
671,53	1761,25
671,73	1724,39
671,93	1718,25
672,12	1675,24
672,32	1796,07
672,52	1677,29
672,71	1654,76
672,91	1740,77
673,11	1794,02
673,30	1738,73
673,50	1687,53
673,70	1591,27
673,89	1658,85
674,09	1759,21
674,29	1646,57
674,48	1669,09
674,68	1685,48
674,88	1748,97
675,07	1687,53
675,27	1710,05
675,46	1665,00
675,66	1695,72
675,86	1632,23
676,05	1646,57
676,25	1734,63
676,45	1699,81
676,64	1640,42
676,84	1716,20
677,04	1654,76
677,23	1677,29
677,43	1656,81
677,62	1705,96
677,82	1693,67
678,02	1601,51
678,21	1660,90
678,41	1677,29
678,61	1619,94
678,80	1665,00
679,00	1652,71
679,19	1679,33
679,39	1769,44
679,59	1673,19
679,78	1701,86
679,98	1640,42
680,17	1654,76
680,37	1624,04
680,57	1634,28
680,76	1787,88
680,96	1703,91
681,16	1654,76
681,35	1660,90
681,55	1660,90
681,74	1683,43
681,94	1681,38
682,13	1697,77
682,33	1751,01
682,53	1646,57
682,72	1705,96
682,92	1654,76
683,11	1687,53
683,31	1767,40
683,51	1736,68
683,70	1748,97
683,90	1769,44
684,09	1708,01
684,29	1695,72
684,48	1603,56
684,68	1679,33
684,88	1855,46
685,07	1763,30
685,27	1695,72
685,46	1755,11
685,66	1769,44
685,85	1781,73
686,05	1814,50
686,25	1779,68
686,44	1738,73
686,64	1796,07
686,83	1753,06
687,03	1857,51
687,22	1744,87
687,42	1699,81
687,61	1855,46
687,81	1703,91
688,01	1808,36
688,20	1794,02
688,40	1708,01
688,59	1812,45
688,79	1824,74
688,98	1865,70
689,18	1845,22
689,37	1769,44
689,57	1873,89
689,76	1781,73
689,96	1828,84
690,15	1783,78
690,35	1828,84
690,54	1855,46
690,74	1884,13
690,94	1894,37
691,13	1906,66
691,33	1857,51
691,52	1888,23
691,72	1896,42
691,91	1839,08
692,11	1865,70
692,30	1898,47
692,50	1927,14
692,69	1925,09
692,89	1834,98
693,08	1904,61
693,28	1923,04
693,47	1781,73
693,67	1880,04
693,86	1882,08
694,06	1898,47
694,25	1849,32
694,45	1865,70
694,64	1773,54
694,84	1767,40
695,03	1914,85
695,23	1841,12
695,42	1890,28
695,62	1865,70
695,81	1902,56
696,01	1871,84
696,20	1806,31
696,40	1857,51
696,59	1822,69
696,78	1900,52
696,98	1834,98
697,17	1789,92
697,37	1751,01
697,56	1834,98
697,76	1791,97
697,95	1818,60
698,15	1748,97
698,34	1816,55
698,54	1763,30
698,73	1787,88
698,93	1621,99
699,12	1748,97
699,32	1775,59
699,51	1683,43
699,70	1716,20
699,90	1667,05
700,09	1703,91
700,29	1601,51
700,48	1624,04
700,68	1509,35
700,87	1675,24
701,07	1572,84
701,26	1550,31
701,45	1581,03
701,65	1556,46
701,84	1503,21
702,04	1515,50
702,23	1501,16
702,43	1538,02
702,62	1509,35
702,81	1656,81
703,01	1527,78
703,20	1630,18
703,40	1501,16
703,59	1511,40
703,79	1546,22
703,98	1445,87
704,17	1443,82
704,37	1443,82
704,56	1570,79
704,76	1456,11
704,95	1421,29
705,14	1445,87
705,34	1409,00
705,53	1392,62
705,73	1447,91
705,92	1402,86
706,11	1439,72
706,31	1460,20
706,50	1470,44
706,70	1474,54
706,89	1361,90
707,08	1480,68
707,28	1503,21
707,47	1445,87
707,67	1497,07
707,86	1456,11
708,05	1363,95
708,25	1339,37
708,44	1372,14
708,64	1517,54
708,83	1482,73
709,02	1435,63
709,22	1458,15
709,41	1398,76
709,60	1529,83
709,80	1484,78
709,99	1425,39
710,19	1439,72
710,38	1404,91
710,57	1443,82
710,77	1456,11
710,96	1370,09
711,15	1443,82
711,35	1421,29
711,54	1505,26
711,73	1374,19
711,93	1433,58
712,12	1431,53
712,31	1460,20
712,51	1400,81
712,70	1427,43
712,89	1439,72
713,09	1474,54
713,28	1398,76
713,48	1433,58
713,67	1470,44
713,86	1443,82
714,06	1345,52
714,25	1363,95
714,44	1376,24
714,64	1482,73
714,83	1382,38
715,02	1382,38
715,22	1466,35
715,41	1421,29
715,60	1398,76
715,79	1370,09
715,99	1435,63
716,18	1386,47
716,37	1447,91
716,57	1458,15
716,76	1478,63
716,95	1433,58
717,15	1374,19
717,34	1419,24
717,53	1378,28
717,73	1378,28
717,92	1413,10
718,11	1472,49
718,31	1406,95
718,50	1413,10
718,69	1363,95
718,88	1429,48
719,08	1409,00
719,27	1392,62
719,46	1458,15
719,66	1443,82
719,85	1449,96
720,04	1419,24
720,23	1406,95
720,43	1396,71
720,62	1406,95
720,81	1331,18
721,01	1419,24
721,20	1402,86
721,39	1429,48
721,58	1411,05
721,78	1445,87
721,97	1443,82
722,16	1380,33
722,35	1466,35
722,55	1357,80
722,74	1449,96
722,93	1374,19
723,13	1363,95
723,32	1388,52
723,51	1363,95
723,70	1417,19
723,90	1411,05
724,09	1425,39
724,28	1443,82
724,47	1370,09
724,67	1462,25
724,86	1429,48
725,05	1374,19
725,24	1499,11
725,44	1398,76
725,63	1384,43
725,82	1374,19
726,01	1441,77
726,21	1499,11
726,40	1394,67
726,59	1472,49
726,78	1466,35
726,97	1370,09
727,17	1372,14
727,36	1480,68
727,55	1423,34
727,74	1454,06
727,94	1343,47
728,13	1378,28
728,32	1388,52
728,51	1370,09
728,70	1427,43
728,90	1406,95
729,09	1474,54
729,28	1386,47
729,47	1406,95
729,66	1507,30
729,86	1415,15
730,05	1445,87
730,24	1466,35
730,43	1435,63
730,63	1390,57
730,82	1456,11
731,01	1392,62
731,20	1431,53
731,39	1411,05
731,58	1341,42
731,78	1482,73
731,97	1392,62
732,16	1400,81
732,35	1492,97
732,54	1384,43
732,74	1478,63
732,93	1372,14
733,12	1386,47
733,31	1409,00
733,50	1441,77
733,69	1406,95
733,89	1531,88
734,08	1454,06
734,27	1472,49
734,46	1441,77
734,65	1366,00
734,84	1468,39
735,04	1452,01
735,23	1515,50
735,42	1443,82
735,61	1411,05
735,80	1544,17
735,99	1404,91
736,19	1425,39
736,38	1386,47
736,57	1464,30
736,76	1316,84
736,95	1431,53
737,14	1417,19
737,33	1454,06
737,53	1495,02
737,72	1341,42
737,91	1429,48
738,10	1437,67
738,29	1376,24
738,48	1486,83
738,67	1449,96
738,87	1478,63
739,06	1431,53
739,25	1419,24
739,44	1335,28
739,63	1488,87
739,82	1443,82
740,01	1390,57
740,20	1435,63
740,40	1368,04
740,59	1445,87
740,78	1478,63
740,97	1409,00
741,16	1437,67
741,35	1482,73
741,54	1513,45
741,73	1445,87
741,92	1382,38
742,12	1363,95
742,31	1435,63
742,50	1558,50
742,69	1415,15
742,88	1492,97
743,07	1460,20
743,26	1411,05
743,45	1533,93
743,64	1388,52
743,83	1466,35
744,02	1490,92
744,22	1372,14
744,41	1478,63
744,60	1406,95
744,79	1482,73
744,98	1546,22
745,17	1411,05
745,36	1441,77
745,55	1429,48
745,74	1396,71
745,93	1482,73
746,12	1433,58
746,31	1462,25
746,50	1394,67
746,70	1345,52
746,89	1460,20
747,08	1501,16
747,27	1419,24
747,46	1540,07
747,65	1462,25
747,84	1486,83
748,03	1454,06
748,22	1417,19
748,41	1460,20
748,60	1476,59
748,79	1458,15
748,98	1439,72
749,17	1419,24
749,36	1517,54
749,55	1466,35
749,74	1380,33
749,93	1562,60
750,12	1300,46
750,31	1488,87
750,50	1519,59
750,70	1509,35
750,89	1552,36
751,08	1597,42
751,27	1452,01
751,46	1533,93
751,65	1456,11
751,84	1462,25
752,03	1392,62
752,22	1574,89
752,41	1474,54
752,60	1456,11
752,79	1595,37
752,98	1415,15
753,17	1398,76
753,36	1462,25
753,55	1456,11
753,74	1476,59
753,93	1533,93
754,12	1603,56
754,31	1535,98
754,50	1517,54
754,69	1456,11
754,88	1484,78
755,07	1468,39
755,26	1433,58
755,45	1347,56
755,64	1517,54
755,83	1521,64
756,02	1578,98
756,21	1501,16
756,40	1501,16
756,59	1484,78
756,78	1501,16
756,97	1546,22
757,16	1497,07
757,35	1548,26
757,54	1460,20
757,72	1503,21
757,91	1445,87
758,10	1544,17
758,29	1437,67
758,48	1560,55
758,67	1466,35
758,86	1511,40
759,05	1540,07
759,24	1513,45
759,43	1593,32
759,62	1533,93
759,81	1513,45
760,00	1615,85
760,19	1480,68
760,38	1593,32
760,57	1556,46
760,76	1595,37
760,95	1630,18
761,14	1556,46
761,33	1482,73
761,52	1581,03
761,70	1531,88
761,89	1474,54
762,08	1669,09
762,27	1535,98
762,46	1542,12
762,65	1576,94
762,84	1554,41
763,03	1607,66
763,22	1568,74
763,41	1566,70
763,60	1591,27
763,79	1581,03
763,98	1607,66
764,16	1626,09
764,35	1576,94
764,54	1638,38
764,73	1611,75
764,92	1652,71
765,11	1716,20
765,30	1599,46
765,49	1564,65
765,68	1654,76
765,87	1677,29
766,06	1662,95
766,24	1646,57
766,43	1667,05
766,62	1734,63
766,81	1656,81
767,00	1669,09
767,19	1599,46
767,38	1708,01
767,57	1644,52
767,76	1665,00
767,94	1748,97
768,13	1669,09
768,32	1662,95
768,51	1687,53
768,70	1785,83
768,89	1798,12
769,08	1726,44
769,27	1773,54
769,45	1632,23
769,64	1804,26
769,83	1724,39
770,02	1634,28
770,21	1830,88
770,40	1718,25
770,59	1812,45
770,77	1785,83
770,96	1925,09
771,15	1798,12
771,34	1730,53
771,53	1920,99
771,72	1927,14
771,91	1685,48
772,09	1791,97
772,28	1837,03
772,47	1837,03
772,66	1824,74
772,85	1837,03
773,04	1890,28
773,22	2033,63
773,41	1822,69
773,60	1802,21
773,79	1882,08
773,98	1964,00
774,17	1832,93
774,35	1929,19
774,54	1796,07
774,73	1931,23
774,92	1961,95
775,11	1976,29
775,30	1935,33
775,48	1949,67
775,67	1912,80
775,86	1918,95
776,05	2029,54
776,24	2088,93
776,42	1966,05
776,61	2072,54
776,80	1908,71
776,99	1980,39
777,18	2084,83
777,36	1982,43
777,55	1964,00
777,74	1972,19
777,93	1912,80
778,12	2074,59
778,30	2107,36
778,49	2068,45
778,68	2127,84
778,87	2050,02
779,06	2011,11
779,24	2084,83
779,43	1941,47
779,62	2068,45
779,81	2011,11
779,99	1980,39
780,18	2023,39
780,37	2111,46
780,56	2054,11
780,75	2082,78
780,93	1974,24
781,12	2090,98
781,31	1947,62
781,50	2007,01
781,68	1888,23
781,87	1947,62
782,06	1828,84
782,25	1902,56
782,43	1834,98
782,62	1923,04
782,81	1810,40
783,00	1972,19
783,18	1765,35
783,37	1918,95
783,56	1837,03
783,75	1941,47
783,93	1714,15
784,12	1974,24
784,31	1890,28
784,50	1861,60
784,68	1759,21
784,87	1771,49
785,06	1759,21
785,24	1861,60
785,43	1787,88
785,62	1685,48
785,81	1617,90
785,99	1808,36
786,18	1617,90
786,37	1665,00
786,56	1546,22
786,74	1628,14
786,93	1669,09
787,12	1585,13
787,30	1570,79
787,49	1654,76
787,68	1617,90
787,87	1595,37
788,05	1636,33
788,24	1507,30
788,43	1540,07
788,61	1531,88
788,80	1562,60
788,99	1548,26
789,17	1568,74
789,36	1535,98
789,55	1617,90
789,73	1603,56
789,92	1513,45
790,11	1552,36
790,30	1517,54
790,48	1525,74
790,67	1558,50
790,86	1492,97
791,04	1638,38
791,23	1544,17
791,42	1546,22
791,60	1505,26
791,79	1447,91
791,98	1470,44
792,16	1499,11
792,35	1574,89
792,54	1513,45
792,72	1574,89
792,91	1495,02
793,10	1476,59
793,28	1382,38
793,47	1517,54
793,66	1519,59
793,84	1472,49
794,03	1452,01
794,22	1490,92
794,40	1425,39
794,59	1484,78
794,77	1449,96
794,96	1378,28
795,15	1454,06
795,33	1335,28
795,52	1476,59
795,71	1368,04
795,89	1353,71
796,08	1550,31
796,27	1402,86
796,45	1406,95
796,64	1312,75
796,82	1394,67
797,01	1464,30
797,20	1458,15
797,38	1458,15
797,57	1492,97
797,76	1409,00
797,94	1484,78
798,13	1466,35
798,31	1390,57
798,50	1267,69
798,69	1562,60
798,87	1355,76
799,06	1431,53
799,24	1386,47
799,43	1488,87
799,62	1322,99
799,80	1425,39
799,99	1490,92
800,17	1398,76
800,36	1402,86
800,55	1357,80
800,73	1388,52
800,92	1441,77
801,10	1456,11
801,29	1452,01
801,48	1429,48
801,66	1443,82
801,85	1380,33
802,03	1433,58
802,22	1390,57
802,40	1427,43
802,59	1339,37
802,78	1396,71
802,96	1406,95
803,15	1513,45
803,33	1427,43
803,52	1413,10
803,70	1388,52
803,89	1406,95
804,08	1337,32
804,26	1386,47
804,45	1406,95
804,63	1449,96
804,82	1425,39
805,00	1388,52
805,19	1460,20
805,37	1464,30
805,56	1503,21
805,74	1400,81
805,93	1339,37
806,12	1417,19
806,30	1449,96
806,49	1484,78
806,67	1464,30
806,86	1296,36
807,04	1517,54
807,23	1460,20
807,41	1304,56
807,60	1517,54
807,78	1345,52
807,97	1785,83
808,15	1343,47
808,34	1464,30
808,52	1398,76
808,71	1415,15
808,89	1439,72
809,08	1425,39
809,27	1513,45
809,45	1404,91
809,64	1372,14
809,82	1396,71
810,01	1437,67
810,19	1460,20
810,38	1388,52
810,56	1423,34
810,75	1421,29
810,93	1452,01
811,12	1419,24
811,30	1370,09
811,49	1368,04
811,67	1439,72
811,85	1492,97
812,04	1378,28
812,22	1417,19
812,41	1423,34
812,59	1382,38
812,78	1392,62
812,96	1419,24
813,15	1431,53
813,33	1460,20
813,52	1501,16
813,70	1339,37
813,89	1406,95
814,07	1490,92
814,26	1482,73
814,44	1398,76
814,63	1449,96
814,81	1347,56
815,00	1427,43
815,18	1429,48
815,36	1370,09
815,55	1318,89
815,73	1292,27
815,92	1497,07
816,10	1484,78
816,29	1415,15
816,47	1409,00
816,66	1388,52
816,84	1433,58
817,02	1538,02
817,21	1419,24
817,39	1411,05
817,58	1372,14
817,76	1472,49
817,95	1470,44
818,13	1341,42
818,32	1296,36
818,50	1396,71
818,68	1378,28
818,87	1435,63
819,05	1421,29
819,24	1421,29
819,42	1386,47
819,60	1472,49
819,79	1345,52
819,97	1396,71
820,16	1431,53
820,34	1435,63
820,53	1382,38
820,71	1402,86
820,89	1452,01
821,08	1376,24
821,26	1396,71
821,45	1452,01
821,63	1417,19
821,81	1433,58
822,00	1392,62
822,18	1423,34
822,37	1443,82
822,55	1417,19
822,73	1427,43
822,92	1472,49
823,10	1480,68
823,28	1353,71
823,47	1468,39
823,65	1327,08
823,84	1316,84
824,02	1417,19
824,20	1445,87
824,39	1433,58
824,57	1462,25
824,75	1519,59
824,94	1507,30
825,12	1452,01
825,31	1423,34
825,49	1404,91
825,67	1406,95
825,86	1390,57
826,04	1390,57
826,22	1445,87
826,41	1523,69
826,59	1476,59
826,77	1406,95
826,96	1378,28
827,14	1382,38
827,32	1499,11
827,51	1478,63
827,69	1443,82
827,87	1488,87
828,06	1419,24
828,24	1333,23
828,42	1439,72
828,61	1476,59
828,79	1466,35
828,97	1476,59
829,16	1503,21
829,34	1388,52
829,52	1390,57
829,71	1511,40
829,89	1497,07
830,07	1445,87
830,26	1497,07
830,44	1411,05
830,62	1478,63
830,81	1462,25
830,99	1388,52
831,17	1437,67
831,36	1394,67
831,54	1464,30
831,72	1503,21
831,91	1368,04
832,09	1411,05
832,27	1380,33
832,45	1525,74
832,64	1329,13
832,82	1452,01
833,00	1429,48
833,19	1345,52
833,37	1429,48
833,55	1300,46
833,73	1415,15
833,92	1466,35
834,10	1361,90
834,28	1435,63
834,47	1400,81
834,65	1429,48
834,83	1454,06
835,01	1435,63
835,20	1384,43
835,38	1376,24
835,56	1503,21
835,74	1521,64
835,93	1495,02
836,11	1429,48
836,29	1474,54
836,47	1517,54
836,66	1406,95
836,84	1406,95
837,02	1515,50
837,21	1499,11
837,39	1370,09
837,57	1402,86
837,75	1535,98
837,94	1423,34
838,12	1435,63
838,30	1431,53
838,48	1443,82
838,66	1396,71
838,85	1427,43
839,03	1384,43
839,21	1417,19
839,39	1398,76
839,58	1460,20
839,76	1452,01
839,94	1437,67
840,12	1425,39
840,31	1472,49
840,49	1429,48
840,67	1517,54
840,85	1452,01
841,03	1415,15
841,22	1476,59
841,40	1423,34
841,58	1445,87
841,76	1406,95
841,94	1402,86
842,13	1503,21
842,31	1470,44
842,49	1501,16
842,67	1421,29
842,85	1490,92
843,04	1533,93
843,22	1480,68
843,40	1370,09
843,58	1525,74
843,76	1382,38
843,95	1447,91
844,13	1316,84
844,31	1404,91
844,49	1421,29
844,67	1409,00
844,86	1409,00
845,04	1368,04
845,22	1361,90
845,40	1415,15
845,58	1488,87
845,76	1439,72
845,95	1437,67
846,13	1314,80
846,31	1488,87
846,49	1394,67
846,67	1411,05
846,85	1452,01
847,04	1404,91
847,22	1458,15
847,40	1398,76
847,58	1347,56
847,76	1445,87
847,94	1462,25
848,12	1525,74
848,31	1402,86
848,49	1376,24
848,67	1427,43
848,85	1452,01
849,03	1347,56
849,21	1525,74
849,39	1409,00
849,58	1398,76
849,76	1458,15
849,94	1386,47
850,12	1345,52
850,30	1452,01
850,48	1406,95
850,66	1380,33
850,84	1413,10
851,03	1533,93
851,21	1357,80
851,39	1429,48
851,57	1464,30
851,75	1402,86
851,93	1376,24
852,11	1484,78
852,29	1495,02
852,47	1515,50
852,66	1488,87
852,84	1398,76
853,02	1433,58
853,20	1517,54
853,38	1447,91
853,56	1466,35
853,74	1495,02
853,92	1466,35
854,10	1376,24
854,28	1460,20
854,46	1382,38
854,65	1462,25
854,83	1400,81
855,01	1429,48
855,19	1490,92
855,37	1437,67
855,55	1474,54
855,73	1515,50
855,91	1411,05
856,09	1484,78
856,27	1499,11
856,45	1419,24
856,63	1423,34
856,81	1501,16
857,00	1460,20
857,18	1415,15
857,36	1425,39
857,54	1548,26
857,72	1468,39
857,90	1445,87
858,08	1419,24
858,26	1519,59
858,44	1468,39
858,62	1464,30
858,80	1388,52
858,98	1505,26
859,16	1439,72
859,34	1423,34
859,52	1503,21
859,70	1517,54
859,88	1417,19
860,06	1433,58
860,24	1382,38
860,42	1429,48
860,60	1482,73
860,78	1421,29
860,96	1470,44
861,14	1456,11
861,32	1466,35
861,50	1460,20
861,69	1435,63
861,87	1374,19
862,05	1406,95
862,23	1357,80
862,41	1456,11
862,59	1452,01
862,77	1398,76
862,95	1388,52
863,13	1468,39
863,31	1497,07
863,49	1355,76
863,67	1527,78
863,85	1437,67
864,03	1478,63
864,21	1454,06
864,39	1384,43
864,57	1409,00
864,75	1495,02
864,92	1443,82
865,10	1384,43
865,28	1462,25
865,46	1400,81
865,64	1466,35
865,82	1427,43
866,00	1411,05
866,18	1482,73
866,36	1454,06
866,54	1525,74
866,72	1511,40
866,90	1480,68
867,08	1521,64
867,26	1439,72
867,44	1441,77
867,62	1378,28
867,80	1427,43
867,98	1546,22
868,16	1402,86
868,34	1478,63
868,52	1384,43
868,70	1413,10
868,88	1554,41
869,06	1443,82
869,24	1417,19
869,42	1314,80
869,59	1359,85
869,77	1501,16
869,95	1435,63
870,13	1447,91
870,31	1331,18
870,49	1445,87
870,67	1386,47
870,85	1390,57
871,03	1456,11
871,21	1470,44
871,39	1415,15
871,57	1423,34
871,75	1488,87
871,92	1370,09
872,10	1417,19
872,28	1351,66
872,46	1437,67
872,64	1449,96
872,82	1492,97
873,00	1372,14
873,18	1425,39
873,36	1394,67
873,54	1384,43
873,72	1470,44
873,89	1460,20
874,07	1478,63
874,25	1538,02
874,43	1386,47
874,61	1462,25
874,79	1427,43
874,97	1374,19
875,15	1497,07
875,33	1386,47
875,50	1429,48
875,68	1423,34
875,86	1554,41
876,04	1415,15
876,22	1566,70
876,40	1470,44
876,58	1452,01
876,76	1468,39
876,93	1435,63
877,11	1368,04
877,29	1452,01
877,47	1464,30
877,65	1484,78
877,83	1560,55
878,01	1482,73
878,18	1390,57
878,36	1460,20
878,54	1394,67
878,72	1392,62
878,90	1415,15
879,08	1441,77
879,25	1390,57
879,43	1400,81
879,61	1384,43
879,79	1533,93
879,97	1544,17
880,15	1419,24
880,32	1337,32
880,50	1456,11
880,68	1519,59
880,86	1468,39
881,04	1439,72
881,22	1517,54
881,39	1445,87
881,57	1468,39
881,75	1372,14
881,93	1454,06
882,11	1480,68
882,28	1449,96
882,46	1359,85
882,64	1427,43
882,82	1431,53
883,00	1480,68
883,18	1466,35
883,35	1482,73
883,53	1521,64
883,71	1470,44
883,89	1458,15
884,07	1394,67
884,24	1452,01
884,42	1421,29
884,60	1445,87
884,78	1484,78
884,95	1468,39
885,13	1355,76
885,31	1452,01
885,49	1400,81
885,67	1458,15
885,84	1398,76
886,02	1388,52
886,20	1437,67
886,38	1413,10
886,55	1372,14
886,73	1415,15
886,91	1441,77
887,09	1406,95
887,26	1484,78
887,44	1542,12
887,62	1501,16
887,80	1361,90
887,98	1398,76
888,15	1415,15
888,33	1466,35
888,51	1449,96
888,69	1421,29
888,86	1447,91
889,04	1513,45
889,22	1454,06
889,39	1499,11
889,57	1456,11
889,75	1439,72
889,93	1419,24
890,10	1445,87
890,28	1525,74
890,46	1466,35
890,64	1458,15
890,81	1409,00
890,99	1468,39
891,17	1400,81
891,34	1464,30
891,52	1349,61
891,70	1449,96
891,88	1431,53
892,05	1495,02
892,23	1372,14
892,41	1421,29
892,58	1396,71
892,76	1488,87
892,94	1415,15
893,12	1538,02
893,29	1417,19
893,47	1501,16
893,65	1374,19
893,82	1460,20
894,00	1558,50
894,18	1404,91
894,35	1497,07
894,53	1419,24
894,71	1492,97
894,89	1488,87
895,06	1439,72
895,24	1419,24
895,42	1488,87
895,59	1447,91
895,77	1468,39
895,95	1445,87
896,12	1392,62
896,30	1505,26
896,48	1382,38
896,65	1435,63
896,83	1474,54
897,01	1382,38
897,18	1533,93
897,36	1501,16
897,54	1470,44
897,71	1413,10
897,89	1427,43
898,07	1366,00
898,24	1452,01
898,42	1351,66
898,59	1456,11
898,77	1372,14
898,95	1370,09
899,12	1445,87
899,30	1497,07
899,48	1478,63
899,65	1404,91
899,83	1406,95
900,01	1380,33
900,18	1452,01
900,36	1503,21
900,53	1441,77
900,71	1378,28
900,89	1468,39
901,06	1447,91
901,24	1398,76
901,42	1501,16
901,59	1368,04
901,77	1507,30
901,94	1417,19
902,12	1425,39
902,30	1519,59
902,47	1456,11
902,65	1318,89
902,82	1421,29
903,00	1417,19
903,18	1425,39
903,35	1368,04
903,53	1390,57
903,70	1454,06
903,88	1441,77
904,06	1366,00
904,23	1415,15
904,41	1441,77
904,58	1423,34
904,76	1406,95
904,93	1425,39
905,11	1406,95
905,29	1505,26
905,46	1468,39
905,64	1466,35
905,81	1396,71
905,99	1366,00
906,16	1468,39
906,34	1355,76
906,52	1409,00
906,69	1452,01
906,87	1529,83
907,04	1427,43
907,22	1382,38
907,39	1452,01
907,57	1486,83
907,75	1497,07
907,92	1462,25
908,10	1484,78
908,27	1433,58
908,45	1423,34
908,62	1454,06
908,80	1413,10
908,97	1394,67
909,15	1497,07
909,32	1415,15
909,50	1431,53
909,67	1443,82
909,85	1505,26
910,03	1351,66
910,20	1478,63
910,38	1361,90
910,55	1470,44
910,73	1409,00
910,90	1419,24
911,08	1445,87
911,25	1382,38
911,43	1456,11
911,60	1478,63
911,78	1390,57
911,95	1525,74
912,13	1433,58
912,30	1431,53
912,48	1394,67
912,65	1449,96
912,83	1433,58
913,00	1427,43
913,18	1433,58
913,35	1431,53
913,53	1445,87
913,70	1429,48
913,88	1495,02
914,05	1488,87
914,23	1339,37
914,40	1482,73
914,58	1366,00
914,75	1460,20
914,93	1437,67
915,10	1452,01
915,27	1454,06
915,45	1488,87
915,62	1468,39
915,80	1388,52
915,97	1443,82
916,15	1460,20
916,32	1583,08
916,50	1470,44
916,67	1441,77
916,85	1497,07
917,02	1415,15
917,20	1392,62
917,37	1361,90
917,54	1460,20
917,72	1472,49
917,89	1443,82
918,07	1456,11
918,24	1488,87
918,42	1441,77
918,59	1462,25
918,77	1394,67
918,94	1456,11
919,11	1370,09
919,29	1435,63
919,46	1458,15
919,64	1435,63
919,81	1423,34
919,99	1366,00
920,16	1495,02
920,33	1443,82
920,51	1388,52
920,68	1396,71
920,86	1413,10
921,03	1447,91
921,20	1376,24
921,38	1368,04
921,55	1435,63
921,73	1419,24
921,90	1372,14
922,07	1417,19
922,25	1449,96
922,42	1515,50
922,60	1513,45
922,77	1456,11
922,94	1388,52
923,12	1437,67
923,29	1513,45
923,47	1490,92
923,64	1449,96
923,81	1521,64
923,99	1314,80
924,16	1503,21
924,34	1417,19
924,51	1472,49
924,68	1478,63
924,86	1361,90
925,03	1345,52
925,20	1513,45
925,38	1495,02
925,55	1462,25
925,72	1433,58
925,90	1378,28
926,07	1427,43
926,25	1411,05
926,42	1419,24
926,59	1433,58
926,77	1490,92
926,94	1361,90
927,11	1392,62
927,29	1435,63
927,46	1411,05
927,63	1515,50
927,81	1370,09
927,98	1443,82
928,15	1470,44
928,33	1548,26
928,50	1468,39
928,67	1409,00
928,85	1439,72
929,02	1427,43
929,19	1558,50
929,37	1480,68
929,54	1445,87
929,71	1501,16
929,89	1413,10
930,06	1363,95
930,23	1472,49
930,41	1484,78
930,58	1392,62
930,75	1421,29
930,92	1439,72
931,10	1466,35
931,27	1454,06
931,44	1505,26
931,62	1355,76
931,79	1415,15
931,96	1445,87
932,14	1488,87
932,31	1441,77
932,48	1478,63
932,65	1351,66
932,83	1423,34
933,00	1474,54
933,17	1419,24
933,35	1456,11
933,52	1503,21
933,69	1521,64
933,86	1435,63
934,04	1413,10
934,21	1417,19
934,38	1447,91
934,55	1415,15
934,73	1441,77
934,90	1394,67
935,07	1435,63
935,25	1509,35
935,42	1429,48
935,59	1411,05
935,76	1454,06
935,94	1396,71
936,11	1368,04
936,28	1452,01
936,45	1337,32
936,63	1421,29
936,80	1374,19
936,97	1478,63
937,14	1452,01
937,31	1501,16
937,49	1484,78
937,66	1462,25
937,83	1357,80
938,00	1476,59
938,18	1474,54
938,35	1472,49
938,52	1548,26
938,69	1458,15
938,87	1374,19
939,04	1404,91
939,21	1419,24
939,38	1427,43
939,55	1382,38
939,73	1454,06
939,90	1470,44
940,07	1366,00
940,24	1501,16
940,41	1468,39
940,59	1449,96
940,76	1411,05
940,93	1388,52
941,10	1454,06
941,27	1415,15
941,45	1435,63
941,62	1386,47
941,79	1427,43
941,96	1439,72
942,13	1425,39
942,31	1482,73
942,48	1460,20
942,65	1464,30
942,82	1325,04
942,99	1390,57
943,16	1488,87
943,34	1447,91
943,51	1490,92
943,68	1466,35
943,85	1542,12
944,02	1417,19
944,19	1419,24
944,37	1411,05
944,54	1447,91
944,71	1538,02
944,88	1529,83
945,05	1433,58
945,22	1503,21
945,40	1478,63
945,57	1497,07
945,74	1368,04
945,91	1480,68
946,08	1439,72
946,25	1417,19
946,42	1386,47
946,60	1468,39
946,77	1474,54
946,94	1433,58
947,11	1472,49
947,28	1392,62
947,45	1433,58
947,62	1439,72
947,79	1492,97
947,97	1472,49
948,14	1511,40
948,31	1435,63
948,48	1406,95
948,65	1415,15
948,82	1464,30
948,99	1341,42
949,16	1427,43
949,33	1419,24
949,51	1474,54
949,68	1406,95
949,85	1435,63
950,02	1429,48
950,19	1447,91
950,36	1482,73
950,53	1476,59
950,70	1495,02
950,87	1474,54
951,04	1517,54
951,22	1462,25
951,39	1476,59
951,56	1435,63
951,73	1390,57
951,90	1419,24
952,07	1409,00
952,24	1529,83
952,41	1495,02
952,58	1390,57
952,75	1478,63
952,92	1398,76
953,09	1439,72
953,26	1443,82
953,43	1435,63
953,61	1486,83
953,78	1456,11
953,95	1400,81
954,12	1417,19
954,29	1388,52
954,46	1445,87
954,63	1503,21
954,80	1462,25
954,97	1456,11
955,14	1480,68
955,31	1431,53
955,48	1380,33
955,65	1425,39
955,82	1429,48
955,99	1533,93
956,16	1398,76
956,33	1419,24
956,50	1331,18
956,67	1406,95
956,84	1452,01
957,01	1529,83
957,18	1441,77
957,35	1460,20
957,52	1447,91
957,69	1431,53
957,86	1447,91
958,03	1355,76
958,20	1409,00
958,37	1490,92
958,54	1486,83
958,71	1425,39
958,88	1441,77
959,05	1441,77
959,22	1380,33
959,39	1447,91
959,56	1378,28
959,73	1486,83
959,90	1472,49
960,07	1415,15
960,24	1454,06
960,41	1429,48
960,58	1384,43
960,75	1382,38
960,92	1449,96
961,09	1361,90
961,26	1533,93
961,43	1503,21
961,60	1427,43
961,77	1400,81
961,94	1404,91
962,11	1368,04
962,28	1519,59
962,45	1492,97
962,62	1384,43
962,79	1505,26
962,96	1519,59
963,13	1431,53
963,30	1517,54
963,47	1411,05
963,64	1472,49
963,81	1535,98
963,98	1390,57
964,14	1445,87
964,31	1521,64
964,48	1482,73
964,65	1458,15
964,82	1361,90
964,99	1533,93
965,16	1361,90
965,33	1423,34
965,50	1503,21
965,67	1507,30
965,84	1458,15
966,01	1492,97
966,18	1382,38
966,35	1499,11
966,51	1427,43
966,68	1454,06
966,85	1374,19
967,02	1437,67
967,19	1392,62
967,36	1335,28
967,53	1388,52
967,70	1466,35
967,87	1492,97
968,04	1468,39
968,21	1458,15
968,37	1419,24
968,54	1454,06
968,71	1378,28
968,88	1431,53
969,05	1380,33
969,22	1460,20
969,39	1460,20
969,56	1431,53
969,72	1415,15
969,89	1439,72
970,06	1492,97
970,23	1527,78
970,40	1531,88
970,57	1370,09
970,74	1458,15
970,91	1419,24
971,07	1423,34
971,24	1382,38
971,41	1480,68
971,58	1413,10
971,75	1392,62
971,92	1331,18
972,09	1468,39
972,25	1435,63
972,42	1499,11
972,59	1445,87
972,76	1419,24
972,93	1525,74
973,10	1394,67
973,27	1443,82
973,43	1429,48
973,60	1468,39
973,77	1468,39
973,94	1441,77
974,11	1472,49
974,28	1452,01
974,44	1331,18
974,61	1425,39
974,78	1419,24
974,95	1337,32
975,12	1456,11
975,28	1435,63
975,45	1372,14
975,62	1400,81
975,79	1435,63
975,96	1325,04
976,12	1435,63
976,29	1478,63
976,46	1366,00
976,63	1472,49
976,80	1425,39
976,96	1431,53
977,13	1456,11
977,30	1480,68
977,47	1384,43
977,64	1433,58
977,80	1345,52
977,97	1437,67
978,14	1490,92
978,31	1488,87
978,48	1486,83
978,64	1505,26
978,81	1468,39
978,98	1456,11
979,15	1413,10
979,31	1427,43
979,48	1433,58
979,65	1357,80
979,82	1468,39
979,98	1423,34
980,15	1449,96
980,32	1472,49
980,49	1429,48
980,66	1394,67
980,82	1429,48
980,99	1443,82
981,16	1421,29
981,33	1490,92
981,49	1415,15
981,66	1429,48
981,83	1366,00
981,99	1374,19
982,16	1470,44
982,33	1316,84
982,50	1366,00
982,66	1458,15
982,83	1466,35
983,00	1433,58
983,17	1380,33
983,33	1390,57
983,50	1402,86
983,67	1497,07
983,83	1413,10
984,00	1370,09
984,17	1593,32
984,34	1386,47
984,50	1390,57
984,67	1339,37
984,84	1456,11
985,00	1429,48
985,17	1415,15
985,34	1421,29
985,51	1464,30
985,67	1363,95
985,84	1425,39
986,01	1396,71
986,17	1427,43
986,34	1374,19
986,51	1439,72
986,67	1361,90
986,84	1443,82
987,01	1415,15
987,17	1484,78
987,34	1355,76
987,51	1390,57
987,67	1406,95
987,84	1452,01
988,01	1505,26
988,17	1409,00
988,34	1327,08
988,51	1443,82
988,67	1447,91
988,84	1499,11
989,01	1386,47
989,17	1439,72
989,34	1327,08
989,51	1366,00
989,67	1390,57
989,84	1435,63
990,01	1474,54
990,17	1482,73
990,34	1441,77
990,51	1353,71
990,67	1433,58
990,84	1402,86
991,01	1458,15
991,17	1419,24
991,34	1431,53
991,50	1347,56
991,67	1351,66
991,84	1325,04
992,00	1325,04
992,17	1349,61
992,34	1501,16
992,50	1449,96
992,67	1335,28
992,83	1449,96
993,00	1423,34
993,17	1425,39
993,33	1419,24
993,50	1447,91
993,66	1398,76
993,83	1452,01
994,00	1415,15
994,16	1456,11
994,33	1525,74
994,49	1452,01
994,66	1507,30
994,83	1400,81
994,99	1472,49
995,16	1406,95
995,32	1447,91
995,49	1341,42
995,66	1417,19
995,82	1380,33
995,99	1402,86
996,15	1488,87
996,32	1427,43
996,48	1402,86
996,65	1406,95
996,82	1406,95
996,98	1368,04
997,15	1404,91
997,31	1447,91
997,48	1445,87
997,64	1411,05
997,81	1456,11
997,97	1327,08
998,14	1423,34
998,31	1419,24
998,47	1439,72
998,64	1462,25
998,80	1427,43
998,97	1437,67
999,13	1472,49
999,30	1409,00
999,46	1409,00
999,63	1341,42
999,79	1382,38
999,96	1447,91
1000,12	1425,39
1000,29	1392,62
1000,45	1452,01
1000,62	1349,61
1000,79	1503,21
1000,95	1443,82
1001,12	1417,19
1001,28	1386,47
1001,45	1411,05
1001,61	1343,47
1001,78	1398,76
1001,94	1441,77
1002,11	1447,91
1002,27	1458,15
1002,44	1374,19
1002,60	1390,57
1002,77	1435,63
1002,93	1462,25
1003,10	1372,14
1003,26	1374,19
1003,43	1476,59
1003,59	1454,06
1003,76	1458,15
1003,92	1359,85
1004,09	1447,91
1004,25	1505,26
1004,41	1396,71
1004,58	1351,66
1004,74	1417,19
1004,91	1441,77
1005,07	1511,40
1005,24	1509,35
1005,40	1370,09
1005,57	1325,04
1005,73	1472,49
1005,90	1411,05
1006,06	1431,53
1006,23	1445,87
1006,39	1390,57
1006,55	1435,63
1006,72	1423,34
1006,88	1361,90
1007,05	1449,96
1007,21	1474,54
1007,38	1417,19
1007,54	1325,04
1007,71	1452,01
1007,87	1404,91
1008,03	1468,39
1008,20	1423,34
1008,36	1435,63
1008,53	1388,52
1008,69	1411,05
1008,86	1452,01
1009,02	1421,29
1009,18	1353,71
1009,35	1480,68
1009,51	1390,57
1009,68	1478,63
1009,84	1435,63
1010,01	1456,11
1010,17	1310,70
1010,33	1445,87
1010,50	1439,72
1010,66	1515,50
1010,83	1384,43
1010,99	1374,19
1011,15	1400,81
1011,32	1423,34
1011,48	1406,95
1011,65	1472,49
1011,81	1333,23
1011,97	1462,25
1012,14	1419,24
1012,30	1327,08
1012,46	1368,04
1012,63	1425,39
1012,79	1380,33
1012,96	1411,05
1013,12	1427,43
1013,28	1441,77
1013,45	1347,56
1013,61	1355,76
1013,77	1400,81
1013,94	1382,38
1014,10	1394,67
1014,26	1435,63
1014,43	1392,62
1014,59	1357,80
1014,76	1501,16
1014,92	1327,08
1015,08	1382,38
1015,25	1464,30
1015,41	1417,19
1015,57	1392,62
1015,74	1361,90
1015,90	1415,15
1016,06	1396,71
1016,23	1382,38
1016,39	1425,39
1016,55	1447,91
1016,72	1400,81
1016,88	1325,04
1017,04	1366,00
1017,21	1400,81
1017,37	1396,71
1017,53	1449,96
1017,70	1413,10
1017,86	1492,97
1018,02	1376,24
1018,19	1388,52
1018,35	1460,20
1018,51	1366,00
1018,67	1435,63
1018,84	1415,15
1019,00	1429,48
1019,16	1366,00
1019,33	1380,33
1019,49	1472,49
1019,65	1374,19
1019,82	1343,47
1019,98	1374,19
1020,14	1413,10
1020,30	1447,91
1020,47	1333,23
1020,63	1433,58
1020,79	1456,11
1020,96	1370,09
1021,12	1411,05
1021,28	1480,68
1021,44	1376,24
1021,61	1431,53
1021,77	1398,76
1021,93	1368,04
1022,09	1435,63
1022,26	1468,39
1022,42	1388,52
1022,58	1490,92
1022,74	1404,91
1022,91	1411,05
1023,07	1445,87
1023,23	1359,85
1023,39	1396,71
1023,56	1306,60
1023,72	1478,63
1023,88	1363,95
1024,04	1327,08
1024,21	1398,76
1024,37	1406,95
1024,53	1468,39
1024,69	1417,19
1024,86	1409,00
1025,02	1394,67
1025,18	1370,09
1025,34	1415,15
1025,50	1423,34
1025,67	1415,15
1025,83	1396,71
1025,99	1413,10
1026,15	1335,28
1026,32	1452,01
1026,48	1458,15
1026,64	1472,49
1026,80	1458,15
1026,96	1480,68
1027,13	1384,43
1027,29	1482,73
1027,45	1417,19
1027,61	1378,28
1027,77	1456,11
1027,94	1521,64
1028,10	1384,43
1028,26	1382,38
1028,42	1425,39
1028,58	1462,25
1028,75	1361,90
1028,91	1413,10
1029,07	1337,32
1029,23	1419,24
1029,39	1447,91
1029,55	1411,05
1029,72	1386,47
1029,88	1460,20
1030,04	1404,91
1030,20	1370,09
1030,36	1314,80
1030,52	1384,43
1030,69	1452,01
1030,85	1421,29
1031,01	1415,15
1031,17	1378,28
1031,33	1363,95
1031,49	1476,59
1031,65	1415,15
1031,82	1456,11
1031,98	1427,43
1032,14	1423,34
1032,30	1499,11
1032,46	1447,91
1032,62	1394,67
1032,78	1429,48
1032,95	1376,24
1033,11	1460,20
1033,27	1361,90
1033,43	1366,00
1033,59	1447,91
1033,75	1513,45
1033,91	1409,00
1034,07	1509,35
1034,24	1384,43
1034,40	1382,38
1034,56	1443,82
1034,72	1423,34
1034,88	1386,47
1035,04	1406,95
1035,20	1433,58
1035,36	1320,94
1035,52	1417,19
1035,68	1376,24
1035,85	1413,10
1036,01	1384,43
1036,17	1513,45
1036,33	1423,34
1036,49	1427,43
1036,65	1394,67
1036,81	1384,43
1036,97	1413,10
1037,13	1349,61
1037,29	1402,86
1037,45	1431,53
1037,61	1361,90
1037,78	1458,15
1037,94	1439,72
1038,10	1439,72
1038,26	1413,10
1038,42	1353,71
1038,58	1445,87
1038,74	1382,38
1038,90	1484,78
1039,06	1447,91
1039,22	1374,19
1039,38	1339,37
1039,54	1439,72
1039,70	1445,87
1039,86	1488,87
1040,02	1406,95
1040,18	1445,87
1040,34	1437,67
1040,50	1386,47
1040,66	1499,11
1040,83	1495,02
1040,99	1359,85
1041,15	1527,78
1041,31	1409,00
1041,47	1382,38
1041,63	1394,67
1041,79	1357,80
1041,95	1423,34
1042,11	1421,29
1042,27	1454,06
1042,43	1431,53
1042,59	1484,78
1042,75	1318,89
1042,91	1443,82
