344,25	1269,74
344,46	1269,74
344,68	1269,74
344,90	1310,70
345,12	1220,59
345,34	1417,19
345,55	1409,00
345,77	1435,63
345,99	1472,49
346,21	1366,00
346,42	1357,80
346,64	1329,13
346,86	1304,56
347,08	1425,39
347,30	1384,43
347,51	1392,62
347,73	1370,09
347,95	1456,11
348,17	1382,38
348,38	1462,25
348,60	1406,95
348,82	1398,76
349,04	1429,48
349,25	1431,53
349,47	1460,20
349,69	1441,77
349,91	1490,92
350,13	1472,49
350,34	1417,19
350,56	1435,63
350,78	1425,39
351,00	1443,82
351,21	1449,96
351,43	1361,90
351,65	1390,57
351,87	1452,01
352,08	1452,01
352,30	1398,76
352,52	1357,80
352,74	1550,31
352,95	1482,73
353,17	1396,71
353,39	1411,05
353,61	1460,20
353,82	1372,14
354,04	1386,47
354,26	1413,10
354,47	1404,91
354,69	1390,57
354,91	1509,35
355,13	1402,86
355,34	1425,39
355,56	1470,44
355,78	1419,24
356,00	1513,45
356,21	1443,82
356,43	1431,53
356,65	1470,44
356,86	1433,58
357,08	1538,02
357,30	1527,78
357,52	1413,10
357,73	1427,43
357,95	1427,43
358,17	1425,39
358,38	1366,00
358,60	1495,02
358,82	1458,15
359,04	1478,63
359,25	1546,22
359,47	1564,65
359,69	1335,28
359,90	1429,48
360,12	1615,85
360,34	1474,54
360,56	1529,83
360,77	1634,28
360,99	1505,26
361,21	1505,26
361,42	1503,21
361,64	1656,81
361,86	1472,49
362,07	1562,60
362,29	1562,60
362,51	1519,59
362,73	1589,22
362,94	1552,36
363,16	1513,45
363,38	1576,94
363,59	1619,94
363,81	1591,27
364,03	1636,33
364,24	1587,18
364,46	1517,54
364,68	1566,70
364,89	1550,31
365,11	1652,71
365,33	1626,09
365,54	1572,84
365,76	1599,46
365,98	1599,46
366,19	1660,90
366,41	1624,04
366,63	1581,03
366,84	1570,79
367,06	1638,38
367,28	1611,75
367,49	1595,37
367,71	1544,17
367,93	1529,83
368,14	1646,57
368,36	1611,75
368,58	1605,61
368,79	1615,85
369,01	1564,65
369,23	1708,01
369,44	1607,66
369,66	1576,94
369,88	1652,71
370,09	1568,74
370,31	1607,66
370,53	1624,04
370,74	1636,33
370,96	1572,84
371,18	1593,32
371,39	1533,93
371,61	1619,94
371,82	1570,79
372,04	1593,32
372,26	1560,55
372,47	1568,74
372,69	1578,98
372,91	1613,80
373,12	1484,78
373,34	1605,61
373,56	1517,54
373,77	1640,42
373,99	1527,78
374,20	1587,18
374,42	1617,90
374,64	1587,18
374,85	1521,64
375,07	1568,74
375,29	1525,74
375,50	1519,59
375,72	1564,65
375,93	1531,88
376,15	1472,49
376,37	1517,54
376,58	1492,97
376,80	1542,12
377,01	1548,26
377,23	1601,51
377,45	1507,30
377,66	1538,02
377,88	1535,98
378,10	1462,25
378,31	1486,83
378,53	1527,78
378,74	1470,44
378,96	1484,78
379,18	1566,70
379,39	1501,16
379,61	1464,30
379,82	1433,58
380,04	1548,26
380,26	1525,74
380,47	1511,40
380,69	1529,83
380,90	1517,54
381,12	1482,73
381,33	1488,87
381,55	1490,92
381,77	1492,97
381,98	1488,87
382,20	1366,00
382,41	1445,87
382,63	1503,21
382,85	1533,93
383,06	1535,98
383,28	1460,20
383,49	1521,64
383,71	1585,13
383,92	1441,77
384,14	1435,63
384,36	1384,43
384,57	1419,24
384,79	1513,45
385,00	1488,87
385,22	1443,82
385,43	1495,02
385,65	1437,67
385,87	1431,53
386,08	1308,65
386,30	1474,54
386,51	1476,59
386,73	1406,95
386,94	1443,82
387,16	1447,91
387,37	1617,90
387,59	1486,83
387,81	1433,58
388,02	1484,78
388,24	1374,19
388,45	1507,30
388,67	1458,15
388,88	1542,12
389,10	1519,59
389,31	1560,55
389,53	1449,96
389,75	1542,12
389,96	1411,05
390,18	1482,73
390,39	1402,86
390,61	1423,34
390,82	1456,11
391,04	1433,58
391,25	1474,54
391,47	1402,86
391,68	1507,30
391,90	1427,43
392,11	1527,78
392,33	1439,72
392,54	1439,72
392,76	1535,98
392,97	1447,91
393,19	1488,87
393,41	1527,78
393,62	1492,97
393,84	1517,54
394,05	1511,40
394,27	1529,83
394,48	1398,76
394,70	1505,26
394,91	1525,74
395,13	1441,77
395,34	1417,19
395,56	1517,54
395,77	1552,36
395,99	1437,67
396,20	1533,93
396,42	1466,35
396,63	1507,30
396,85	1503,21
397,06	1495,02
397,28	1456,11
397,49	1460,20
397,71	1505,26
397,92	1525,74
398,14	1585,13
398,35	1634,28
398,57	1540,07
398,78	1570,79
399,00	1583,08
399,21	1540,07
399,43	1558,50
399,64	1566,70
399,86	1515,50
400,07	1568,74
400,29	1484,78
400,50	1568,74
400,72	1593,32
400,93	1513,45
401,14	1538,02
401,36	1638,38
401,57	1449,96
401,79	1538,02
402,00	1511,40
402,22	1513,45
402,43	1640,42
402,65	1499,11
402,86	1398,76
403,08	1570,79
403,29	1560,55
403,51	1634,28
403,72	1550,31
403,94	1525,74
404,15	1626,09
404,36	1495,02
404,58	1837,03
404,79	1624,04
405,01	1617,90
405,22	1593,32
405,44	1511,40
405,65	1576,94
405,87	1572,84
406,08	1554,41
406,30	1425,39
406,51	1585,13
406,72	1574,89
406,94	1599,46
407,15	1566,70
407,37	1566,70
407,58	1587,18
407,80	1501,16
408,01	1558,50
408,23	1511,40
408,44	1599,46
408,65	1488,87
408,87	1597,42
409,08	1501,16
409,30	1619,94
409,51	1535,98
409,73	1478,63
409,94	1619,94
410,15	1566,70
410,37	1570,79
410,58	1621,99
410,80	1540,07
411,01	1513,45
411,23	1511,40
411,44	1527,78
411,65	1640,42
411,87	1546,22
412,08	1460,20
412,30	1544,17
412,51	1499,11
412,72	1619,94
412,94	1632,23
413,15	1478,63
413,37	1503,21
413,58	1546,22
413,79	1603,56
414,01	1548,26
414,22	1542,12
414,44	1558,50
414,65	1505,26
414,86	1482,73
415,08	1552,36
415,29	1509,35
415,51	1533,93
415,72	1560,55
415,93	1566,70
416,15	1452,01
416,36	1542,12
416,58	1540,07
416,79	1665,00
417,00	1458,15
417,22	1521,64
417,43	1482,73
417,65	1540,07
417,86	1587,18
418,07	1558,50
418,29	1568,74
418,50	1581,03
418,71	1548,26
418,93	1466,35
419,14	1511,40
419,36	1585,13
419,57	1533,93
419,78	1599,46
420,00	1505,26
420,21	1658,85
420,42	1656,81
420,64	1576,94
420,85	1554,41
421,06	1585,13
421,28	1550,31
421,49	1521,64
421,71	1595,37
421,92	1605,61
422,13	1646,57
422,35	1662,95
422,56	1644,52
422,77	1503,21
422,99	1648,61
423,20	1673,19
423,41	1619,94
423,63	1554,41
423,84	1605,61
424,05	1703,91
424,27	1591,27
424,48	1527,78
424,69	1660,90
424,91	1961,95
425,12	1585,13
425,33	1648,61
425,55	1583,08
425,76	1599,46
425,97	1673,19
426,19	1687,53
426,40	1591,27
426,61	1658,85
426,83	1636,33
427,04	1691,62
427,25	1630,18
427,47	1677,29
427,68	1562,60
427,89	1628,14
428,11	1583,08
428,32	1699,81
428,53	1648,61
428,75	1628,14
428,96	1720,29
429,17	1591,27
429,39	1507,30
429,60	1570,79
429,81	1689,57
430,03	1646,57
430,24	1599,46
430,45	1589,22
430,67	1646,57
430,88	1693,67
431,09	1505,26
431,30	1587,18
431,52	1626,09
431,73	1607,66
431,94	1525,74
432,16	1611,75
432,37	1703,91
432,58	1515,50
432,80	1640,42
433,01	1695,72
433,22	1531,88
433,43	1572,84
433,65	1525,74
433,86	1505,26
434,07	1540,07
434,29	1505,26
434,50	1521,64
434,71	1562,60
434,92	1591,27
435,14	1638,38
435,35	1562,60
435,56	1568,74
435,77	1638,38
435,99	1466,35
436,20	1595,37
436,41	1570,79
436,63	1552,36
436,84	1578,98
437,05	1443,82
437,26	1452,01
437,48	1566,70
437,69	1566,70
437,90	1546,22
438,11	1572,84
438,33	1542,12
438,54	1556,46
438,75	1583,08
438,96	1581,03
439,18	1509,35
439,39	1595,37
439,60	1509,35
439,82	1538,02
440,03	1562,60
440,24	1601,51
440,45	1509,35
440,67	1593,32
440,88	1531,88
441,09	1568,74
441,30	1560,55
441,51	1636,33
441,73	1503,21
441,94	1546,22
442,15	1626,09
442,36	1538,02
442,58	1546,22
442,79	1544,17
443,00	1503,21
443,21	1560,55
443,43	1548,26
443,64	1462,25
443,85	1597,42
444,06	1652,71
444,28	1636,33
444,49	1603,56
444,70	1544,17
444,91	1605,61
445,12	1609,70
445,34	1587,18
445,55	1681,38
445,76	1535,98
445,97	1507,30
446,18	1583,08
446,40	1593,32
446,61	1683,43
446,82	1546,22
447,03	1757,16
447,25	1630,18
447,46	1486,83
447,67	1642,47
447,88	1679,33
448,09	1597,42
448,31	1681,38
448,52	1718,25
448,73	1738,73
448,94	1699,81
449,15	1628,14
449,37	1632,23
449,58	1701,86
449,79	1691,62
450,00	1839,08
450,21	1665,00
450,43	1671,14
450,64	1722,34
450,85	1683,43
451,06	1949,67
451,27	1763,30
451,48	1759,21
451,70	1771,49
451,91	1673,19
452,12	1834,98
452,33	1867,75
452,54	1742,82
452,76	1859,56
452,97	1943,52
453,18	1796,07
453,39	1814,50
453,60	1931,23
453,81	1828,84
454,03	1804,26
454,24	1898,47
454,45	1818,60
454,66	1812,45
454,87	1880,04
455,08	1886,18
455,30	1902,56
455,51	1943,52
455,72	1896,42
455,93	1914,85
456,14	1839,08
456,35	1880,04
456,56	1939,43
456,78	1941,47
456,99	1986,53
457,20	1914,85
457,41	1968,10
457,62	1853,41
457,83	2041,82
458,04	1978,34
458,26	1974,24
458,47	1890,28
458,68	1933,28
458,89	1923,04
459,10	1869,80
459,31	1968,10
459,52	1994,72
459,74	2066,40
459,95	2093,02
460,16	1970,15
460,37	2054,11
460,58	1910,75
460,79	2031,58
461,00	1964,00
461,21	1961,95
461,43	1929,19
461,64	2002,91
461,85	1880,04
462,06	1951,71
462,27	1906,66
462,48	2023,39
462,69	2074,59
462,90	1955,81
463,12	2117,60
463,33	2017,25
463,54	1988,58
463,75	2023,39
463,96	2050,02
464,17	2060,26
464,38	2004,96
464,59	2084,83
464,80	2047,97
465,01	2066,40
465,23	2039,78
465,44	2076,64
465,65	1986,53
465,86	2068,45
466,07	1982,43
466,28	2222,05
466,49	2109,41
466,70	2199,52
466,91	2164,70
467,12	2197,47
467,33	2109,41
467,55	2162,66
467,76	2088,93
467,97	2234,33
468,18	2246,62
468,39	2373,60
468,60	2312,16
468,81	2418,65
469,02	2230,24
469,23	2289,63
469,44	2371,55
469,65	2418,65
469,86	2242,53
470,07	2490,33
470,29	2521,05
470,50	2441,18
470,71	2414,56
470,92	2676,70
471,13	2439,13
471,34	2652,12
471,55	2494,43
471,76	2584,54
471,97	2426,84
472,18	2697,17
472,39	2475,99
472,60	2623,45
472,81	2533,34
473,02	2764,76
473,23	2578,39
473,44	2779,09
473,65	2584,54
473,87	2740,18
474,08	2545,63
474,29	2777,05
474,50	2531,29
474,71	2658,26
474,92	2650,07
475,13	2822,10
475,34	2602,97
475,55	2703,32
475,76	2635,74
475,97	2766,81
476,18	2637,78
476,39	2840,53
476,60	2555,86
476,81	2783,19
477,02	2682,84
477,23	2668,50
477,44	2502,62
477,65	2588,63
477,86	2709,46
478,07	2713,56
478,28	2541,53
478,49	2572,25
478,70	2549,72
478,91	2627,54
479,12	2359,26
479,33	2486,23
479,54	2437,08
479,75	2445,27
479,96	2508,76
480,17	2541,53
480,38	2187,23
480,59	2406,36
480,80	2312,16
481,01	2529,24
481,22	2228,19
481,43	2529,24
481,64	2189,28
481,85	2179,04
482,06	2289,63
482,27	2406,36
482,48	2201,57
482,69	2312,16
482,90	2172,89
483,11	2133,98
483,32	2111,46
483,53	2191,33
483,74	2207,71
483,95	2086,88
484,16	1931,23
484,37	2103,26
484,58	2056,16
484,79	2099,17
485,00	2109,41
485,21	2039,78
485,42	2148,32
485,63	2224,09
485,84	1937,38
486,05	1949,67
486,26	1929,19
486,47	2002,91
486,68	1918,95
486,89	1980,39
487,10	1880,04
487,31	1961,95
487,52	1959,91
487,73	2093,02
487,94	1865,70
488,15	1916,90
488,36	2000,87
488,57	1837,03
488,77	1810,40
488,98	1882,08
489,19	1931,23
489,40	1882,08
489,61	1779,68
489,82	1861,60
490,03	1824,74
490,24	1771,49
490,45	1828,84
490,66	1781,73
490,87	1886,18
491,08	1875,94
491,29	1767,40
491,50	1777,64
491,71	1767,40
491,92	1742,82
492,13	1775,59
492,33	1621,99
492,54	1695,72
492,75	1681,38
492,96	1699,81
493,17	1871,84
493,38	1615,85
493,59	1761,25
493,80	1685,48
494,01	1775,59
494,22	1679,33
494,43	1738,73
494,64	1644,52
494,85	1685,48
495,05	1673,19
495,26	1615,85
495,47	1648,61
495,68	1626,09
495,89	1609,70
496,10	1693,67
496,31	1673,19
496,52	1599,46
496,73	1675,24
496,94	1581,03
497,15	1658,85
497,35	1566,70
497,56	1513,45
497,77	1626,09
497,98	1615,85
498,19	1601,51
498,40	1626,09
498,61	1675,24
498,82	1488,87
499,03	1558,50
499,23	1570,79
499,44	1677,29
499,65	1626,09
499,86	1628,14
500,07	1550,31
500,28	1507,30
500,49	1478,63
500,70	1589,22
500,91	1476,59
501,11	1597,42
501,32	1552,36
501,53	1566,70
501,74	1650,66
501,95	1509,35
502,16	1476,59
502,37	1507,30
502,57	1558,50
502,78	1615,85
502,99	1484,78
503,20	1441,77
503,41	1501,16
503,62	1558,50
503,83	1546,22
504,03	1558,50
504,24	1552,36
504,45	1601,51
504,66	1480,68
504,87	1507,30
505,08	1538,02
505,29	1509,35
505,49	1400,81
505,70	1542,12
505,91	1474,54
506,12	1452,01
506,33	1556,46
506,54	1509,35
506,75	1527,78
506,95	1505,26
507,16	1513,45
507,37	1417,19
507,58	1540,07
507,79	1517,54
508,00	1474,54
508,20	1421,29
508,41	1372,14
508,62	1531,88
508,83	1423,34
509,04	1431,53
509,24	1507,30
509,45	1773,54
509,66	1460,20
509,87	1398,76
510,08	1484,78
510,29	1595,37
510,49	1581,03
510,70	1409,00
510,91	1452,01
511,12	1476,59
511,33	1460,20
511,53	1449,96
511,74	1423,34
511,95	1380,33
512,16	1488,87
512,37	1533,93
512,57	1386,47
512,78	1396,71
512,99	1550,31
513,20	1597,42
513,41	1540,07
513,61	1386,47
513,82	1511,40
514,03	1423,34
514,24	1538,02
514,45	1490,92
514,65	1492,97
514,86	1552,36
515,07	1394,67
515,28	1472,49
515,49	1535,98
515,69	1501,16
515,90	1433,58
516,11	1497,07
516,32	1464,30
516,52	1390,57
516,73	1521,64
516,94	1503,21
517,15	1421,29
517,36	1472,49
517,56	1523,69
517,77	1400,81
517,98	1527,78
518,19	1470,44
518,39	1464,30
518,60	1425,39
518,81	1562,60
519,02	1470,44
519,22	1445,87
519,43	1476,59
519,64	1523,69
519,85	1445,87
520,05	1525,74
520,26	1429,48
520,47	1550,31
520,68	1441,77
520,88	1435,63
521,09	1503,21
521,30	1402,86
521,51	1419,24
521,71	1462,25
521,92	1454,06
522,13	1482,73
522,34	1435,63
522,54	1427,43
522,75	1441,77
522,96	1388,52
523,17	1441,77
523,37	1466,35
523,58	1499,11
523,79	1478,63
523,99	1454,06
524,20	1495,02
524,41	1454,06
524,62	1462,25
524,82	1400,81
525,03	1484,78
525,24	1390,57
525,45	1495,02
525,65	1431,53
525,86	1542,12
526,07	1431,53
526,27	1454,06
526,48	1417,19
526,69	1490,92
526,90	1333,23
527,10	1583,08
527,31	1490,92
527,52	1406,95
527,72	1486,83
527,93	1452,01
528,14	1466,35
528,34	1370,09
528,55	1359,85
528,76	1492,97
528,97	1335,28
529,17	1411,05
529,38	1384,43
529,59	1462,25
529,79	1533,93
530,00	1421,29
530,21	1546,22
530,41	1464,30
530,62	1486,83
530,83	1542,12
531,03	1564,65
531,24	1429,48
531,45	1361,90
531,65	1484,78
531,86	1495,02
532,07	1574,89
532,27	1433,58
532,48	1445,87
532,69	1402,86
532,89	1468,39
533,10	1435,63
533,31	1482,73
533,51	1425,39
533,72	1511,40
533,93	1462,25
534,13	1415,15
534,34	1368,04
534,55	1452,01
534,75	1425,39
534,96	1570,79
535,17	1437,67
535,37	1445,87
535,58	1468,39
535,79	1578,98
535,99	1423,34
536,20	1417,19
536,41	1447,91
536,61	1445,87
536,82	1511,40
537,03	1386,47
537,23	1372,14
537,44	1425,39
537,64	1464,30
537,85	1421,29
538,06	1472,49
538,26	1413,10
538,47	1470,44
538,68	1443,82
538,88	1452,01
539,09	1478,63
539,30	1437,67
539,50	1538,02
539,71	1525,74
539,91	1480,68
540,12	1435,63
540,33	1390,57
540,53	1431,53
540,74	1404,91
540,94	1486,83
541,15	1503,21
541,36	1382,38
541,56	1413,10
541,77	1523,69
541,98	1439,72
542,18	1456,11
542,39	1501,16
542,59	1488,87
542,80	1380,33
543,01	1366,00
543,21	1462,25
543,42	1462,25
543,62	1429,48
543,83	1454,06
544,04	1454,06
544,24	1501,16
544,45	1378,28
544,65	1521,64
544,86	1353,71
545,06	1452,01
545,27	1417,19
545,48	1472,49
545,68	1538,02
545,89	1421,29
546,09	1466,35
546,30	1433,58
546,51	1583,08
546,71	1449,96
546,92	1472,49
547,12	1429,48
547,33	1423,34
547,53	1501,16
547,74	1447,91
547,95	1398,76
548,15	1406,95
548,36	1472,49
548,56	1423,34
548,77	1429,48
548,97	1550,31
549,18	1400,81
549,39	1499,11
549,59	1495,02
549,80	1402,86
550,00	1370,09
550,21	1447,91
550,41	1361,90
550,62	1515,50
550,82	1419,24
551,03	1433,58
551,23	1435,63
551,44	1431,53
551,65	1462,25
551,85	1425,39
552,06	1460,20
552,26	1368,04
552,47	1382,38
552,67	1476,59
552,88	1353,71
553,08	1484,78
553,29	1554,41
553,49	1437,67
553,70	1464,30
553,90	1558,50
554,11	1431,53
554,32	1400,81
554,52	1445,87
554,73	1454,06
554,93	1357,80
555,14	1355,76
555,34	1484,78
555,55	1576,94
555,75	1417,19
555,96	1480,68
556,16	1449,96
556,37	1601,51
556,57	1382,38
556,78	1409,00
556,98	1431,53
557,19	1486,83
557,39	1398,76
557,60	1429,48
557,80	1421,29
558,01	1413,10
558,21	1427,43
558,42	1505,26
558,62	1456,11
558,83	1462,25
559,03	1402,86
559,24	1421,29
559,44	1513,45
559,65	1486,83
559,85	1372,14
560,06	1456,11
560,26	1394,67
560,47	1398,76
560,67	1503,21
560,88	1437,67
561,08	1437,67
561,29	1546,22
561,49	1447,91
561,70	1419,24
561,90	1413,10
562,10	1454,06
562,31	1472,49
562,51	1357,80
562,72	1333,23
562,92	1490,92
563,13	1525,74
563,33	1452,01
563,54	1419,24
563,74	1535,98
563,95	1449,96
564,15	1421,29
564,36	1509,35
564,56	1464,30
564,76	1437,67
564,97	1388,52
565,17	1437,67
565,38	1568,74
565,58	1404,91
565,79	1423,34
565,99	1398,76
566,20	1513,45
566,40	1497,07
566,60	1464,30
566,81	1466,35
567,01	1452,01
567,22	1382,38
567,42	1409,00
567,63	1431,53
567,83	1484,78
568,04	1501,16
568,24	1429,48
568,44	1490,92
568,65	1456,11
568,85	1353,71
569,06	1415,15
569,26	1476,59
569,47	1488,87
569,67	1378,28
569,87	1439,72
570,08	1474,54
570,28	1413,10
570,49	1390,57
570,69	1476,59
570,89	1476,59
571,10	1507,30
571,30	1406,95
571,51	1468,39
571,71	1484,78
571,91	1478,63
572,12	1449,96
572,32	1443,82
572,53	1376,24
572,73	1492,97
572,93	1490,92
573,14	1441,77
573,34	1484,78
573,55	1454,06
573,75	1488,87
573,95	1449,96
574,16	1495,02
574,36	1366,00
574,57	1462,25
574,77	1376,24
574,97	1400,81
575,18	1447,91
575,38	1458,15
575,59	1386,47
575,79	1452,01
575,99	1411,05
576,20	1423,34
576,40	1466,35
576,60	1499,11
576,81	1443,82
577,01	1501,16
577,22	1525,74
577,42	1411,05
577,62	1398,76
577,83	1458,15
578,03	1495,02
578,23	1505,26
578,44	1376,24
578,64	1384,43
578,84	1474,54
579,05	1419,24
579,25	1462,25
579,45	1458,15
579,66	1423,34
579,86	1445,87
580,07	1492,97
580,27	1480,68
580,47	1439,72
580,68	1386,47
580,88	1439,72
581,08	1415,15
581,29	1363,95
581,49	1521,64
581,69	1396,71
581,90	1452,01
582,10	1421,29
582,30	1460,20
582,51	1488,87
582,71	1353,71
582,91	1421,29
583,12	1388,52
583,32	1417,19
583,52	1398,76
583,73	1390,57
583,93	1413,10
584,13	1437,67
584,34	1429,48
584,54	1345,52
584,74	1413,10
584,94	1445,87
585,15	1439,72
585,35	1564,65
585,55	1472,49
585,76	1456,11
585,96	1480,68
586,16	1488,87
586,37	1411,05
586,57	1443,82
586,77	1351,66
586,98	1449,96
587,18	1443,82
587,38	1456,11
587,58	1449,96
587,79	1488,87
587,99	1366,00
588,19	1478,63
588,40	1372,14
588,60	1517,54
588,80	1490,92
589,00	1468,39
589,21	1472,49
589,41	1470,44
589,61	1417,19
589,82	1390,57
590,02	1417,19
590,22	1431,53
590,42	1441,77
590,63	1468,39
590,83	1458,15
591,03	1466,35
591,23	1421,29
591,44	1456,11
591,64	1458,15
591,84	1462,25
592,05	1503,21
592,25	1484,78
592,45	1529,83
592,65	1417,19
592,86	1476,59
593,06	1374,19
593,26	1456,11
593,46	1390,57
593,67	1527,78
593,87	1499,11
594,07	1443,82
594,27	1429,48
594,48	1390,57
594,68	1521,64
594,88	1488,87
595,08	1443,82
595,29	1515,50
595,49	1423,34
595,69	1390,57
595,89	1460,20
596,10	1492,97
596,30	1396,71
596,50	1406,95
596,70	1449,96
596,90	1515,50
597,11	1417,19
597,31	1396,71
597,51	1439,72
597,71	1517,54
597,92	1501,16
598,12	1548,26
598,32	1456,11
598,52	1398,76
598,72	1415,15
598,93	1421,29
599,13	1538,02
599,33	1468,39
599,53	1449,96
599,74	1368,04
599,94	1470,44
600,14	1476,59
600,34	1447,91
600,54	1531,88
600,75	1521,64
600,95	1501,16
601,15	1466,35
601,35	1433,58
601,55	1431,53
601,76	1327,08
601,96	1501,16
602,16	1482,73
602,36	1533,93
602,56	1392,62
602,76	1503,21
602,97	1452,01
603,17	1519,59
603,37	1433,58
603,57	1466,35
603,77	1431,53
603,98	1413,10
604,18	1435,63
604,38	1499,11
604,58	1337,32
604,78	1419,24
604,98	1357,80
605,19	1495,02
605,39	1517,54
605,59	1515,50
605,79	1531,88
605,99	1425,39
606,19	1478,63
606,40	1359,85
606,60	1503,21
606,80	1380,33
607,00	1406,95
607,20	1396,71
607,40	1423,34
607,61	1525,74
607,81	1462,25
608,01	1535,98
608,21	1458,15
608,41	1462,25
608,61	1484,78
608,81	1474,54
609,02	1439,72
609,22	1544,17
609,42	1427,43
609,62	1421,29
609,82	1337,32
610,02	1480,68
610,22	1425,39
610,43	1470,44
610,63	1458,15
610,83	1505,26
611,03	1452,01
611,23	1499,11
611,43	1533,93
611,63	1445,87
611,83	1415,15
612,04	1449,96
612,24	1521,64
612,44	1492,97
612,64	1445,87
612,84	1462,25
613,04	1443,82
613,24	1533,93
613,44	1484,78
613,64	1411,05
613,85	1492,97
614,05	1484,78
614,25	1409,00
614,45	1423,34
614,65	1542,12
614,85	1431,53
615,05	1425,39
615,25	1499,11
615,45	1425,39
615,65	1431,53
615,86	1402,86
616,06	1447,91
616,26	1417,19
616,46	1468,39
616,66	1445,87
616,86	1462,25
617,06	1351,66
617,26	1435,63
617,46	1419,24
617,66	1503,21
617,86	1558,50
618,07	1452,01
618,27	1566,70
618,47	1429,48
618,67	1466,35
618,87	1400,81
619,07	1533,93
619,27	1497,07
619,47	1386,47
619,67	1460,20
619,87	1435,63
620,07	1474,54
620,27	1462,25
620,47	1478,63
620,67	1472,49
620,87	1507,30
621,07	1517,54
621,28	1476,59
621,48	1495,02
621,68	1480,68
621,88	1517,54
622,08	1431,53
622,28	1449,96
622,48	1503,21
622,68	1492,97
622,88	1486,83
623,08	1470,44
623,28	1447,91
623,48	1441,77
623,68	1421,29
623,88	1419,24
624,08	1529,83
624,28	1449,96
624,48	1413,10
624,68	1357,80
624,88	1443,82
625,08	1523,69
625,28	1527,78
625,48	1513,45
625,68	1509,35
625,88	1433,58
626,08	1474,54
626,28	1433,58
626,48	1415,15
626,68	1411,05
626,88	1376,24
627,08	1497,07
627,28	1505,26
627,48	1439,72
627,68	1480,68
627,88	1425,39
628,08	1425,39
628,28	1417,19
628,49	1499,11
628,68	1427,43
628,88	1409,00
629,08	1462,25
629,28	1452,01
629,48	1392,62
629,68	1437,67
629,88	1433,58
630,08	1478,63
630,28	1591,27
630,48	1468,39
630,68	1472,49
630,88	1501,16
631,08	1427,43
631,28	1433,58
631,48	1447,91
631,68	1406,95
631,88	1452,01
632,08	1468,39
632,28	1460,20
632,48	1437,67
632,68	1406,95
632,88	1443,82
633,08	1488,87
633,28	1413,10
633,48	1484,78
633,68	1468,39
633,88	1380,33
634,08	1458,15
634,28	1431,53
634,48	1472,49
634,68	1546,22
634,88	1411,05
635,08	1478,63
635,28	1484,78
635,48	1425,39
635,68	1322,99
635,87	1468,39
636,07	1495,02
636,27	1474,54
636,47	1470,44
636,67	1445,87
636,87	1488,87
637,07	1550,31
637,27	1454,06
637,47	1460,20
637,67	1452,01
637,87	1351,66
638,07	1507,30
638,27	1435,63
638,47	1419,24
638,67	1470,44
638,86	1499,11
639,06	1439,72
639,26	1466,35
639,46	1406,95
639,66	1476,59
639,86	1443,82
640,06	1396,71
640,26	1464,30
640,46	1449,96
640,66	1443,82
640,86	1593,32
641,06	1423,34
641,25	1476,59
641,45	1472,49
641,65	1458,15
641,85	1462,25
642,05	1521,64
642,25	1374,19
642,45	1458,15
642,65	1470,44
642,85	1445,87
643,05	1503,21
643,24	1458,15
643,44	1474,54
643,64	1404,91
643,84	1443,82
644,04	1464,30
644,24	1419,24
644,44	1480,68
644,64	1402,86
644,84	1392,62
645,03	1470,44
645,23	1521,64
645,43	1357,80
645,63	1474,54
645,83	1337,32
646,03	1490,92
646,23	1458,15
646,42	1538,02
646,62	1441,77
646,82	1505,26
647,02	1519,59
647,22	1452,01
647,42	1447,91
647,62	1452,01
647,82	1447,91
648,01	1669,09
648,21	1384,43
648,41	1472,49
648,61	1484,78
648,81	1593,32
649,01	1439,72
649,20	1441,77
649,40	1482,73
649,60	1411,05
649,80	1425,39
650,00	1472,49
650,20	1441,77
650,40	1421,29
650,59	1384,43
650,79	1390,57
650,99	1538,02
651,19	1409,00
651,39	1456,11
651,58	1501,16
651,78	1445,87
651,98	1396,71
652,18	1417,19
652,38	1460,20
652,58	1472,49
652,77	1456,11
652,97	1535,98
653,17	1447,91
653,37	1482,73
653,57	1490,92
653,77	1443,82
653,96	1454,06
654,16	1515,50
654,36	1439,72
654,56	1447,91
654,76	1456,11
654,95	1476,59
655,15	1478,63
655,35	1439,72
655,55	1484,78
655,75	1427,43
655,94	1531,88
656,14	1454,06
656,34	1517,54
656,54	1544,17
656,73	1466,35
656,93	1517,54
657,13	1552,36
657,33	1484,78
657,53	1509,35
657,72	1421,29
657,92	1476,59
658,12	1484,78
658,32	1470,44
658,52	1398,76
658,71	1411,05
658,91	1492,97
659,11	1439,72
659,31	1542,12
659,50	1423,34
659,70	1447,91
659,90	1529,83
660,10	1484,78
660,29	1501,16
660,49	1517,54
660,69	1490,92
660,89	1495,02
661,08	1390,57
661,28	1374,19
661,48	1439,72
661,68	1529,83
661,87	1384,43
662,07	1470,44
662,27	1462,25
662,47	1452,01
662,66	1507,30
662,86	1411,05
663,06	1437,67
663,26	1366,00
663,45	1533,93
663,65	1437,67
663,85	1427,43
664,05	1548,26
664,24	1458,15
664,44	1464,30
664,64	1460,20
664,84	1480,68
665,03	1456,11
665,23	1480,68
665,43	1470,44
665,62	1431,53
665,82	1431,53
666,02	1439,72
666,22	1572,84
666,41	1427,43
666,61	1591,27
666,81	1488,87
667,00	1427,43
667,20	1484,78
667,40	1431,53
667,60	1466,35
667,79	1523,69
667,99	1499,11
668,19	1400,81
668,38	1382,38
668,58	1445,87
668,78	1411,05
668,97	1529,83
669,17	1396,71
669,37	1462,25
669,57	1415,15
669,76	1519,59
669,96	1538,02
670,16	1470,44
670,35	1470,44
670,55	1513,45
670,75	1449,96
670,94	1470,44
671,14	1515,50
671,34	1488,87
671,53	1421,29
671,73	1447,91
671,93	1531,88
672,12	1433,58
672,32	1568,74
672,52	1468,39
672,71	1437,67
672,91	1443,82
673,11	1515,50
673,30	1511,40
673,50	1447,91
673,70	1484,78
673,89	1382,38
674,09	1484,78
674,29	1497,07
674,48	1548,26
674,68	1495,02
674,88	1482,73
675,07	1353,71
675,27	1505,26
675,46	1447,91
675,66	1398,76
675,86	1441,77
676,05	1431,53
676,25	1542,12
676,45	1460,20
676,64	1439,72
676,84	1411,05
677,04	1423,34
677,23	1531,88
677,43	1454,06
677,62	1482,73
677,82	1495,02
678,02	1499,11
678,21	1445,87
678,41	1517,54
678,61	1406,95
678,80	1419,24
679,00	1466,35
679,19	1492,97
679,39	1521,64
679,59	1527,78
679,78	1417,19
679,98	1458,15
680,17	1388,52
680,37	1529,83
680,57	1400,81
680,76	1515,50
680,96	1447,91
681,16	1433,58
681,35	1490,92
681,55	1384,43
681,74	1460,20
681,94	1423,34
682,13	1443,82
682,33	1609,70
682,53	1439,72
682,72	1419,24
682,92	1415,15
683,11	1464,30
683,31	1548,26
683,51	1388,52
683,70	1392,62
683,90	1423,34
684,09	1505,26
684,29	1509,35
684,48	1415,15
684,68	1511,40
684,88	1439,72
685,07	1560,55
685,27	1466,35
685,46	1404,91
685,66	1511,40
685,85	1478,63
686,05	1527,78
686,25	1583,08
686,44	1394,67
686,64	1398,76
686,83	1488,87
687,03	1495,02
687,22	1427,43
687,42	1482,73
687,61	1497,07
687,81	1474,54
688,01	1531,88
688,20	1454,06
688,40	1439,72
688,59	1466,35
688,79	1484,78
688,98	1452,01
689,18	1462,25
689,37	1509,35
689,57	1482,73
689,76	1447,91
689,96	1406,95
690,15	1363,95
690,35	1427,43
690,54	1474,54
690,74	1419,24
690,94	1400,81
691,13	1476,59
691,33	1509,35
691,52	1523,69
691,72	1546,22
691,91	1488,87
692,11	1482,73
692,30	1404,91
692,50	1535,98
692,69	1523,69
692,89	1513,45
693,08	1452,01
693,28	1421,29
693,47	1501,16
693,67	1552,36
693,86	1376,24
694,06	1513,45
694,25	1501,16
694,45	1486,83
694,64	1503,21
694,84	1427,43
695,03	1435,63
695,23	1445,87
695,42	1507,30
695,62	1413,10
695,81	1529,83
696,01	1460,20
696,20	1406,95
696,40	1472,49
696,59	1404,91
696,78	1462,25
696,98	1452,01
697,17	1456,11
697,37	1527,78
697,56	1476,59
697,76	1515,50
697,95	1538,02
698,15	1431,53
698,34	1548,26
698,54	1421,29
698,73	1492,97
698,93	1333,23
699,12	1486,83
699,32	1495,02
699,51	1501,16
699,70	1347,56
699,90	1431,53
700,09	1523,69
700,29	1427,43
700,48	1443,82
700,68	1417,19
700,87	1411,05
701,07	1437,67
701,26	1454,06
701,45	1429,48
701,65	1355,76
701,84	1542,12
702,04	1320,94
702,23	1439,72
702,43	1406,95
702,62	1406,95
702,81	1486,83
703,01	1525,74
703,20	1472,49
703,40	1492,97
703,59	1454,06
703,79	1495,02
703,98	1406,95
704,17	1519,59
704,37	1415,15
704,56	1431,53
704,76	1501,16
704,95	1423,34
705,14	1347,56
705,34	1476,59
705,53	1411,05
705,73	1355,76
705,92	1454,06
706,11	1464,30
706,31	1437,67
706,50	1423,34
706,70	1474,54
706,89	1468,39
707,08	1413,10
707,28	1435,63
707,47	1378,28
707,67	1458,15
707,86	1388,52
708,05	1439,72
708,25	1376,24
708,44	1406,95
708,64	1437,67
708,83	1425,39
709,02	1404,91
709,22	1513,45
709,41	1402,86
709,60	1466,35
709,80	1447,91
709,99	1492,97
710,19	1400,81
710,38	1476,59
710,57	1376,24
710,77	1435,63
710,96	1441,77
711,15	1384,43
711,35	1359,85
711,54	1415,15
711,73	1404,91
711,93	1370,09
712,12	1507,30
712,31	1380,33
712,51	1372,14
712,70	1370,09
712,89	1419,24
713,09	1400,81
713,28	1460,20
713,48	1460,20
713,67	1402,86
713,86	1378,28
714,06	1478,63
714,25	1333,23
714,44	1482,73
714,64	1439,72
714,83	1449,96
715,02	1361,90
715,22	1515,50
715,41	1421,29
715,60	1449,96
715,79	1380,33
715,99	1441,77
716,18	1437,67
716,37	1347,56
716,57	1368,04
716,76	1433,58
716,95	1419,24
717,15	1476,59
717,34	1404,91
717,53	1353,71
717,73	1417,19
717,92	1429,48
718,11	1521,64
718,31	1411,05
718,50	1435,63
718,69	1310,70
718,88	1511,40
719,08	1454,06
719,27	1347,56
719,46	1372,14
719,66	1388,52
719,85	1370,09
720,04	1425,39
720,23	1376,24
720,43	1386,47
720,62	1449,96
720,81	1378,28
721,01	1396,71
721,20	1521,64
721,39	1484,78
721,58	1462,25
721,78	1454,06
721,97	1396,71
722,16	1421,29
722,35	1421,29
722,55	1378,28
722,74	1347,56
722,93	1386,47
723,13	1470,44
723,32	1409,00
723,51	1425,39
723,70	1331,18
723,90	1396,71
724,09	1441,77
724,28	1398,76
724,47	1427,43
724,67	1466,35
724,86	1425,39
725,05	1419,24
725,24	1353,71
725,44	1439,72
725,63	1351,66
725,82	1345,52
726,01	1445,87
726,21	1476,59
726,40	1443,82
726,59	1525,74
726,78	1454,06
726,97	1431,53
727,17	1429,48
727,36	1374,19
727,55	1454,06
727,74	1409,00
727,94	1368,04
728,13	1456,11
728,32	1368,04
728,51	1333,23
728,70	1355,76
728,90	1419,24
729,09	1443,82
729,28	1361,90
729,47	1370,09
729,66	1400,81
729,86	1435,63
730,05	1417,19
730,24	1431,53
730,43	1472,49
730,63	1415,15
730,82	1495,02
731,01	1349,61
731,20	1435,63
731,39	1441,77
731,58	1413,10
731,78	1402,86
731,97	1421,29
732,16	1372,14
732,35	1437,67
732,54	1472,49
732,74	1452,01
732,93	1411,05
733,12	1368,04
733,31	1441,77
733,50	1411,05
733,69	1425,39
733,89	1466,35
734,08	1443,82
734,27	1374,19
734,46	1423,34
734,65	1478,63
734,84	1396,71
735,04	1495,02
735,23	1359,85
735,42	1351,66
735,61	1390,57
735,80	1460,20
735,99	1413,10
736,19	1411,05
736,38	1456,11
736,57	1409,00
736,76	1404,91
736,95	1474,54
737,14	1380,33
737,33	1456,11
737,53	1445,87
737,72	1363,95
737,91	1396,71
738,10	1476,59
738,29	1337,32
738,48	1390,57
738,67	1421,29
738,87	1390,57
739,06	1396,71
739,25	1464,30
739,44	1400,81
739,63	1423,34
739,82	1456,11
740,01	1437,67
740,20	1366,00
740,40	1441,77
740,59	1411,05
740,78	1349,61
740,97	1320,94
741,16	1443,82
741,35	1495,02
741,54	1447,91
741,73	1425,39
741,92	1396,71
742,12	1343,47
742,31	1411,05
742,50	1505,26
742,69	1472,49
742,88	1372,14
743,07	1374,19
743,26	1476,59
743,45	1435,63
743,64	1390,57
743,83	1388,52
744,02	1370,09
744,22	1372,14
744,41	1511,40
744,60	1398,76
744,79	1435,63
744,98	1406,95
745,17	1384,43
745,36	1390,57
745,55	1472,49
745,74	1398,76
745,93	1468,39
746,12	1437,67
746,31	1318,89
746,50	1472,49
746,70	1486,83
746,89	1431,53
747,08	1296,36
747,27	1329,13
747,46	1390,57
747,65	1484,78
747,84	1507,30
748,03	1402,86
748,22	1460,20
748,41	1472,49
748,60	1445,87
748,79	1419,24
748,98	1437,67
749,17	1406,95
749,36	1466,35
749,55	1454,06
749,74	1413,10
749,93	1433,58
750,12	1366,00
750,31	1415,15
750,50	1484,78
750,70	1423,34
750,89	1499,11
751,08	1519,59
751,27	1400,81
751,46	1431,53
751,65	1419,24
751,84	1464,30
752,03	1378,28
752,22	1435,63
752,41	1386,47
752,60	1472,49
752,79	1415,15
752,98	1372,14
753,17	1468,39
753,36	1447,91
753,55	1449,96
753,74	1419,24
753,93	1411,05
754,12	1495,02
754,31	1454,06
754,50	1501,16
754,69	1423,34
754,88	1439,72
755,07	1474,54
755,26	1445,87
755,45	1447,91
755,64	1347,56
755,83	1505,26
756,02	1507,30
756,21	1357,80
756,40	1511,40
756,59	1398,76
756,78	1429,48
756,97	1466,35
757,16	1452,01
757,35	1486,83
757,54	1443,82
757,72	1464,30
757,91	1382,38
758,10	1380,33
758,29	1415,15
758,48	1529,83
758,67	1394,67
758,86	1462,25
759,05	1427,43
759,24	1554,41
759,43	1452,01
759,62	1386,47
759,81	1433,58
760,00	1484,78
760,19	1456,11
760,38	1456,11
760,57	1476,59
760,76	1464,30
760,95	1462,25
761,14	1429,48
761,33	1476,59
761,52	1394,67
761,70	1419,24
761,89	1468,39
762,08	1501,16
762,27	1449,96
762,46	1431,53
762,65	1513,45
762,84	1497,07
763,03	1417,19
763,22	1492,97
763,41	1486,83
763,60	1443,82
763,79	1445,87
763,98	1492,97
764,16	1484,78
764,35	1452,01
764,54	1466,35
764,73	1480,68
764,92	1558,50
765,11	1540,07
765,30	1550,31
765,49	1468,39
765,68	1521,64
765,87	1517,54
766,06	1482,73
766,24	1421,29
766,43	1443,82
766,62	1538,02
766,81	1464,30
767,00	1476,59
767,19	1427,43
767,38	1560,55
767,57	1421,29
767,76	1474,54
767,94	1462,25
768,13	1468,39
768,32	1538,02
768,51	1368,04
768,70	1464,30
768,89	1497,07
769,08	1396,71
769,27	1488,87
769,45	1464,30
769,64	1492,97
769,83	1398,76
770,02	1511,40
770,21	1431,53
770,40	1519,59
770,59	1466,35
770,77	1460,20
770,96	1505,26
771,15	1513,45
771,34	1519,59
771,53	1568,74
771,72	1525,74
771,91	1452,01
772,09	1443,82
772,28	1521,64
772,47	1443,82
772,66	1531,88
772,85	1497,07
773,04	1447,91
773,22	1566,70
773,41	1585,13
773,60	1445,87
773,79	1472,49
773,98	1464,30
774,17	1503,21
774,35	1452,01
774,54	1396,71
774,73	1509,35
774,92	1513,45
775,11	1458,15
775,30	1519,59
775,48	1437,67
775,67	1488,87
775,86	1445,87
776,05	1497,07
776,24	1538,02
776,42	1472,49
776,61	1507,30
776,80	1566,70
776,99	1540,07
777,18	1535,98
777,36	1482,73
777,55	1470,44
777,74	1503,21
777,93	1505,26
778,12	1443,82
778,30	1486,83
778,49	1501,16
778,68	1568,74
778,87	1488,87
779,06	1525,74
779,24	1474,54
779,43	1540,07
779,62	1480,68
779,81	1411,05
779,99	1423,34
780,18	1357,80
780,37	1546,22
780,56	1591,27
780,75	1550,31
780,93	1550,31
781,12	1511,40
781,31	1486,83
781,50	1509,35
781,68	1429,48
781,87	1454,06
782,06	1441,77
782,25	1452,01
782,43	1505,26
782,62	1404,91
782,81	1470,44
783,00	1466,35
783,18	1435,63
783,37	1456,11
783,56	1433,58
783,75	1519,59
783,93	1452,01
784,12	1435,63
784,31	1456,11
784,50	1542,12
784,68	1411,05
784,87	1449,96
785,06	1550,31
785,24	1486,83
785,43	1490,92
785,62	1429,48
785,81	1468,39
785,99	1458,15
786,18	1468,39
786,37	1464,30
786,56	1445,87
786,74	1497,07
786,93	1441,77
787,12	1488,87
787,30	1359,85
787,49	1437,67
787,68	1533,93
787,87	1458,15
788,05	1548,26
788,24	1464,30
788,43	1439,72
788,61	1486,83
788,80	1437,67
788,99	1443,82
789,17	1507,30
789,36	1417,19
789,55	1533,93
789,73	1400,81
789,92	1447,91
790,11	1452,01
790,30	1445,87
790,48	1386,47
790,67	1466,35
790,86	1456,11
791,04	1521,64
791,23	1488,87
791,42	1417,19
791,60	1454,06
791,79	1429,48
791,98	1411,05
792,16	1449,96
792,35	1492,97
792,54	1370,09
792,72	1439,72
792,91	1452,01
793,10	1386,47
793,28	1384,43
793,47	1454,06
793,66	1345,52
793,84	1472,49
794,03	1353,71
794,22	1396,71
794,40	1501,16
794,59	1529,83
794,77	1396,71
794,96	1394,67
795,15	1431,53
795,33	1443,82
795,52	1447,91
795,71	1439,72
795,89	1372,14
796,08	1505,26
796,27	1501,16
796,45	1439,72
796,64	1443,82
796,82	1419,24
797,01	1366,00
797,20	1466,35
797,38	1439,72
797,57	1382,38
797,76	1550,31
797,94	1386,47
798,13	1415,15
798,31	1484,78
798,50	1423,34
798,69	1435,63
798,87	1349,61
799,06	1353,71
799,24	1292,27
799,43	1470,44
799,62	1409,00
799,80	1392,62
799,99	1517,54
800,17	1441,77
800,36	1480,68
800,55	1472,49
800,73	1390,57
800,92	1421,29
801,10	1390,57
801,29	1394,67
801,48	1419,24
801,66	1421,29
801,85	1406,95
802,03	1435,63
802,22	1425,39
802,40	1429,48
802,59	1359,85
802,78	1421,29
802,96	1478,63
803,15	1531,88
803,33	1456,11
803,52	1406,95
803,70	1392,62
803,89	1402,86
804,08	1353,71
804,26	1392,62
804,45	1445,87
804,63	1454,06
804,82	1386,47
805,00	1398,76
805,19	1406,95
805,37	1423,34
805,56	1544,17
805,74	1419,24
805,93	1495,02
806,12	1433,58
806,30	1331,18
806,49	1443,82
806,67	1398,76
806,86	1343,47
807,04	1419,24
807,23	1384,43
807,41	1312,75
807,60	1499,11
807,78	1417,19
807,97	1701,86
808,15	1314,80
808,34	1355,76
808,52	1370,09
808,71	1435,63
808,89	1417,19
809,08	1472,49
809,27	1398,76
809,45	1384,43
809,64	1351,66
809,82	1445,87
810,01	1449,96
810,19	1529,83
810,38	1427,43
810,56	1429,48
810,75	1409,00
810,93	1435,63
811,12	1454,06
811,30	1396,71
811,49	1484,78
811,67	1456,11
811,85	1423,34
812,04	1402,86
812,22	1429,48
812,41	1392,62
812,59	1490,92
812,78	1388,52
812,96	1417,19
813,15	1370,09
813,33	1392,62
813,52	1460,20
813,70	1355,76
813,89	1406,95
814,07	1464,30
814,26	1449,96
814,44	1398,76
814,63	1454,06
814,81	1359,85
815,00	1357,80
815,18	1423,34
815,36	1421,29
815,55	1437,67
815,73	1427,43
815,92	1419,24
816,10	1564,65
816,29	1492,97
816,47	1359,85
816,66	1411,05
816,84	1347,56
817,02	1454,06
817,21	1515,50
817,39	1417,19
817,58	1423,34
817,76	1406,95
817,95	1470,44
818,13	1437,67
818,32	1433,58
818,50	1447,91
818,68	1458,15
818,87	1392,62
819,05	1335,28
819,24	1466,35
819,42	1466,35
819,60	1478,63
819,79	1503,21
819,97	1394,67
820,16	1380,33
820,34	1372,14
820,53	1400,81
820,71	1337,32
820,89	1497,07
821,08	1421,29
821,26	1454,06
821,45	1429,48
821,63	1374,19
821,81	1396,71
822,00	1396,71
822,18	1452,01
822,37	1427,43
822,55	1423,34
822,73	1464,30
822,92	1437,67
823,10	1370,09
823,28	1402,86
823,47	1460,20
823,65	1413,10
823,84	1384,43
824,02	1497,07
824,20	1404,91
824,39	1335,28
824,57	1415,15
824,75	1421,29
824,94	1470,44
825,12	1478,63
825,31	1429,48
825,49	1429,48
825,67	1374,19
825,86	1406,95
826,04	1439,72
826,22	1423,34
826,41	1558,50
826,59	1452,01
826,77	1441,77
826,96	1458,15
827,14	1402,86
827,32	1441,77
827,51	1501,16
827,69	1505,26
827,87	1409,00
828,06	1468,39
828,24	1435,63
828,42	1462,25
828,61	1523,69
828,79	1462,25
828,97	1480,68
829,16	1523,69
829,34	1411,05
829,52	1449,96
829,71	1525,74
829,89	1474,54
830,07	1509,35
830,26	1425,39
830,44	1480,68
830,62	1521,64
830,81	1452,01
830,99	1456,11
831,17	1515,50
831,36	1439,72
831,54	1454,06
831,72	1478,63
831,91	1361,90
832,09	1429,48
832,27	1456,11
832,45	1490,92
832,64	1460,20
832,82	1478,63
833,00	1447,91
833,19	1482,73
833,37	1468,39
833,55	1490,92
833,73	1411,05
833,92	1578,98
834,10	1449,96
834,28	1452,01
834,47	1525,74
834,65	1415,15
834,83	1460,20
835,01	1454,06
835,20	1466,35
835,38	1505,26
835,56	1492,97
835,74	1531,88
835,93	1505,26
836,11	1511,40
836,29	1425,39
836,47	1535,98
836,66	1482,73
836,84	1472,49
837,02	1468,39
837,21	1484,78
837,39	1384,43
837,57	1492,97
837,75	1435,63
837,94	1462,25
838,12	1378,28
838,30	1509,35
838,48	1523,69
838,66	1447,91
838,85	1423,34
839,03	1464,30
839,21	1343,47
839,39	1466,35
839,58	1468,39
839,76	1476,59
839,94	1525,74
840,12	1490,92
840,31	1533,93
840,49	1495,02
840,67	1505,26
840,85	1421,29
841,03	1538,02
841,22	1458,15
841,40	1511,40
841,58	1556,46
841,76	1433,58
841,94	1554,41
842,13	1583,08
842,31	1538,02
842,49	1402,86
842,67	1411,05
842,85	1484,78
843,04	1564,65
843,22	1492,97
843,40	1415,15
843,58	1480,68
843,76	1497,07
843,95	1531,88
844,13	1460,20
844,31	1413,10
844,49	1441,77
844,67	1431,53
844,86	1415,15
845,04	1525,74
845,22	1464,30
845,40	1402,86
845,58	1585,13
845,76	1458,15
845,95	1503,21
846,13	1411,05
846,31	1499,11
846,49	1472,49
846,67	1509,35
846,85	1443,82
847,04	1550,31
847,22	1472,49
847,40	1478,63
847,58	1411,05
847,76	1581,03
847,94	1488,87
848,12	1525,74
848,31	1554,41
848,49	1458,15
848,67	1499,11
848,85	1490,92
849,03	1552,36
849,21	1525,74
849,39	1425,39
849,58	1558,50
849,76	1521,64
849,94	1578,98
850,12	1458,15
850,30	1499,11
850,48	1535,98
850,66	1562,60
850,84	1488,87
851,03	1490,92
851,21	1495,02
851,39	1533,93
851,57	1460,20
851,75	1478,63
851,93	1472,49
852,11	1460,20
852,29	1501,16
852,47	1509,35
852,66	1478,63
852,84	1392,62
853,02	1490,92
853,20	1574,89
853,38	1546,22
853,56	1523,69
853,74	1495,02
853,92	1488,87
854,10	1452,01
854,28	1382,38
854,46	1470,44
854,65	1419,24
854,83	1525,74
855,01	1454,06
855,19	1484,78
855,37	1566,70
855,55	1552,36
855,73	1513,45
855,91	1564,65
856,09	1587,18
856,27	1517,54
856,45	1517,54
856,63	1419,24
856,81	1515,50
857,00	1519,59
857,18	1482,73
857,36	1495,02
857,54	1552,36
857,72	1538,02
857,90	1529,83
858,08	1521,64
858,26	1505,26
858,44	1468,39
858,62	1529,83
858,80	1486,83
858,98	1554,41
859,16	1449,96
859,34	1474,54
859,52	1509,35
859,70	1550,31
859,88	1529,83
860,06	1409,00
860,24	1402,86
860,42	1447,91
860,60	1521,64
860,78	1505,26
860,96	1464,30
861,14	1472,49
861,32	1486,83
861,50	1523,69
861,69	1544,17
861,87	1495,02
862,05	1460,20
862,23	1486,83
862,41	1482,73
862,59	1533,93
862,77	1454,06
862,95	1550,31
863,13	1519,59
863,31	1503,21
863,49	1464,30
863,67	1595,37
863,85	1433,58
864,03	1548,26
864,21	1482,73
864,39	1552,36
864,57	1501,16
864,75	1490,92
864,92	1542,12
865,10	1583,08
865,28	1429,48
865,46	1495,02
865,64	1396,71
865,82	1552,36
866,00	1452,01
866,18	1552,36
866,36	1570,79
866,54	1531,88
866,72	1548,26
866,90	1480,68
867,08	1482,73
867,26	1482,73
867,44	1497,07
867,62	1523,69
867,80	1470,44
867,98	1484,78
868,16	1531,88
868,34	1488,87
868,52	1486,83
868,70	1497,07
868,88	1501,16
869,06	1507,30
869,24	1497,07
869,42	1486,83
869,59	1505,26
869,77	1476,59
869,95	1492,97
870,13	1544,17
870,31	1439,72
870,49	1527,78
870,67	1382,38
870,85	1449,96
871,03	1439,72
871,21	1626,09
871,39	1488,87
871,57	1478,63
871,75	1480,68
871,92	1495,02
872,10	1464,30
872,28	1482,73
872,46	1458,15
872,64	1427,43
872,82	1460,20
873,00	1406,95
873,18	1419,24
873,36	1538,02
873,54	1495,02
873,72	1464,30
873,89	1374,19
874,07	1488,87
874,25	1552,36
874,43	1572,84
874,61	1517,54
874,79	1523,69
874,97	1386,47
875,15	1554,41
875,33	1402,86
875,50	1529,83
875,68	1452,01
875,86	1443,82
876,04	1460,20
876,22	1501,16
876,40	1441,77
876,58	1488,87
876,76	1488,87
876,93	1535,98
877,11	1462,25
877,29	1495,02
877,47	1478,63
877,65	1447,91
877,83	1413,10
878,01	1497,07
878,18	1380,33
878,36	1437,67
878,54	1392,62
878,72	1429,48
878,90	1462,25
879,08	1515,50
879,25	1513,45
879,43	1488,87
879,61	1464,30
879,79	1505,26
879,97	1443,82
880,15	1411,05
880,32	1452,01
880,50	1548,26
880,68	1443,82
880,86	1523,69
881,04	1490,92
881,22	1437,67
881,39	1517,54
881,57	1570,79
881,75	1550,31
881,93	1415,15
882,11	1546,22
882,28	1535,98
882,46	1501,16
882,64	1495,02
882,82	1480,68
883,00	1517,54
883,18	1523,69
883,35	1525,74
883,53	1521,64
883,71	1542,12
883,89	1538,02
884,07	1435,63
884,24	1513,45
884,42	1497,07
884,60	1519,59
884,78	1505,26
884,95	1458,15
885,13	1419,24
885,31	1478,63
885,49	1509,35
885,67	1472,49
885,84	1486,83
886,02	1492,97
886,20	1542,12
886,38	1415,15
886,55	1527,78
886,73	1415,15
886,91	1533,93
887,09	1472,49
887,26	1443,82
887,44	1533,93
887,62	1538,02
887,80	1521,64
887,98	1476,59
888,15	1470,44
888,33	1511,40
888,51	1460,20
888,69	1513,45
888,86	1474,54
889,04	1492,97
889,22	1476,59
889,39	1538,02
889,57	1505,26
889,75	1396,71
889,93	1454,06
890,10	1452,01
890,28	1548,26
890,46	1554,41
890,64	1501,16
890,81	1495,02
890,99	1421,29
891,17	1462,25
891,34	1472,49
891,52	1503,21
891,70	1429,48
891,88	1523,69
892,05	1495,02
892,23	1503,21
892,41	1488,87
892,58	1484,78
892,76	1570,79
892,94	1540,07
893,12	1456,11
893,29	1380,33
893,47	1490,92
893,65	1357,80
893,82	1501,16
894,00	1476,59
894,18	1404,91
894,35	1462,25
894,53	1521,64
894,71	1521,64
894,89	1404,91
895,06	1452,01
895,24	1353,71
895,42	1429,48
895,59	1456,11
895,77	1484,78
895,95	1427,43
896,12	1480,68
896,30	1447,91
896,48	1445,87
896,65	1538,02
896,83	1361,90
897,01	1429,48
897,18	1492,97
897,36	1492,97
897,54	1480,68
897,71	1492,97
897,89	1411,05
898,07	1423,34
898,24	1501,16
898,42	1421,29
898,59	1515,50
898,77	1404,91
898,95	1425,39
899,12	1488,87
899,30	1521,64
899,48	1439,72
899,65	1480,68
899,83	1513,45
900,01	1468,39
900,18	1482,73
900,36	1423,34
900,53	1435,63
900,71	1470,44
900,89	1445,87
901,06	1484,78
901,24	1437,67
901,42	1439,72
901,59	1423,34
901,77	1472,49
901,94	1468,39
902,12	1464,30
902,30	1439,72
902,47	1531,88
902,65	1386,47
902,82	1509,35
903,00	1564,65
903,18	1429,48
903,35	1452,01
903,53	1476,59
903,70	1472,49
903,88	1419,24
904,06	1447,91
904,23	1476,59
904,41	1413,10
904,58	1517,54
904,76	1466,35
904,93	1443,82
905,11	1423,34
905,29	1480,68
905,46	1472,49
905,64	1501,16
905,81	1480,68
905,99	1443,82
906,16	1531,88
906,34	1460,20
906,52	1425,39
906,69	1384,43
906,87	1501,16
907,04	1404,91
907,22	1374,19
907,39	1417,19
907,57	1482,73
907,75	1574,89
907,92	1415,15
908,10	1560,55
908,27	1540,07
908,45	1495,02
908,62	1361,90
908,80	1413,10
908,97	1413,10
909,15	1411,05
909,32	1452,01
909,50	1474,54
909,67	1380,33
909,85	1497,07
910,03	1380,33
910,20	1435,63
910,38	1431,53
910,55	1458,15
910,73	1470,44
910,90	1468,39
911,08	1544,17
911,25	1574,89
911,43	1474,54
911,60	1486,83
911,78	1486,83
911,95	1507,30
912,13	1525,74
912,30	1458,15
912,48	1521,64
912,65	1409,00
912,83	1462,25
913,00	1411,05
913,18	1529,83
913,35	1474,54
913,53	1452,01
913,70	1419,24
913,88	1464,30
914,05	1460,20
914,23	1435,63
914,40	1366,00
914,58	1462,25
914,75	1519,59
914,93	1443,82
915,10	1462,25
915,27	1509,35
915,45	1439,72
915,62	1476,59
915,80	1509,35
915,97	1462,25
916,15	1423,34
916,32	1490,92
916,50	1513,45
916,67	1468,39
916,85	1482,73
917,02	1396,71
917,20	1568,74
917,37	1445,87
917,54	1482,73
917,72	1492,97
917,89	1515,50
918,07	1564,65
918,24	1566,70
918,42	1521,64
918,59	1439,72
918,77	1400,81
918,94	1437,67
919,11	1396,71
919,29	1417,19
919,46	1509,35
919,64	1581,03
919,81	1499,11
919,99	1400,81
920,16	1521,64
920,33	1511,40
920,51	1476,59
920,68	1413,10
920,86	1546,22
921,03	1501,16
921,20	1497,07
921,38	1509,35
921,55	1529,83
921,73	1523,69
921,90	1462,25
922,07	1505,26
922,25	1447,91
922,42	1511,40
922,60	1521,64
922,77	1443,82
922,94	1474,54
923,12	1458,15
923,29	1540,07
923,47	1456,11
923,64	1456,11
923,81	1619,94
923,99	1439,72
924,16	1447,91
924,34	1419,24
924,51	1568,74
924,68	1599,46
924,86	1505,26
925,03	1474,54
925,20	1574,89
925,38	1533,93
925,55	1538,02
925,72	1603,56
925,90	1419,24
926,07	1466,35
926,25	1458,15
926,42	1441,77
926,59	1427,43
926,77	1464,30
926,94	1515,50
927,11	1501,16
927,29	1456,11
927,46	1388,52
927,63	1497,07
927,81	1396,71
927,98	1507,30
928,15	1542,12
928,33	1542,12
928,50	1370,09
928,67	1544,17
928,85	1501,16
929,02	1523,69
929,19	1550,31
929,37	1492,97
929,54	1366,00
929,71	1570,79
929,89	1562,60
930,06	1484,78
930,23	1503,21
930,41	1558,50
930,58	1480,68
930,75	1472,49
930,92	1529,83
931,10	1380,33
931,27	1544,17
931,44	1519,59
931,62	1435,63
931,79	1382,38
931,96	1406,95
932,14	1548,26
932,31	1515,50
932,48	1525,74
932,65	1441,77
932,83	1478,63
933,00	1564,65
933,17	1484,78
933,35	1548,26
933,52	1460,20
933,69	1466,35
933,86	1521,64
934,04	1425,39
934,21	1482,73
934,38	1566,70
934,55	1570,79
934,73	1503,21
934,90	1552,36
935,07	1482,73
935,25	1572,84
935,42	1490,92
935,59	1427,43
935,76	1431,53
935,94	1505,26
936,11	1468,39
936,28	1521,64
936,45	1454,06
936,63	1540,07
936,80	1509,35
936,97	1535,98
937,14	1486,83
937,31	1538,02
937,49	1548,26
937,66	1587,18
937,83	1523,69
938,00	1449,96
938,18	1568,74
938,35	1497,07
938,52	1484,78
938,69	1513,45
938,87	1550,31
939,04	1425,39
939,21	1513,45
939,38	1521,64
939,55	1452,01
939,73	1490,92
939,90	1488,87
940,07	1499,11
940,24	1472,49
940,41	1533,93
940,59	1515,50
940,76	1513,45
940,93	1456,11
941,10	1468,39
941,27	1404,91
941,45	1562,60
941,62	1544,17
941,79	1497,07
941,96	1568,74
942,13	1501,16
942,31	1523,69
942,48	1533,93
942,65	1529,83
942,82	1488,87
942,99	1503,21
943,16	1460,20
943,34	1513,45
943,51	1523,69
943,68	1456,11
943,85	1513,45
944,02	1552,36
944,19	1495,02
944,37	1540,07
944,54	1535,98
944,71	1433,58
944,88	1513,45
945,05	1511,40
945,22	1566,70
945,40	1521,64
945,57	1439,72
945,74	1531,88
945,91	1425,39
946,08	1511,40
946,25	1568,74
946,42	1517,54
946,60	1568,74
946,77	1570,79
946,94	1607,66
947,11	1531,88
947,28	1458,15
947,45	1486,83
947,62	1480,68
947,79	1470,44
947,97	1585,13
948,14	1595,37
948,31	1480,68
948,48	1439,72
948,65	1535,98
948,82	1409,00
948,99	1454,06
949,16	1513,45
949,33	1470,44
949,51	1556,46
949,68	1505,26
949,85	1458,15
950,02	1478,63
950,19	1488,87
950,36	1544,17
950,53	1423,34
950,70	1472,49
950,87	1531,88
951,04	1462,25
951,22	1529,83
951,39	1568,74
951,56	1423,34
951,73	1517,54
951,90	1347,56
952,07	1417,19
952,24	1466,35
952,41	1533,93
952,58	1501,16
952,75	1562,60
952,92	1486,83
953,09	1429,48
953,26	1417,19
953,43	1564,65
953,61	1578,98
953,78	1509,35
953,95	1490,92
954,12	1447,91
954,29	1482,73
954,46	1507,30
954,63	1529,83
954,80	1550,31
954,97	1466,35
955,14	1431,53
955,31	1484,78
955,48	1460,20
955,65	1464,30
955,82	1462,25
955,99	1474,54
956,16	1490,92
956,33	1644,52
956,50	1497,07
956,67	1464,30
956,84	1525,74
957,01	1490,92
957,18	1511,40
957,35	1439,72
957,52	1509,35
957,69	1576,94
957,86	1447,91
958,03	1484,78
958,20	1398,76
958,37	1464,30
958,54	1607,66
958,71	1431,53
958,88	1490,92
959,05	1454,06
959,22	1462,25
959,39	1470,44
959,56	1435,63
959,73	1447,91
959,90	1533,93
960,07	1413,10
960,24	1478,63
960,41	1482,73
960,58	1497,07
960,75	1468,39
960,92	1499,11
961,09	1460,20
961,26	1509,35
961,43	1406,95
961,60	1476,59
961,77	1462,25
961,94	1466,35
962,11	1497,07
962,28	1578,98
962,45	1501,16
962,62	1406,95
962,79	1480,68
962,96	1507,30
963,13	1476,59
963,30	1415,15
963,47	1429,48
963,64	1382,38
963,81	1564,65
963,98	1415,15
964,14	1492,97
964,31	1486,83
964,48	1511,40
964,65	1505,26
964,82	1501,16
964,99	1529,83
965,16	1521,64
965,33	1480,68
965,50	1452,01
965,67	1507,30
965,84	1472,49
966,01	1454,06
966,18	1415,15
966,35	1370,09
966,51	1431,53
966,68	1527,78
966,85	1484,78
967,02	1454,06
967,19	1452,01
967,36	1476,59
967,53	1452,01
967,70	1437,67
967,87	1525,74
968,04	1478,63
968,21	1427,43
968,37	1492,97
968,54	1445,87
968,71	1384,43
968,88	1447,91
969,05	1374,19
969,22	1513,45
969,39	1540,07
969,56	1437,67
969,72	1413,10
969,89	1449,96
970,06	1488,87
970,23	1484,78
970,40	1495,02
970,57	1388,52
970,74	1554,41
970,91	1374,19
971,07	1525,74
971,24	1507,30
971,41	1402,86
971,58	1484,78
971,75	1525,74
971,92	1501,16
972,09	1445,87
972,25	1492,97
972,42	1429,48
972,59	1394,67
972,76	1421,29
972,93	1488,87
973,10	1431,53
973,27	1468,39
973,43	1478,63
973,60	1507,30
973,77	1476,59
973,94	1439,72
974,11	1486,83
974,28	1449,96
974,44	1482,73
974,61	1380,33
974,78	1482,73
974,95	1490,92
975,12	1488,87
975,28	1437,67
975,45	1462,25
975,62	1429,48
975,79	1460,20
975,96	1427,43
976,12	1478,63
976,29	1449,96
976,46	1398,76
976,63	1478,63
976,80	1409,00
976,96	1472,49
977,13	1402,86
977,30	1484,78
977,47	1447,91
977,64	1402,86
977,80	1394,67
977,97	1402,86
978,14	1447,91
978,31	1497,07
978,48	1513,45
978,64	1396,71
978,81	1398,76
978,98	1423,34
979,15	1449,96
979,31	1404,91
979,48	1464,30
979,65	1421,29
979,82	1429,48
979,98	1419,24
980,15	1452,01
980,32	1478,63
980,49	1398,76
980,66	1486,83
980,82	1361,90
980,99	1452,01
981,16	1474,54
981,33	1435,63
981,49	1374,19
981,66	1501,16
981,83	1400,81
981,99	1443,82
982,16	1449,96
982,33	1445,87
982,50	1345,52
982,66	1445,87
982,83	1331,18
983,00	1374,19
983,17	1300,46
983,33	1458,15
983,50	1470,44
983,67	1333,23
983,83	1431,53
984,00	1366,00
984,17	1488,87
984,34	1386,47
984,50	1351,66
984,67	1357,80
984,84	1458,15
985,00	1417,19
985,17	1343,47
985,34	1449,96
985,51	1421,29
985,67	1406,95
985,84	1366,00
986,01	1329,13
986,17	1441,77
986,34	1464,30
986,51	1361,90
986,67	1368,04
986,84	1312,75
987,01	1380,33
987,17	1406,95
987,34	1378,28
987,51	1449,96
987,67	1443,82
987,84	1431,53
988,01	1406,95
988,17	1386,47
988,34	1310,70
988,51	1382,38
988,67	1546,22
988,84	1404,91
989,01	1400,81
989,17	1421,29
989,34	1390,57
989,51	1458,15
989,67	1452,01
989,84	1458,15
990,01	1398,76
990,17	1396,71
990,34	1480,68
990,51	1480,68
990,67	1398,76
990,84	1386,47
991,01	1396,71
991,17	1413,10
991,34	1366,00
991,50	1376,24
991,67	1386,47
991,84	1380,33
992,00	1361,90
992,17	1347,56
992,34	1478,63
992,50	1501,16
992,67	1480,68
992,83	1447,91
993,00	1439,72
993,17	1445,87
993,33	1445,87
993,50	1470,44
993,66	1374,19
993,83	1540,07
994,00	1464,30
994,16	1417,19
994,33	1427,43
994,49	1443,82
994,66	1435,63
994,83	1447,91
994,99	1396,71
995,16	1429,48
995,32	1404,91
995,49	1513,45
995,66	1452,01
995,82	1456,11
995,99	1404,91
996,15	1429,48
996,32	1409,00
996,48	1374,19
996,65	1435,63
996,82	1429,48
996,98	1458,15
997,15	1458,15
997,31	1386,47
997,48	1425,39
997,64	1335,28
997,81	1429,48
997,97	1402,86
998,14	1296,36
998,31	1298,41
998,47	1431,53
998,64	1431,53
998,80	1415,15
998,97	1413,10
999,13	1470,44
999,30	1398,76
999,46	1456,11
999,63	1474,54
999,79	1452,01
999,96	1433,58
1000,12	1484,78
1000,29	1478,63
1000,45	1423,34
1000,62	1359,85
1000,79	1458,15
1000,95	1484,78
1001,12	1433,58
1001,28	1456,11
1001,45	1454,06
1001,61	1394,67
1001,78	1370,09
1001,94	1486,83
1002,11	1540,07
1002,27	1458,15
1002,44	1404,91
1002,60	1411,05
1002,77	1488,87
1002,93	1464,30
1003,10	1384,43
1003,26	1394,67
1003,43	1497,07
1003,59	1456,11
1003,76	1437,67
1003,92	1505,26
1004,09	1400,81
1004,25	1423,34
1004,41	1431,53
1004,58	1404,91
1004,74	1443,82
1004,91	1386,47
1005,07	1394,67
1005,24	1564,65
1005,40	1413,10
1005,57	1415,15
1005,73	1363,95
1005,90	1400,81
1006,06	1390,57
1006,23	1478,63
1006,39	1445,87
1006,55	1366,00
1006,72	1331,18
1006,88	1374,19
1007,05	1456,11
1007,21	1509,35
1007,38	1368,04
1007,54	1417,19
1007,71	1497,07
1007,87	1386,47
1008,03	1456,11
1008,20	1406,95
1008,36	1445,87
1008,53	1445,87
1008,69	1437,67
1008,86	1394,67
1009,02	1390,57
1009,18	1390,57
1009,35	1378,28
1009,51	1445,87
1009,68	1406,95
1009,84	1447,91
1010,01	1400,81
1010,17	1413,10
1010,33	1437,67
1010,50	1460,20
1010,66	1445,87
1010,83	1421,29
1010,99	1460,20
1011,15	1316,84
1011,32	1386,47
1011,48	1417,19
1011,65	1392,62
1011,81	1284,08
1011,97	1460,20
1012,14	1503,21
1012,30	1454,06
1012,46	1406,95
1012,63	1386,47
1012,79	1343,47
1012,96	1351,66
1013,12	1376,24
1013,28	1413,10
1013,45	1361,90
1013,61	1435,63
1013,77	1378,28
1013,94	1351,66
1014,10	1462,25
1014,26	1439,72
1014,43	1472,49
1014,59	1351,66
1014,76	1456,11
1014,92	1501,16
1015,08	1320,94
1015,25	1392,62
1015,41	1396,71
1015,57	1376,24
1015,74	1376,24
1015,90	1329,13
1016,06	1421,29
1016,23	1327,08
1016,39	1331,18
1016,55	1437,67
1016,72	1376,24
1016,88	1435,63
1017,04	1396,71
1017,21	1452,01
1017,37	1282,03
1017,53	1386,47
1017,70	1447,91
1017,86	1366,00
1018,02	1400,81
1018,19	1406,95
1018,35	1437,67
1018,51	1425,39
1018,67	1368,04
1018,84	1419,24
1019,00	1402,86
1019,16	1431,53
1019,33	1429,48
1019,49	1513,45
1019,65	1327,08
1019,82	1314,80
1019,98	1388,52
1020,14	1351,66
1020,30	1503,21
1020,47	1355,76
1020,63	1398,76
1020,79	1390,57
1020,96	1413,10
1021,12	1380,33
1021,28	1419,24
1021,44	1361,90
1021,61	1419,24
1021,77	1394,67
1021,93	1363,95
1022,09	1419,24
1022,26	1447,91
1022,42	1292,27
1022,58	1525,74
1022,74	1380,33
1022,91	1447,91
1023,07	1366,00
1023,23	1345,52
1023,39	1431,53
1023,56	1343,47
1023,72	1468,39
1023,88	1384,43
1024,04	1454,06
1024,21	1464,30
1024,37	1431,53
1024,53	1501,16
1024,69	1347,56
1024,86	1429,48
1025,02	1335,28
1025,18	1388,52
1025,34	1454,06
1025,50	1437,67
1025,67	1468,39
1025,83	1413,10
1025,99	1427,43
1026,15	1404,91
1026,32	1396,71
1026,48	1347,56
1026,64	1402,86
1026,80	1398,76
1026,96	1404,91
1027,13	1431,53
1027,29	1527,78
1027,45	1337,32
1027,61	1460,20
1027,77	1466,35
1027,94	1411,05
1028,10	1411,05
1028,26	1406,95
1028,42	1406,95
1028,58	1443,82
1028,75	1343,47
1028,91	1400,81
1029,07	1386,47
1029,23	1460,20
1029,39	1394,67
1029,55	1470,44
1029,72	1419,24
1029,88	1464,30
1030,04	1378,28
1030,20	1429,48
1030,36	1345,52
1030,52	1357,80
1030,69	1423,34
1030,85	1429,48
1031,01	1437,67
1031,17	1374,19
1031,33	1443,82
1031,49	1490,92
1031,65	1447,91
1031,82	1390,57
1031,98	1368,04
1032,14	1427,43
1032,30	1413,10
1032,46	1429,48
1032,62	1490,92
1032,78	1421,29
1032,95	1337,32
1033,11	1347,56
1033,27	1382,38
1033,43	1378,28
1033,59	1400,81
1033,75	1406,95
1033,91	1368,04
1034,07	1452,01
1034,24	1400,81
1034,40	1396,71
1034,56	1388,52
1034,72	1433,58
1034,88	1341,42
1035,04	1423,34
1035,20	1380,33
1035,36	1363,95
1035,52	1443,82
1035,68	1368,04
1035,85	1345,52
1036,01	1398,76
1036,17	1466,35
1036,33	1421,29
1036,49	1374,19
1036,65	1433,58
1036,81	1322,99
1036,97	1464,30
1037,13	1433,58
1037,29	1466,35
1037,45	1445,87
1037,61	1390,57
1037,78	1357,80
1037,94	1472,49
1038,10	1566,70
1038,26	1378,28
1038,42	1361,90
1038,58	1488,87
1038,74	1411,05
1038,90	1376,24
1039,06	1325,04
1039,22	1372,14
1039,38	1415,15
1039,54	1425,39
1039,70	1355,76
1039,86	1425,39
1040,02	1386,47
1040,18	1413,10
1040,34	1540,07
1040,50	1439,72
1040,66	1423,34
1040,83	1439,72
1040,99	1441,77
1041,15	1482,73
1041,31	1458,15
1041,47	1505,26
1041,63	1476,59
1041,79	1458,15
1041,95	1441,77
1042,11	1435,63
1042,27	1458,15
1042,43	1476,59
1042,59	1458,15
1042,75	1382,38
1042,91	1372,14
