344,25	1247,21
344,46	1247,21
344,68	1247,21
344,90	1216,49
345,12	1292,27
345,34	1406,95
345,55	1357,80
345,77	1507,30
345,99	1392,62
346,21	1322,99
346,42	1419,24
346,64	1398,76
346,86	1351,66
347,08	1470,44
347,30	1390,57
347,51	1294,32
347,73	1413,10
347,95	1437,67
348,17	1361,90
348,38	1406,95
348,60	1327,08
348,82	1464,30
349,04	1398,76
349,25	1409,00
349,47	1421,29
349,69	1474,54
349,91	1517,54
350,13	1374,19
350,34	1361,90
350,56	1312,75
350,78	1384,43
351,00	1464,30
351,21	1505,26
351,43	1351,66
351,65	1357,80
351,87	1437,67
352,08	1384,43
352,30	1482,73
352,52	1454,06
352,74	1435,63
352,95	1544,17
353,17	1447,91
353,39	1415,15
353,61	1394,67
353,82	1376,24
354,04	1452,01
354,26	1384,43
354,47	1452,01
354,69	1439,72
354,91	1415,15
355,13	1409,00
355,34	1425,39
355,56	1421,29
355,78	1429,48
356,00	1488,87
356,21	1347,56
356,43	1386,47
356,65	1425,39
356,86	1337,32
357,08	1488,87
357,30	1456,11
357,52	1359,85
357,73	1333,23
357,95	1447,91
358,17	1421,29
358,38	1423,34
358,60	1382,38
358,82	1427,43
359,04	1445,87
359,25	1601,51
359,47	1437,67
359,69	1497,07
359,90	1361,90
360,12	1523,69
360,34	1531,88
360,56	1355,76
360,77	1548,26
360,99	1433,58
361,21	1409,00
361,42	1484,78
361,64	1533,93
361,86	1466,35
362,07	1427,43
362,29	1433,58
362,51	1462,25
362,73	1468,39
362,94	1486,83
363,16	1462,25
363,38	1404,91
363,59	1462,25
363,81	1374,19
364,03	1490,92
364,24	1519,59
364,46	1482,73
364,68	1417,19
364,89	1390,57
365,11	1482,73
365,33	1495,02
365,54	1435,63
365,76	1423,34
365,98	1529,83
366,19	1466,35
366,41	1492,97
366,63	1417,19
366,84	1435,63
367,06	1406,95
367,28	1435,63
367,49	1449,96
367,71	1452,01
367,93	1398,76
368,14	1439,72
368,36	1343,47
368,58	1392,62
368,79	1445,87
369,01	1421,29
369,23	1439,72
369,44	1486,83
369,66	1378,28
369,88	1478,63
370,09	1357,80
370,31	1409,00
370,53	1452,01
370,74	1437,67
370,96	1437,67
371,18	1460,20
371,39	1427,43
371,61	1542,12
371,82	1525,74
372,04	1458,15
372,26	1523,69
372,47	1488,87
372,69	1462,25
372,91	1511,40
373,12	1464,30
373,34	1398,76
373,56	1337,32
373,77	1456,11
373,99	1454,06
374,20	1472,49
374,42	1484,78
374,64	1497,07
374,85	1413,10
375,07	1482,73
375,29	1439,72
375,50	1445,87
375,72	1419,24
375,93	1484,78
376,15	1370,09
376,37	1452,01
376,58	1413,10
376,80	1443,82
377,01	1390,57
377,23	1499,11
377,45	1533,93
377,66	1449,96
377,88	1472,49
378,10	1411,05
378,31	1398,76
378,53	1546,22
378,74	1398,76
378,96	1523,69
379,18	1437,67
379,39	1429,48
379,61	1460,20
379,82	1480,68
380,04	1417,19
380,26	1472,49
380,47	1429,48
380,69	1454,06
380,90	1484,78
381,12	1411,05
381,33	1423,34
381,55	1476,59
381,77	1460,20
381,98	1417,19
382,20	1368,04
382,41	1458,15
382,63	1441,77
382,85	1421,29
383,06	1535,98
383,28	1484,78
383,49	1464,30
383,71	1460,20
383,92	1347,56
384,14	1425,39
384,36	1325,04
384,57	1470,44
384,79	1419,24
385,00	1431,53
385,22	1398,76
385,43	1419,24
385,65	1560,55
385,87	1431,53
386,08	1374,19
386,30	1511,40
386,51	1466,35
386,73	1392,62
386,94	1390,57
387,16	1482,73
387,37	1519,59
387,59	1497,07
387,81	1431,53
388,02	1488,87
388,24	1417,19
388,45	1402,86
388,67	1409,00
388,88	1486,83
389,10	1462,25
389,31	1542,12
389,53	1525,74
389,75	1484,78
389,96	1359,85
390,18	1449,96
390,39	1415,15
390,61	1484,78
390,82	1406,95
391,04	1486,83
391,25	1437,67
391,47	1415,15
391,68	1404,91
391,90	1499,11
392,11	1415,15
392,33	1406,95
392,54	1492,97
392,76	1429,48
392,97	1419,24
393,19	1472,49
393,41	1431,53
393,62	1484,78
393,84	1527,78
394,05	1538,02
394,27	1421,29
394,48	1398,76
394,70	1542,12
394,91	1386,47
395,13	1511,40
395,34	1388,52
395,56	1419,24
395,77	1497,07
395,99	1462,25
396,20	1445,87
396,42	1384,43
396,63	1437,67
396,85	1464,30
397,06	1445,87
397,28	1482,73
397,49	1472,49
397,71	1394,67
397,92	1363,95
398,14	1427,43
398,35	1525,74
398,57	1413,10
398,78	1445,87
399,00	1466,35
399,21	1370,09
399,43	1429,48
399,64	1492,97
399,86	1404,91
400,07	1427,43
400,29	1382,38
400,50	1486,83
400,72	1482,73
400,93	1409,00
401,14	1466,35
401,36	1501,16
401,57	1447,91
401,79	1535,98
402,00	1521,64
402,22	1503,21
402,43	1433,58
402,65	1413,10
402,86	1384,43
403,08	1411,05
403,29	1394,67
403,51	1495,02
403,72	1497,07
403,94	1458,15
404,15	1398,76
404,36	1392,62
404,58	1791,97
404,79	1499,11
405,01	1433,58
405,22	1505,26
405,44	1404,91
405,65	1476,59
405,87	1476,59
406,08	1390,57
406,30	1341,42
406,51	1464,30
406,72	1554,41
406,94	1388,52
407,15	1533,93
407,37	1484,78
407,58	1462,25
407,80	1488,87
408,01	1464,30
408,23	1409,00
408,44	1456,11
408,65	1378,28
408,87	1519,59
409,08	1347,56
409,30	1507,30
409,51	1433,58
409,73	1372,14
409,94	1433,58
410,15	1464,30
410,37	1521,64
410,58	1486,83
410,80	1443,82
411,01	1394,67
411,23	1456,11
411,44	1392,62
411,65	1505,26
411,87	1425,39
412,08	1484,78
412,30	1513,45
412,51	1478,63
412,72	1472,49
412,94	1486,83
413,15	1413,10
413,37	1449,96
413,58	1361,90
413,79	1435,63
414,01	1449,96
414,22	1486,83
414,44	1501,16
414,65	1413,10
414,86	1347,56
415,08	1423,34
415,29	1452,01
415,51	1445,87
415,72	1415,15
415,93	1355,76
416,15	1404,91
416,36	1423,34
416,58	1456,11
416,79	1439,72
417,00	1425,39
417,22	1449,96
417,43	1468,39
417,65	1501,16
417,86	1478,63
418,07	1490,92
418,29	1501,16
418,50	1423,34
418,71	1460,20
418,93	1454,06
419,14	1449,96
419,36	1400,81
419,57	1433,58
419,78	1503,21
420,00	1333,23
420,21	1470,44
420,42	1482,73
420,64	1460,20
420,85	1431,53
421,06	1435,63
421,28	1556,46
421,49	1433,58
421,71	1564,65
421,92	1572,84
422,13	1470,44
422,35	1531,88
422,56	1447,91
422,77	1456,11
422,99	1441,77
423,20	1470,44
423,41	1456,11
423,63	1382,38
423,84	1509,35
424,05	1470,44
424,27	1472,49
424,48	1400,81
424,69	1425,39
424,91	1734,63
425,12	1464,30
425,33	1411,05
425,55	1515,50
425,76	1476,59
425,97	1404,91
426,19	1460,20
426,40	1456,11
426,61	1443,82
426,83	1437,67
427,04	1501,16
427,25	1435,63
427,47	1499,11
427,68	1454,06
427,89	1554,41
428,11	1400,81
428,32	1486,83
428,53	1460,20
428,75	1484,78
428,96	1501,16
429,17	1431,53
429,39	1456,11
429,60	1525,74
429,81	1464,30
430,03	1452,01
430,24	1357,80
430,45	1562,60
430,67	1511,40
430,88	1447,91
431,09	1505,26
431,30	1482,73
431,52	1462,25
431,73	1458,15
431,94	1435,63
432,16	1515,50
432,37	1443,82
432,58	1460,20
432,80	1464,30
433,01	1484,78
433,22	1396,71
433,43	1535,98
433,65	1468,39
433,86	1388,52
434,07	1419,24
434,29	1519,59
434,50	1458,15
434,71	1419,24
434,92	1406,95
435,14	1454,06
435,35	1417,19
435,56	1382,38
435,77	1400,81
435,99	1490,92
436,20	1443,82
436,41	1449,96
436,63	1396,71
436,84	1398,76
437,05	1478,63
437,26	1458,15
437,48	1511,40
437,69	1409,00
437,90	1437,67
438,11	1437,67
438,33	1447,91
438,54	1472,49
438,75	1447,91
438,96	1525,74
439,18	1431,53
439,39	1472,49
439,60	1363,95
439,82	1472,49
440,03	1497,07
440,24	1529,83
440,45	1322,99
440,67	1415,15
440,88	1425,39
441,09	1497,07
441,30	1427,43
441,51	1515,50
441,73	1361,90
441,94	1384,43
442,15	1456,11
442,36	1425,39
442,58	1431,53
442,79	1355,76
443,00	1474,54
443,21	1556,46
443,43	1411,05
443,64	1490,92
443,85	1460,20
444,06	1476,59
444,28	1490,92
444,49	1495,02
444,70	1437,67
444,91	1521,64
445,12	1499,11
445,34	1404,91
445,55	1538,02
445,76	1419,24
445,97	1474,54
446,18	1538,02
446,40	1460,20
446,61	1452,01
446,82	1398,76
447,03	1427,43
447,25	1466,35
447,46	1447,91
447,67	1515,50
447,88	1413,10
448,09	1431,53
448,31	1476,59
448,52	1429,48
448,73	1435,63
448,94	1468,39
449,15	1466,35
449,37	1421,29
449,58	1460,20
449,79	1427,43
450,00	1482,73
450,21	1390,57
450,43	1503,21
450,64	1343,47
450,85	1435,63
451,06	1499,11
451,27	1441,77
451,48	1396,71
451,70	1464,30
451,91	1378,28
452,12	1523,69
452,33	1445,87
452,54	1456,11
452,76	1454,06
452,97	1531,88
453,18	1466,35
453,39	1482,73
453,60	1515,50
453,81	1406,95
454,03	1411,05
454,24	1452,01
454,45	1486,83
454,66	1363,95
454,87	1425,39
455,08	1406,95
455,30	1429,48
455,51	1546,22
455,72	1484,78
455,93	1492,97
456,14	1513,45
456,35	1460,20
456,56	1456,11
456,78	1578,98
456,99	1499,11
457,20	1482,73
457,41	1519,59
457,62	1478,63
457,83	1497,07
458,04	1456,11
458,26	1497,07
458,47	1368,04
458,68	1431,53
458,89	1458,15
459,10	1507,30
459,31	1472,49
459,52	1470,44
459,74	1464,30
459,95	1521,64
460,16	1402,86
460,37	1511,40
460,58	1429,48
460,79	1370,09
461,00	1492,97
461,21	1361,90
461,43	1409,00
461,64	1460,20
461,85	1439,72
462,06	1462,25
462,27	1464,30
462,48	1454,06
462,69	1415,15
462,90	1464,30
463,12	1546,22
463,33	1472,49
463,54	1437,67
463,75	1445,87
463,96	1501,16
464,17	1505,26
464,38	1402,86
464,59	1517,54
464,80	1464,30
465,01	1394,67
465,23	1452,01
465,44	1421,29
465,65	1409,00
465,86	1464,30
466,07	1366,00
466,28	1486,83
466,49	1507,30
466,70	1550,31
466,91	1474,54
467,12	1417,19
467,33	1462,25
467,55	1423,34
467,76	1398,76
467,97	1433,58
468,18	1458,15
468,39	1390,57
468,60	1531,88
468,81	1433,58
469,02	1449,96
469,23	1460,20
469,44	1517,54
469,65	1423,34
469,86	1421,29
470,07	1454,06
470,29	1488,87
470,50	1413,10
470,71	1531,88
470,92	1513,45
471,13	1513,45
471,34	1533,93
471,55	1474,54
471,76	1431,53
471,97	1419,24
472,18	1464,30
472,39	1388,52
472,60	1529,83
472,81	1525,74
473,02	1320,94
473,23	1560,55
473,44	1370,09
473,65	1433,58
473,87	1363,95
474,08	1456,11
474,29	1427,43
474,50	1492,97
474,71	1417,19
474,92	1558,50
475,13	1458,15
475,34	1495,02
475,55	1380,33
475,76	1400,81
475,97	1466,35
476,18	1431,53
476,39	1413,10
476,60	1452,01
476,81	1542,12
477,02	1474,54
477,23	1497,07
477,44	1593,32
477,65	1464,30
477,86	1511,40
478,07	1542,12
478,28	1404,91
478,49	1507,30
478,70	1535,98
478,91	1382,38
479,12	1488,87
479,33	1531,88
479,54	1447,91
479,75	1566,70
479,96	1521,64
480,17	1454,06
480,38	1392,62
480,59	1384,43
480,80	1542,12
481,01	1423,34
481,22	1427,43
481,43	1437,67
481,64	1568,74
481,85	1466,35
482,06	1386,47
482,27	1454,06
482,48	1478,63
482,69	1527,78
482,90	1441,77
483,11	1568,74
483,32	1458,15
483,53	1521,64
483,74	1486,83
483,95	1482,73
484,16	1427,43
484,37	1368,04
484,58	1503,21
484,79	1474,54
485,00	1480,68
485,21	1372,14
485,42	1548,26
485,63	1519,59
485,84	1439,72
486,05	1447,91
486,26	1429,48
486,47	1507,30
486,68	1484,78
486,89	1409,00
487,10	1443,82
487,31	1486,83
487,52	1476,59
487,73	1578,98
487,94	1380,33
488,15	1445,87
488,36	1478,63
488,57	1382,38
488,77	1468,39
488,98	1452,01
489,19	1443,82
489,40	1521,64
489,61	1411,05
489,82	1503,21
490,03	1513,45
490,24	1392,62
490,45	1523,69
490,66	1439,72
490,87	1533,93
491,08	1484,78
491,29	1472,49
491,50	1400,81
491,71	1388,52
491,92	1460,20
492,13	1470,44
492,33	1486,83
492,54	1525,74
492,75	1398,76
492,96	1417,19
493,17	1486,83
493,38	1488,87
493,59	1421,29
493,80	1562,60
494,01	1441,77
494,22	1544,17
494,43	1460,20
494,64	1439,72
494,85	1425,39
495,05	1474,54
495,26	1439,72
495,47	1488,87
495,68	1449,96
495,89	1464,30
496,10	1380,33
496,31	1437,67
496,52	1531,88
496,73	1368,04
496,94	1443,82
497,15	1546,22
497,35	1556,46
497,56	1406,95
497,77	1497,07
497,98	1488,87
498,19	1511,40
498,40	1458,15
498,61	1548,26
498,82	1456,11
499,03	1468,39
499,23	1472,49
499,44	1511,40
499,65	1544,17
499,86	1425,39
500,07	1529,83
500,28	1488,87
500,49	1535,98
500,70	1447,91
500,91	1376,24
501,11	1492,97
501,32	1581,03
501,53	1482,73
501,74	1533,93
501,95	1480,68
502,16	1568,74
502,37	1409,00
502,57	1464,30
502,78	1529,83
502,99	1429,48
503,20	1482,73
503,41	1462,25
503,62	1456,11
503,83	1482,73
504,03	1476,59
504,24	1503,21
504,45	1515,50
504,66	1470,44
504,87	1527,78
505,08	1390,57
505,29	1454,06
505,49	1441,77
505,70	1554,41
505,91	1554,41
506,12	1458,15
506,33	1486,83
506,54	1546,22
506,75	1495,02
506,95	1427,43
507,16	1591,27
507,37	1470,44
507,58	1406,95
507,79	1492,97
508,00	1392,62
508,20	1447,91
508,41	1449,96
508,62	1472,49
508,83	1398,76
509,04	1449,96
509,24	1581,03
509,45	1802,21
509,66	1445,87
509,87	1458,15
510,08	1490,92
510,29	1495,02
510,49	1486,83
510,70	1413,10
510,91	1478,63
511,12	1445,87
511,33	1462,25
511,53	1419,24
511,74	1423,34
511,95	1445,87
512,16	1525,74
512,37	1546,22
512,57	1517,54
512,78	1458,15
512,99	1411,05
513,20	1576,94
513,41	1548,26
513,61	1394,67
513,82	1542,12
514,03	1464,30
514,24	1566,70
514,45	1476,59
514,65	1521,64
514,86	1505,26
515,07	1464,30
515,28	1527,78
515,49	1495,02
515,69	1452,01
515,90	1472,49
516,11	1449,96
516,32	1472,49
516,52	1486,83
516,73	1497,07
516,94	1578,98
517,15	1456,11
517,36	1488,87
517,56	1572,84
517,77	1374,19
517,98	1435,63
518,19	1458,15
518,39	1523,69
518,60	1468,39
518,81	1533,93
519,02	1429,48
519,22	1441,77
519,43	1433,58
519,64	1468,39
519,85	1474,54
520,05	1499,11
520,26	1456,11
520,47	1546,22
520,68	1433,58
520,88	1456,11
521,09	1538,02
521,30	1521,64
521,51	1495,02
521,71	1581,03
521,92	1437,67
522,13	1507,30
522,34	1480,68
522,54	1454,06
522,75	1390,57
522,96	1628,14
523,17	1505,26
523,37	1589,22
523,58	1409,00
523,79	1517,54
523,99	1452,01
524,20	1421,29
524,41	1417,19
524,62	1548,26
524,82	1517,54
525,03	1505,26
525,24	1454,06
525,45	1495,02
525,65	1513,45
525,86	1529,83
526,07	1513,45
526,27	1470,44
526,48	1486,83
526,69	1513,45
526,90	1441,77
527,10	1495,02
527,31	1449,96
527,52	1468,39
527,72	1476,59
527,93	1511,40
528,14	1429,48
528,34	1449,96
528,55	1402,86
528,76	1511,40
528,97	1452,01
529,17	1452,01
529,38	1431,53
529,59	1505,26
529,79	1462,25
530,00	1499,11
530,21	1542,12
530,41	1499,11
530,62	1474,54
530,83	1523,69
531,03	1562,60
531,24	1585,13
531,45	1472,49
531,65	1564,65
531,86	1560,55
532,07	1484,78
532,27	1456,11
532,48	1445,87
532,69	1417,19
532,89	1505,26
533,10	1472,49
533,31	1423,34
533,51	1423,34
533,72	1400,81
533,93	1509,35
534,13	1476,59
534,34	1361,90
534,55	1538,02
534,75	1398,76
534,96	1488,87
535,17	1454,06
535,37	1587,18
535,58	1519,59
535,79	1533,93
535,99	1445,87
536,20	1538,02
536,41	1470,44
536,61	1468,39
536,82	1468,39
537,03	1441,77
537,23	1476,59
537,44	1507,30
537,64	1554,41
537,85	1466,35
538,06	1513,45
538,26	1542,12
538,47	1454,06
538,68	1560,55
538,88	1505,26
539,09	1503,21
539,30	1484,78
539,50	1558,50
539,71	1507,30
539,91	1578,98
540,12	1443,82
540,33	1495,02
540,53	1488,87
540,74	1490,92
540,94	1509,35
541,15	1505,26
541,36	1435,63
541,56	1460,20
541,77	1558,50
541,98	1533,93
542,18	1556,46
542,39	1521,64
542,59	1406,95
542,80	1503,21
543,01	1460,20
543,21	1484,78
543,42	1509,35
543,62	1503,21
543,83	1398,76
544,04	1470,44
544,24	1513,45
544,45	1378,28
544,65	1460,20
544,86	1542,12
545,06	1517,54
545,27	1456,11
545,48	1456,11
545,68	1488,87
545,89	1433,58
546,09	1472,49
546,30	1497,07
546,51	1515,50
546,71	1472,49
546,92	1529,83
547,12	1460,20
547,33	1372,14
547,53	1497,07
547,74	1417,19
547,95	1431,53
548,15	1421,29
548,36	1443,82
548,56	1497,07
548,77	1437,67
548,97	1515,50
549,18	1445,87
549,39	1486,83
549,59	1460,20
549,80	1472,49
550,00	1370,09
550,21	1441,77
550,41	1431,53
550,62	1470,44
550,82	1431,53
551,03	1486,83
551,23	1462,25
551,44	1419,24
551,65	1505,26
551,85	1464,30
552,06	1464,30
552,26	1472,49
552,47	1501,16
552,67	1488,87
552,88	1525,74
553,08	1478,63
553,29	1456,11
553,49	1468,39
553,70	1501,16
553,90	1509,35
554,11	1400,81
554,32	1492,97
554,52	1476,59
554,73	1456,11
554,93	1423,34
555,14	1429,48
555,34	1538,02
555,55	1505,26
555,75	1499,11
555,96	1398,76
556,16	1413,10
556,37	1509,35
556,57	1396,71
556,78	1517,54
556,98	1511,40
557,19	1574,89
557,39	1472,49
557,60	1499,11
557,80	1433,58
558,01	1482,73
558,21	1441,77
558,42	1482,73
558,62	1472,49
558,83	1601,51
559,03	1415,15
559,24	1480,68
559,44	1447,91
559,65	1544,17
559,85	1415,15
560,06	1474,54
560,26	1472,49
560,47	1437,67
560,67	1503,21
560,88	1443,82
561,08	1566,70
561,29	1568,74
561,49	1476,59
561,70	1495,02
561,90	1519,59
562,10	1548,26
562,31	1519,59
562,51	1456,11
562,72	1390,57
562,92	1476,59
563,13	1513,45
563,33	1521,64
563,54	1519,59
563,74	1552,36
563,95	1456,11
564,15	1544,17
564,36	1456,11
564,56	1482,73
564,76	1460,20
564,97	1509,35
565,17	1382,38
565,38	1554,41
565,58	1404,91
565,79	1474,54
565,99	1505,26
566,20	1460,20
566,40	1435,63
566,60	1529,83
566,81	1554,41
567,01	1544,17
567,22	1439,72
567,42	1486,83
567,63	1517,54
567,83	1507,30
568,04	1566,70
568,24	1564,65
568,44	1552,36
568,65	1472,49
568,85	1538,02
569,06	1490,92
569,26	1507,30
569,47	1480,68
569,67	1433,58
569,87	1558,50
570,08	1529,83
570,28	1417,19
570,49	1411,05
570,69	1513,45
570,89	1546,22
571,10	1527,78
571,30	1490,92
571,51	1513,45
571,71	1574,89
571,91	1628,14
572,12	1482,73
572,32	1464,30
572,53	1404,91
572,73	1513,45
572,93	1533,93
573,14	1486,83
573,34	1525,74
573,55	1482,73
573,75	1386,47
573,95	1482,73
574,16	1513,45
574,36	1511,40
574,57	1456,11
574,77	1542,12
574,97	1503,21
575,18	1521,64
575,38	1454,06
575,59	1533,93
575,79	1495,02
575,99	1562,60
576,20	1599,46
576,40	1544,17
576,60	1607,66
576,81	1447,91
577,01	1521,64
577,22	1562,60
577,42	1550,31
577,62	1441,77
577,83	1406,95
578,03	1578,98
578,23	1460,20
578,44	1511,40
578,64	1513,45
578,84	1521,64
579,05	1443,82
579,25	1511,40
579,45	1527,78
579,66	1427,43
579,86	1427,43
580,07	1447,91
580,27	1554,41
580,47	1476,59
580,68	1513,45
580,88	1488,87
581,08	1406,95
581,29	1447,91
581,49	1468,39
581,69	1581,03
581,90	1488,87
582,10	1490,92
582,30	1472,49
582,51	1468,39
582,71	1482,73
582,91	1454,06
583,12	1523,69
583,32	1415,15
583,52	1482,73
583,73	1488,87
583,93	1419,24
584,13	1472,49
584,34	1546,22
584,54	1431,53
584,74	1488,87
584,94	1484,78
585,15	1435,63
585,35	1654,76
585,55	1470,44
585,76	1486,83
585,96	1533,93
586,16	1525,74
586,37	1474,54
586,57	1509,35
586,77	1458,15
586,98	1478,63
587,18	1482,73
587,38	1533,93
587,58	1482,73
587,79	1511,40
587,99	1484,78
588,19	1517,54
588,40	1435,63
588,60	1583,08
588,80	1437,67
589,00	1492,97
589,21	1492,97
589,41	1417,19
589,61	1505,26
589,82	1505,26
590,02	1458,15
590,22	1533,93
590,42	1550,31
590,63	1558,50
590,83	1480,68
591,03	1511,40
591,23	1509,35
591,44	1552,36
591,64	1447,91
591,84	1472,49
592,05	1527,78
592,25	1546,22
592,45	1544,17
592,65	1484,78
592,86	1546,22
593,06	1495,02
593,26	1533,93
593,46	1464,30
593,67	1482,73
593,87	1460,20
594,07	1431,53
594,27	1529,83
594,48	1476,59
594,68	1468,39
594,88	1452,01
595,08	1507,30
595,29	1546,22
595,49	1484,78
595,69	1509,35
595,89	1505,26
596,10	1595,37
596,30	1478,63
596,50	1425,39
596,70	1525,74
596,90	1538,02
597,11	1480,68
597,31	1509,35
597,51	1427,43
597,71	1437,67
597,92	1538,02
598,12	1452,01
598,32	1574,89
598,52	1509,35
598,72	1488,87
598,93	1484,78
599,13	1564,65
599,33	1546,22
599,53	1466,35
599,74	1437,67
599,94	1476,59
600,14	1517,54
600,34	1515,50
600,54	1585,13
600,75	1497,07
600,95	1521,64
601,15	1488,87
601,35	1478,63
601,55	1525,74
601,76	1411,05
601,96	1499,11
602,16	1517,54
602,36	1538,02
602,56	1462,25
602,76	1531,88
602,97	1441,77
603,17	1574,89
603,37	1544,17
603,57	1460,20
603,77	1497,07
603,98	1482,73
604,18	1484,78
604,38	1542,12
604,58	1421,29
604,78	1546,22
604,98	1484,78
605,19	1454,06
605,39	1515,50
605,59	1556,46
605,79	1513,45
605,99	1519,59
606,19	1478,63
606,40	1456,11
606,60	1509,35
606,80	1495,02
607,00	1511,40
607,20	1533,93
607,40	1511,40
607,61	1456,11
607,81	1558,50
608,01	1527,78
608,21	1497,07
608,41	1484,78
608,61	1492,97
608,81	1415,15
609,02	1495,02
609,22	1462,25
609,42	1433,58
609,62	1415,15
609,82	1435,63
610,02	1538,02
610,22	1525,74
610,43	1527,78
610,63	1552,36
610,83	1576,94
611,03	1515,50
611,23	1472,49
611,43	1572,84
611,63	1587,18
611,83	1507,30
612,04	1452,01
612,24	1525,74
612,44	1591,27
612,64	1480,68
612,84	1376,24
613,04	1519,59
613,24	1505,26
613,44	1464,30
613,64	1406,95
613,85	1507,30
614,05	1535,98
614,25	1497,07
614,45	1497,07
614,65	1544,17
614,85	1607,66
615,05	1513,45
615,25	1626,09
615,45	1472,49
615,65	1497,07
615,86	1458,15
616,06	1624,04
616,26	1533,93
616,46	1538,02
616,66	1443,82
616,86	1447,91
617,06	1548,26
617,26	1593,32
617,46	1550,31
617,66	1482,73
617,86	1535,98
618,07	1505,26
618,27	1587,18
618,47	1509,35
618,67	1611,75
618,87	1490,92
619,07	1558,50
619,27	1558,50
619,47	1486,83
619,67	1583,08
619,87	1529,83
620,07	1574,89
620,27	1529,83
620,47	1464,30
620,67	1548,26
620,87	1480,68
621,07	1603,56
621,28	1562,60
621,48	1519,59
621,68	1501,16
621,88	1548,26
622,08	1509,35
622,28	1507,30
622,48	1613,80
622,68	1507,30
622,88	1624,04
623,08	1492,97
623,28	1578,98
623,48	1564,65
623,68	1609,70
623,88	1550,31
624,08	1624,04
624,28	1478,63
624,48	1566,70
624,68	1454,06
624,88	1587,18
625,08	1533,93
625,28	1515,50
625,48	1599,46
625,68	1640,42
625,88	1578,98
626,08	1529,83
626,28	1603,56
626,48	1454,06
626,68	1503,21
626,88	1452,01
627,08	1613,80
627,28	1603,56
627,48	1449,96
627,68	1519,59
627,88	1550,31
628,08	1495,02
628,28	1548,26
628,49	1574,89
628,68	1538,02
628,88	1535,98
629,08	1525,74
629,28	1576,94
629,48	1531,88
629,68	1619,94
629,88	1636,33
630,08	1556,46
630,28	1603,56
630,48	1566,70
630,68	1548,26
630,88	1505,26
631,08	1548,26
631,28	1566,70
631,48	1492,97
631,68	1578,98
631,88	1523,69
632,08	1554,41
632,28	1548,26
632,48	1628,14
632,68	1593,32
632,88	1611,75
633,08	1497,07
633,28	1517,54
633,48	1523,69
633,68	1589,22
633,88	1521,64
634,08	1630,18
634,28	1478,63
634,48	1517,54
634,68	1495,02
634,88	1583,08
635,08	1611,75
635,28	1578,98
635,48	1525,74
635,68	1456,11
635,87	1525,74
636,07	1521,64
636,27	1505,26
636,47	1626,09
636,67	1552,36
636,87	1535,98
637,07	1609,70
637,27	1574,89
637,47	1562,60
637,67	1548,26
637,87	1525,74
638,07	1632,23
638,27	1550,31
638,47	1624,04
638,67	1511,40
638,86	1572,84
639,06	1593,32
639,26	1634,28
639,46	1540,07
639,66	1617,90
639,86	1560,55
640,06	1611,75
640,26	1484,78
640,46	1595,37
640,66	1501,16
640,86	1644,52
641,06	1435,63
641,25	1552,36
641,45	1521,64
641,65	1476,59
641,85	1558,50
642,05	1615,85
642,25	1486,83
642,45	1560,55
642,65	1593,32
642,85	1591,27
643,05	1460,20
643,24	1595,37
643,44	1558,50
643,64	1572,84
643,84	1552,36
644,04	1574,89
644,24	1558,50
644,44	1540,07
644,64	1554,41
644,84	1570,79
645,03	1609,70
645,23	1564,65
645,43	1517,54
645,63	1615,85
645,83	1542,12
646,03	1560,55
646,23	1574,89
646,42	1685,48
646,62	1517,54
646,82	1679,33
647,02	1568,74
647,22	1630,18
647,42	1511,40
647,62	1601,51
647,82	1470,44
648,01	1779,68
648,21	1535,98
648,41	1587,18
648,61	1648,61
648,81	1609,70
649,01	1628,14
649,20	1519,59
649,40	1650,66
649,60	1466,35
649,80	1591,27
650,00	1630,18
650,20	1546,22
650,40	1593,32
650,59	1585,13
650,79	1636,33
650,99	1531,88
651,19	1572,84
651,39	1550,31
651,58	1578,98
651,78	1585,13
651,98	1624,04
652,18	1513,45
652,38	1583,08
652,58	1529,83
652,77	1619,94
652,97	1667,05
653,17	1605,61
653,37	1554,41
653,57	1638,38
653,77	1560,55
653,96	1628,14
654,16	1550,31
654,36	1617,90
654,56	1595,37
654,76	1617,90
654,95	1509,35
655,15	1519,59
655,35	1533,93
655,55	1558,50
655,75	1540,07
655,94	1558,50
656,14	1638,38
656,34	1677,29
656,54	1566,70
656,73	1648,61
656,93	1599,46
657,13	1710,05
657,33	1558,50
657,53	1527,78
657,72	1634,28
657,92	1585,13
658,12	1589,22
658,32	1581,03
658,52	1558,50
658,71	1681,38
658,91	1529,83
659,11	1572,84
659,31	1665,00
659,50	1603,56
659,70	1562,60
659,90	1681,38
660,10	1599,46
660,29	1607,66
660,49	1636,33
660,69	1597,42
660,89	1697,77
661,08	1540,07
661,28	1558,50
661,48	1591,27
661,68	1583,08
661,87	1628,14
662,07	1581,03
662,27	1587,18
662,47	1650,66
662,66	1654,76
662,86	1648,61
663,06	1619,94
663,26	1583,08
663,45	1632,23
663,65	1630,18
663,85	1681,38
664,05	1632,23
664,24	1611,75
664,44	1595,37
664,64	1593,32
664,84	1578,98
665,03	1689,57
665,23	1619,94
665,43	1546,22
665,62	1548,26
665,82	1583,08
666,02	1636,33
666,22	1632,23
666,41	1630,18
666,61	1640,42
666,81	1538,02
667,00	1535,98
667,20	1576,94
667,40	1593,32
667,60	1517,54
667,79	1595,37
667,99	1495,02
668,19	1572,84
668,38	1533,93
668,58	1648,61
668,78	1566,70
668,97	1613,80
669,17	1497,07
669,37	1636,33
669,57	1490,92
669,76	1587,18
669,96	1638,38
670,16	1591,27
670,35	1595,37
670,55	1613,80
670,75	1521,64
670,94	1572,84
671,14	1527,78
671,34	1619,94
671,53	1490,92
671,73	1581,03
671,93	1558,50
672,12	1587,18
672,32	1550,31
672,52	1544,17
672,71	1527,78
672,91	1621,99
673,11	1552,36
673,30	1646,57
673,50	1495,02
673,70	1562,60
673,89	1531,88
674,09	1570,79
674,29	1562,60
674,48	1607,66
674,68	1544,17
674,88	1578,98
675,07	1566,70
675,27	1581,03
675,46	1521,64
675,66	1501,16
675,86	1558,50
676,05	1572,84
676,25	1566,70
676,45	1591,27
676,64	1617,90
676,84	1519,59
677,04	1581,03
677,23	1595,37
677,43	1566,70
677,62	1581,03
677,82	1517,54
678,02	1490,92
678,21	1562,60
678,41	1601,51
678,61	1546,22
678,80	1550,31
679,00	1615,85
679,19	1634,28
679,39	1581,03
679,59	1527,78
679,78	1535,98
679,98	1566,70
680,17	1538,02
680,37	1540,07
680,57	1611,75
680,76	1703,91
680,96	1583,08
681,16	1544,17
681,35	1564,65
681,55	1548,26
681,74	1583,08
681,94	1589,22
682,13	1556,46
682,33	1585,13
682,53	1509,35
682,72	1599,46
682,92	1470,44
683,11	1621,99
683,31	1583,08
683,51	1509,35
683,70	1505,26
683,90	1456,11
684,09	1591,27
684,29	1603,56
684,48	1538,02
684,68	1548,26
684,88	1611,75
685,07	1650,66
685,27	1540,07
685,46	1570,79
685,66	1564,65
685,85	1587,18
686,05	1669,09
686,25	1589,22
686,44	1564,65
686,64	1607,66
686,83	1595,37
687,03	1621,99
687,22	1556,46
687,42	1523,69
687,61	1554,41
687,81	1585,13
688,01	1619,94
688,20	1601,51
688,40	1542,12
688,59	1619,94
688,79	1689,57
688,98	1562,60
689,18	1568,74
689,37	1615,85
689,57	1544,17
689,76	1583,08
689,96	1595,37
690,15	1636,33
690,35	1583,08
690,54	1755,11
690,74	1595,37
690,94	1650,66
691,13	1759,21
691,33	1650,66
691,52	1572,84
691,72	1621,99
691,91	1550,31
692,11	1646,57
692,30	1509,35
692,50	1527,78
692,69	1658,85
692,89	1656,81
693,08	1529,83
693,28	1632,23
693,47	1535,98
693,67	1783,78
693,86	1624,04
694,06	1617,90
694,25	1619,94
694,45	1609,70
694,64	1503,21
694,84	1599,46
695,03	1605,61
695,23	1558,50
695,42	1718,25
695,62	1550,31
695,81	1581,03
696,01	1572,84
696,20	1652,71
696,40	1636,33
696,59	1509,35
696,78	1560,55
696,98	1601,51
697,17	1511,40
697,37	1593,32
697,56	1556,46
697,76	1576,94
697,95	1671,14
698,15	1601,51
698,34	1501,16
698,54	1601,51
698,73	1634,28
698,93	1566,70
699,12	1554,41
699,32	1548,26
699,51	1513,45
699,70	1443,82
699,90	1583,08
700,09	1556,46
700,29	1566,70
700,48	1548,26
700,68	1568,74
700,87	1509,35
701,07	1523,69
701,26	1517,54
701,45	1533,93
701,65	1460,20
701,84	1480,68
702,04	1562,60
702,23	1548,26
702,43	1447,91
702,62	1492,97
702,81	1574,89
703,01	1566,70
703,20	1562,60
703,40	1529,83
703,59	1435,63
703,79	1472,49
703,98	1433,58
704,17	1484,78
704,37	1439,72
704,56	1486,83
704,76	1533,93
704,95	1388,52
705,14	1380,33
705,34	1478,63
705,53	1466,35
705,73	1425,39
705,92	1482,73
706,11	1513,45
706,31	1482,73
706,50	1439,72
706,70	1419,24
706,89	1533,93
707,08	1484,78
707,28	1511,40
707,47	1421,29
707,67	1447,91
707,86	1452,01
708,05	1458,15
708,25	1382,38
708,44	1497,07
708,64	1392,62
708,83	1458,15
709,02	1474,54
709,22	1476,59
709,41	1388,52
709,60	1505,26
709,80	1476,59
709,99	1452,01
710,19	1392,62
710,38	1411,05
710,57	1427,43
710,77	1417,19
710,96	1372,14
711,15	1404,91
711,35	1468,39
711,54	1390,57
711,73	1466,35
711,93	1431,53
712,12	1454,06
712,31	1482,73
712,51	1388,52
712,70	1429,48
712,89	1490,92
713,09	1415,15
713,28	1474,54
713,48	1394,67
713,67	1355,76
713,86	1339,37
714,06	1427,43
714,25	1292,27
714,44	1400,81
714,64	1501,16
714,83	1343,47
715,02	1384,43
715,22	1578,98
715,41	1511,40
715,60	1409,00
715,79	1447,91
715,99	1466,35
716,18	1503,21
716,37	1406,95
716,57	1427,43
716,76	1429,48
716,95	1505,26
717,15	1427,43
717,34	1425,39
717,53	1353,71
717,73	1445,87
717,92	1427,43
718,11	1460,20
718,31	1464,30
718,50	1439,72
718,69	1363,95
718,88	1544,17
719,08	1435,63
719,27	1337,32
719,46	1495,02
719,66	1472,49
719,85	1400,81
720,04	1480,68
720,23	1404,91
720,43	1392,62
720,62	1431,53
720,81	1406,95
721,01	1482,73
721,20	1417,19
721,39	1466,35
721,58	1388,52
721,78	1460,20
721,97	1462,25
722,16	1394,67
722,35	1423,34
722,55	1466,35
722,74	1478,63
722,93	1441,77
723,13	1486,83
723,32	1359,85
723,51	1394,67
723,70	1384,43
723,90	1472,49
724,09	1368,04
724,28	1386,47
724,47	1357,80
724,67	1525,74
724,86	1433,58
725,05	1304,56
725,24	1425,39
725,44	1445,87
725,63	1435,63
725,82	1411,05
726,01	1390,57
726,21	1411,05
726,40	1400,81
726,59	1550,31
726,78	1386,47
726,97	1396,71
727,17	1441,77
727,36	1460,20
727,55	1372,14
727,74	1427,43
727,94	1376,24
728,13	1454,06
728,32	1415,15
728,51	1380,33
728,70	1406,95
728,90	1349,61
729,09	1433,58
729,28	1423,34
729,47	1384,43
729,66	1378,28
729,86	1554,41
730,05	1376,24
730,24	1411,05
730,43	1462,25
730,63	1378,28
730,82	1507,30
731,01	1366,00
731,20	1484,78
731,39	1325,04
731,58	1435,63
731,78	1361,90
731,97	1501,16
732,16	1411,05
732,35	1396,71
732,54	1449,96
732,74	1552,36
732,93	1396,71
733,12	1433,58
733,31	1480,68
733,50	1466,35
733,69	1380,33
733,89	1394,67
734,08	1419,24
734,27	1415,15
734,46	1433,58
734,65	1439,72
734,84	1396,71
735,04	1423,34
735,23	1413,10
735,42	1417,19
735,61	1345,52
735,80	1464,30
735,99	1370,09
736,19	1384,43
736,38	1417,19
736,57	1470,44
736,76	1392,62
736,95	1486,83
737,14	1304,56
737,33	1503,21
737,53	1486,83
737,72	1357,80
737,91	1437,67
738,10	1468,39
738,29	1361,90
738,48	1396,71
738,67	1497,07
738,87	1488,87
739,06	1355,76
739,25	1437,67
739,44	1374,19
739,63	1480,68
739,82	1435,63
740,01	1458,15
740,20	1460,20
740,40	1445,87
740,59	1382,38
740,78	1460,20
740,97	1415,15
741,16	1505,26
741,35	1439,72
741,54	1499,11
741,73	1384,43
741,92	1476,59
742,12	1411,05
742,31	1462,25
742,50	1417,19
742,69	1419,24
742,88	1454,06
743,07	1398,76
743,26	1427,43
743,45	1439,72
743,64	1349,61
743,83	1449,96
744,02	1472,49
744,22	1431,53
744,41	1482,73
744,60	1427,43
744,79	1548,26
744,98	1458,15
745,17	1320,94
745,36	1456,11
745,55	1480,68
745,74	1433,58
745,93	1361,90
746,12	1505,26
746,31	1419,24
746,50	1402,86
746,70	1386,47
746,89	1396,71
747,08	1394,67
747,27	1437,67
747,46	1421,29
747,65	1435,63
747,84	1413,10
748,03	1447,91
748,22	1419,24
748,41	1449,96
748,60	1476,59
748,79	1433,58
748,98	1488,87
749,17	1413,10
749,36	1435,63
749,55	1415,15
749,74	1441,77
749,93	1527,78
750,12	1505,26
750,31	1437,67
750,50	1460,20
750,70	1495,02
750,89	1513,45
751,08	1574,89
751,27	1421,29
751,46	1449,96
751,65	1427,43
751,84	1527,78
752,03	1345,52
752,22	1595,37
752,41	1501,16
752,60	1447,91
752,79	1482,73
752,98	1454,06
753,17	1480,68
753,36	1433,58
753,55	1503,21
753,74	1492,97
753,93	1538,02
754,12	1404,91
754,31	1535,98
754,50	1509,35
754,69	1538,02
754,88	1531,88
755,07	1441,77
755,26	1507,30
755,45	1374,19
755,64	1497,07
755,83	1517,54
756,02	1417,19
756,21	1413,10
756,40	1552,36
756,59	1421,29
756,78	1521,64
756,97	1480,68
757,16	1497,07
757,35	1490,92
757,54	1449,96
757,72	1431,53
757,91	1443,82
758,10	1378,28
758,29	1454,06
758,48	1468,39
758,67	1443,82
758,86	1583,08
759,05	1542,12
759,24	1535,98
759,43	1628,14
759,62	1427,43
759,81	1615,85
760,00	1462,25
760,19	1482,73
760,38	1556,46
760,57	1382,38
760,76	1513,45
760,95	1613,80
761,14	1499,11
761,33	1499,11
761,52	1472,49
761,70	1503,21
761,89	1482,73
762,08	1419,24
762,27	1578,98
762,46	1484,78
762,65	1564,65
762,84	1544,17
763,03	1556,46
763,22	1576,94
763,41	1445,87
763,60	1509,35
763,79	1550,31
763,98	1576,94
764,16	1525,74
764,35	1599,46
764,54	1669,09
764,73	1552,36
764,92	1591,27
765,11	1646,57
765,30	1552,36
765,49	1439,72
765,68	1652,71
765,87	1515,50
766,06	1507,30
766,24	1523,69
766,43	1578,98
766,62	1624,04
766,81	1476,59
767,00	1599,46
767,19	1540,07
767,38	1640,42
767,57	1474,54
767,76	1566,70
767,94	1525,74
768,13	1585,13
768,32	1648,61
768,51	1593,32
768,70	1673,19
768,89	1642,47
769,08	1581,03
769,27	1589,22
769,45	1576,94
769,64	1718,25
769,83	1589,22
770,02	1609,70
770,21	1636,33
770,40	1576,94
770,59	1611,75
770,77	1578,98
770,96	1703,91
771,15	1583,08
771,34	1609,70
771,53	1718,25
771,72	1681,38
771,91	1591,27
772,09	1599,46
772,28	1562,60
772,47	1570,79
772,66	1640,42
772,85	1587,18
773,04	1609,70
773,22	1615,85
773,41	1669,09
773,60	1624,04
773,79	1562,60
773,98	1695,72
774,17	1718,25
774,35	1603,56
774,54	1660,90
774,73	1626,09
774,92	1607,66
775,11	1683,43
775,30	1826,79
775,48	1603,56
775,67	1566,70
775,86	1613,80
776,05	1667,05
776,24	1759,21
776,42	1691,62
776,61	1626,09
776,80	1648,61
776,99	1746,92
777,18	1679,33
777,36	1671,14
777,55	1675,24
777,74	1681,38
777,93	1626,09
778,12	1648,61
778,30	1724,39
778,49	1673,19
778,68	1736,68
778,87	1652,71
779,06	1589,22
779,24	1687,53
779,43	1646,57
779,62	1591,27
779,81	1669,09
779,99	1599,46
780,18	1597,42
780,37	1642,47
780,56	1673,19
780,75	1677,29
780,93	1701,86
781,12	1726,44
781,31	1751,01
781,50	1648,61
781,68	1673,19
781,87	1587,18
782,06	1621,99
782,25	1650,66
782,43	1617,90
782,62	1599,46
782,81	1644,52
783,00	1658,85
783,18	1624,04
783,37	1656,81
783,56	1615,85
783,75	1644,52
783,93	1665,00
784,12	1667,05
784,31	1634,28
784,50	1697,77
784,68	1613,80
784,87	1638,38
785,06	1624,04
785,24	1703,91
785,43	1597,42
785,62	1585,13
785,81	1578,98
785,99	1597,42
786,18	1531,88
786,37	1519,59
786,56	1445,87
786,74	1593,32
786,93	1619,94
787,12	1515,50
787,30	1538,02
787,49	1533,93
787,68	1533,93
787,87	1515,50
788,05	1562,60
788,24	1531,88
788,43	1562,60
788,61	1589,22
788,80	1546,22
788,99	1544,17
789,17	1542,12
789,36	1527,78
789,55	1538,02
789,73	1492,97
789,92	1562,60
790,11	1480,68
790,30	1533,93
790,48	1409,00
790,67	1501,16
790,86	1519,59
791,04	1509,35
791,23	1533,93
791,42	1464,30
791,60	1454,06
791,79	1521,64
791,98	1415,15
792,16	1437,67
792,35	1425,39
792,54	1409,00
792,72	1538,02
792,91	1505,26
793,10	1470,44
793,28	1443,82
793,47	1478,63
793,66	1488,87
793,84	1472,49
794,03	1435,63
794,22	1556,46
794,40	1566,70
794,59	1413,10
794,77	1392,62
794,96	1411,05
795,15	1488,87
795,33	1398,76
795,52	1497,07
795,71	1378,28
795,89	1445,87
796,08	1468,39
796,27	1505,26
796,45	1466,35
796,64	1423,34
796,82	1421,29
797,01	1421,29
797,20	1417,19
797,38	1406,95
797,57	1447,91
797,76	1390,57
797,94	1419,24
798,13	1431,53
798,31	1419,24
798,50	1398,76
798,69	1431,53
798,87	1378,28
799,06	1452,01
799,24	1392,62
799,43	1511,40
799,62	1417,19
799,80	1411,05
799,99	1499,11
800,17	1406,95
800,36	1470,44
800,55	1492,97
800,73	1411,05
800,92	1460,20
801,10	1441,77
801,29	1439,72
801,48	1470,44
801,66	1400,81
801,85	1339,37
802,03	1406,95
802,22	1396,71
802,40	1472,49
802,59	1390,57
802,78	1429,48
802,96	1447,91
803,15	1507,30
803,33	1462,25
803,52	1462,25
803,70	1314,80
803,89	1415,15
804,08	1396,71
804,26	1454,06
804,45	1447,91
804,63	1474,54
804,82	1501,16
805,00	1415,15
805,19	1372,14
805,37	1419,24
805,56	1452,01
805,74	1456,11
805,93	1376,24
806,12	1388,52
806,30	1490,92
806,49	1464,30
806,67	1443,82
806,86	1468,39
807,04	1464,30
807,23	1404,91
807,41	1376,24
807,60	1378,28
807,78	1345,52
807,97	1746,92
808,15	1443,82
808,34	1413,10
808,52	1439,72
808,71	1390,57
808,89	1441,77
809,08	1456,11
809,27	1404,91
809,45	1452,01
809,64	1445,87
809,82	1462,25
810,01	1443,82
810,19	1505,26
810,38	1339,37
810,56	1464,30
810,75	1415,15
810,93	1431,53
811,12	1363,95
811,30	1476,59
811,49	1417,19
811,67	1388,52
811,85	1429,48
812,04	1460,20
812,22	1462,25
812,41	1460,20
812,59	1396,71
812,78	1341,42
812,96	1378,28
813,15	1470,44
813,33	1441,77
813,52	1370,09
813,70	1452,01
813,89	1443,82
814,07	1538,02
814,26	1423,34
814,44	1406,95
814,63	1429,48
814,81	1449,96
815,00	1435,63
815,18	1470,44
815,36	1472,49
815,55	1423,34
815,73	1454,06
815,92	1468,39
816,10	1540,07
816,29	1546,22
816,47	1421,29
816,66	1409,00
816,84	1484,78
817,02	1452,01
817,21	1370,09
817,39	1497,07
817,58	1390,57
817,76	1406,95
817,95	1456,11
818,13	1398,76
818,32	1384,43
818,50	1507,30
818,68	1447,91
818,87	1480,68
819,05	1413,10
819,24	1529,83
819,42	1445,87
819,60	1443,82
819,79	1474,54
819,97	1464,30
820,16	1472,49
820,34	1439,72
820,53	1460,20
820,71	1413,10
820,89	1462,25
821,08	1460,20
821,26	1486,83
821,45	1376,24
821,63	1443,82
821,81	1558,50
822,00	1464,30
822,18	1433,58
822,37	1468,39
822,55	1507,30
822,73	1454,06
822,92	1517,54
823,10	1513,45
823,28	1464,30
823,47	1476,59
823,65	1452,01
823,84	1472,49
824,02	1576,94
824,20	1445,87
824,39	1542,12
824,57	1521,64
824,75	1566,70
824,94	1554,41
825,12	1538,02
825,31	1472,49
825,49	1564,65
825,67	1452,01
825,86	1540,07
826,04	1593,32
826,22	1568,74
826,41	1529,83
826,59	1529,83
826,77	1497,07
826,96	1560,55
827,14	1531,88
827,32	1484,78
827,51	1529,83
827,69	1591,27
827,87	1503,21
828,06	1587,18
828,24	1492,97
828,42	1519,59
828,61	1585,13
828,79	1611,75
828,97	1538,02
829,16	1505,26
829,34	1507,30
829,52	1568,74
829,71	1660,90
829,89	1562,60
830,07	1581,03
830,26	1531,88
830,44	1517,54
830,62	1652,71
830,81	1525,74
830,99	1644,52
831,17	1626,09
831,36	1525,74
831,54	1671,14
831,72	1538,02
831,91	1609,70
832,09	1484,78
832,27	1601,51
832,45	1660,90
832,64	1529,83
832,82	1669,09
833,00	1605,61
833,19	1589,22
833,37	1628,14
833,55	1554,41
833,73	1576,94
833,92	1650,66
834,10	1533,93
834,28	1576,94
834,47	1710,05
834,65	1578,98
834,83	1597,42
835,01	1689,57
835,20	1490,92
835,38	1636,33
835,56	1613,80
835,74	1583,08
835,93	1667,05
836,11	1658,85
836,29	1568,74
836,47	1671,14
836,66	1613,80
836,84	1607,66
837,02	1634,28
837,21	1683,43
837,39	1621,99
837,57	1667,05
837,75	1652,71
837,94	1572,84
838,12	1662,95
838,30	1574,89
838,48	1560,55
838,66	1667,05
838,85	1626,09
839,03	1640,42
839,21	1613,80
839,39	1648,61
839,58	1605,61
839,76	1669,09
839,94	1732,58
840,12	1601,51
840,31	1847,27
840,49	1589,22
840,67	1724,39
840,85	1632,23
841,03	1718,25
841,22	1658,85
841,40	1812,45
841,58	1687,53
841,76	1759,21
841,94	1695,72
842,13	1871,84
842,31	1699,81
842,49	1669,09
842,67	1662,95
842,85	1718,25
843,04	1748,97
843,22	1730,53
843,40	1660,90
843,58	1783,78
843,76	1724,39
843,95	1724,39
844,13	1736,68
844,31	1767,40
844,49	1763,30
844,67	1781,73
844,86	1658,85
845,04	1730,53
845,22	1683,43
845,40	1767,40
845,58	1816,55
845,76	1794,02
845,95	1656,81
846,13	1769,44
846,31	1791,97
846,49	1744,87
846,67	1763,30
846,85	1796,07
847,04	1841,12
847,22	1798,12
847,40	1732,58
847,58	1734,63
847,76	1791,97
847,94	1906,66
848,12	1816,55
848,31	1886,18
848,49	1781,73
848,67	1839,08
848,85	1775,59
849,03	1818,60
849,21	1818,60
849,39	1908,71
849,58	1871,84
849,76	1935,33
849,94	1871,84
850,12	1787,88
850,30	1802,21
850,48	1859,56
850,66	1794,02
850,84	1925,09
851,03	1851,36
851,21	1861,60
851,39	1812,45
851,57	1923,04
851,75	1810,40
851,93	1804,26
852,11	1820,64
852,29	1957,86
852,47	1939,43
852,66	1976,29
852,84	1763,30
853,02	1992,67
853,20	1894,37
853,38	1912,80
853,56	1806,31
853,74	1890,28
853,92	1841,12
854,10	1871,84
854,28	1834,98
854,46	1910,75
854,65	1890,28
854,83	1929,19
855,01	1896,42
855,19	1900,52
855,37	1935,33
855,55	2095,07
855,73	1908,71
855,91	1951,71
856,09	1933,28
856,27	2039,78
856,45	1894,37
856,63	1996,77
856,81	1861,60
857,00	1972,19
857,18	1855,46
857,36	1980,39
857,54	1937,38
857,72	2007,01
857,90	1898,47
858,08	1945,57
858,26	1812,45
858,44	2015,20
858,62	2017,25
858,80	1896,42
858,98	1974,24
859,16	1953,76
859,34	1906,66
859,52	2009,06
859,70	2013,15
859,88	1947,62
860,06	1894,37
860,24	1939,43
860,42	1812,45
860,60	1959,91
860,78	1822,69
860,96	1814,50
861,14	1847,27
861,32	1933,28
861,50	1933,28
861,69	2029,54
861,87	1890,28
862,05	2000,87
862,23	1787,88
862,41	1781,73
862,59	1855,46
862,77	1791,97
862,95	1886,18
863,13	1964,00
863,31	1800,16
863,49	1884,13
863,67	1822,69
863,85	1857,51
864,03	1869,80
864,21	1986,53
864,39	1822,69
864,57	2000,87
864,75	1839,08
864,92	2009,06
865,10	1902,56
865,28	1783,78
865,46	1857,51
865,64	1837,03
865,82	1832,93
866,00	1816,55
866,18	1726,44
866,36	1849,32
866,54	1875,94
866,72	1804,26
866,90	1847,27
867,08	1882,08
867,26	1742,82
867,44	1808,36
867,62	1775,59
867,80	1751,01
867,98	1869,80
868,16	1802,21
868,34	1783,78
868,52	1714,15
868,70	1816,55
868,88	1794,02
869,06	1761,25
869,24	1843,17
869,42	1685,48
869,59	1751,01
869,77	1855,46
869,95	1929,19
870,13	1789,92
870,31	1753,06
870,49	1759,21
870,67	1626,09
870,85	1662,95
871,03	1785,83
871,21	2086,88
871,39	1830,88
871,57	1683,43
871,75	1740,77
871,92	1738,73
872,10	1740,77
872,28	1634,28
872,46	1775,59
872,64	1677,29
872,82	1771,49
873,00	1658,85
873,18	1751,01
873,36	1701,86
873,54	1712,10
873,72	1558,50
873,89	1693,67
874,07	1687,53
874,25	1775,59
874,43	1722,34
874,61	1677,29
874,79	1722,34
874,97	1781,73
875,15	1734,63
875,33	1730,53
875,50	1748,97
875,68	1710,05
875,86	1837,03
876,04	1787,88
876,22	1619,94
876,40	1685,48
876,58	1701,86
876,76	1744,87
876,93	1703,91
877,11	1611,75
877,29	1718,25
877,47	1617,90
877,65	1775,59
877,83	1632,23
878,01	1665,00
878,18	1802,21
878,36	1628,14
878,54	1724,39
878,72	1626,09
878,90	1638,38
879,08	1722,34
879,25	1785,83
879,43	1644,52
879,61	1699,81
879,79	1646,57
879,97	1619,94
880,15	1781,73
880,32	1597,42
880,50	1753,06
880,68	1638,38
880,86	1710,05
881,04	1675,24
881,22	1742,82
881,39	1718,25
881,57	1800,16
881,75	1632,23
881,93	1595,37
882,11	1720,29
882,28	1626,09
882,46	1654,76
882,64	1605,61
882,82	1658,85
883,00	1656,81
883,18	1744,87
883,35	1738,73
883,53	1759,21
883,71	1691,62
883,89	1712,10
884,07	1628,14
884,24	1691,62
884,42	1585,13
884,60	1693,67
884,78	1685,48
884,95	1705,96
885,13	1603,56
885,31	1679,33
885,49	1628,14
885,67	1632,23
885,84	1658,85
886,02	1640,42
886,20	1585,13
886,38	1538,02
886,55	1535,98
886,73	1542,12
886,91	1564,65
887,09	1589,22
887,26	1626,09
887,44	1607,66
887,62	1654,76
887,80	1550,31
887,98	1535,98
888,15	1587,18
888,33	1587,18
888,51	1601,51
888,69	1697,77
888,86	1548,26
889,04	1597,42
889,22	1581,03
889,39	1644,52
889,57	1615,85
889,75	1593,32
889,93	1560,55
890,10	1560,55
890,28	1562,60
890,46	1490,92
890,64	1585,13
890,81	1464,30
890,99	1411,05
891,17	1570,79
891,34	1609,70
891,52	1509,35
891,70	1525,74
891,88	1501,16
892,05	1548,26
892,23	1468,39
892,41	1554,41
892,58	1456,11
892,76	1611,75
892,94	1460,20
893,12	1552,36
893,29	1566,70
893,47	1480,68
893,65	1439,72
893,82	1480,68
894,00	1505,26
894,18	1460,20
894,35	1382,38
894,53	1517,54
894,71	1472,49
894,89	1425,39
895,06	1429,48
895,24	1402,86
895,42	1396,71
895,59	1433,58
895,77	1400,81
895,95	1445,87
896,12	1468,39
896,30	1462,25
896,48	1423,34
896,65	1509,35
896,83	1476,59
897,01	1441,77
897,18	1550,31
897,36	1542,12
897,54	1470,44
897,71	1462,25
897,89	1515,50
898,07	1398,76
898,24	1400,81
898,42	1417,19
898,59	1517,54
898,77	1480,68
898,95	1384,43
899,12	1505,26
899,30	1456,11
899,48	1478,63
899,65	1488,87
899,83	1320,94
900,01	1349,61
900,18	1492,97
900,36	1452,01
900,53	1419,24
900,71	1445,87
900,89	1501,16
901,06	1447,91
901,24	1476,59
901,42	1480,68
901,59	1413,10
901,77	1542,12
901,94	1437,67
902,12	1435,63
902,30	1409,00
902,47	1372,14
902,65	1488,87
902,82	1431,53
903,00	1464,30
903,18	1523,69
903,35	1423,34
903,53	1419,24
903,70	1499,11
903,88	1488,87
904,06	1515,50
904,23	1495,02
904,41	1421,29
904,58	1368,04
904,76	1415,15
904,93	1421,29
905,11	1388,52
905,29	1470,44
905,46	1380,33
905,64	1482,73
905,81	1439,72
905,99	1409,00
906,16	1546,22
906,34	1417,19
906,52	1374,19
906,69	1392,62
906,87	1511,40
907,04	1386,47
907,22	1376,24
907,39	1490,92
907,57	1421,29
907,75	1488,87
907,92	1474,54
908,10	1550,31
908,27	1435,63
908,45	1396,71
908,62	1353,71
908,80	1429,48
908,97	1372,14
909,15	1431,53
909,32	1402,86
909,50	1427,43
909,67	1456,11
909,85	1388,52
910,03	1327,08
910,20	1423,34
910,38	1423,34
910,55	1421,29
910,73	1540,07
910,90	1402,86
911,08	1558,50
911,25	1437,67
911,43	1490,92
911,60	1413,10
911,78	1433,58
911,95	1370,09
912,13	1337,32
912,30	1380,33
912,48	1425,39
912,65	1443,82
912,83	1404,91
913,00	1298,41
913,18	1464,30
913,35	1406,95
913,53	1392,62
913,70	1470,44
913,88	1447,91
914,05	1501,16
914,23	1468,39
914,40	1443,82
914,58	1447,91
914,75	1398,76
914,93	1464,30
915,10	1445,87
915,27	1484,78
915,45	1472,49
915,62	1409,00
915,80	1525,74
915,97	1378,28
916,15	1419,24
916,32	1447,91
916,50	1439,72
916,67	1417,19
916,85	1531,88
917,02	1441,77
917,20	1439,72
917,37	1376,24
917,54	1488,87
917,72	1474,54
917,89	1433,58
918,07	1372,14
918,24	1454,06
918,42	1423,34
918,59	1423,34
918,77	1388,52
918,94	1447,91
919,11	1335,28
919,29	1400,81
919,46	1394,67
919,64	1464,30
919,81	1427,43
919,99	1415,15
920,16	1538,02
920,33	1521,64
920,51	1361,90
920,68	1531,88
920,86	1384,43
921,03	1452,01
921,20	1331,18
921,38	1535,98
921,55	1454,06
921,73	1384,43
921,90	1357,80
922,07	1468,39
922,25	1382,38
922,42	1423,34
922,60	1386,47
922,77	1513,45
922,94	1400,81
923,12	1351,66
923,29	1484,78
923,47	1370,09
923,64	1425,39
923,81	1497,07
923,99	1443,82
924,16	1429,48
924,34	1421,29
924,51	1515,50
924,68	1419,24
924,86	1452,01
925,03	1417,19
925,20	1495,02
925,38	1501,16
925,55	1472,49
925,72	1351,66
925,90	1345,52
926,07	1411,05
926,25	1466,35
926,42	1398,76
926,59	1427,43
926,77	1392,62
926,94	1425,39
927,11	1400,81
927,29	1454,06
927,46	1447,91
927,63	1501,16
927,81	1427,43
927,98	1443,82
928,15	1470,44
928,33	1533,93
928,50	1429,48
928,67	1454,06
928,85	1529,83
929,02	1447,91
929,19	1449,96
929,37	1396,71
929,54	1370,09
929,71	1529,83
929,89	1402,86
930,06	1464,30
930,23	1484,78
930,41	1441,77
930,58	1396,71
930,75	1402,86
930,92	1409,00
931,10	1361,90
931,27	1456,11
931,44	1578,98
931,62	1431,53
931,79	1488,87
931,96	1437,67
932,14	1458,15
932,31	1415,15
932,48	1386,47
932,65	1429,48
932,83	1570,79
933,00	1409,00
933,17	1513,45
933,35	1443,82
933,52	1464,30
933,69	1476,59
933,86	1519,59
934,04	1480,68
934,21	1355,76
934,38	1402,86
934,55	1439,72
934,73	1486,83
934,90	1458,15
935,07	1374,19
935,25	1458,15
935,42	1417,19
935,59	1458,15
935,76	1413,10
935,94	1388,52
936,11	1409,00
936,28	1460,20
936,45	1460,20
936,63	1417,19
936,80	1353,71
936,97	1372,14
937,14	1394,67
937,31	1443,82
937,49	1503,21
937,66	1425,39
937,83	1497,07
938,00	1429,48
938,18	1499,11
938,35	1447,91
938,52	1415,15
938,69	1406,95
938,87	1406,95
939,04	1388,52
939,21	1353,71
939,38	1382,38
939,55	1351,66
939,73	1419,24
939,90	1425,39
940,07	1415,15
940,24	1404,91
940,41	1384,43
940,59	1476,59
940,76	1470,44
940,93	1417,19
941,10	1431,53
941,27	1370,09
941,45	1470,44
941,62	1445,87
941,79	1380,33
941,96	1427,43
942,13	1505,26
942,31	1468,39
942,48	1482,73
942,65	1460,20
942,82	1396,71
942,99	1460,20
943,16	1409,00
943,34	1398,76
943,51	1433,58
943,68	1441,77
943,85	1392,62
944,02	1396,71
944,19	1359,85
944,37	1445,87
944,54	1449,96
944,71	1507,30
944,88	1523,69
945,05	1376,24
945,22	1497,07
945,40	1505,26
945,57	1427,43
945,74	1460,20
945,91	1400,81
946,08	1406,95
946,25	1497,07
946,42	1443,82
946,60	1472,49
946,77	1499,11
946,94	1523,69
947,11	1435,63
947,28	1464,30
947,45	1417,19
947,62	1378,28
947,79	1415,15
947,97	1470,44
948,14	1501,16
948,31	1443,82
948,48	1380,33
948,65	1404,91
948,82	1359,85
948,99	1380,33
949,16	1406,95
949,33	1435,63
949,51	1447,91
949,68	1400,81
949,85	1484,78
950,02	1433,58
950,19	1415,15
950,36	1427,43
950,53	1398,76
950,70	1433,58
950,87	1372,14
951,04	1458,15
951,22	1490,92
951,39	1535,98
951,56	1484,78
951,73	1482,73
951,90	1456,11
952,07	1409,00
952,24	1472,49
952,41	1404,91
952,58	1390,57
952,75	1382,38
952,92	1376,24
953,09	1376,24
953,26	1435,63
953,43	1431,53
953,61	1556,46
953,78	1335,28
953,95	1417,19
954,12	1546,22
954,29	1382,38
954,46	1486,83
954,63	1452,01
954,80	1542,12
954,97	1439,72
955,14	1406,95
955,31	1419,24
955,48	1388,52
955,65	1368,04
955,82	1394,67
955,99	1474,54
956,16	1427,43
956,33	1460,20
956,50	1366,00
956,67	1423,34
956,84	1372,14
957,01	1374,19
957,18	1380,33
957,35	1452,01
957,52	1501,16
957,69	1417,19
957,86	1417,19
958,03	1456,11
958,20	1437,67
958,37	1316,84
958,54	1495,02
958,71	1423,34
958,88	1562,60
959,05	1435,63
959,22	1452,01
959,39	1486,83
959,56	1482,73
959,73	1402,86
959,90	1488,87
960,07	1486,83
960,24	1476,59
960,41	1466,35
960,58	1484,78
960,75	1492,97
960,92	1562,60
961,09	1415,15
961,26	1492,97
961,43	1433,58
961,60	1394,67
961,77	1476,59
961,94	1456,11
962,11	1419,24
962,28	1552,36
962,45	1452,01
962,62	1406,95
962,79	1398,76
962,96	1449,96
963,13	1452,01
963,30	1468,39
963,47	1411,05
963,64	1460,20
963,81	1519,59
963,98	1458,15
964,14	1460,20
964,31	1474,54
964,48	1421,29
964,65	1456,11
964,82	1404,91
964,99	1411,05
965,16	1400,81
965,33	1478,63
965,50	1456,11
965,67	1439,72
965,84	1427,43
966,01	1454,06
966,18	1409,00
966,35	1374,19
966,51	1419,24
966,68	1464,30
966,85	1421,29
967,02	1419,24
967,19	1396,71
967,36	1406,95
967,53	1378,28
967,70	1511,40
967,87	1452,01
968,04	1396,71
968,21	1480,68
968,37	1546,22
968,54	1421,29
968,71	1376,24
968,88	1456,11
969,05	1480,68
969,22	1468,39
969,39	1484,78
969,56	1435,63
969,72	1437,67
969,89	1499,11
970,06	1433,58
970,23	1425,39
970,40	1546,22
970,57	1325,04
970,74	1556,46
970,91	1411,05
971,07	1404,91
971,24	1447,91
971,41	1521,64
971,58	1413,10
971,75	1413,10
971,92	1378,28
972,09	1443,82
972,25	1452,01
972,42	1558,50
972,59	1425,39
972,76	1447,91
972,93	1452,01
973,10	1415,15
973,27	1464,30
973,43	1429,48
973,60	1445,87
973,77	1398,76
973,94	1435,63
974,11	1445,87
974,28	1421,29
974,44	1466,35
974,61	1531,88
974,78	1454,06
974,95	1425,39
975,12	1482,73
975,28	1464,30
975,45	1361,90
975,62	1402,86
975,79	1331,18
975,96	1472,49
976,12	1419,24
976,29	1423,34
976,46	1435,63
976,63	1433,58
976,80	1325,04
976,96	1335,28
977,13	1472,49
977,30	1462,25
977,47	1370,09
977,64	1486,83
977,80	1357,80
977,97	1384,43
978,14	1484,78
978,31	1394,67
978,48	1439,72
978,64	1476,59
978,81	1398,76
978,98	1380,33
979,15	1472,49
979,31	1413,10
979,48	1384,43
979,65	1425,39
979,82	1411,05
979,98	1374,19
980,15	1390,57
980,32	1490,92
980,49	1409,00
980,66	1349,61
980,82	1357,80
980,99	1486,83
981,16	1370,09
981,33	1435,63
981,49	1480,68
981,66	1439,72
981,83	1435,63
981,99	1441,77
982,16	1294,32
982,33	1415,15
982,50	1388,52
982,66	1458,15
982,83	1431,53
983,00	1425,39
983,17	1355,76
983,33	1433,58
983,50	1445,87
983,67	1388,52
983,83	1404,91
984,00	1372,14
984,17	1521,64
984,34	1433,58
984,50	1394,67
984,67	1413,10
984,84	1413,10
985,00	1466,35
985,17	1411,05
985,34	1482,73
985,51	1366,00
985,67	1421,29
985,84	1400,81
986,01	1300,46
986,17	1503,21
986,34	1390,57
986,51	1376,24
986,67	1372,14
986,84	1380,33
987,01	1363,95
987,17	1361,90
987,34	1404,91
987,51	1372,14
987,67	1456,11
987,84	1380,33
988,01	1488,87
988,17	1351,66
988,34	1466,35
988,51	1341,42
988,67	1406,95
988,84	1357,80
989,01	1329,13
989,17	1511,40
989,34	1400,81
989,51	1460,20
989,67	1429,48
989,84	1400,81
990,01	1435,63
990,17	1384,43
990,34	1460,20
990,51	1478,63
990,67	1452,01
990,84	1427,43
991,01	1388,52
991,17	1415,15
991,34	1396,71
991,50	1443,82
991,67	1411,05
991,84	1394,67
992,00	1411,05
992,17	1372,14
992,34	1474,54
992,50	1497,07
992,67	1363,95
992,83	1413,10
993,00	1325,04
993,17	1447,91
993,33	1456,11
993,50	1421,29
993,66	1470,44
993,83	1458,15
994,00	1402,86
994,16	1386,47
994,33	1406,95
994,49	1456,11
994,66	1486,83
994,83	1411,05
994,99	1404,91
995,16	1419,24
995,32	1435,63
995,49	1497,07
995,66	1439,72
995,82	1304,56
995,99	1359,85
996,15	1417,19
996,32	1372,14
996,48	1464,30
996,65	1433,58
996,82	1421,29
996,98	1378,28
997,15	1386,47
997,31	1468,39
997,48	1433,58
997,64	1380,33
997,81	1474,54
997,97	1398,76
998,14	1396,71
998,31	1349,61
998,47	1341,42
998,64	1447,91
998,80	1437,67
998,97	1488,87
999,13	1470,44
999,30	1411,05
999,46	1366,00
999,63	1423,34
999,79	1394,67
999,96	1419,24
1000,12	1421,29
1000,29	1417,19
1000,45	1417,19
1000,62	1337,32
1000,79	1423,34
1000,95	1398,76
1001,12	1406,95
1001,28	1398,76
1001,45	1413,10
1001,61	1425,39
1001,78	1406,95
1001,94	1406,95
1002,11	1458,15
1002,27	1443,82
1002,44	1406,95
1002,60	1382,38
1002,77	1513,45
1002,93	1468,39
1003,10	1439,72
1003,26	1413,10
1003,43	1554,41
1003,59	1384,43
1003,76	1406,95
1003,92	1445,87
1004,09	1456,11
1004,25	1370,09
1004,41	1431,53
1004,58	1384,43
1004,74	1443,82
1004,91	1435,63
1005,07	1419,24
1005,24	1452,01
1005,40	1462,25
1005,57	1445,87
1005,73	1445,87
1005,90	1374,19
1006,06	1454,06
1006,23	1439,72
1006,39	1325,04
1006,55	1429,48
1006,72	1409,00
1006,88	1316,84
1007,05	1437,67
1007,21	1402,86
1007,38	1394,67
1007,54	1411,05
1007,71	1439,72
1007,87	1411,05
1008,03	1423,34
1008,20	1402,86
1008,36	1419,24
1008,53	1353,71
1008,69	1378,28
1008,86	1458,15
1009,02	1421,29
1009,18	1427,43
1009,35	1458,15
1009,51	1406,95
1009,68	1492,97
1009,84	1495,02
1010,01	1492,97
1010,17	1398,76
1010,33	1466,35
1010,50	1435,63
1010,66	1456,11
1010,83	1372,14
1010,99	1374,19
1011,15	1413,10
1011,32	1374,19
1011,48	1396,71
1011,65	1390,57
1011,81	1462,25
1011,97	1384,43
1012,14	1472,49
1012,30	1376,24
1012,46	1456,11
1012,63	1384,43
1012,79	1380,33
1012,96	1394,67
1013,12	1361,90
1013,28	1437,67
1013,45	1445,87
1013,61	1329,13
1013,77	1452,01
1013,94	1474,54
1014,10	1366,00
1014,26	1443,82
1014,43	1480,68
1014,59	1417,19
1014,76	1437,67
1014,92	1523,69
1015,08	1351,66
1015,25	1476,59
1015,41	1388,52
1015,57	1402,86
1015,74	1441,77
1015,90	1333,23
1016,06	1349,61
1016,23	1458,15
1016,39	1370,09
1016,55	1413,10
1016,72	1480,68
1016,88	1406,95
1017,04	1327,08
1017,21	1413,10
1017,37	1382,38
1017,53	1456,11
1017,70	1417,19
1017,86	1376,24
1018,02	1452,01
1018,19	1380,33
1018,35	1427,43
1018,51	1443,82
1018,67	1384,43
1018,84	1386,47
1019,00	1402,86
1019,16	1447,91
1019,33	1361,90
1019,49	1454,06
1019,65	1447,91
1019,82	1368,04
1019,98	1398,76
1020,14	1392,62
1020,30	1490,92
1020,47	1421,29
1020,63	1497,07
1020,79	1425,39
1020,96	1402,86
1021,12	1488,87
1021,28	1454,06
1021,44	1380,33
1021,61	1460,20
1021,77	1415,15
1021,93	1312,75
1022,09	1404,91
1022,26	1495,02
1022,42	1355,76
1022,58	1372,14
1022,74	1449,96
1022,91	1398,76
1023,07	1402,86
1023,23	1349,61
1023,39	1472,49
1023,56	1384,43
1023,72	1433,58
1023,88	1341,42
1024,04	1435,63
1024,21	1341,42
1024,37	1361,90
1024,53	1470,44
1024,69	1349,61
1024,86	1413,10
1025,02	1435,63
1025,18	1361,90
1025,34	1370,09
1025,50	1466,35
1025,67	1427,43
1025,83	1447,91
1025,99	1396,71
1026,15	1445,87
1026,32	1409,00
1026,48	1441,77
1026,64	1452,01
1026,80	1501,16
1026,96	1570,79
1027,13	1449,96
1027,29	1501,16
1027,45	1423,34
1027,61	1349,61
1027,77	1513,45
1027,94	1460,20
1028,10	1468,39
1028,26	1427,43
1028,42	1437,67
1028,58	1447,91
1028,75	1357,80
1028,91	1454,06
1029,07	1396,71
1029,23	1411,05
1029,39	1388,52
1029,55	1476,59
1029,72	1427,43
1029,88	1382,38
1030,04	1396,71
1030,20	1368,04
1030,36	1372,14
1030,52	1478,63
1030,69	1454,06
1030,85	1419,24
1031,01	1386,47
1031,17	1411,05
1031,33	1404,91
1031,49	1464,30
1031,65	1392,62
1031,82	1435,63
1031,98	1433,58
1032,14	1445,87
1032,30	1386,47
1032,46	1423,34
1032,62	1472,49
1032,78	1419,24
1032,95	1472,49
1033,11	1398,76
1033,27	1421,29
1033,43	1404,91
1033,59	1380,33
1033,75	1402,86
1033,91	1449,96
1034,07	1480,68
1034,24	1439,72
1034,40	1366,00
1034,56	1402,86
1034,72	1468,39
1034,88	1388,52
1035,04	1423,34
1035,20	1443,82
1035,36	1335,28
1035,52	1366,00
1035,68	1376,24
1035,85	1370,09
1036,01	1423,34
1036,17	1501,16
1036,33	1374,19
1036,49	1445,87
1036,65	1376,24
1036,81	1452,01
1036,97	1425,39
1037,13	1458,15
1037,29	1433,58
1037,45	1513,45
1037,61	1398,76
1037,78	1386,47
1037,94	1363,95
1038,10	1454,06
1038,26	1355,76
1038,42	1376,24
1038,58	1441,77
1038,74	1355,76
1038,90	1458,15
1039,06	1376,24
1039,22	1411,05
1039,38	1349,61
1039,54	1443,82
1039,70	1462,25
1039,86	1454,06
1040,02	1394,67
1040,18	1402,86
1040,34	1421,29
1040,50	1523,69
1040,66	1460,20
1040,83	1402,86
1040,99	1413,10
1041,15	1535,98
1041,31	1423,34
1041,47	1347,56
1041,63	1413,10
1041,79	1466,35
1041,95	1363,95
1042,11	1355,76
1042,27	1413,10
1042,43	1445,87
1042,59	1470,44
1042,75	1372,14
1042,91	1409,00
