344,25	1181,68
344,46	1181,68
344,68	1181,68
344,90	1310,70
345,12	1249,26
345,34	1349,61
345,55	1447,91
345,77	1462,25
345,99	1370,09
346,21	1497,07
346,42	1437,67
346,64	1359,85
346,86	1366,00
347,08	1316,84
347,30	1384,43
347,51	1464,30
347,73	1376,24
347,95	1445,87
348,17	1406,95
348,38	1441,77
348,60	1421,29
348,82	1376,24
349,04	1392,62
349,25	1460,20
349,47	1447,91
349,69	1427,43
349,91	1435,63
350,13	1456,11
350,34	1394,67
350,56	1335,28
350,78	1441,77
351,00	1464,30
351,21	1435,63
351,43	1439,72
351,65	1435,63
351,87	1394,67
352,08	1388,52
352,30	1478,63
352,52	1347,56
352,74	1386,47
352,95	1425,39
353,17	1429,48
353,39	1380,33
353,61	1468,39
353,82	1429,48
354,04	1392,62
354,26	1447,91
354,47	1454,06
354,69	1439,72
354,91	1339,37
355,13	1472,49
355,34	1458,15
355,56	1411,05
355,78	1411,05
356,00	1435,63
356,21	1343,47
356,43	1449,96
356,65	1472,49
356,86	1382,38
357,08	1429,48
357,30	1460,20
357,52	1445,87
357,73	1531,88
357,95	1433,58
358,17	1390,57
358,38	1435,63
358,60	1384,43
358,82	1441,77
359,04	1445,87
359,25	1568,74
359,47	1462,25
359,69	1425,39
359,90	1329,13
360,12	1527,78
360,34	1413,10
360,56	1445,87
360,77	1466,35
360,99	1486,83
361,21	1517,54
361,42	1359,85
361,64	1419,24
361,86	1417,19
362,07	1474,54
362,29	1445,87
362,51	1466,35
362,73	1474,54
362,94	1429,48
363,16	1466,35
363,38	1388,52
363,59	1492,97
363,81	1378,28
364,03	1454,06
364,24	1490,92
364,46	1415,15
364,68	1478,63
364,89	1345,52
365,11	1499,11
365,33	1415,15
365,54	1458,15
365,76	1452,01
365,98	1417,19
366,19	1456,11
366,41	1609,70
366,63	1452,01
366,84	1439,72
367,06	1447,91
367,28	1460,20
367,49	1509,35
367,71	1421,29
367,93	1427,43
368,14	1425,39
368,36	1503,21
368,58	1366,00
368,79	1427,43
369,01	1423,34
369,23	1478,63
369,44	1423,34
369,66	1490,92
369,88	1445,87
370,09	1370,09
370,31	1445,87
370,53	1490,92
370,74	1466,35
370,96	1402,86
371,18	1482,73
371,39	1447,91
371,61	1470,44
371,82	1458,15
372,04	1423,34
372,26	1404,91
372,47	1472,49
372,69	1425,39
372,91	1544,17
373,12	1394,67
373,34	1511,40
373,56	1345,52
373,77	1406,95
373,99	1472,49
374,20	1443,82
374,42	1439,72
374,64	1490,92
374,85	1458,15
375,07	1495,02
375,29	1462,25
375,50	1464,30
375,72	1382,38
375,93	1423,34
376,15	1409,00
376,37	1499,11
376,58	1425,39
376,80	1486,83
377,01	1402,86
377,23	1515,50
377,45	1452,01
377,66	1445,87
377,88	1482,73
378,10	1425,39
378,31	1460,20
378,53	1505,26
378,74	1484,78
378,96	1521,64
379,18	1478,63
379,39	1400,81
379,61	1423,34
379,82	1398,76
380,04	1501,16
380,26	1468,39
380,47	1372,14
380,69	1501,16
380,90	1505,26
381,12	1347,56
381,33	1447,91
381,55	1495,02
381,77	1409,00
381,98	1460,20
382,20	1429,48
382,41	1413,10
382,63	1466,35
382,85	1427,43
383,06	1435,63
383,28	1472,49
383,49	1419,24
383,71	1429,48
383,92	1400,81
384,14	1394,67
384,36	1345,52
384,57	1501,16
384,79	1310,70
385,00	1449,96
385,22	1396,71
385,43	1482,73
385,65	1388,52
385,87	1357,80
386,08	1343,47
386,30	1445,87
386,51	1404,91
386,73	1470,44
386,94	1406,95
387,16	1464,30
387,37	1437,67
387,59	1384,43
387,81	1454,06
388,02	1447,91
388,24	1472,49
388,45	1388,52
388,67	1441,77
388,88	1443,82
389,10	1415,15
389,31	1472,49
389,53	1472,49
389,75	1435,63
389,96	1384,43
390,18	1406,95
390,39	1343,47
390,61	1511,40
390,82	1366,00
391,04	1376,24
391,25	1355,76
391,47	1472,49
391,68	1398,76
391,90	1501,16
392,11	1454,06
392,33	1400,81
392,54	1460,20
392,76	1406,95
392,97	1384,43
393,19	1507,30
393,41	1439,72
393,62	1462,25
393,84	1456,11
394,05	1538,02
394,27	1415,15
394,48	1390,57
394,70	1456,11
394,91	1482,73
395,13	1464,30
395,34	1439,72
395,56	1439,72
395,77	1409,00
395,99	1476,59
396,20	1466,35
396,42	1398,76
396,63	1384,43
396,85	1509,35
397,06	1464,30
397,28	1384,43
397,49	1476,59
397,71	1478,63
397,92	1439,72
398,14	1472,49
398,35	1581,03
398,57	1427,43
398,78	1581,03
399,00	1468,39
399,21	1388,52
399,43	1495,02
399,64	1492,97
399,86	1394,67
400,07	1492,97
400,29	1429,48
400,50	1445,87
400,72	1452,01
400,93	1449,96
401,14	1406,95
401,36	1415,15
401,57	1409,00
401,79	1474,54
402,00	1478,63
402,22	1439,72
402,43	1449,96
402,65	1452,01
402,86	1435,63
403,08	1509,35
403,29	1488,87
403,51	1425,39
403,72	1519,59
403,94	1390,57
404,15	1456,11
404,36	1378,28
404,58	1650,66
404,79	1466,35
405,01	1456,11
405,22	1423,34
405,44	1394,67
405,65	1468,39
405,87	1441,77
406,08	1490,92
406,30	1376,24
406,51	1484,78
406,72	1447,91
406,94	1400,81
407,15	1423,34
407,37	1452,01
407,58	1462,25
407,80	1402,86
408,01	1456,11
408,23	1421,29
408,44	1443,82
408,65	1435,63
408,87	1441,77
409,08	1390,57
409,30	1476,59
409,51	1427,43
409,73	1435,63
409,94	1413,10
410,15	1509,35
410,37	1515,50
410,58	1460,20
410,80	1458,15
411,01	1409,00
411,23	1421,29
411,44	1439,72
411,65	1544,17
411,87	1406,95
412,08	1460,20
412,30	1540,07
412,51	1449,96
412,72	1433,58
412,94	1505,26
413,15	1431,53
413,37	1488,87
413,58	1396,71
413,79	1409,00
414,01	1398,76
414,22	1517,54
414,44	1437,67
414,65	1474,54
414,86	1447,91
415,08	1374,19
415,29	1419,24
415,51	1331,18
415,72	1454,06
415,93	1439,72
416,15	1468,39
416,36	1458,15
416,58	1452,01
416,79	1433,58
417,00	1454,06
417,22	1456,11
417,43	1402,86
417,65	1466,35
417,86	1495,02
418,07	1507,30
418,29	1392,62
418,50	1490,92
418,71	1456,11
418,93	1492,97
419,14	1384,43
419,36	1466,35
419,57	1415,15
419,78	1441,77
420,00	1396,71
420,21	1435,63
420,42	1325,04
420,64	1519,59
420,85	1452,01
421,06	1464,30
421,28	1509,35
421,49	1413,10
421,71	1443,82
421,92	1523,69
422,13	1484,78
422,35	1548,26
422,56	1437,67
422,77	1464,30
422,99	1462,25
423,20	1388,52
423,41	1421,29
423,63	1488,87
423,84	1460,20
424,05	1460,20
424,27	1411,05
424,48	1429,48
424,69	1431,53
424,91	1734,63
425,12	1361,90
425,33	1486,83
425,55	1468,39
425,76	1402,86
425,97	1445,87
426,19	1413,10
426,40	1443,82
426,61	1468,39
426,83	1509,35
427,04	1523,69
427,25	1435,63
427,47	1470,44
427,68	1509,35
427,89	1482,73
428,11	1427,43
428,32	1478,63
428,53	1404,91
428,75	1417,19
428,96	1474,54
429,17	1429,48
429,39	1380,33
429,60	1503,21
429,81	1492,97
430,03	1421,29
430,24	1456,11
430,45	1464,30
430,67	1515,50
430,88	1363,95
431,09	1370,09
431,30	1458,15
431,52	1452,01
431,73	1413,10
431,94	1525,74
432,16	1509,35
432,37	1384,43
432,58	1480,68
432,80	1456,11
433,01	1431,53
433,22	1454,06
433,43	1484,78
433,65	1474,54
433,86	1466,35
434,07	1396,71
434,29	1486,83
434,50	1404,91
434,71	1464,30
434,92	1441,77
435,14	1511,40
435,35	1409,00
435,56	1380,33
435,77	1468,39
435,99	1435,63
436,20	1427,43
436,41	1361,90
436,63	1392,62
436,84	1470,44
437,05	1400,81
437,26	1470,44
437,48	1505,26
437,69	1501,16
437,90	1384,43
438,11	1384,43
438,33	1452,01
438,54	1540,07
438,75	1449,96
438,96	1431,53
439,18	1380,33
439,39	1474,54
439,60	1460,20
439,82	1327,08
440,03	1447,91
440,24	1529,83
440,45	1384,43
440,67	1398,76
440,88	1466,35
441,09	1433,58
441,30	1482,73
441,51	1501,16
441,73	1447,91
441,94	1413,10
442,15	1497,07
442,36	1533,93
442,58	1454,06
442,79	1464,30
443,00	1544,17
443,21	1476,59
443,43	1411,05
443,64	1402,86
443,85	1470,44
444,06	1456,11
444,28	1452,01
444,49	1484,78
444,70	1404,91
444,91	1488,87
445,12	1509,35
445,34	1384,43
445,55	1456,11
445,76	1523,69
445,97	1458,15
446,18	1439,72
446,40	1480,68
446,61	1449,96
446,82	1470,44
447,03	1593,32
447,25	1419,24
447,46	1458,15
447,67	1484,78
447,88	1402,86
448,09	1370,09
448,31	1425,39
448,52	1441,77
448,73	1560,55
448,94	1390,57
449,15	1417,19
449,37	1409,00
449,58	1368,04
449,79	1449,96
450,00	1499,11
450,21	1433,58
450,43	1458,15
450,64	1452,01
450,85	1429,48
451,06	1521,64
451,27	1488,87
451,48	1505,26
451,70	1433,58
451,91	1417,19
452,12	1449,96
452,33	1488,87
452,54	1431,53
452,76	1464,30
452,97	1492,97
453,18	1402,86
453,39	1439,72
453,60	1497,07
453,81	1474,54
454,03	1519,59
454,24	1452,01
454,45	1406,95
454,66	1443,82
454,87	1495,02
455,08	1488,87
455,30	1454,06
455,51	1517,54
455,72	1452,01
455,93	1456,11
456,14	1488,87
456,35	1488,87
456,56	1441,77
456,78	1566,70
456,99	1466,35
457,20	1447,91
457,41	1525,74
457,62	1472,49
457,83	1419,24
458,04	1460,20
458,26	1435,63
458,47	1439,72
458,68	1441,77
458,89	1464,30
459,10	1445,87
459,31	1433,58
459,52	1501,16
459,74	1460,20
459,95	1562,60
460,16	1437,67
460,37	1464,30
460,58	1482,73
460,79	1513,45
461,00	1535,98
461,21	1425,39
461,43	1452,01
461,64	1382,38
461,85	1456,11
462,06	1468,39
462,27	1398,76
462,48	1484,78
462,69	1538,02
462,90	1431,53
463,12	1460,20
463,33	1535,98
463,54	1445,87
463,75	1501,16
463,96	1464,30
464,17	1495,02
464,38	1359,85
464,59	1472,49
464,80	1390,57
465,01	1325,04
465,23	1523,69
465,44	1454,06
465,65	1482,73
465,86	1454,06
466,07	1419,24
466,28	1452,01
466,49	1521,64
466,70	1488,87
466,91	1431,53
467,12	1439,72
467,33	1480,68
467,55	1472,49
467,76	1449,96
467,97	1421,29
468,18	1503,21
468,39	1390,57
468,60	1517,54
468,81	1468,39
469,02	1488,87
469,23	1484,78
469,44	1460,20
469,65	1460,20
469,86	1384,43
470,07	1419,24
470,29	1593,32
470,50	1466,35
470,71	1503,21
470,92	1533,93
471,13	1466,35
471,34	1568,74
471,55	1423,34
471,76	1431,53
471,97	1443,82
472,18	1409,00
472,39	1390,57
472,60	1456,11
472,81	1482,73
473,02	1433,58
473,23	1546,22
473,44	1464,30
473,65	1402,86
473,87	1464,30
474,08	1454,06
474,29	1431,53
474,50	1482,73
474,71	1488,87
474,92	1619,94
475,13	1527,78
475,34	1490,92
475,55	1374,19
475,76	1445,87
475,97	1503,21
476,18	1398,76
476,39	1531,88
476,60	1499,11
476,81	1484,78
477,02	1413,10
477,23	1452,01
477,44	1495,02
477,65	1433,58
477,86	1433,58
478,07	1507,30
478,28	1527,78
478,49	1535,98
478,70	1517,54
478,91	1419,24
479,12	1458,15
479,33	1341,42
479,54	1535,98
479,75	1515,50
479,96	1533,93
480,17	1519,59
480,38	1454,06
480,59	1413,10
480,80	1503,21
481,01	1503,21
481,22	1429,48
481,43	1435,63
481,64	1521,64
481,85	1353,71
482,06	1490,92
482,27	1439,72
482,48	1447,91
482,69	1517,54
482,90	1460,20
483,11	1445,87
483,32	1456,11
483,53	1458,15
483,74	1505,26
483,95	1484,78
484,16	1359,85
484,37	1452,01
484,58	1523,69
484,79	1570,79
485,00	1406,95
485,21	1345,52
485,42	1490,92
485,63	1503,21
485,84	1423,34
486,05	1388,52
486,26	1458,15
486,47	1527,78
486,68	1538,02
486,89	1482,73
487,10	1449,96
487,31	1521,64
487,52	1441,77
487,73	1617,90
487,94	1404,91
488,15	1482,73
488,36	1519,59
488,57	1437,67
488,77	1470,44
488,98	1591,27
489,19	1406,95
489,40	1439,72
489,61	1439,72
489,82	1460,20
490,03	1509,35
490,24	1437,67
490,45	1525,74
490,66	1505,26
490,87	1480,68
491,08	1382,38
491,29	1443,82
491,50	1322,99
491,71	1476,59
491,92	1452,01
492,13	1492,97
492,33	1384,43
492,54	1507,30
492,75	1472,49
492,96	1441,77
493,17	1562,60
493,38	1492,97
493,59	1376,24
493,80	1542,12
494,01	1458,15
494,22	1431,53
494,43	1552,36
494,64	1499,11
494,85	1499,11
495,05	1433,58
495,26	1513,45
495,47	1499,11
495,68	1495,02
495,89	1529,83
496,10	1445,87
496,31	1535,98
496,52	1441,77
496,73	1533,93
496,94	1492,97
497,15	1554,41
497,35	1478,63
497,56	1462,25
497,77	1435,63
497,98	1503,21
498,19	1497,07
498,40	1513,45
498,61	1488,87
498,82	1402,86
499,03	1497,07
499,23	1435,63
499,44	1562,60
499,65	1615,85
499,86	1492,97
500,07	1472,49
500,28	1421,29
500,49	1468,39
500,70	1521,64
500,91	1480,68
501,11	1429,48
501,32	1456,11
501,53	1484,78
501,74	1525,74
501,95	1390,57
502,16	1603,56
502,37	1433,58
502,57	1505,26
502,78	1499,11
502,99	1449,96
503,20	1472,49
503,41	1484,78
503,62	1495,02
503,83	1511,40
504,03	1460,20
504,24	1429,48
504,45	1513,45
504,66	1380,33
504,87	1535,98
505,08	1529,83
505,29	1433,58
505,49	1404,91
505,70	1466,35
505,91	1513,45
506,12	1425,39
506,33	1503,21
506,54	1531,88
506,75	1486,83
506,95	1527,78
507,16	1515,50
507,37	1488,87
507,58	1376,24
507,79	1581,03
508,00	1517,54
508,20	1363,95
508,41	1447,91
508,62	1490,92
508,83	1445,87
509,04	1417,19
509,24	1574,89
509,45	1800,16
509,66	1495,02
509,87	1513,45
510,08	1435,63
510,29	1505,26
510,49	1513,45
510,70	1411,05
510,91	1497,07
511,12	1480,68
511,33	1439,72
511,53	1521,64
511,74	1505,26
511,95	1376,24
512,16	1490,92
512,37	1525,74
512,57	1411,05
512,78	1376,24
512,99	1417,19
513,20	1527,78
513,41	1507,30
513,61	1423,34
513,82	1421,29
514,03	1411,05
514,24	1476,59
514,45	1495,02
514,65	1456,11
514,86	1419,24
515,07	1511,40
515,28	1386,47
515,49	1462,25
515,69	1554,41
515,90	1497,07
516,11	1474,54
516,32	1529,83
516,52	1464,30
516,73	1443,82
516,94	1474,54
517,15	1441,77
517,36	1406,95
517,56	1470,44
517,77	1449,96
517,98	1495,02
518,19	1439,72
518,39	1519,59
518,60	1468,39
518,81	1603,56
519,02	1396,71
519,22	1492,97
519,43	1492,97
519,64	1476,59
519,85	1394,67
520,05	1495,02
520,26	1458,15
520,47	1540,07
520,68	1468,39
520,88	1501,16
521,09	1538,02
521,30	1486,83
521,51	1425,39
521,71	1476,59
521,92	1470,44
522,13	1538,02
522,34	1546,22
522,54	1386,47
522,75	1406,95
522,96	1486,83
523,17	1495,02
523,37	1480,68
523,58	1488,87
523,79	1495,02
523,99	1531,88
524,20	1503,21
524,41	1452,01
524,62	1519,59
524,82	1546,22
525,03	1456,11
525,24	1499,11
525,45	1533,93
525,65	1449,96
525,86	1609,70
526,07	1476,59
526,27	1501,16
526,48	1476,59
526,69	1544,17
526,90	1421,29
527,10	1513,45
527,31	1490,92
527,52	1437,67
527,72	1560,55
527,93	1478,63
528,14	1476,59
528,34	1439,72
528,55	1400,81
528,76	1576,94
528,97	1495,02
529,17	1511,40
529,38	1433,58
529,59	1503,21
529,79	1511,40
530,00	1533,93
530,21	1574,89
530,41	1427,43
530,62	1492,97
530,83	1540,07
531,03	1519,59
531,24	1505,26
531,45	1458,15
531,65	1501,16
531,86	1497,07
532,07	1540,07
532,27	1480,68
532,48	1490,92
532,69	1458,15
532,89	1560,55
533,10	1480,68
533,31	1384,43
533,51	1472,49
533,72	1544,17
533,93	1509,35
534,13	1445,87
534,34	1452,01
534,55	1538,02
534,75	1378,28
534,96	1597,42
535,17	1511,40
535,37	1484,78
535,58	1474,54
535,79	1533,93
535,99	1460,20
536,20	1458,15
536,41	1505,26
536,61	1470,44
536,82	1466,35
537,03	1497,07
537,23	1497,07
537,44	1460,20
537,64	1402,86
537,85	1454,06
538,06	1507,30
538,26	1521,64
538,47	1554,41
538,68	1447,91
538,88	1411,05
539,09	1533,93
539,30	1480,68
539,50	1497,07
539,71	1562,60
539,91	1523,69
540,12	1552,36
540,33	1482,73
540,53	1501,16
540,74	1501,16
540,94	1488,87
541,15	1478,63
541,36	1482,73
541,56	1499,11
541,77	1515,50
541,98	1419,24
542,18	1482,73
542,39	1511,40
542,59	1415,15
542,80	1490,92
543,01	1392,62
543,21	1460,20
543,42	1542,12
543,62	1497,07
543,83	1564,65
544,04	1437,67
544,24	1542,12
544,45	1476,59
544,65	1525,74
544,86	1484,78
545,06	1548,26
545,27	1515,50
545,48	1431,53
545,68	1544,17
545,89	1431,53
546,09	1495,02
546,30	1425,39
546,51	1542,12
546,71	1505,26
546,92	1564,65
547,12	1413,10
547,33	1456,11
547,53	1402,86
547,74	1495,02
547,95	1441,77
548,15	1470,44
548,36	1556,46
548,56	1486,83
548,77	1497,07
548,97	1456,11
549,18	1447,91
549,39	1535,98
549,59	1462,25
549,80	1472,49
550,00	1415,15
550,21	1581,03
550,41	1429,48
550,62	1560,55
550,82	1427,43
551,03	1452,01
551,23	1454,06
551,44	1521,64
551,65	1435,63
551,85	1466,35
552,06	1456,11
552,26	1505,26
552,47	1456,11
552,67	1429,48
552,88	1468,39
553,08	1411,05
553,29	1525,74
553,49	1435,63
553,70	1419,24
553,90	1478,63
554,11	1513,45
554,32	1521,64
554,52	1484,78
554,73	1439,72
554,93	1409,00
555,14	1497,07
555,34	1497,07
555,55	1570,79
555,75	1460,20
555,96	1476,59
556,16	1443,82
556,37	1529,83
556,57	1441,77
556,78	1433,58
556,98	1572,84
557,19	1621,99
557,39	1443,82
557,60	1486,83
557,80	1433,58
558,01	1484,78
558,21	1427,43
558,42	1495,02
558,62	1484,78
558,83	1558,50
559,03	1384,43
559,24	1476,59
559,44	1525,74
559,65	1558,50
559,85	1515,50
560,06	1454,06
560,26	1486,83
560,47	1542,12
560,67	1523,69
560,88	1456,11
561,08	1570,79
561,29	1466,35
561,49	1445,87
561,70	1415,15
561,90	1550,31
562,10	1490,92
562,31	1452,01
562,51	1492,97
562,72	1441,77
562,92	1507,30
563,13	1583,08
563,33	1560,55
563,54	1505,26
563,74	1628,14
563,95	1435,63
564,15	1552,36
564,36	1574,89
564,56	1464,30
564,76	1540,07
564,97	1415,15
565,17	1396,71
565,38	1619,94
565,58	1492,97
565,79	1480,68
565,99	1454,06
566,20	1513,45
566,40	1533,93
566,60	1619,94
566,81	1495,02
567,01	1570,79
567,22	1423,34
567,42	1572,84
567,63	1411,05
567,83	1527,78
568,04	1505,26
568,24	1538,02
568,44	1609,70
568,65	1519,59
568,85	1521,64
569,06	1439,72
569,26	1462,25
569,47	1515,50
569,67	1429,48
569,87	1544,17
570,08	1490,92
570,28	1445,87
570,49	1439,72
570,69	1488,87
570,89	1540,07
571,10	1497,07
571,30	1507,30
571,51	1525,74
571,71	1484,78
571,91	1558,50
572,12	1513,45
572,32	1409,00
572,53	1521,64
572,73	1566,70
572,93	1540,07
573,14	1492,97
573,34	1538,02
573,55	1544,17
573,75	1443,82
573,95	1482,73
574,16	1423,34
574,36	1443,82
574,57	1472,49
574,77	1476,59
574,97	1521,64
575,18	1538,02
575,38	1439,72
575,59	1501,16
575,79	1531,88
575,99	1513,45
576,20	1533,93
576,40	1535,98
576,60	1583,08
576,81	1499,11
577,01	1583,08
577,22	1474,54
577,42	1449,96
577,62	1458,15
577,83	1505,26
578,03	1587,18
578,23	1554,41
578,44	1472,49
578,64	1521,64
578,84	1497,07
579,05	1472,49
579,25	1554,41
579,45	1468,39
579,66	1449,96
579,86	1468,39
580,07	1490,92
580,27	1484,78
580,47	1501,16
580,68	1452,01
580,88	1419,24
581,08	1447,91
581,29	1447,91
581,49	1492,97
581,69	1529,83
581,90	1484,78
582,10	1490,92
582,30	1460,20
582,51	1515,50
582,71	1384,43
582,91	1406,95
583,12	1443,82
583,32	1429,48
583,52	1439,72
583,73	1470,44
583,93	1382,38
584,13	1492,97
584,34	1488,87
584,54	1503,21
584,74	1456,11
584,94	1492,97
585,15	1533,93
585,35	1501,16
585,55	1552,36
585,76	1554,41
585,96	1476,59
586,16	1628,14
586,37	1439,72
586,57	1470,44
586,77	1394,67
586,98	1468,39
587,18	1531,88
587,38	1509,35
587,58	1513,45
587,79	1552,36
587,99	1521,64
588,19	1484,78
588,40	1382,38
588,60	1495,02
588,80	1392,62
589,00	1497,07
589,21	1511,40
589,41	1470,44
589,61	1417,19
589,82	1550,31
590,02	1497,07
590,22	1546,22
590,42	1492,97
590,63	1550,31
590,83	1437,67
591,03	1484,78
591,23	1495,02
591,44	1445,87
591,64	1521,64
591,84	1468,39
592,05	1519,59
592,25	1570,79
592,45	1517,54
592,65	1480,68
592,86	1499,11
593,06	1527,78
593,26	1517,54
593,46	1538,02
593,67	1443,82
593,87	1515,50
594,07	1409,00
594,27	1486,83
594,48	1445,87
594,68	1535,98
594,88	1521,64
595,08	1470,44
595,29	1507,30
595,49	1472,49
595,69	1566,70
595,89	1484,78
596,10	1552,36
596,30	1505,26
596,50	1531,88
596,70	1484,78
596,90	1540,07
597,11	1447,91
597,31	1413,10
597,51	1466,35
597,71	1478,63
597,92	1558,50
598,12	1513,45
598,32	1578,98
598,52	1542,12
598,72	1556,46
598,93	1544,17
599,13	1540,07
599,33	1427,43
599,53	1607,66
599,74	1544,17
599,94	1574,89
600,14	1495,02
600,34	1517,54
600,54	1535,98
600,75	1480,68
600,95	1468,39
601,15	1447,91
601,35	1562,60
601,55	1482,73
601,76	1400,81
601,96	1492,97
602,16	1454,06
602,36	1628,14
602,56	1478,63
602,76	1519,59
602,97	1435,63
603,17	1503,21
603,37	1564,65
603,57	1449,96
603,77	1499,11
603,98	1568,74
604,18	1533,93
604,38	1519,59
604,58	1441,77
604,78	1550,31
604,98	1523,69
605,19	1540,07
605,39	1554,41
605,59	1562,60
605,79	1540,07
605,99	1558,50
606,19	1531,88
606,40	1499,11
606,60	1484,78
606,80	1478,63
607,00	1417,19
607,20	1499,11
607,40	1472,49
607,61	1517,54
607,81	1521,64
608,01	1535,98
608,21	1511,40
608,41	1533,93
608,61	1529,83
608,81	1415,15
609,02	1419,24
609,22	1492,97
609,42	1533,93
609,62	1497,07
609,82	1570,79
610,02	1486,83
610,22	1464,30
610,43	1515,50
610,63	1458,15
610,83	1466,35
611,03	1519,59
611,23	1521,64
611,43	1574,89
611,63	1562,60
611,83	1447,91
612,04	1540,07
612,24	1488,87
612,44	1513,45
612,64	1417,19
612,84	1386,47
613,04	1486,83
613,24	1585,13
613,44	1458,15
613,64	1564,65
613,85	1468,39
614,05	1540,07
614,25	1505,26
614,45	1531,88
614,65	1542,12
614,85	1447,91
615,05	1513,45
615,25	1572,84
615,45	1433,58
615,65	1521,64
615,86	1480,68
616,06	1474,54
616,26	1517,54
616,46	1581,03
616,66	1443,82
616,86	1540,07
617,06	1431,53
617,26	1484,78
617,46	1505,26
617,66	1533,93
617,86	1591,27
618,07	1503,21
618,27	1540,07
618,47	1468,39
618,67	1552,36
618,87	1505,26
619,07	1531,88
619,27	1640,42
619,47	1495,02
619,67	1572,84
619,87	1454,06
620,07	1535,98
620,27	1611,75
620,47	1550,31
620,67	1480,68
620,87	1458,15
621,07	1560,55
621,28	1611,75
621,48	1589,22
621,68	1589,22
621,88	1544,17
622,08	1535,98
622,28	1497,07
622,48	1564,65
622,68	1548,26
622,88	1599,46
623,08	1587,18
623,28	1628,14
623,48	1429,48
623,68	1525,74
623,88	1531,88
624,08	1644,52
624,28	1527,78
624,48	1478,63
624,68	1509,35
624,88	1486,83
625,08	1501,16
625,28	1570,79
625,48	1533,93
625,68	1546,22
625,88	1540,07
626,08	1527,78
626,28	1578,98
626,48	1513,45
626,68	1443,82
626,88	1587,18
627,08	1572,84
627,28	1581,03
627,48	1566,70
627,68	1585,13
627,88	1513,45
628,08	1529,83
628,28	1568,74
628,49	1562,60
628,68	1564,65
628,88	1550,31
629,08	1468,39
629,28	1677,29
629,48	1497,07
629,68	1556,46
629,88	1646,57
630,08	1613,80
630,28	1603,56
630,48	1601,51
630,68	1492,97
630,88	1542,12
631,08	1505,26
631,28	1542,12
631,48	1574,89
631,68	1505,26
631,88	1613,80
632,08	1542,12
632,28	1591,27
632,48	1613,80
632,68	1595,37
632,88	1662,95
633,08	1527,78
633,28	1556,46
633,48	1480,68
633,68	1558,50
633,88	1628,14
634,08	1630,18
634,28	1474,54
634,48	1605,61
634,68	1558,50
634,88	1556,46
635,08	1605,61
635,28	1525,74
635,48	1488,87
635,68	1492,97
635,87	1556,46
636,07	1632,23
636,27	1495,02
636,47	1613,80
636,67	1529,83
636,87	1533,93
637,07	1533,93
637,27	1540,07
637,47	1593,32
637,67	1581,03
637,87	1566,70
638,07	1710,05
638,27	1499,11
638,47	1507,30
638,67	1492,97
638,86	1591,27
639,06	1515,50
639,26	1542,12
639,46	1570,79
639,66	1593,32
639,86	1572,84
640,06	1558,50
640,26	1615,85
640,46	1570,79
640,66	1513,45
640,86	1621,99
641,06	1476,59
641,25	1630,18
641,45	1634,28
641,65	1574,89
641,85	1576,94
642,05	1562,60
642,25	1556,46
642,45	1609,70
642,65	1603,56
642,85	1472,49
643,05	1456,11
643,24	1578,98
643,44	1533,93
643,64	1538,02
643,84	1540,07
644,04	1486,83
644,24	1529,83
644,44	1509,35
644,64	1517,54
644,84	1562,60
645,03	1566,70
645,23	1619,94
645,43	1501,16
645,63	1597,42
645,83	1519,59
646,03	1529,83
646,23	1538,02
646,42	1769,44
646,62	1542,12
646,82	1650,66
647,02	1527,78
647,22	1562,60
647,42	1513,45
647,62	1626,09
647,82	1507,30
648,01	1757,16
648,21	1484,78
648,41	1683,43
648,61	1710,05
648,81	1681,38
649,01	1552,36
649,20	1521,64
649,40	1611,75
649,60	1599,46
649,80	1552,36
650,00	1529,83
650,20	1581,03
650,40	1597,42
650,59	1497,07
650,79	1595,37
650,99	1632,23
651,19	1556,46
651,39	1497,07
651,58	1603,56
651,78	1638,38
651,98	1570,79
652,18	1630,18
652,38	1578,98
652,58	1462,25
652,77	1597,42
652,97	1597,42
653,17	1595,37
653,37	1626,09
653,57	1583,08
653,77	1574,89
653,96	1601,51
654,16	1560,55
654,36	1546,22
654,56	1650,66
654,76	1521,64
654,95	1531,88
655,15	1636,33
655,35	1609,70
655,55	1533,93
655,75	1568,74
655,94	1621,99
656,14	1499,11
656,34	1574,89
656,54	1601,51
656,73	1650,66
656,93	1593,32
657,13	1603,56
657,33	1529,83
657,53	1593,32
657,72	1662,95
657,92	1544,17
658,12	1576,94
658,32	1605,61
658,52	1503,21
658,71	1560,55
658,91	1517,54
659,11	1654,76
659,31	1581,03
659,50	1613,80
659,70	1517,54
659,90	1685,48
660,10	1583,08
660,29	1587,18
660,49	1542,12
660,69	1669,09
660,89	1640,42
661,08	1652,71
661,28	1562,60
661,48	1587,18
661,68	1531,88
661,87	1538,02
662,07	1578,98
662,27	1644,52
662,47	1611,75
662,66	1640,42
662,86	1605,61
663,06	1595,37
663,26	1468,39
663,45	1556,46
663,65	1552,36
663,85	1574,89
664,05	1679,33
664,24	1611,75
664,44	1529,83
664,64	1658,85
664,84	1564,65
665,03	1636,33
665,23	1554,41
665,43	1611,75
665,62	1540,07
665,82	1603,56
666,02	1656,81
666,22	1617,90
666,41	1660,90
666,61	1615,85
666,81	1687,53
667,00	1540,07
667,20	1572,84
667,40	1699,81
667,60	1515,50
667,79	1642,47
667,99	1605,61
668,19	1628,14
668,38	1578,98
668,58	1578,98
668,78	1607,66
668,97	1640,42
669,17	1591,27
669,37	1665,00
669,57	1535,98
669,76	1581,03
669,96	1671,14
670,16	1603,56
670,35	1564,65
670,55	1583,08
670,75	1576,94
670,94	1558,50
671,14	1650,66
671,34	1654,76
671,53	1570,79
671,73	1447,91
671,93	1574,89
672,12	1593,32
672,32	1570,79
672,52	1593,32
672,71	1546,22
672,91	1583,08
673,11	1568,74
673,30	1634,28
673,50	1566,70
673,70	1550,31
673,89	1601,51
674,09	1509,35
674,29	1538,02
674,48	1593,32
674,68	1538,02
674,88	1652,71
675,07	1570,79
675,27	1583,08
675,46	1523,69
675,66	1523,69
675,86	1572,84
676,05	1617,90
676,25	1542,12
676,45	1544,17
676,64	1642,47
676,84	1677,29
677,04	1589,22
677,23	1632,23
677,43	1525,74
677,62	1523,69
677,82	1554,41
678,02	1587,18
678,21	1611,75
678,41	1531,88
678,61	1497,07
678,80	1585,13
679,00	1552,36
679,19	1650,66
679,39	1656,81
679,59	1644,52
679,78	1486,83
679,98	1552,36
680,17	1562,60
680,37	1507,30
680,57	1519,59
680,76	1658,85
680,96	1621,99
681,16	1519,59
681,35	1517,54
681,55	1572,84
681,74	1535,98
681,94	1554,41
682,13	1538,02
682,33	1578,98
682,53	1593,32
682,72	1572,84
682,92	1566,70
683,11	1607,66
683,31	1626,09
683,51	1568,74
683,70	1517,54
683,90	1642,47
684,09	1603,56
684,29	1568,74
684,48	1505,26
684,68	1581,03
684,88	1685,48
685,07	1656,81
685,27	1566,70
685,46	1574,89
685,66	1578,98
685,85	1570,79
686,05	1638,38
686,25	1568,74
686,44	1669,09
686,64	1621,99
686,83	1517,54
687,03	1613,80
687,22	1587,18
687,42	1613,80
687,61	1617,90
687,81	1558,50
688,01	1638,38
688,20	1533,93
688,40	1447,91
688,59	1617,90
688,79	1675,24
688,98	1683,43
689,18	1609,70
689,37	1656,81
689,57	1513,45
689,76	1609,70
689,96	1587,18
690,15	1593,32
690,35	1599,46
690,54	1568,74
690,74	1609,70
690,94	1634,28
691,13	1634,28
691,33	1578,98
691,52	1607,66
691,72	1691,62
691,91	1675,24
692,11	1578,98
692,30	1587,18
692,50	1566,70
692,69	1665,00
692,89	1578,98
693,08	1587,18
693,28	1560,55
693,47	1576,94
693,67	1644,52
693,86	1550,31
694,06	1607,66
694,25	1570,79
694,45	1720,29
694,64	1585,13
694,84	1542,12
695,03	1642,47
695,23	1593,32
695,42	1599,46
695,62	1593,32
695,81	1636,33
696,01	1630,18
696,20	1484,78
696,40	1619,94
696,59	1581,03
696,78	1609,70
696,98	1589,22
697,17	1595,37
697,37	1576,94
697,56	1558,50
697,76	1566,70
697,95	1693,67
698,15	1548,26
698,34	1652,71
698,54	1585,13
698,73	1630,18
698,93	1535,98
699,12	1531,88
699,32	1540,07
699,51	1599,46
699,70	1470,44
699,90	1613,80
700,09	1533,93
700,29	1511,40
700,48	1601,51
700,68	1488,87
700,87	1462,25
701,07	1566,70
701,26	1538,02
701,45	1495,02
701,65	1486,83
701,84	1533,93
702,04	1394,67
702,23	1521,64
702,43	1449,96
702,62	1470,44
702,81	1482,73
703,01	1564,65
703,20	1505,26
703,40	1476,59
703,59	1529,83
703,79	1468,39
703,98	1472,49
704,17	1462,25
704,37	1464,30
704,56	1486,83
704,76	1376,24
704,95	1394,67
705,14	1370,09
705,34	1490,92
705,53	1439,72
705,73	1349,61
705,92	1501,16
706,11	1484,78
706,31	1425,39
706,50	1556,46
706,70	1507,30
706,89	1460,20
707,08	1476,59
707,28	1538,02
707,47	1435,63
707,67	1431,53
707,86	1413,10
708,05	1482,73
708,25	1366,00
708,44	1384,43
708,64	1521,64
708,83	1443,82
709,02	1384,43
709,22	1445,87
709,41	1335,28
709,60	1488,87
709,80	1478,63
709,99	1456,11
710,19	1386,47
710,38	1437,67
710,57	1312,75
710,77	1476,59
710,96	1454,06
711,15	1396,71
711,35	1445,87
711,54	1456,11
711,73	1398,76
711,93	1312,75
712,12	1468,39
712,31	1468,39
712,51	1439,72
712,70	1386,47
712,89	1390,57
713,09	1427,43
713,28	1423,34
713,48	1529,83
713,67	1454,06
713,86	1406,95
714,06	1427,43
714,25	1429,48
714,44	1411,05
714,64	1464,30
714,83	1374,19
715,02	1415,15
715,22	1392,62
715,41	1486,83
715,60	1394,67
715,79	1388,52
715,99	1406,95
716,18	1501,16
716,37	1378,28
716,57	1374,19
716,76	1554,41
716,95	1501,16
717,15	1374,19
717,34	1382,38
717,53	1343,47
717,73	1441,77
717,92	1499,11
718,11	1525,74
718,31	1378,28
718,50	1454,06
718,69	1368,04
718,88	1503,21
719,08	1380,33
719,27	1331,18
719,46	1452,01
719,66	1396,71
719,85	1415,15
720,04	1454,06
720,23	1435,63
720,43	1398,76
720,62	1345,52
720,81	1376,24
721,01	1478,63
721,20	1458,15
721,39	1415,15
721,58	1378,28
721,78	1482,73
721,97	1452,01
722,16	1382,38
722,35	1497,07
722,55	1320,94
722,74	1413,10
722,93	1400,81
723,13	1445,87
723,32	1363,95
723,51	1320,94
723,70	1499,11
723,90	1415,15
724,09	1409,00
724,28	1449,96
724,47	1460,20
724,67	1427,43
724,86	1478,63
725,05	1329,13
725,24	1431,53
725,44	1462,25
725,63	1411,05
725,82	1357,80
726,01	1388,52
726,21	1464,30
726,40	1396,71
726,59	1458,15
726,78	1378,28
726,97	1398,76
727,17	1421,29
727,36	1478,63
727,55	1398,76
727,74	1404,91
727,94	1400,81
728,13	1466,35
728,32	1425,39
728,51	1384,43
728,70	1398,76
728,90	1402,86
729,09	1447,91
729,28	1456,11
729,47	1390,57
729,66	1437,67
729,86	1484,78
730,05	1427,43
730,24	1435,63
730,43	1501,16
730,63	1392,62
730,82	1449,96
731,01	1382,38
731,20	1466,35
731,39	1404,91
731,58	1366,00
731,78	1439,72
731,97	1374,19
732,16	1415,15
732,35	1488,87
732,54	1505,26
732,74	1513,45
732,93	1382,38
733,12	1357,80
733,31	1419,24
733,50	1337,32
733,69	1406,95
733,89	1413,10
734,08	1445,87
734,27	1404,91
734,46	1425,39
734,65	1380,33
734,84	1488,87
735,04	1400,81
735,23	1427,43
735,42	1427,43
735,61	1357,80
735,80	1464,30
735,99	1411,05
736,19	1470,44
736,38	1339,37
736,57	1495,02
736,76	1357,80
736,95	1460,20
737,14	1456,11
737,33	1419,24
737,53	1515,50
737,72	1454,06
737,91	1476,59
738,10	1490,92
738,29	1370,09
738,48	1433,58
738,67	1400,81
738,87	1435,63
739,06	1443,82
739,25	1548,26
739,44	1480,68
739,63	1460,20
739,82	1380,33
740,01	1361,90
740,20	1402,86
740,40	1445,87
740,59	1417,19
740,78	1441,77
740,97	1474,54
741,16	1390,57
741,35	1431,53
741,54	1470,44
741,73	1433,58
741,92	1394,67
742,12	1402,86
742,31	1366,00
742,50	1525,74
742,69	1452,01
742,88	1406,95
743,07	1380,33
743,26	1406,95
743,45	1431,53
743,64	1501,16
743,83	1462,25
744,02	1464,30
744,22	1411,05
744,41	1492,97
744,60	1425,39
744,79	1439,72
744,98	1460,20
745,17	1345,52
745,36	1378,28
745,55	1476,59
745,74	1372,14
745,93	1445,87
746,12	1454,06
746,31	1380,33
746,50	1415,15
746,70	1359,85
746,89	1437,67
747,08	1478,63
747,27	1384,43
747,46	1388,52
747,65	1431,53
747,84	1484,78
748,03	1402,86
748,22	1456,11
748,41	1480,68
748,60	1533,93
748,79	1443,82
748,98	1386,47
749,17	1409,00
749,36	1419,24
749,55	1427,43
749,74	1437,67
749,93	1439,72
750,12	1492,97
750,31	1431,53
750,50	1486,83
750,70	1505,26
750,89	1556,46
751,08	1515,50
751,27	1404,91
751,46	1443,82
751,65	1449,96
751,84	1439,72
752,03	1468,39
752,22	1531,88
752,41	1433,58
752,60	1429,48
752,79	1423,34
752,98	1378,28
753,17	1480,68
753,36	1501,16
753,55	1472,49
753,74	1456,11
753,93	1550,31
754,12	1581,03
754,31	1509,35
754,50	1472,49
754,69	1499,11
754,88	1466,35
755,07	1423,34
755,26	1441,77
755,45	1472,49
755,64	1488,87
755,83	1488,87
756,02	1460,20
756,21	1517,54
756,40	1476,59
756,59	1400,81
756,78	1456,11
756,97	1495,02
757,16	1478,63
757,35	1386,47
757,54	1386,47
757,72	1503,21
757,91	1431,53
758,10	1413,10
758,29	1409,00
758,48	1529,83
758,67	1474,54
758,86	1470,44
759,05	1435,63
759,24	1505,26
759,43	1462,25
759,62	1505,26
759,81	1546,22
760,00	1552,36
760,19	1460,20
760,38	1515,50
760,57	1437,67
760,76	1527,78
760,95	1533,93
761,14	1447,91
761,33	1429,48
761,52	1488,87
761,70	1527,78
761,89	1554,41
762,08	1509,35
762,27	1538,02
762,46	1546,22
762,65	1564,65
762,84	1558,50
763,03	1484,78
763,22	1454,06
763,41	1560,55
763,60	1495,02
763,79	1542,12
763,98	1574,89
764,16	1566,70
764,35	1480,68
764,54	1542,12
764,73	1527,78
764,92	1595,37
765,11	1601,51
765,30	1570,79
765,49	1550,31
765,68	1597,42
765,87	1568,74
766,06	1587,18
766,24	1585,13
766,43	1546,22
766,62	1624,04
766,81	1568,74
767,00	1542,12
767,19	1546,22
767,38	1607,66
767,57	1552,36
767,76	1531,88
767,94	1658,85
768,13	1546,22
768,32	1660,90
768,51	1517,54
768,70	1558,50
768,89	1677,29
769,08	1544,17
769,27	1519,59
769,45	1628,14
769,64	1658,85
769,83	1505,26
770,02	1583,08
770,21	1599,46
770,40	1607,66
770,59	1613,80
770,77	1576,94
770,96	1683,43
771,15	1634,28
771,34	1589,22
771,53	1732,58
771,72	1617,90
771,91	1529,83
772,09	1632,23
772,28	1628,14
772,47	1621,99
772,66	1654,76
772,85	1587,18
773,04	1599,46
773,22	1648,61
773,41	1632,23
773,60	1566,70
773,79	1552,36
773,98	1597,42
774,17	1662,95
774,35	1646,57
774,54	1626,09
774,73	1644,52
774,92	1685,48
775,11	1681,38
775,30	1681,38
775,48	1621,99
775,67	1660,90
775,86	1568,74
776,05	1785,83
776,24	1595,37
776,42	1665,00
776,61	1669,09
776,80	1599,46
776,99	1574,89
777,18	1665,00
777,36	1607,66
777,55	1685,48
777,74	1734,63
777,93	1693,67
778,12	1605,61
778,30	1677,29
778,49	1624,04
778,68	1695,72
778,87	1720,29
779,06	1691,62
779,24	1708,01
779,43	1619,94
779,62	1673,19
779,81	1656,81
779,99	1576,94
780,18	1621,99
780,37	1767,40
780,56	1791,97
780,75	1718,25
780,93	1726,44
781,12	1675,24
781,31	1611,75
781,50	1656,81
781,68	1630,18
781,87	1640,42
782,06	1654,76
782,25	1564,65
782,43	1603,56
782,62	1607,66
782,81	1685,48
783,00	1617,90
783,18	1601,51
783,37	1521,64
783,56	1644,52
783,75	1662,95
783,93	1605,61
784,12	1583,08
784,31	1644,52
784,50	1648,61
784,68	1597,42
784,87	1529,83
785,06	1613,80
785,24	1687,53
785,43	1626,09
785,62	1681,38
785,81	1613,80
785,99	1533,93
786,18	1589,22
786,37	1523,69
786,56	1511,40
786,74	1505,26
786,93	1525,74
787,12	1521,64
787,30	1499,11
787,49	1546,22
787,68	1544,17
787,87	1556,46
788,05	1568,74
788,24	1501,16
788,43	1505,26
788,61	1673,19
788,80	1591,27
788,99	1445,87
789,17	1503,21
789,36	1429,48
789,55	1527,78
789,73	1517,54
789,92	1501,16
790,11	1501,16
790,30	1538,02
790,48	1472,49
790,67	1501,16
790,86	1468,39
791,04	1507,30
791,23	1513,45
791,42	1462,25
791,60	1470,44
791,79	1544,17
791,98	1406,95
792,16	1544,17
792,35	1484,78
792,54	1548,26
792,72	1523,69
792,91	1484,78
793,10	1474,54
793,28	1355,76
793,47	1497,07
793,66	1458,15
793,84	1486,83
794,03	1470,44
794,22	1558,50
794,40	1388,52
794,59	1435,63
794,77	1425,39
794,96	1421,29
795,15	1470,44
795,33	1456,11
795,52	1474,54
795,71	1411,05
795,89	1456,11
796,08	1433,58
796,27	1470,44
796,45	1409,00
796,64	1425,39
796,82	1433,58
797,01	1439,72
797,20	1472,49
797,38	1452,01
797,57	1456,11
797,76	1447,91
797,94	1533,93
798,13	1417,19
798,31	1476,59
798,50	1409,00
798,69	1464,30
798,87	1396,71
799,06	1423,34
799,24	1370,09
799,43	1488,87
799,62	1427,43
799,80	1427,43
799,99	1587,18
800,17	1488,87
800,36	1472,49
800,55	1439,72
800,73	1423,34
800,92	1402,86
801,10	1460,20
801,29	1431,53
801,48	1460,20
801,66	1437,67
801,85	1359,85
802,03	1345,52
802,22	1433,58
802,40	1388,52
802,59	1462,25
802,78	1411,05
802,96	1429,48
803,15	1542,12
803,33	1417,19
803,52	1501,16
803,70	1509,35
803,89	1458,15
804,08	1513,45
804,26	1439,72
804,45	1439,72
804,63	1406,95
804,82	1470,44
805,00	1427,43
805,19	1425,39
805,37	1374,19
805,56	1552,36
805,74	1370,09
805,93	1400,81
806,12	1406,95
806,30	1470,44
806,49	1437,67
806,67	1411,05
806,86	1404,91
807,04	1492,97
807,23	1370,09
807,41	1306,60
807,60	1484,78
807,78	1427,43
807,97	1777,64
808,15	1337,32
808,34	1460,20
808,52	1437,67
808,71	1466,35
808,89	1488,87
809,08	1472,49
809,27	1429,48
809,45	1482,73
809,64	1488,87
809,82	1443,82
810,01	1329,13
810,19	1460,20
810,38	1398,76
810,56	1376,24
810,75	1380,33
810,93	1490,92
811,12	1419,24
811,30	1425,39
811,49	1390,57
811,67	1400,81
811,85	1415,15
812,04	1396,71
812,22	1427,43
812,41	1423,34
812,59	1427,43
812,78	1495,02
812,96	1413,10
813,15	1423,34
813,33	1355,76
813,52	1402,86
813,70	1449,96
813,89	1484,78
814,07	1617,90
814,26	1363,95
814,44	1443,82
814,63	1425,39
814,81	1464,30
815,00	1454,06
815,18	1458,15
815,36	1353,71
815,55	1398,76
815,73	1370,09
815,92	1495,02
816,10	1531,88
816,29	1462,25
816,47	1492,97
816,66	1431,53
816,84	1527,78
817,02	1488,87
817,21	1411,05
817,39	1513,45
817,58	1413,10
817,76	1443,82
817,95	1476,59
818,13	1406,95
818,32	1449,96
818,50	1527,78
818,68	1427,43
818,87	1474,54
819,05	1431,53
819,24	1417,19
819,42	1507,30
819,60	1466,35
819,79	1409,00
819,97	1423,34
820,16	1466,35
820,34	1433,58
820,53	1411,05
820,71	1492,97
820,89	1529,83
821,08	1490,92
821,26	1495,02
821,45	1456,11
821,63	1427,43
821,81	1531,88
822,00	1433,58
822,18	1499,11
822,37	1468,39
822,55	1507,30
822,73	1441,77
822,92	1501,16
823,10	1390,57
823,28	1462,25
823,47	1527,78
823,65	1484,78
823,84	1456,11
824,02	1449,96
824,20	1540,07
824,39	1538,02
824,57	1593,32
824,75	1591,27
824,94	1482,73
825,12	1560,55
825,31	1460,20
825,49	1480,68
825,67	1519,59
825,86	1435,63
826,04	1558,50
826,22	1609,70
826,41	1652,71
826,59	1517,54
826,77	1527,78
826,96	1570,79
827,14	1542,12
827,32	1535,98
827,51	1505,26
827,69	1488,87
827,87	1460,20
828,06	1578,98
828,24	1484,78
828,42	1458,15
828,61	1585,13
828,79	1452,01
828,97	1570,79
829,16	1669,09
829,34	1605,61
829,52	1558,50
829,71	1626,09
829,89	1648,61
830,07	1640,42
830,26	1578,98
830,44	1558,50
830,62	1609,70
830,81	1564,65
830,99	1640,42
831,17	1513,45
831,36	1554,41
831,54	1621,99
831,72	1501,16
831,91	1538,02
832,09	1443,82
832,27	1558,50
832,45	1533,93
832,64	1650,66
832,82	1519,59
833,00	1603,56
833,19	1452,01
833,37	1593,32
833,55	1583,08
833,73	1517,54
833,92	1583,08
834,10	1640,42
834,28	1562,60
834,47	1589,22
834,65	1642,47
834,83	1578,98
835,01	1742,82
835,20	1601,51
835,38	1605,61
835,56	1619,94
835,74	1636,33
835,93	1642,47
836,11	1617,90
836,29	1568,74
836,47	1603,56
836,66	1650,66
836,84	1656,81
837,02	1634,28
837,21	1736,68
837,39	1583,08
837,57	1662,95
837,75	1613,80
837,94	1574,89
838,12	1591,27
838,30	1603,56
838,48	1662,95
838,66	1730,53
838,85	1691,62
839,03	1566,70
839,21	1599,46
839,39	1601,51
839,58	1687,53
839,76	1691,62
839,94	1703,91
840,12	1597,42
840,31	1773,54
840,49	1675,24
840,67	1785,83
840,85	1632,23
841,03	1767,40
841,22	1705,96
841,40	1789,92
841,58	1787,88
841,76	1689,57
841,94	1658,85
842,13	1789,92
842,31	1697,77
842,49	1689,57
842,67	1683,43
842,85	1722,34
843,04	1759,21
843,22	1742,82
843,40	1699,81
843,58	1810,40
843,76	1716,20
843,95	1826,79
844,13	1597,42
844,31	1699,81
844,49	1656,81
844,67	1683,43
844,86	1732,58
845,04	1779,68
845,22	1722,34
845,40	1759,21
845,58	1740,77
845,76	1781,73
845,95	1783,78
846,13	1808,36
846,31	1837,03
846,49	1785,83
846,67	1791,97
846,85	1832,93
847,04	1744,87
847,22	1703,91
847,40	1800,16
847,58	1806,31
847,76	1757,16
847,94	1783,78
848,12	1761,25
848,31	1902,56
848,49	1773,54
848,67	1865,70
848,85	1820,64
849,03	1837,03
849,21	1845,22
849,39	1898,47
849,58	1841,12
849,76	1892,32
849,94	1863,65
850,12	1816,55
850,30	1855,46
850,48	1974,24
850,66	1808,36
850,84	1974,24
851,03	1826,79
851,21	1832,93
851,39	1845,22
851,57	1964,00
851,75	1816,55
851,93	1865,70
852,11	1843,17
852,29	1974,24
852,47	1834,98
852,66	2011,11
852,84	1757,16
853,02	1859,56
853,20	1927,14
853,38	1964,00
853,56	1898,47
853,74	1910,75
853,92	1886,18
854,10	1882,08
854,28	1929,19
854,46	1877,99
854,65	1800,16
854,83	1880,04
855,01	1818,60
855,19	1947,62
855,37	1841,12
855,55	2054,11
855,73	1947,62
855,91	1957,86
856,09	1886,18
856,27	1998,82
856,45	1884,13
856,63	1910,75
856,81	1900,52
857,00	1994,72
857,18	1877,99
857,36	2002,91
857,54	1947,62
857,72	1894,37
857,90	1894,37
858,08	1908,71
858,26	1953,76
858,44	1978,34
858,62	1896,42
858,80	1845,22
858,98	2007,01
859,16	1984,48
859,34	1859,56
859,52	1939,43
859,70	1902,56
859,88	1980,39
860,06	1857,51
860,24	1890,28
860,42	1804,26
860,60	1974,24
860,78	1828,84
860,96	1906,66
861,14	1855,46
861,32	1955,81
861,50	1814,50
861,69	1949,67
861,87	1859,56
862,05	1937,38
862,23	1837,03
862,41	1906,66
862,59	1816,55
862,77	1976,29
862,95	1763,30
863,13	1886,18
863,31	1839,08
863,49	1884,13
863,67	1855,46
863,85	1824,74
864,03	1832,93
864,21	1968,10
864,39	1804,26
864,57	1957,86
864,75	1775,59
864,92	1959,91
865,10	1812,45
865,28	1804,26
865,46	1804,26
865,64	1779,68
865,82	1794,02
866,00	1775,59
866,18	1699,81
866,36	1882,08
866,54	1849,32
866,72	1837,03
866,90	1804,26
867,08	1814,50
867,26	1732,58
867,44	1785,83
867,62	1753,06
867,80	1767,40
867,98	1886,18
868,16	1902,56
868,34	1904,61
868,52	1789,92
868,70	1753,06
868,88	1820,64
869,06	1855,46
869,24	1820,64
869,42	1710,05
869,59	1753,06
869,77	1812,45
869,95	1769,44
870,13	1675,24
870,31	1753,06
870,49	1728,49
870,67	1703,91
870,85	1669,09
871,03	1830,88
871,21	2113,50
871,39	1759,21
871,57	1728,49
871,75	1769,44
871,92	1658,85
872,10	1691,62
872,28	1636,33
872,46	1691,62
872,64	1806,31
872,82	1669,09
873,00	1662,95
873,18	1716,20
873,36	1675,24
873,54	1767,40
873,72	1613,80
873,89	1673,19
874,07	1644,52
874,25	1884,13
874,43	1765,35
874,61	1708,01
874,79	1683,43
874,97	1751,01
875,15	1767,40
875,33	1673,19
875,50	1722,34
875,68	1599,46
875,86	1761,25
876,04	1787,88
876,22	1656,81
876,40	1697,77
876,58	1644,52
876,76	1619,94
876,93	1626,09
877,11	1597,42
877,29	1699,81
877,47	1812,45
877,65	1755,11
877,83	1724,39
878,01	1593,32
878,18	1667,05
878,36	1683,43
878,54	1634,28
878,72	1564,65
878,90	1697,77
879,08	1626,09
879,25	1798,12
879,43	1642,47
879,61	1755,11
879,79	1712,10
879,97	1667,05
880,15	1722,34
880,32	1652,71
880,50	1656,81
880,68	1675,24
880,86	1677,29
881,04	1841,12
881,22	1697,77
881,39	1695,72
881,57	1691,62
881,75	1660,90
881,93	1720,29
882,11	1685,48
882,28	1591,27
882,46	1728,49
882,64	1609,70
882,82	1759,21
883,00	1626,09
883,18	1728,49
883,35	1617,90
883,53	1755,11
883,71	1626,09
883,89	1712,10
884,07	1630,18
884,24	1634,28
884,42	1634,28
884,60	1585,13
884,78	1718,25
884,95	1673,19
885,13	1617,90
885,31	1538,02
885,49	1585,13
885,67	1558,50
885,84	1687,53
886,02	1578,98
886,20	1634,28
886,38	1634,28
886,55	1601,51
886,73	1578,98
886,91	1640,42
887,09	1603,56
887,26	1660,90
887,44	1673,19
887,62	1621,99
887,80	1574,89
887,98	1628,14
888,15	1581,03
888,33	1578,98
888,51	1587,18
888,69	1615,85
888,86	1558,50
889,04	1630,18
889,22	1560,55
889,39	1566,70
889,57	1644,52
889,75	1466,35
889,93	1546,22
890,10	1499,11
890,28	1615,85
890,46	1513,45
890,64	1531,88
890,81	1558,50
890,99	1572,84
891,17	1523,69
891,34	1615,85
891,52	1507,30
891,70	1527,78
891,88	1480,68
892,05	1517,54
892,23	1546,22
892,41	1613,80
892,58	1478,63
892,76	1578,98
892,94	1484,78
893,12	1626,09
893,29	1503,21
893,47	1550,31
893,65	1480,68
893,82	1445,87
894,00	1546,22
894,18	1486,83
894,35	1447,91
894,53	1572,84
894,71	1546,22
894,89	1460,20
895,06	1488,87
895,24	1470,44
895,42	1501,16
895,59	1441,77
895,77	1439,72
895,95	1556,46
896,12	1386,47
896,30	1472,49
896,48	1509,35
896,65	1523,69
896,83	1452,01
897,01	1497,07
897,18	1421,29
897,36	1523,69
897,54	1464,30
897,71	1429,48
897,89	1484,78
898,07	1497,07
898,24	1435,63
898,42	1433,58
898,59	1540,07
898,77	1421,29
898,95	1445,87
899,12	1460,20
899,30	1445,87
899,48	1486,83
899,65	1443,82
899,83	1398,76
900,01	1394,67
900,18	1476,59
900,36	1474,54
900,53	1443,82
900,71	1581,03
900,89	1474,54
901,06	1488,87
901,24	1449,96
901,42	1443,82
901,59	1466,35
901,77	1411,05
901,94	1417,19
902,12	1452,01
902,30	1392,62
902,47	1388,52
902,65	1384,43
902,82	1427,43
903,00	1388,52
903,18	1458,15
903,35	1417,19
903,53	1392,62
903,70	1509,35
903,88	1478,63
904,06	1490,92
904,23	1470,44
904,41	1380,33
904,58	1454,06
904,76	1435,63
904,93	1480,68
905,11	1351,66
905,29	1458,15
905,46	1415,15
905,64	1497,07
905,81	1423,34
905,99	1404,91
906,16	1540,07
906,34	1439,72
906,52	1480,68
906,69	1441,77
906,87	1476,59
907,04	1398,76
907,22	1419,24
907,39	1474,54
907,57	1366,00
907,75	1497,07
907,92	1341,42
908,10	1490,92
908,27	1519,59
908,45	1349,61
908,62	1441,77
908,80	1505,26
908,97	1488,87
909,15	1499,11
909,32	1363,95
909,50	1449,96
909,67	1433,58
909,85	1525,74
910,03	1366,00
910,20	1398,76
910,38	1468,39
910,55	1472,49
910,73	1431,53
910,90	1425,39
911,08	1535,98
911,25	1452,01
911,43	1474,54
911,60	1406,95
911,78	1482,73
911,95	1431,53
912,13	1382,38
912,30	1392,62
912,48	1458,15
912,65	1370,09
912,83	1413,10
913,00	1482,73
913,18	1527,78
913,35	1433,58
913,53	1394,67
913,70	1419,24
913,88	1425,39
914,05	1435,63
914,23	1353,71
914,40	1521,64
914,58	1421,29
914,75	1402,86
914,93	1431,53
915,10	1413,10
915,27	1452,01
915,45	1449,96
915,62	1462,25
915,80	1478,63
915,97	1406,95
916,15	1402,86
916,32	1482,73
916,50	1392,62
916,67	1390,57
916,85	1398,76
917,02	1429,48
917,20	1460,20
917,37	1382,38
917,54	1480,68
917,72	1449,96
917,89	1476,59
918,07	1458,15
918,24	1566,70
918,42	1447,91
918,59	1519,59
918,77	1423,34
918,94	1413,10
919,11	1388,52
919,29	1462,25
919,46	1476,59
919,64	1427,43
919,81	1376,24
919,99	1456,11
920,16	1509,35
920,33	1423,34
920,51	1394,67
920,68	1464,30
920,86	1409,00
921,03	1495,02
921,20	1415,15
921,38	1411,05
921,55	1452,01
921,73	1372,14
921,90	1458,15
922,07	1476,59
922,25	1380,33
922,42	1437,67
922,60	1454,06
922,77	1415,15
922,94	1404,91
923,12	1366,00
923,29	1497,07
923,47	1476,59
923,64	1443,82
923,81	1515,50
923,99	1366,00
924,16	1464,30
924,34	1304,56
924,51	1499,11
924,68	1513,45
924,86	1409,00
925,03	1437,67
925,20	1511,40
925,38	1386,47
925,55	1423,34
925,72	1361,90
925,90	1345,52
926,07	1454,06
926,25	1468,39
926,42	1384,43
926,59	1445,87
926,77	1470,44
926,94	1501,16
927,11	1400,81
927,29	1406,95
927,46	1419,24
927,63	1452,01
927,81	1398,76
927,98	1402,86
928,15	1482,73
928,33	1480,68
928,50	1488,87
928,67	1447,91
928,85	1486,83
929,02	1384,43
929,19	1449,96
929,37	1492,97
929,54	1423,34
929,71	1521,64
929,89	1372,14
930,06	1417,19
930,23	1456,11
930,41	1513,45
930,58	1351,66
930,75	1470,44
930,92	1474,54
931,10	1411,05
931,27	1421,29
931,44	1509,35
931,62	1359,85
931,79	1361,90
931,96	1447,91
932,14	1472,49
932,31	1443,82
932,48	1445,87
932,65	1376,24
932,83	1390,57
933,00	1372,14
933,17	1456,11
933,35	1540,07
933,52	1429,48
933,69	1433,58
933,86	1511,40
934,04	1402,86
934,21	1404,91
934,38	1492,97
934,55	1449,96
934,73	1433,58
934,90	1433,58
935,07	1423,34
935,25	1449,96
935,42	1464,30
935,59	1339,37
935,76	1409,00
935,94	1341,42
936,11	1435,63
936,28	1505,26
936,45	1435,63
936,63	1439,72
936,80	1372,14
936,97	1458,15
937,14	1413,10
937,31	1513,45
937,49	1497,07
937,66	1484,78
937,83	1462,25
938,00	1409,00
938,18	1492,97
938,35	1470,44
938,52	1529,83
938,69	1484,78
938,87	1497,07
939,04	1486,83
939,21	1366,00
939,38	1415,15
939,55	1394,67
939,73	1411,05
939,90	1415,15
940,07	1337,32
940,24	1359,85
940,41	1492,97
940,59	1380,33
940,76	1404,91
940,93	1355,76
941,10	1466,35
941,27	1441,77
941,45	1404,91
941,62	1441,77
941,79	1454,06
941,96	1359,85
942,13	1474,54
942,31	1359,85
942,48	1501,16
942,65	1443,82
942,82	1366,00
942,99	1398,76
943,16	1380,33
943,34	1462,25
943,51	1441,77
943,68	1402,86
943,85	1433,58
944,02	1497,07
944,19	1443,82
944,37	1523,69
944,54	1458,15
944,71	1421,29
944,88	1568,74
945,05	1441,77
945,22	1437,67
945,40	1445,87
945,57	1404,91
945,74	1417,19
945,91	1337,32
946,08	1431,53
946,25	1396,71
946,42	1394,67
946,60	1497,07
946,77	1511,40
946,94	1427,43
947,11	1433,58
947,28	1378,28
947,45	1386,47
947,62	1402,86
947,79	1468,39
947,97	1476,59
948,14	1499,11
948,31	1492,97
948,48	1521,64
948,65	1497,07
948,82	1347,56
948,99	1439,72
949,16	1437,67
949,33	1388,52
949,51	1454,06
949,68	1429,48
949,85	1460,20
950,02	1380,33
950,19	1443,82
950,36	1472,49
950,53	1413,10
950,70	1423,34
950,87	1460,20
951,04	1437,67
951,22	1466,35
951,39	1406,95
951,56	1443,82
951,73	1423,34
951,90	1417,19
952,07	1452,01
952,24	1454,06
952,41	1435,63
952,58	1386,47
952,75	1433,58
952,92	1402,86
953,09	1396,71
953,26	1429,48
953,43	1423,34
953,61	1462,25
953,78	1495,02
953,95	1431,53
954,12	1353,71
954,29	1390,57
954,46	1396,71
954,63	1413,10
954,80	1474,54
954,97	1382,38
955,14	1507,30
955,31	1431,53
955,48	1427,43
955,65	1421,29
955,82	1343,47
955,99	1437,67
956,16	1370,09
956,33	1546,22
956,50	1382,38
956,67	1464,30
956,84	1431,53
957,01	1394,67
957,18	1445,87
957,35	1355,76
957,52	1437,67
957,69	1499,11
957,86	1427,43
958,03	1382,38
958,20	1415,15
958,37	1396,71
958,54	1470,44
958,71	1417,19
958,88	1460,20
959,05	1429,48
959,22	1398,76
959,39	1388,52
959,56	1452,01
959,73	1435,63
959,90	1482,73
960,07	1351,66
960,24	1413,10
960,41	1398,76
960,58	1398,76
960,75	1425,39
960,92	1429,48
961,09	1445,87
961,26	1519,59
961,43	1423,34
961,60	1392,62
961,77	1439,72
961,94	1402,86
962,11	1357,80
962,28	1460,20
962,45	1425,39
962,62	1437,67
962,79	1445,87
962,96	1411,05
963,13	1417,19
963,30	1486,83
963,47	1423,34
963,64	1415,15
963,81	1497,07
963,98	1464,30
964,14	1513,45
964,31	1464,30
964,48	1423,34
964,65	1423,34
964,82	1417,19
964,99	1464,30
965,16	1380,33
965,33	1503,21
965,50	1517,54
965,67	1435,63
965,84	1497,07
966,01	1341,42
966,18	1441,77
966,35	1445,87
966,51	1359,85
966,68	1480,68
966,85	1458,15
967,02	1411,05
967,19	1435,63
967,36	1492,97
967,53	1394,67
967,70	1423,34
967,87	1525,74
968,04	1423,34
968,21	1462,25
968,37	1488,87
968,54	1394,67
968,71	1404,91
968,88	1359,85
969,05	1417,19
969,22	1409,00
969,39	1464,30
969,56	1472,49
969,72	1415,15
969,89	1492,97
970,06	1525,74
970,23	1343,47
970,40	1492,97
970,57	1386,47
970,74	1492,97
970,91	1300,46
971,07	1527,78
971,24	1423,34
971,41	1527,78
971,58	1382,38
971,75	1349,61
971,92	1427,43
972,09	1310,70
972,25	1413,10
972,42	1417,19
972,59	1421,29
972,76	1376,24
972,93	1435,63
973,10	1497,07
973,27	1515,50
973,43	1374,19
973,60	1368,04
973,77	1361,90
973,94	1480,68
974,11	1488,87
974,28	1509,35
974,44	1357,80
974,61	1439,72
974,78	1429,48
974,95	1388,52
975,12	1441,77
975,28	1402,86
975,45	1449,96
975,62	1351,66
975,79	1353,71
975,96	1431,53
976,12	1429,48
976,29	1544,17
976,46	1429,48
976,63	1411,05
976,80	1439,72
976,96	1411,05
977,13	1425,39
977,30	1439,72
977,47	1374,19
977,64	1411,05
977,80	1427,43
977,97	1427,43
978,14	1503,21
978,31	1433,58
978,48	1431,53
978,64	1441,77
978,81	1501,16
978,98	1402,86
979,15	1392,62
979,31	1388,52
979,48	1415,15
979,65	1333,23
979,82	1492,97
979,98	1347,56
980,15	1464,30
980,32	1531,88
980,49	1404,91
980,66	1357,80
980,82	1390,57
980,99	1439,72
981,16	1372,14
981,33	1456,11
981,49	1486,83
981,66	1441,77
981,83	1398,76
981,99	1466,35
982,16	1390,57
982,33	1441,77
982,50	1380,33
982,66	1415,15
982,83	1382,38
983,00	1423,34
983,17	1376,24
983,33	1380,33
983,50	1409,00
983,67	1370,09
983,83	1406,95
984,00	1327,08
984,17	1464,30
984,34	1378,28
984,50	1361,90
984,67	1382,38
984,84	1427,43
985,00	1382,38
985,17	1431,53
985,34	1443,82
985,51	1390,57
985,67	1470,44
985,84	1433,58
986,01	1386,47
986,17	1423,34
986,34	1423,34
986,51	1396,71
986,67	1363,95
986,84	1351,66
987,01	1468,39
987,17	1511,40
987,34	1368,04
987,51	1404,91
987,67	1472,49
987,84	1415,15
988,01	1495,02
988,17	1378,28
988,34	1388,52
988,51	1460,20
988,67	1466,35
988,84	1421,29
989,01	1353,71
989,17	1435,63
989,34	1349,61
989,51	1490,92
989,67	1427,43
989,84	1439,72
990,01	1443,82
990,17	1464,30
990,34	1419,24
990,51	1423,34
990,67	1413,10
990,84	1325,04
991,01	1341,42
991,17	1495,02
991,34	1456,11
991,50	1398,76
991,67	1394,67
991,84	1325,04
992,00	1353,71
992,17	1411,05
992,34	1411,05
992,50	1517,54
992,67	1462,25
992,83	1449,96
993,00	1355,76
993,17	1472,49
993,33	1421,29
993,50	1497,07
993,66	1411,05
993,83	1497,07
994,00	1366,00
994,16	1380,33
994,33	1398,76
994,49	1400,81
994,66	1382,38
994,83	1419,24
994,99	1431,53
995,16	1417,19
995,32	1411,05
995,49	1529,83
995,66	1482,73
995,82	1390,57
995,99	1423,34
996,15	1558,50
996,32	1341,42
996,48	1363,95
996,65	1441,77
996,82	1419,24
996,98	1396,71
997,15	1421,29
997,31	1396,71
997,48	1398,76
997,64	1325,04
997,81	1462,25
997,97	1380,33
998,14	1482,73
998,31	1374,19
998,47	1443,82
998,64	1458,15
998,80	1431,53
998,97	1535,98
999,13	1374,19
999,30	1349,61
999,46	1372,14
999,63	1425,39
999,79	1363,95
999,96	1400,81
1000,12	1396,71
1000,29	1386,47
1000,45	1425,39
1000,62	1419,24
1000,79	1314,80
1000,95	1482,73
1001,12	1468,39
1001,28	1398,76
1001,45	1363,95
1001,61	1433,58
1001,78	1363,95
1001,94	1458,15
1002,11	1560,55
1002,27	1441,77
1002,44	1355,76
1002,60	1382,38
1002,77	1525,74
1002,93	1425,39
1003,10	1396,71
1003,26	1402,86
1003,43	1535,98
1003,59	1429,48
1003,76	1425,39
1003,92	1421,29
1004,09	1429,48
1004,25	1443,82
1004,41	1445,87
1004,58	1431,53
1004,74	1406,95
1004,91	1368,04
1005,07	1449,96
1005,24	1503,21
1005,40	1452,01
1005,57	1337,32
1005,73	1345,52
1005,90	1380,33
1006,06	1382,38
1006,23	1404,91
1006,39	1427,43
1006,55	1406,95
1006,72	1339,37
1006,88	1398,76
1007,05	1441,77
1007,21	1431,53
1007,38	1425,39
1007,54	1398,76
1007,71	1437,67
1007,87	1366,00
1008,03	1460,20
1008,20	1525,74
1008,36	1400,81
1008,53	1486,83
1008,69	1368,04
1008,86	1341,42
1009,02	1386,47
1009,18	1421,29
1009,35	1366,00
1009,51	1378,28
1009,68	1519,59
1009,84	1423,34
1010,01	1456,11
1010,17	1333,23
1010,33	1464,30
1010,50	1427,43
1010,66	1484,78
1010,83	1435,63
1010,99	1464,30
1011,15	1431,53
1011,32	1441,77
1011,48	1388,52
1011,65	1341,42
1011,81	1417,19
1011,97	1372,14
1012,14	1425,39
1012,30	1423,34
1012,46	1402,86
1012,63	1413,10
1012,79	1398,76
1012,96	1452,01
1013,12	1341,42
1013,28	1460,20
1013,45	1421,29
1013,61	1337,32
1013,77	1437,67
1013,94	1404,91
1014,10	1370,09
1014,26	1423,34
1014,43	1458,15
1014,59	1402,86
1014,76	1484,78
1014,92	1492,97
1015,08	1325,04
1015,25	1445,87
1015,41	1390,57
1015,57	1464,30
1015,74	1363,95
1015,90	1363,95
1016,06	1447,91
1016,23	1417,19
1016,39	1413,10
1016,55	1550,31
1016,72	1447,91
1016,88	1322,99
1017,04	1398,76
1017,21	1409,00
1017,37	1392,62
1017,53	1466,35
1017,70	1402,86
1017,86	1370,09
1018,02	1392,62
1018,19	1406,95
1018,35	1431,53
1018,51	1464,30
1018,67	1421,29
1018,84	1368,04
1019,00	1388,52
1019,16	1433,58
1019,33	1404,91
1019,49	1445,87
1019,65	1433,58
1019,82	1384,43
1019,98	1454,06
1020,14	1343,47
1020,30	1503,21
1020,47	1394,67
1020,63	1437,67
1020,79	1370,09
1020,96	1355,76
1021,12	1452,01
1021,28	1564,65
1021,44	1443,82
1021,61	1390,57
1021,77	1382,38
1021,93	1368,04
1022,09	1447,91
1022,26	1443,82
1022,42	1329,13
1022,58	1454,06
1022,74	1421,29
1022,91	1368,04
1023,07	1454,06
1023,23	1409,00
1023,39	1409,00
1023,56	1349,61
1023,72	1370,09
1023,88	1449,96
1024,04	1390,57
1024,21	1382,38
1024,37	1409,00
1024,53	1468,39
1024,69	1392,62
1024,86	1427,43
1025,02	1392,62
1025,18	1333,23
1025,34	1427,43
1025,50	1445,87
1025,67	1419,24
1025,83	1445,87
1025,99	1431,53
1026,15	1464,30
1026,32	1396,71
1026,48	1366,00
1026,64	1497,07
1026,80	1431,53
1026,96	1470,44
1027,13	1454,06
1027,29	1439,72
1027,45	1349,61
1027,61	1376,24
1027,77	1435,63
1027,94	1447,91
1028,10	1495,02
1028,26	1396,71
1028,42	1419,24
1028,58	1460,20
1028,75	1445,87
1028,91	1429,48
1029,07	1347,56
1029,23	1443,82
1029,39	1394,67
1029,55	1488,87
1029,72	1417,19
1029,88	1513,45
1030,04	1415,15
1030,20	1431,53
1030,36	1366,00
1030,52	1390,57
1030,69	1458,15
1030,85	1474,54
1031,01	1458,15
1031,17	1380,33
1031,33	1347,56
1031,49	1458,15
1031,65	1413,10
1031,82	1353,71
1031,98	1357,80
1032,14	1425,39
1032,30	1402,86
1032,46	1445,87
1032,62	1392,62
1032,78	1415,15
1032,95	1402,86
1033,11	1511,40
1033,27	1347,56
1033,43	1404,91
1033,59	1423,34
1033,75	1431,53
1033,91	1392,62
1034,07	1419,24
1034,24	1406,95
1034,40	1347,56
1034,56	1388,52
1034,72	1523,69
1034,88	1423,34
1035,04	1357,80
1035,20	1400,81
1035,36	1466,35
1035,52	1488,87
1035,68	1411,05
1035,85	1386,47
1036,01	1413,10
1036,17	1533,93
1036,33	1458,15
1036,49	1382,38
1036,65	1421,29
1036,81	1402,86
1036,97	1439,72
1037,13	1427,43
1037,29	1347,56
1037,45	1523,69
1037,61	1368,04
1037,78	1339,37
1037,94	1449,96
1038,10	1431,53
1038,26	1325,04
1038,42	1361,90
1038,58	1406,95
1038,74	1411,05
1038,90	1429,48
1039,06	1435,63
1039,22	1357,80
1039,38	1433,58
1039,54	1431,53
1039,70	1329,13
1039,86	1501,16
1040,02	1390,57
1040,18	1429,48
1040,34	1484,78
1040,50	1357,80
1040,66	1388,52
1040,83	1449,96
1040,99	1394,67
1041,15	1595,37
1041,31	1499,11
1041,47	1361,90
1041,63	1429,48
1041,79	1478,63
1041,95	1447,91
1042,11	1384,43
1042,27	1425,39
1042,43	1497,07
1042,59	1415,15
1042,75	1513,45
1042,91	1343,47
