344,25	1245,16
344,46	1245,16
344,68	1245,16
344,90	1269,74
345,12	1261,55
345,34	1312,75
345,55	1464,30
345,77	1417,19
345,99	1378,28
346,21	1390,57
346,42	1525,74
346,64	1402,86
346,86	1312,75
347,08	1456,11
347,30	1300,46
347,51	1400,81
347,73	1447,91
347,95	1394,67
348,17	1458,15
348,38	1398,76
348,60	1376,24
348,82	1390,57
349,04	1409,00
349,25	1411,05
349,47	1554,41
349,69	1435,63
349,91	1488,87
350,13	1423,34
350,34	1431,53
350,56	1404,91
350,78	1417,19
351,00	1374,19
351,21	1464,30
351,43	1366,00
351,65	1517,54
351,87	1495,02
352,08	1417,19
352,30	1388,52
352,52	1292,27
352,74	1337,32
352,95	1476,59
353,17	1439,72
353,39	1353,71
353,61	1415,15
353,82	1322,99
354,04	1421,29
354,26	1406,95
354,47	1466,35
354,69	1409,00
354,91	1366,00
355,13	1398,76
355,34	1443,82
355,56	1363,95
355,78	1433,58
356,00	1435,63
356,21	1363,95
356,43	1429,48
356,65	1423,34
356,86	1452,01
357,08	1458,15
357,30	1472,49
357,52	1406,95
357,73	1423,34
357,95	1382,38
358,17	1355,76
358,38	1427,43
358,60	1363,95
358,82	1456,11
359,04	1466,35
359,25	1511,40
359,47	1458,15
359,69	1382,38
359,90	1351,66
360,12	1507,30
360,34	1421,29
360,56	1460,20
360,77	1474,54
360,99	1533,93
361,21	1435,63
361,42	1423,34
361,64	1531,88
361,86	1501,16
362,07	1462,25
362,29	1552,36
362,51	1456,11
362,73	1449,96
362,94	1531,88
363,16	1449,96
363,38	1413,10
363,59	1560,55
363,81	1476,59
364,03	1458,15
364,24	1574,89
364,46	1357,80
364,68	1562,60
364,89	1419,24
365,11	1497,07
365,33	1452,01
365,54	1472,49
365,76	1486,83
365,98	1482,73
366,19	1523,69
366,41	1556,46
366,63	1443,82
366,84	1605,61
367,06	1505,26
367,28	1556,46
367,49	1466,35
367,71	1501,16
367,93	1400,81
368,14	1472,49
368,36	1546,22
368,58	1603,56
368,79	1421,29
369,01	1507,30
369,23	1562,60
369,44	1470,44
369,66	1517,54
369,88	1454,06
370,09	1466,35
370,31	1443,82
370,53	1490,92
370,74	1552,36
370,96	1519,59
371,18	1511,40
371,39	1472,49
371,61	1574,89
371,82	1482,73
372,04	1478,63
372,26	1542,12
372,47	1546,22
372,69	1452,01
372,91	1544,17
373,12	1505,26
373,34	1554,41
373,56	1402,86
373,77	1554,41
373,99	1509,35
374,20	1558,50
374,42	1484,78
374,64	1499,11
374,85	1435,63
375,07	1550,31
375,29	1462,25
375,50	1464,30
375,72	1423,34
375,93	1447,91
376,15	1417,19
376,37	1544,17
376,58	1482,73
376,80	1552,36
377,01	1443,82
377,23	1521,64
377,45	1419,24
377,66	1486,83
377,88	1419,24
378,10	1468,39
378,31	1437,67
378,53	1454,06
378,74	1386,47
378,96	1523,69
379,18	1464,30
379,39	1441,77
379,61	1468,39
379,82	1531,88
380,04	1488,87
380,26	1447,91
380,47	1431,53
380,69	1529,83
380,90	1589,22
381,12	1400,81
381,33	1468,39
381,55	1482,73
381,77	1439,72
381,98	1460,20
382,20	1374,19
382,41	1433,58
382,63	1449,96
382,85	1439,72
383,06	1501,16
383,28	1478,63
383,49	1482,73
383,71	1427,43
383,92	1425,39
384,14	1370,09
384,36	1386,47
384,57	1386,47
384,79	1396,71
385,00	1495,02
385,22	1431,53
385,43	1329,13
385,65	1492,97
385,87	1462,25
386,08	1429,48
386,30	1480,68
386,51	1388,52
386,73	1437,67
386,94	1464,30
387,16	1400,81
387,37	1527,78
387,59	1468,39
387,81	1445,87
388,02	1419,24
388,24	1404,91
388,45	1495,02
388,67	1396,71
388,88	1466,35
389,10	1425,39
389,31	1417,19
389,53	1486,83
389,75	1503,21
389,96	1429,48
390,18	1484,78
390,39	1380,33
390,61	1464,30
390,82	1400,81
391,04	1406,95
391,25	1529,83
391,47	1398,76
391,68	1445,87
391,90	1449,96
392,11	1513,45
392,33	1437,67
392,54	1435,63
392,76	1431,53
392,97	1433,58
393,19	1521,64
393,41	1468,39
393,62	1445,87
393,84	1507,30
394,05	1484,78
394,27	1488,87
394,48	1423,34
394,70	1419,24
394,91	1490,92
395,13	1409,00
395,34	1392,62
395,56	1384,43
395,77	1476,59
395,99	1441,77
396,20	1474,54
396,42	1402,86
396,63	1468,39
396,85	1394,67
397,06	1511,40
397,28	1583,08
397,49	1478,63
397,71	1421,29
397,92	1441,77
398,14	1417,19
398,35	1566,70
398,57	1439,72
398,78	1558,50
399,00	1517,54
399,21	1474,54
399,43	1404,91
399,64	1492,97
399,86	1484,78
400,07	1452,01
400,29	1480,68
400,50	1476,59
400,72	1458,15
400,93	1523,69
401,14	1482,73
401,36	1533,93
401,57	1478,63
401,79	1544,17
402,00	1402,86
402,22	1462,25
402,43	1488,87
402,65	1462,25
402,86	1499,11
403,08	1443,82
403,29	1495,02
403,51	1527,78
403,72	1468,39
403,94	1497,07
404,15	1515,50
404,36	1447,91
404,58	1679,33
404,79	1564,65
405,01	1548,26
405,22	1486,83
405,44	1394,67
405,65	1492,97
405,87	1445,87
406,08	1478,63
406,30	1476,59
406,51	1460,20
406,72	1388,52
406,94	1521,64
407,15	1501,16
407,37	1542,12
407,58	1452,01
407,80	1417,19
408,01	1439,72
408,23	1505,26
408,44	1513,45
408,65	1468,39
408,87	1501,16
409,08	1529,83
409,30	1509,35
409,51	1507,30
409,73	1464,30
409,94	1486,83
410,15	1560,55
410,37	1462,25
410,58	1492,97
410,80	1435,63
411,01	1495,02
411,23	1527,78
411,44	1454,06
411,65	1521,64
411,87	1495,02
412,08	1472,49
412,30	1484,78
412,51	1458,15
412,72	1548,26
412,94	1523,69
413,15	1468,39
413,37	1564,65
413,58	1415,15
413,79	1486,83
414,01	1509,35
414,22	1511,40
414,44	1505,26
414,65	1437,67
414,86	1495,02
415,08	1427,43
415,29	1458,15
415,51	1423,34
415,72	1478,63
415,93	1454,06
416,15	1480,68
416,36	1478,63
416,58	1552,36
416,79	1406,95
417,00	1452,01
417,22	1441,77
417,43	1515,50
417,65	1525,74
417,86	1511,40
418,07	1492,97
418,29	1497,07
418,50	1460,20
418,71	1492,97
418,93	1533,93
419,14	1329,13
419,36	1501,16
419,57	1456,11
419,78	1486,83
420,00	1464,30
420,21	1480,68
420,42	1527,78
420,64	1490,92
420,85	1425,39
421,06	1529,83
421,28	1476,59
421,49	1503,21
421,71	1427,43
421,92	1484,78
422,13	1501,16
422,35	1470,44
422,56	1425,39
422,77	1499,11
422,99	1480,68
423,20	1495,02
423,41	1476,59
423,63	1484,78
423,84	1535,98
424,05	1501,16
424,27	1486,83
424,48	1572,84
424,69	1546,22
424,91	1791,97
425,12	1476,59
425,33	1511,40
425,55	1531,88
425,76	1499,11
425,97	1533,93
426,19	1480,68
426,40	1427,43
426,61	1587,18
426,83	1445,87
427,04	1492,97
427,25	1452,01
427,47	1478,63
427,68	1550,31
427,89	1529,83
428,11	1513,45
428,32	1495,02
428,53	1509,35
428,75	1452,01
428,96	1554,41
429,17	1517,54
429,39	1445,87
429,60	1564,65
429,81	1482,73
430,03	1570,79
430,24	1478,63
430,45	1607,66
430,67	1435,63
430,88	1503,21
431,09	1462,25
431,30	1540,07
431,52	1511,40
431,73	1466,35
431,94	1454,06
432,16	1572,84
432,37	1460,20
432,58	1521,64
432,80	1515,50
433,01	1484,78
433,22	1488,87
433,43	1476,59
433,65	1503,21
433,86	1437,67
434,07	1470,44
434,29	1429,48
434,50	1480,68
434,71	1533,93
434,92	1452,01
435,14	1513,45
435,35	1478,63
435,56	1478,63
435,77	1443,82
435,99	1452,01
436,20	1466,35
436,41	1535,98
436,63	1443,82
436,84	1578,98
437,05	1406,95
437,26	1495,02
437,48	1513,45
437,69	1472,49
437,90	1538,02
438,11	1462,25
438,33	1439,72
438,54	1488,87
438,75	1499,11
438,96	1519,59
439,18	1484,78
439,39	1513,45
439,60	1454,06
439,82	1507,30
440,03	1566,70
440,24	1570,79
440,45	1415,15
440,67	1562,60
440,88	1466,35
441,09	1552,36
441,30	1456,11
441,51	1462,25
441,73	1421,29
441,94	1470,44
442,15	1570,79
442,36	1427,43
442,58	1484,78
442,79	1460,20
443,00	1449,96
443,21	1538,02
443,43	1435,63
443,64	1480,68
443,85	1529,83
444,06	1527,78
444,28	1492,97
444,49	1501,16
444,70	1499,11
444,91	1564,65
445,12	1468,39
445,34	1499,11
445,55	1474,54
445,76	1476,59
445,97	1447,91
446,18	1505,26
446,40	1591,27
446,61	1531,88
446,82	1488,87
447,03	1558,50
447,25	1484,78
447,46	1529,83
447,67	1566,70
447,88	1435,63
448,09	1505,26
448,31	1503,21
448,52	1542,12
448,73	1544,17
448,94	1515,50
449,15	1583,08
449,37	1519,59
449,58	1505,26
449,79	1513,45
450,00	1617,90
450,21	1452,01
450,43	1542,12
450,64	1486,83
450,85	1544,17
451,06	1556,46
451,27	1585,13
451,48	1556,46
451,70	1466,35
451,91	1540,07
452,12	1568,74
452,33	1538,02
452,54	1460,20
452,76	1548,26
452,97	1652,71
453,18	1544,17
453,39	1535,98
453,60	1507,30
453,81	1495,02
454,03	1486,83
454,24	1540,07
454,45	1406,95
454,66	1484,78
454,87	1574,89
455,08	1529,83
455,30	1540,07
455,51	1691,62
455,72	1578,98
455,93	1550,31
456,14	1558,50
456,35	1538,02
456,56	1619,94
456,78	1583,08
456,99	1535,98
457,20	1486,83
457,41	1572,84
457,62	1513,45
457,83	1583,08
458,04	1540,07
458,26	1542,12
458,47	1503,21
458,68	1488,87
458,89	1591,27
459,10	1513,45
459,31	1615,85
459,52	1644,52
459,74	1634,28
459,95	1644,52
460,16	1521,64
460,37	1593,32
460,58	1603,56
460,79	1517,54
461,00	1570,79
461,21	1521,64
461,43	1560,55
461,64	1513,45
461,85	1546,22
462,06	1515,50
462,27	1533,93
462,48	1624,04
462,69	1574,89
462,90	1521,64
463,12	1587,18
463,33	1574,89
463,54	1568,74
463,75	1578,98
463,96	1601,51
464,17	1624,04
464,38	1535,98
464,59	1556,46
464,80	1552,36
465,01	1673,19
465,23	1570,79
465,44	1525,74
465,65	1634,28
465,86	1521,64
466,07	1550,31
466,28	1452,01
466,49	1593,32
466,70	1615,85
466,91	1611,75
467,12	1624,04
467,33	1640,42
467,55	1550,31
467,76	1548,26
467,97	1681,38
468,18	1642,47
468,39	1624,04
468,60	1775,59
468,81	1703,91
469,02	1513,45
469,23	1609,70
469,44	1624,04
469,65	1558,50
469,86	1615,85
470,07	1468,39
470,29	1695,72
470,50	1611,75
470,71	1634,28
470,92	1640,42
471,13	1609,70
471,34	1572,84
471,55	1714,15
471,76	1525,74
471,97	1628,14
472,18	1574,89
472,39	1632,23
472,60	1535,98
472,81	1628,14
473,02	1497,07
473,23	1685,48
473,44	1591,27
473,65	1595,37
473,87	1581,03
474,08	1578,98
474,29	1572,84
474,50	1609,70
474,71	1593,32
474,92	1632,23
475,13	1595,37
475,34	1632,23
475,55	1617,90
475,76	1560,55
475,97	1652,71
476,18	1595,37
476,39	1581,03
476,60	1695,72
476,81	1638,38
477,02	1683,43
477,23	1613,80
477,44	1654,76
477,65	1617,90
477,86	1609,70
478,07	1589,22
478,28	1695,72
478,49	1681,38
478,70	1681,38
478,91	1617,90
479,12	1593,32
479,33	1634,28
479,54	1552,36
479,75	1640,42
479,96	1714,15
480,17	1683,43
480,38	1675,24
480,59	1634,28
480,80	1673,19
481,01	1695,72
481,22	1636,33
481,43	1640,42
481,64	1675,24
481,85	1615,85
482,06	1652,71
482,27	1695,72
482,48	1667,05
482,69	1738,73
482,90	1683,43
483,11	1681,38
483,32	1732,58
483,53	1652,71
483,74	1724,39
483,95	1634,28
484,16	1568,74
484,37	1611,75
484,58	1714,15
484,79	1708,01
485,00	1748,97
485,21	1685,48
485,42	1675,24
485,63	1832,93
485,84	1724,39
486,05	1681,38
486,26	1677,29
486,47	1787,88
486,68	1763,30
486,89	1624,04
487,10	1673,19
487,31	1681,38
487,52	1783,78
487,73	1730,53
487,94	1720,29
488,15	1732,58
488,36	1806,31
488,57	1669,09
488,77	1761,25
488,98	1730,53
489,19	1759,21
489,40	1736,68
489,61	1726,44
489,82	1806,31
490,03	1800,16
490,24	1705,96
490,45	1783,78
490,66	1728,49
490,87	1855,46
491,08	1634,28
491,29	1839,08
491,50	1681,38
491,71	1773,54
491,92	1763,30
492,13	1839,08
492,33	1773,54
492,54	1708,01
492,75	1732,58
492,96	1753,06
493,17	1744,87
493,38	1824,74
493,59	1734,63
493,80	1806,31
494,01	1834,98
494,22	1718,25
494,43	1767,40
494,64	1736,68
494,85	1740,77
495,05	1802,21
495,26	1798,12
495,47	1886,18
495,68	1767,40
495,89	1773,54
496,10	1767,40
496,31	1837,03
496,52	1841,12
496,73	1818,60
496,94	1824,74
497,15	1896,42
497,35	1824,74
497,56	1808,36
497,77	1787,88
497,98	1902,56
498,19	1824,74
498,40	1920,99
498,61	1796,07
498,82	1890,28
499,03	1812,45
499,23	1841,12
499,44	1974,24
499,65	1906,66
499,86	1929,19
500,07	1908,71
500,28	1861,60
500,49	1834,98
500,70	1859,56
500,91	1875,94
501,11	1890,28
501,32	1828,84
501,53	1900,52
501,74	1974,24
501,95	1892,32
502,16	1869,80
502,37	1880,04
502,57	1974,24
502,78	1984,48
502,99	1920,99
503,20	1894,37
503,41	1986,53
503,62	1843,17
503,83	1931,23
504,03	1953,76
504,24	2021,35
504,45	1818,60
504,66	1890,28
504,87	1927,14
505,08	1974,24
505,29	1906,66
505,49	1925,09
505,70	1968,10
505,91	1843,17
506,12	1896,42
506,33	2031,58
506,54	1949,67
506,75	2011,11
506,95	2068,45
507,16	2033,63
507,37	1871,84
507,58	2011,11
507,79	2000,87
508,00	1918,95
508,20	1859,56
508,41	2019,30
508,62	1984,48
508,83	2054,11
509,04	1931,23
509,24	2019,30
509,45	2295,77
509,66	1951,71
509,87	1976,29
510,08	1906,66
510,29	2033,63
510,49	2090,98
510,70	1933,28
510,91	2027,49
511,12	1949,67
511,33	1980,39
511,53	1918,95
511,74	1972,19
511,95	1941,47
512,16	2088,93
512,37	2033,63
512,57	2015,20
512,78	1964,00
512,99	2037,73
513,20	2017,25
513,41	2080,74
513,61	1902,56
513,82	1978,34
514,03	1984,48
514,24	2070,50
514,45	2062,30
514,65	1996,77
514,86	1906,66
515,07	1998,82
515,28	1902,56
515,49	2047,97
515,69	1982,43
515,90	1984,48
516,11	2015,20
516,32	1984,48
516,52	1937,38
516,73	2007,01
516,94	2095,07
517,15	1978,34
517,36	1925,09
517,56	2113,50
517,77	1966,05
517,98	2041,82
518,19	1916,90
518,39	1996,77
518,60	1961,95
518,81	2086,88
519,02	1974,24
519,22	2009,06
519,43	1961,95
519,64	2113,50
519,85	1890,28
520,05	2090,98
520,26	1964,00
520,47	2015,20
520,68	1947,62
520,88	2068,45
521,09	2004,96
521,30	2045,92
521,51	2015,20
521,71	2009,06
521,92	1912,80
522,13	2099,17
522,34	1966,05
522,54	1972,19
522,75	1877,99
522,96	2074,59
523,17	1933,28
523,37	2039,78
523,58	1947,62
523,79	2054,11
523,99	1986,53
524,20	1992,67
524,41	1931,23
524,62	2082,78
524,82	2070,50
525,03	1986,53
525,24	2002,91
525,45	1996,77
525,65	1875,94
525,86	2086,88
526,07	1908,71
526,27	2019,30
526,48	1992,67
526,69	2136,03
526,90	2002,91
527,10	2058,21
527,31	1923,04
527,52	1990,63
527,72	2111,46
527,93	2025,44
528,14	1970,15
528,34	2025,44
528,55	1867,75
528,76	1994,72
528,97	1925,09
529,17	1986,53
529,38	1914,85
529,59	2027,49
529,79	1982,43
530,00	1986,53
530,21	2023,39
530,41	2027,49
530,62	1990,63
530,83	2095,07
531,03	2015,20
531,24	1964,00
531,45	1910,75
531,65	2039,78
531,86	2072,54
532,07	2045,92
532,27	1904,61
532,48	2021,35
532,69	1937,38
532,89	2062,30
533,10	1935,33
533,31	2031,58
533,51	1923,04
533,72	2054,11
533,93	1830,88
534,13	1892,32
534,34	1841,12
534,55	2015,20
534,75	1898,47
534,96	2084,83
535,17	1914,85
535,37	1990,63
535,58	1982,43
535,79	1947,62
535,99	1902,56
536,20	1902,56
536,41	1970,15
536,61	1964,00
536,82	1947,62
537,03	1927,14
537,23	1875,94
537,44	1964,00
537,64	1843,17
537,85	1931,23
538,06	1976,29
538,26	2060,26
538,47	1974,24
538,68	1906,66
538,88	1871,84
539,09	1961,95
539,30	1802,21
539,50	1961,95
539,71	1923,04
539,91	1906,66
540,12	1914,85
540,33	1902,56
540,53	1861,60
540,74	1828,84
540,94	1818,60
541,15	1918,95
541,36	1920,99
541,56	1861,60
541,77	1828,84
541,98	1849,32
542,18	1882,08
542,39	1959,91
542,59	1785,83
542,80	1877,99
543,01	1781,73
543,21	1820,64
543,42	1920,99
543,62	1886,18
543,83	1841,12
544,04	1789,92
544,24	1841,12
544,45	1751,01
544,65	1830,88
544,86	1800,16
545,06	1773,54
545,27	1767,40
545,48	1699,81
545,68	1718,25
545,89	1824,74
546,09	1796,07
546,30	1800,16
546,51	1822,69
546,71	1832,93
546,92	1785,83
547,12	1769,44
547,33	1740,77
547,53	1773,54
547,74	1734,63
547,95	1716,20
548,15	1759,21
548,36	1808,36
548,56	1759,21
548,77	1775,59
548,97	1773,54
549,18	1716,20
549,39	1837,03
549,59	1744,87
549,80	1755,11
550,00	1673,19
550,21	1740,77
550,41	1728,49
550,62	1761,25
550,82	1796,07
551,03	1701,86
551,23	1763,30
551,44	1751,01
551,65	1832,93
551,85	1699,81
552,06	1681,38
552,26	1712,10
552,47	1744,87
552,67	1640,42
552,88	1615,85
553,08	1654,76
553,29	1744,87
553,49	1832,93
553,70	1748,97
553,90	1775,59
554,11	1730,53
554,32	1710,05
554,52	1781,73
554,73	1751,01
554,93	1673,19
555,14	1703,91
555,34	1771,49
555,55	1677,29
555,75	1779,68
555,96	1685,48
556,16	1814,50
556,37	1849,32
556,57	1685,48
556,78	1726,44
556,98	1888,23
557,19	1744,87
557,39	1867,75
557,60	1855,46
557,80	1861,60
558,01	1839,08
558,21	1755,11
558,42	1814,50
558,62	1986,53
558,83	1943,52
559,03	1818,60
559,24	1834,98
559,44	1964,00
559,65	1937,38
559,85	1918,95
560,06	1908,71
560,26	1988,58
560,47	1925,09
560,67	2107,36
560,88	2017,25
561,08	2254,81
561,29	2183,13
561,49	2179,04
561,70	2131,94
561,90	2273,25
562,10	2064,35
562,31	2287,58
562,51	2142,18
562,72	2168,80
562,92	2148,32
563,13	2488,28
563,33	2183,13
563,54	2510,81
563,74	2582,49
563,95	2537,43
564,15	2416,60
564,36	2768,85
564,56	2449,37
564,76	2781,14
564,97	2635,74
565,17	2930,64
565,38	2840,53
565,58	3100,62
565,79	2842,58
565,99	3143,63
566,20	3286,99
566,40	3264,46
566,60	3200,98
566,81	3508,17
567,01	3377,10
567,22	3647,43
567,42	3547,08
567,63	3864,52
567,83	3659,72
568,04	3975,11
568,24	3964,87
568,44	4368,32
568,65	3901,38
568,85	4368,32
569,06	4394,94
569,26	4642,75
569,47	4632,51
569,67	4700,09
569,87	4808,63
570,08	5152,69
570,28	4911,03
570,49	5404,59
570,69	5058,48
570,89	5810,09
571,10	5349,29
571,30	5648,30
571,51	5486,51
571,71	5900,20
571,91	5541,80
572,12	5867,43
572,32	5758,89
572,53	5900,20
572,73	5789,61
572,93	6254,50
573,14	6035,36
573,34	6250,40
573,55	5855,14
573,75	6066,08
573,95	6045,60
574,16	6131,62
574,36	5805,99
574,57	5928,87
574,77	5351,34
574,97	5697,45
575,18	5560,24
575,38	5660,59
575,59	4904,89
575,79	5281,71
575,99	4730,81
576,20	5021,62
576,40	4499,39
576,60	4896,69
576,81	4124,61
577,01	4265,92
577,22	3788,74
577,42	3878,85
577,62	3416,01
577,83	3569,61
578,03	3231,69
578,23	3121,10
578,44	2871,25
578,64	2928,60
578,84	2670,55
579,05	2746,33
579,25	2430,94
579,45	2334,68
579,66	2195,42
579,86	2265,05
580,07	2162,66
580,27	2138,08
580,47	1933,28
580,68	1939,43
580,88	1828,84
581,08	1959,91
581,29	1759,21
581,49	1916,90
581,69	1722,34
581,90	1800,16
582,10	1716,20
582,30	1732,58
582,51	1658,85
582,71	1662,95
582,91	1689,57
583,12	1642,47
583,32	1585,13
583,52	1667,05
583,73	1525,74
583,93	1554,41
584,13	1568,74
584,34	1710,05
584,54	1497,07
584,74	1540,07
584,94	1533,93
585,15	1599,46
585,35	1581,03
585,55	1566,70
585,76	1497,07
585,96	1626,09
586,16	1564,65
586,37	1456,11
586,57	1499,11
586,77	1484,78
586,98	1519,59
587,18	1574,89
587,38	1652,71
587,58	1503,21
587,79	1531,88
587,99	1509,35
588,19	1464,30
588,40	1544,17
588,60	1480,68
588,80	1472,49
589,00	1499,11
589,21	1452,01
589,41	1413,10
589,61	1472,49
589,82	1585,13
590,02	1468,39
590,22	1568,74
590,42	1548,26
590,63	1501,16
590,83	1558,50
591,03	1427,43
591,23	1554,41
591,44	1527,78
591,64	1380,33
591,84	1437,67
592,05	1503,21
592,25	1452,01
592,45	1511,40
592,65	1454,06
592,86	1449,96
593,06	1552,36
593,26	1480,68
593,46	1462,25
593,67	1474,54
593,87	1507,30
594,07	1423,34
594,27	1400,81
594,48	1468,39
594,68	1452,01
594,88	1439,72
595,08	1495,02
595,29	1566,70
595,49	1433,58
595,69	1484,78
595,89	1454,06
596,10	1529,83
596,30	1523,69
596,50	1439,72
596,70	1386,47
596,90	1540,07
597,11	1419,24
597,31	1368,04
597,51	1468,39
597,71	1552,36
597,92	1460,20
598,12	1476,59
598,32	1480,68
598,52	1419,24
598,72	1396,71
598,93	1460,20
599,13	1533,93
599,33	1447,91
599,53	1445,87
599,74	1515,50
599,94	1509,35
600,14	1488,87
600,34	1515,50
600,54	1540,07
600,75	1435,63
600,95	1402,86
601,15	1427,43
601,35	1435,63
601,55	1411,05
601,76	1400,81
601,96	1533,93
602,16	1400,81
602,36	1533,93
602,56	1402,86
602,76	1470,44
602,97	1380,33
603,17	1378,28
603,37	1421,29
603,57	1429,48
603,77	1447,91
603,98	1492,97
604,18	1480,68
604,38	1425,39
604,58	1370,09
604,78	1445,87
604,98	1419,24
605,19	1406,95
605,39	1519,59
605,59	1495,02
605,79	1443,82
605,99	1423,34
606,19	1415,15
606,40	1439,72
606,60	1406,95
606,80	1374,19
607,00	1519,59
607,20	1376,24
607,40	1413,10
607,61	1439,72
607,81	1380,33
608,01	1415,15
608,21	1406,95
608,41	1370,09
608,61	1488,87
608,81	1404,91
609,02	1366,00
609,22	1433,58
609,42	1447,91
609,62	1443,82
609,82	1476,59
610,02	1390,57
610,22	1390,57
610,43	1509,35
610,63	1525,74
610,83	1486,83
611,03	1427,43
611,23	1511,40
611,43	1523,69
611,63	1499,11
611,83	1376,24
612,04	1513,45
612,24	1480,68
612,44	1474,54
612,64	1411,05
612,84	1423,34
613,04	1404,91
613,24	1390,57
613,44	1396,71
613,64	1470,44
613,85	1470,44
614,05	1466,35
614,25	1447,91
614,45	1431,53
614,65	1495,02
614,85	1431,53
615,05	1419,24
615,25	1503,21
615,45	1458,15
615,65	1390,57
615,86	1517,54
616,06	1484,78
616,26	1546,22
616,46	1431,53
616,66	1357,80
616,86	1445,87
617,06	1390,57
617,26	1415,15
617,46	1411,05
617,66	1417,19
617,86	1503,21
618,07	1409,00
618,27	1431,53
618,47	1390,57
618,67	1513,45
618,87	1425,39
619,07	1421,29
619,27	1478,63
619,47	1386,47
619,67	1529,83
619,87	1454,06
620,07	1490,92
620,27	1380,33
620,47	1368,04
620,67	1380,33
620,87	1398,76
621,07	1431,53
621,28	1456,11
621,48	1497,07
621,68	1400,81
621,88	1447,91
622,08	1482,73
622,28	1396,71
622,48	1482,73
622,68	1427,43
622,88	1458,15
623,08	1452,01
623,28	1523,69
623,48	1427,43
623,68	1425,39
623,88	1429,48
624,08	1564,65
624,28	1378,28
624,48	1411,05
624,68	1462,25
624,88	1384,43
625,08	1517,54
625,28	1501,16
625,48	1447,91
625,68	1382,38
625,88	1513,45
626,08	1454,06
626,28	1454,06
626,48	1492,97
626,68	1335,28
626,88	1449,96
627,08	1486,83
627,28	1517,54
627,48	1441,77
627,68	1386,47
627,88	1425,39
628,08	1495,02
628,28	1456,11
628,49	1454,06
628,68	1380,33
628,88	1427,43
629,08	1413,10
629,28	1439,72
629,48	1366,00
629,68	1376,24
629,88	1495,02
630,08	1435,63
630,28	1492,97
630,48	1329,13
630,68	1402,86
630,88	1435,63
631,08	1464,30
631,28	1585,13
631,48	1466,35
631,68	1429,48
631,88	1417,19
632,08	1484,78
632,28	1359,85
632,48	1472,49
632,68	1427,43
632,88	1501,16
633,08	1460,20
633,28	1363,95
633,48	1411,05
633,68	1462,25
633,88	1552,36
634,08	1550,31
634,28	1452,01
634,48	1521,64
634,68	1445,87
634,88	1413,10
635,08	1435,63
635,28	1503,21
635,48	1413,10
635,68	1445,87
635,87	1349,61
636,07	1472,49
636,27	1415,15
636,47	1417,19
636,67	1437,67
636,87	1478,63
637,07	1505,26
637,27	1429,48
637,47	1482,73
637,67	1507,30
637,87	1437,67
638,07	1468,39
638,27	1411,05
638,47	1466,35
638,67	1421,29
638,86	1449,96
639,06	1435,63
639,26	1527,78
639,46	1456,11
639,66	1488,87
639,86	1445,87
640,06	1492,97
640,26	1550,31
640,46	1474,54
640,66	1398,76
640,86	1501,16
641,06	1402,86
641,25	1400,81
641,45	1466,35
641,65	1366,00
641,85	1458,15
642,05	1392,62
642,25	1357,80
642,45	1462,25
642,65	1472,49
642,85	1312,75
643,05	1509,35
643,24	1447,91
643,44	1486,83
643,64	1437,67
643,84	1370,09
644,04	1419,24
644,24	1443,82
644,44	1460,20
644,64	1355,76
644,84	1437,67
645,03	1445,87
645,23	1511,40
645,43	1343,47
645,63	1476,59
645,83	1415,15
646,03	1431,53
646,23	1456,11
646,42	1544,17
646,62	1460,20
646,82	1439,72
647,02	1370,09
647,22	1472,49
647,42	1415,15
647,62	1417,19
647,82	1468,39
648,01	1732,58
648,21	1406,95
648,41	1499,11
648,61	1478,63
648,81	1501,16
649,01	1427,43
649,20	1390,57
649,40	1486,83
649,60	1394,67
649,80	1302,51
650,00	1411,05
650,20	1456,11
650,40	1458,15
650,59	1538,02
650,79	1439,72
650,99	1515,50
651,19	1417,19
651,39	1492,97
651,58	1409,00
651,78	1478,63
651,98	1462,25
652,18	1507,30
652,38	1380,33
652,58	1437,67
652,77	1427,43
652,97	1466,35
653,17	1478,63
653,37	1538,02
653,57	1435,63
653,77	1499,11
653,96	1454,06
654,16	1402,86
654,36	1458,15
654,56	1511,40
654,76	1505,26
654,95	1439,72
655,15	1468,39
655,35	1409,00
655,55	1396,71
655,75	1449,96
655,94	1435,63
656,14	1345,52
656,34	1400,81
656,54	1374,19
656,73	1445,87
656,93	1427,43
657,13	1495,02
657,33	1505,26
657,53	1476,59
657,72	1468,39
657,92	1396,71
658,12	1351,66
658,32	1452,01
658,52	1486,83
658,71	1419,24
658,91	1497,07
659,11	1513,45
659,31	1468,39
659,50	1466,35
659,70	1425,39
659,90	1566,70
660,10	1454,06
660,29	1470,44
660,49	1433,58
660,69	1505,26
660,89	1439,72
661,08	1417,19
661,28	1505,26
661,48	1419,24
661,68	1429,48
661,87	1447,91
662,07	1474,54
662,27	1400,81
662,47	1423,34
662,66	1499,11
662,86	1394,67
663,06	1429,48
663,26	1353,71
663,45	1499,11
663,65	1406,95
663,85	1490,92
664,05	1478,63
664,24	1472,49
664,44	1406,95
664,64	1394,67
664,84	1404,91
665,03	1443,82
665,23	1409,00
665,43	1433,58
665,62	1431,53
665,82	1429,48
666,02	1441,77
666,22	1417,19
666,41	1341,42
666,61	1462,25
666,81	1478,63
667,00	1394,67
667,20	1499,11
667,40	1486,83
667,60	1394,67
667,79	1433,58
667,99	1452,01
668,19	1406,95
668,38	1433,58
668,58	1411,05
668,78	1417,19
668,97	1511,40
669,17	1488,87
669,37	1400,81
669,57	1370,09
669,76	1490,92
669,96	1523,69
670,16	1462,25
670,35	1454,06
670,55	1423,34
670,75	1429,48
670,94	1499,11
671,14	1452,01
671,34	1402,86
671,53	1447,91
671,73	1441,77
671,93	1427,43
672,12	1454,06
672,32	1443,82
672,52	1423,34
672,71	1400,81
672,91	1419,24
673,11	1484,78
673,30	1447,91
673,50	1437,67
673,70	1382,38
673,89	1341,42
674,09	1452,01
674,29	1447,91
674,48	1433,58
674,68	1445,87
674,88	1409,00
675,07	1411,05
675,27	1421,29
675,46	1513,45
675,66	1472,49
675,86	1443,82
676,05	1507,30
676,25	1423,34
676,45	1474,54
676,64	1396,71
676,84	1437,67
677,04	1376,24
677,23	1447,91
677,43	1439,72
677,62	1466,35
677,82	1400,81
678,02	1390,57
678,21	1460,20
678,41	1443,82
678,61	1382,38
678,80	1404,91
679,00	1396,71
679,19	1445,87
679,39	1564,65
679,59	1390,57
679,78	1486,83
679,98	1386,47
680,17	1419,24
680,37	1417,19
680,57	1449,96
680,76	1390,57
680,96	1429,48
681,16	1421,29
681,35	1435,63
681,55	1435,63
681,74	1382,38
681,94	1433,58
682,13	1388,52
682,33	1427,43
682,53	1421,29
682,72	1384,43
682,92	1402,86
683,11	1470,44
683,31	1484,78
683,51	1368,04
683,70	1460,20
683,90	1433,58
684,09	1400,81
684,29	1564,65
684,48	1388,52
684,68	1343,47
684,88	1503,21
685,07	1542,12
685,27	1400,81
685,46	1441,77
685,66	1460,20
685,85	1472,49
686,05	1529,83
686,25	1452,01
686,44	1476,59
686,64	1427,43
686,83	1396,71
687,03	1513,45
687,22	1398,76
687,42	1503,21
687,61	1480,68
687,81	1431,53
688,01	1458,15
688,20	1398,76
688,40	1406,95
688,59	1423,34
688,79	1394,67
688,98	1445,87
689,18	1511,40
689,37	1384,43
689,57	1402,86
689,76	1406,95
689,96	1370,09
690,15	1505,26
690,35	1388,52
690,54	1552,36
690,74	1484,78
690,94	1427,43
691,13	1495,02
691,33	1449,96
691,52	1439,72
691,72	1464,30
691,91	1384,43
692,11	1447,91
692,30	1421,29
692,50	1560,55
692,69	1519,59
692,89	1546,22
693,08	1325,04
693,28	1511,40
693,47	1331,18
693,67	1556,46
693,86	1316,84
694,06	1576,94
694,25	1390,57
694,45	1503,21
694,64	1409,00
694,84	1429,48
695,03	1423,34
695,23	1431,53
695,42	1501,16
695,62	1386,47
695,81	1464,30
696,01	1413,10
696,20	1423,34
696,40	1482,73
696,59	1388,52
696,78	1415,15
696,98	1409,00
697,17	1437,67
697,37	1488,87
697,56	1435,63
697,76	1427,43
697,95	1447,91
698,15	1406,95
698,34	1366,00
698,54	1466,35
698,73	1464,30
698,93	1447,91
699,12	1447,91
699,32	1421,29
699,51	1472,49
699,70	1382,38
699,90	1484,78
700,09	1513,45
700,29	1435,63
700,48	1351,66
700,68	1468,39
700,87	1392,62
701,07	1454,06
701,26	1492,97
701,45	1409,00
701,65	1443,82
701,84	1347,56
702,04	1363,95
702,23	1449,96
702,43	1417,19
702,62	1431,53
702,81	1380,33
703,01	1372,14
703,20	1478,63
703,40	1411,05
703,59	1368,04
703,79	1417,19
703,98	1398,76
704,17	1406,95
704,37	1429,48
704,56	1398,76
704,76	1460,20
704,95	1443,82
705,14	1345,52
705,34	1404,91
705,53	1357,80
705,73	1415,15
705,92	1468,39
706,11	1447,91
706,31	1402,86
706,50	1409,00
706,70	1357,80
706,89	1495,02
707,08	1449,96
707,28	1366,00
707,47	1409,00
707,67	1443,82
707,86	1402,86
708,05	1470,44
708,25	1419,24
708,44	1464,30
708,64	1431,53
708,83	1445,87
709,02	1474,54
709,22	1441,77
709,41	1447,91
709,60	1474,54
709,80	1437,67
709,99	1421,29
710,19	1413,10
710,38	1413,10
710,57	1236,97
710,77	1456,11
710,96	1441,77
711,15	1396,71
711,35	1374,19
711,54	1386,47
711,73	1390,57
711,93	1517,54
712,12	1361,90
712,31	1429,48
712,51	1437,67
712,70	1404,91
712,89	1400,81
713,09	1355,76
713,28	1382,38
713,48	1394,67
713,67	1480,68
713,86	1470,44
714,06	1382,38
714,25	1306,60
714,44	1388,52
714,64	1415,15
714,83	1421,29
715,02	1466,35
715,22	1419,24
715,41	1525,74
715,60	1396,71
715,79	1421,29
715,99	1482,73
716,18	1421,29
716,37	1398,76
716,57	1411,05
716,76	1495,02
716,95	1406,95
717,15	1394,67
717,34	1359,85
717,53	1392,62
717,73	1404,91
717,92	1421,29
718,11	1423,34
718,31	1402,86
718,50	1374,19
718,69	1386,47
718,88	1492,97
719,08	1470,44
719,27	1427,43
719,46	1378,28
719,66	1472,49
719,85	1402,86
720,04	1431,53
720,23	1361,90
720,43	1413,10
720,62	1409,00
720,81	1402,86
721,01	1439,72
721,20	1474,54
721,39	1480,68
721,58	1384,43
721,78	1478,63
721,97	1486,83
722,16	1382,38
722,35	1411,05
722,55	1402,86
722,74	1419,24
722,93	1357,80
723,13	1429,48
723,32	1423,34
723,51	1386,47
723,70	1372,14
723,90	1445,87
724,09	1411,05
724,28	1370,09
724,47	1419,24
724,67	1447,91
724,86	1466,35
725,05	1464,30
725,24	1400,81
725,44	1398,76
725,63	1277,93
725,82	1423,34
726,01	1464,30
726,21	1464,30
726,40	1447,91
726,59	1495,02
726,78	1341,42
726,97	1445,87
727,17	1476,59
727,36	1443,82
727,55	1468,39
727,74	1366,00
727,94	1417,19
728,13	1456,11
728,32	1439,72
728,51	1382,38
728,70	1464,30
728,90	1431,53
729,09	1372,14
729,28	1441,77
729,47	1384,43
729,66	1447,91
729,86	1445,87
730,05	1425,39
730,24	1427,43
730,43	1427,43
730,63	1355,76
730,82	1421,29
731,01	1445,87
731,20	1374,19
731,39	1415,15
731,58	1355,76
731,78	1433,58
731,97	1447,91
732,16	1415,15
732,35	1349,61
732,54	1415,15
732,74	1492,97
732,93	1380,33
733,12	1368,04
733,31	1411,05
733,50	1329,13
733,69	1431,53
733,89	1511,40
734,08	1441,77
734,27	1460,20
734,46	1456,11
734,65	1347,56
734,84	1349,61
735,04	1400,81
735,23	1427,43
735,42	1429,48
735,61	1378,28
735,80	1406,95
735,99	1402,86
736,19	1388,52
736,38	1409,00
736,57	1439,72
736,76	1392,62
736,95	1454,06
737,14	1335,28
737,33	1413,10
737,53	1419,24
737,72	1406,95
737,91	1404,91
738,10	1511,40
738,29	1390,57
738,48	1423,34
738,67	1470,44
738,87	1386,47
739,06	1392,62
739,25	1429,48
739,44	1421,29
739,63	1454,06
739,82	1411,05
740,01	1372,14
740,20	1419,24
740,40	1388,52
740,59	1468,39
740,78	1398,76
740,97	1361,90
741,16	1417,19
741,35	1542,12
741,54	1423,34
741,73	1425,39
741,92	1400,81
742,12	1411,05
742,31	1366,00
742,50	1460,20
742,69	1380,33
742,88	1521,64
743,07	1402,86
743,26	1376,24
743,45	1431,53
743,64	1480,68
743,83	1366,00
744,02	1466,35
744,22	1347,56
744,41	1501,16
744,60	1400,81
744,79	1435,63
744,98	1398,76
745,17	1443,82
745,36	1421,29
745,55	1492,97
745,74	1363,95
745,93	1423,34
746,12	1366,00
746,31	1402,86
746,50	1513,45
746,70	1372,14
746,89	1370,09
747,08	1396,71
747,27	1425,39
747,46	1398,76
747,65	1398,76
747,84	1406,95
748,03	1386,47
748,22	1427,43
748,41	1431,53
748,60	1476,59
748,79	1439,72
748,98	1497,07
749,17	1456,11
749,36	1482,73
749,55	1470,44
749,74	1402,86
749,93	1509,35
750,12	1396,71
750,31	1398,76
750,50	1435,63
750,70	1449,96
750,89	1452,01
751,08	1445,87
751,27	1449,96
751,46	1384,43
751,65	1388,52
751,84	1540,07
752,03	1425,39
752,22	1480,68
752,41	1419,24
752,60	1413,10
752,79	1474,54
752,98	1435,63
753,17	1488,87
753,36	1460,20
753,55	1390,57
753,74	1386,47
753,93	1478,63
754,12	1447,91
754,31	1519,59
754,50	1513,45
754,69	1351,66
754,88	1378,28
755,07	1447,91
755,26	1339,37
755,45	1413,10
755,64	1419,24
755,83	1404,91
756,02	1456,11
756,21	1392,62
756,40	1449,96
756,59	1396,71
756,78	1480,68
756,97	1370,09
757,16	1419,24
757,35	1456,11
757,54	1441,77
757,72	1425,39
757,91	1345,52
758,10	1304,56
758,29	1366,00
758,48	1388,52
758,67	1419,24
758,86	1443,82
759,05	1470,44
759,24	1462,25
759,43	1523,69
759,62	1419,24
759,81	1390,57
760,00	1431,53
760,19	1421,29
760,38	1470,44
760,57	1390,57
760,76	1388,52
760,95	1509,35
761,14	1413,10
761,33	1392,62
761,52	1509,35
761,70	1488,87
761,89	1447,91
762,08	1452,01
762,27	1394,67
762,46	1458,15
762,65	1468,39
762,84	1449,96
763,03	1488,87
763,22	1361,90
763,41	1517,54
763,60	1488,87
763,79	1452,01
763,98	1531,88
764,16	1486,83
764,35	1431,53
764,54	1474,54
764,73	1492,97
764,92	1525,74
765,11	1513,45
765,30	1538,02
765,49	1458,15
765,68	1521,64
765,87	1513,45
766,06	1482,73
766,24	1437,67
766,43	1411,05
766,62	1462,25
766,81	1472,49
767,00	1521,64
767,19	1406,95
767,38	1558,50
767,57	1341,42
767,76	1486,83
767,94	1445,87
768,13	1435,63
768,32	1435,63
768,51	1499,11
768,70	1478,63
768,89	1556,46
769,08	1400,81
769,27	1523,69
769,45	1411,05
769,64	1574,89
769,83	1472,49
770,02	1437,67
770,21	1470,44
770,40	1406,95
770,59	1466,35
770,77	1421,29
770,96	1531,88
771,15	1470,44
771,34	1454,06
771,53	1603,56
771,72	1445,87
771,91	1447,91
772,09	1497,07
772,28	1458,15
772,47	1447,91
772,66	1480,68
772,85	1406,95
773,04	1447,91
773,22	1460,20
773,41	1452,01
773,60	1394,67
773,79	1488,87
773,98	1460,20
774,17	1390,57
774,35	1464,30
774,54	1425,39
774,73	1492,97
774,92	1486,83
775,11	1392,62
775,30	1617,90
775,48	1458,15
775,67	1535,98
775,86	1349,61
776,05	1513,45
776,24	1427,43
776,42	1417,19
776,61	1425,39
776,80	1398,76
776,99	1517,54
777,18	1472,49
777,36	1488,87
777,55	1521,64
777,74	1482,73
777,93	1470,44
778,12	1480,68
778,30	1495,02
778,49	1447,91
778,68	1529,83
778,87	1394,67
779,06	1513,45
779,24	1421,29
779,43	1488,87
779,62	1509,35
779,81	1460,20
779,99	1468,39
780,18	1386,47
780,37	1611,75
780,56	1454,06
780,75	1462,25
780,93	1542,12
781,12	1441,77
781,31	1497,07
781,50	1511,40
781,68	1417,19
781,87	1417,19
782,06	1505,26
782,25	1452,01
782,43	1542,12
782,62	1392,62
782,81	1435,63
783,00	1445,87
783,18	1325,04
783,37	1382,38
783,56	1394,67
783,75	1474,54
783,93	1400,81
784,12	1499,11
784,31	1462,25
784,50	1431,53
784,68	1501,16
784,87	1445,87
785,06	1484,78
785,24	1525,74
785,43	1472,49
785,62	1476,59
785,81	1464,30
785,99	1449,96
786,18	1435,63
786,37	1443,82
786,56	1409,00
786,74	1470,44
786,93	1497,07
787,12	1472,49
787,30	1349,61
787,49	1499,11
787,68	1384,43
787,87	1363,95
788,05	1449,96
788,24	1406,95
788,43	1472,49
788,61	1458,15
788,80	1507,30
788,99	1400,81
789,17	1484,78
789,36	1398,76
789,55	1480,68
789,73	1437,67
789,92	1447,91
790,11	1499,11
790,30	1480,68
790,48	1409,00
790,67	1499,11
790,86	1406,95
791,04	1499,11
791,23	1490,92
791,42	1423,34
791,60	1370,09
791,79	1402,86
791,98	1388,52
792,16	1423,34
792,35	1357,80
792,54	1415,15
792,72	1550,31
792,91	1454,06
793,10	1413,10
793,28	1431,53
793,47	1368,04
793,66	1449,96
793,84	1322,99
794,03	1437,67
794,22	1386,47
794,40	1372,14
794,59	1402,86
794,77	1433,58
794,96	1368,04
795,15	1447,91
795,33	1314,80
795,52	1472,49
795,71	1445,87
795,89	1366,00
796,08	1449,96
796,27	1415,15
796,45	1394,67
796,64	1388,52
796,82	1349,61
797,01	1398,76
797,20	1533,93
797,38	1392,62
797,57	1308,65
797,76	1400,81
797,94	1456,11
798,13	1454,06
798,31	1378,28
798,50	1402,86
798,69	1544,17
798,87	1394,67
799,06	1341,42
799,24	1374,19
799,43	1388,52
799,62	1454,06
799,80	1411,05
799,99	1558,50
800,17	1456,11
800,36	1505,26
800,55	1378,28
800,73	1396,71
800,92	1327,08
801,10	1431,53
801,29	1392,62
801,48	1466,35
801,66	1417,19
801,85	1439,72
802,03	1447,91
802,22	1433,58
802,40	1388,52
802,59	1343,47
802,78	1325,04
802,96	1419,24
803,15	1452,01
803,33	1470,44
803,52	1486,83
803,70	1355,76
803,89	1392,62
804,08	1316,84
804,26	1460,20
804,45	1484,78
804,63	1441,77
804,82	1454,06
805,00	1433,58
805,19	1433,58
805,37	1443,82
805,56	1415,15
805,74	1411,05
805,93	1394,67
806,12	1359,85
806,30	1474,54
806,49	1388,52
806,67	1452,01
806,86	1392,62
807,04	1421,29
807,23	1386,47
807,41	1392,62
807,60	1456,11
807,78	1396,71
807,97	1718,25
808,15	1343,47
808,34	1480,68
808,52	1402,86
808,71	1396,71
808,89	1462,25
809,08	1394,67
809,27	1398,76
809,45	1429,48
809,64	1409,00
809,82	1392,62
810,01	1437,67
810,19	1421,29
810,38	1386,47
810,56	1406,95
810,75	1462,25
810,93	1372,14
811,12	1329,13
811,30	1363,95
811,49	1402,86
811,67	1425,39
811,85	1454,06
812,04	1351,66
812,22	1396,71
812,41	1390,57
812,59	1406,95
812,78	1349,61
812,96	1429,48
813,15	1445,87
813,33	1357,80
813,52	1409,00
813,70	1406,95
813,89	1470,44
814,07	1478,63
814,26	1425,39
814,44	1345,52
814,63	1351,66
814,81	1413,10
815,00	1394,67
815,18	1441,77
815,36	1413,10
815,55	1425,39
815,73	1490,92
815,92	1447,91
816,10	1474,54
816,29	1460,20
816,47	1404,91
816,66	1452,01
816,84	1411,05
817,02	1445,87
817,21	1392,62
817,39	1452,01
817,58	1435,63
817,76	1466,35
817,95	1370,09
818,13	1363,95
818,32	1390,57
818,50	1435,63
818,68	1433,58
818,87	1388,52
819,05	1372,14
819,24	1462,25
819,42	1452,01
819,60	1374,19
819,79	1441,77
819,97	1392,62
820,16	1409,00
820,34	1452,01
820,53	1374,19
820,71	1396,71
820,89	1394,67
821,08	1304,56
821,26	1386,47
821,45	1353,71
821,63	1400,81
821,81	1411,05
822,00	1372,14
822,18	1486,83
822,37	1439,72
822,55	1376,24
822,73	1368,04
822,92	1468,39
823,10	1304,56
823,28	1363,95
823,47	1466,35
823,65	1361,90
823,84	1521,64
824,02	1454,06
824,20	1413,10
824,39	1402,86
824,57	1484,78
824,75	1488,87
824,94	1454,06
825,12	1548,26
825,31	1411,05
825,49	1415,15
825,67	1366,00
825,86	1417,19
826,04	1552,36
826,22	1460,20
826,41	1527,78
826,59	1439,72
826,77	1499,11
826,96	1452,01
827,14	1452,01
827,32	1423,34
827,51	1499,11
827,69	1429,48
827,87	1409,00
828,06	1529,83
828,24	1431,53
828,42	1361,90
828,61	1441,77
828,79	1431,53
828,97	1460,20
829,16	1564,65
829,34	1388,52
829,52	1425,39
829,71	1445,87
829,89	1441,77
830,07	1478,63
830,26	1503,21
830,44	1392,62
830,62	1476,59
830,81	1449,96
830,99	1501,16
831,17	1497,07
831,36	1396,71
831,54	1423,34
831,72	1445,87
831,91	1343,47
832,09	1370,09
832,27	1366,00
832,45	1533,93
832,64	1529,83
832,82	1441,77
833,00	1372,14
833,19	1429,48
833,37	1460,20
833,55	1515,50
833,73	1458,15
833,92	1447,91
834,10	1392,62
834,28	1478,63
834,47	1441,77
834,65	1437,67
834,83	1492,97
835,01	1445,87
835,20	1439,72
835,38	1470,44
835,56	1417,19
835,74	1449,96
835,93	1406,95
836,11	1525,74
836,29	1484,78
836,47	1540,07
836,66	1366,00
836,84	1519,59
837,02	1478,63
837,21	1495,02
837,39	1398,76
837,57	1429,48
837,75	1400,81
837,94	1406,95
838,12	1423,34
838,30	1427,43
838,48	1427,43
838,66	1386,47
838,85	1474,54
839,03	1372,14
839,21	1372,14
839,39	1429,48
839,58	1445,87
839,76	1507,30
839,94	1437,67
840,12	1447,91
840,31	1474,54
840,49	1501,16
840,67	1521,64
840,85	1447,91
841,03	1411,05
841,22	1449,96
841,40	1433,58
841,58	1499,11
841,76	1419,24
841,94	1464,30
842,13	1583,08
842,31	1427,43
842,49	1458,15
842,67	1386,47
842,85	1476,59
843,04	1568,74
843,22	1468,39
843,40	1390,57
843,58	1472,49
843,76	1490,92
843,95	1417,19
844,13	1531,88
844,31	1386,47
844,49	1423,34
844,67	1445,87
844,86	1445,87
845,04	1431,53
845,22	1433,58
845,40	1425,39
845,58	1558,50
845,76	1413,10
845,95	1503,21
846,13	1433,58
846,31	1478,63
846,49	1472,49
846,67	1468,39
846,85	1400,81
847,04	1488,87
847,22	1472,49
847,40	1394,67
847,58	1443,82
847,76	1480,68
847,94	1431,53
848,12	1544,17
848,31	1490,92
848,49	1404,91
848,67	1431,53
848,85	1503,21
849,03	1515,50
849,21	1468,39
849,39	1423,34
849,58	1581,03
849,76	1421,29
849,94	1478,63
850,12	1472,49
850,30	1501,16
850,48	1509,35
850,66	1488,87
850,84	1480,68
851,03	1468,39
851,21	1462,25
851,39	1497,07
851,57	1515,50
851,75	1449,96
851,93	1499,11
852,11	1476,59
852,29	1468,39
852,47	1495,02
852,66	1486,83
852,84	1419,24
853,02	1411,05
853,20	1472,49
853,38	1505,26
853,56	1456,11
853,74	1441,77
853,92	1490,92
854,10	1404,91
854,28	1437,67
854,46	1363,95
854,65	1468,39
854,83	1452,01
855,01	1452,01
855,19	1443,82
855,37	1423,34
855,55	1488,87
855,73	1552,36
855,91	1478,63
856,09	1497,07
856,27	1519,59
856,45	1482,73
856,63	1505,26
856,81	1484,78
857,00	1497,07
857,18	1439,72
857,36	1464,30
857,54	1531,88
857,72	1415,15
857,90	1492,97
858,08	1503,21
858,26	1468,39
858,44	1456,11
858,62	1492,97
858,80	1409,00
858,98	1497,07
859,16	1361,90
859,34	1452,01
859,52	1523,69
859,70	1587,18
859,88	1462,25
860,06	1425,39
860,24	1474,54
860,42	1511,40
860,60	1544,17
860,78	1486,83
860,96	1449,96
861,14	1433,58
861,32	1511,40
861,50	1495,02
861,69	1427,43
861,87	1513,45
862,05	1476,59
862,23	1425,39
862,41	1409,00
862,59	1433,58
862,77	1456,11
862,95	1392,62
863,13	1497,07
863,31	1484,78
863,49	1382,38
863,67	1507,30
863,85	1488,87
864,03	1488,87
864,21	1490,92
864,39	1386,47
864,57	1462,25
864,75	1484,78
864,92	1525,74
865,10	1464,30
865,28	1382,38
865,46	1478,63
865,64	1437,67
865,82	1509,35
866,00	1378,28
866,18	1495,02
866,36	1472,49
866,54	1480,68
866,72	1464,30
866,90	1486,83
867,08	1482,73
867,26	1449,96
867,44	1357,80
867,62	1445,87
867,80	1472,49
867,98	1468,39
868,16	1445,87
868,34	1429,48
868,52	1488,87
868,70	1388,52
868,88	1449,96
869,06	1409,00
869,24	1421,29
869,42	1462,25
869,59	1447,91
869,77	1429,48
869,95	1525,74
870,13	1439,72
870,31	1433,58
870,49	1538,02
870,67	1476,59
870,85	1431,53
871,03	1480,68
871,21	1540,07
871,39	1478,63
871,57	1474,54
871,75	1507,30
871,92	1443,82
872,10	1484,78
872,28	1413,10
872,46	1437,67
872,64	1488,87
872,82	1476,59
873,00	1437,67
873,18	1470,44
873,36	1417,19
873,54	1351,66
873,72	1445,87
873,89	1472,49
874,07	1484,78
874,25	1544,17
874,43	1456,11
874,61	1411,05
874,79	1398,76
874,97	1462,25
875,15	1470,44
875,33	1460,20
875,50	1478,63
875,68	1488,87
875,86	1484,78
876,04	1476,59
876,22	1482,73
876,40	1488,87
876,58	1468,39
876,76	1560,55
876,93	1458,15
877,11	1454,06
877,29	1533,93
877,47	1456,11
877,65	1488,87
877,83	1452,01
878,01	1486,83
878,18	1400,81
878,36	1480,68
878,54	1443,82
878,72	1447,91
878,90	1411,05
879,08	1492,97
879,25	1490,92
879,43	1423,34
879,61	1513,45
879,79	1458,15
879,97	1470,44
880,15	1421,29
880,32	1431,53
880,50	1519,59
880,68	1411,05
880,86	1464,30
881,04	1470,44
881,22	1490,92
881,39	1452,01
881,57	1595,37
881,75	1497,07
881,93	1396,71
882,11	1462,25
882,28	1447,91
882,46	1406,95
882,64	1417,19
882,82	1449,96
883,00	1531,88
883,18	1544,17
883,35	1427,43
883,53	1449,96
883,71	1452,01
883,89	1507,30
884,07	1470,44
884,24	1460,20
884,42	1423,34
884,60	1400,81
884,78	1521,64
884,95	1480,68
885,13	1449,96
885,31	1462,25
885,49	1380,33
885,67	1462,25
885,84	1452,01
886,02	1511,40
886,20	1480,68
886,38	1462,25
886,55	1497,07
886,73	1409,00
886,91	1445,87
887,09	1488,87
887,26	1429,48
887,44	1492,97
887,62	1472,49
887,80	1396,71
887,98	1464,30
888,15	1488,87
888,33	1484,78
888,51	1470,44
888,69	1550,31
888,86	1468,39
889,04	1488,87
889,22	1458,15
889,39	1495,02
889,57	1476,59
889,75	1441,77
889,93	1437,67
890,10	1433,58
890,28	1454,06
890,46	1404,91
890,64	1538,02
890,81	1449,96
890,99	1452,01
891,17	1456,11
891,34	1460,20
891,52	1417,19
891,70	1437,67
891,88	1495,02
892,05	1433,58
892,23	1486,83
892,41	1509,35
892,58	1482,73
892,76	1574,89
892,94	1486,83
893,12	1538,02
893,29	1470,44
893,47	1368,04
893,65	1406,95
893,82	1437,67
894,00	1495,02
894,18	1402,86
894,35	1427,43
894,53	1456,11
894,71	1503,21
894,89	1361,90
895,06	1427,43
895,24	1560,55
895,42	1392,62
895,59	1517,54
895,77	1433,58
895,95	1533,93
896,12	1443,82
896,30	1433,58
896,48	1413,10
896,65	1478,63
896,83	1329,13
897,01	1384,43
897,18	1421,29
897,36	1474,54
897,54	1482,73
897,71	1525,74
897,89	1435,63
898,07	1417,19
898,24	1427,43
898,42	1363,95
898,59	1482,73
898,77	1474,54
898,95	1427,43
899,12	1445,87
899,30	1419,24
899,48	1402,86
899,65	1501,16
899,83	1411,05
900,01	1390,57
900,18	1497,07
900,36	1411,05
900,53	1490,92
900,71	1417,19
900,89	1427,43
901,06	1411,05
901,24	1441,77
901,42	1445,87
901,59	1400,81
901,77	1452,01
901,94	1374,19
902,12	1443,82
902,30	1486,83
902,47	1529,83
902,65	1376,24
902,82	1515,50
903,00	1499,11
903,18	1415,15
903,35	1402,86
903,53	1413,10
903,70	1454,06
903,88	1386,47
904,06	1460,20
904,23	1439,72
904,41	1400,81
904,58	1499,11
904,76	1370,09
904,93	1435,63
905,11	1392,62
905,29	1492,97
905,46	1325,04
905,64	1429,48
905,81	1433,58
905,99	1409,00
906,16	1507,30
906,34	1345,52
906,52	1372,14
906,69	1433,58
906,87	1437,67
907,04	1398,76
907,22	1388,52
907,39	1482,73
907,57	1495,02
907,75	1452,01
907,92	1433,58
908,10	1533,93
908,27	1460,20
908,45	1437,67
908,62	1404,91
908,80	1433,58
908,97	1462,25
909,15	1439,72
909,32	1472,49
909,50	1456,11
909,67	1392,62
909,85	1495,02
910,03	1384,43
910,20	1439,72
910,38	1484,78
910,55	1464,30
910,73	1339,37
910,90	1411,05
911,08	1509,35
911,25	1441,77
911,43	1447,91
911,60	1472,49
911,78	1464,30
911,95	1421,29
912,13	1388,52
912,30	1398,76
912,48	1386,47
912,65	1435,63
912,83	1503,21
913,00	1400,81
913,18	1480,68
913,35	1394,67
913,53	1339,37
913,70	1490,92
913,88	1525,74
914,05	1507,30
914,23	1343,47
914,40	1419,24
914,58	1486,83
914,75	1447,91
914,93	1460,20
915,10	1480,68
915,27	1503,21
915,45	1447,91
915,62	1445,87
915,80	1435,63
915,97	1482,73
916,15	1492,97
916,32	1570,79
916,50	1431,53
916,67	1509,35
916,85	1441,77
917,02	1435,63
917,20	1456,11
917,37	1478,63
917,54	1544,17
917,72	1464,30
917,89	1495,02
918,07	1443,82
918,24	1476,59
918,42	1505,26
918,59	1509,35
918,77	1480,68
918,94	1535,98
919,11	1351,66
919,29	1474,54
919,46	1492,97
919,64	1482,73
919,81	1433,58
919,99	1474,54
920,16	1482,73
920,33	1576,94
920,51	1484,78
920,68	1517,54
920,86	1421,29
921,03	1525,74
921,20	1423,34
921,38	1452,01
921,55	1411,05
921,73	1396,71
921,90	1402,86
922,07	1462,25
922,25	1433,58
922,42	1509,35
922,60	1490,92
922,77	1449,96
922,94	1478,63
923,12	1466,35
923,29	1484,78
923,47	1452,01
923,64	1419,24
923,81	1460,20
923,99	1421,29
924,16	1456,11
924,34	1433,58
924,51	1486,83
924,68	1519,59
924,86	1474,54
925,03	1431,53
925,20	1515,50
925,38	1423,34
925,55	1525,74
925,72	1439,72
925,90	1460,20
926,07	1433,58
926,25	1488,87
926,42	1435,63
926,59	1515,50
926,77	1386,47
926,94	1476,59
927,11	1384,43
927,29	1501,16
927,46	1544,17
927,63	1527,78
927,81	1468,39
927,98	1495,02
928,15	1433,58
928,33	1492,97
928,50	1472,49
928,67	1488,87
928,85	1425,39
929,02	1466,35
929,19	1517,54
929,37	1525,74
929,54	1429,48
929,71	1556,46
929,89	1384,43
930,06	1452,01
930,23	1501,16
930,41	1513,45
930,58	1421,29
930,75	1497,07
930,92	1452,01
931,10	1447,91
931,27	1417,19
931,44	1501,16
931,62	1460,20
931,79	1384,43
931,96	1486,83
932,14	1447,91
932,31	1445,87
932,48	1482,73
932,65	1447,91
932,83	1501,16
933,00	1378,28
933,17	1564,65
933,35	1429,48
933,52	1525,74
933,69	1476,59
933,86	1546,22
934,04	1400,81
934,21	1429,48
934,38	1435,63
934,55	1472,49
934,73	1419,24
934,90	1460,20
935,07	1521,64
935,25	1572,84
935,42	1521,64
935,59	1423,34
935,76	1472,49
935,94	1406,95
936,11	1513,45
936,28	1474,54
936,45	1447,91
936,63	1398,76
936,80	1335,28
936,97	1478,63
937,14	1560,55
937,31	1535,98
937,49	1538,02
937,66	1423,34
937,83	1478,63
938,00	1406,95
938,18	1511,40
938,35	1466,35
938,52	1525,74
938,69	1456,11
938,87	1509,35
939,04	1484,78
939,21	1363,95
939,38	1488,87
939,55	1429,48
939,73	1529,83
939,90	1433,58
940,07	1357,80
940,24	1443,82
940,41	1472,49
940,59	1374,19
940,76	1462,25
940,93	1398,76
941,10	1380,33
941,27	1505,26
941,45	1464,30
941,62	1540,07
941,79	1466,35
941,96	1454,06
942,13	1519,59
942,31	1523,69
942,48	1572,84
942,65	1449,96
942,82	1433,58
942,99	1486,83
943,16	1427,43
943,34	1488,87
943,51	1404,91
943,68	1480,68
943,85	1468,39
944,02	1472,49
944,19	1429,48
944,37	1415,15
944,54	1472,49
944,71	1484,78
944,88	1515,50
945,05	1492,97
945,22	1492,97
945,40	1486,83
945,57	1363,95
945,74	1390,57
945,91	1435,63
946,08	1525,74
946,25	1517,54
946,42	1478,63
946,60	1505,26
946,77	1544,17
946,94	1538,02
947,11	1484,78
947,28	1482,73
947,45	1361,90
947,62	1480,68
947,79	1460,20
947,97	1529,83
948,14	1488,87
948,31	1449,96
948,48	1398,76
948,65	1447,91
948,82	1411,05
948,99	1419,24
949,16	1492,97
949,33	1353,71
949,51	1488,87
949,68	1507,30
949,85	1464,30
950,02	1452,01
950,19	1525,74
950,36	1503,21
950,53	1421,29
950,70	1435,63
950,87	1503,21
951,04	1472,49
951,22	1531,88
951,39	1468,39
951,56	1484,78
951,73	1466,35
951,90	1400,81
952,07	1439,72
952,24	1458,15
952,41	1554,41
952,58	1427,43
952,75	1445,87
952,92	1431,53
953,09	1409,00
953,26	1460,20
953,43	1458,15
953,61	1576,94
953,78	1460,20
953,95	1505,26
954,12	1417,19
954,29	1445,87
954,46	1413,10
954,63	1460,20
954,80	1531,88
954,97	1492,97
955,14	1429,48
955,31	1398,76
955,48	1429,48
955,65	1456,11
955,82	1382,38
955,99	1486,83
956,16	1380,33
956,33	1486,83
956,50	1386,47
956,67	1433,58
956,84	1441,77
957,01	1492,97
957,18	1517,54
957,35	1406,95
957,52	1462,25
957,69	1535,98
957,86	1423,34
958,03	1468,39
958,20	1456,11
958,37	1431,53
958,54	1449,96
958,71	1302,51
958,88	1558,50
959,05	1495,02
959,22	1490,92
959,39	1513,45
959,56	1476,59
959,73	1521,64
959,90	1423,34
960,07	1335,28
960,24	1404,91
960,41	1447,91
960,58	1505,26
960,75	1400,81
960,92	1519,59
961,09	1382,38
961,26	1452,01
961,43	1402,86
961,60	1474,54
961,77	1490,92
961,94	1429,48
962,11	1472,49
962,28	1486,83
962,45	1443,82
962,62	1464,30
962,79	1433,58
962,96	1415,15
963,13	1501,16
963,30	1550,31
963,47	1419,24
963,64	1476,59
963,81	1503,21
963,98	1429,48
964,14	1460,20
964,31	1550,31
964,48	1454,06
964,65	1464,30
964,82	1460,20
964,99	1529,83
965,16	1398,76
965,33	1433,58
965,50	1433,58
965,67	1488,87
965,84	1402,86
966,01	1470,44
966,18	1363,95
966,35	1392,62
966,51	1462,25
966,68	1505,26
966,85	1452,01
967,02	1478,63
967,19	1464,30
967,36	1462,25
967,53	1474,54
967,70	1361,90
967,87	1558,50
968,04	1423,34
968,21	1425,39
968,37	1466,35
968,54	1423,34
968,71	1452,01
968,88	1460,20
969,05	1519,59
969,22	1411,05
969,39	1411,05
969,56	1400,81
969,72	1402,86
969,89	1470,44
970,06	1423,34
970,23	1394,67
970,40	1470,44
970,57	1464,30
970,74	1452,01
970,91	1376,24
971,07	1421,29
971,24	1357,80
971,41	1452,01
971,58	1474,54
971,75	1441,77
971,92	1435,63
972,09	1466,35
972,25	1431,53
972,42	1419,24
972,59	1374,19
972,76	1523,69
972,93	1372,14
973,10	1341,42
973,27	1480,68
973,43	1390,57
973,60	1435,63
973,77	1511,40
973,94	1361,90
974,11	1482,73
974,28	1404,91
974,44	1421,29
974,61	1472,49
974,78	1402,86
974,95	1413,10
975,12	1560,55
975,28	1470,44
975,45	1449,96
975,62	1402,86
975,79	1417,19
975,96	1411,05
976,12	1497,07
976,29	1482,73
976,46	1394,67
976,63	1480,68
976,80	1423,34
976,96	1382,38
977,13	1411,05
977,30	1380,33
977,47	1413,10
977,64	1480,68
977,80	1378,28
977,97	1382,38
978,14	1394,67
978,31	1427,43
978,48	1421,29
978,64	1482,73
978,81	1476,59
978,98	1404,91
979,15	1423,34
979,31	1423,34
979,48	1462,25
979,65	1431,53
979,82	1456,11
979,98	1423,34
980,15	1472,49
980,32	1462,25
980,49	1404,91
980,66	1441,77
980,82	1411,05
980,99	1499,11
981,16	1452,01
981,33	1503,21
981,49	1421,29
981,66	1513,45
981,83	1349,61
981,99	1443,82
982,16	1468,39
982,33	1484,78
982,50	1406,95
982,66	1431,53
982,83	1413,10
983,00	1507,30
983,17	1456,11
983,33	1406,95
983,50	1468,39
983,67	1476,59
983,83	1488,87
984,00	1339,37
984,17	1495,02
984,34	1390,57
984,50	1445,87
984,67	1419,24
984,84	1443,82
985,00	1421,29
985,17	1417,19
985,34	1374,19
985,51	1495,02
985,67	1441,77
985,84	1421,29
986,01	1366,00
986,17	1353,71
986,34	1349,61
986,51	1411,05
986,67	1353,71
986,84	1447,91
987,01	1304,56
987,17	1435,63
987,34	1406,95
987,51	1374,19
987,67	1341,42
987,84	1538,02
988,01	1456,11
988,17	1394,67
988,34	1398,76
988,51	1468,39
988,67	1480,68
988,84	1468,39
989,01	1320,94
989,17	1378,28
989,34	1400,81
989,51	1409,00
989,67	1495,02
989,84	1507,30
990,01	1359,85
990,17	1429,48
990,34	1433,58
990,51	1503,21
990,67	1427,43
990,84	1433,58
991,01	1333,23
991,17	1497,07
991,34	1329,13
991,50	1449,96
991,67	1409,00
991,84	1339,37
992,00	1437,67
992,17	1372,14
992,34	1480,68
992,50	1484,78
992,67	1394,67
992,83	1433,58
993,00	1361,90
993,17	1427,43
993,33	1447,91
993,50	1478,63
993,66	1392,62
993,83	1519,59
994,00	1402,86
994,16	1462,25
994,33	1366,00
994,49	1396,71
994,66	1443,82
994,83	1427,43
994,99	1413,10
995,16	1413,10
995,32	1419,24
995,49	1441,77
995,66	1353,71
995,82	1390,57
995,99	1361,90
996,15	1368,04
996,32	1394,67
996,48	1404,91
996,65	1421,29
996,82	1413,10
996,98	1456,11
997,15	1425,39
997,31	1462,25
997,48	1425,39
997,64	1406,95
997,81	1511,40
997,97	1394,67
998,14	1411,05
998,31	1423,34
998,47	1368,04
998,64	1435,63
998,80	1431,53
998,97	1351,66
999,13	1492,97
999,30	1419,24
999,46	1392,62
999,63	1396,71
999,79	1411,05
999,96	1441,77
1000,12	1441,77
1000,29	1443,82
1000,45	1396,71
1000,62	1370,09
1000,79	1464,30
1000,95	1486,83
1001,12	1445,87
1001,28	1298,41
1001,45	1443,82
1001,61	1476,59
1001,78	1447,91
1001,94	1581,03
1002,11	1462,25
1002,27	1460,20
1002,44	1386,47
1002,60	1409,00
1002,77	1507,30
1002,93	1435,63
1003,10	1355,76
1003,26	1466,35
1003,43	1454,06
1003,59	1470,44
1003,76	1466,35
1003,92	1499,11
1004,09	1441,77
1004,25	1368,04
1004,41	1464,30
1004,58	1419,24
1004,74	1409,00
1004,91	1423,34
1005,07	1433,58
1005,24	1470,44
1005,40	1456,11
1005,57	1404,91
1005,73	1482,73
1005,90	1427,43
1006,06	1456,11
1006,23	1392,62
1006,39	1384,43
1006,55	1376,24
1006,72	1402,86
1006,88	1466,35
1007,05	1472,49
1007,21	1411,05
1007,38	1423,34
1007,54	1519,59
1007,71	1443,82
1007,87	1421,29
1008,03	1409,00
1008,20	1456,11
1008,36	1351,66
1008,53	1447,91
1008,69	1382,38
1008,86	1433,58
1009,02	1355,76
1009,18	1427,43
1009,35	1390,57
1009,51	1456,11
1009,68	1386,47
1009,84	1472,49
1010,01	1435,63
1010,17	1419,24
1010,33	1433,58
1010,50	1402,86
1010,66	1443,82
1010,83	1361,90
1010,99	1398,76
1011,15	1372,14
1011,32	1417,19
1011,48	1333,23
1011,65	1400,81
1011,81	1368,04
1011,97	1392,62
1012,14	1478,63
1012,30	1449,96
1012,46	1390,57
1012,63	1439,72
1012,79	1376,24
1012,96	1417,19
1013,12	1372,14
1013,28	1482,73
1013,45	1421,29
1013,61	1398,76
1013,77	1433,58
1013,94	1443,82
1014,10	1370,09
1014,26	1398,76
1014,43	1482,73
1014,59	1337,32
1014,76	1460,20
1014,92	1429,48
1015,08	1292,27
1015,25	1415,15
1015,41	1480,68
1015,57	1435,63
1015,74	1382,38
1015,90	1419,24
1016,06	1370,09
1016,23	1368,04
1016,39	1333,23
1016,55	1486,83
1016,72	1452,01
1016,88	1437,67
1017,04	1292,27
1017,21	1353,71
1017,37	1368,04
1017,53	1406,95
1017,70	1431,53
1017,86	1279,98
1018,02	1353,71
1018,19	1314,80
1018,35	1423,34
1018,51	1460,20
1018,67	1427,43
1018,84	1355,76
1019,00	1421,29
1019,16	1443,82
1019,33	1427,43
1019,49	1509,35
1019,65	1460,20
1019,82	1376,24
1019,98	1417,19
1020,14	1413,10
1020,30	1513,45
1020,47	1380,33
1020,63	1413,10
1020,79	1447,91
1020,96	1409,00
1021,12	1406,95
1021,28	1431,53
1021,44	1423,34
1021,61	1382,38
1021,77	1327,08
1021,93	1435,63
1022,09	1329,13
1022,26	1413,10
1022,42	1404,91
1022,58	1454,06
1022,74	1443,82
1022,91	1386,47
1023,07	1331,18
1023,23	1394,67
1023,39	1370,09
1023,56	1335,28
1023,72	1509,35
1023,88	1419,24
1024,04	1431,53
1024,21	1368,04
1024,37	1460,20
1024,53	1380,33
1024,69	1372,14
1024,86	1400,81
1025,02	1386,47
1025,18	1351,66
1025,34	1361,90
1025,50	1476,59
1025,67	1368,04
1025,83	1439,72
1025,99	1468,39
1026,15	1409,00
1026,32	1368,04
1026,48	1343,47
1026,64	1429,48
1026,80	1390,57
1026,96	1482,73
1027,13	1445,87
1027,29	1560,55
1027,45	1347,56
1027,61	1396,71
1027,77	1402,86
1027,94	1421,29
1028,10	1464,30
1028,26	1357,80
1028,42	1415,15
1028,58	1480,68
1028,75	1388,52
1028,91	1495,02
1029,07	1322,99
1029,23	1499,11
1029,39	1443,82
1029,55	1439,72
1029,72	1431,53
1029,88	1456,11
1030,04	1329,13
1030,20	1464,30
1030,36	1337,32
1030,52	1417,19
1030,69	1439,72
1030,85	1435,63
1031,01	1415,15
1031,17	1409,00
1031,33	1355,76
1031,49	1464,30
1031,65	1409,00
1031,82	1437,67
1031,98	1423,34
1032,14	1380,33
1032,30	1456,11
1032,46	1535,98
1032,62	1421,29
1032,78	1458,15
1032,95	1372,14
1033,11	1384,43
1033,27	1327,08
1033,43	1390,57
1033,59	1452,01
1033,75	1501,16
1033,91	1361,90
1034,07	1486,83
1034,24	1404,91
1034,40	1417,19
1034,56	1411,05
1034,72	1419,24
1034,88	1452,01
1035,04	1353,71
1035,20	1406,95
1035,36	1366,00
1035,52	1433,58
1035,68	1353,71
1035,85	1456,11
1036,01	1419,24
1036,17	1472,49
1036,33	1427,43
1036,49	1351,66
1036,65	1347,56
1036,81	1396,71
1036,97	1415,15
1037,13	1462,25
1037,29	1376,24
1037,45	1480,68
1037,61	1372,14
1037,78	1423,34
1037,94	1488,87
1038,10	1427,43
1038,26	1394,67
1038,42	1425,39
1038,58	1460,20
1038,74	1351,66
1038,90	1554,41
1039,06	1431,53
1039,22	1427,43
1039,38	1402,86
1039,54	1349,61
1039,70	1331,18
1039,86	1404,91
1040,02	1392,62
1040,18	1460,20
1040,34	1370,09
1040,50	1492,97
1040,66	1398,76
1040,83	1411,05
1040,99	1437,67
1041,15	1480,68
1041,31	1363,95
1041,47	1449,96
1041,63	1449,96
1041,79	1462,25
1041,95	1404,91
1042,11	1411,05
1042,27	1458,15
1042,43	1382,38
1042,59	1495,02
1042,75	1337,32
1042,91	1374,19
