344,25	1232,88
344,46	1232,88
344,68	1232,88
344,90	1282,03
345,12	1257,45
345,34	1333,23
345,55	1439,72
345,77	1472,49
345,99	1359,85
346,21	1427,43
346,42	1447,91
346,64	1400,81
346,86	1351,66
347,08	1488,87
347,30	1335,28
347,51	1366,00
347,73	1372,14
347,95	1511,40
348,17	1409,00
348,38	1363,95
348,60	1476,59
348,82	1419,24
349,04	1437,67
349,25	1456,11
349,47	1554,41
349,69	1464,30
349,91	1445,87
350,13	1495,02
350,34	1431,53
350,56	1353,71
350,78	1492,97
351,00	1400,81
351,21	1437,67
351,43	1484,78
351,65	1359,85
351,87	1331,18
352,08	1388,52
352,30	1411,05
352,52	1361,90
352,74	1341,42
352,95	1435,63
353,17	1333,23
353,39	1419,24
353,61	1443,82
353,82	1386,47
354,04	1425,39
354,26	1406,95
354,47	1433,58
354,69	1437,67
354,91	1441,77
355,13	1404,91
355,34	1447,91
355,56	1372,14
355,78	1394,67
356,00	1538,02
356,21	1396,71
356,43	1464,30
356,65	1509,35
356,86	1406,95
357,08	1472,49
357,30	1435,63
357,52	1433,58
357,73	1447,91
357,95	1421,29
358,17	1392,62
358,38	1447,91
358,60	1449,96
358,82	1511,40
359,04	1431,53
359,25	1519,59
359,47	1576,94
359,69	1443,82
359,90	1468,39
360,12	1546,22
360,34	1435,63
360,56	1527,78
360,77	1585,13
360,99	1523,69
361,21	1542,12
361,42	1439,72
361,64	1492,97
361,86	1507,30
362,07	1415,15
362,29	1527,78
362,51	1550,31
362,73	1503,21
362,94	1490,92
363,16	1495,02
363,38	1517,54
363,59	1595,37
363,81	1484,78
364,03	1495,02
364,24	1511,40
364,46	1562,60
364,68	1509,35
364,89	1488,87
365,11	1542,12
365,33	1507,30
365,54	1540,07
365,76	1538,02
365,98	1550,31
366,19	1540,07
366,41	1529,83
366,63	1507,30
366,84	1499,11
367,06	1546,22
367,28	1611,75
367,49	1507,30
367,71	1542,12
367,93	1413,10
368,14	1601,51
368,36	1513,45
368,58	1574,89
368,79	1466,35
369,01	1574,89
369,23	1546,22
369,44	1507,30
369,66	1488,87
369,88	1562,60
370,09	1466,35
370,31	1591,27
370,53	1507,30
370,74	1560,55
370,96	1554,41
371,18	1503,21
371,39	1427,43
371,61	1570,79
371,82	1566,70
372,04	1542,12
372,26	1548,26
372,47	1593,32
372,69	1511,40
372,91	1531,88
373,12	1509,35
373,34	1542,12
373,56	1519,59
373,77	1552,36
373,99	1433,58
374,20	1601,51
374,42	1564,65
374,64	1589,22
374,85	1468,39
375,07	1519,59
375,29	1568,74
375,50	1523,69
375,72	1417,19
375,93	1443,82
376,15	1445,87
376,37	1507,30
376,58	1466,35
376,80	1617,90
377,01	1460,20
377,23	1533,93
377,45	1515,50
377,66	1554,41
377,88	1443,82
378,10	1406,95
378,31	1509,35
378,53	1562,60
378,74	1492,97
378,96	1464,30
379,18	1466,35
379,39	1525,74
379,61	1497,07
379,82	1535,98
380,04	1437,67
380,26	1468,39
380,47	1437,67
380,69	1441,77
380,90	1589,22
381,12	1423,34
381,33	1466,35
381,55	1458,15
381,77	1466,35
381,98	1374,19
382,20	1400,81
382,41	1488,87
382,63	1486,83
382,85	1431,53
383,06	1437,67
383,28	1462,25
383,49	1464,30
383,71	1478,63
383,92	1445,87
384,14	1314,80
384,36	1366,00
384,57	1386,47
384,79	1443,82
385,00	1460,20
385,22	1472,49
385,43	1388,52
385,65	1511,40
385,87	1411,05
386,08	1464,30
386,30	1406,95
386,51	1439,72
386,73	1462,25
386,94	1464,30
387,16	1460,20
387,37	1492,97
387,59	1378,28
387,81	1429,48
388,02	1527,78
388,24	1417,19
388,45	1427,43
388,67	1404,91
388,88	1495,02
389,10	1378,28
389,31	1523,69
389,53	1531,88
389,75	1507,30
389,96	1409,00
390,18	1431,53
390,39	1419,24
390,61	1470,44
390,82	1423,34
391,04	1544,17
391,25	1456,11
391,47	1374,19
391,68	1443,82
391,90	1437,67
392,11	1400,81
392,33	1431,53
392,54	1433,58
392,76	1447,91
392,97	1470,44
393,19	1492,97
393,41	1533,93
393,62	1462,25
393,84	1411,05
394,05	1462,25
394,27	1421,29
394,48	1456,11
394,70	1486,83
394,91	1472,49
395,13	1396,71
395,34	1519,59
395,56	1495,02
395,77	1470,44
395,99	1439,72
396,20	1443,82
396,42	1497,07
396,63	1525,74
396,85	1480,68
397,06	1476,59
397,28	1355,76
397,49	1402,86
397,71	1495,02
397,92	1488,87
398,14	1468,39
398,35	1550,31
398,57	1556,46
398,78	1562,60
399,00	1503,21
399,21	1488,87
399,43	1507,30
399,64	1587,18
399,86	1435,63
400,07	1505,26
400,29	1452,01
400,50	1521,64
400,72	1564,65
400,93	1513,45
401,14	1566,70
401,36	1490,92
401,57	1472,49
401,79	1585,13
402,00	1495,02
402,22	1544,17
402,43	1523,69
402,65	1488,87
402,86	1513,45
403,08	1570,79
403,29	1511,40
403,51	1497,07
403,72	1556,46
403,94	1542,12
404,15	1542,12
404,36	1462,25
404,58	1751,01
404,79	1519,59
405,01	1574,89
405,22	1503,21
405,44	1458,15
405,65	1533,93
405,87	1517,54
406,08	1515,50
406,30	1462,25
406,51	1535,98
406,72	1568,74
406,94	1466,35
407,15	1495,02
407,37	1501,16
407,58	1495,02
407,80	1558,50
408,01	1548,26
408,23	1550,31
408,44	1527,78
408,65	1509,35
408,87	1505,26
409,08	1490,92
409,30	1533,93
409,51	1472,49
409,73	1497,07
409,94	1564,65
410,15	1529,83
410,37	1554,41
410,58	1570,79
410,80	1497,07
411,01	1476,59
411,23	1490,92
411,44	1466,35
411,65	1593,32
411,87	1576,94
412,08	1484,78
412,30	1546,22
412,51	1472,49
412,72	1581,03
412,94	1544,17
413,15	1431,53
413,37	1521,64
413,58	1470,44
413,79	1509,35
414,01	1535,98
414,22	1519,59
414,44	1503,21
414,65	1515,50
414,86	1523,69
415,08	1423,34
415,29	1542,12
415,51	1564,65
415,72	1411,05
415,93	1488,87
416,15	1495,02
416,36	1589,22
416,58	1533,93
416,79	1587,18
417,00	1554,41
417,22	1542,12
417,43	1417,19
417,65	1527,78
417,86	1513,45
418,07	1560,55
418,29	1501,16
418,50	1413,10
418,71	1449,96
418,93	1386,47
419,14	1413,10
419,36	1484,78
419,57	1480,68
419,78	1552,36
420,00	1515,50
420,21	1538,02
420,42	1531,88
420,64	1615,85
420,85	1517,54
421,06	1544,17
421,28	1550,31
421,49	1501,16
421,71	1581,03
421,92	1587,18
422,13	1554,41
422,35	1525,74
422,56	1486,83
422,77	1490,92
422,99	1572,84
423,20	1486,83
423,41	1488,87
423,63	1517,54
423,84	1470,44
424,05	1550,31
424,27	1527,78
424,48	1519,59
424,69	1556,46
424,91	1814,50
425,12	1546,22
425,33	1568,74
425,55	1591,27
425,76	1513,45
425,97	1587,18
426,19	1538,02
426,40	1445,87
426,61	1632,23
426,83	1546,22
427,04	1540,07
427,25	1564,65
427,47	1552,36
427,68	1632,23
427,89	1515,50
428,11	1535,98
428,32	1632,23
428,53	1480,68
428,75	1533,93
428,96	1505,26
429,17	1564,65
429,39	1525,74
429,60	1615,85
429,81	1552,36
430,03	1509,35
430,24	1492,97
430,45	1576,94
430,67	1560,55
430,88	1507,30
431,09	1529,83
431,30	1578,98
431,52	1576,94
431,73	1482,73
431,94	1486,83
432,16	1495,02
432,37	1572,84
432,58	1478,63
432,80	1603,56
433,01	1509,35
433,22	1480,68
433,43	1617,90
433,65	1540,07
433,86	1492,97
434,07	1529,83
434,29	1507,30
434,50	1470,44
434,71	1515,50
434,92	1591,27
435,14	1554,41
435,35	1566,70
435,56	1517,54
435,77	1527,78
435,99	1503,21
436,20	1501,16
436,41	1464,30
436,63	1490,92
436,84	1486,83
437,05	1482,73
437,26	1527,78
437,48	1552,36
437,69	1583,08
437,90	1497,07
438,11	1548,26
438,33	1449,96
438,54	1509,35
438,75	1566,70
438,96	1593,32
439,18	1525,74
439,39	1505,26
439,60	1513,45
439,82	1523,69
440,03	1538,02
440,24	1538,02
440,45	1443,82
440,67	1464,30
440,88	1435,63
441,09	1564,65
441,30	1447,91
441,51	1492,97
441,73	1400,81
441,94	1492,97
442,15	1505,26
442,36	1615,85
442,58	1472,49
442,79	1480,68
443,00	1558,50
443,21	1644,52
443,43	1472,49
443,64	1466,35
443,85	1548,26
444,06	1578,98
444,28	1568,74
444,49	1464,30
444,70	1429,48
444,91	1632,23
445,12	1609,70
445,34	1460,20
445,55	1652,71
445,76	1527,78
445,97	1554,41
446,18	1566,70
446,40	1576,94
446,61	1509,35
446,82	1501,16
447,03	1619,94
447,25	1576,94
447,46	1507,30
447,67	1574,89
447,88	1478,63
448,09	1578,98
448,31	1542,12
448,52	1556,46
448,73	1546,22
448,94	1517,54
449,15	1505,26
449,37	1499,11
449,58	1515,50
449,79	1593,32
450,00	1656,81
450,21	1619,94
450,43	1552,36
450,64	1576,94
450,85	1609,70
451,06	1654,76
451,27	1601,51
451,48	1642,47
451,70	1560,55
451,91	1566,70
452,12	1529,83
452,33	1515,50
452,54	1552,36
452,76	1658,85
452,97	1677,29
453,18	1634,28
453,39	1566,70
453,60	1685,48
453,81	1538,02
454,03	1581,03
454,24	1570,79
454,45	1642,47
454,66	1611,75
454,87	1605,61
455,08	1648,61
455,30	1677,29
455,51	1636,33
455,72	1581,03
455,93	1626,09
456,14	1634,28
456,35	1613,80
456,56	1617,90
456,78	1613,80
456,99	1691,62
457,20	1634,28
457,41	1675,24
457,62	1642,47
457,83	1679,33
458,04	1667,05
458,26	1642,47
458,47	1578,98
458,68	1617,90
458,89	1669,09
459,10	1554,41
459,31	1626,09
459,52	1742,82
459,74	1658,85
459,95	1660,90
460,16	1660,90
460,37	1740,77
460,58	1619,94
460,79	1638,38
461,00	1738,73
461,21	1644,52
461,43	1585,13
461,64	1660,90
461,85	1665,00
462,06	1662,95
462,27	1638,38
462,48	1660,90
462,69	1669,09
462,90	1695,72
463,12	1687,53
463,33	1615,85
463,54	1617,90
463,75	1652,71
463,96	1726,44
464,17	1673,19
464,38	1720,29
464,59	1765,35
464,80	1673,19
465,01	1753,06
465,23	1761,25
465,44	1675,24
465,65	1648,61
465,86	1673,19
466,07	1669,09
466,28	1703,91
466,49	1765,35
466,70	1800,16
466,91	1679,33
467,12	1746,92
467,33	1665,00
467,55	1716,20
467,76	1734,63
467,97	1730,53
468,18	1726,44
468,39	1689,57
468,60	1753,06
468,81	1699,81
469,02	1720,29
469,23	1724,39
469,44	1708,01
469,65	1587,18
469,86	1720,29
470,07	1697,77
470,29	1914,85
470,50	1763,30
470,71	1765,35
470,92	1824,74
471,13	1701,86
471,34	1877,99
471,55	1806,31
471,76	1701,86
471,97	1767,40
472,18	1742,82
472,39	1775,59
472,60	1744,87
472,81	1712,10
473,02	1808,36
473,23	1828,84
473,44	1802,21
473,65	1896,42
473,87	1708,01
474,08	1847,27
474,29	1828,84
474,50	1839,08
474,71	1894,37
474,92	1912,80
475,13	1855,46
475,34	1916,90
475,55	1898,47
475,76	1863,65
475,97	1892,32
476,18	1847,27
476,39	1929,19
476,60	1902,56
476,81	1927,14
477,02	1970,15
477,23	1957,86
477,44	1953,76
477,65	1894,37
477,86	1974,24
478,07	1959,91
478,28	1898,47
478,49	1923,04
478,70	1953,76
478,91	1886,18
479,12	1984,48
479,33	1943,52
479,54	1918,95
479,75	2097,12
479,96	2168,80
480,17	1998,82
480,38	1972,19
480,59	1994,72
480,80	1994,72
481,01	2056,16
481,22	2078,69
481,43	2068,45
481,64	2045,92
481,85	2050,02
482,06	2082,78
482,27	2150,37
482,48	2158,56
482,69	2213,85
482,90	2107,36
483,11	2248,67
483,32	2246,62
483,53	2045,92
483,74	2197,47
483,95	2174,94
484,16	2168,80
484,37	2166,75
484,58	2277,34
484,79	2258,91
485,00	2211,81
485,21	2254,81
485,42	2353,12
485,63	2369,50
485,84	2340,83
486,05	2197,47
486,26	2328,54
486,47	2389,98
486,68	2310,11
486,89	2322,40
487,10	2322,40
487,31	2465,75
487,52	2258,91
487,73	2451,42
487,94	2324,44
488,15	2459,61
488,36	2414,56
488,57	2461,66
488,77	2385,88
488,98	2463,71
489,19	2539,48
489,40	2437,08
489,61	2443,23
489,82	2449,37
490,03	2500,57
490,24	2463,71
490,45	2586,58
490,66	2488,28
490,87	2543,58
491,08	2498,52
491,29	2478,04
491,50	2588,63
491,71	2576,34
491,92	2514,91
492,13	2523,10
492,33	2494,43
492,54	2525,15
492,75	2590,68
492,96	2465,75
493,17	2574,30
493,38	2619,35
493,59	2615,26
493,80	2594,78
494,01	2662,36
494,22	2654,17
494,43	2586,58
494,64	2623,45
494,85	2574,30
495,05	2582,49
495,26	2648,02
495,47	2742,23
495,68	2662,36
495,89	2656,22
496,10	2627,54
496,31	2688,98
496,52	2719,70
496,73	2623,45
496,94	2680,79
497,15	2748,37
497,35	2797,53
497,56	2588,63
497,77	2746,33
497,98	2695,13
498,19	2731,99
498,40	2658,26
498,61	2824,15
498,82	2570,20
499,03	2711,51
499,23	2621,40
499,44	2865,11
499,65	2654,17
499,86	2650,07
500,07	2777,05
500,28	2744,28
500,49	2672,60
500,70	2844,63
500,91	2617,30
501,11	2783,19
501,32	2775,00
501,53	2901,97
501,74	2799,57
501,95	2779,09
502,16	2725,85
502,37	2779,09
502,57	2807,77
502,78	2936,79
502,99	2721,75
503,20	2811,86
503,41	2727,89
503,62	2768,85
503,83	2803,67
504,03	2965,46
504,24	2758,61
504,45	2947,03
504,66	2867,16
504,87	2967,51
505,08	2947,03
505,29	2955,22
505,49	2877,40
505,70	3061,71
505,91	2992,08
506,12	3084,24
506,33	2969,55
506,54	3174,35
506,75	3035,09
506,95	3182,54
507,16	3182,54
507,37	3088,34
507,58	3069,91
507,79	3239,89
508,00	3055,57
508,20	3166,16
508,41	3012,56
508,62	3278,80
508,83	3074,00
509,04	3184,59
509,24	3252,17
509,45	3661,77
509,66	3356,62
509,87	3375,05
510,08	3198,93
510,29	3454,92
510,49	3266,51
510,70	3327,95
510,91	3348,43
511,12	3483,59
511,33	3225,55
511,53	3483,59
511,74	3358,67
511,95	3354,57
512,16	3334,09
512,37	3784,65
512,57	3416,01
512,78	3592,14
512,99	3463,12
513,20	3641,29
513,41	3598,28
513,61	3493,83
513,82	3428,30
514,03	3741,64
514,24	3399,63
514,45	3803,08
514,65	3463,12
514,86	3659,72
515,07	3495,88
515,28	3702,73
515,49	3426,25
515,69	3717,06
515,90	3465,16
516,11	3862,47
516,32	3520,46
516,52	3686,34
516,73	3573,71
516,94	3596,23
517,15	3289,04
517,36	3629,00
517,56	3493,83
517,77	3571,66
517,98	3540,94
518,19	3485,64
518,39	3438,54
518,60	3549,13
518,81	3295,18
519,02	3524,55
519,22	3358,67
519,43	3590,09
519,64	3354,57
519,85	3405,77
520,05	3293,13
520,26	3456,97
520,47	3252,17
520,68	3209,17
520,88	3305,42
521,09	3520,46
521,30	3172,30
521,51	3340,24
521,71	3045,33
521,92	3278,80
522,13	3127,25
522,34	3268,56
522,54	3037,14
522,75	3205,07
522,96	2992,08
523,17	3082,19
523,37	3030,99
523,58	3127,25
523,79	2871,25
523,99	2967,51
524,20	2865,11
524,41	2889,68
524,62	2836,44
524,82	2789,33
525,03	2586,58
525,24	2893,78
525,45	2668,50
525,65	2838,48
525,86	2627,54
526,07	2772,95
526,27	2553,82
526,48	2711,51
526,69	2721,75
526,90	2721,75
527,10	2473,95
527,31	2652,12
527,52	2381,79
527,72	2650,07
527,93	2383,84
528,14	2578,39
528,34	2447,32
528,55	2451,42
528,76	2365,40
528,97	2551,77
529,17	2297,82
529,38	2418,65
529,59	2316,25
529,79	2576,34
530,00	2236,38
530,21	2465,75
530,41	2271,20
530,62	2279,39
530,83	2332,64
531,03	2320,35
531,24	2125,79
531,45	2363,36
531,65	2301,92
531,86	2160,61
532,07	2117,60
532,27	2131,94
532,48	1980,39
532,69	2142,18
532,89	2000,87
533,10	2062,30
533,31	2062,30
533,51	1998,82
533,72	2009,06
533,93	2084,83
534,13	1914,85
534,34	1955,81
534,55	1970,15
534,75	2058,21
534,96	1986,53
535,17	1939,43
535,37	2009,06
535,58	1959,91
535,79	1947,62
535,99	1865,70
536,20	1859,56
536,41	1857,51
536,61	1785,83
536,82	2004,96
537,03	1851,36
537,23	1791,97
537,44	1785,83
537,64	1892,32
537,85	1923,04
538,06	1900,52
538,26	1718,25
538,47	1900,52
538,68	1621,99
538,88	1808,36
539,09	1789,92
539,30	1775,59
539,50	1871,84
539,71	1787,88
539,91	1695,72
540,12	1871,84
540,33	1683,43
540,53	1697,77
540,74	1759,21
540,94	1671,14
541,15	1648,61
541,36	1810,40
541,56	1726,44
541,77	1746,92
541,98	1722,34
542,18	1800,16
542,39	1730,53
542,59	1767,40
542,80	1724,39
543,01	1574,89
543,21	1589,22
543,42	1746,92
543,62	1726,44
543,83	1689,57
544,04	1617,90
544,24	1716,20
544,45	1646,57
544,65	1681,38
544,86	1658,85
545,06	1656,81
545,27	1615,85
545,48	1687,53
545,68	1550,31
545,89	1611,75
546,09	1607,66
546,30	1503,21
546,51	1697,77
546,71	1624,04
546,92	1527,78
547,12	1621,99
547,33	1566,70
547,53	1599,46
547,74	1581,03
547,95	1572,84
548,15	1597,42
548,36	1576,94
548,56	1566,70
548,77	1576,94
548,97	1650,66
549,18	1660,90
549,39	1578,98
549,59	1568,74
549,80	1531,88
550,00	1589,22
550,21	1599,46
550,41	1525,74
550,62	1546,22
550,82	1572,84
551,03	1529,83
551,23	1488,87
551,44	1456,11
551,65	1548,26
551,85	1509,35
552,06	1525,74
552,26	1501,16
552,47	1388,52
552,67	1546,22
552,88	1449,96
553,08	1593,32
553,29	1456,11
553,49	1458,15
553,70	1499,11
553,90	1617,90
554,11	1443,82
554,32	1497,07
554,52	1544,17
554,73	1456,11
554,93	1513,45
555,14	1390,57
555,34	1501,16
555,55	1617,90
555,75	1505,26
555,96	1474,54
556,16	1533,93
556,37	1501,16
556,57	1398,76
556,78	1486,83
556,98	1544,17
557,19	1509,35
557,39	1492,97
557,60	1454,06
557,80	1476,59
558,01	1454,06
558,21	1531,88
558,42	1511,40
558,62	1525,74
558,83	1556,46
559,03	1386,47
559,24	1472,49
559,44	1556,46
559,65	1474,54
559,85	1517,54
560,06	1474,54
560,26	1497,07
560,47	1548,26
560,67	1441,77
560,88	1464,30
561,08	1531,88
561,29	1503,21
561,49	1435,63
561,70	1445,87
561,90	1398,76
562,10	1466,35
562,31	1523,69
562,51	1443,82
562,72	1458,15
562,92	1476,59
563,13	1552,36
563,33	1505,26
563,54	1462,25
563,74	1503,21
563,95	1460,20
564,15	1466,35
564,36	1476,59
564,56	1409,00
564,76	1386,47
564,97	1443,82
565,17	1392,62
565,38	1462,25
565,58	1441,77
565,79	1505,26
565,99	1445,87
566,20	1466,35
566,40	1380,33
566,60	1468,39
566,81	1507,30
567,01	1484,78
567,22	1423,34
567,42	1384,43
567,63	1431,53
567,83	1478,63
568,04	1488,87
568,24	1398,76
568,44	1542,12
568,65	1497,07
568,85	1507,30
569,06	1374,19
569,26	1421,29
569,47	1492,97
569,67	1413,10
569,87	1452,01
570,08	1437,67
570,28	1417,19
570,49	1400,81
570,69	1515,50
570,89	1585,13
571,10	1425,39
571,30	1411,05
571,51	1445,87
571,71	1499,11
571,91	1513,45
572,12	1437,67
572,32	1529,83
572,53	1423,34
572,73	1554,41
572,93	1535,98
573,14	1468,39
573,34	1505,26
573,55	1406,95
573,75	1484,78
573,95	1486,83
574,16	1423,34
574,36	1458,15
574,57	1425,39
574,77	1538,02
574,97	1423,34
575,18	1462,25
575,38	1495,02
575,59	1478,63
575,79	1478,63
575,99	1447,91
576,20	1425,39
576,40	1505,26
576,60	1519,59
576,81	1495,02
577,01	1486,83
577,22	1488,87
577,42	1429,48
577,62	1468,39
577,83	1400,81
578,03	1478,63
578,23	1466,35
578,44	1421,29
578,64	1437,67
578,84	1472,49
579,05	1464,30
579,25	1533,93
579,45	1423,34
579,66	1341,42
579,86	1527,78
580,07	1501,16
580,27	1546,22
580,47	1398,76
580,68	1357,80
580,88	1382,38
581,08	1474,54
581,29	1452,01
581,49	1495,02
581,69	1535,98
581,90	1454,06
582,10	1386,47
582,30	1497,07
582,51	1464,30
582,71	1411,05
582,91	1355,76
583,12	1519,59
583,32	1443,82
583,52	1501,16
583,73	1435,63
583,93	1316,84
584,13	1529,83
584,34	1419,24
584,54	1486,83
584,74	1445,87
584,94	1505,26
585,15	1433,58
585,35	1443,82
585,55	1396,71
585,76	1460,20
585,96	1386,47
586,16	1527,78
586,37	1329,13
586,57	1331,18
586,77	1499,11
586,98	1409,00
587,18	1404,91
587,38	1509,35
587,58	1398,76
587,79	1443,82
587,99	1454,06
588,19	1431,53
588,40	1382,38
588,60	1503,21
588,80	1378,28
589,00	1462,25
589,21	1486,83
589,41	1454,06
589,61	1431,53
589,82	1476,59
590,02	1452,01
590,22	1462,25
590,42	1409,00
590,63	1468,39
590,83	1484,78
591,03	1413,10
591,23	1427,43
591,44	1415,15
591,64	1511,40
591,84	1396,71
592,05	1470,44
592,25	1402,86
592,45	1382,38
592,65	1447,91
592,86	1419,24
593,06	1497,07
593,26	1413,10
593,46	1452,01
593,67	1441,77
593,87	1441,77
594,07	1425,39
594,27	1462,25
594,48	1388,52
594,68	1445,87
594,88	1411,05
595,08	1433,58
595,29	1445,87
595,49	1472,49
595,69	1431,53
595,89	1464,30
596,10	1472,49
596,30	1425,39
596,50	1456,11
596,70	1421,29
596,90	1462,25
597,11	1417,19
597,31	1470,44
597,51	1357,80
597,71	1456,11
597,92	1519,59
598,12	1386,47
598,32	1513,45
598,52	1406,95
598,72	1468,39
598,93	1470,44
599,13	1490,92
599,33	1392,62
599,53	1535,98
599,74	1449,96
599,94	1427,43
600,14	1382,38
600,34	1419,24
600,54	1449,96
600,75	1411,05
600,95	1431,53
601,15	1406,95
601,35	1378,28
601,55	1423,34
601,76	1398,76
601,96	1529,83
602,16	1366,00
602,36	1558,50
602,56	1456,11
602,76	1396,71
602,97	1439,72
603,17	1519,59
603,37	1429,48
603,57	1425,39
603,77	1437,67
603,98	1429,48
604,18	1390,57
604,38	1466,35
604,58	1468,39
604,78	1445,87
604,98	1392,62
605,19	1456,11
605,39	1472,49
605,59	1476,59
605,79	1419,24
605,99	1460,20
606,19	1458,15
606,40	1423,34
606,60	1454,06
606,80	1464,30
607,00	1435,63
607,20	1413,10
607,40	1460,20
607,61	1380,33
607,81	1478,63
608,01	1505,26
608,21	1421,29
608,41	1390,57
608,61	1425,39
608,81	1421,29
609,02	1374,19
609,22	1533,93
609,42	1466,35
609,62	1452,01
609,82	1431,53
610,02	1449,96
610,22	1439,72
610,43	1415,15
610,63	1458,15
610,83	1449,96
611,03	1417,19
611,23	1419,24
611,43	1472,49
611,63	1517,54
611,83	1370,09
612,04	1425,39
612,24	1513,45
612,44	1482,73
612,64	1419,24
612,84	1368,04
613,04	1431,53
613,24	1452,01
613,44	1431,53
613,64	1478,63
613,85	1486,83
614,05	1472,49
614,25	1441,77
614,45	1499,11
614,65	1519,59
614,85	1470,44
615,05	1462,25
615,25	1470,44
615,45	1429,48
615,65	1380,33
615,86	1507,30
616,06	1378,28
616,26	1382,38
616,46	1501,16
616,66	1431,53
616,86	1482,73
617,06	1435,63
617,26	1470,44
617,46	1345,52
617,66	1552,36
617,86	1480,68
618,07	1462,25
618,27	1423,34
618,47	1411,05
618,67	1460,20
618,87	1423,34
619,07	1425,39
619,27	1515,50
619,47	1411,05
619,67	1460,20
619,87	1417,19
620,07	1509,35
620,27	1478,63
620,47	1376,24
620,67	1460,20
620,87	1447,91
621,07	1529,83
621,28	1488,87
621,48	1449,96
621,68	1353,71
621,88	1488,87
622,08	1406,95
622,28	1546,22
622,48	1456,11
622,68	1359,85
622,88	1525,74
623,08	1482,73
623,28	1513,45
623,48	1423,34
623,68	1447,91
623,88	1454,06
624,08	1570,79
624,28	1394,67
624,48	1415,15
624,68	1359,85
624,88	1474,54
625,08	1456,11
625,28	1531,88
625,48	1497,07
625,68	1478,63
625,88	1462,25
626,08	1411,05
626,28	1431,53
626,48	1439,72
626,68	1404,91
626,88	1505,26
627,08	1452,01
627,28	1509,35
627,48	1484,78
627,68	1378,28
627,88	1468,39
628,08	1411,05
628,28	1480,68
628,49	1482,73
628,68	1380,33
628,88	1480,68
629,08	1400,81
629,28	1478,63
629,48	1425,39
629,68	1478,63
629,88	1490,92
630,08	1507,30
630,28	1443,82
630,48	1472,49
630,68	1406,95
630,88	1339,37
631,08	1406,95
631,28	1511,40
631,48	1468,39
631,68	1349,61
631,88	1478,63
632,08	1437,67
632,28	1476,59
632,48	1468,39
632,68	1445,87
632,88	1400,81
633,08	1452,01
633,28	1396,71
633,48	1406,95
633,68	1368,04
633,88	1425,39
634,08	1554,41
634,28	1427,43
634,48	1449,96
634,68	1452,01
634,88	1390,57
635,08	1374,19
635,28	1484,78
635,48	1454,06
635,68	1359,85
635,87	1458,15
636,07	1394,67
636,27	1454,06
636,47	1509,35
636,67	1476,59
636,87	1464,30
637,07	1402,86
637,27	1390,57
637,47	1439,72
637,67	1517,54
637,87	1406,95
638,07	1505,26
638,27	1435,63
638,47	1460,20
638,67	1452,01
638,86	1460,20
639,06	1445,87
639,26	1478,63
639,46	1392,62
639,66	1419,24
639,86	1409,00
640,06	1460,20
640,26	1503,21
640,46	1437,67
640,66	1482,73
640,86	1472,49
641,06	1421,29
641,25	1533,93
641,45	1501,16
641,65	1435,63
641,85	1435,63
642,05	1466,35
642,25	1445,87
642,45	1499,11
642,65	1439,72
642,85	1445,87
643,05	1345,52
643,24	1472,49
643,44	1452,01
643,64	1390,57
643,84	1363,95
644,04	1382,38
644,24	1472,49
644,44	1417,19
644,64	1411,05
644,84	1425,39
645,03	1507,30
645,23	1476,59
645,43	1454,06
645,63	1509,35
645,83	1456,11
646,03	1452,01
646,23	1503,21
646,42	1505,26
646,62	1517,54
646,82	1515,50
647,02	1464,30
647,22	1435,63
647,42	1462,25
647,62	1390,57
647,82	1441,77
648,01	1597,42
648,21	1398,76
648,41	1501,16
648,61	1497,07
648,81	1585,13
649,01	1417,19
649,20	1474,54
649,40	1523,69
649,60	1419,24
649,80	1384,43
650,00	1431,53
650,20	1529,83
650,40	1513,45
650,59	1472,49
650,79	1419,24
650,99	1476,59
651,19	1466,35
651,39	1456,11
651,58	1433,58
651,78	1458,15
651,98	1456,11
652,18	1419,24
652,38	1499,11
652,58	1472,49
652,77	1411,05
652,97	1488,87
653,17	1458,15
653,37	1501,16
653,57	1503,21
653,77	1423,34
653,96	1513,45
654,16	1478,63
654,36	1478,63
654,56	1501,16
654,76	1470,44
654,95	1411,05
655,15	1421,29
655,35	1452,01
655,55	1325,04
655,75	1415,15
655,94	1449,96
656,14	1525,74
656,34	1511,40
656,54	1366,00
656,73	1380,33
656,93	1454,06
657,13	1509,35
657,33	1490,92
657,53	1456,11
657,72	1456,11
657,92	1384,43
658,12	1415,15
658,32	1519,59
658,52	1501,16
658,71	1470,44
658,91	1400,81
659,11	1466,35
659,31	1445,87
659,50	1452,01
659,70	1353,71
659,90	1587,18
660,10	1497,07
660,29	1505,26
660,49	1361,90
660,69	1531,88
660,89	1527,78
661,08	1490,92
661,28	1329,13
661,48	1423,34
661,68	1460,20
661,87	1380,33
662,07	1441,77
662,27	1456,11
662,47	1357,80
662,66	1480,68
662,86	1464,30
663,06	1413,10
663,26	1390,57
663,45	1429,48
663,65	1490,92
663,85	1429,48
664,05	1413,10
664,24	1464,30
664,44	1452,01
664,64	1449,96
664,84	1396,71
665,03	1519,59
665,23	1499,11
665,43	1404,91
665,62	1359,85
665,82	1409,00
666,02	1472,49
666,22	1480,68
666,41	1406,95
666,61	1480,68
666,81	1476,59
667,00	1538,02
667,20	1452,01
667,40	1511,40
667,60	1435,63
667,79	1441,77
667,99	1343,47
668,19	1452,01
668,38	1433,58
668,58	1472,49
668,78	1468,39
668,97	1454,06
669,17	1464,30
669,37	1472,49
669,57	1456,11
669,76	1429,48
669,96	1486,83
670,16	1421,29
670,35	1454,06
670,55	1476,59
670,75	1359,85
670,94	1482,73
671,14	1445,87
671,34	1499,11
671,53	1421,29
671,73	1445,87
671,93	1454,06
672,12	1433,58
672,32	1433,58
672,52	1409,00
672,71	1380,33
672,91	1447,91
673,11	1454,06
673,30	1449,96
673,50	1400,81
673,70	1464,30
673,89	1400,81
674,09	1357,80
674,29	1427,43
674,48	1566,70
674,68	1519,59
674,88	1386,47
675,07	1499,11
675,27	1404,91
675,46	1437,67
675,66	1456,11
675,86	1503,21
676,05	1470,44
676,25	1462,25
676,45	1484,78
676,64	1445,87
676,84	1476,59
677,04	1439,72
677,23	1429,48
677,43	1413,10
677,62	1486,83
677,82	1466,35
678,02	1419,24
678,21	1429,48
678,41	1474,54
678,61	1482,73
678,80	1464,30
679,00	1480,68
679,19	1470,44
679,39	1454,06
679,59	1474,54
679,78	1437,67
679,98	1431,53
680,17	1425,39
680,37	1449,96
680,57	1431,53
680,76	1439,72
680,96	1517,54
681,16	1480,68
681,35	1388,52
681,55	1409,00
681,74	1413,10
681,94	1456,11
682,13	1464,30
682,33	1490,92
682,53	1456,11
682,72	1449,96
682,92	1425,39
683,11	1409,00
683,31	1445,87
683,51	1468,39
683,70	1415,15
683,90	1366,00
684,09	1380,33
684,29	1476,59
684,48	1406,95
684,68	1529,83
684,88	1484,78
685,07	1421,29
685,27	1437,67
685,46	1394,67
685,66	1437,67
685,85	1515,50
686,05	1513,45
686,25	1462,25
686,44	1505,26
686,64	1472,49
686,83	1419,24
687,03	1525,74
687,22	1411,05
687,42	1433,58
687,61	1445,87
687,81	1433,58
688,01	1507,30
688,20	1370,09
688,40	1404,91
688,59	1478,63
688,79	1462,25
688,98	1495,02
689,18	1431,53
689,37	1468,39
689,57	1497,07
689,76	1460,20
689,96	1433,58
690,15	1472,49
690,35	1409,00
690,54	1531,88
690,74	1423,34
690,94	1361,90
691,13	1409,00
691,33	1505,26
691,52	1437,67
691,72	1445,87
691,91	1429,48
692,11	1482,73
692,30	1431,53
692,50	1488,87
692,69	1550,31
692,89	1544,17
693,08	1347,56
693,28	1482,73
693,47	1437,67
693,67	1554,41
693,86	1374,19
694,06	1456,11
694,25	1437,67
694,45	1464,30
694,64	1413,10
694,84	1458,15
695,03	1404,91
695,23	1466,35
695,42	1417,19
695,62	1439,72
695,81	1454,06
696,01	1511,40
696,20	1454,06
696,40	1427,43
696,59	1437,67
696,78	1445,87
696,98	1458,15
697,17	1443,82
697,37	1486,83
697,56	1392,62
697,76	1480,68
697,95	1447,91
698,15	1476,59
698,34	1538,02
698,54	1406,95
698,73	1509,35
698,93	1437,67
699,12	1443,82
699,32	1482,73
699,51	1425,39
699,70	1406,95
699,90	1521,64
700,09	1474,54
700,29	1390,57
700,48	1394,67
700,68	1445,87
700,87	1478,63
701,07	1458,15
701,26	1437,67
701,45	1374,19
701,65	1421,29
701,84	1417,19
702,04	1409,00
702,23	1452,01
702,43	1499,11
702,62	1384,43
702,81	1503,21
703,01	1400,81
703,20	1492,97
703,40	1462,25
703,59	1495,02
703,79	1472,49
703,98	1409,00
704,17	1396,71
704,37	1423,34
704,56	1454,06
704,76	1394,67
704,95	1390,57
705,14	1372,14
705,34	1470,44
705,53	1415,15
705,73	1355,76
705,92	1456,11
706,11	1441,77
706,31	1374,19
706,50	1519,59
706,70	1400,81
706,89	1492,97
707,08	1439,72
707,28	1454,06
707,47	1425,39
707,67	1366,00
707,86	1404,91
708,05	1533,93
708,25	1312,75
708,44	1370,09
708,64	1423,34
708,83	1396,71
709,02	1402,86
709,22	1433,58
709,41	1355,76
709,60	1509,35
709,80	1431,53
709,99	1312,75
710,19	1468,39
710,38	1374,19
710,57	1290,22
710,77	1509,35
710,96	1456,11
711,15	1474,54
711,35	1384,43
711,54	1425,39
711,73	1423,34
711,93	1423,34
712,12	1423,34
712,31	1406,95
712,51	1423,34
712,70	1406,95
712,89	1396,71
713,09	1363,95
713,28	1382,38
713,48	1431,53
713,67	1345,52
713,86	1431,53
714,06	1443,82
714,25	1374,19
714,44	1417,19
714,64	1386,47
714,83	1458,15
715,02	1366,00
715,22	1464,30
715,41	1511,40
715,60	1404,91
715,79	1382,38
715,99	1421,29
716,18	1445,87
716,37	1341,42
716,57	1374,19
716,76	1511,40
716,95	1443,82
717,15	1400,81
717,34	1361,90
717,53	1402,86
717,73	1486,83
717,92	1398,76
718,11	1517,54
718,31	1376,24
718,50	1431,53
718,69	1382,38
718,88	1495,02
719,08	1472,49
719,27	1325,04
719,46	1458,15
719,66	1447,91
719,85	1361,90
720,04	1411,05
720,23	1415,15
720,43	1406,95
720,62	1347,56
720,81	1331,18
721,01	1486,83
721,20	1456,11
721,39	1466,35
721,58	1374,19
721,78	1480,68
721,97	1374,19
722,16	1433,58
722,35	1435,63
722,55	1447,91
722,74	1511,40
722,93	1384,43
723,13	1445,87
723,32	1392,62
723,51	1343,47
723,70	1437,67
723,90	1370,09
724,09	1409,00
724,28	1413,10
724,47	1429,48
724,67	1464,30
724,86	1382,38
725,05	1357,80
725,24	1427,43
725,44	1468,39
725,63	1370,09
725,82	1357,80
726,01	1507,30
726,21	1460,20
726,40	1378,28
726,59	1523,69
726,78	1433,58
726,97	1327,08
727,17	1390,57
727,36	1423,34
727,55	1398,76
727,74	1404,91
727,94	1361,90
728,13	1439,72
728,32	1343,47
728,51	1499,11
728,70	1441,77
728,90	1411,05
729,09	1374,19
729,28	1454,06
729,47	1468,39
729,66	1499,11
729,86	1435,63
730,05	1443,82
730,24	1456,11
730,43	1427,43
730,63	1427,43
730,82	1484,78
731,01	1357,80
731,20	1431,53
731,39	1398,76
731,58	1400,81
731,78	1398,76
731,97	1366,00
732,16	1359,85
732,35	1460,20
732,54	1480,68
732,74	1384,43
732,93	1413,10
733,12	1380,33
733,31	1413,10
733,50	1286,12
733,69	1413,10
733,89	1499,11
734,08	1398,76
734,27	1411,05
734,46	1417,19
734,65	1378,28
734,84	1454,06
735,04	1374,19
735,23	1464,30
735,42	1449,96
735,61	1421,29
735,80	1435,63
735,99	1384,43
736,19	1441,77
736,38	1454,06
736,57	1390,57
736,76	1425,39
736,95	1470,44
737,14	1357,80
737,33	1415,15
737,53	1456,11
737,72	1456,11
737,91	1357,80
738,10	1497,07
738,29	1433,58
738,48	1476,59
738,67	1425,39
738,87	1402,86
739,06	1396,71
739,25	1486,83
739,44	1423,34
739,63	1452,01
739,82	1441,77
740,01	1443,82
740,20	1423,34
740,40	1368,04
740,59	1429,48
740,78	1409,00
740,97	1417,19
741,16	1515,50
741,35	1509,35
741,54	1404,91
741,73	1366,00
741,92	1370,09
742,12	1353,71
742,31	1382,38
742,50	1466,35
742,69	1421,29
742,88	1464,30
743,07	1357,80
743,26	1359,85
743,45	1460,20
743,64	1435,63
743,83	1435,63
744,02	1464,30
744,22	1445,87
744,41	1521,64
744,60	1431,53
744,79	1384,43
744,98	1402,86
745,17	1409,00
745,36	1374,19
745,55	1411,05
745,74	1409,00
745,93	1423,34
746,12	1468,39
746,31	1415,15
746,50	1445,87
746,70	1445,87
746,89	1431,53
747,08	1396,71
747,27	1388,52
747,46	1402,86
747,65	1419,24
747,84	1429,48
748,03	1443,82
748,22	1411,05
748,41	1460,20
748,60	1480,68
748,79	1433,58
748,98	1429,48
749,17	1468,39
749,36	1462,25
749,55	1515,50
749,74	1370,09
749,93	1482,73
750,12	1437,67
750,31	1366,00
750,50	1439,72
750,70	1495,02
750,89	1497,07
751,08	1511,40
751,27	1402,86
751,46	1372,14
751,65	1443,82
751,84	1458,15
752,03	1460,20
752,22	1462,25
752,41	1359,85
752,60	1425,39
752,79	1437,67
752,98	1347,56
753,17	1390,57
753,36	1511,40
753,55	1439,72
753,74	1372,14
753,93	1525,74
754,12	1421,29
754,31	1464,30
754,50	1488,87
754,69	1452,01
754,88	1398,76
755,07	1476,59
755,26	1366,00
755,45	1380,33
755,64	1359,85
755,83	1376,24
756,02	1372,14
756,21	1400,81
756,40	1519,59
756,59	1458,15
756,78	1411,05
756,97	1329,13
757,16	1538,02
757,35	1468,39
757,54	1443,82
757,72	1468,39
757,91	1452,01
758,10	1361,90
758,29	1415,15
758,48	1484,78
758,67	1378,28
758,86	1443,82
759,05	1452,01
759,24	1366,00
759,43	1480,68
759,62	1355,76
759,81	1433,58
760,00	1433,58
760,19	1427,43
760,38	1505,26
760,57	1433,58
760,76	1480,68
760,95	1548,26
761,14	1425,39
761,33	1392,62
761,52	1462,25
761,70	1400,81
761,89	1409,00
762,08	1437,67
762,27	1431,53
762,46	1382,38
762,65	1425,39
762,84	1458,15
763,03	1386,47
763,22	1492,97
763,41	1433,58
763,60	1437,67
763,79	1460,20
763,98	1441,77
764,16	1439,72
764,35	1441,77
764,54	1423,34
764,73	1503,21
764,92	1449,96
765,11	1517,54
765,30	1486,83
765,49	1427,43
765,68	1523,69
765,87	1497,07
766,06	1495,02
766,24	1464,30
766,43	1413,10
766,62	1454,06
766,81	1470,44
767,00	1413,10
767,19	1382,38
767,38	1531,88
767,57	1411,05
767,76	1478,63
767,94	1517,54
768,13	1466,35
768,32	1429,48
768,51	1417,19
768,70	1476,59
768,89	1464,30
769,08	1353,71
769,27	1427,43
769,45	1441,77
769,64	1505,26
769,83	1472,49
770,02	1447,91
770,21	1533,93
770,40	1431,53
770,59	1470,44
770,77	1480,68
770,96	1538,02
771,15	1492,97
771,34	1468,39
771,53	1529,83
771,72	1482,73
771,91	1398,76
772,09	1417,19
772,28	1380,33
772,47	1370,09
772,66	1546,22
772,85	1411,05
773,04	1429,48
773,22	1384,43
773,41	1449,96
773,60	1404,91
773,79	1501,16
773,98	1398,76
774,17	1554,41
774,35	1507,30
774,54	1472,49
774,73	1427,43
774,92	1519,59
775,11	1509,35
775,30	1513,45
775,48	1452,01
775,67	1460,20
775,86	1472,49
776,05	1513,45
776,24	1533,93
776,42	1499,11
776,61	1429,48
776,80	1515,50
776,99	1538,02
777,18	1497,07
777,36	1484,78
777,55	1495,02
777,74	1460,20
777,93	1462,25
778,12	1488,87
778,30	1525,74
778,49	1388,52
778,68	1525,74
778,87	1454,06
779,06	1443,82
779,24	1415,15
779,43	1439,72
779,62	1484,78
779,81	1452,01
779,99	1533,93
780,18	1482,73
780,37	1476,59
780,56	1587,18
780,75	1417,19
780,93	1585,13
781,12	1470,44
781,31	1499,11
781,50	1507,30
781,68	1505,26
781,87	1425,39
782,06	1540,07
782,25	1454,06
782,43	1538,02
782,62	1462,25
782,81	1423,34
783,00	1466,35
783,18	1531,88
783,37	1490,92
783,56	1429,48
783,75	1527,78
783,93	1497,07
784,12	1511,40
784,31	1544,17
784,50	1466,35
784,68	1527,78
784,87	1474,54
785,06	1499,11
785,24	1458,15
785,43	1525,74
785,62	1435,63
785,81	1480,68
785,99	1472,49
786,18	1492,97
786,37	1503,21
786,56	1497,07
786,74	1357,80
786,93	1458,15
787,12	1435,63
787,30	1445,87
787,49	1548,26
787,68	1476,59
787,87	1382,38
788,05	1488,87
788,24	1390,57
788,43	1419,24
788,61	1490,92
788,80	1449,96
788,99	1400,81
789,17	1449,96
789,36	1341,42
789,55	1509,35
789,73	1492,97
789,92	1378,28
790,11	1452,01
790,30	1495,02
790,48	1359,85
790,67	1472,49
790,86	1433,58
791,04	1484,78
791,23	1441,77
791,42	1482,73
791,60	1394,67
791,79	1523,69
791,98	1400,81
792,16	1460,20
792,35	1488,87
792,54	1392,62
792,72	1542,12
792,91	1482,73
793,10	1384,43
793,28	1423,34
793,47	1443,82
793,66	1425,39
793,84	1427,43
794,03	1390,57
794,22	1488,87
794,40	1501,16
794,59	1433,58
794,77	1499,11
794,96	1390,57
795,15	1445,87
795,33	1300,46
795,52	1437,67
795,71	1390,57
795,89	1296,36
796,08	1447,91
796,27	1419,24
796,45	1411,05
796,64	1449,96
796,82	1415,15
797,01	1423,34
797,20	1419,24
797,38	1325,04
797,57	1400,81
797,76	1409,00
797,94	1499,11
798,13	1480,68
798,31	1488,87
798,50	1390,57
798,69	1468,39
798,87	1376,24
799,06	1495,02
799,24	1345,52
799,43	1488,87
799,62	1368,04
799,80	1427,43
799,99	1478,63
800,17	1433,58
800,36	1462,25
800,55	1355,76
800,73	1341,42
800,92	1376,24
801,10	1349,61
801,29	1449,96
801,48	1398,76
801,66	1435,63
801,85	1406,95
802,03	1458,15
802,22	1423,34
802,40	1409,00
802,59	1374,19
802,78	1449,96
802,96	1488,87
803,15	1578,98
803,33	1380,33
803,52	1421,29
803,70	1400,81
803,89	1443,82
804,08	1347,56
804,26	1386,47
804,45	1447,91
804,63	1406,95
804,82	1472,49
805,00	1359,85
805,19	1388,52
805,37	1509,35
805,56	1406,95
805,74	1298,41
805,93	1380,33
806,12	1406,95
806,30	1351,66
806,49	1445,87
806,67	1411,05
806,86	1394,67
807,04	1462,25
807,23	1466,35
807,41	1421,29
807,60	1445,87
807,78	1398,76
807,97	1632,23
808,15	1341,42
808,34	1372,14
808,52	1435,63
808,71	1390,57
808,89	1312,75
809,08	1429,48
809,27	1415,15
809,45	1378,28
809,64	1337,32
809,82	1482,73
810,01	1464,30
810,19	1437,67
810,38	1454,06
810,56	1335,28
810,75	1400,81
810,93	1376,24
811,12	1402,86
811,30	1472,49
811,49	1437,67
811,67	1417,19
811,85	1501,16
812,04	1388,52
812,22	1511,40
812,41	1482,73
812,59	1478,63
812,78	1454,06
812,96	1406,95
813,15	1419,24
813,33	1460,20
813,52	1480,68
813,70	1435,63
813,89	1447,91
814,07	1499,11
814,26	1343,47
814,44	1378,28
814,63	1449,96
814,81	1396,71
815,00	1456,11
815,18	1460,20
815,36	1425,39
815,55	1400,81
815,73	1361,90
815,92	1492,97
816,10	1466,35
816,29	1470,44
816,47	1380,33
816,66	1429,48
816,84	1474,54
817,02	1452,01
817,21	1406,95
817,39	1492,97
817,58	1439,72
817,76	1425,39
817,95	1411,05
818,13	1361,90
818,32	1380,33
818,50	1472,49
818,68	1445,87
818,87	1429,48
819,05	1419,24
819,24	1423,34
819,42	1468,39
819,60	1476,59
819,79	1488,87
819,97	1433,58
820,16	1464,30
820,34	1394,67
820,53	1404,91
820,71	1341,42
820,89	1449,96
821,08	1400,81
821,26	1409,00
821,45	1355,76
821,63	1406,95
821,81	1456,11
822,00	1345,52
822,18	1433,58
822,37	1490,92
822,55	1482,73
822,73	1427,43
822,92	1513,45
823,10	1380,33
823,28	1503,21
823,47	1366,00
823,65	1439,72
823,84	1335,28
824,02	1435,63
824,20	1413,10
824,39	1515,50
824,57	1490,92
824,75	1474,54
824,94	1552,36
825,12	1474,54
825,31	1366,00
825,49	1361,90
825,67	1505,26
825,86	1417,19
826,04	1456,11
826,22	1445,87
826,41	1564,65
826,59	1409,00
826,77	1449,96
826,96	1499,11
827,14	1443,82
827,32	1439,72
827,51	1525,74
827,69	1531,88
827,87	1447,91
828,06	1406,95
828,24	1404,91
828,42	1427,43
828,61	1486,83
828,79	1441,77
828,97	1519,59
829,16	1525,74
829,34	1374,19
829,52	1441,77
829,71	1464,30
829,89	1415,15
830,07	1468,39
830,26	1488,87
830,44	1507,30
830,62	1511,40
830,81	1431,53
830,99	1409,00
831,17	1456,11
831,36	1347,56
831,54	1538,02
831,72	1490,92
831,91	1427,43
832,09	1429,48
832,27	1439,72
832,45	1521,64
832,64	1445,87
832,82	1427,43
833,00	1435,63
833,19	1398,76
833,37	1513,45
833,55	1386,47
833,73	1445,87
833,92	1441,77
834,10	1460,20
834,28	1505,26
834,47	1447,91
834,65	1417,19
834,83	1404,91
835,01	1546,22
835,20	1370,09
835,38	1431,53
835,56	1435,63
835,74	1472,49
835,93	1486,83
836,11	1554,41
836,29	1456,11
836,47	1578,98
836,66	1439,72
836,84	1466,35
837,02	1482,73
837,21	1585,13
837,39	1433,58
837,57	1458,15
837,75	1398,76
837,94	1452,01
838,12	1468,39
838,30	1470,44
838,48	1425,39
838,66	1466,35
838,85	1517,54
839,03	1441,77
839,21	1443,82
839,39	1404,91
839,58	1456,11
839,76	1497,07
839,94	1470,44
840,12	1415,15
840,31	1529,83
840,49	1386,47
840,67	1497,07
840,85	1478,63
841,03	1417,19
841,22	1509,35
841,40	1554,41
841,58	1466,35
841,76	1482,73
841,94	1406,95
842,13	1572,84
842,31	1456,11
842,49	1470,44
842,67	1409,00
842,85	1417,19
843,04	1576,94
843,22	1535,98
843,40	1409,00
843,58	1441,77
843,76	1452,01
843,95	1454,06
844,13	1488,87
844,31	1462,25
844,49	1402,86
844,67	1452,01
844,86	1490,92
845,04	1460,20
845,22	1486,83
845,40	1409,00
845,58	1529,83
845,76	1411,05
845,95	1497,07
846,13	1443,82
846,31	1531,88
846,49	1437,67
846,67	1478,63
846,85	1476,59
847,04	1433,58
847,22	1484,78
847,40	1497,07
847,58	1417,19
847,76	1423,34
847,94	1435,63
848,12	1554,41
848,31	1452,01
848,49	1521,64
848,67	1509,35
848,85	1519,59
849,03	1474,54
849,21	1527,78
849,39	1421,29
849,58	1411,05
849,76	1482,73
849,94	1507,30
850,12	1509,35
850,30	1562,60
850,48	1480,68
850,66	1509,35
850,84	1439,72
851,03	1458,15
851,21	1509,35
851,39	1505,26
851,57	1474,54
851,75	1490,92
851,93	1501,16
852,11	1490,92
852,29	1554,41
852,47	1505,26
852,66	1554,41
852,84	1425,39
853,02	1515,50
853,20	1609,70
853,38	1507,30
853,56	1509,35
853,74	1472,49
853,92	1441,77
854,10	1480,68
854,28	1404,91
854,46	1456,11
854,65	1519,59
854,83	1460,20
855,01	1511,40
855,19	1484,78
855,37	1527,78
855,55	1554,41
855,73	1423,34
855,91	1460,20
856,09	1423,34
856,27	1456,11
856,45	1460,20
856,63	1439,72
856,81	1525,74
857,00	1499,11
857,18	1503,21
857,36	1449,96
857,54	1460,20
857,72	1507,30
857,90	1456,11
858,08	1472,49
858,26	1540,07
858,44	1433,58
858,62	1560,55
858,80	1411,05
858,98	1546,22
859,16	1431,53
859,34	1419,24
859,52	1476,59
859,70	1503,21
859,88	1468,39
860,06	1497,07
860,24	1556,46
860,42	1456,11
860,60	1550,31
860,78	1497,07
860,96	1366,00
861,14	1468,39
861,32	1355,76
861,50	1466,35
861,69	1505,26
861,87	1525,74
862,05	1478,63
862,23	1460,20
862,41	1501,16
862,59	1427,43
862,77	1484,78
862,95	1454,06
863,13	1497,07
863,31	1513,45
863,49	1384,43
863,67	1447,91
863,85	1419,24
864,03	1480,68
864,21	1439,72
864,39	1421,29
864,57	1554,41
864,75	1478,63
864,92	1621,99
865,10	1468,39
865,28	1443,82
865,46	1507,30
865,64	1409,00
865,82	1439,72
866,00	1538,02
866,18	1425,39
866,36	1441,77
866,54	1513,45
866,72	1501,16
866,90	1497,07
867,08	1464,30
867,26	1447,91
867,44	1480,68
867,62	1456,11
867,80	1400,81
867,98	1605,61
868,16	1572,84
868,34	1466,35
868,52	1411,05
868,70	1492,97
868,88	1427,43
869,06	1400,81
869,24	1415,15
869,42	1335,28
869,59	1501,16
869,77	1472,49
869,95	1439,72
870,13	1488,87
870,31	1513,45
870,49	1558,50
870,67	1472,49
870,85	1427,43
871,03	1449,96
871,21	1605,61
871,39	1482,73
871,57	1499,11
871,75	1435,63
871,92	1519,59
872,10	1486,83
872,28	1490,92
872,46	1470,44
872,64	1460,20
872,82	1566,70
873,00	1449,96
873,18	1488,87
873,36	1417,19
873,54	1325,04
873,72	1505,26
873,89	1456,11
874,07	1533,93
874,25	1570,79
874,43	1482,73
874,61	1540,07
874,79	1449,96
874,97	1413,10
875,15	1413,10
875,33	1454,06
875,50	1513,45
875,68	1445,87
875,86	1568,74
876,04	1464,30
876,22	1466,35
876,40	1411,05
876,58	1490,92
876,76	1507,30
876,93	1443,82
877,11	1474,54
877,29	1454,06
877,47	1460,20
877,65	1472,49
877,83	1478,63
878,01	1488,87
878,18	1427,43
878,36	1421,29
878,54	1517,54
878,72	1366,00
878,90	1464,30
879,08	1552,36
879,25	1529,83
879,43	1400,81
879,61	1366,00
879,79	1462,25
879,97	1423,34
880,15	1429,48
880,32	1497,07
880,50	1540,07
880,68	1421,29
880,86	1548,26
881,04	1482,73
881,22	1423,34
881,39	1497,07
881,57	1548,26
881,75	1533,93
881,93	1501,16
882,11	1425,39
882,28	1404,91
882,46	1458,15
882,64	1443,82
882,82	1390,57
883,00	1568,74
883,18	1458,15
883,35	1574,89
883,53	1447,91
883,71	1466,35
883,89	1556,46
884,07	1445,87
884,24	1468,39
884,42	1449,96
884,60	1447,91
884,78	1517,54
884,95	1396,71
885,13	1445,87
885,31	1456,11
885,49	1382,38
885,67	1499,11
885,84	1466,35
886,02	1499,11
886,20	1509,35
886,38	1435,63
886,55	1343,47
886,73	1456,11
886,91	1417,19
887,09	1429,48
887,26	1482,73
887,44	1462,25
887,62	1558,50
887,80	1421,29
887,98	1513,45
888,15	1382,38
888,33	1486,83
888,51	1570,79
888,69	1533,93
888,86	1492,97
889,04	1456,11
889,22	1429,48
889,39	1535,98
889,57	1488,87
889,75	1488,87
889,93	1468,39
890,10	1437,67
890,28	1452,01
890,46	1515,50
890,64	1538,02
890,81	1486,83
890,99	1486,83
891,17	1452,01
891,34	1454,06
891,52	1386,47
891,70	1470,44
891,88	1409,00
892,05	1538,02
892,23	1513,45
892,41	1454,06
892,58	1458,15
892,76	1472,49
892,94	1431,53
893,12	1538,02
893,29	1492,97
893,47	1435,63
893,65	1376,24
893,82	1495,02
894,00	1505,26
894,18	1431,53
894,35	1525,74
894,53	1482,73
894,71	1542,12
894,89	1386,47
895,06	1486,83
895,24	1505,26
895,42	1402,86
895,59	1419,24
895,77	1406,95
895,95	1421,29
896,12	1460,20
896,30	1472,49
896,48	1429,48
896,65	1449,96
896,83	1413,10
897,01	1523,69
897,18	1488,87
897,36	1517,54
897,54	1468,39
897,71	1515,50
897,89	1505,26
898,07	1300,46
898,24	1454,06
898,42	1452,01
898,59	1478,63
898,77	1394,67
898,95	1452,01
899,12	1421,29
899,30	1425,39
899,48	1464,30
899,65	1484,78
899,83	1419,24
900,01	1439,72
900,18	1486,83
900,36	1386,47
900,53	1462,25
900,71	1505,26
900,89	1462,25
901,06	1478,63
901,24	1372,14
901,42	1435,63
901,59	1462,25
901,77	1476,59
901,94	1400,81
902,12	1372,14
902,30	1492,97
902,47	1447,91
902,65	1394,67
902,82	1476,59
903,00	1486,83
903,18	1492,97
903,35	1447,91
903,53	1464,30
903,70	1452,01
903,88	1406,95
904,06	1476,59
904,23	1484,78
904,41	1423,34
904,58	1402,86
904,76	1419,24
904,93	1533,93
905,11	1429,48
905,29	1488,87
905,46	1488,87
905,64	1505,26
905,81	1470,44
905,99	1472,49
906,16	1480,68
906,34	1413,10
906,52	1427,43
906,69	1445,87
906,87	1464,30
907,04	1447,91
907,22	1421,29
907,39	1456,11
907,57	1427,43
907,75	1583,08
907,92	1503,21
908,10	1488,87
908,27	1382,38
908,45	1464,30
908,62	1443,82
908,80	1437,67
908,97	1368,04
909,15	1447,91
909,32	1509,35
909,50	1464,30
909,67	1417,19
909,85	1456,11
910,03	1333,23
910,20	1406,95
910,38	1478,63
910,55	1480,68
910,73	1490,92
910,90	1413,10
911,08	1503,21
911,25	1452,01
911,43	1464,30
911,60	1476,59
911,78	1396,71
911,95	1468,39
912,13	1404,91
912,30	1441,77
912,48	1413,10
912,65	1439,72
912,83	1415,15
913,00	1480,68
913,18	1472,49
913,35	1503,21
913,53	1376,24
913,70	1464,30
913,88	1466,35
914,05	1488,87
914,23	1374,19
914,40	1470,44
914,58	1449,96
914,75	1464,30
914,93	1417,19
915,10	1402,86
915,27	1478,63
915,45	1404,91
915,62	1386,47
915,80	1497,07
915,97	1423,34
916,15	1527,78
916,32	1570,79
916,50	1464,30
916,67	1525,74
916,85	1470,44
917,02	1478,63
917,20	1538,02
917,37	1402,86
917,54	1437,67
917,72	1519,59
917,89	1468,39
918,07	1480,68
918,24	1521,64
918,42	1468,39
918,59	1464,30
918,77	1513,45
918,94	1456,11
919,11	1468,39
919,29	1497,07
919,46	1425,39
919,64	1431,53
919,81	1357,80
919,99	1396,71
920,16	1495,02
920,33	1476,59
920,51	1384,43
920,68	1515,50
920,86	1390,57
921,03	1546,22
921,20	1449,96
921,38	1425,39
921,55	1499,11
921,73	1402,86
921,90	1449,96
922,07	1513,45
922,25	1437,67
922,42	1497,07
922,60	1443,82
922,77	1490,92
922,94	1468,39
923,12	1470,44
923,29	1441,77
923,47	1507,30
923,64	1390,57
923,81	1449,96
923,99	1542,12
924,16	1515,50
924,34	1419,24
924,51	1556,46
924,68	1540,07
924,86	1392,62
925,03	1445,87
925,20	1480,68
925,38	1499,11
925,55	1447,91
925,72	1519,59
925,90	1372,14
926,07	1505,26
926,25	1546,22
926,42	1495,02
926,59	1490,92
926,77	1499,11
926,94	1556,46
927,11	1404,91
927,29	1478,63
927,46	1388,52
927,63	1499,11
927,81	1441,77
927,98	1517,54
928,15	1456,11
928,33	1583,08
928,50	1452,01
928,67	1499,11
928,85	1460,20
929,02	1456,11
929,19	1464,30
929,37	1490,92
929,54	1421,29
929,71	1564,65
929,89	1452,01
930,06	1513,45
930,23	1468,39
930,41	1452,01
930,58	1357,80
930,75	1525,74
930,92	1517,54
931,10	1478,63
931,27	1460,20
931,44	1525,74
931,62	1474,54
931,79	1486,83
931,96	1462,25
932,14	1476,59
932,31	1468,39
932,48	1435,63
932,65	1535,98
932,83	1449,96
933,00	1538,02
933,17	1560,55
933,35	1499,11
933,52	1507,30
933,69	1609,70
933,86	1572,84
934,04	1390,57
934,21	1523,69
934,38	1447,91
934,55	1390,57
934,73	1488,87
934,90	1495,02
935,07	1486,83
935,25	1464,30
935,42	1443,82
935,59	1452,01
935,76	1421,29
935,94	1439,72
936,11	1427,43
936,28	1593,32
936,45	1445,87
936,63	1492,97
936,80	1386,47
936,97	1462,25
937,14	1433,58
937,31	1486,83
937,49	1525,74
937,66	1544,17
937,83	1529,83
938,00	1480,68
938,18	1472,49
938,35	1523,69
938,52	1437,67
938,69	1589,22
938,87	1452,01
939,04	1484,78
939,21	1411,05
939,38	1509,35
939,55	1445,87
939,73	1552,36
939,90	1523,69
940,07	1488,87
940,24	1542,12
940,41	1488,87
940,59	1509,35
940,76	1443,82
940,93	1435,63
941,10	1411,05
941,27	1511,40
941,45	1507,30
941,62	1464,30
941,79	1429,48
941,96	1482,73
942,13	1519,59
942,31	1484,78
942,48	1488,87
942,65	1562,60
942,82	1462,25
942,99	1505,26
943,16	1394,67
943,34	1525,74
943,51	1488,87
943,68	1466,35
943,85	1454,06
944,02	1587,18
944,19	1458,15
944,37	1482,73
944,54	1480,68
944,71	1427,43
944,88	1468,39
945,05	1429,48
945,22	1505,26
945,40	1505,26
945,57	1421,29
945,74	1454,06
945,91	1458,15
946,08	1470,44
946,25	1531,88
946,42	1445,87
946,60	1519,59
946,77	1513,45
946,94	1511,40
947,11	1538,02
947,28	1478,63
947,45	1411,05
947,62	1509,35
947,79	1482,73
947,97	1525,74
948,14	1546,22
948,31	1521,64
948,48	1431,53
948,65	1447,91
948,82	1400,81
948,99	1447,91
949,16	1484,78
949,33	1394,67
949,51	1478,63
949,68	1464,30
949,85	1535,98
950,02	1486,83
950,19	1513,45
950,36	1476,59
950,53	1497,07
950,70	1390,57
950,87	1460,20
951,04	1476,59
951,22	1495,02
951,39	1552,36
951,56	1437,67
951,73	1411,05
951,90	1427,43
952,07	1515,50
952,24	1404,91
952,41	1404,91
952,58	1411,05
952,75	1460,20
952,92	1460,20
953,09	1437,67
953,26	1447,91
953,43	1445,87
953,61	1540,07
953,78	1492,97
953,95	1527,78
954,12	1433,58
954,29	1452,01
954,46	1458,15
954,63	1517,54
954,80	1542,12
954,97	1476,59
955,14	1501,16
955,31	1402,86
955,48	1445,87
955,65	1398,76
955,82	1445,87
955,99	1429,48
956,16	1413,10
956,33	1445,87
956,50	1523,69
956,67	1460,20
956,84	1474,54
957,01	1449,96
957,18	1458,15
957,35	1505,26
957,52	1535,98
957,69	1521,64
957,86	1441,77
958,03	1423,34
958,20	1447,91
958,37	1472,49
958,54	1460,20
958,71	1411,05
958,88	1529,83
959,05	1474,54
959,22	1452,01
959,39	1462,25
959,56	1445,87
959,73	1452,01
959,90	1521,64
960,07	1503,21
960,24	1406,95
960,41	1433,58
960,58	1521,64
960,75	1468,39
960,92	1531,88
961,09	1443,82
961,26	1519,59
961,43	1472,49
961,60	1492,97
961,77	1452,01
961,94	1421,29
962,11	1417,19
962,28	1478,63
962,45	1404,91
962,62	1343,47
962,79	1368,04
962,96	1509,35
963,13	1519,59
963,30	1460,20
963,47	1447,91
963,64	1429,48
963,81	1515,50
963,98	1464,30
964,14	1452,01
964,31	1478,63
964,48	1462,25
964,65	1484,78
964,82	1509,35
964,99	1546,22
965,16	1435,63
965,33	1515,50
965,50	1449,96
965,67	1388,52
965,84	1449,96
966,01	1413,10
966,18	1378,28
966,35	1370,09
966,51	1495,02
966,68	1531,88
966,85	1402,86
967,02	1413,10
967,19	1404,91
967,36	1486,83
967,53	1507,30
967,70	1558,50
967,87	1452,01
968,04	1513,45
968,21	1482,73
968,37	1427,43
968,54	1415,15
968,71	1462,25
968,88	1417,19
969,05	1427,43
969,22	1484,78
969,39	1523,69
969,56	1474,54
969,72	1548,26
969,89	1533,93
970,06	1449,96
970,23	1445,87
970,40	1460,20
970,57	1429,48
970,74	1484,78
970,91	1419,24
971,07	1435,63
971,24	1384,43
971,41	1417,19
971,58	1519,59
971,75	1497,07
971,92	1437,67
972,09	1406,95
972,25	1441,77
972,42	1456,11
972,59	1470,44
972,76	1431,53
972,93	1447,91
973,10	1492,97
973,27	1472,49
973,43	1449,96
973,60	1419,24
973,77	1497,07
973,94	1449,96
974,11	1439,72
974,28	1382,38
974,44	1421,29
974,61	1507,30
974,78	1462,25
974,95	1427,43
975,12	1509,35
975,28	1486,83
975,45	1425,39
975,62	1388,52
975,79	1355,76
975,96	1411,05
976,12	1480,68
976,29	1486,83
976,46	1394,67
976,63	1443,82
976,80	1517,54
976,96	1392,62
977,13	1421,29
977,30	1458,15
977,47	1495,02
977,64	1392,62
977,80	1406,95
977,97	1433,58
978,14	1464,30
978,31	1468,39
978,48	1519,59
978,64	1341,42
978,81	1400,81
978,98	1411,05
979,15	1368,04
979,31	1466,35
979,48	1460,20
979,65	1423,34
979,82	1495,02
979,98	1349,61
980,15	1433,58
980,32	1519,59
980,49	1470,44
980,66	1411,05
980,82	1421,29
980,99	1380,33
981,16	1449,96
981,33	1439,72
981,49	1413,10
981,66	1488,87
981,83	1439,72
981,99	1435,63
982,16	1392,62
982,33	1347,56
982,50	1370,09
982,66	1544,17
982,83	1292,27
983,00	1382,38
983,17	1296,36
983,33	1413,10
983,50	1445,87
983,67	1423,34
983,83	1454,06
984,00	1427,43
984,17	1540,07
984,34	1411,05
984,50	1370,09
984,67	1386,47
984,84	1404,91
985,00	1396,71
985,17	1511,40
985,34	1390,57
985,51	1368,04
985,67	1462,25
985,84	1378,28
986,01	1329,13
986,17	1347,56
986,34	1310,70
986,51	1470,44
986,67	1376,24
986,84	1425,39
987,01	1378,28
987,17	1478,63
987,34	1394,67
987,51	1370,09
987,67	1398,76
987,84	1378,28
988,01	1435,63
988,17	1314,80
988,34	1316,84
988,51	1411,05
988,67	1456,11
988,84	1406,95
989,01	1425,39
989,17	1462,25
989,34	1409,00
989,51	1415,15
989,67	1384,43
989,84	1447,91
990,01	1368,04
990,17	1386,47
990,34	1282,03
990,51	1421,29
990,67	1447,91
990,84	1382,38
991,01	1329,13
991,17	1417,19
991,34	1425,39
991,50	1345,52
991,67	1382,38
991,84	1386,47
992,00	1382,38
992,17	1402,86
992,34	1437,67
992,50	1527,78
992,67	1345,52
992,83	1361,90
993,00	1402,86
993,17	1394,67
993,33	1353,71
993,50	1480,68
993,66	1366,00
993,83	1429,48
994,00	1366,00
994,16	1388,52
994,33	1474,54
994,49	1413,10
994,66	1380,33
994,83	1366,00
994,99	1404,91
995,16	1466,35
995,32	1497,07
995,49	1400,81
995,66	1488,87
995,82	1296,36
995,99	1433,58
996,15	1439,72
996,32	1415,15
996,48	1456,11
996,65	1429,48
996,82	1439,72
996,98	1390,57
997,15	1449,96
997,31	1419,24
997,48	1357,80
997,64	1378,28
997,81	1454,06
997,97	1402,86
998,14	1447,91
998,31	1488,87
998,47	1361,90
998,64	1417,19
998,80	1374,19
998,97	1443,82
999,13	1429,48
999,30	1464,30
999,46	1447,91
999,63	1415,15
999,79	1439,72
999,96	1495,02
1000,12	1437,67
1000,29	1433,58
1000,45	1486,83
1000,62	1294,32
1000,79	1427,43
1000,95	1472,49
1001,12	1386,47
1001,28	1325,04
1001,45	1402,86
1001,61	1341,42
1001,78	1423,34
1001,94	1445,87
1002,11	1429,48
1002,27	1431,53
1002,44	1388,52
1002,60	1425,39
1002,77	1544,17
1002,93	1425,39
1003,10	1396,71
1003,26	1380,33
1003,43	1472,49
1003,59	1447,91
1003,76	1423,34
1003,92	1357,80
1004,09	1421,29
1004,25	1452,01
1004,41	1458,15
1004,58	1398,76
1004,74	1415,15
1004,91	1447,91
1005,07	1474,54
1005,24	1468,39
1005,40	1404,91
1005,57	1363,95
1005,73	1431,53
1005,90	1380,33
1006,06	1398,76
1006,23	1456,11
1006,39	1392,62
1006,55	1325,04
1006,72	1449,96
1006,88	1454,06
1007,05	1478,63
1007,21	1421,29
1007,38	1472,49
1007,54	1380,33
1007,71	1378,28
1007,87	1366,00
1008,03	1472,49
1008,20	1452,01
1008,36	1351,66
1008,53	1484,78
1008,69	1411,05
1008,86	1562,60
1009,02	1394,67
1009,18	1425,39
1009,35	1427,43
1009,51	1386,47
1009,68	1466,35
1009,84	1452,01
1010,01	1466,35
1010,17	1404,91
1010,33	1458,15
1010,50	1492,97
1010,66	1445,87
1010,83	1404,91
1010,99	1503,21
1011,15	1312,75
1011,32	1460,20
1011,48	1437,67
1011,65	1404,91
1011,81	1310,70
1011,97	1435,63
1012,14	1495,02
1012,30	1400,81
1012,46	1396,71
1012,63	1439,72
1012,79	1386,47
1012,96	1409,00
1013,12	1402,86
1013,28	1423,34
1013,45	1433,58
1013,61	1359,85
1013,77	1413,10
1013,94	1404,91
1014,10	1368,04
1014,26	1378,28
1014,43	1484,78
1014,59	1417,19
1014,76	1439,72
1014,92	1439,72
1015,08	1357,80
1015,25	1298,41
1015,41	1443,82
1015,57	1366,00
1015,74	1390,57
1015,90	1423,34
1016,06	1482,73
1016,23	1409,00
1016,39	1413,10
1016,55	1370,09
1016,72	1466,35
1016,88	1462,25
1017,04	1351,66
1017,21	1384,43
1017,37	1347,56
1017,53	1411,05
1017,70	1474,54
1017,86	1331,18
1018,02	1339,37
1018,19	1447,91
1018,35	1435,63
1018,51	1429,48
1018,67	1425,39
1018,84	1396,71
1019,00	1368,04
1019,16	1486,83
1019,33	1312,75
1019,49	1527,78
1019,65	1425,39
1019,82	1507,30
1019,98	1329,13
1020,14	1380,33
1020,30	1372,14
1020,47	1409,00
1020,63	1525,74
1020,79	1427,43
1020,96	1355,76
1021,12	1292,27
1021,28	1417,19
1021,44	1353,71
1021,61	1423,34
1021,77	1429,48
1021,93	1452,01
1022,09	1466,35
1022,26	1447,91
1022,42	1433,58
1022,58	1511,40
1022,74	1374,19
1022,91	1443,82
1023,07	1427,43
1023,23	1357,80
1023,39	1460,20
1023,56	1443,82
1023,72	1466,35
1023,88	1378,28
1024,04	1454,06
1024,21	1382,38
1024,37	1353,71
1024,53	1468,39
1024,69	1492,97
1024,86	1302,51
1025,02	1415,15
1025,18	1376,24
1025,34	1357,80
1025,50	1456,11
1025,67	1415,15
1025,83	1486,83
1025,99	1443,82
1026,15	1415,15
1026,32	1378,28
1026,48	1380,33
1026,64	1449,96
1026,80	1419,24
1026,96	1474,54
1027,13	1464,30
1027,29	1482,73
1027,45	1341,42
1027,61	1413,10
1027,77	1398,76
1027,94	1429,48
1028,10	1425,39
1028,26	1376,24
1028,42	1376,24
1028,58	1495,02
1028,75	1366,00
1028,91	1441,77
1029,07	1292,27
1029,23	1374,19
1029,39	1431,53
1029,55	1413,10
1029,72	1441,77
1029,88	1466,35
1030,04	1382,38
1030,20	1445,87
1030,36	1376,24
1030,52	1361,90
1030,69	1437,67
1030,85	1433,58
1031,01	1372,14
1031,17	1409,00
1031,33	1374,19
1031,49	1503,21
1031,65	1472,49
1031,82	1402,86
1031,98	1411,05
1032,14	1378,28
1032,30	1429,48
1032,46	1521,64
1032,62	1499,11
1032,78	1411,05
1032,95	1421,29
1033,11	1402,86
1033,27	1470,44
1033,43	1409,00
1033,59	1437,67
1033,75	1466,35
1033,91	1480,68
1034,07	1470,44
1034,24	1368,04
1034,40	1396,71
1034,56	1382,38
1034,72	1529,83
1034,88	1458,15
1035,04	1447,91
1035,20	1394,67
1035,36	1396,71
1035,52	1331,18
1035,68	1335,28
1035,85	1409,00
1036,01	1390,57
1036,17	1443,82
1036,33	1495,02
1036,49	1368,04
1036,65	1388,52
1036,81	1435,63
1036,97	1482,73
1037,13	1366,00
1037,29	1390,57
1037,45	1474,54
1037,61	1333,23
1037,78	1378,28
1037,94	1490,92
1038,10	1427,43
1038,26	1443,82
1038,42	1353,71
1038,58	1349,61
1038,74	1402,86
1038,90	1490,92
1039,06	1447,91
1039,22	1384,43
1039,38	1445,87
1039,54	1454,06
1039,70	1388,52
1039,86	1431,53
1040,02	1454,06
1040,18	1425,39
1040,34	1443,82
1040,50	1490,92
1040,66	1449,96
1040,83	1357,80
1040,99	1370,09
1041,15	1484,78
1041,31	1411,05
1041,47	1384,43
1041,63	1419,24
1041,79	1495,02
1041,95	1468,39
1042,11	1466,35
1042,27	1390,57
1042,43	1413,10
1042,59	1468,39
1042,75	1433,58
1042,91	1449,96
