344,25	1267,69
344,46	1267,69
344,68	1267,69
344,90	1245,16
345,12	1322,99
345,34	1417,19
345,55	1439,72
345,77	1361,90
345,99	1437,67
346,21	1476,59
346,42	1423,34
346,64	1468,39
346,86	1374,19
347,08	1490,92
347,30	1353,71
347,51	1411,05
347,73	1507,30
347,95	1419,24
348,17	1433,58
348,38	1492,97
348,60	1374,19
348,82	1376,24
349,04	1372,14
349,25	1415,15
349,47	1509,35
349,69	1374,19
349,91	1548,26
350,13	1404,91
350,34	1413,10
350,56	1331,18
350,78	1443,82
351,00	1398,76
351,21	1427,43
351,43	1374,19
351,65	1378,28
351,87	1431,53
352,08	1382,38
352,30	1433,58
352,52	1429,48
352,74	1521,64
352,95	1452,01
353,17	1370,09
353,39	1384,43
353,61	1454,06
353,82	1464,30
354,04	1433,58
354,26	1394,67
354,47	1431,53
354,69	1380,33
354,91	1366,00
355,13	1525,74
355,34	1427,43
355,56	1413,10
355,78	1456,11
356,00	1509,35
356,21	1425,39
356,43	1509,35
356,65	1476,59
356,86	1431,53
357,08	1499,11
357,30	1406,95
357,52	1478,63
357,73	1495,02
357,95	1435,63
358,17	1458,15
358,38	1478,63
358,60	1392,62
358,82	1470,44
359,04	1419,24
359,25	1490,92
359,47	1439,72
359,69	1456,11
359,90	1433,58
360,12	1468,39
360,34	1445,87
360,56	1497,07
360,77	1560,55
360,99	1490,92
361,21	1501,16
361,42	1435,63
361,64	1484,78
361,86	1437,67
362,07	1437,67
362,29	1456,11
362,51	1482,73
362,73	1433,58
362,94	1492,97
363,16	1515,50
363,38	1429,48
363,59	1511,40
363,81	1429,48
364,03	1497,07
364,24	1546,22
364,46	1466,35
364,68	1552,36
364,89	1441,77
365,11	1476,59
365,33	1482,73
365,54	1437,67
365,76	1505,26
365,98	1535,98
366,19	1513,45
366,41	1595,37
366,63	1452,01
366,84	1456,11
367,06	1519,59
367,28	1507,30
367,49	1474,54
367,71	1476,59
367,93	1454,06
368,14	1519,59
368,36	1472,49
368,58	1490,92
368,79	1480,68
369,01	1515,50
369,23	1558,50
369,44	1583,08
369,66	1470,44
369,88	1540,07
370,09	1402,86
370,31	1490,92
370,53	1535,98
370,74	1519,59
370,96	1417,19
371,18	1503,21
371,39	1429,48
371,61	1533,93
371,82	1548,26
372,04	1464,30
372,26	1488,87
372,47	1513,45
372,69	1433,58
372,91	1558,50
373,12	1505,26
373,34	1613,80
373,56	1437,67
373,77	1546,22
373,99	1517,54
374,20	1523,69
374,42	1554,41
374,64	1560,55
374,85	1509,35
375,07	1535,98
375,29	1443,82
375,50	1546,22
375,72	1476,59
375,93	1480,68
376,15	1548,26
376,37	1556,46
376,58	1478,63
376,80	1488,87
377,01	1470,44
377,23	1515,50
377,45	1499,11
377,66	1452,01
377,88	1525,74
378,10	1476,59
378,31	1464,30
378,53	1570,79
378,74	1388,52
378,96	1552,36
379,18	1480,68
379,39	1499,11
379,61	1488,87
379,82	1462,25
380,04	1507,30
380,26	1472,49
380,47	1519,59
380,69	1509,35
380,90	1449,96
381,12	1388,52
381,33	1353,71
381,55	1443,82
381,77	1388,52
381,98	1443,82
382,20	1439,72
382,41	1404,91
382,63	1495,02
382,85	1472,49
383,06	1447,91
383,28	1443,82
383,49	1394,67
383,71	1443,82
383,92	1425,39
384,14	1370,09
384,36	1445,87
384,57	1527,78
384,79	1435,63
385,00	1497,07
385,22	1495,02
385,43	1495,02
385,65	1505,26
385,87	1476,59
386,08	1368,04
386,30	1361,90
386,51	1454,06
386,73	1409,00
386,94	1460,20
387,16	1495,02
387,37	1486,83
387,59	1449,96
387,81	1390,57
388,02	1484,78
388,24	1411,05
388,45	1490,92
388,67	1396,71
388,88	1464,30
389,10	1441,77
389,31	1538,02
389,53	1394,67
389,75	1513,45
389,96	1476,59
390,18	1452,01
390,39	1400,81
390,61	1411,05
390,82	1458,15
391,04	1497,07
391,25	1437,67
391,47	1437,67
391,68	1372,14
391,90	1402,86
392,11	1409,00
392,33	1390,57
392,54	1421,29
392,76	1523,69
392,97	1429,48
393,19	1478,63
393,41	1449,96
393,62	1472,49
393,84	1495,02
394,05	1527,78
394,27	1517,54
394,48	1484,78
394,70	1566,70
394,91	1472,49
395,13	1499,11
395,34	1474,54
395,56	1505,26
395,77	1515,50
395,99	1449,96
396,20	1488,87
396,42	1392,62
396,63	1460,20
396,85	1472,49
397,06	1449,96
397,28	1433,58
397,49	1468,39
397,71	1490,92
397,92	1478,63
398,14	1488,87
398,35	1585,13
398,57	1513,45
398,78	1519,59
399,00	1427,43
399,21	1476,59
399,43	1470,44
399,64	1540,07
399,86	1556,46
400,07	1423,34
400,29	1439,72
400,50	1542,12
400,72	1511,40
400,93	1513,45
401,14	1462,25
401,36	1425,39
401,57	1472,49
401,79	1515,50
402,00	1460,20
402,22	1509,35
402,43	1505,26
402,65	1398,76
402,86	1550,31
403,08	1456,11
403,29	1566,70
403,51	1552,36
403,72	1486,83
403,94	1433,58
404,15	1499,11
404,36	1492,97
404,58	1720,29
404,79	1538,02
405,01	1460,20
405,22	1519,59
405,44	1378,28
405,65	1558,50
405,87	1468,39
406,08	1538,02
406,30	1501,16
406,51	1445,87
406,72	1468,39
406,94	1460,20
407,15	1468,39
407,37	1511,40
407,58	1452,01
407,80	1423,34
408,01	1411,05
408,23	1499,11
408,44	1492,97
408,65	1472,49
408,87	1544,17
409,08	1495,02
409,30	1472,49
409,51	1505,26
409,73	1456,11
409,94	1558,50
410,15	1542,12
410,37	1445,87
410,58	1480,68
410,80	1427,43
411,01	1441,77
411,23	1495,02
411,44	1456,11
411,65	1597,42
411,87	1488,87
412,08	1447,91
412,30	1466,35
412,51	1501,16
412,72	1576,94
412,94	1476,59
413,15	1523,69
413,37	1499,11
413,58	1441,77
413,79	1499,11
414,01	1466,35
414,22	1531,88
414,44	1445,87
414,65	1476,59
414,86	1509,35
415,08	1456,11
415,29	1439,72
415,51	1417,19
415,72	1495,02
415,93	1439,72
416,15	1548,26
416,36	1527,78
416,58	1527,78
416,79	1585,13
417,00	1538,02
417,22	1447,91
417,43	1568,74
417,65	1488,87
417,86	1529,83
418,07	1488,87
418,29	1484,78
418,50	1445,87
418,71	1464,30
418,93	1505,26
419,14	1476,59
419,36	1443,82
419,57	1476,59
419,78	1544,17
420,00	1384,43
420,21	1523,69
420,42	1535,98
420,64	1449,96
420,85	1521,64
421,06	1441,77
421,28	1409,00
421,49	1429,48
421,71	1466,35
421,92	1511,40
422,13	1523,69
422,35	1523,69
422,56	1517,54
422,77	1466,35
422,99	1462,25
423,20	1423,34
423,41	1562,60
423,63	1507,30
423,84	1519,59
424,05	1542,12
424,27	1540,07
424,48	1578,98
424,69	1531,88
424,91	1781,73
425,12	1421,29
425,33	1443,82
425,55	1540,07
425,76	1497,07
425,97	1517,54
426,19	1552,36
426,40	1417,19
426,61	1564,65
426,83	1507,30
427,04	1578,98
427,25	1564,65
427,47	1464,30
427,68	1490,92
427,89	1519,59
428,11	1507,30
428,32	1593,32
428,53	1521,64
428,75	1460,20
428,96	1605,61
429,17	1460,20
429,39	1531,88
429,60	1550,31
429,81	1587,18
430,03	1370,09
430,24	1540,07
430,45	1527,78
430,67	1464,30
430,88	1507,30
431,09	1474,54
431,30	1597,42
431,52	1476,59
431,73	1437,67
431,94	1490,92
432,16	1495,02
432,37	1564,65
432,58	1562,60
432,80	1462,25
433,01	1505,26
433,22	1480,68
433,43	1495,02
433,65	1556,46
433,86	1505,26
434,07	1460,20
434,29	1427,43
434,50	1462,25
434,71	1523,69
434,92	1505,26
435,14	1468,39
435,35	1497,07
435,56	1443,82
435,77	1472,49
435,99	1488,87
436,20	1513,45
436,41	1421,29
436,63	1468,39
436,84	1435,63
437,05	1390,57
437,26	1472,49
437,48	1560,55
437,69	1478,63
437,90	1513,45
438,11	1466,35
438,33	1480,68
438,54	1476,59
438,75	1509,35
438,96	1609,70
439,18	1439,72
439,39	1566,70
439,60	1384,43
439,82	1480,68
440,03	1439,72
440,24	1501,16
440,45	1423,34
440,67	1509,35
440,88	1490,92
441,09	1466,35
441,30	1533,93
441,51	1470,44
441,73	1480,68
441,94	1425,39
442,15	1431,53
442,36	1519,59
442,58	1542,12
442,79	1486,83
443,00	1419,24
443,21	1558,50
443,43	1486,83
443,64	1509,35
443,85	1447,91
444,06	1404,91
444,28	1533,93
444,49	1507,30
444,70	1501,16
444,91	1576,94
445,12	1531,88
445,34	1566,70
445,55	1581,03
445,76	1472,49
445,97	1574,89
446,18	1538,02
446,40	1554,41
446,61	1452,01
446,82	1509,35
447,03	1556,46
447,25	1486,83
447,46	1501,16
447,67	1544,17
447,88	1464,30
448,09	1511,40
448,31	1566,70
448,52	1437,67
448,73	1609,70
448,94	1546,22
449,15	1529,83
449,37	1476,59
449,58	1538,02
449,79	1482,73
450,00	1583,08
450,21	1544,17
450,43	1615,85
450,64	1476,59
450,85	1486,83
451,06	1495,02
451,27	1529,83
451,48	1419,24
451,70	1542,12
451,91	1495,02
452,12	1525,74
452,33	1578,98
452,54	1482,73
452,76	1615,85
452,97	1581,03
453,18	1529,83
453,39	1542,12
453,60	1503,21
453,81	1521,64
454,03	1503,21
454,24	1550,31
454,45	1484,78
454,66	1652,71
454,87	1542,12
455,08	1650,66
455,30	1511,40
455,51	1624,04
455,72	1538,02
455,93	1472,49
456,14	1482,73
456,35	1470,44
456,56	1576,94
456,78	1658,85
456,99	1566,70
457,20	1570,79
457,41	1581,03
457,62	1638,38
457,83	1605,61
458,04	1603,56
458,26	1632,23
458,47	1535,98
458,68	1505,26
458,89	1552,36
459,10	1564,65
459,31	1574,89
459,52	1605,61
459,74	1546,22
459,95	1667,05
460,16	1554,41
460,37	1624,04
460,58	1568,74
460,79	1554,41
461,00	1566,70
461,21	1556,46
461,43	1527,78
461,64	1613,80
461,85	1603,56
462,06	1587,18
462,27	1533,93
462,48	1642,47
462,69	1595,37
462,90	1525,74
463,12	1679,33
463,33	1513,45
463,54	1492,97
463,75	1568,74
463,96	1581,03
464,17	1542,12
464,38	1572,84
464,59	1507,30
464,80	1601,51
465,01	1544,17
465,23	1619,94
465,44	1484,78
465,65	1527,78
465,86	1558,50
466,07	1488,87
466,28	1544,17
466,49	1572,84
466,70	1675,24
466,91	1607,66
467,12	1640,42
467,33	1552,36
467,55	1601,51
467,76	1628,14
467,97	1585,13
468,18	1636,33
468,39	1564,65
468,60	1658,85
468,81	1558,50
469,02	1615,85
469,23	1613,80
469,44	1572,84
469,65	1525,74
469,86	1636,33
470,07	1558,50
470,29	1671,14
470,50	1654,76
470,71	1730,53
470,92	1531,88
471,13	1628,14
471,34	1673,19
471,55	1525,74
471,76	1632,23
471,97	1578,98
472,18	1613,80
472,39	1570,79
472,60	1656,81
472,81	1654,76
473,02	1558,50
473,23	1626,09
473,44	1603,56
473,65	1703,91
473,87	1587,18
474,08	1634,28
474,29	1558,50
474,50	1626,09
474,71	1533,93
474,92	1767,40
475,13	1697,77
475,34	1646,57
475,55	1578,98
475,76	1654,76
475,97	1665,00
476,18	1529,83
476,39	1593,32
476,60	1726,44
476,81	1656,81
477,02	1703,91
477,23	1669,09
477,44	1730,53
477,65	1595,37
477,86	1626,09
478,07	1738,73
478,28	1662,95
478,49	1619,94
478,70	1685,48
478,91	1613,80
479,12	1624,04
479,33	1662,95
479,54	1599,46
479,75	1732,58
479,96	1662,95
480,17	1603,56
480,38	1621,99
480,59	1642,47
480,80	1693,67
481,01	1646,57
481,22	1636,33
481,43	1703,91
481,64	1683,43
481,85	1605,61
482,06	1640,42
482,27	1765,35
482,48	1744,87
482,69	1683,43
482,90	1755,11
483,11	1738,73
483,32	1712,10
483,53	1648,61
483,74	1710,05
483,95	1671,14
484,16	1628,14
484,37	1578,98
484,58	1800,16
484,79	1710,05
485,00	1718,25
485,21	1714,15
485,42	1662,95
485,63	1691,62
485,84	1695,72
486,05	1619,94
486,26	1705,96
486,47	1808,36
486,68	1726,44
486,89	1685,48
487,10	1779,68
487,31	1708,01
487,52	1751,01
487,73	1800,16
487,94	1767,40
488,15	1687,53
488,36	1763,30
488,57	1570,79
488,77	1783,78
488,98	1765,35
489,19	1753,06
489,40	1845,22
489,61	1791,97
489,82	1822,69
490,03	1794,02
490,24	1636,33
490,45	1789,92
490,66	1703,91
490,87	1818,60
491,08	1722,34
491,29	1857,51
491,50	1732,58
491,71	1746,92
491,92	1718,25
492,13	1726,44
492,33	1712,10
492,54	1773,54
492,75	1785,83
492,96	1755,11
493,17	1845,22
493,38	1748,97
493,59	1740,77
493,80	1839,08
494,01	1773,54
494,22	1886,18
494,43	1740,77
494,64	1804,26
494,85	1773,54
495,05	1873,89
495,26	1779,68
495,47	1812,45
495,68	1828,84
495,89	1773,54
496,10	1744,87
496,31	1830,88
496,52	1832,93
496,73	1869,80
496,94	1779,68
497,15	1869,80
497,35	1892,32
497,56	1789,92
497,77	1853,41
497,98	1808,36
498,19	1869,80
498,40	1939,43
498,61	1959,91
498,82	1882,08
499,03	1804,26
499,23	1843,17
499,44	1865,70
499,65	1976,29
499,86	1863,65
500,07	1943,52
500,28	1857,51
500,49	1912,80
500,70	1808,36
500,91	1855,46
501,11	1888,23
501,32	1937,38
501,53	1886,18
501,74	1918,95
501,95	1818,60
502,16	1906,66
502,37	1820,64
502,57	1910,75
502,78	1824,74
502,99	1998,82
503,20	1910,75
503,41	1904,61
503,62	1951,71
503,83	1894,37
504,03	1974,24
504,24	1929,19
504,45	1941,47
504,66	1966,05
504,87	1966,05
505,08	1916,90
505,29	1871,84
505,49	1943,52
505,70	1972,19
505,91	1966,05
506,12	1898,47
506,33	2043,87
506,54	1923,04
506,75	1916,90
506,95	1978,34
507,16	2027,49
507,37	1906,66
507,58	1953,76
507,79	2023,39
508,00	1976,29
508,20	1892,32
508,41	2025,44
508,62	1984,48
508,83	2035,68
509,04	1839,08
509,24	2058,21
509,45	2240,48
509,66	2119,65
509,87	1968,10
510,08	1980,39
510,29	1984,48
510,49	2109,41
510,70	2039,78
510,91	1970,15
511,12	1992,67
511,33	1918,95
511,53	1939,43
511,74	1955,81
511,95	1861,60
512,16	1933,28
512,37	2041,82
512,57	2033,63
512,78	1978,34
512,99	1947,62
513,20	2029,54
513,41	2078,69
513,61	1941,47
513,82	2017,25
514,03	1931,23
514,24	2062,30
514,45	1912,80
514,65	2054,11
514,86	2004,96
515,07	1959,91
515,28	1974,24
515,49	2029,54
515,69	1914,85
515,90	2109,41
516,11	2025,44
516,32	1988,58
516,52	1988,58
516,73	1996,77
516,94	2004,96
517,15	2019,30
517,36	1914,85
517,56	2058,21
517,77	2015,20
517,98	2066,40
518,19	1832,93
518,39	2082,78
518,60	1990,63
518,81	2133,98
519,02	1918,95
519,22	1869,80
519,43	1996,77
519,64	1998,82
519,85	1945,57
520,05	2039,78
520,26	2009,06
520,47	2152,42
520,68	1953,76
520,88	2007,01
521,09	1988,58
521,30	2043,87
521,51	1920,99
521,71	2009,06
521,92	2021,35
522,13	2068,45
522,34	1984,48
522,54	1974,24
522,75	1877,99
522,96	2119,65
523,17	1959,91
523,37	2045,92
523,58	1925,09
523,79	2004,96
523,99	1966,05
524,20	2004,96
524,41	2045,92
524,62	2052,06
524,82	1994,72
525,03	2025,44
525,24	1945,57
525,45	1964,00
525,65	1925,09
525,86	1994,72
526,07	1937,38
526,27	1994,72
526,48	1900,52
526,69	2109,41
526,90	1933,28
527,10	2056,16
527,31	1992,67
527,52	2056,16
527,72	1964,00
527,93	2039,78
528,14	1906,66
528,34	1920,99
528,55	1863,65
528,76	2099,17
528,97	1931,23
529,17	2043,87
529,38	2070,50
529,59	2045,92
529,79	1906,66
530,00	1957,86
530,21	2043,87
530,41	2021,35
530,62	2007,01
530,83	2121,70
531,03	2023,39
531,24	2029,54
531,45	2007,01
531,65	2007,01
531,86	2068,45
532,07	2029,54
532,27	1865,70
532,48	2041,82
532,69	1986,53
532,89	2136,03
533,10	2009,06
533,31	1890,28
533,51	1865,70
533,72	2017,25
533,93	1990,63
534,13	1970,15
534,34	1869,80
534,55	2017,25
534,75	1951,71
534,96	2129,89
535,17	1877,99
535,37	1968,10
535,58	1894,37
535,79	1982,43
535,99	1841,12
536,20	1916,90
536,41	1828,84
536,61	1966,05
536,82	2007,01
537,03	1986,53
537,23	1923,04
537,44	1880,04
537,64	1966,05
537,85	1939,43
538,06	1955,81
538,26	2037,73
538,47	2017,25
538,68	1957,86
538,88	1898,47
539,09	1875,94
539,30	1837,03
539,50	1996,77
539,71	1890,28
539,91	1984,48
540,12	1929,19
540,33	1890,28
540,53	1871,84
540,74	1783,78
540,94	1820,64
541,15	1843,17
541,36	1834,98
541,56	1865,70
541,77	1912,80
541,98	1814,50
542,18	1951,71
542,39	1906,66
542,59	1871,84
542,80	1918,95
543,01	1755,11
543,21	1794,02
543,42	1839,08
543,62	1896,42
543,83	1794,02
544,04	1818,60
544,24	1830,88
544,45	1759,21
544,65	1812,45
544,86	1910,75
545,06	1837,03
545,27	1769,44
545,48	1746,92
545,68	1824,74
545,89	1822,69
546,09	1794,02
546,30	1830,88
546,51	1824,74
546,71	1820,64
546,92	1839,08
547,12	1900,52
547,33	1867,75
547,53	1847,27
547,74	1714,15
547,95	1757,16
548,15	1740,77
548,36	1843,17
548,56	1724,39
548,77	1759,21
548,97	1857,51
549,18	1667,05
549,39	1751,01
549,59	1748,97
549,80	1638,38
550,00	1744,87
550,21	1806,31
550,41	1789,92
550,62	1759,21
550,82	1722,34
551,03	1648,61
551,23	1691,62
551,44	1665,00
551,65	1722,34
551,85	1751,01
552,06	1615,85
552,26	1724,39
552,47	1712,10
552,67	1656,81
552,88	1689,57
553,08	1726,44
553,29	1751,01
553,49	1785,83
553,70	1767,40
553,90	1722,34
554,11	1755,11
554,32	1769,44
554,52	1685,48
554,73	1767,40
554,93	1812,45
555,14	1802,21
555,34	1730,53
555,55	1777,64
555,75	1697,77
555,96	1722,34
556,16	1714,15
556,37	1900,52
556,57	1755,11
556,78	1808,36
556,98	1832,93
557,19	1857,51
557,39	1845,22
557,60	1808,36
557,80	1818,60
558,01	1839,08
558,21	1771,49
558,42	1830,88
558,62	1865,70
558,83	1935,33
559,03	1806,31
559,24	1865,70
559,44	2013,15
559,65	2064,35
559,85	1910,75
560,06	1943,52
560,26	2035,68
560,47	1931,23
560,67	2127,84
560,88	2086,88
561,08	2109,41
561,29	2144,22
561,49	2146,27
561,70	2084,83
561,90	2289,63
562,10	2160,61
562,31	2213,85
562,51	2258,91
562,72	2351,07
562,92	2234,33
563,13	2480,09
563,33	2349,02
563,54	2519,00
563,74	2398,17
563,95	2494,43
564,15	2385,88
564,36	2856,92
564,56	2545,63
564,76	2723,80
564,97	2717,65
565,17	2959,31
565,38	2818,00
565,58	3110,86
565,79	2881,49
565,99	3143,63
566,20	3078,10
566,40	3229,65
566,60	3282,89
566,81	3573,71
567,01	3585,99
567,22	3551,18
567,42	3538,89
567,63	3813,32
567,83	3510,22
568,04	4069,31
568,24	3839,94
568,44	4335,55
568,65	3796,93
568,85	4399,04
569,06	4437,95
569,26	4577,21
569,47	4597,69
569,67	4657,08
569,87	4779,96
570,08	4974,52
570,28	4906,93
570,49	5312,43
570,69	5017,52
570,89	5611,43
571,10	5345,20
571,30	5662,63
571,51	5406,64
571,71	5965,73
571,91	5773,22
572,12	5935,01
572,32	5728,17
572,53	6184,87
572,73	5789,61
572,93	6336,42
573,14	6229,92
573,34	6381,47
573,55	5980,07
573,75	6068,13
573,95	5805,99
574,16	6293,41
574,36	5908,39
574,57	6045,60
574,77	5304,24
574,97	5609,39
575,18	5480,36
575,38	5488,56
575,59	4949,94
575,79	5244,85
575,99	4741,05
576,20	4984,76
576,40	4573,11
576,60	4591,55
576,81	4011,97
577,01	4366,27
577,22	3751,88
577,42	3923,91
577,62	3514,31
577,83	3471,31
578,03	3141,58
578,23	3280,85
578,44	2869,20
578,64	3020,75
578,84	2707,41
579,05	2717,65
579,25	2416,60
579,45	2328,54
579,66	2160,61
579,86	2312,16
580,07	2209,76
580,27	2160,61
580,47	1939,43
580,68	1920,99
580,88	1859,56
581,08	2004,96
581,29	1820,64
581,49	1865,70
581,69	1830,88
581,90	1779,68
582,10	1738,73
582,30	1675,24
582,51	1638,38
582,71	1648,61
582,91	1538,02
583,12	1601,51
583,32	1605,61
583,52	1624,04
583,73	1583,08
583,93	1632,23
584,13	1693,67
584,34	1652,71
584,54	1619,94
584,74	1578,98
584,94	1558,50
585,15	1611,75
585,35	1650,66
585,55	1564,65
585,76	1564,65
585,96	1519,59
586,16	1603,56
586,37	1501,16
586,57	1495,02
586,77	1495,02
586,98	1484,78
587,18	1560,55
587,38	1513,45
587,58	1546,22
587,79	1572,84
587,99	1554,41
588,19	1429,48
588,40	1499,11
588,60	1495,02
588,80	1511,40
589,00	1515,50
589,21	1427,43
589,41	1503,21
589,61	1497,07
589,82	1531,88
590,02	1544,17
590,22	1552,36
590,42	1576,94
590,63	1548,26
590,83	1417,19
591,03	1519,59
591,23	1507,30
591,44	1398,76
591,64	1437,67
591,84	1458,15
592,05	1454,06
592,25	1509,35
592,45	1509,35
592,65	1517,54
592,86	1433,58
593,06	1513,45
593,26	1552,36
593,46	1439,72
593,67	1552,36
593,87	1501,16
594,07	1409,00
594,27	1503,21
594,48	1535,98
594,68	1482,73
594,88	1486,83
595,08	1490,92
595,29	1523,69
595,49	1447,91
595,69	1443,82
595,89	1517,54
596,10	1533,93
596,30	1423,34
596,50	1490,92
596,70	1531,88
596,90	1417,19
597,11	1433,58
597,31	1466,35
597,51	1480,68
597,71	1525,74
597,92	1548,26
598,12	1499,11
598,32	1497,07
598,52	1452,01
598,72	1535,98
598,93	1437,67
599,13	1519,59
599,33	1413,10
599,53	1513,45
599,74	1384,43
599,94	1443,82
600,14	1374,19
600,34	1550,31
600,54	1449,96
600,75	1431,53
600,95	1429,48
601,15	1454,06
601,35	1452,01
601,55	1476,59
601,76	1472,49
601,96	1578,98
602,16	1454,06
602,36	1529,83
602,56	1382,38
602,76	1470,44
602,97	1353,71
603,17	1439,72
603,37	1511,40
603,57	1546,22
603,77	1480,68
603,98	1484,78
604,18	1413,10
604,38	1509,35
604,58	1366,00
604,78	1501,16
604,98	1427,43
605,19	1431,53
605,39	1452,01
605,59	1445,87
605,79	1411,05
605,99	1433,58
606,19	1429,48
606,40	1433,58
606,60	1406,95
606,80	1406,95
607,00	1415,15
607,20	1495,02
607,40	1394,67
607,61	1482,73
607,81	1513,45
608,01	1513,45
608,21	1429,48
608,41	1462,25
608,61	1386,47
608,81	1386,47
609,02	1466,35
609,22	1474,54
609,42	1449,96
609,62	1433,58
609,82	1472,49
610,02	1447,91
610,22	1427,43
610,43	1374,19
610,63	1398,76
610,83	1433,58
611,03	1431,53
611,23	1411,05
611,43	1480,68
611,63	1456,11
611,83	1363,95
612,04	1423,34
612,24	1497,07
612,44	1501,16
612,64	1400,81
612,84	1390,57
613,04	1363,95
613,24	1523,69
613,44	1376,24
613,64	1517,54
613,85	1572,84
614,05	1529,83
614,25	1363,95
614,45	1443,82
614,65	1497,07
614,85	1460,20
615,05	1366,00
615,25	1581,03
615,45	1376,24
615,65	1415,15
615,86	1529,83
616,06	1452,01
616,26	1429,48
616,46	1490,92
616,66	1363,95
616,86	1478,63
617,06	1495,02
617,26	1490,92
617,46	1445,87
617,66	1497,07
617,86	1447,91
618,07	1464,30
618,27	1503,21
618,47	1437,67
618,67	1544,17
618,87	1460,20
619,07	1394,67
619,27	1515,50
619,47	1431,53
619,67	1505,26
619,87	1388,52
620,07	1562,60
620,27	1454,06
620,47	1470,44
620,67	1454,06
620,87	1421,29
621,07	1466,35
621,28	1400,81
621,48	1431,53
621,68	1458,15
621,88	1419,24
622,08	1406,95
622,28	1538,02
622,48	1464,30
622,68	1452,01
622,88	1433,58
623,08	1550,31
623,28	1443,82
623,48	1439,72
623,68	1507,30
623,88	1411,05
624,08	1587,18
624,28	1460,20
624,48	1376,24
624,68	1433,58
624,88	1400,81
625,08	1517,54
625,28	1472,49
625,48	1472,49
625,68	1443,82
625,88	1468,39
626,08	1300,46
626,28	1484,78
626,48	1335,28
626,68	1441,77
626,88	1329,13
627,08	1495,02
627,28	1546,22
627,48	1460,20
627,68	1443,82
627,88	1433,58
628,08	1382,38
628,28	1449,96
628,49	1492,97
628,68	1437,67
628,88	1419,24
629,08	1380,33
629,28	1454,06
629,48	1382,38
629,68	1513,45
629,88	1507,30
630,08	1406,95
630,28	1531,88
630,48	1447,91
630,68	1411,05
630,88	1429,48
631,08	1421,29
631,28	1476,59
631,48	1366,00
631,68	1427,43
631,88	1380,33
632,08	1411,05
632,28	1429,48
632,48	1523,69
632,68	1449,96
632,88	1482,73
633,08	1406,95
633,28	1400,81
633,48	1439,72
633,68	1454,06
633,88	1439,72
634,08	1527,78
634,28	1441,77
634,48	1427,43
634,68	1435,63
634,88	1447,91
635,08	1417,19
635,28	1445,87
635,48	1439,72
635,68	1427,43
635,87	1390,57
636,07	1447,91
636,27	1409,00
636,47	1441,77
636,67	1470,44
636,87	1531,88
637,07	1484,78
637,27	1411,05
637,47	1396,71
637,67	1468,39
637,87	1449,96
638,07	1517,54
638,27	1333,23
638,47	1495,02
638,67	1466,35
638,86	1484,78
639,06	1433,58
639,26	1544,17
639,46	1347,56
639,66	1478,63
639,86	1513,45
640,06	1456,11
640,26	1468,39
640,46	1398,76
640,66	1423,34
640,86	1447,91
641,06	1325,04
641,25	1468,39
641,45	1341,42
641,65	1398,76
641,85	1353,71
642,05	1464,30
642,25	1462,25
642,45	1472,49
642,65	1429,48
642,85	1413,10
643,05	1388,52
643,24	1439,72
643,44	1458,15
643,64	1454,06
643,84	1435,63
644,04	1492,97
644,24	1452,01
644,44	1439,72
644,64	1396,71
644,84	1443,82
645,03	1425,39
645,23	1564,65
645,43	1335,28
645,63	1497,07
645,83	1439,72
646,03	1454,06
646,23	1413,10
646,42	1556,46
646,62	1470,44
646,82	1437,67
647,02	1441,77
647,22	1449,96
647,42	1335,28
647,62	1462,25
647,82	1433,58
648,01	1548,26
648,21	1443,82
648,41	1419,24
648,61	1521,64
648,81	1572,84
649,01	1478,63
649,20	1392,62
649,40	1470,44
649,60	1429,48
649,80	1398,76
650,00	1488,87
650,20	1439,72
650,40	1488,87
650,59	1511,40
650,79	1527,78
650,99	1511,40
651,19	1335,28
651,39	1437,67
651,58	1521,64
651,78	1423,34
651,98	1400,81
652,18	1384,43
652,38	1460,20
652,58	1404,91
652,77	1472,49
652,97	1488,87
653,17	1449,96
653,37	1503,21
653,57	1462,25
653,77	1419,24
653,96	1470,44
654,16	1460,20
654,36	1429,48
654,56	1503,21
654,76	1554,41
654,95	1398,76
655,15	1478,63
655,35	1482,73
655,55	1458,15
655,75	1423,34
655,94	1519,59
656,14	1470,44
656,34	1456,11
656,54	1361,90
656,73	1449,96
656,93	1472,49
657,13	1472,49
657,33	1435,63
657,53	1374,19
657,72	1454,06
657,92	1478,63
658,12	1458,15
658,32	1488,87
658,52	1396,71
658,71	1376,24
658,91	1445,87
659,11	1341,42
659,31	1480,68
659,50	1478,63
659,70	1468,39
659,90	1517,54
660,10	1476,59
660,29	1394,67
660,49	1476,59
660,69	1454,06
660,89	1452,01
661,08	1409,00
661,28	1409,00
661,48	1435,63
661,68	1345,52
661,87	1445,87
662,07	1402,86
662,27	1429,48
662,47	1421,29
662,66	1507,30
662,86	1431,53
663,06	1441,77
663,26	1392,62
663,45	1501,16
663,65	1472,49
663,85	1538,02
664,05	1384,43
664,24	1443,82
664,44	1429,48
664,64	1409,00
664,84	1394,67
665,03	1458,15
665,23	1452,01
665,43	1429,48
665,62	1439,72
665,82	1486,83
666,02	1386,47
666,22	1468,39
666,41	1409,00
666,61	1511,40
666,81	1411,05
667,00	1396,71
667,20	1421,29
667,40	1437,67
667,60	1513,45
667,79	1458,15
667,99	1447,91
668,19	1413,10
668,38	1443,82
668,58	1513,45
668,78	1423,34
668,97	1564,65
669,17	1394,67
669,37	1427,43
669,57	1366,00
669,76	1529,83
669,96	1427,43
670,16	1433,58
670,35	1421,29
670,55	1452,01
670,75	1474,54
670,94	1466,35
671,14	1521,64
671,34	1406,95
671,53	1488,87
671,73	1482,73
671,93	1431,53
672,12	1421,29
672,32	1476,59
672,52	1447,91
672,71	1398,76
672,91	1468,39
673,11	1472,49
673,30	1542,12
673,50	1472,49
673,70	1318,89
673,89	1431,53
674,09	1476,59
674,29	1425,39
674,48	1421,29
674,68	1509,35
674,88	1368,04
675,07	1505,26
675,27	1443,82
675,46	1431,53
675,66	1454,06
675,86	1441,77
676,05	1472,49
676,25	1384,43
676,45	1472,49
676,64	1357,80
676,84	1484,78
677,04	1411,05
677,23	1521,64
677,43	1454,06
677,62	1484,78
677,82	1480,68
678,02	1435,63
678,21	1445,87
678,41	1478,63
678,61	1400,81
678,80	1484,78
679,00	1452,01
679,19	1400,81
679,39	1402,86
679,59	1351,66
679,78	1439,72
679,98	1406,95
680,17	1419,24
680,37	1427,43
680,57	1378,28
680,76	1460,20
680,96	1517,54
681,16	1415,15
681,35	1421,29
681,55	1447,91
681,74	1507,30
681,94	1380,33
682,13	1452,01
682,33	1505,26
682,53	1425,39
682,72	1484,78
682,92	1433,58
683,11	1495,02
683,31	1533,93
683,51	1511,40
683,70	1458,15
683,90	1402,86
684,09	1458,15
684,29	1468,39
684,48	1441,77
684,68	1509,35
684,88	1554,41
685,07	1361,90
685,27	1431,53
685,46	1417,19
685,66	1427,43
685,85	1464,30
686,05	1499,11
686,25	1505,26
686,44	1490,92
686,64	1492,97
686,83	1513,45
687,03	1486,83
687,22	1484,78
687,42	1425,39
687,61	1495,02
687,81	1411,05
688,01	1490,92
688,20	1406,95
688,40	1462,25
688,59	1427,43
688,79	1370,09
688,98	1449,96
689,18	1421,29
689,37	1431,53
689,57	1468,39
689,76	1462,25
689,96	1454,06
690,15	1423,34
690,35	1470,44
690,54	1486,83
690,74	1349,61
690,94	1449,96
691,13	1429,48
691,33	1452,01
691,52	1474,54
691,72	1415,15
691,91	1417,19
692,11	1523,69
692,30	1394,67
692,50	1486,83
692,69	1542,12
692,89	1529,83
693,08	1427,43
693,28	1482,73
693,47	1343,47
693,67	1492,97
693,86	1413,10
694,06	1554,41
694,25	1374,19
694,45	1456,11
694,64	1406,95
694,84	1441,77
695,03	1480,68
695,23	1447,91
695,42	1433,58
695,62	1531,88
695,81	1425,39
696,01	1423,34
696,20	1402,86
696,40	1415,15
696,59	1419,24
696,78	1509,35
696,98	1501,16
697,17	1378,28
697,37	1413,10
697,56	1443,82
697,76	1386,47
697,95	1540,07
698,15	1404,91
698,34	1513,45
698,54	1452,01
698,73	1562,60
698,93	1509,35
699,12	1478,63
699,32	1419,24
699,51	1433,58
699,70	1431,53
699,90	1490,92
700,09	1529,83
700,29	1413,10
700,48	1415,15
700,68	1409,00
700,87	1499,11
701,07	1476,59
701,26	1458,15
701,45	1394,67
701,65	1441,77
701,84	1368,04
702,04	1425,39
702,23	1423,34
702,43	1445,87
702,62	1425,39
702,81	1452,01
703,01	1423,34
703,20	1460,20
703,40	1419,24
703,59	1449,96
703,79	1382,38
703,98	1398,76
704,17	1400,81
704,37	1464,30
704,56	1437,67
704,76	1411,05
704,95	1468,39
705,14	1437,67
705,34	1435,63
705,53	1415,15
705,73	1335,28
705,92	1421,29
706,11	1540,07
706,31	1388,52
706,50	1411,05
706,70	1431,53
706,89	1404,91
707,08	1419,24
707,28	1484,78
707,47	1447,91
707,67	1429,48
707,86	1476,59
708,05	1488,87
708,25	1388,52
708,44	1445,87
708,64	1419,24
708,83	1406,95
709,02	1411,05
709,22	1456,11
709,41	1394,67
709,60	1495,02
709,80	1540,07
709,99	1431,53
710,19	1345,52
710,38	1470,44
710,57	1398,76
710,77	1468,39
710,96	1380,33
711,15	1363,95
711,35	1415,15
711,54	1456,11
711,73	1488,87
711,93	1384,43
712,12	1374,19
712,31	1484,78
712,51	1380,33
712,70	1427,43
712,89	1343,47
713,09	1445,87
713,28	1370,09
713,48	1394,67
713,67	1427,43
713,86	1454,06
714,06	1425,39
714,25	1355,76
714,44	1411,05
714,64	1458,15
714,83	1404,91
715,02	1380,33
715,22	1535,98
715,41	1386,47
715,60	1441,77
715,79	1355,76
715,99	1507,30
716,18	1474,54
716,37	1361,90
716,57	1374,19
716,76	1454,06
716,95	1404,91
717,15	1386,47
717,34	1411,05
717,53	1492,97
717,73	1343,47
717,92	1495,02
718,11	1431,53
718,31	1452,01
718,50	1425,39
718,69	1341,42
718,88	1503,21
719,08	1368,04
719,27	1433,58
719,46	1427,43
719,66	1363,95
719,85	1353,71
720,04	1445,87
720,23	1388,52
720,43	1462,25
720,62	1464,30
720,81	1437,67
721,01	1400,81
721,20	1454,06
721,39	1378,28
721,58	1431,53
721,78	1486,83
721,97	1396,71
722,16	1316,84
722,35	1441,77
722,55	1411,05
722,74	1427,43
722,93	1439,72
723,13	1392,62
723,32	1394,67
723,51	1454,06
723,70	1374,19
723,90	1394,67
724,09	1386,47
724,28	1435,63
724,47	1429,48
724,67	1454,06
724,86	1355,76
725,05	1370,09
725,24	1415,15
725,44	1421,29
725,63	1345,52
725,82	1351,66
726,01	1419,24
726,21	1386,47
726,40	1372,14
726,59	1464,30
726,78	1394,67
726,97	1378,28
727,17	1517,54
727,36	1452,01
727,55	1419,24
727,74	1419,24
727,94	1390,57
728,13	1505,26
728,32	1417,19
728,51	1388,52
728,70	1429,48
728,90	1353,71
729,09	1425,39
729,28	1445,87
729,47	1431,53
729,66	1404,91
729,86	1497,07
730,05	1359,85
730,24	1406,95
730,43	1351,66
730,63	1378,28
730,82	1464,30
731,01	1419,24
731,20	1406,95
731,39	1411,05
731,58	1353,71
731,78	1425,39
731,97	1382,38
732,16	1419,24
732,35	1411,05
732,54	1421,29
732,74	1458,15
732,93	1417,19
733,12	1372,14
733,31	1349,61
733,50	1349,61
733,69	1398,76
733,89	1468,39
734,08	1470,44
734,27	1380,33
734,46	1441,77
734,65	1476,59
734,84	1384,43
735,04	1441,77
735,23	1488,87
735,42	1423,34
735,61	1435,63
735,80	1472,49
735,99	1421,29
736,19	1398,76
736,38	1308,65
736,57	1433,58
736,76	1402,86
736,95	1363,95
737,14	1495,02
737,33	1460,20
737,53	1474,54
737,72	1322,99
737,91	1353,71
738,10	1476,59
738,29	1386,47
738,48	1470,44
738,67	1378,28
738,87	1499,11
739,06	1384,43
739,25	1386,47
739,44	1431,53
739,63	1476,59
739,82	1460,20
740,01	1460,20
740,20	1417,19
740,40	1396,71
740,59	1308,65
740,78	1425,39
740,97	1357,80
741,16	1388,52
741,35	1386,47
741,54	1423,34
741,73	1384,43
741,92	1431,53
742,12	1396,71
742,31	1423,34
742,50	1421,29
742,69	1544,17
742,88	1509,35
743,07	1417,19
743,26	1380,33
743,45	1443,82
743,64	1423,34
743,83	1458,15
744,02	1353,71
744,22	1478,63
744,41	1439,72
744,60	1398,76
744,79	1398,76
744,98	1492,97
745,17	1402,86
745,36	1402,86
745,55	1466,35
745,74	1357,80
745,93	1413,10
746,12	1378,28
746,31	1361,90
746,50	1456,11
746,70	1425,39
746,89	1447,91
747,08	1517,54
747,27	1378,28
747,46	1406,95
747,65	1404,91
747,84	1439,72
748,03	1366,00
748,22	1380,33
748,41	1484,78
748,60	1470,44
748,79	1417,19
748,98	1380,33
749,17	1462,25
749,36	1445,87
749,55	1437,67
749,74	1374,19
749,93	1423,34
750,12	1406,95
750,31	1470,44
750,50	1411,05
750,70	1363,95
750,89	1468,39
751,08	1484,78
751,27	1452,01
751,46	1464,30
751,65	1409,00
751,84	1462,25
752,03	1349,61
752,22	1478,63
752,41	1427,43
752,60	1490,92
752,79	1400,81
752,98	1349,61
753,17	1466,35
753,36	1378,28
753,55	1464,30
753,74	1443,82
753,93	1460,20
754,12	1482,73
754,31	1499,11
754,50	1458,15
754,69	1419,24
754,88	1370,09
755,07	1361,90
755,26	1433,58
755,45	1325,04
755,64	1374,19
755,83	1390,57
756,02	1521,64
756,21	1390,57
756,40	1480,68
756,59	1359,85
756,78	1472,49
756,97	1406,95
757,16	1437,67
757,35	1503,21
757,54	1359,85
757,72	1447,91
757,91	1447,91
758,10	1404,91
758,29	1374,19
758,48	1499,11
758,67	1476,59
758,86	1441,77
759,05	1435,63
759,24	1478,63
759,43	1492,97
759,62	1361,90
759,81	1454,06
760,00	1509,35
760,19	1449,96
760,38	1431,53
760,57	1366,00
760,76	1456,11
760,95	1415,15
761,14	1345,52
761,33	1454,06
761,52	1454,06
761,70	1413,10
761,89	1386,47
762,08	1443,82
762,27	1400,81
762,46	1431,53
762,65	1470,44
762,84	1480,68
763,03	1464,30
763,22	1452,01
763,41	1431,53
763,60	1425,39
763,79	1482,73
763,98	1439,72
764,16	1445,87
764,35	1413,10
764,54	1382,38
764,73	1380,33
764,92	1443,82
765,11	1521,64
765,30	1488,87
765,49	1421,29
765,68	1454,06
765,87	1482,73
766,06	1447,91
766,24	1492,97
766,43	1460,20
766,62	1468,39
766,81	1372,14
767,00	1488,87
767,19	1402,86
767,38	1554,41
767,57	1419,24
767,76	1454,06
767,94	1445,87
768,13	1447,91
768,32	1425,39
768,51	1372,14
768,70	1421,29
768,89	1503,21
769,08	1437,67
769,27	1452,01
769,45	1419,24
769,64	1529,83
769,83	1331,18
770,02	1443,82
770,21	1400,81
770,40	1544,17
770,59	1492,97
770,77	1458,15
770,96	1470,44
771,15	1550,31
771,34	1388,52
771,53	1585,13
771,72	1488,87
771,91	1427,43
772,09	1437,67
772,28	1429,48
772,47	1437,67
772,66	1472,49
772,85	1497,07
773,04	1449,96
773,22	1409,00
773,41	1484,78
773,60	1402,86
773,79	1423,34
773,98	1472,49
774,17	1413,10
774,35	1515,50
774,54	1413,10
774,73	1523,69
774,92	1435,63
775,11	1452,01
775,30	1501,16
775,48	1482,73
775,67	1402,86
775,86	1468,39
776,05	1488,87
776,24	1466,35
776,42	1429,48
776,61	1501,16
776,80	1519,59
776,99	1546,22
777,18	1544,17
777,36	1484,78
777,55	1495,02
777,74	1474,54
777,93	1511,40
778,12	1490,92
778,30	1509,35
778,49	1454,06
778,68	1468,39
778,87	1468,39
779,06	1548,26
779,24	1495,02
779,43	1382,38
779,62	1429,48
779,81	1484,78
779,99	1433,58
780,18	1499,11
780,37	1515,50
780,56	1566,70
780,75	1511,40
780,93	1495,02
781,12	1437,67
781,31	1437,67
781,50	1492,97
781,68	1472,49
781,87	1464,30
782,06	1429,48
782,25	1484,78
782,43	1460,20
782,62	1464,30
782,81	1472,49
783,00	1427,43
783,18	1404,91
783,37	1466,35
783,56	1476,59
783,75	1468,39
783,93	1406,95
784,12	1429,48
784,31	1439,72
784,50	1439,72
784,68	1492,97
784,87	1382,38
785,06	1460,20
785,24	1538,02
785,43	1527,78
785,62	1484,78
785,81	1531,88
785,99	1464,30
786,18	1452,01
786,37	1454,06
786,56	1394,67
786,74	1458,15
786,93	1466,35
787,12	1464,30
787,30	1433,58
787,49	1499,11
787,68	1454,06
787,87	1460,20
788,05	1417,19
788,24	1396,71
788,43	1421,29
788,61	1552,36
788,80	1476,59
788,99	1386,47
789,17	1529,83
789,36	1370,09
789,55	1552,36
789,73	1495,02
789,92	1478,63
790,11	1413,10
790,30	1513,45
790,48	1335,28
790,67	1462,25
790,86	1525,74
791,04	1538,02
791,23	1488,87
791,42	1525,74
791,60	1386,47
791,79	1548,26
791,98	1386,47
792,16	1372,14
792,35	1517,54
792,54	1472,49
792,72	1447,91
792,91	1513,45
793,10	1398,76
793,28	1431,53
793,47	1415,15
793,66	1406,95
793,84	1441,77
794,03	1411,05
794,22	1521,64
794,40	1505,26
794,59	1419,24
794,77	1396,71
794,96	1380,33
795,15	1476,59
795,33	1425,39
795,52	1521,64
795,71	1351,66
795,89	1329,13
796,08	1462,25
796,27	1472,49
796,45	1400,81
796,64	1447,91
796,82	1439,72
797,01	1347,56
797,20	1439,72
797,38	1390,57
797,57	1439,72
797,76	1464,30
797,94	1376,24
798,13	1484,78
798,31	1458,15
798,50	1449,96
798,69	1480,68
798,87	1445,87
799,06	1427,43
799,24	1419,24
799,43	1443,82
799,62	1380,33
799,80	1425,39
799,99	1441,77
800,17	1492,97
800,36	1476,59
800,55	1435,63
800,73	1415,15
800,92	1437,67
801,10	1398,76
801,29	1435,63
801,48	1427,43
801,66	1368,04
801,85	1380,33
802,03	1417,19
802,22	1439,72
802,40	1406,95
802,59	1423,34
802,78	1384,43
802,96	1386,47
803,15	1478,63
803,33	1431,53
803,52	1474,54
803,70	1306,60
803,89	1355,76
804,08	1449,96
804,26	1429,48
804,45	1370,09
804,63	1433,58
804,82	1454,06
805,00	1439,72
805,19	1452,01
805,37	1404,91
805,56	1421,29
805,74	1417,19
805,93	1413,10
806,12	1394,67
806,30	1458,15
806,49	1439,72
806,67	1390,57
806,86	1374,19
807,04	1425,39
807,23	1419,24
807,41	1409,00
807,60	1425,39
807,78	1392,62
807,97	1685,48
808,15	1404,91
808,34	1390,57
808,52	1376,24
808,71	1419,24
808,89	1427,43
809,08	1386,47
809,27	1531,88
809,45	1431,53
809,64	1402,86
809,82	1378,28
810,01	1429,48
810,19	1460,20
810,38	1419,24
810,56	1394,67
810,75	1413,10
810,93	1363,95
811,12	1396,71
811,30	1411,05
811,49	1353,71
811,67	1523,69
811,85	1460,20
812,04	1431,53
812,22	1398,76
812,41	1439,72
812,59	1431,53
812,78	1382,38
812,96	1433,58
813,15	1382,38
813,33	1441,77
813,52	1417,19
813,70	1433,58
813,89	1521,64
814,07	1411,05
814,26	1507,30
814,44	1392,62
814,63	1441,77
814,81	1474,54
815,00	1415,15
815,18	1413,10
815,36	1425,39
815,55	1462,25
815,73	1353,71
815,92	1454,06
816,10	1566,70
816,29	1445,87
816,47	1445,87
816,66	1439,72
816,84	1550,31
817,02	1392,62
817,21	1386,47
817,39	1495,02
817,58	1351,66
817,76	1462,25
817,95	1478,63
818,13	1435,63
818,32	1398,76
818,50	1417,19
818,68	1447,91
818,87	1394,67
819,05	1386,47
819,24	1400,81
819,42	1355,76
819,60	1398,76
819,79	1466,35
819,97	1458,15
820,16	1361,90
820,34	1456,11
820,53	1462,25
820,71	1478,63
820,89	1486,83
821,08	1427,43
821,26	1435,63
821,45	1361,90
821,63	1464,30
821,81	1406,95
822,00	1413,10
822,18	1531,88
822,37	1441,77
822,55	1466,35
822,73	1368,04
822,92	1409,00
823,10	1441,77
823,28	1484,78
823,47	1372,14
823,65	1421,29
823,84	1406,95
824,02	1396,71
824,20	1310,70
824,39	1351,66
824,57	1447,91
824,75	1480,68
824,94	1452,01
825,12	1472,49
825,31	1464,30
825,49	1437,67
825,67	1441,77
825,86	1429,48
826,04	1482,73
826,22	1456,11
826,41	1572,84
826,59	1492,97
826,77	1476,59
826,96	1482,73
827,14	1382,38
827,32	1423,34
827,51	1452,01
827,69	1423,34
827,87	1409,00
828,06	1452,01
828,24	1439,72
828,42	1435,63
828,61	1435,63
828,79	1466,35
828,97	1437,67
829,16	1497,07
829,34	1409,00
829,52	1398,76
829,71	1452,01
829,89	1523,69
830,07	1511,40
830,26	1484,78
830,44	1318,89
830,62	1523,69
830,81	1445,87
830,99	1464,30
831,17	1513,45
831,36	1413,10
831,54	1570,79
831,72	1382,38
831,91	1351,66
832,09	1378,28
832,27	1374,19
832,45	1460,20
832,64	1423,34
832,82	1488,87
833,00	1423,34
833,19	1398,76
833,37	1353,71
833,55	1445,87
833,73	1478,63
833,92	1460,20
834,10	1404,91
834,28	1470,44
834,47	1423,34
834,65	1392,62
834,83	1452,01
835,01	1462,25
835,20	1441,77
835,38	1413,10
835,56	1433,58
835,74	1488,87
835,93	1488,87
836,11	1562,60
836,29	1406,95
836,47	1540,07
836,66	1474,54
836,84	1505,26
837,02	1417,19
837,21	1488,87
837,39	1437,67
837,57	1445,87
837,75	1482,73
837,94	1370,09
838,12	1441,77
838,30	1431,53
838,48	1415,15
838,66	1509,35
838,85	1523,69
839,03	1437,67
839,21	1329,13
839,39	1363,95
839,58	1382,38
839,76	1435,63
839,94	1415,15
840,12	1443,82
840,31	1478,63
840,49	1468,39
840,67	1452,01
840,85	1449,96
841,03	1509,35
841,22	1449,96
841,40	1458,15
841,58	1445,87
841,76	1472,49
841,94	1341,42
842,13	1593,32
842,31	1521,64
842,49	1437,67
842,67	1394,67
842,85	1466,35
843,04	1388,52
843,22	1376,24
843,40	1470,44
843,58	1517,54
843,76	1439,72
843,95	1492,97
844,13	1513,45
844,31	1482,73
844,49	1452,01
844,67	1325,04
844,86	1427,43
845,04	1480,68
845,22	1351,66
845,40	1449,96
845,58	1415,15
845,76	1449,96
845,95	1447,91
846,13	1458,15
846,31	1501,16
846,49	1427,43
846,67	1392,62
846,85	1452,01
847,04	1484,78
847,22	1421,29
847,40	1454,06
847,58	1419,24
847,76	1464,30
847,94	1394,67
848,12	1435,63
848,31	1447,91
848,49	1392,62
848,67	1470,44
848,85	1476,59
849,03	1550,31
849,21	1521,64
849,39	1443,82
849,58	1515,50
849,76	1470,44
849,94	1484,78
850,12	1400,81
850,30	1578,98
850,48	1505,26
850,66	1490,92
850,84	1400,81
851,03	1529,83
851,21	1404,91
851,39	1449,96
851,57	1378,28
851,75	1366,00
851,93	1456,11
852,11	1415,15
852,29	1501,16
852,47	1472,49
852,66	1486,83
852,84	1429,48
853,02	1458,15
853,20	1548,26
853,38	1470,44
853,56	1535,98
853,74	1439,72
853,92	1423,34
854,10	1433,58
854,28	1478,63
854,46	1374,19
854,65	1445,87
854,83	1470,44
855,01	1476,59
855,19	1525,74
855,37	1439,72
855,55	1470,44
855,73	1425,39
855,91	1517,54
856,09	1427,43
856,27	1468,39
856,45	1464,30
856,63	1441,77
856,81	1425,39
857,00	1505,26
857,18	1513,45
857,36	1406,95
857,54	1513,45
857,72	1466,35
857,90	1452,01
858,08	1546,22
858,26	1503,21
858,44	1466,35
858,62	1449,96
858,80	1480,68
858,98	1501,16
859,16	1462,25
859,34	1433,58
859,52	1458,15
859,70	1488,87
859,88	1404,91
860,06	1458,15
860,24	1531,88
860,42	1468,39
860,60	1456,11
860,78	1439,72
860,96	1501,16
861,14	1452,01
861,32	1447,91
861,50	1452,01
861,69	1452,01
861,87	1435,63
862,05	1513,45
862,23	1456,11
862,41	1415,15
862,59	1445,87
862,77	1384,43
862,95	1515,50
863,13	1554,41
863,31	1488,87
863,49	1370,09
863,67	1458,15
863,85	1443,82
864,03	1437,67
864,21	1439,72
864,39	1519,59
864,57	1486,83
864,75	1433,58
864,92	1517,54
865,10	1486,83
865,28	1417,19
865,46	1488,87
865,64	1380,33
865,82	1490,92
866,00	1488,87
866,18	1431,53
866,36	1476,59
866,54	1511,40
866,72	1529,83
866,90	1452,01
867,08	1515,50
867,26	1411,05
867,44	1394,67
867,62	1445,87
867,80	1470,44
867,98	1478,63
868,16	1578,98
868,34	1564,65
868,52	1439,72
868,70	1396,71
868,88	1437,67
869,06	1462,25
869,24	1462,25
869,42	1470,44
869,59	1476,59
869,77	1456,11
869,95	1460,20
870,13	1513,45
870,31	1476,59
870,49	1476,59
870,67	1398,76
870,85	1378,28
871,03	1325,04
871,21	1617,90
871,39	1409,00
871,57	1384,43
871,75	1519,59
871,92	1517,54
872,10	1486,83
872,28	1470,44
872,46	1435,63
872,64	1435,63
872,82	1447,91
873,00	1402,86
873,18	1423,34
873,36	1480,68
873,54	1435,63
873,72	1425,39
873,89	1478,63
874,07	1427,43
874,25	1525,74
874,43	1511,40
874,61	1431,53
874,79	1466,35
874,97	1359,85
875,15	1419,24
875,33	1533,93
875,50	1462,25
875,68	1521,64
875,86	1509,35
876,04	1486,83
876,22	1439,72
876,40	1447,91
876,58	1501,16
876,76	1515,50
876,93	1490,92
877,11	1460,20
877,29	1505,26
877,47	1423,34
877,65	1490,92
877,83	1476,59
878,01	1456,11
878,18	1507,30
878,36	1503,21
878,54	1406,95
878,72	1437,67
878,90	1476,59
879,08	1486,83
879,25	1492,97
879,43	1445,87
879,61	1421,29
879,79	1497,07
879,97	1429,48
880,15	1454,06
880,32	1427,43
880,50	1554,41
880,68	1466,35
880,86	1382,38
881,04	1482,73
881,22	1542,12
881,39	1486,83
881,57	1546,22
881,75	1392,62
881,93	1538,02
882,11	1396,71
882,28	1460,20
882,46	1400,81
882,64	1519,59
882,82	1429,48
883,00	1441,77
883,18	1476,59
883,35	1466,35
883,53	1525,74
883,71	1470,44
883,89	1540,07
884,07	1466,35
884,24	1425,39
884,42	1427,43
884,60	1425,39
884,78	1570,79
884,95	1419,24
885,13	1406,95
885,31	1425,39
885,49	1421,29
885,67	1460,20
885,84	1472,49
886,02	1437,67
886,20	1445,87
886,38	1423,34
886,55	1449,96
886,73	1445,87
886,91	1472,49
887,09	1511,40
887,26	1464,30
887,44	1447,91
887,62	1468,39
887,80	1382,38
887,98	1445,87
888,15	1501,16
888,33	1429,48
888,51	1439,72
888,69	1556,46
888,86	1335,28
889,04	1439,72
889,22	1411,05
889,39	1538,02
889,57	1468,39
889,75	1386,47
889,93	1441,77
890,10	1515,50
890,28	1413,10
890,46	1478,63
890,64	1398,76
890,81	1478,63
890,99	1527,78
891,17	1474,54
891,34	1443,82
891,52	1417,19
891,70	1468,39
891,88	1488,87
892,05	1546,22
892,23	1445,87
892,41	1435,63
892,58	1402,86
892,76	1505,26
892,94	1368,04
893,12	1517,54
893,29	1497,07
893,47	1497,07
893,65	1374,19
893,82	1366,00
894,00	1466,35
894,18	1435,63
894,35	1499,11
894,53	1499,11
894,71	1456,11
894,89	1431,53
895,06	1406,95
895,24	1472,49
895,42	1402,86
895,59	1486,83
895,77	1337,32
895,95	1423,34
896,12	1433,58
896,30	1476,59
896,48	1484,78
896,65	1468,39
896,83	1456,11
897,01	1396,71
897,18	1419,24
897,36	1427,43
897,54	1476,59
897,71	1386,47
897,89	1441,77
898,07	1345,52
898,24	1402,86
898,42	1421,29
898,59	1540,07
898,77	1388,52
898,95	1415,15
899,12	1394,67
899,30	1439,72
899,48	1484,78
899,65	1445,87
899,83	1386,47
900,01	1343,47
900,18	1431,53
900,36	1482,73
900,53	1433,58
900,71	1445,87
900,89	1478,63
901,06	1445,87
901,24	1361,90
901,42	1519,59
901,59	1368,04
901,77	1492,97
901,94	1484,78
902,12	1484,78
902,30	1347,56
902,47	1421,29
902,65	1396,71
902,82	1499,11
903,00	1499,11
903,18	1476,59
903,35	1431,53
903,53	1427,43
903,70	1478,63
903,88	1411,05
904,06	1466,35
904,23	1452,01
904,41	1468,39
904,58	1435,63
904,76	1468,39
904,93	1501,16
905,11	1376,24
905,29	1488,87
905,46	1435,63
905,64	1482,73
905,81	1413,10
905,99	1464,30
906,16	1484,78
906,34	1423,34
906,52	1435,63
906,69	1406,95
906,87	1445,87
907,04	1486,83
907,22	1439,72
907,39	1460,20
907,57	1478,63
907,75	1492,97
907,92	1409,00
908,10	1505,26
908,27	1529,83
908,45	1468,39
908,62	1392,62
908,80	1515,50
908,97	1456,11
909,15	1464,30
909,32	1452,01
909,50	1355,76
909,67	1486,83
909,85	1398,76
910,03	1308,65
910,20	1464,30
910,38	1423,34
910,55	1404,91
910,73	1406,95
910,90	1505,26
911,08	1460,20
911,25	1468,39
911,43	1462,25
911,60	1445,87
911,78	1488,87
911,95	1470,44
912,13	1363,95
912,30	1460,20
912,48	1478,63
912,65	1429,48
912,83	1421,29
913,00	1462,25
913,18	1482,73
913,35	1325,04
913,53	1378,28
913,70	1441,77
913,88	1527,78
914,05	1566,70
914,23	1380,33
914,40	1503,21
914,58	1411,05
914,75	1449,96
914,93	1458,15
915,10	1462,25
915,27	1474,54
915,45	1380,33
915,62	1435,63
915,80	1425,39
915,97	1421,29
916,15	1447,91
916,32	1531,88
916,50	1472,49
916,67	1417,19
916,85	1415,15
917,02	1466,35
917,20	1492,97
917,37	1482,73
917,54	1562,60
917,72	1538,02
917,89	1492,97
918,07	1388,52
918,24	1478,63
918,42	1437,67
918,59	1460,20
918,77	1419,24
918,94	1488,87
919,11	1433,58
919,29	1447,91
919,46	1437,67
919,64	1388,52
919,81	1476,59
919,99	1406,95
920,16	1607,66
920,33	1470,44
920,51	1501,16
920,68	1423,34
920,86	1456,11
921,03	1554,41
921,20	1441,77
921,38	1449,96
921,55	1542,12
921,73	1433,58
921,90	1386,47
922,07	1482,73
922,25	1464,30
922,42	1466,35
922,60	1476,59
922,77	1447,91
922,94	1441,77
923,12	1419,24
923,29	1517,54
923,47	1456,11
923,64	1421,29
923,81	1542,12
923,99	1417,19
924,16	1521,64
924,34	1474,54
924,51	1521,64
924,68	1513,45
924,86	1488,87
925,03	1345,52
925,20	1505,26
925,38	1523,69
925,55	1443,82
925,72	1419,24
925,90	1419,24
926,07	1423,34
926,25	1509,35
926,42	1499,11
926,59	1445,87
926,77	1417,19
926,94	1472,49
927,11	1470,44
927,29	1517,54
927,46	1480,68
927,63	1523,69
927,81	1449,96
927,98	1562,60
928,15	1466,35
928,33	1466,35
928,50	1439,72
928,67	1546,22
928,85	1439,72
929,02	1511,40
929,19	1456,11
929,37	1482,73
929,54	1384,43
929,71	1466,35
929,89	1433,58
930,06	1425,39
930,23	1456,11
930,41	1411,05
930,58	1415,15
930,75	1492,97
930,92	1445,87
931,10	1402,86
931,27	1419,24
931,44	1552,36
931,62	1329,13
931,79	1437,67
931,96	1474,54
932,14	1454,06
932,31	1456,11
932,48	1472,49
932,65	1404,91
932,83	1540,07
933,00	1452,01
933,17	1513,45
933,35	1513,45
933,52	1595,37
933,69	1535,98
933,86	1503,21
934,04	1482,73
934,21	1413,10
934,38	1499,11
934,55	1419,24
934,73	1390,57
934,90	1464,30
935,07	1497,07
935,25	1585,13
935,42	1460,20
935,59	1470,44
935,76	1394,67
935,94	1529,83
936,11	1447,91
936,28	1421,29
936,45	1466,35
936,63	1484,78
936,80	1470,44
936,97	1406,95
937,14	1523,69
937,31	1521,64
937,49	1578,98
937,66	1521,64
937,83	1447,91
938,00	1482,73
938,18	1486,83
938,35	1456,11
938,52	1540,07
938,69	1478,63
938,87	1492,97
939,04	1435,63
939,21	1492,97
939,38	1542,12
939,55	1441,77
939,73	1460,20
939,90	1447,91
940,07	1421,29
940,24	1415,15
940,41	1466,35
940,59	1413,10
940,76	1486,83
940,93	1490,92
941,10	1419,24
941,27	1343,47
941,45	1431,53
941,62	1474,54
941,79	1439,72
941,96	1443,82
942,13	1519,59
942,31	1490,92
942,48	1472,49
942,65	1581,03
942,82	1427,43
942,99	1460,20
943,16	1507,30
943,34	1443,82
943,51	1474,54
943,68	1486,83
943,85	1460,20
944,02	1378,28
944,19	1456,11
944,37	1423,34
944,54	1538,02
944,71	1488,87
944,88	1638,38
945,05	1535,98
945,22	1527,78
945,40	1427,43
945,57	1478,63
945,74	1370,09
945,91	1423,34
946,08	1517,54
946,25	1527,78
946,42	1296,36
946,60	1495,02
946,77	1554,41
946,94	1527,78
947,11	1544,17
947,28	1511,40
947,45	1363,95
947,62	1378,28
947,79	1425,39
947,97	1486,83
948,14	1431,53
948,31	1542,12
948,48	1394,67
948,65	1380,33
948,82	1484,78
948,99	1460,20
949,16	1443,82
949,33	1443,82
949,51	1468,39
949,68	1433,58
949,85	1478,63
950,02	1341,42
950,19	1437,67
950,36	1447,91
950,53	1441,77
950,70	1435,63
950,87	1486,83
951,04	1441,77
951,22	1433,58
951,39	1458,15
951,56	1507,30
951,73	1507,30
951,90	1499,11
952,07	1429,48
952,24	1409,00
952,41	1492,97
952,58	1411,05
952,75	1484,78
952,92	1411,05
953,09	1427,43
953,26	1415,15
953,43	1482,73
953,61	1544,17
953,78	1480,68
953,95	1470,44
954,12	1460,20
954,29	1402,86
954,46	1419,24
954,63	1488,87
954,80	1488,87
954,97	1431,53
955,14	1478,63
955,31	1452,01
955,48	1443,82
955,65	1501,16
955,82	1400,81
955,99	1466,35
956,16	1474,54
956,33	1505,26
956,50	1445,87
956,67	1439,72
956,84	1425,39
957,01	1361,90
957,18	1509,35
957,35	1460,20
957,52	1449,96
957,69	1542,12
957,86	1445,87
958,03	1386,47
958,20	1456,11
958,37	1452,01
958,54	1437,67
958,71	1435,63
958,88	1507,30
959,05	1382,38
959,22	1433,58
959,39	1427,43
959,56	1429,48
959,73	1497,07
959,90	1441,77
960,07	1452,01
960,24	1497,07
960,41	1429,48
960,58	1478,63
960,75	1433,58
960,92	1535,98
961,09	1458,15
961,26	1511,40
961,43	1443,82
961,60	1437,67
961,77	1384,43
961,94	1472,49
962,11	1486,83
962,28	1456,11
962,45	1480,68
962,62	1454,06
962,79	1456,11
962,96	1449,96
963,13	1490,92
963,30	1480,68
963,47	1413,10
963,64	1454,06
963,81	1556,46
963,98	1452,01
964,14	1546,22
964,31	1480,68
964,48	1548,26
964,65	1439,72
964,82	1353,71
964,99	1415,15
965,16	1413,10
965,33	1460,20
965,50	1503,21
965,67	1413,10
965,84	1431,53
966,01	1404,91
966,18	1454,06
966,35	1439,72
966,51	1431,53
966,68	1495,02
966,85	1419,24
967,02	1495,02
967,19	1454,06
967,36	1392,62
967,53	1466,35
967,70	1468,39
967,87	1470,44
968,04	1505,26
968,21	1439,72
968,37	1517,54
968,54	1421,29
968,71	1380,33
968,88	1411,05
969,05	1402,86
969,22	1374,19
969,39	1421,29
969,56	1454,06
969,72	1529,83
969,89	1515,50
970,06	1513,45
970,23	1472,49
970,40	1427,43
970,57	1484,78
970,74	1466,35
970,91	1394,67
971,07	1476,59
971,24	1492,97
971,41	1482,73
971,58	1480,68
971,75	1431,53
971,92	1454,06
972,09	1495,02
972,25	1466,35
972,42	1431,53
972,59	1443,82
972,76	1398,76
972,93	1443,82
973,10	1492,97
973,27	1472,49
973,43	1339,37
973,60	1478,63
973,77	1458,15
973,94	1482,73
974,11	1458,15
974,28	1474,54
974,44	1406,95
974,61	1478,63
974,78	1464,30
974,95	1390,57
975,12	1533,93
975,28	1456,11
975,45	1443,82
975,62	1398,76
975,79	1466,35
975,96	1409,00
976,12	1466,35
976,29	1443,82
976,46	1482,73
976,63	1454,06
976,80	1441,77
976,96	1470,44
977,13	1390,57
977,30	1384,43
977,47	1431,53
977,64	1425,39
977,80	1443,82
977,97	1353,71
978,14	1472,49
978,31	1406,95
978,48	1400,81
978,64	1466,35
978,81	1507,30
978,98	1357,80
979,15	1495,02
979,31	1478,63
979,48	1357,80
979,65	1372,14
979,82	1501,16
979,98	1421,29
980,15	1396,71
980,32	1503,21
980,49	1490,92
980,66	1378,28
980,82	1452,01
980,99	1394,67
981,16	1333,23
981,33	1388,52
981,49	1382,38
981,66	1359,85
981,83	1390,57
981,99	1386,47
982,16	1322,99
982,33	1474,54
982,50	1421,29
982,66	1417,19
982,83	1359,85
983,00	1445,87
983,17	1421,29
983,33	1372,14
983,50	1507,30
983,67	1447,91
983,83	1386,47
984,00	1378,28
984,17	1449,96
984,34	1404,91
984,50	1372,14
984,67	1456,11
984,84	1460,20
985,00	1435,63
985,17	1404,91
985,34	1394,67
985,51	1441,77
985,67	1472,49
985,84	1441,77
986,01	1392,62
986,17	1404,91
986,34	1372,14
986,51	1421,29
986,67	1441,77
986,84	1417,19
987,01	1411,05
987,17	1427,43
987,34	1394,67
987,51	1394,67
987,67	1452,01
987,84	1472,49
988,01	1396,71
988,17	1374,19
988,34	1378,28
988,51	1368,04
988,67	1447,91
988,84	1429,48
989,01	1390,57
989,17	1409,00
989,34	1329,13
989,51	1413,10
989,67	1378,28
989,84	1386,47
990,01	1382,38
990,17	1458,15
990,34	1400,81
990,51	1482,73
990,67	1392,62
990,84	1466,35
991,01	1361,90
991,17	1404,91
991,34	1359,85
991,50	1339,37
991,67	1435,63
991,84	1325,04
992,00	1404,91
992,17	1468,39
992,34	1482,73
992,50	1447,91
992,67	1378,28
992,83	1406,95
993,00	1433,58
993,17	1380,33
993,33	1384,43
993,50	1499,11
993,66	1417,19
993,83	1497,07
994,00	1458,15
994,16	1466,35
994,33	1417,19
994,49	1380,33
994,66	1411,05
994,83	1423,34
994,99	1345,52
995,16	1495,02
995,32	1394,67
995,49	1445,87
995,66	1492,97
995,82	1378,28
995,99	1366,00
996,15	1406,95
996,32	1406,95
996,48	1413,10
996,65	1435,63
996,82	1390,57
996,98	1382,38
997,15	1372,14
997,31	1445,87
997,48	1413,10
997,64	1335,28
997,81	1425,39
997,97	1378,28
998,14	1423,34
998,31	1392,62
998,47	1318,89
998,64	1427,43
998,80	1445,87
998,97	1449,96
999,13	1454,06
999,30	1411,05
999,46	1470,44
999,63	1398,76
999,79	1419,24
999,96	1550,31
1000,12	1374,19
1000,29	1456,11
1000,45	1433,58
1000,62	1431,53
1000,79	1474,54
1000,95	1464,30
1001,12	1425,39
1001,28	1474,54
1001,45	1388,52
1001,61	1486,83
1001,78	1417,19
1001,94	1484,78
1002,11	1499,11
1002,27	1402,86
1002,44	1423,34
1002,60	1388,52
1002,77	1449,96
1002,93	1441,77
1003,10	1372,14
1003,26	1413,10
1003,43	1544,17
1003,59	1353,71
1003,76	1507,30
1003,92	1476,59
1004,09	1429,48
1004,25	1435,63
1004,41	1470,44
1004,58	1329,13
1004,74	1509,35
1004,91	1431,53
1005,07	1433,58
1005,24	1480,68
1005,40	1456,11
1005,57	1355,76
1005,73	1386,47
1005,90	1394,67
1006,06	1370,09
1006,23	1462,25
1006,39	1372,14
1006,55	1384,43
1006,72	1415,15
1006,88	1527,78
1007,05	1406,95
1007,21	1449,96
1007,38	1411,05
1007,54	1378,28
1007,71	1406,95
1007,87	1386,47
1008,03	1411,05
1008,20	1415,15
1008,36	1406,95
1008,53	1388,52
1008,69	1406,95
1008,86	1447,91
1009,02	1384,43
1009,18	1509,35
1009,35	1384,43
1009,51	1454,06
1009,68	1419,24
1009,84	1413,10
1010,01	1443,82
1010,17	1472,49
1010,33	1490,92
1010,50	1452,01
1010,66	1437,67
1010,83	1447,91
1010,99	1437,67
1011,15	1388,52
1011,32	1417,19
1011,48	1443,82
1011,65	1433,58
1011,81	1322,99
1011,97	1384,43
1012,14	1497,07
1012,30	1429,48
1012,46	1427,43
1012,63	1415,15
1012,79	1370,09
1012,96	1388,52
1013,12	1359,85
1013,28	1429,48
1013,45	1339,37
1013,61	1427,43
1013,77	1347,56
1013,94	1425,39
1014,10	1427,43
1014,26	1363,95
1014,43	1411,05
1014,59	1380,33
1014,76	1480,68
1014,92	1474,54
1015,08	1310,70
1015,25	1341,42
1015,41	1384,43
1015,57	1558,50
1015,74	1452,01
1015,90	1370,09
1016,06	1462,25
1016,23	1460,20
1016,39	1413,10
1016,55	1452,01
1016,72	1398,76
1016,88	1443,82
1017,04	1314,80
1017,21	1427,43
1017,37	1449,96
1017,53	1443,82
1017,70	1411,05
1017,86	1423,34
1018,02	1300,46
1018,19	1435,63
1018,35	1388,52
1018,51	1445,87
1018,67	1376,24
1018,84	1378,28
1019,00	1327,08
1019,16	1454,06
1019,33	1435,63
1019,49	1419,24
1019,65	1322,99
1019,82	1374,19
1019,98	1372,14
1020,14	1421,29
1020,30	1441,77
1020,47	1333,23
1020,63	1423,34
1020,79	1396,71
1020,96	1355,76
1021,12	1382,38
1021,28	1468,39
1021,44	1353,71
1021,61	1409,00
1021,77	1384,43
1021,93	1388,52
1022,09	1445,87
1022,26	1400,81
1022,42	1380,33
1022,58	1490,92
1022,74	1480,68
1022,91	1366,00
1023,07	1497,07
1023,23	1374,19
1023,39	1419,24
1023,56	1353,71
1023,72	1372,14
1023,88	1445,87
1024,04	1445,87
1024,21	1363,95
1024,37	1421,29
1024,53	1556,46
1024,69	1337,32
1024,86	1406,95
1025,02	1390,57
1025,18	1509,35
1025,34	1343,47
1025,50	1447,91
1025,67	1497,07
1025,83	1419,24
1025,99	1386,47
1026,15	1472,49
1026,32	1368,04
1026,48	1316,84
1026,64	1439,72
1026,80	1425,39
1026,96	1472,49
1027,13	1347,56
1027,29	1425,39
1027,45	1345,52
1027,61	1400,81
1027,77	1433,58
1027,94	1413,10
1028,10	1384,43
1028,26	1376,24
1028,42	1374,19
1028,58	1351,66
1028,75	1378,28
1028,91	1392,62
1029,07	1347,56
1029,23	1406,95
1029,39	1468,39
1029,55	1423,34
1029,72	1415,15
1029,88	1394,67
1030,04	1372,14
1030,20	1384,43
1030,36	1380,33
1030,52	1406,95
1030,69	1421,29
1030,85	1548,26
1031,01	1384,43
1031,17	1411,05
1031,33	1337,32
1031,49	1509,35
1031,65	1464,30
1031,82	1394,67
1031,98	1308,65
1032,14	1394,67
1032,30	1351,66
1032,46	1419,24
1032,62	1439,72
1032,78	1464,30
1032,95	1343,47
1033,11	1470,44
1033,27	1382,38
1033,43	1419,24
1033,59	1388,52
1033,75	1443,82
1033,91	1343,47
1034,07	1456,11
1034,24	1376,24
1034,40	1318,89
1034,56	1443,82
1034,72	1413,10
1034,88	1456,11
1035,04	1435,63
1035,20	1361,90
1035,36	1339,37
1035,52	1478,63
1035,68	1361,90
1035,85	1404,91
1036,01	1413,10
1036,17	1472,49
1036,33	1413,10
1036,49	1363,95
1036,65	1361,90
1036,81	1456,11
1036,97	1417,19
1037,13	1425,39
1037,29	1429,48
1037,45	1439,72
1037,61	1415,15
1037,78	1492,97
1037,94	1419,24
1038,10	1437,67
1038,26	1413,10
1038,42	1366,00
1038,58	1497,07
1038,74	1406,95
1038,90	1419,24
1039,06	1417,19
1039,22	1347,56
1039,38	1355,76
1039,54	1335,28
1039,70	1390,57
1039,86	1445,87
1040,02	1329,13
1040,18	1413,10
1040,34	1341,42
1040,50	1409,00
1040,66	1388,52
1040,83	1482,73
1040,99	1429,48
1041,15	1507,30
1041,31	1400,81
1041,47	1499,11
1041,63	1488,87
1041,79	1351,66
1041,95	1347,56
1042,11	1382,38
1042,27	1341,42
1042,43	1449,96
1042,59	1456,11
1042,75	1421,29
1042,91	1454,06
