344,25	1345,52
344,46	1345,52
344,68	1345,52
344,90	1241,07
345,12	1236,97
345,34	1388,52
345,55	1404,91
345,77	1429,48
345,99	1406,95
346,21	1492,97
346,42	1380,33
346,64	1445,87
346,86	1443,82
347,08	1425,39
347,30	1376,24
347,51	1456,11
347,73	1417,19
347,95	1519,59
348,17	1429,48
348,38	1419,24
348,60	1441,77
348,82	1439,72
349,04	1390,57
349,25	1421,29
349,47	1482,73
349,69	1468,39
349,91	1558,50
350,13	1406,95
350,34	1351,66
350,56	1314,80
350,78	1406,95
351,00	1429,48
351,21	1456,11
351,43	1445,87
351,65	1406,95
351,87	1497,07
352,08	1429,48
352,30	1447,91
352,52	1355,76
352,74	1490,92
352,95	1546,22
353,17	1382,38
353,39	1419,24
353,61	1429,48
353,82	1388,52
354,04	1447,91
354,26	1415,15
354,47	1478,63
354,69	1419,24
354,91	1447,91
355,13	1435,63
355,34	1456,11
355,56	1429,48
355,78	1406,95
356,00	1429,48
356,21	1425,39
356,43	1363,95
356,65	1425,39
356,86	1443,82
357,08	1466,35
357,30	1339,37
357,52	1409,00
357,73	1466,35
357,95	1456,11
358,17	1310,70
358,38	1482,73
358,60	1462,25
358,82	1415,15
359,04	1400,81
359,25	1435,63
359,47	1433,58
359,69	1472,49
359,90	1464,30
360,12	1533,93
360,34	1456,11
360,56	1458,15
360,77	1601,51
360,99	1499,11
361,21	1538,02
361,42	1443,82
361,64	1490,92
361,86	1529,83
362,07	1544,17
362,29	1503,21
362,51	1480,68
362,73	1468,39
362,94	1497,07
363,16	1560,55
363,38	1480,68
363,59	1523,69
363,81	1513,45
364,03	1576,94
364,24	1581,03
364,46	1519,59
364,68	1589,22
364,89	1466,35
365,11	1562,60
365,33	1585,13
365,54	1533,93
365,76	1572,84
365,98	1581,03
366,19	1578,98
366,41	1568,74
366,63	1505,26
366,84	1499,11
367,06	1548,26
367,28	1648,61
367,49	1521,64
367,71	1511,40
367,93	1503,21
368,14	1509,35
368,36	1564,65
368,58	1566,70
368,79	1564,65
369,01	1529,83
369,23	1542,12
369,44	1556,46
369,66	1486,83
369,88	1546,22
370,09	1486,83
370,31	1501,16
370,53	1554,41
370,74	1566,70
370,96	1544,17
371,18	1554,41
371,39	1480,68
371,61	1535,98
371,82	1611,75
372,04	1470,44
372,26	1601,51
372,47	1519,59
372,69	1484,78
372,91	1615,85
373,12	1427,43
373,34	1570,79
373,56	1464,30
373,77	1472,49
373,99	1595,37
374,20	1540,07
374,42	1515,50
374,64	1550,31
374,85	1468,39
375,07	1585,13
375,29	1562,60
375,50	1499,11
375,72	1468,39
375,93	1499,11
376,15	1492,97
376,37	1523,69
376,58	1425,39
376,80	1507,30
377,01	1527,78
377,23	1519,59
377,45	1519,59
377,66	1521,64
377,88	1466,35
378,10	1521,64
378,31	1470,44
378,53	1603,56
378,74	1402,86
378,96	1486,83
379,18	1503,21
379,39	1460,20
379,61	1499,11
379,82	1413,10
380,04	1507,30
380,26	1521,64
380,47	1441,77
380,69	1482,73
380,90	1529,83
381,12	1384,43
381,33	1398,76
381,55	1492,97
381,77	1507,30
381,98	1486,83
382,20	1396,71
382,41	1427,43
382,63	1507,30
382,85	1505,26
383,06	1427,43
383,28	1538,02
383,49	1523,69
383,71	1511,40
383,92	1390,57
384,14	1415,15
384,36	1359,85
384,57	1468,39
384,79	1380,33
385,00	1396,71
385,22	1466,35
385,43	1437,67
385,65	1519,59
385,87	1411,05
386,08	1427,43
386,30	1427,43
386,51	1423,34
386,73	1497,07
386,94	1433,58
387,16	1488,87
387,37	1472,49
387,59	1427,43
387,81	1355,76
388,02	1435,63
388,24	1402,86
388,45	1427,43
388,67	1460,20
388,88	1515,50
389,10	1390,57
389,31	1556,46
389,53	1443,82
389,75	1460,20
389,96	1523,69
390,18	1437,67
390,39	1415,15
390,61	1480,68
390,82	1441,77
391,04	1458,15
391,25	1368,04
391,47	1466,35
391,68	1421,29
391,90	1486,83
392,11	1488,87
392,33	1320,94
392,54	1429,48
392,76	1366,00
392,97	1368,04
393,19	1468,39
393,41	1497,07
393,62	1482,73
393,84	1409,00
394,05	1499,11
394,27	1433,58
394,48	1431,53
394,70	1538,02
394,91	1447,91
395,13	1523,69
395,34	1486,83
395,56	1456,11
395,77	1449,96
395,99	1466,35
396,20	1456,11
396,42	1550,31
396,63	1404,91
396,85	1521,64
397,06	1503,21
397,28	1466,35
397,49	1456,11
397,71	1482,73
397,92	1486,83
398,14	1437,67
398,35	1548,26
398,57	1474,54
398,78	1544,17
399,00	1441,77
399,21	1482,73
399,43	1497,07
399,64	1511,40
399,86	1531,88
400,07	1495,02
400,29	1443,82
400,50	1554,41
400,72	1460,20
400,93	1505,26
401,14	1542,12
401,36	1603,56
401,57	1533,93
401,79	1550,31
402,00	1583,08
402,22	1492,97
402,43	1482,73
402,65	1566,70
402,86	1544,17
403,08	1529,83
403,29	1515,50
403,51	1519,59
403,72	1497,07
403,94	1519,59
404,15	1499,11
404,36	1507,30
404,58	1755,11
404,79	1462,25
405,01	1527,78
405,22	1529,83
405,44	1478,63
405,65	1564,65
405,87	1490,92
406,08	1568,74
406,30	1560,55
406,51	1480,68
406,72	1523,69
406,94	1499,11
407,15	1529,83
407,37	1466,35
407,58	1513,45
407,80	1456,11
408,01	1517,54
408,23	1492,97
408,44	1492,97
408,65	1466,35
408,87	1562,60
409,08	1605,61
409,30	1542,12
409,51	1466,35
409,73	1503,21
409,94	1546,22
410,15	1533,93
410,37	1558,50
410,58	1509,35
410,80	1513,45
411,01	1466,35
411,23	1566,70
411,44	1458,15
411,65	1601,51
411,87	1538,02
412,08	1454,06
412,30	1538,02
412,51	1535,98
412,72	1591,27
412,94	1466,35
413,15	1425,39
413,37	1472,49
413,58	1370,09
413,79	1492,97
414,01	1490,92
414,22	1476,59
414,44	1476,59
414,65	1550,31
414,86	1468,39
415,08	1456,11
415,29	1499,11
415,51	1468,39
415,72	1488,87
415,93	1587,18
416,15	1480,68
416,36	1538,02
416,58	1558,50
416,79	1513,45
417,00	1544,17
417,22	1427,43
417,43	1482,73
417,65	1495,02
417,86	1531,88
418,07	1525,74
418,29	1501,16
418,50	1452,01
418,71	1443,82
418,93	1363,95
419,14	1509,35
419,36	1501,16
419,57	1462,25
419,78	1583,08
420,00	1480,68
420,21	1497,07
420,42	1570,79
420,64	1552,36
420,85	1517,54
421,06	1497,07
421,28	1550,31
421,49	1544,17
421,71	1542,12
421,92	1558,50
422,13	1454,06
422,35	1605,61
422,56	1593,32
422,77	1548,26
422,99	1517,54
423,20	1488,87
423,41	1523,69
423,63	1488,87
423,84	1568,74
424,05	1595,37
424,27	1509,35
424,48	1501,16
424,69	1521,64
424,91	1857,51
425,12	1525,74
425,33	1466,35
425,55	1597,42
425,76	1495,02
425,97	1593,32
426,19	1564,65
426,40	1521,64
426,61	1558,50
426,83	1499,11
427,04	1552,36
427,25	1556,46
427,47	1570,79
427,68	1548,26
427,89	1589,22
428,11	1529,83
428,32	1533,93
428,53	1525,74
428,75	1515,50
428,96	1578,98
429,17	1542,12
429,39	1521,64
429,60	1552,36
429,81	1542,12
430,03	1538,02
430,24	1443,82
430,45	1533,93
430,67	1519,59
430,88	1605,61
431,09	1488,87
431,30	1587,18
431,52	1607,66
431,73	1550,31
431,94	1538,02
432,16	1554,41
432,37	1513,45
432,58	1515,50
432,80	1521,64
433,01	1501,16
433,22	1525,74
433,43	1560,55
433,65	1542,12
433,86	1499,11
434,07	1513,45
434,29	1538,02
434,50	1507,30
434,71	1619,94
434,92	1548,26
435,14	1509,35
435,35	1529,83
435,56	1478,63
435,77	1474,54
435,99	1599,46
436,20	1529,83
436,41	1531,88
436,63	1546,22
436,84	1521,64
437,05	1458,15
437,26	1462,25
437,48	1607,66
437,69	1507,30
437,90	1538,02
438,11	1501,16
438,33	1445,87
438,54	1533,93
438,75	1515,50
438,96	1558,50
439,18	1466,35
439,39	1542,12
439,60	1447,91
439,82	1478,63
440,03	1599,46
440,24	1550,31
440,45	1462,25
440,67	1554,41
440,88	1523,69
441,09	1499,11
441,30	1568,74
441,51	1521,64
441,73	1423,34
441,94	1413,10
442,15	1554,41
442,36	1495,02
442,58	1527,78
442,79	1452,01
443,00	1527,78
443,21	1564,65
443,43	1574,89
443,64	1535,98
443,85	1503,21
444,06	1531,88
444,28	1574,89
444,49	1558,50
444,70	1484,78
444,91	1591,27
445,12	1505,26
445,34	1492,97
445,55	1626,09
445,76	1511,40
445,97	1439,72
446,18	1568,74
446,40	1574,89
446,61	1513,45
446,82	1515,50
447,03	1521,64
447,25	1513,45
447,46	1505,26
447,67	1583,08
447,88	1507,30
448,09	1564,65
448,31	1546,22
448,52	1564,65
448,73	1675,24
448,94	1521,64
449,15	1591,27
449,37	1607,66
449,58	1558,50
449,79	1562,60
450,00	1701,86
450,21	1558,50
450,43	1648,61
450,64	1589,22
450,85	1544,17
451,06	1615,85
451,27	1591,27
451,48	1585,13
451,70	1523,69
451,91	1542,12
452,12	1650,66
452,33	1652,71
452,54	1550,31
452,76	1646,57
452,97	1632,23
453,18	1593,32
453,39	1642,47
453,60	1660,90
453,81	1548,26
454,03	1550,31
454,24	1603,56
454,45	1531,88
454,66	1576,94
454,87	1513,45
455,08	1630,18
455,30	1675,24
455,51	1650,66
455,72	1615,85
455,93	1673,19
456,14	1708,01
456,35	1615,85
456,56	1699,81
456,78	1624,04
456,99	1605,61
457,20	1603,56
457,41	1615,85
457,62	1691,62
457,83	1669,09
458,04	1716,20
458,26	1677,29
458,47	1748,97
458,68	1632,23
458,89	1603,56
459,10	1560,55
459,31	1611,75
459,52	1701,86
459,74	1726,44
459,95	1652,71
460,16	1587,18
460,37	1695,72
460,58	1626,09
460,79	1632,23
461,00	1736,68
461,21	1669,09
461,43	1703,91
461,64	1654,76
461,85	1609,70
462,06	1626,09
462,27	1628,14
462,48	1693,67
462,69	1716,20
462,90	1630,18
463,12	1710,05
463,33	1691,62
463,54	1607,66
463,75	1656,81
463,96	1699,81
464,17	1685,48
464,38	1597,42
464,59	1742,82
464,80	1624,04
465,01	1628,14
465,23	1812,45
465,44	1669,09
465,65	1669,09
465,86	1613,80
466,07	1714,15
466,28	1609,70
466,49	1718,25
466,70	1759,21
466,91	1677,29
467,12	1740,77
467,33	1777,64
467,55	1726,44
467,76	1730,53
467,97	1669,09
468,18	1730,53
468,39	1740,77
468,60	1785,83
468,81	1742,82
469,02	1765,35
469,23	1722,34
469,44	1708,01
469,65	1763,30
469,86	1730,53
470,07	1757,16
470,29	1857,51
470,50	1720,29
470,71	1751,01
470,92	1804,26
471,13	1738,73
471,34	1804,26
471,55	1834,98
471,76	1808,36
471,97	1802,21
472,18	1845,22
472,39	1755,11
472,60	1816,55
472,81	1855,46
473,02	1734,63
473,23	1861,60
473,44	1808,36
473,65	1880,04
473,87	1695,72
474,08	1906,66
474,29	1841,12
474,50	1822,69
474,71	1730,53
474,92	1902,56
475,13	1783,78
475,34	1978,34
475,55	1832,93
475,76	1818,60
475,97	1837,03
476,18	1810,40
476,39	1933,28
476,60	1966,05
476,81	1873,89
477,02	1857,51
477,23	1853,41
477,44	2011,11
477,65	1789,92
477,86	2011,11
478,07	1968,10
478,28	1910,75
478,49	1925,09
478,70	1902,56
478,91	1933,28
479,12	1955,81
479,33	1892,32
479,54	1959,91
479,75	1990,63
479,96	2101,22
480,17	1980,39
480,38	2002,91
480,59	1978,34
480,80	2099,17
481,01	2064,35
481,22	2007,01
481,43	1986,53
481,64	1998,82
481,85	2045,92
482,06	2078,69
482,27	2103,26
482,48	2193,37
482,69	2187,23
482,90	2027,49
483,11	2152,42
483,32	2172,89
483,53	2101,22
483,74	2174,94
483,95	2217,95
484,16	2172,89
484,37	2203,61
484,58	2252,77
484,79	2224,09
485,00	2252,77
485,21	2113,50
485,42	2318,30
485,63	2267,10
485,84	2236,38
486,05	2217,95
486,26	2242,53
486,47	2326,49
486,68	2240,48
486,89	2256,86
487,10	2295,77
487,31	2387,93
487,52	2340,83
487,73	2435,03
487,94	2383,84
488,15	2394,08
488,36	2385,88
488,57	2344,92
488,77	2385,88
488,98	2402,27
489,19	2416,60
489,40	2441,18
489,61	2504,67
489,82	2549,72
490,03	2586,58
490,24	2455,51
490,45	2617,30
490,66	2551,77
490,87	2574,30
491,08	2516,95
491,29	2455,51
491,50	2445,27
491,71	2523,10
491,92	2504,67
492,13	2613,21
492,33	2508,76
492,54	2543,58
492,75	2703,32
492,96	2584,54
493,17	2496,47
493,38	2588,63
493,59	2611,16
493,80	2562,01
494,01	2613,21
494,22	2555,86
494,43	2723,80
494,64	2557,91
494,85	2652,12
495,05	2510,81
495,26	2631,64
495,47	2752,47
495,68	2631,64
495,89	2633,69
496,10	2570,20
496,31	2641,88
496,52	2688,98
496,73	2699,22
496,94	2670,55
497,15	2703,32
497,35	2762,71
497,56	2559,96
497,77	2680,79
497,98	2670,55
498,19	2879,44
498,40	2695,13
498,61	2795,48
498,82	2549,72
499,03	2678,74
499,23	2688,98
499,44	2869,20
499,65	2727,89
499,86	2797,53
500,07	2705,37
500,28	2645,98
500,49	2611,16
500,70	2879,44
500,91	2607,06
501,11	2721,75
501,32	2772,95
501,53	2750,42
501,74	2744,28
501,95	2904,02
502,16	2783,19
502,37	2854,87
502,57	2815,96
502,78	2815,96
502,99	2793,43
503,20	2801,62
503,41	2709,46
503,62	2873,30
503,83	2795,48
504,03	2856,92
504,24	2723,80
504,45	2836,44
504,66	2772,95
504,87	3100,62
505,08	2938,84
505,29	2912,21
505,49	2969,55
505,70	3076,05
505,91	2848,72
506,12	3213,26
506,33	3082,19
506,54	3045,33
506,75	3045,33
506,95	3213,26
507,16	3065,81
507,37	3102,67
507,58	3121,10
507,79	3295,18
508,00	3129,30
508,20	3082,19
508,41	3063,76
508,62	3276,75
508,83	3192,78
509,04	3299,28
509,24	3239,89
509,45	3735,50
509,66	3258,32
509,87	3411,92
510,08	3258,32
510,29	3375,05
510,49	3381,20
510,70	3346,38
510,91	3336,14
511,12	3508,17
511,33	3358,67
511,53	3549,13
511,74	3377,10
511,95	3518,41
512,16	3424,20
512,37	3788,74
512,57	3465,16
512,78	3604,42
512,99	3278,80
513,20	3745,73
513,41	3532,75
513,61	3655,62
513,82	3483,59
514,03	3616,71
514,24	3524,55
514,45	3776,45
514,65	3420,11
514,86	3592,14
515,07	3330,00
515,28	3805,13
515,49	3393,48
515,69	3672,01
515,90	3438,54
516,11	3721,16
516,32	3413,96
516,52	3633,10
516,73	3602,38
516,94	3694,54
517,15	3485,64
517,36	3751,88
517,56	3581,90
517,77	3590,09
517,98	3483,59
518,19	3678,15
518,39	3465,16
518,60	3563,47
518,81	3411,92
519,02	3557,32
519,22	3219,41
519,43	3755,97
519,64	3426,25
519,85	3358,67
520,05	3395,53
520,26	3489,74
520,47	3133,39
520,68	3377,10
520,88	3125,20
521,09	3538,89
521,30	3190,74
521,51	3274,70
521,71	3194,83
521,92	3153,87
522,13	3102,67
522,34	3209,17
522,54	2957,27
522,75	3231,69
522,96	3000,27
523,17	3223,50
523,37	3041,23
523,58	3074,00
523,79	2912,21
523,99	3008,47
524,20	2748,37
524,41	2977,75
524,62	2742,23
524,82	2815,96
525,03	2717,65
525,24	2881,49
525,45	2686,94
525,65	2717,65
525,86	2635,74
526,07	2729,94
526,27	2492,38
526,48	2822,10
526,69	2658,26
526,90	2629,59
527,10	2455,51
527,31	2631,64
527,52	2469,85
527,72	2688,98
527,93	2418,65
528,14	2430,94
528,34	2428,89
528,55	2396,12
528,76	2408,41
528,97	2469,85
529,17	2365,40
529,38	2375,64
529,59	2373,60
529,79	2545,63
530,00	2197,47
530,21	2437,08
530,41	2185,18
530,62	2351,07
530,83	2432,99
531,03	2250,72
531,24	2138,08
531,45	2148,32
531,65	2197,47
531,86	2201,57
532,07	2156,51
532,27	2119,65
532,48	2062,30
532,69	2029,54
532,89	2066,40
533,10	2097,12
533,31	2074,59
533,51	2129,89
533,72	1961,95
533,93	2148,32
534,13	1945,57
534,34	2013,15
534,55	1863,65
534,75	2035,68
534,96	1947,62
535,17	1961,95
535,37	2054,11
535,58	1904,61
535,79	1808,36
535,99	1945,57
536,20	1884,13
536,41	1804,26
536,61	1791,97
536,82	2007,01
537,03	1828,84
537,23	1777,64
537,44	1712,10
537,64	1722,34
537,85	1757,16
538,06	1937,38
538,26	1832,93
538,47	1845,22
538,68	1751,01
538,88	1722,34
539,09	1802,21
539,30	1697,77
539,50	1736,68
539,71	1755,11
539,91	1820,64
540,12	1785,83
540,33	1787,88
540,53	1794,02
540,74	1683,43
540,94	1796,07
541,15	1765,35
541,36	1677,29
541,56	1734,63
541,77	1589,22
541,98	1693,67
542,18	1785,83
542,39	1697,77
542,59	1730,53
542,80	1660,90
543,01	1587,18
543,21	1667,05
543,42	1685,48
543,62	1595,37
543,83	1675,24
544,04	1644,52
544,24	1667,05
544,45	1585,13
544,65	1677,29
544,86	1570,79
545,06	1554,41
545,27	1593,32
545,48	1630,18
545,68	1714,15
545,89	1689,57
546,09	1542,12
546,30	1581,03
546,51	1626,09
546,71	1535,98
546,92	1529,83
547,12	1634,28
547,33	1603,56
547,53	1538,02
547,74	1511,40
547,95	1574,89
548,15	1648,61
548,36	1566,70
548,56	1583,08
548,77	1546,22
548,97	1476,59
549,18	1546,22
549,39	1550,31
549,59	1495,02
549,80	1560,55
550,00	1488,87
550,21	1593,32
550,41	1452,01
550,62	1486,83
550,82	1462,25
551,03	1523,69
551,23	1552,36
551,44	1490,92
551,65	1574,89
551,85	1593,32
552,06	1419,24
552,26	1470,44
552,47	1433,58
552,67	1472,49
552,88	1554,41
553,08	1517,54
553,29	1533,93
553,49	1578,98
553,70	1566,70
553,90	1548,26
554,11	1515,50
554,32	1507,30
554,52	1472,49
554,73	1505,26
554,93	1394,67
555,14	1431,53
555,34	1535,98
555,55	1591,27
555,75	1460,20
555,96	1472,49
556,16	1490,92
556,37	1458,15
556,57	1439,72
556,78	1466,35
556,98	1533,93
557,19	1562,60
557,39	1501,16
557,60	1472,49
557,80	1462,25
558,01	1482,73
558,21	1595,37
558,42	1476,59
558,62	1454,06
558,83	1601,51
559,03	1419,24
559,24	1517,54
559,44	1513,45
559,65	1550,31
559,85	1437,67
560,06	1417,19
560,26	1476,59
560,47	1482,73
560,67	1472,49
560,88	1429,48
561,08	1445,87
561,29	1589,22
561,49	1449,96
561,70	1433,58
561,90	1443,82
562,10	1468,39
562,31	1540,07
562,51	1384,43
562,72	1486,83
562,92	1492,97
563,13	1535,98
563,33	1427,43
563,54	1458,15
563,74	1535,98
563,95	1480,68
564,15	1468,39
564,36	1497,07
564,56	1460,20
564,76	1413,10
564,97	1466,35
565,17	1396,71
565,38	1492,97
565,58	1476,59
565,79	1449,96
565,99	1417,19
566,20	1478,63
566,40	1382,38
566,60	1566,70
566,81	1578,98
567,01	1548,26
567,22	1443,82
567,42	1423,34
567,63	1495,02
567,83	1521,64
568,04	1525,74
568,24	1497,07
568,44	1425,39
568,65	1409,00
568,85	1484,78
569,06	1480,68
569,26	1585,13
569,47	1466,35
569,67	1503,21
569,87	1433,58
570,08	1398,76
570,28	1417,19
570,49	1400,81
570,69	1472,49
570,89	1632,23
571,10	1443,82
571,30	1406,95
571,51	1464,30
571,71	1474,54
571,91	1480,68
572,12	1449,96
572,32	1437,67
572,53	1531,88
572,73	1538,02
572,93	1511,40
573,14	1452,01
573,34	1535,98
573,55	1411,05
573,75	1415,15
573,95	1456,11
574,16	1460,20
574,36	1417,19
574,57	1542,12
574,77	1439,72
574,97	1464,30
575,18	1437,67
575,38	1464,30
575,59	1435,63
575,79	1476,59
575,99	1386,47
576,20	1505,26
576,40	1480,68
576,60	1613,80
576,81	1359,85
577,01	1439,72
577,22	1427,43
577,42	1447,91
577,62	1456,11
577,83	1447,91
578,03	1449,96
578,23	1497,07
578,44	1568,74
578,64	1425,39
578,84	1419,24
579,05	1445,87
579,25	1437,67
579,45	1349,61
579,66	1433,58
579,86	1421,29
580,07	1419,24
580,27	1474,54
580,47	1478,63
580,68	1472,49
580,88	1445,87
581,08	1456,11
581,29	1339,37
581,49	1445,87
581,69	1413,10
581,90	1456,11
582,10	1374,19
582,30	1454,06
582,51	1433,58
582,71	1392,62
582,91	1355,76
583,12	1409,00
583,32	1423,34
583,52	1388,52
583,73	1433,58
583,93	1413,10
584,13	1482,73
584,34	1413,10
584,54	1419,24
584,74	1476,59
584,94	1437,67
585,15	1466,35
585,35	1476,59
585,55	1486,83
585,76	1558,50
585,96	1398,76
586,16	1447,91
586,37	1386,47
586,57	1431,53
586,77	1316,84
586,98	1454,06
587,18	1513,45
587,38	1452,01
587,58	1402,86
587,79	1445,87
587,99	1406,95
588,19	1380,33
588,40	1333,23
588,60	1482,73
588,80	1433,58
589,00	1484,78
589,21	1476,59
589,41	1388,52
589,61	1423,34
589,82	1452,01
590,02	1458,15
590,22	1484,78
590,42	1435,63
590,63	1492,97
590,83	1464,30
591,03	1505,26
591,23	1435,63
591,44	1402,86
591,64	1419,24
591,84	1396,71
592,05	1497,07
592,25	1488,87
592,45	1421,29
592,65	1378,28
592,86	1427,43
593,06	1509,35
593,26	1456,11
593,46	1464,30
593,67	1331,18
593,87	1431,53
594,07	1447,91
594,27	1480,68
594,48	1423,34
594,68	1351,66
594,88	1417,19
595,08	1415,15
595,29	1468,39
595,49	1501,16
595,69	1404,91
595,89	1394,67
596,10	1460,20
596,30	1413,10
596,50	1464,30
596,70	1441,77
596,90	1480,68
597,11	1402,86
597,31	1372,14
597,51	1374,19
597,71	1474,54
597,92	1474,54
598,12	1466,35
598,32	1535,98
598,52	1357,80
598,72	1431,53
598,93	1452,01
599,13	1413,10
599,33	1464,30
599,53	1558,50
599,74	1476,59
599,94	1474,54
600,14	1531,88
600,34	1468,39
600,54	1587,18
600,75	1415,15
600,95	1400,81
601,15	1529,83
601,35	1372,14
601,55	1454,06
601,76	1443,82
601,96	1484,78
602,16	1509,35
602,36	1501,16
602,56	1427,43
602,76	1392,62
602,97	1343,47
603,17	1462,25
603,37	1445,87
603,57	1478,63
603,77	1394,67
603,98	1478,63
604,18	1433,58
604,38	1394,67
604,58	1386,47
604,78	1499,11
604,98	1476,59
605,19	1437,67
605,39	1421,29
605,59	1492,97
605,79	1517,54
605,99	1447,91
606,19	1505,26
606,40	1437,67
606,60	1480,68
606,80	1464,30
607,00	1466,35
607,20	1353,71
607,40	1443,82
607,61	1458,15
607,81	1374,19
608,01	1544,17
608,21	1439,72
608,41	1517,54
608,61	1456,11
608,81	1423,34
609,02	1392,62
609,22	1486,83
609,42	1449,96
609,62	1396,71
609,82	1437,67
610,02	1515,50
610,22	1472,49
610,43	1460,20
610,63	1445,87
610,83	1452,01
611,03	1378,28
611,23	1470,44
611,43	1576,94
611,63	1423,34
611,83	1402,86
612,04	1476,59
612,24	1509,35
612,44	1435,63
612,64	1445,87
612,84	1335,28
613,04	1382,38
613,24	1484,78
613,44	1478,63
613,64	1398,76
613,85	1431,53
614,05	1495,02
614,25	1413,10
614,45	1331,18
614,65	1488,87
614,85	1374,19
615,05	1402,86
615,25	1540,07
615,45	1439,72
615,65	1445,87
615,86	1486,83
616,06	1449,96
616,26	1554,41
616,46	1533,93
616,66	1349,61
616,86	1501,16
617,06	1384,43
617,26	1480,68
617,46	1433,58
617,66	1492,97
617,86	1406,95
618,07	1458,15
618,27	1505,26
618,47	1429,48
618,67	1548,26
618,87	1396,71
619,07	1409,00
619,27	1462,25
619,47	1464,30
619,67	1525,74
619,87	1406,95
620,07	1486,83
620,27	1417,19
620,47	1458,15
620,67	1423,34
620,87	1406,95
621,07	1521,64
621,28	1445,87
621,48	1513,45
621,68	1447,91
621,88	1409,00
622,08	1456,11
622,28	1511,40
622,48	1548,26
622,68	1372,14
622,88	1488,87
623,08	1470,44
623,28	1423,34
623,48	1452,01
623,68	1388,52
623,88	1423,34
624,08	1499,11
624,28	1423,34
624,48	1443,82
624,68	1478,63
624,88	1419,24
625,08	1525,74
625,28	1392,62
625,48	1411,05
625,68	1474,54
625,88	1460,20
626,08	1406,95
626,28	1503,21
626,48	1499,11
626,68	1413,10
626,88	1415,15
627,08	1460,20
627,28	1556,46
627,48	1425,39
627,68	1394,67
627,88	1384,43
628,08	1425,39
628,28	1497,07
628,49	1484,78
628,68	1357,80
628,88	1402,86
629,08	1423,34
629,28	1462,25
629,48	1429,48
629,68	1501,16
629,88	1484,78
630,08	1509,35
630,28	1517,54
630,48	1454,06
630,68	1443,82
630,88	1456,11
631,08	1443,82
631,28	1443,82
631,48	1351,66
631,68	1478,63
631,88	1535,98
632,08	1484,78
632,28	1449,96
632,48	1503,21
632,68	1411,05
632,88	1464,30
633,08	1447,91
633,28	1495,02
633,48	1513,45
633,68	1398,76
633,88	1421,29
634,08	1550,31
634,28	1466,35
634,48	1470,44
634,68	1439,72
634,88	1394,67
635,08	1419,24
635,28	1511,40
635,48	1431,53
635,68	1355,76
635,87	1521,64
636,07	1447,91
636,27	1409,00
636,47	1452,01
636,67	1540,07
636,87	1458,15
637,07	1505,26
637,27	1361,90
637,47	1458,15
637,67	1468,39
637,87	1411,05
638,07	1490,92
638,27	1437,67
638,47	1484,78
638,67	1525,74
638,86	1404,91
639,06	1435,63
639,26	1552,36
639,46	1384,43
639,66	1460,20
639,86	1429,48
640,06	1464,30
640,26	1429,48
640,46	1423,34
640,66	1435,63
640,86	1519,59
641,06	1439,72
641,25	1460,20
641,45	1468,39
641,65	1415,15
641,85	1376,24
642,05	1452,01
642,25	1361,90
642,45	1472,49
642,65	1439,72
642,85	1413,10
643,05	1435,63
643,24	1478,63
643,44	1523,69
643,64	1415,15
643,84	1488,87
644,04	1441,77
644,24	1501,16
644,44	1413,10
644,64	1398,76
644,84	1417,19
645,03	1507,30
645,23	1462,25
645,43	1521,64
645,63	1546,22
645,83	1435,63
646,03	1468,39
646,23	1378,28
646,42	1515,50
646,62	1501,16
646,82	1495,02
647,02	1427,43
647,22	1402,86
647,42	1452,01
647,62	1402,86
647,82	1427,43
648,01	1601,51
648,21	1325,04
648,41	1478,63
648,61	1447,91
648,81	1531,88
649,01	1431,53
649,20	1447,91
649,40	1456,11
649,60	1425,39
649,80	1486,83
650,00	1535,98
650,20	1441,77
650,40	1376,24
650,59	1454,06
650,79	1437,67
650,99	1462,25
651,19	1486,83
651,39	1384,43
651,58	1443,82
651,78	1413,10
651,98	1390,57
652,18	1472,49
652,38	1478,63
652,58	1421,29
652,77	1423,34
652,97	1460,20
653,17	1495,02
653,37	1492,97
653,57	1499,11
653,77	1452,01
653,96	1423,34
654,16	1452,01
654,36	1452,01
654,56	1478,63
654,76	1472,49
654,95	1423,34
655,15	1460,20
655,35	1464,30
655,55	1449,96
655,75	1425,39
655,94	1411,05
656,14	1507,30
656,34	1511,40
656,54	1437,67
656,73	1511,40
656,93	1384,43
657,13	1486,83
657,33	1443,82
657,53	1443,82
657,72	1513,45
657,92	1425,39
658,12	1460,20
658,32	1425,39
658,52	1378,28
658,71	1470,44
658,91	1421,29
659,11	1542,12
659,31	1492,97
659,50	1472,49
659,70	1519,59
659,90	1511,40
660,10	1427,43
660,29	1439,72
660,49	1454,06
660,69	1439,72
660,89	1490,92
661,08	1503,21
661,28	1384,43
661,48	1404,91
661,68	1464,30
661,87	1337,32
662,07	1431,53
662,27	1462,25
662,47	1470,44
662,66	1503,21
662,86	1431,53
663,06	1458,15
663,26	1470,44
663,45	1396,71
663,65	1449,96
663,85	1480,68
664,05	1392,62
664,24	1400,81
664,44	1353,71
664,64	1390,57
664,84	1464,30
665,03	1415,15
665,23	1501,16
665,43	1402,86
665,62	1370,09
665,82	1476,59
666,02	1466,35
666,22	1456,11
666,41	1431,53
666,61	1501,16
666,81	1501,16
667,00	1486,83
667,20	1441,77
667,40	1456,11
667,60	1421,29
667,79	1533,93
667,99	1419,24
668,19	1443,82
668,38	1441,77
668,58	1361,90
668,78	1382,38
668,97	1574,89
669,17	1423,34
669,37	1470,44
669,57	1372,14
669,76	1458,15
669,96	1411,05
670,16	1501,16
670,35	1386,47
670,55	1454,06
670,75	1406,95
670,94	1511,40
671,14	1538,02
671,34	1429,48
671,53	1492,97
671,73	1421,29
671,93	1513,45
672,12	1396,71
672,32	1439,72
672,52	1490,92
672,71	1423,34
672,91	1454,06
673,11	1460,20
673,30	1476,59
673,50	1316,84
673,70	1517,54
673,89	1456,11
674,09	1464,30
674,29	1431,53
674,48	1449,96
674,68	1452,01
674,88	1378,28
675,07	1495,02
675,27	1433,58
675,46	1431,53
675,66	1437,67
675,86	1462,25
676,05	1480,68
676,25	1433,58
676,45	1546,22
676,64	1374,19
676,84	1447,91
677,04	1435,63
677,23	1552,36
677,43	1427,43
677,62	1515,50
677,82	1421,29
678,02	1458,15
678,21	1492,97
678,41	1409,00
678,61	1476,59
678,80	1513,45
679,00	1449,96
679,19	1488,87
679,39	1452,01
679,59	1501,16
679,78	1468,39
679,98	1404,91
680,17	1392,62
680,37	1484,78
680,57	1466,35
680,76	1437,67
680,96	1452,01
681,16	1374,19
681,35	1398,76
681,55	1454,06
681,74	1437,67
681,94	1445,87
682,13	1425,39
682,33	1454,06
682,53	1429,48
682,72	1447,91
682,92	1413,10
683,11	1439,72
683,31	1437,67
683,51	1474,54
683,70	1411,05
683,90	1396,71
684,09	1544,17
684,29	1525,74
684,48	1431,53
684,68	1468,39
684,88	1497,07
685,07	1511,40
685,27	1447,91
685,46	1468,39
685,66	1456,11
685,85	1462,25
686,05	1513,45
686,25	1419,24
686,44	1454,06
686,64	1435,63
686,83	1431,53
687,03	1529,83
687,22	1353,71
687,42	1429,48
687,61	1488,87
687,81	1441,77
688,01	1447,91
688,20	1460,20
688,40	1464,30
688,59	1447,91
688,79	1486,83
688,98	1476,59
689,18	1452,01
689,37	1445,87
689,57	1507,30
689,76	1406,95
689,96	1388,52
690,15	1413,10
690,35	1445,87
690,54	1411,05
690,74	1421,29
690,94	1421,29
691,13	1468,39
691,33	1406,95
691,52	1435,63
691,72	1513,45
691,91	1380,33
692,11	1495,02
692,30	1476,59
692,50	1445,87
692,69	1533,93
692,89	1452,01
693,08	1433,58
693,28	1495,02
693,47	1402,86
693,67	1529,83
693,86	1406,95
694,06	1515,50
694,25	1439,72
694,45	1394,67
694,64	1388,52
694,84	1406,95
695,03	1517,54
695,23	1435,63
695,42	1349,61
695,62	1466,35
695,81	1521,64
696,01	1470,44
696,20	1411,05
696,40	1372,14
696,59	1468,39
696,78	1474,54
696,98	1390,57
697,17	1423,34
697,37	1400,81
697,56	1421,29
697,76	1417,19
697,95	1515,50
698,15	1413,10
698,34	1427,43
698,54	1404,91
698,73	1521,64
698,93	1488,87
699,12	1470,44
699,32	1443,82
699,51	1423,34
699,70	1462,25
699,90	1406,95
700,09	1466,35
700,29	1392,62
700,48	1449,96
700,68	1394,67
700,87	1376,24
701,07	1427,43
701,26	1460,20
701,45	1402,86
701,65	1402,86
701,84	1468,39
702,04	1357,80
702,23	1396,71
702,43	1431,53
702,62	1435,63
702,81	1402,86
703,01	1386,47
703,20	1484,78
703,40	1374,19
703,59	1374,19
703,79	1478,63
703,98	1464,30
704,17	1419,24
704,37	1437,67
704,56	1431,53
704,76	1431,53
704,95	1488,87
705,14	1372,14
705,34	1480,68
705,53	1384,43
705,73	1345,52
705,92	1439,72
706,11	1439,72
706,31	1331,18
706,50	1490,92
706,70	1478,63
706,89	1515,50
707,08	1370,09
707,28	1458,15
707,47	1427,43
707,67	1370,09
707,86	1406,95
708,05	1474,54
708,25	1390,57
708,44	1386,47
708,64	1454,06
708,83	1361,90
709,02	1333,23
709,22	1435,63
709,41	1441,77
709,60	1503,21
709,80	1445,87
709,99	1447,91
710,19	1398,76
710,38	1361,90
710,57	1460,20
710,77	1404,91
710,96	1337,32
711,15	1462,25
711,35	1396,71
711,54	1460,20
711,73	1396,71
711,93	1312,75
712,12	1470,44
712,31	1341,42
712,51	1433,58
712,70	1392,62
712,89	1476,59
713,09	1452,01
713,28	1474,54
713,48	1431,53
713,67	1349,61
713,86	1355,76
714,06	1445,87
714,25	1355,76
714,44	1431,53
714,64	1456,11
714,83	1386,47
715,02	1386,47
715,22	1509,35
715,41	1490,92
715,60	1447,91
715,79	1359,85
715,99	1476,59
716,18	1417,19
716,37	1345,52
716,57	1472,49
716,76	1521,64
716,95	1460,20
717,15	1472,49
717,34	1355,76
717,53	1439,72
717,73	1437,67
717,92	1368,04
718,11	1413,10
718,31	1398,76
718,50	1396,71
718,69	1343,47
718,88	1460,20
719,08	1402,86
719,27	1445,87
719,46	1361,90
719,66	1380,33
719,85	1363,95
720,04	1441,77
720,23	1441,77
720,43	1382,38
720,62	1402,86
720,81	1329,13
721,01	1478,63
721,20	1443,82
721,39	1439,72
721,58	1415,15
721,78	1482,73
721,97	1402,86
722,16	1400,81
722,35	1396,71
722,55	1353,71
722,74	1441,77
722,93	1413,10
723,13	1404,91
723,32	1421,29
723,51	1372,14
723,70	1374,19
723,90	1411,05
724,09	1437,67
724,28	1402,86
724,47	1443,82
724,67	1437,67
724,86	1429,48
725,05	1386,47
725,24	1396,71
725,44	1454,06
725,63	1386,47
725,82	1406,95
726,01	1497,07
726,21	1415,15
726,40	1388,52
726,59	1445,87
726,78	1398,76
726,97	1363,95
727,17	1447,91
727,36	1447,91
727,55	1439,72
727,74	1402,86
727,94	1363,95
728,13	1392,62
728,32	1452,01
728,51	1374,19
728,70	1333,23
728,90	1431,53
729,09	1433,58
729,28	1353,71
729,47	1284,08
729,66	1456,11
729,86	1521,64
730,05	1333,23
730,24	1396,71
730,43	1380,33
730,63	1413,10
730,82	1495,02
731,01	1361,90
731,20	1413,10
731,39	1495,02
731,58	1380,33
731,78	1376,24
731,97	1476,59
732,16	1437,67
732,35	1464,30
732,54	1417,19
732,74	1515,50
732,93	1386,47
733,12	1402,86
733,31	1484,78
733,50	1411,05
733,69	1355,76
733,89	1492,97
734,08	1464,30
734,27	1382,38
734,46	1472,49
734,65	1427,43
734,84	1380,33
735,04	1388,52
735,23	1366,00
735,42	1443,82
735,61	1345,52
735,80	1398,76
735,99	1335,28
736,19	1374,19
736,38	1419,24
736,57	1386,47
736,76	1447,91
736,95	1478,63
737,14	1347,56
737,33	1404,91
737,53	1443,82
737,72	1429,48
737,91	1386,47
738,10	1437,67
738,29	1427,43
738,48	1398,76
738,67	1452,01
738,87	1443,82
739,06	1415,15
739,25	1456,11
739,44	1441,77
739,63	1386,47
739,82	1439,72
740,01	1433,58
740,20	1484,78
740,40	1429,48
740,59	1486,83
740,78	1388,52
740,97	1388,52
741,16	1386,47
741,35	1415,15
741,54	1527,78
741,73	1353,71
741,92	1404,91
742,12	1366,00
742,31	1382,38
742,50	1484,78
742,69	1435,63
742,88	1456,11
743,07	1325,04
743,26	1474,54
743,45	1462,25
743,64	1394,67
743,83	1460,20
744,02	1351,66
744,22	1402,86
744,41	1482,73
744,60	1480,68
744,79	1409,00
744,98	1482,73
745,17	1386,47
745,36	1470,44
745,55	1492,97
745,74	1458,15
745,93	1437,67
746,12	1488,87
746,31	1361,90
746,50	1404,91
746,70	1415,15
746,89	1349,61
747,08	1341,42
747,27	1376,24
747,46	1355,76
747,65	1505,26
747,84	1492,97
748,03	1449,96
748,22	1517,54
748,41	1460,20
748,60	1423,34
748,79	1488,87
748,98	1382,38
749,17	1425,39
749,36	1468,39
749,55	1488,87
749,74	1386,47
749,93	1476,59
750,12	1402,86
750,31	1433,58
750,50	1460,20
750,70	1406,95
750,89	1501,16
751,08	1550,31
751,27	1380,33
751,46	1421,29
751,65	1423,34
751,84	1474,54
752,03	1392,62
752,22	1509,35
752,41	1392,62
752,60	1423,34
752,79	1472,49
752,98	1433,58
753,17	1378,28
753,36	1501,16
753,55	1394,67
753,74	1417,19
753,93	1529,83
754,12	1314,80
754,31	1480,68
754,50	1505,26
754,69	1435,63
754,88	1404,91
755,07	1413,10
755,26	1298,41
755,45	1386,47
755,64	1409,00
755,83	1464,30
756,02	1466,35
756,21	1476,59
756,40	1345,52
756,59	1429,48
756,78	1472,49
756,97	1476,59
757,16	1511,40
757,35	1386,47
757,54	1361,90
757,72	1519,59
757,91	1355,76
758,10	1409,00
758,29	1431,53
758,48	1466,35
758,67	1394,67
758,86	1507,30
759,05	1447,91
759,24	1525,74
759,43	1529,83
759,62	1452,01
759,81	1464,30
760,00	1466,35
760,19	1390,57
760,38	1525,74
760,57	1353,71
760,76	1398,76
760,95	1478,63
761,14	1433,58
761,33	1384,43
761,52	1378,28
761,70	1427,43
761,89	1415,15
762,08	1417,19
762,27	1445,87
762,46	1476,59
762,65	1507,30
762,84	1460,20
763,03	1472,49
763,22	1513,45
763,41	1392,62
763,60	1411,05
763,79	1413,10
763,98	1464,30
764,16	1523,69
764,35	1497,07
764,54	1462,25
764,73	1488,87
764,92	1435,63
765,11	1511,40
765,30	1464,30
765,49	1423,34
765,68	1480,68
765,87	1495,02
766,06	1409,00
766,24	1490,92
766,43	1400,81
766,62	1462,25
766,81	1421,29
767,00	1552,36
767,19	1439,72
767,38	1476,59
767,57	1482,73
767,76	1464,30
767,94	1558,50
768,13	1400,81
768,32	1472,49
768,51	1458,15
768,70	1437,67
768,89	1544,17
769,08	1472,49
769,27	1423,34
769,45	1353,71
769,64	1558,50
769,83	1359,85
770,02	1392,62
770,21	1402,86
770,40	1488,87
770,59	1525,74
770,77	1460,20
770,96	1499,11
771,15	1476,59
771,34	1413,10
771,53	1619,94
771,72	1488,87
771,91	1460,20
772,09	1439,72
772,28	1488,87
772,47	1499,11
772,66	1531,88
772,85	1413,10
773,04	1515,50
773,22	1419,24
773,41	1497,07
773,60	1456,11
773,79	1482,73
773,98	1454,06
774,17	1406,95
774,35	1437,67
774,54	1501,16
774,73	1548,26
774,92	1482,73
775,11	1427,43
775,30	1560,55
775,48	1488,87
775,67	1509,35
775,86	1497,07
776,05	1507,30
776,24	1490,92
776,42	1523,69
776,61	1429,48
776,80	1515,50
776,99	1443,82
777,18	1560,55
777,36	1355,76
777,55	1447,91
777,74	1421,29
777,93	1409,00
778,12	1435,63
778,30	1587,18
778,49	1425,39
778,68	1488,87
778,87	1435,63
779,06	1441,77
779,24	1443,82
779,43	1474,54
779,62	1441,77
779,81	1382,38
779,99	1431,53
780,18	1488,87
780,37	1527,78
780,56	1544,17
780,75	1523,69
780,93	1499,11
781,12	1460,20
781,31	1519,59
781,50	1447,91
781,68	1411,05
781,87	1449,96
782,06	1439,72
782,25	1437,67
782,43	1470,44
782,62	1427,43
782,81	1515,50
783,00	1435,63
783,18	1386,47
783,37	1507,30
783,56	1505,26
783,75	1480,68
783,93	1433,58
784,12	1505,26
784,31	1527,78
784,50	1484,78
784,68	1431,53
784,87	1462,25
785,06	1486,83
785,24	1497,07
785,43	1437,67
785,62	1525,74
785,81	1452,01
785,99	1482,73
786,18	1515,50
786,37	1501,16
786,56	1413,10
786,74	1505,26
786,93	1433,58
787,12	1441,77
787,30	1411,05
787,49	1503,21
787,68	1394,67
787,87	1486,83
788,05	1497,07
788,24	1431,53
788,43	1464,30
788,61	1437,67
788,80	1413,10
788,99	1472,49
789,17	1478,63
789,36	1376,24
789,55	1454,06
789,73	1499,11
789,92	1452,01
790,11	1503,21
790,30	1380,33
790,48	1478,63
790,67	1470,44
790,86	1386,47
791,04	1501,16
791,23	1474,54
791,42	1576,94
791,60	1322,99
791,79	1456,11
791,98	1427,43
792,16	1417,19
792,35	1398,76
792,54	1468,39
792,72	1482,73
792,91	1427,43
793,10	1370,09
793,28	1452,01
793,47	1462,25
793,66	1472,49
793,84	1431,53
794,03	1357,80
794,22	1419,24
794,40	1415,15
794,59	1452,01
794,77	1341,42
794,96	1325,04
795,15	1433,58
795,33	1437,67
795,52	1439,72
795,71	1406,95
795,89	1427,43
796,08	1495,02
796,27	1443,82
796,45	1400,81
796,64	1349,61
796,82	1363,95
797,01	1542,12
797,20	1402,86
797,38	1421,29
797,57	1390,57
797,76	1390,57
797,94	1363,95
798,13	1517,54
798,31	1458,15
798,50	1421,29
798,69	1470,44
798,87	1386,47
799,06	1382,38
799,24	1355,76
799,43	1521,64
799,62	1409,00
799,80	1331,18
799,99	1548,26
800,17	1445,87
800,36	1480,68
800,55	1425,39
800,73	1427,43
800,92	1425,39
801,10	1413,10
801,29	1447,91
801,48	1480,68
801,66	1445,87
801,85	1372,14
802,03	1449,96
802,22	1411,05
802,40	1368,04
802,59	1376,24
802,78	1413,10
802,96	1390,57
803,15	1468,39
803,33	1468,39
803,52	1394,67
803,70	1466,35
803,89	1386,47
804,08	1337,32
804,26	1437,67
804,45	1390,57
804,63	1452,01
804,82	1443,82
805,00	1357,80
805,19	1437,67
805,37	1413,10
805,56	1515,50
805,74	1333,23
805,93	1431,53
806,12	1445,87
806,30	1456,11
806,49	1388,52
806,67	1517,54
806,86	1368,04
807,04	1441,77
807,23	1427,43
807,41	1347,56
807,60	1361,90
807,78	1388,52
807,97	1701,86
808,15	1366,00
808,34	1357,80
808,52	1443,82
808,71	1320,94
808,89	1376,24
809,08	1429,48
809,27	1447,91
809,45	1378,28
809,64	1460,20
809,82	1402,86
810,01	1406,95
810,19	1470,44
810,38	1423,34
810,56	1462,25
810,75	1423,34
810,93	1521,64
811,12	1472,49
811,30	1425,39
811,49	1388,52
811,67	1462,25
811,85	1441,77
812,04	1431,53
812,22	1347,56
812,41	1437,67
812,59	1396,71
812,78	1396,71
812,96	1390,57
813,15	1435,63
813,33	1378,28
813,52	1472,49
813,70	1470,44
813,89	1404,91
814,07	1417,19
814,26	1390,57
814,44	1351,66
814,63	1366,00
814,81	1425,39
815,00	1382,38
815,18	1585,13
815,36	1497,07
815,55	1425,39
815,73	1505,26
815,92	1509,35
816,10	1552,36
816,29	1456,11
816,47	1300,46
816,66	1411,05
816,84	1488,87
817,02	1376,24
817,21	1454,06
817,39	1468,39
817,58	1394,67
817,76	1429,48
817,95	1419,24
818,13	1388,52
818,32	1382,38
818,50	1454,06
818,68	1437,67
818,87	1474,54
819,05	1292,27
819,24	1509,35
819,42	1431,53
819,60	1351,66
819,79	1433,58
819,97	1472,49
820,16	1478,63
820,34	1437,67
820,53	1349,61
820,71	1470,44
820,89	1439,72
821,08	1456,11
821,26	1355,76
821,45	1388,52
821,63	1382,38
821,81	1355,76
822,00	1335,28
822,18	1419,24
822,37	1452,01
822,55	1468,39
822,73	1347,56
822,92	1529,83
823,10	1370,09
823,28	1411,05
823,47	1302,51
823,65	1386,47
823,84	1429,48
824,02	1437,67
824,20	1427,43
824,39	1415,15
824,57	1482,73
824,75	1472,49
824,94	1476,59
825,12	1431,53
825,31	1384,43
825,49	1433,58
825,67	1495,02
825,86	1351,66
826,04	1439,72
826,22	1509,35
826,41	1472,49
826,59	1349,61
826,77	1513,45
826,96	1470,44
827,14	1406,95
827,32	1361,90
827,51	1396,71
827,69	1452,01
827,87	1386,47
828,06	1497,07
828,24	1382,38
828,42	1415,15
828,61	1443,82
828,79	1454,06
828,97	1452,01
829,16	1447,91
829,34	1396,71
829,52	1488,87
829,71	1464,30
829,89	1456,11
830,07	1533,93
830,26	1468,39
830,44	1386,47
830,62	1503,21
830,81	1429,48
830,99	1449,96
831,17	1402,86
831,36	1398,76
831,54	1535,98
831,72	1419,24
831,91	1386,47
832,09	1445,87
832,27	1421,29
832,45	1460,20
832,64	1429,48
832,82	1501,16
833,00	1372,14
833,19	1447,91
833,37	1425,39
833,55	1499,11
833,73	1415,15
833,92	1478,63
834,10	1320,94
834,28	1415,15
834,47	1486,83
834,65	1452,01
834,83	1585,13
835,01	1464,30
835,20	1462,25
835,38	1431,53
835,56	1488,87
835,74	1406,95
835,93	1492,97
836,11	1511,40
836,29	1413,10
836,47	1492,97
836,66	1454,06
836,84	1505,26
837,02	1466,35
837,21	1488,87
837,39	1542,12
837,57	1419,24
837,75	1492,97
837,94	1439,72
838,12	1443,82
838,30	1415,15
838,48	1443,82
838,66	1431,53
838,85	1542,12
839,03	1476,59
839,21	1431,53
839,39	1429,48
839,58	1421,29
839,76	1531,88
839,94	1374,19
840,12	1517,54
840,31	1458,15
840,49	1470,44
840,67	1435,63
840,85	1384,43
841,03	1386,47
841,22	1435,63
841,40	1554,41
841,58	1566,70
841,76	1443,82
841,94	1441,77
842,13	1480,68
842,31	1413,10
842,49	1499,11
842,67	1447,91
842,85	1454,06
843,04	1517,54
843,22	1449,96
843,40	1490,92
843,58	1515,50
843,76	1474,54
843,95	1456,11
844,13	1447,91
844,31	1398,76
844,49	1499,11
844,67	1470,44
844,86	1507,30
845,04	1437,67
845,22	1484,78
845,40	1511,40
845,58	1456,11
845,76	1460,20
845,95	1472,49
846,13	1402,86
846,31	1492,97
846,49	1390,57
846,67	1443,82
846,85	1490,92
847,04	1591,27
847,22	1376,24
847,40	1511,40
847,58	1390,57
847,76	1404,91
847,94	1529,83
848,12	1499,11
848,31	1445,87
848,49	1462,25
848,67	1511,40
848,85	1550,31
849,03	1497,07
849,21	1495,02
849,39	1523,69
849,58	1478,63
849,76	1441,77
849,94	1495,02
850,12	1509,35
850,30	1423,34
850,48	1454,06
850,66	1527,78
850,84	1431,53
851,03	1503,21
851,21	1476,59
851,39	1572,84
851,57	1562,60
851,75	1458,15
851,93	1382,38
852,11	1619,94
852,29	1535,98
852,47	1550,31
852,66	1449,96
852,84	1521,64
853,02	1474,54
853,20	1535,98
853,38	1499,11
853,56	1497,07
853,74	1474,54
853,92	1433,58
854,10	1439,72
854,28	1492,97
854,46	1452,01
854,65	1511,40
854,83	1421,29
855,01	1456,11
855,19	1456,11
855,37	1531,88
855,55	1419,24
855,73	1511,40
855,91	1525,74
856,09	1525,74
856,27	1529,83
856,45	1476,59
856,63	1402,86
856,81	1499,11
857,00	1482,73
857,18	1531,88
857,36	1402,86
857,54	1497,07
857,72	1513,45
857,90	1531,88
858,08	1501,16
858,26	1513,45
858,44	1429,48
858,62	1525,74
858,80	1427,43
858,98	1503,21
859,16	1466,35
859,34	1447,91
859,52	1507,30
859,70	1540,07
859,88	1427,43
860,06	1460,20
860,24	1441,77
860,42	1529,83
860,60	1517,54
860,78	1433,58
860,96	1474,54
861,14	1439,72
861,32	1501,16
861,50	1476,59
861,69	1466,35
861,87	1509,35
862,05	1523,69
862,23	1505,26
862,41	1458,15
862,59	1421,29
862,77	1535,98
862,95	1441,77
863,13	1466,35
863,31	1464,30
863,49	1402,86
863,67	1488,87
863,85	1482,73
864,03	1531,88
864,21	1470,44
864,39	1497,07
864,57	1470,44
864,75	1529,83
864,92	1509,35
865,10	1437,67
865,28	1435,63
865,46	1474,54
865,64	1472,49
865,82	1462,25
866,00	1456,11
866,18	1458,15
866,36	1517,54
866,54	1462,25
866,72	1503,21
866,90	1462,25
867,08	1501,16
867,26	1476,59
867,44	1484,78
867,62	1474,54
867,80	1458,15
867,98	1548,26
868,16	1503,21
868,34	1517,54
868,52	1433,58
868,70	1406,95
868,88	1490,92
869,06	1529,83
869,24	1480,68
869,42	1431,53
869,59	1513,45
869,77	1495,02
869,95	1490,92
870,13	1462,25
870,31	1488,87
870,49	1445,87
870,67	1402,86
870,85	1482,73
871,03	1464,30
871,21	1634,28
871,39	1458,15
871,57	1402,86
871,75	1515,50
871,92	1488,87
872,10	1492,97
872,28	1558,50
872,46	1468,39
872,64	1513,45
872,82	1478,63
873,00	1439,72
873,18	1429,48
873,36	1468,39
873,54	1505,26
873,72	1435,63
873,89	1476,59
874,07	1503,21
874,25	1544,17
874,43	1472,49
874,61	1490,92
874,79	1464,30
874,97	1503,21
875,15	1468,39
875,33	1400,81
875,50	1484,78
875,68	1462,25
875,86	1535,98
876,04	1468,39
876,22	1392,62
876,40	1456,11
876,58	1464,30
876,76	1515,50
876,93	1464,30
877,11	1425,39
877,29	1499,11
877,47	1521,64
877,65	1398,76
877,83	1546,22
878,01	1488,87
878,18	1454,06
878,36	1439,72
878,54	1527,78
878,72	1445,87
878,90	1402,86
879,08	1538,02
879,25	1429,48
879,43	1425,39
879,61	1439,72
879,79	1447,91
879,97	1441,77
880,15	1533,93
880,32	1394,67
880,50	1464,30
880,68	1384,43
880,86	1525,74
881,04	1488,87
881,22	1519,59
881,39	1456,11
881,57	1583,08
881,75	1445,87
881,93	1466,35
882,11	1492,97
882,28	1392,62
882,46	1480,68
882,64	1505,26
882,82	1495,02
883,00	1468,39
883,18	1540,07
883,35	1435,63
883,53	1411,05
883,71	1497,07
883,89	1509,35
884,07	1480,68
884,24	1454,06
884,42	1480,68
884,60	1431,53
884,78	1482,73
884,95	1427,43
885,13	1376,24
885,31	1456,11
885,49	1441,77
885,67	1523,69
885,84	1443,82
886,02	1480,68
886,20	1554,41
886,38	1474,54
886,55	1486,83
886,73	1449,96
886,91	1507,30
887,09	1413,10
887,26	1484,78
887,44	1587,18
887,62	1456,11
887,80	1460,20
887,98	1443,82
888,15	1509,35
888,33	1458,15
888,51	1495,02
888,69	1499,11
888,86	1497,07
889,04	1466,35
889,22	1400,81
889,39	1486,83
889,57	1456,11
889,75	1384,43
889,93	1437,67
890,10	1392,62
890,28	1466,35
890,46	1505,26
890,64	1482,73
890,81	1437,67
890,99	1468,39
891,17	1505,26
891,34	1470,44
891,52	1406,95
891,70	1396,71
891,88	1468,39
892,05	1411,05
892,23	1480,68
892,41	1470,44
892,58	1452,01
892,76	1501,16
892,94	1394,67
893,12	1468,39
893,29	1527,78
893,47	1413,10
893,65	1409,00
893,82	1417,19
894,00	1464,30
894,18	1495,02
894,35	1515,50
894,53	1441,77
894,71	1527,78
894,89	1501,16
895,06	1538,02
895,24	1404,91
895,42	1398,76
895,59	1419,24
895,77	1441,77
895,95	1456,11
896,12	1374,19
896,30	1441,77
896,48	1423,34
896,65	1472,49
896,83	1517,54
897,01	1411,05
897,18	1449,96
897,36	1466,35
897,54	1488,87
897,71	1454,06
897,89	1476,59
898,07	1341,42
898,24	1441,77
898,42	1437,67
898,59	1423,34
898,77	1433,58
898,95	1429,48
899,12	1452,01
899,30	1566,70
899,48	1425,39
899,65	1460,20
899,83	1466,35
900,01	1404,91
900,18	1449,96
900,36	1439,72
900,53	1495,02
900,71	1474,54
900,89	1468,39
901,06	1449,96
901,24	1441,77
901,42	1402,86
901,59	1486,83
901,77	1427,43
901,94	1515,50
902,12	1439,72
902,30	1474,54
902,47	1452,01
902,65	1423,34
902,82	1388,52
903,00	1460,20
903,18	1462,25
903,35	1374,19
903,53	1456,11
903,70	1474,54
903,88	1417,19
904,06	1425,39
904,23	1443,82
904,41	1472,49
904,58	1429,48
904,76	1345,52
904,93	1460,20
905,11	1429,48
905,29	1482,73
905,46	1497,07
905,64	1515,50
905,81	1478,63
905,99	1423,34
906,16	1441,77
906,34	1478,63
906,52	1449,96
906,69	1513,45
906,87	1449,96
907,04	1329,13
907,22	1402,86
907,39	1517,54
907,57	1439,72
907,75	1507,30
907,92	1417,19
908,10	1660,90
908,27	1495,02
908,45	1443,82
908,62	1382,38
908,80	1421,29
908,97	1560,55
909,15	1501,16
909,32	1345,52
909,50	1513,45
909,67	1449,96
909,85	1468,39
910,03	1359,85
910,20	1521,64
910,38	1372,14
910,55	1421,29
910,73	1454,06
910,90	1386,47
911,08	1521,64
911,25	1449,96
911,43	1488,87
911,60	1419,24
911,78	1509,35
911,95	1499,11
912,13	1366,00
912,30	1435,63
912,48	1458,15
912,65	1452,01
912,83	1419,24
913,00	1439,72
913,18	1519,59
913,35	1470,44
913,53	1437,67
913,70	1449,96
913,88	1474,54
914,05	1427,43
914,23	1454,06
914,40	1452,01
914,58	1521,64
914,75	1398,76
914,93	1392,62
915,10	1472,49
915,27	1456,11
915,45	1456,11
915,62	1499,11
915,80	1449,96
915,97	1456,11
916,15	1492,97
916,32	1599,46
916,50	1523,69
916,67	1488,87
916,85	1523,69
917,02	1470,44
917,20	1517,54
917,37	1402,86
917,54	1546,22
917,72	1515,50
917,89	1505,26
918,07	1431,53
918,24	1574,89
918,42	1466,35
918,59	1529,83
918,77	1445,87
918,94	1533,93
919,11	1492,97
919,29	1439,72
919,46	1421,29
919,64	1478,63
919,81	1503,21
919,99	1376,24
920,16	1628,14
920,33	1445,87
920,51	1427,43
920,68	1503,21
920,86	1374,19
921,03	1476,59
921,20	1431,53
921,38	1531,88
921,55	1458,15
921,73	1470,44
921,90	1353,71
922,07	1546,22
922,25	1431,53
922,42	1476,59
922,60	1509,35
922,77	1527,78
922,94	1484,78
923,12	1435,63
923,29	1562,60
923,47	1525,74
923,64	1517,54
923,81	1525,74
923,99	1445,87
924,16	1509,35
924,34	1509,35
924,51	1538,02
924,68	1468,39
924,86	1423,34
925,03	1519,59
925,20	1417,19
925,38	1415,15
925,55	1472,49
925,72	1452,01
925,90	1476,59
926,07	1501,16
926,25	1499,11
926,42	1497,07
926,59	1535,98
926,77	1413,10
926,94	1460,20
927,11	1411,05
927,29	1538,02
927,46	1499,11
927,63	1519,59
927,81	1443,82
927,98	1452,01
928,15	1515,50
928,33	1613,80
928,50	1413,10
928,67	1529,83
928,85	1499,11
929,02	1525,74
929,19	1554,41
929,37	1501,16
929,54	1449,96
929,71	1527,78
929,89	1470,44
930,06	1378,28
930,23	1470,44
930,41	1533,93
930,58	1478,63
930,75	1476,59
930,92	1501,16
931,10	1398,76
931,27	1427,43
931,44	1445,87
931,62	1499,11
931,79	1488,87
931,96	1486,83
932,14	1484,78
932,31	1452,01
932,48	1480,68
932,65	1478,63
932,83	1535,98
933,00	1445,87
933,17	1519,59
933,35	1519,59
933,52	1519,59
933,69	1531,88
933,86	1523,69
934,04	1458,15
934,21	1415,15
934,38	1456,11
934,55	1521,64
934,73	1472,49
934,90	1443,82
935,07	1445,87
935,25	1556,46
935,42	1462,25
935,59	1411,05
935,76	1423,34
935,94	1474,54
936,11	1452,01
936,28	1497,07
936,45	1396,71
936,63	1417,19
936,80	1427,43
936,97	1495,02
937,14	1501,16
937,31	1570,79
937,49	1427,43
937,66	1478,63
937,83	1427,43
938,00	1419,24
938,18	1552,36
938,35	1513,45
938,52	1462,25
938,69	1470,44
938,87	1509,35
939,04	1468,39
939,21	1456,11
939,38	1531,88
939,55	1458,15
939,73	1542,12
939,90	1497,07
940,07	1501,16
940,24	1490,92
940,41	1445,87
940,59	1472,49
940,76	1417,19
940,93	1445,87
941,10	1507,30
941,27	1488,87
941,45	1517,54
941,62	1525,74
941,79	1427,43
941,96	1482,73
942,13	1478,63
942,31	1454,06
942,48	1558,50
942,65	1540,07
942,82	1458,15
942,99	1454,06
943,16	1513,45
943,34	1476,59
943,51	1525,74
943,68	1470,44
943,85	1468,39
944,02	1503,21
944,19	1468,39
944,37	1538,02
944,54	1478,63
944,71	1423,34
944,88	1527,78
945,05	1519,59
945,22	1484,78
945,40	1509,35
945,57	1427,43
945,74	1417,19
945,91	1458,15
946,08	1458,15
946,25	1503,21
946,42	1452,01
946,60	1419,24
946,77	1521,64
946,94	1466,35
947,11	1474,54
947,28	1509,35
947,45	1521,64
947,62	1425,39
947,79	1429,48
947,97	1492,97
948,14	1566,70
948,31	1470,44
948,48	1488,87
948,65	1435,63
948,82	1460,20
948,99	1517,54
949,16	1425,39
949,33	1392,62
949,51	1417,19
949,68	1503,21
949,85	1488,87
950,02	1394,67
950,19	1484,78
950,36	1490,92
950,53	1443,82
950,70	1433,58
950,87	1492,97
951,04	1488,87
951,22	1548,26
951,39	1456,11
951,56	1495,02
951,73	1505,26
951,90	1441,77
952,07	1452,01
952,24	1486,83
952,41	1531,88
952,58	1423,34
952,75	1492,97
952,92	1505,26
953,09	1531,88
953,26	1419,24
953,43	1380,33
953,61	1560,55
953,78	1480,68
953,95	1525,74
954,12	1495,02
954,29	1486,83
954,46	1431,53
954,63	1468,39
954,80	1521,64
954,97	1546,22
955,14	1503,21
955,31	1472,49
955,48	1486,83
955,65	1400,81
955,82	1400,81
955,99	1472,49
956,16	1429,48
956,33	1548,26
956,50	1443,82
956,67	1431,53
956,84	1439,72
957,01	1425,39
957,18	1462,25
957,35	1454,06
957,52	1429,48
957,69	1523,69
957,86	1454,06
958,03	1468,39
958,20	1468,39
958,37	1517,54
958,54	1472,49
958,71	1452,01
958,88	1499,11
959,05	1466,35
959,22	1456,11
959,39	1482,73
959,56	1472,49
959,73	1488,87
959,90	1546,22
960,07	1470,44
960,24	1437,67
960,41	1406,95
960,58	1511,40
960,75	1431,53
960,92	1470,44
961,09	1452,01
961,26	1521,64
961,43	1513,45
961,60	1449,96
961,77	1476,59
961,94	1464,30
962,11	1445,87
962,28	1529,83
962,45	1476,59
962,62	1423,34
962,79	1468,39
962,96	1556,46
963,13	1411,05
963,30	1411,05
963,47	1484,78
963,64	1423,34
963,81	1535,98
963,98	1415,15
964,14	1462,25
964,31	1468,39
964,48	1533,93
964,65	1507,30
964,82	1411,05
964,99	1486,83
965,16	1439,72
965,33	1402,86
965,50	1445,87
965,67	1486,83
965,84	1497,07
966,01	1492,97
966,18	1398,76
966,35	1495,02
966,51	1413,10
966,68	1476,59
966,85	1458,15
967,02	1458,15
967,19	1382,38
967,36	1421,29
967,53	1423,34
967,70	1464,30
967,87	1505,26
968,04	1421,29
968,21	1378,28
968,37	1464,30
968,54	1398,76
968,71	1425,39
968,88	1390,57
969,05	1366,00
969,22	1357,80
969,39	1462,25
969,56	1454,06
969,72	1431,53
969,89	1439,72
970,06	1515,50
970,23	1435,63
970,40	1486,83
970,57	1396,71
970,74	1447,91
970,91	1429,48
971,07	1447,91
971,24	1488,87
971,41	1484,78
971,58	1449,96
971,75	1507,30
971,92	1480,68
972,09	1359,85
972,25	1464,30
972,42	1464,30
972,59	1435,63
972,76	1415,15
972,93	1409,00
973,10	1394,67
973,27	1499,11
973,43	1380,33
973,60	1462,25
973,77	1480,68
973,94	1472,49
974,11	1533,93
974,28	1591,27
974,44	1380,33
974,61	1439,72
974,78	1421,29
974,95	1435,63
975,12	1413,10
975,28	1458,15
975,45	1452,01
975,62	1349,61
975,79	1497,07
975,96	1478,63
976,12	1474,54
976,29	1509,35
976,46	1458,15
976,63	1443,82
976,80	1415,15
976,96	1458,15
977,13	1470,44
977,30	1472,49
977,47	1437,67
977,64	1488,87
977,80	1415,15
977,97	1423,34
978,14	1425,39
978,31	1409,00
978,48	1443,82
978,64	1357,80
978,81	1427,43
978,98	1355,76
979,15	1404,91
979,31	1445,87
979,48	1409,00
979,65	1435,63
979,82	1497,07
979,98	1445,87
980,15	1429,48
980,32	1548,26
980,49	1304,56
980,66	1396,71
980,82	1390,57
980,99	1380,33
981,16	1392,62
981,33	1392,62
981,49	1402,86
981,66	1435,63
981,83	1353,71
981,99	1458,15
982,16	1380,33
982,33	1419,24
982,50	1386,47
982,66	1468,39
982,83	1314,80
983,00	1546,22
983,17	1447,91
983,33	1370,09
983,50	1468,39
983,67	1435,63
983,83	1427,43
984,00	1445,87
984,17	1488,87
984,34	1417,19
984,50	1486,83
984,67	1341,42
984,84	1431,53
985,00	1421,29
985,17	1433,58
985,34	1431,53
985,51	1464,30
985,67	1409,00
985,84	1443,82
986,01	1343,47
986,17	1421,29
986,34	1447,91
986,51	1380,33
986,67	1347,56
986,84	1478,63
987,01	1435,63
987,17	1425,39
987,34	1466,35
987,51	1366,00
987,67	1413,10
987,84	1462,25
988,01	1435,63
988,17	1380,33
988,34	1402,86
988,51	1495,02
988,67	1374,19
988,84	1370,09
989,01	1388,52
989,17	1355,76
989,34	1394,67
989,51	1513,45
989,67	1425,39
989,84	1503,21
990,01	1454,06
990,17	1478,63
990,34	1372,14
990,51	1429,48
990,67	1466,35
990,84	1376,24
991,01	1396,71
991,17	1474,54
991,34	1419,24
991,50	1437,67
991,67	1374,19
991,84	1370,09
992,00	1431,53
992,17	1437,67
992,34	1521,64
992,50	1433,58
992,67	1423,34
992,83	1425,39
993,00	1384,43
993,17	1507,30
993,33	1337,32
993,50	1431,53
993,66	1429,48
993,83	1480,68
994,00	1480,68
994,16	1390,57
994,33	1409,00
994,49	1396,71
994,66	1456,11
994,83	1449,96
994,99	1433,58
995,16	1390,57
995,32	1406,95
995,49	1396,71
995,66	1351,66
995,82	1388,52
995,99	1304,56
996,15	1417,19
996,32	1366,00
996,48	1376,24
996,65	1349,61
996,82	1435,63
996,98	1337,32
997,15	1439,72
997,31	1460,20
997,48	1384,43
997,64	1439,72
997,81	1411,05
997,97	1445,87
998,14	1441,77
998,31	1488,87
998,47	1378,28
998,64	1501,16
998,80	1466,35
998,97	1439,72
999,13	1478,63
999,30	1374,19
999,46	1452,01
999,63	1443,82
999,79	1398,76
999,96	1460,20
1000,12	1435,63
1000,29	1345,52
1000,45	1443,82
1000,62	1390,57
1000,79	1533,93
1000,95	1415,15
1001,12	1413,10
1001,28	1419,24
1001,45	1390,57
1001,61	1427,43
1001,78	1435,63
1001,94	1439,72
1002,11	1515,50
1002,27	1452,01
1002,44	1443,82
1002,60	1386,47
1002,77	1558,50
1002,93	1456,11
1003,10	1427,43
1003,26	1466,35
1003,43	1468,39
1003,59	1431,53
1003,76	1386,47
1003,92	1458,15
1004,09	1464,30
1004,25	1382,38
1004,41	1513,45
1004,58	1382,38
1004,74	1388,52
1004,91	1423,34
1005,07	1468,39
1005,24	1535,98
1005,40	1431,53
1005,57	1376,24
1005,73	1456,11
1005,90	1417,19
1006,06	1429,48
1006,23	1472,49
1006,39	1458,15
1006,55	1386,47
1006,72	1417,19
1006,88	1400,81
1007,05	1394,67
1007,21	1425,39
1007,38	1458,15
1007,54	1427,43
1007,71	1458,15
1007,87	1411,05
1008,03	1474,54
1008,20	1458,15
1008,36	1398,76
1008,53	1415,15
1008,69	1452,01
1008,86	1384,43
1009,02	1361,90
1009,18	1384,43
1009,35	1464,30
1009,51	1423,34
1009,68	1415,15
1009,84	1439,72
1010,01	1398,76
1010,17	1415,15
1010,33	1470,44
1010,50	1415,15
1010,66	1458,15
1010,83	1425,39
1010,99	1466,35
1011,15	1368,04
1011,32	1423,34
1011,48	1419,24
1011,65	1368,04
1011,81	1370,09
1011,97	1484,78
1012,14	1482,73
1012,30	1419,24
1012,46	1472,49
1012,63	1443,82
1012,79	1419,24
1012,96	1423,34
1013,12	1441,77
1013,28	1331,18
1013,45	1511,40
1013,61	1366,00
1013,77	1462,25
1013,94	1357,80
1014,10	1499,11
1014,26	1400,81
1014,43	1464,30
1014,59	1423,34
1014,76	1433,58
1014,92	1484,78
1015,08	1380,33
1015,25	1394,67
1015,41	1468,39
1015,57	1439,72
1015,74	1421,29
1015,90	1472,49
1016,06	1314,80
1016,23	1396,71
1016,39	1320,94
1016,55	1490,92
1016,72	1351,66
1016,88	1474,54
1017,04	1380,33
1017,21	1288,17
1017,37	1337,32
1017,53	1409,00
1017,70	1409,00
1017,86	1394,67
1018,02	1427,43
1018,19	1366,00
1018,35	1476,59
1018,51	1363,95
1018,67	1470,44
1018,84	1421,29
1019,00	1359,85
1019,16	1490,92
1019,33	1406,95
1019,49	1517,54
1019,65	1396,71
1019,82	1404,91
1019,98	1439,72
1020,14	1421,29
1020,30	1419,24
1020,47	1345,52
1020,63	1435,63
1020,79	1368,04
1020,96	1359,85
1021,12	1429,48
1021,28	1421,29
1021,44	1339,37
1021,61	1497,07
1021,77	1327,08
1021,93	1314,80
1022,09	1437,67
1022,26	1378,28
1022,42	1335,28
1022,58	1443,82
1022,74	1382,38
1022,91	1456,11
1023,07	1402,86
1023,23	1333,23
1023,39	1464,30
1023,56	1357,80
1023,72	1476,59
1023,88	1413,10
1024,04	1464,30
1024,21	1351,66
1024,37	1316,84
1024,53	1456,11
1024,69	1368,04
1024,86	1415,15
1025,02	1466,35
1025,18	1417,19
1025,34	1355,76
1025,50	1449,96
1025,67	1341,42
1025,83	1460,20
1025,99	1456,11
1026,15	1474,54
1026,32	1413,10
1026,48	1396,71
1026,64	1507,30
1026,80	1419,24
1026,96	1517,54
1027,13	1390,57
1027,29	1462,25
1027,45	1345,52
1027,61	1470,44
1027,77	1349,61
1027,94	1433,58
1028,10	1452,01
1028,26	1347,56
1028,42	1454,06
1028,58	1372,14
1028,75	1300,46
1028,91	1374,19
1029,07	1427,43
1029,23	1445,87
1029,39	1419,24
1029,55	1396,71
1029,72	1462,25
1029,88	1394,67
1030,04	1380,33
1030,20	1376,24
1030,36	1349,61
1030,52	1441,77
1030,69	1398,76
1030,85	1366,00
1031,01	1419,24
1031,17	1378,28
1031,33	1417,19
1031,49	1445,87
1031,65	1431,53
1031,82	1374,19
1031,98	1439,72
1032,14	1466,35
1032,30	1398,76
1032,46	1521,64
1032,62	1435,63
1032,78	1388,52
1032,95	1421,29
1033,11	1437,67
1033,27	1368,04
1033,43	1398,76
1033,59	1441,77
1033,75	1386,47
1033,91	1339,37
1034,07	1374,19
1034,24	1374,19
1034,40	1343,47
1034,56	1372,14
1034,72	1476,59
1034,88	1445,87
1035,04	1456,11
1035,20	1374,19
1035,36	1353,71
1035,52	1490,92
1035,68	1394,67
1035,85	1417,19
1036,01	1370,09
1036,17	1470,44
1036,33	1425,39
1036,49	1333,23
1036,65	1411,05
1036,81	1421,29
1036,97	1370,09
1037,13	1427,43
1037,29	1431,53
1037,45	1456,11
1037,61	1445,87
1037,78	1361,90
1037,94	1460,20
1038,10	1376,24
1038,26	1441,77
1038,42	1339,37
1038,58	1452,01
1038,74	1386,47
1038,90	1468,39
1039,06	1404,91
1039,22	1421,29
1039,38	1419,24
1039,54	1351,66
1039,70	1347,56
1039,86	1501,16
1040,02	1404,91
1040,18	1454,06
1040,34	1415,15
1040,50	1497,07
1040,66	1437,67
1040,83	1437,67
1040,99	1409,00
1041,15	1515,50
1041,31	1435,63
1041,47	1429,48
1041,63	1380,33
1041,79	1390,57
1041,95	1441,77
1042,11	1533,93
1042,27	1388,52
1042,43	1390,57
1042,59	1449,96
1042,75	1382,38
1042,91	1525,74
