344,25	1284,08
344,46	1284,08
344,68	1284,08
344,90	1259,50
345,12	1300,46
345,34	1460,20
345,55	1431,53
345,77	1423,34
345,99	1372,14
346,21	1419,24
346,42	1382,38
346,64	1316,84
346,86	1372,14
347,08	1406,95
347,30	1404,91
347,51	1322,99
347,73	1417,19
347,95	1509,35
348,17	1394,67
348,38	1392,62
348,60	1396,71
348,82	1406,95
349,04	1327,08
349,25	1454,06
349,47	1472,49
349,69	1417,19
349,91	1509,35
350,13	1390,57
350,34	1437,67
350,56	1331,18
350,78	1402,86
351,00	1423,34
351,21	1411,05
351,43	1378,28
351,65	1456,11
351,87	1433,58
352,08	1445,87
352,30	1433,58
352,52	1421,29
352,74	1476,59
352,95	1456,11
353,17	1443,82
353,39	1411,05
353,61	1445,87
353,82	1472,49
354,04	1406,95
354,26	1474,54
354,47	1474,54
354,69	1421,29
354,91	1425,39
355,13	1406,95
355,34	1535,98
355,56	1355,76
355,78	1427,43
356,00	1552,36
356,21	1402,86
356,43	1464,30
356,65	1454,06
356,86	1456,11
357,08	1437,67
357,30	1531,88
357,52	1486,83
357,73	1476,59
357,95	1443,82
358,17	1474,54
358,38	1443,82
358,60	1552,36
358,82	1525,74
359,04	1511,40
359,25	1587,18
359,47	1587,18
359,69	1517,54
359,90	1513,45
360,12	1708,01
360,34	1601,51
360,56	1572,84
360,77	1806,31
360,99	1740,77
361,21	1783,78
361,42	1851,36
361,64	1830,88
361,86	2058,21
362,07	1955,81
362,29	2164,70
362,51	2090,98
362,73	2320,35
362,94	2480,09
363,16	2740,18
363,38	2697,17
363,59	3104,72
363,81	3104,72
364,03	3309,52
364,24	3499,98
364,46	3913,67
364,68	3856,33
364,89	4304,83
365,11	4136,90
365,33	4587,45
365,54	4648,89
365,76	5298,10
365,98	4986,80
366,19	5484,46
366,41	5576,62
366,63	5617,58
366,84	5580,71
367,06	6043,56
367,28	6008,74
367,49	6297,50
367,71	5889,96
367,93	5943,21
368,14	5879,72
368,36	5881,77
368,58	5642,15
368,79	6014,88
369,01	5597,10
369,23	5832,62
369,44	5674,92
369,66	5380,01
369,88	5418,93
370,09	5152,69
370,31	4480,96
370,53	4706,23
370,74	4380,61
370,96	4589,50
371,18	4190,14
371,39	4165,57
371,61	3561,42
371,82	3719,11
372,04	3297,23
372,26	3383,24
372,47	2848,72
372,69	2787,29
372,91	2541,53
373,12	2496,47
373,34	2508,76
373,56	2402,27
373,77	2420,70
373,99	2664,41
374,20	2420,70
374,42	2680,79
374,64	2506,71
374,85	2346,97
375,07	2111,46
375,29	2152,42
375,50	2027,49
375,72	1800,16
375,93	1912,80
376,15	1886,18
376,37	1808,36
376,58	1902,56
376,80	1734,63
377,01	1716,20
377,23	1726,44
377,45	1699,81
377,66	1755,11
377,88	1648,61
378,10	1603,56
378,31	1599,46
378,53	1687,53
378,74	1566,70
378,96	1593,32
379,18	1603,56
379,39	1525,74
379,61	1591,27
379,82	1574,89
380,04	1607,66
380,26	1542,12
380,47	1509,35
380,69	1601,51
380,90	1603,56
381,12	1427,43
381,33	1503,21
381,55	1495,02
381,77	1574,89
381,98	1386,47
382,20	1431,53
382,41	1470,44
382,63	1484,78
382,85	1482,73
383,06	1492,97
383,28	1550,31
383,49	1439,72
383,71	1462,25
383,92	1476,59
384,14	1421,29
384,36	1378,28
384,57	1464,30
384,79	1402,86
385,00	1435,63
385,22	1460,20
385,43	1368,04
385,65	1501,16
385,87	1497,07
386,08	1353,71
386,30	1462,25
386,51	1382,38
386,73	1435,63
386,94	1445,87
387,16	1452,01
387,37	1421,29
387,59	1439,72
387,81	1568,74
388,02	1513,45
388,24	1366,00
388,45	1447,91
388,67	1372,14
388,88	1497,07
389,10	1423,34
389,31	1599,46
389,53	1470,44
389,75	1460,20
389,96	1484,78
390,18	1411,05
390,39	1390,57
390,61	1449,96
390,82	1345,52
391,04	1468,39
391,25	1376,24
391,47	1400,81
391,68	1404,91
391,90	1511,40
392,11	1425,39
392,33	1404,91
392,54	1390,57
392,76	1400,81
392,97	1339,37
393,19	1517,54
393,41	1509,35
393,62	1421,29
393,84	1460,20
394,05	1464,30
394,27	1398,76
394,48	1435,63
394,70	1538,02
394,91	1415,15
395,13	1427,43
395,34	1368,04
395,56	1497,07
395,77	1447,91
395,99	1394,67
396,20	1464,30
396,42	1308,65
396,63	1392,62
396,85	1517,54
397,06	1495,02
397,28	1431,53
397,49	1431,53
397,71	1468,39
397,92	1470,44
398,14	1452,01
398,35	1566,70
398,57	1478,63
398,78	1427,43
399,00	1423,34
399,21	1429,48
399,43	1394,67
399,64	1511,40
399,86	1445,87
400,07	1439,72
400,29	1359,85
400,50	1441,77
400,72	1380,33
400,93	1456,11
401,14	1400,81
401,36	1417,19
401,57	1478,63
401,79	1445,87
402,00	1392,62
402,22	1421,29
402,43	1509,35
402,65	1413,10
402,86	1366,00
403,08	1452,01
403,29	1458,15
403,51	1482,73
403,72	1542,12
403,94	1413,10
404,15	1413,10
404,36	1404,91
404,58	1681,38
404,79	1468,39
405,01	1419,24
405,22	1507,30
405,44	1325,04
405,65	1462,25
405,87	1423,34
406,08	1468,39
406,30	1419,24
406,51	1482,73
406,72	1486,83
406,94	1452,01
407,15	1447,91
407,37	1531,88
407,58	1421,29
407,80	1421,29
408,01	1392,62
408,23	1415,15
408,44	1480,68
408,65	1396,71
408,87	1402,86
409,08	1431,53
409,30	1501,16
409,51	1337,32
409,73	1378,28
409,94	1505,26
410,15	1437,67
410,37	1478,63
410,58	1433,58
410,80	1431,53
411,01	1413,10
411,23	1492,97
411,44	1337,32
411,65	1515,50
411,87	1445,87
412,08	1398,76
412,30	1445,87
412,51	1437,67
412,72	1456,11
412,94	1429,48
413,15	1490,92
413,37	1480,68
413,58	1429,48
413,79	1468,39
414,01	1505,26
414,22	1421,29
414,44	1484,78
414,65	1550,31
414,86	1468,39
415,08	1384,43
415,29	1357,80
415,51	1449,96
415,72	1411,05
415,93	1394,67
416,15	1449,96
416,36	1411,05
416,58	1476,59
416,79	1431,53
417,00	1404,91
417,22	1443,82
417,43	1443,82
417,65	1462,25
417,86	1505,26
418,07	1535,98
418,29	1454,06
418,50	1499,11
418,71	1445,87
418,93	1429,48
419,14	1345,52
419,36	1472,49
419,57	1441,77
419,78	1443,82
420,00	1396,71
420,21	1441,77
420,42	1380,33
420,64	1427,43
420,85	1423,34
421,06	1372,14
421,28	1411,05
421,49	1411,05
421,71	1509,35
421,92	1402,86
422,13	1519,59
422,35	1486,83
422,56	1507,30
422,77	1437,67
422,99	1505,26
423,20	1406,95
423,41	1400,81
423,63	1486,83
423,84	1468,39
424,05	1525,74
424,27	1486,83
424,48	1540,07
424,69	1380,33
424,91	1806,31
425,12	1392,62
425,33	1439,72
425,55	1382,38
425,76	1390,57
425,97	1404,91
426,19	1458,15
426,40	1456,11
426,61	1435,63
426,83	1519,59
427,04	1445,87
427,25	1433,58
427,47	1527,78
427,68	1523,69
427,89	1452,01
428,11	1495,02
428,32	1406,95
428,53	1443,82
428,75	1425,39
428,96	1411,05
429,17	1458,15
429,39	1396,71
429,60	1464,30
429,81	1529,83
430,03	1423,34
430,24	1392,62
430,45	1495,02
430,67	1443,82
430,88	1456,11
431,09	1443,82
431,30	1437,67
431,52	1497,07
431,73	1464,30
431,94	1480,68
432,16	1472,49
432,37	1476,59
432,58	1517,54
432,80	1474,54
433,01	1501,16
433,22	1406,95
433,43	1466,35
433,65	1431,53
433,86	1452,01
434,07	1439,72
434,29	1439,72
434,50	1370,09
434,71	1517,54
434,92	1454,06
435,14	1474,54
435,35	1460,20
435,56	1484,78
435,77	1484,78
435,99	1390,57
436,20	1513,45
436,41	1400,81
436,63	1480,68
436,84	1419,24
437,05	1349,61
437,26	1439,72
437,48	1460,20
437,69	1456,11
437,90	1458,15
438,11	1404,91
438,33	1423,34
438,54	1417,19
438,75	1456,11
438,96	1400,81
439,18	1462,25
439,39	1474,54
439,60	1452,01
439,82	1470,44
440,03	1478,63
440,24	1533,93
440,45	1443,82
440,67	1382,38
440,88	1464,30
441,09	1503,21
441,30	1443,82
441,51	1431,53
441,73	1427,43
441,94	1366,00
442,15	1417,19
442,36	1525,74
442,58	1376,24
442,79	1421,29
443,00	1452,01
443,21	1529,83
443,43	1390,57
443,64	1462,25
443,85	1464,30
444,06	1495,02
444,28	1472,49
444,49	1423,34
444,70	1466,35
444,91	1476,59
445,12	1472,49
445,34	1353,71
445,55	1501,16
445,76	1402,86
445,97	1497,07
446,18	1482,73
446,40	1470,44
446,61	1345,52
446,82	1499,11
447,03	1529,83
447,25	1435,63
447,46	1429,48
447,67	1497,07
447,88	1409,00
448,09	1492,97
448,31	1452,01
448,52	1392,62
448,73	1511,40
448,94	1413,10
449,15	1492,97
449,37	1353,71
449,58	1495,02
449,79	1488,87
450,00	1591,27
450,21	1372,14
450,43	1484,78
450,64	1486,83
450,85	1390,57
451,06	1507,30
451,27	1443,82
451,48	1366,00
451,70	1466,35
451,91	1445,87
452,12	1478,63
452,33	1527,78
452,54	1437,67
452,76	1538,02
452,97	1452,01
453,18	1419,24
453,39	1464,30
453,60	1427,43
453,81	1425,39
454,03	1413,10
454,24	1404,91
454,45	1452,01
454,66	1413,10
454,87	1472,49
455,08	1433,58
455,30	1413,10
455,51	1413,10
455,72	1482,73
455,93	1452,01
456,14	1406,95
456,35	1443,82
456,56	1447,91
456,78	1507,30
456,99	1474,54
457,20	1378,28
457,41	1458,15
457,62	1409,00
457,83	1468,39
458,04	1384,43
458,26	1470,44
458,47	1427,43
458,68	1398,76
458,89	1531,88
459,10	1402,86
459,31	1411,05
459,52	1476,59
459,74	1488,87
459,95	1499,11
460,16	1447,91
460,37	1503,21
460,58	1517,54
460,79	1447,91
461,00	1464,30
461,21	1419,24
461,43	1470,44
461,64	1400,81
461,85	1482,73
462,06	1425,39
462,27	1374,19
462,48	1527,78
462,69	1480,68
462,90	1458,15
463,12	1449,96
463,33	1460,20
463,54	1478,63
463,75	1513,45
463,96	1525,74
464,17	1472,49
464,38	1415,15
464,59	1482,73
464,80	1413,10
465,01	1431,53
465,23	1492,97
465,44	1447,91
465,65	1398,76
465,86	1431,53
466,07	1413,10
466,28	1431,53
466,49	1449,96
466,70	1542,12
466,91	1568,74
467,12	1409,00
467,33	1404,91
467,55	1452,01
467,76	1419,24
467,97	1357,80
468,18	1470,44
468,39	1437,67
468,60	1548,26
468,81	1519,59
469,02	1449,96
469,23	1406,95
469,44	1366,00
469,65	1400,81
469,86	1363,95
470,07	1396,71
470,29	1529,83
470,50	1417,19
470,71	1441,77
470,92	1456,11
471,13	1495,02
471,34	1441,77
471,55	1447,91
471,76	1497,07
471,97	1431,53
472,18	1431,53
472,39	1390,57
472,60	1431,53
472,81	1464,30
473,02	1402,86
473,23	1529,83
473,44	1454,06
473,65	1484,78
473,87	1370,09
474,08	1423,34
474,29	1437,67
474,50	1421,29
474,71	1368,04
474,92	1452,01
475,13	1492,97
475,34	1472,49
475,55	1357,80
475,76	1437,67
475,97	1511,40
476,18	1449,96
476,39	1329,13
476,60	1554,41
476,81	1540,07
477,02	1454,06
477,23	1490,92
477,44	1486,83
477,65	1378,28
477,86	1478,63
478,07	1464,30
478,28	1454,06
478,49	1435,63
478,70	1441,77
478,91	1380,33
479,12	1392,62
479,33	1382,38
479,54	1421,29
479,75	1552,36
479,96	1525,74
480,17	1501,16
480,38	1417,19
480,59	1447,91
480,80	1460,20
481,01	1527,78
481,22	1511,40
481,43	1423,34
481,64	1462,25
481,85	1427,43
482,06	1425,39
482,27	1501,16
482,48	1413,10
482,69	1540,07
482,90	1468,39
483,11	1468,39
483,32	1437,67
483,53	1429,48
483,74	1470,44
483,95	1462,25
484,16	1433,58
484,37	1427,43
484,58	1460,20
484,79	1427,43
485,00	1509,35
485,21	1488,87
485,42	1417,19
485,63	1570,79
485,84	1437,67
486,05	1411,05
486,26	1517,54
486,47	1550,31
486,68	1329,13
486,89	1439,72
487,10	1378,28
487,31	1519,59
487,52	1462,25
487,73	1482,73
487,94	1429,48
488,15	1415,15
488,36	1521,64
488,57	1437,67
488,77	1470,44
488,98	1499,11
489,19	1458,15
489,40	1550,31
489,61	1468,39
489,82	1562,60
490,03	1505,26
490,24	1427,43
490,45	1525,74
490,66	1431,53
490,87	1538,02
491,08	1355,76
491,29	1421,29
491,50	1370,09
491,71	1515,50
491,92	1437,67
492,13	1482,73
492,33	1374,19
492,54	1486,83
492,75	1466,35
492,96	1413,10
493,17	1460,20
493,38	1421,29
493,59	1384,43
493,80	1511,40
494,01	1402,86
494,22	1527,78
494,43	1419,24
494,64	1400,81
494,85	1513,45
495,05	1314,80
495,26	1486,83
495,47	1550,31
495,68	1486,83
495,89	1392,62
496,10	1441,77
496,31	1482,73
496,52	1503,21
496,73	1497,07
496,94	1492,97
497,15	1585,13
497,35	1464,30
497,56	1495,02
497,77	1480,68
497,98	1443,82
498,19	1439,72
498,40	1456,11
498,61	1558,50
498,82	1437,67
499,03	1447,91
499,23	1415,15
499,44	1546,22
499,65	1462,25
499,86	1441,77
500,07	1519,59
500,28	1468,39
500,49	1460,20
500,70	1464,30
500,91	1433,58
501,11	1511,40
501,32	1427,43
501,53	1464,30
501,74	1501,16
501,95	1433,58
502,16	1429,48
502,37	1421,29
502,57	1372,14
502,78	1476,59
502,99	1421,29
503,20	1415,15
503,41	1460,20
503,62	1527,78
503,83	1576,94
504,03	1435,63
504,24	1316,84
504,45	1486,83
504,66	1421,29
504,87	1527,78
505,08	1415,15
505,29	1478,63
505,49	1353,71
505,70	1468,39
505,91	1486,83
506,12	1421,29
506,33	1523,69
506,54	1486,83
506,75	1509,35
506,95	1480,68
507,16	1505,26
507,37	1433,58
507,58	1431,53
507,79	1495,02
508,00	1462,25
508,20	1378,28
508,41	1470,44
508,62	1511,40
508,83	1486,83
509,04	1538,02
509,24	1499,11
509,45	1814,50
509,66	1486,83
509,87	1476,59
510,08	1474,54
510,29	1468,39
510,49	1507,30
510,70	1468,39
510,91	1474,54
511,12	1492,97
511,33	1431,53
511,53	1429,48
511,74	1437,67
511,95	1531,88
512,16	1488,87
512,37	1519,59
512,57	1433,58
512,78	1411,05
512,99	1421,29
513,20	1495,02
513,41	1531,88
513,61	1425,39
513,82	1515,50
514,03	1472,49
514,24	1460,20
514,45	1470,44
514,65	1433,58
514,86	1447,91
515,07	1468,39
515,28	1406,95
515,49	1447,91
515,69	1501,16
515,90	1492,97
516,11	1417,19
516,32	1476,59
516,52	1429,48
516,73	1427,43
516,94	1540,07
517,15	1484,78
517,36	1415,15
517,56	1517,54
517,77	1443,82
517,98	1458,15
518,19	1443,82
518,39	1437,67
518,60	1396,71
518,81	1554,41
519,02	1474,54
519,22	1464,30
519,43	1595,37
519,64	1474,54
519,85	1390,57
520,05	1468,39
520,26	1497,07
520,47	1464,30
520,68	1499,11
520,88	1378,28
521,09	1445,87
521,30	1492,97
521,51	1454,06
521,71	1587,18
521,92	1439,72
522,13	1433,58
522,34	1458,15
522,54	1382,38
522,75	1392,62
522,96	1501,16
523,17	1505,26
523,37	1529,83
523,58	1519,59
523,79	1478,63
523,99	1431,53
524,20	1456,11
524,41	1527,78
524,62	1527,78
524,82	1519,59
525,03	1482,73
525,24	1452,01
525,45	1488,87
525,65	1431,53
525,86	1505,26
526,07	1505,26
526,27	1413,10
526,48	1484,78
526,69	1544,17
526,90	1404,91
527,10	1519,59
527,31	1519,59
527,52	1415,15
527,72	1503,21
527,93	1464,30
528,14	1406,95
528,34	1452,01
528,55	1370,09
528,76	1396,71
528,97	1449,96
529,17	1445,87
529,38	1441,77
529,59	1468,39
529,79	1447,91
530,00	1513,45
530,21	1521,64
530,41	1447,91
530,62	1409,00
530,83	1503,21
531,03	1578,98
531,24	1515,50
531,45	1427,43
531,65	1476,59
531,86	1480,68
532,07	1548,26
532,27	1437,67
532,48	1492,97
532,69	1402,86
532,89	1515,50
533,10	1474,54
533,31	1476,59
533,51	1384,43
533,72	1425,39
533,93	1488,87
534,13	1470,44
534,34	1363,95
534,55	1486,83
534,75	1513,45
534,96	1507,30
535,17	1476,59
535,37	1505,26
535,58	1452,01
535,79	1511,40
535,99	1374,19
536,20	1497,07
536,41	1402,86
536,61	1396,71
536,82	1478,63
537,03	1497,07
537,23	1429,48
537,44	1501,16
537,64	1363,95
537,85	1396,71
538,06	1460,20
538,26	1398,76
538,47	1499,11
538,68	1478,63
538,88	1525,74
539,09	1439,72
539,30	1439,72
539,50	1624,04
539,71	1445,87
539,91	1550,31
540,12	1411,05
540,33	1501,16
540,53	1441,77
540,74	1429,48
540,94	1460,20
541,15	1449,96
541,36	1443,82
541,56	1566,70
541,77	1443,82
541,98	1548,26
542,18	1509,35
542,39	1564,65
542,59	1550,31
542,80	1468,39
543,01	1341,42
543,21	1466,35
543,42	1488,87
543,62	1490,92
543,83	1449,96
544,04	1449,96
544,24	1423,34
544,45	1429,48
544,65	1507,30
544,86	1515,50
545,06	1392,62
545,27	1476,59
545,48	1423,34
545,68	1427,43
545,89	1529,83
546,09	1503,21
546,30	1402,86
546,51	1472,49
546,71	1452,01
546,92	1505,26
547,12	1413,10
547,33	1452,01
547,53	1490,92
547,74	1468,39
547,95	1443,82
548,15	1529,83
548,36	1470,44
548,56	1499,11
548,77	1490,92
548,97	1478,63
549,18	1396,71
549,39	1519,59
549,59	1466,35
549,80	1443,82
550,00	1413,10
550,21	1433,58
550,41	1456,11
550,62	1456,11
550,82	1429,48
551,03	1447,91
551,23	1447,91
551,44	1382,38
551,65	1445,87
551,85	1406,95
552,06	1409,00
552,26	1443,82
552,47	1409,00
552,67	1398,76
552,88	1417,19
553,08	1480,68
553,29	1458,15
553,49	1476,59
553,70	1406,95
553,90	1515,50
554,11	1433,58
554,32	1443,82
554,52	1411,05
554,73	1472,49
554,93	1370,09
555,14	1470,44
555,34	1601,51
555,55	1505,26
555,75	1411,05
555,96	1466,35
556,16	1452,01
556,37	1527,78
556,57	1333,23
556,78	1435,63
556,98	1460,20
557,19	1509,35
557,39	1531,88
557,60	1452,01
557,80	1433,58
558,01	1513,45
558,21	1431,53
558,42	1409,00
558,62	1476,59
558,83	1515,50
559,03	1427,43
559,24	1421,29
559,44	1447,91
559,65	1437,67
559,85	1392,62
560,06	1439,72
560,26	1435,63
560,47	1497,07
560,67	1468,39
560,88	1458,15
561,08	1441,77
561,29	1509,35
561,49	1464,30
561,70	1470,44
561,90	1513,45
562,10	1488,87
562,31	1431,53
562,51	1503,21
562,72	1404,91
562,92	1394,67
563,13	1562,60
563,33	1447,91
563,54	1476,59
563,74	1482,73
563,95	1468,39
564,15	1511,40
564,36	1476,59
564,56	1386,47
564,76	1433,58
564,97	1415,15
565,17	1488,87
565,38	1474,54
565,58	1423,34
565,79	1402,86
565,99	1447,91
566,20	1515,50
566,40	1492,97
566,60	1583,08
566,81	1531,88
567,01	1562,60
567,22	1449,96
567,42	1415,15
567,63	1452,01
567,83	1454,06
568,04	1478,63
568,24	1546,22
568,44	1480,68
568,65	1359,85
568,85	1421,29
569,06	1415,15
569,26	1478,63
569,47	1472,49
569,67	1402,86
569,87	1464,30
570,08	1429,48
570,28	1486,83
570,49	1497,07
570,69	1435,63
570,89	1562,60
571,10	1564,65
571,30	1462,25
571,51	1480,68
571,71	1478,63
571,91	1523,69
572,12	1458,15
572,32	1562,60
572,53	1484,78
572,73	1535,98
572,93	1540,07
573,14	1505,26
573,34	1505,26
573,55	1452,01
573,75	1540,07
573,95	1452,01
574,16	1527,78
574,36	1464,30
574,57	1456,11
574,77	1396,71
574,97	1443,82
575,18	1425,39
575,38	1421,29
575,59	1384,43
575,79	1409,00
575,99	1572,84
576,20	1466,35
576,40	1478,63
576,60	1507,30
576,81	1445,87
577,01	1589,22
577,22	1560,55
577,42	1507,30
577,62	1488,87
577,83	1492,97
578,03	1523,69
578,23	1515,50
578,44	1433,58
578,64	1445,87
578,84	1521,64
579,05	1421,29
579,25	1486,83
579,45	1425,39
579,66	1523,69
579,86	1445,87
580,07	1413,10
580,27	1443,82
580,47	1417,19
580,68	1415,15
580,88	1478,63
581,08	1394,67
581,29	1503,21
581,49	1390,57
581,69	1503,21
581,90	1472,49
582,10	1474,54
582,30	1458,15
582,51	1425,39
582,71	1425,39
582,91	1402,86
583,12	1454,06
583,32	1529,83
583,52	1497,07
583,73	1456,11
583,93	1490,92
584,13	1427,43
584,34	1458,15
584,54	1509,35
584,74	1517,54
584,94	1384,43
585,15	1466,35
585,35	1544,17
585,55	1435,63
585,76	1447,91
585,96	1390,57
586,16	1478,63
586,37	1402,86
586,57	1470,44
586,77	1376,24
586,98	1456,11
587,18	1525,74
587,38	1497,07
587,58	1499,11
587,79	1488,87
587,99	1488,87
588,19	1431,53
588,40	1419,24
588,60	1615,85
588,80	1464,30
589,00	1501,16
589,21	1521,64
589,41	1433,58
589,61	1505,26
589,82	1464,30
590,02	1419,24
590,22	1431,53
590,42	1413,10
590,63	1478,63
590,83	1531,88
591,03	1480,68
591,23	1517,54
591,44	1554,41
591,64	1525,74
591,84	1429,48
592,05	1548,26
592,25	1449,96
592,45	1390,57
592,65	1456,11
592,86	1468,39
593,06	1449,96
593,26	1392,62
593,46	1470,44
593,67	1456,11
593,87	1552,36
594,07	1429,48
594,27	1529,83
594,48	1468,39
594,68	1419,24
594,88	1486,83
595,08	1519,59
595,29	1486,83
595,49	1476,59
595,69	1435,63
595,89	1445,87
596,10	1505,26
596,30	1425,39
596,50	1425,39
596,70	1513,45
596,90	1507,30
597,11	1382,38
597,31	1394,67
597,51	1445,87
597,71	1548,26
597,92	1507,30
598,12	1458,15
598,32	1515,50
598,52	1413,10
598,72	1460,20
598,93	1404,91
599,13	1484,78
599,33	1452,01
599,53	1501,16
599,74	1447,91
599,94	1466,35
600,14	1445,87
600,34	1472,49
600,54	1525,74
600,75	1429,48
600,95	1464,30
601,15	1396,71
601,35	1419,24
601,55	1460,20
601,76	1435,63
601,96	1544,17
602,16	1531,88
602,36	1523,69
602,56	1429,48
602,76	1431,53
602,97	1431,53
603,17	1394,67
603,37	1572,84
603,57	1380,33
603,77	1468,39
603,98	1486,83
604,18	1400,81
604,38	1417,19
604,58	1417,19
604,78	1480,68
604,98	1462,25
605,19	1507,30
605,39	1576,94
605,59	1484,78
605,79	1472,49
605,99	1392,62
606,19	1464,30
606,40	1382,38
606,60	1497,07
606,80	1552,36
607,00	1460,20
607,20	1433,58
607,40	1531,88
607,61	1476,59
607,81	1513,45
608,01	1462,25
608,21	1501,16
608,41	1507,30
608,61	1441,77
608,81	1349,61
609,02	1431,53
609,22	1466,35
609,42	1486,83
609,62	1523,69
609,82	1374,19
610,02	1482,73
610,22	1474,54
610,43	1423,34
610,63	1488,87
610,83	1517,54
611,03	1454,06
611,23	1447,91
611,43	1470,44
611,63	1509,35
611,83	1386,47
612,04	1449,96
612,24	1501,16
612,44	1482,73
612,64	1447,91
612,84	1439,72
613,04	1359,85
613,24	1562,60
613,44	1396,71
613,64	1529,83
613,85	1468,39
614,05	1495,02
614,25	1488,87
614,45	1519,59
614,65	1513,45
614,85	1404,91
615,05	1421,29
615,25	1488,87
615,45	1404,91
615,65	1468,39
615,86	1486,83
616,06	1472,49
616,26	1501,16
616,46	1488,87
616,66	1531,88
616,86	1531,88
617,06	1466,35
617,26	1501,16
617,46	1499,11
617,66	1523,69
617,86	1495,02
618,07	1447,91
618,27	1601,51
618,47	1411,05
618,67	1628,14
618,87	1474,54
619,07	1480,68
619,27	1538,02
619,47	1415,15
619,67	1525,74
619,87	1437,67
620,07	1562,60
620,27	1540,07
620,47	1511,40
620,67	1425,39
620,87	1460,20
621,07	1566,70
621,28	1427,43
621,48	1452,01
621,68	1441,77
621,88	1480,68
622,08	1443,82
622,28	1445,87
622,48	1437,67
622,68	1460,20
622,88	1511,40
623,08	1572,84
623,28	1544,17
623,48	1452,01
623,68	1503,21
623,88	1513,45
624,08	1587,18
624,28	1466,35
624,48	1505,26
624,68	1472,49
624,88	1556,46
625,08	1564,65
625,28	1505,26
625,48	1527,78
625,68	1447,91
625,88	1519,59
626,08	1474,54
626,28	1603,56
626,48	1392,62
626,68	1386,47
626,88	1421,29
627,08	1503,21
627,28	1519,59
627,48	1505,26
627,68	1519,59
627,88	1501,16
628,08	1449,96
628,28	1474,54
628,49	1574,89
628,68	1480,68
628,88	1452,01
629,08	1540,07
629,28	1570,79
629,48	1531,88
629,68	1458,15
629,88	1548,26
630,08	1566,70
630,28	1509,35
630,48	1507,30
630,68	1531,88
630,88	1486,83
631,08	1531,88
631,28	1544,17
631,48	1472,49
631,68	1435,63
631,88	1425,39
632,08	1535,98
632,28	1499,11
632,48	1576,94
632,68	1382,38
632,88	1552,36
633,08	1482,73
633,28	1509,35
633,48	1497,07
633,68	1505,26
633,88	1531,88
634,08	1515,50
634,28	1585,13
634,48	1538,02
634,68	1554,41
634,88	1447,91
635,08	1449,96
635,28	1533,93
635,48	1437,67
635,68	1468,39
635,87	1509,35
636,07	1544,17
636,27	1423,34
636,47	1550,31
636,67	1531,88
636,87	1484,78
637,07	1476,59
637,27	1484,78
637,47	1419,24
637,67	1572,84
637,87	1421,29
638,07	1521,64
638,27	1366,00
638,47	1468,39
638,67	1470,44
638,86	1560,55
639,06	1413,10
639,26	1654,76
639,46	1474,54
639,66	1519,59
639,86	1480,68
640,06	1615,85
640,26	1482,73
640,46	1538,02
640,66	1497,07
640,86	1486,83
641,06	1503,21
641,25	1568,74
641,45	1447,91
641,65	1529,83
641,85	1472,49
642,05	1470,44
642,25	1433,58
642,45	1501,16
642,65	1505,26
642,85	1490,92
643,05	1503,21
643,24	1525,74
643,44	1505,26
643,64	1480,68
643,84	1519,59
644,04	1533,93
644,24	1466,35
644,44	1540,07
644,64	1394,67
644,84	1462,25
645,03	1568,74
645,23	1558,50
645,43	1370,09
645,63	1509,35
645,83	1484,78
646,03	1497,07
646,23	1509,35
646,42	1503,21
646,62	1568,74
646,82	1488,87
647,02	1470,44
647,22	1497,07
647,42	1478,63
647,62	1484,78
647,82	1466,35
648,01	1609,70
648,21	1435,63
648,41	1605,61
648,61	1566,70
648,81	1554,41
649,01	1546,22
649,20	1509,35
649,40	1460,20
649,60	1548,26
649,80	1460,20
650,00	1390,57
650,20	1445,87
650,40	1495,02
650,59	1443,82
650,79	1486,83
650,99	1560,55
651,19	1521,64
651,39	1495,02
651,58	1476,59
651,78	1554,41
651,98	1550,31
652,18	1476,59
652,38	1464,30
652,58	1548,26
652,77	1552,36
652,97	1452,01
653,17	1542,12
653,37	1546,22
653,57	1505,26
653,77	1488,87
653,96	1517,54
654,16	1497,07
654,36	1566,70
654,56	1583,08
654,76	1556,46
654,95	1538,02
655,15	1572,84
655,35	1497,07
655,55	1480,68
655,75	1538,02
655,94	1476,59
656,14	1443,82
656,34	1558,50
656,54	1517,54
656,73	1542,12
656,93	1542,12
657,13	1585,13
657,33	1423,34
657,53	1495,02
657,72	1495,02
657,92	1519,59
658,12	1484,78
658,32	1521,64
658,52	1531,88
658,71	1478,63
658,91	1484,78
659,11	1552,36
659,31	1486,83
659,50	1546,22
659,70	1591,27
659,90	1570,79
660,10	1546,22
660,29	1517,54
660,49	1519,59
660,69	1525,74
660,89	1468,39
661,08	1529,83
661,28	1488,87
661,48	1513,45
661,68	1540,07
661,87	1435,63
662,07	1421,29
662,27	1554,41
662,47	1546,22
662,66	1505,26
662,86	1527,78
663,06	1417,19
663,26	1499,11
663,45	1521,64
663,65	1527,78
663,85	1548,26
664,05	1538,02
664,24	1497,07
664,44	1415,15
664,64	1511,40
664,84	1468,39
665,03	1521,64
665,23	1513,45
665,43	1472,49
665,62	1437,67
665,82	1503,21
666,02	1515,50
666,22	1525,74
666,41	1499,11
666,61	1538,02
666,81	1472,49
667,00	1447,91
667,20	1456,11
667,40	1435,63
667,60	1449,96
667,79	1499,11
667,99	1452,01
668,19	1519,59
668,38	1427,43
668,58	1517,54
668,78	1445,87
668,97	1535,98
669,17	1458,15
669,37	1546,22
669,57	1425,39
669,76	1587,18
669,96	1497,07
670,16	1470,44
670,35	1548,26
670,55	1552,36
670,75	1466,35
670,94	1499,11
671,14	1509,35
671,34	1538,02
671,53	1464,30
671,73	1497,07
671,93	1495,02
672,12	1521,64
672,32	1521,64
672,52	1562,60
672,71	1480,68
672,91	1513,45
673,11	1474,54
673,30	1533,93
673,50	1501,16
673,70	1478,63
673,89	1456,11
674,09	1531,88
674,29	1499,11
674,48	1550,31
674,68	1540,07
674,88	1474,54
675,07	1433,58
675,27	1513,45
675,46	1437,67
675,66	1533,93
675,86	1474,54
676,05	1449,96
676,25	1486,83
676,45	1527,78
676,64	1513,45
676,84	1521,64
677,04	1488,87
677,23	1488,87
677,43	1546,22
677,62	1554,41
677,82	1460,20
678,02	1454,06
678,21	1503,21
678,41	1417,19
678,61	1376,24
678,80	1560,55
679,00	1501,16
679,19	1505,26
679,39	1554,41
679,59	1458,15
679,78	1484,78
679,98	1433,58
680,17	1474,54
680,37	1503,21
680,57	1476,59
680,76	1556,46
680,96	1540,07
681,16	1470,44
681,35	1429,48
681,55	1509,35
681,74	1441,77
681,94	1503,21
682,13	1490,92
682,33	1490,92
682,53	1449,96
682,72	1544,17
682,92	1447,91
683,11	1468,39
683,31	1501,16
683,51	1497,07
683,70	1472,49
683,90	1488,87
684,09	1564,65
684,29	1564,65
684,48	1492,97
684,68	1544,17
684,88	1566,70
685,07	1624,04
685,27	1449,96
685,46	1495,02
685,66	1501,16
685,85	1595,37
686,05	1583,08
686,25	1501,16
686,44	1521,64
686,64	1509,35
686,83	1503,21
687,03	1617,90
687,22	1538,02
687,42	1513,45
687,61	1542,12
687,81	1466,35
688,01	1525,74
688,20	1439,72
688,40	1476,59
688,59	1523,69
688,79	1488,87
688,98	1515,50
689,18	1556,46
689,37	1435,63
689,57	1472,49
689,76	1482,73
689,96	1519,59
690,15	1550,31
690,35	1503,21
690,54	1538,02
690,74	1538,02
690,94	1499,11
691,13	1581,03
691,33	1560,55
691,52	1558,50
691,72	1597,42
691,91	1431,53
692,11	1552,36
692,30	1439,72
692,50	1531,88
692,69	1503,21
692,89	1497,07
693,08	1425,39
693,28	1628,14
693,47	1458,15
693,67	1591,27
693,86	1533,93
694,06	1456,11
694,25	1505,26
694,45	1480,68
694,64	1488,87
694,84	1535,98
695,03	1513,45
695,23	1476,59
695,42	1466,35
695,62	1490,92
695,81	1511,40
696,01	1533,93
696,20	1445,87
696,40	1507,30
696,59	1574,89
696,78	1486,83
696,98	1466,35
697,17	1501,16
697,37	1521,64
697,56	1482,73
697,76	1513,45
697,95	1523,69
698,15	1517,54
698,34	1480,68
698,54	1495,02
698,73	1509,35
698,93	1441,77
699,12	1488,87
699,32	1478,63
699,51	1503,21
699,70	1394,67
699,90	1458,15
700,09	1525,74
700,29	1454,06
700,48	1452,01
700,68	1388,52
700,87	1421,29
701,07	1415,15
701,26	1546,22
701,45	1378,28
701,65	1472,49
701,84	1521,64
702,04	1507,30
702,23	1497,07
702,43	1376,24
702,62	1480,68
702,81	1454,06
703,01	1497,07
703,20	1480,68
703,40	1466,35
703,59	1456,11
703,79	1425,39
703,98	1441,77
704,17	1376,24
704,37	1441,77
704,56	1421,29
704,76	1507,30
704,95	1439,72
705,14	1443,82
705,34	1460,20
705,53	1388,52
705,73	1462,25
705,92	1460,20
706,11	1460,20
706,31	1386,47
706,50	1466,35
706,70	1394,67
706,89	1449,96
707,08	1462,25
707,28	1523,69
707,47	1382,38
707,67	1419,24
707,86	1433,58
708,05	1509,35
708,25	1359,85
708,44	1419,24
708,64	1419,24
708,83	1429,48
709,02	1337,32
709,22	1458,15
709,41	1488,87
709,60	1486,83
709,80	1433,58
709,99	1445,87
710,19	1341,42
710,38	1542,12
710,57	1351,66
710,77	1353,71
710,96	1427,43
711,15	1386,47
711,35	1439,72
711,54	1425,39
711,73	1370,09
711,93	1355,76
712,12	1363,95
712,31	1386,47
712,51	1417,19
712,70	1454,06
712,89	1423,34
713,09	1413,10
713,28	1402,86
713,48	1486,83
713,67	1482,73
713,86	1419,24
714,06	1378,28
714,25	1368,04
714,44	1476,59
714,64	1472,49
714,83	1341,42
715,02	1388,52
715,22	1439,72
715,41	1409,00
715,60	1325,04
715,79	1388,52
715,99	1464,30
716,18	1368,04
716,37	1415,15
716,57	1390,57
716,76	1460,20
716,95	1421,29
717,15	1398,76
717,34	1427,43
717,53	1372,14
717,73	1378,28
717,92	1464,30
718,11	1441,77
718,31	1398,76
718,50	1495,02
718,69	1374,19
718,88	1548,26
719,08	1392,62
719,27	1443,82
719,46	1427,43
719,66	1396,71
719,85	1439,72
720,04	1341,42
720,23	1439,72
720,43	1427,43
720,62	1351,66
720,81	1372,14
721,01	1476,59
721,20	1466,35
721,39	1421,29
721,58	1349,61
721,78	1415,15
721,97	1382,38
722,16	1423,34
722,35	1501,16
722,55	1394,67
722,74	1447,91
722,93	1495,02
723,13	1329,13
723,32	1445,87
723,51	1394,67
723,70	1419,24
723,90	1361,90
724,09	1433,58
724,28	1437,67
724,47	1431,53
724,67	1486,83
724,86	1363,95
725,05	1437,67
725,24	1431,53
725,44	1415,15
725,63	1468,39
725,82	1349,61
726,01	1404,91
726,21	1417,19
726,40	1370,09
726,59	1484,78
726,78	1368,04
726,97	1402,86
727,17	1472,49
727,36	1486,83
727,55	1384,43
727,74	1404,91
727,94	1374,19
728,13	1406,95
728,32	1347,56
728,51	1392,62
728,70	1368,04
728,90	1431,53
729,09	1390,57
729,28	1370,09
729,47	1409,00
729,66	1404,91
729,86	1419,24
730,05	1372,14
730,24	1452,01
730,43	1466,35
730,63	1427,43
730,82	1447,91
731,01	1441,77
731,20	1396,71
731,39	1462,25
731,58	1394,67
731,78	1458,15
731,97	1404,91
732,16	1380,33
732,35	1447,91
732,54	1370,09
732,74	1495,02
732,93	1376,24
733,12	1398,76
733,31	1433,58
733,50	1353,71
733,69	1417,19
733,89	1470,44
734,08	1474,54
734,27	1341,42
734,46	1437,67
734,65	1396,71
734,84	1386,47
735,04	1386,47
735,23	1472,49
735,42	1492,97
735,61	1382,38
735,80	1490,92
735,99	1333,23
736,19	1396,71
736,38	1372,14
736,57	1458,15
736,76	1423,34
736,95	1464,30
737,14	1296,36
737,33	1390,57
737,53	1519,59
737,72	1380,33
737,91	1425,39
738,10	1413,10
738,29	1425,39
738,48	1505,26
738,67	1462,25
738,87	1439,72
739,06	1470,44
739,25	1413,10
739,44	1316,84
739,63	1431,53
739,82	1417,19
740,01	1345,52
740,20	1435,63
740,40	1425,39
740,59	1400,81
740,78	1535,98
740,97	1384,43
741,16	1357,80
741,35	1509,35
741,54	1542,12
741,73	1445,87
741,92	1382,38
742,12	1398,76
742,31	1421,29
742,50	1521,64
742,69	1443,82
742,88	1366,00
743,07	1353,71
743,26	1370,09
743,45	1474,54
743,64	1458,15
743,83	1398,76
744,02	1409,00
744,22	1478,63
744,41	1476,59
744,60	1421,29
744,79	1488,87
744,98	1505,26
745,17	1351,66
745,36	1423,34
745,55	1466,35
745,74	1394,67
745,93	1443,82
746,12	1398,76
746,31	1431,53
746,50	1406,95
746,70	1392,62
746,89	1486,83
747,08	1425,39
747,27	1460,20
747,46	1431,53
747,65	1374,19
747,84	1476,59
748,03	1427,43
748,22	1464,30
748,41	1452,01
748,60	1447,91
748,79	1402,86
748,98	1423,34
749,17	1460,20
749,36	1488,87
749,55	1415,15
749,74	1382,38
749,93	1492,97
750,12	1441,77
750,31	1464,30
750,50	1452,01
750,70	1544,17
750,89	1578,98
751,08	1542,12
751,27	1464,30
751,46	1419,24
751,65	1449,96
751,84	1548,26
752,03	1355,76
752,22	1501,16
752,41	1439,72
752,60	1386,47
752,79	1535,98
752,98	1472,49
753,17	1425,39
753,36	1449,96
753,55	1519,59
753,74	1398,76
753,93	1499,11
754,12	1445,87
754,31	1482,73
754,50	1505,26
754,69	1443,82
754,88	1478,63
755,07	1517,54
755,26	1415,15
755,45	1376,24
755,64	1443,82
755,83	1505,26
756,02	1527,78
756,21	1433,58
756,40	1535,98
756,59	1439,72
756,78	1468,39
756,97	1529,83
757,16	1478,63
757,35	1497,07
757,54	1425,39
757,72	1464,30
757,91	1415,15
758,10	1490,92
758,29	1308,65
758,48	1568,74
758,67	1435,63
758,86	1437,67
759,05	1495,02
759,24	1501,16
759,43	1484,78
759,62	1413,10
759,81	1454,06
760,00	1466,35
760,19	1429,48
760,38	1449,96
760,57	1443,82
760,76	1454,06
760,95	1523,69
761,14	1431,53
761,33	1441,77
761,52	1492,97
761,70	1458,15
761,89	1454,06
762,08	1531,88
762,27	1574,89
762,46	1417,19
762,65	1546,22
762,84	1492,97
763,03	1509,35
763,22	1462,25
763,41	1499,11
763,60	1429,48
763,79	1484,78
763,98	1478,63
764,16	1488,87
764,35	1544,17
764,54	1499,11
764,73	1507,30
764,92	1470,44
765,11	1634,28
765,30	1529,83
765,49	1447,91
765,68	1587,18
765,87	1570,79
766,06	1464,30
766,24	1558,50
766,43	1519,59
766,62	1538,02
766,81	1476,59
767,00	1552,36
767,19	1456,11
767,38	1589,22
767,57	1406,95
767,76	1515,50
767,94	1495,02
768,13	1503,21
768,32	1542,12
768,51	1433,58
768,70	1566,70
768,89	1550,31
769,08	1511,40
769,27	1445,87
769,45	1439,72
769,64	1609,70
769,83	1505,26
770,02	1484,78
770,21	1542,12
770,40	1548,26
770,59	1423,34
770,77	1449,96
770,96	1597,42
771,15	1531,88
771,34	1535,98
771,53	1585,13
771,72	1615,85
771,91	1462,25
772,09	1490,92
772,28	1482,73
772,47	1544,17
772,66	1626,09
772,85	1488,87
773,04	1546,22
773,22	1509,35
773,41	1492,97
773,60	1486,83
773,79	1482,73
773,98	1495,02
774,17	1572,84
774,35	1542,12
774,54	1509,35
774,73	1525,74
774,92	1529,83
775,11	1480,68
775,30	1564,65
775,48	1556,46
775,67	1583,08
775,86	1478,63
776,05	1593,32
776,24	1615,85
776,42	1515,50
776,61	1572,84
776,80	1507,30
776,99	1578,98
777,18	1521,64
777,36	1566,70
777,55	1435,63
777,74	1523,69
777,93	1505,26
778,12	1525,74
778,30	1566,70
778,49	1523,69
778,68	1574,89
778,87	1435,63
779,06	1552,36
779,24	1576,94
779,43	1540,07
779,62	1533,93
779,81	1517,54
779,99	1505,26
780,18	1380,33
780,37	1564,65
780,56	1578,98
780,75	1511,40
780,93	1583,08
781,12	1499,11
781,31	1501,16
781,50	1517,54
781,68	1542,12
781,87	1533,93
782,06	1531,88
782,25	1492,97
782,43	1529,83
782,62	1521,64
782,81	1542,12
783,00	1443,82
783,18	1542,12
783,37	1505,26
783,56	1505,26
783,75	1601,51
783,93	1576,94
784,12	1556,46
784,31	1546,22
784,50	1484,78
784,68	1564,65
784,87	1546,22
785,06	1599,46
785,24	1513,45
785,43	1587,18
785,62	1521,64
785,81	1560,55
785,99	1615,85
786,18	1499,11
786,37	1482,73
786,56	1409,00
786,74	1517,54
786,93	1468,39
787,12	1538,02
787,30	1535,98
787,49	1548,26
787,68	1554,41
787,87	1497,07
788,05	1484,78
788,24	1452,01
788,43	1449,96
788,61	1525,74
788,80	1480,68
788,99	1505,26
789,17	1546,22
789,36	1474,54
789,55	1505,26
789,73	1456,11
789,92	1472,49
790,11	1390,57
790,30	1423,34
790,48	1439,72
790,67	1449,96
790,86	1445,87
791,04	1519,59
791,23	1404,91
791,42	1540,07
791,60	1468,39
791,79	1443,82
791,98	1435,63
792,16	1437,67
792,35	1486,83
792,54	1433,58
792,72	1456,11
792,91	1501,16
793,10	1441,77
793,28	1437,67
793,47	1513,45
793,66	1419,24
793,84	1449,96
794,03	1384,43
794,22	1447,91
794,40	1472,49
794,59	1490,92
794,77	1488,87
794,96	1431,53
795,15	1505,26
795,33	1415,15
795,52	1542,12
795,71	1452,01
795,89	1380,33
796,08	1486,83
796,27	1429,48
796,45	1390,57
796,64	1380,33
796,82	1376,24
797,01	1468,39
797,20	1429,48
797,38	1437,67
797,57	1380,33
797,76	1447,91
797,94	1478,63
798,13	1394,67
798,31	1370,09
798,50	1400,81
798,69	1435,63
798,87	1343,47
799,06	1415,15
799,24	1384,43
799,43	1484,78
799,62	1320,94
799,80	1427,43
799,99	1591,27
800,17	1511,40
800,36	1472,49
800,55	1458,15
800,73	1445,87
800,92	1456,11
801,10	1419,24
801,29	1423,34
801,48	1423,34
801,66	1417,19
801,85	1384,43
802,03	1433,58
802,22	1449,96
802,40	1406,95
802,59	1314,80
802,78	1443,82
802,96	1519,59
803,15	1529,83
803,33	1409,00
803,52	1435,63
803,70	1398,76
803,89	1349,61
804,08	1361,90
804,26	1392,62
804,45	1495,02
804,63	1458,15
804,82	1472,49
805,00	1417,19
805,19	1437,67
805,37	1398,76
805,56	1499,11
805,74	1392,62
805,93	1396,71
806,12	1433,58
806,30	1445,87
806,49	1519,59
806,67	1392,62
806,86	1431,53
807,04	1458,15
807,23	1378,28
807,41	1421,29
807,60	1359,85
807,78	1341,42
807,97	1736,68
808,15	1433,58
808,34	1460,20
808,52	1456,11
808,71	1425,39
808,89	1462,25
809,08	1472,49
809,27	1409,00
809,45	1366,00
809,64	1462,25
809,82	1462,25
810,01	1456,11
810,19	1447,91
810,38	1384,43
810,56	1441,77
810,75	1492,97
810,93	1404,91
811,12	1378,28
811,30	1441,77
811,49	1396,71
811,67	1484,78
811,85	1447,91
812,04	1429,48
812,22	1439,72
812,41	1419,24
812,59	1406,95
812,78	1325,04
812,96	1466,35
813,15	1445,87
813,33	1425,39
813,52	1413,10
813,70	1437,67
813,89	1435,63
814,07	1519,59
814,26	1454,06
814,44	1400,81
814,63	1538,02
814,81	1386,47
815,00	1398,76
815,18	1427,43
815,36	1425,39
815,55	1456,11
815,73	1449,96
815,92	1460,20
816,10	1460,20
816,29	1503,21
816,47	1396,71
816,66	1466,35
816,84	1480,68
817,02	1435,63
817,21	1476,59
817,39	1472,49
817,58	1421,29
817,76	1409,00
817,95	1513,45
818,13	1402,86
818,32	1449,96
818,50	1441,77
818,68	1484,78
818,87	1423,34
819,05	1431,53
819,24	1419,24
819,42	1460,20
819,60	1445,87
819,79	1460,20
819,97	1443,82
820,16	1390,57
820,34	1480,68
820,53	1456,11
820,71	1505,26
820,89	1452,01
821,08	1347,56
821,26	1421,29
821,45	1437,67
821,63	1423,34
821,81	1478,63
822,00	1441,77
822,18	1443,82
822,37	1464,30
822,55	1558,50
822,73	1462,25
822,92	1492,97
823,10	1437,67
823,28	1488,87
823,47	1488,87
823,65	1476,59
823,84	1507,30
824,02	1474,54
824,20	1458,15
824,39	1441,77
824,57	1495,02
824,75	1552,36
824,94	1497,07
825,12	1597,42
825,31	1470,44
825,49	1499,11
825,67	1447,91
825,86	1466,35
826,04	1515,50
826,22	1568,74
826,41	1533,93
826,59	1474,54
826,77	1511,40
826,96	1583,08
827,14	1458,15
827,32	1464,30
827,51	1423,34
827,69	1550,31
827,87	1519,59
828,06	1552,36
828,24	1433,58
828,42	1460,20
828,61	1570,79
828,79	1466,35
828,97	1501,16
829,16	1591,27
829,34	1400,81
829,52	1478,63
829,71	1544,17
829,89	1505,26
830,07	1484,78
830,26	1507,30
830,44	1583,08
830,62	1605,61
830,81	1482,73
830,99	1490,92
831,17	1452,01
831,36	1472,49
831,54	1583,08
831,72	1515,50
831,91	1482,73
832,09	1488,87
832,27	1456,11
832,45	1556,46
832,64	1478,63
832,82	1525,74
833,00	1501,16
833,19	1490,92
833,37	1509,35
833,55	1501,16
833,73	1540,07
833,92	1497,07
834,10	1556,46
834,28	1521,64
834,47	1556,46
834,65	1556,46
834,83	1566,70
835,01	1552,36
835,20	1472,49
835,38	1578,98
835,56	1482,73
835,74	1566,70
835,93	1548,26
836,11	1521,64
836,29	1535,98
836,47	1556,46
836,66	1441,77
836,84	1585,13
837,02	1570,79
837,21	1552,36
837,39	1499,11
837,57	1509,35
837,75	1472,49
837,94	1558,50
838,12	1552,36
838,30	1570,79
838,48	1513,45
838,66	1574,89
838,85	1607,66
839,03	1560,55
839,21	1464,30
839,39	1400,81
839,58	1617,90
839,76	1572,84
839,94	1585,13
840,12	1544,17
840,31	1560,55
840,49	1546,22
840,67	1535,98
840,85	1497,07
841,03	1548,26
841,22	1533,93
841,40	1581,03
841,58	1542,12
841,76	1531,88
841,94	1607,66
842,13	1617,90
842,31	1634,28
842,49	1542,12
842,67	1544,17
842,85	1548,26
843,04	1585,13
843,22	1476,59
843,40	1576,94
843,58	1619,94
843,76	1544,17
843,95	1583,08
844,13	1533,93
844,31	1480,68
844,49	1474,54
844,67	1523,69
844,86	1529,83
845,04	1531,88
845,22	1542,12
845,40	1621,99
845,58	1509,35
845,76	1544,17
845,95	1527,78
846,13	1542,12
846,31	1521,64
846,49	1527,78
846,67	1529,83
846,85	1546,22
847,04	1570,79
847,22	1488,87
847,40	1529,83
847,58	1437,67
847,76	1517,54
847,94	1546,22
848,12	1562,60
848,31	1576,94
848,49	1515,50
848,67	1585,13
848,85	1679,33
849,03	1585,13
849,21	1603,56
849,39	1587,18
849,58	1574,89
849,76	1660,90
849,94	1562,60
850,12	1628,14
850,30	1589,22
850,48	1517,54
850,66	1687,53
850,84	1597,42
851,03	1634,28
851,21	1527,78
851,39	1525,74
851,57	1593,32
851,75	1546,22
851,93	1540,07
852,11	1605,61
852,29	1499,11
852,47	1667,05
852,66	1607,66
852,84	1599,46
853,02	1607,66
853,20	1650,66
853,38	1597,42
853,56	1669,09
853,74	1679,33
853,92	1646,57
854,10	1632,23
854,28	1585,13
854,46	1509,35
854,65	1587,18
854,83	1503,21
855,01	1642,47
855,19	1585,13
855,37	1662,95
855,55	1552,36
855,73	1654,76
855,91	1695,72
856,09	1640,42
856,27	1613,80
856,45	1585,13
856,63	1640,42
856,81	1617,90
857,00	1556,46
857,18	1589,22
857,36	1533,93
857,54	1673,19
857,72	1556,46
857,90	1640,42
858,08	1626,09
858,26	1679,33
858,44	1603,56
858,62	1615,85
858,80	1630,18
858,98	1685,48
859,16	1570,79
859,34	1552,36
859,52	1626,09
859,70	1683,43
859,88	1607,66
860,06	1591,27
860,24	1546,22
860,42	1529,83
860,60	1576,94
860,78	1611,75
860,96	1585,13
861,14	1589,22
861,32	1662,95
861,50	1476,59
861,69	1589,22
861,87	1589,22
862,05	1619,94
862,23	1472,49
862,41	1605,61
862,59	1679,33
862,77	1546,22
862,95	1513,45
863,13	1595,37
863,31	1556,46
863,49	1474,54
863,67	1576,94
863,85	1546,22
864,03	1599,46
864,21	1599,46
864,39	1642,47
864,57	1673,19
864,75	1601,51
864,92	1642,47
865,10	1621,99
865,28	1640,42
865,46	1634,28
865,64	1617,90
865,82	1603,56
866,00	1531,88
866,18	1585,13
866,36	1607,66
866,54	1640,42
866,72	1652,71
866,90	1636,33
867,08	1578,98
867,26	1591,27
867,44	1570,79
867,62	1617,90
867,80	1650,66
867,98	1605,61
868,16	1679,33
868,34	1660,90
868,52	1538,02
868,70	1578,98
868,88	1574,89
869,06	1646,57
869,24	1642,47
869,42	1562,60
869,59	1593,32
869,77	1611,75
869,95	1613,80
870,13	1523,69
870,31	1513,45
870,49	1619,94
870,67	1495,02
870,85	1601,51
871,03	1624,04
871,21	1619,94
871,39	1683,43
871,57	1533,93
871,75	1517,54
871,92	1566,70
872,10	1613,80
872,28	1607,66
872,46	1624,04
872,64	1597,42
872,82	1572,84
873,00	1636,33
873,18	1552,36
873,36	1566,70
873,54	1583,08
873,72	1603,56
873,89	1503,21
874,07	1515,50
874,25	1621,99
874,43	1636,33
874,61	1578,98
874,79	1554,41
874,97	1566,70
875,15	1566,70
875,33	1515,50
875,50	1634,28
875,68	1546,22
875,86	1617,90
876,04	1554,41
876,22	1511,40
876,40	1601,51
876,58	1529,83
876,76	1581,03
876,93	1591,27
877,11	1472,49
877,29	1583,08
877,47	1568,74
877,65	1515,50
877,83	1607,66
878,01	1503,21
878,18	1523,69
878,36	1585,13
878,54	1589,22
878,72	1578,98
878,90	1585,13
879,08	1681,38
879,25	1648,61
879,43	1529,83
879,61	1552,36
879,79	1566,70
879,97	1544,17
880,15	1570,79
880,32	1589,22
880,50	1681,38
880,68	1578,98
880,86	1599,46
881,04	1574,89
881,22	1669,09
881,39	1701,86
881,57	1642,47
881,75	1652,71
881,93	1578,98
882,11	1568,74
882,28	1548,26
882,46	1525,74
882,64	1552,36
882,82	1535,98
883,00	1566,70
883,18	1578,98
883,35	1548,26
883,53	1607,66
883,71	1585,13
883,89	1566,70
884,07	1550,31
884,24	1554,41
884,42	1499,11
884,60	1587,18
884,78	1626,09
884,95	1558,50
885,13	1554,41
885,31	1552,36
885,49	1517,54
885,67	1578,98
885,84	1607,66
886,02	1566,70
886,20	1597,42
886,38	1572,84
886,55	1576,94
886,73	1497,07
886,91	1599,46
887,09	1544,17
887,26	1611,75
887,44	1533,93
887,62	1609,70
887,80	1540,07
887,98	1503,21
888,15	1568,74
888,33	1529,83
888,51	1562,60
888,69	1595,37
888,86	1640,42
889,04	1595,37
889,22	1509,35
889,39	1603,56
889,57	1609,70
889,75	1517,54
889,93	1509,35
890,10	1615,85
890,28	1556,46
890,46	1617,90
890,64	1601,51
890,81	1589,22
890,99	1511,40
891,17	1505,26
891,34	1591,27
891,52	1468,39
891,70	1447,91
891,88	1507,30
892,05	1562,60
892,23	1515,50
892,41	1583,08
892,58	1464,30
892,76	1644,52
892,94	1499,11
893,12	1572,84
893,29	1521,64
893,47	1527,78
893,65	1474,54
893,82	1568,74
894,00	1566,70
894,18	1511,40
894,35	1511,40
894,53	1640,42
894,71	1578,98
894,89	1472,49
895,06	1533,93
895,24	1460,20
895,42	1456,11
895,59	1468,39
895,77	1413,10
895,95	1556,46
896,12	1540,07
896,30	1583,08
896,48	1472,49
896,65	1538,02
896,83	1449,96
897,01	1474,54
897,18	1511,40
897,36	1601,51
897,54	1519,59
897,71	1556,46
897,89	1464,30
898,07	1400,81
898,24	1521,64
898,42	1478,63
898,59	1560,55
898,77	1527,78
898,95	1525,74
899,12	1443,82
899,30	1482,73
899,48	1531,88
899,65	1595,37
899,83	1507,30
900,01	1429,48
900,18	1472,49
900,36	1472,49
900,53	1572,84
900,71	1531,88
900,89	1558,50
901,06	1513,45
901,24	1564,65
901,42	1564,65
901,59	1521,64
901,77	1535,98
901,94	1464,30
902,12	1462,25
902,30	1497,07
902,47	1517,54
902,65	1394,67
902,82	1548,26
903,00	1513,45
903,18	1624,04
903,35	1439,72
903,53	1398,76
903,70	1552,36
903,88	1503,21
904,06	1507,30
904,23	1538,02
904,41	1421,29
904,58	1458,15
904,76	1497,07
904,93	1523,69
905,11	1486,83
905,29	1583,08
905,46	1529,83
905,64	1607,66
905,81	1484,78
905,99	1556,46
906,16	1554,41
906,34	1515,50
906,52	1492,97
906,69	1570,79
906,87	1517,54
907,04	1505,26
907,22	1507,30
907,39	1554,41
907,57	1503,21
907,75	1527,78
907,92	1449,96
908,10	1642,47
908,27	1505,26
908,45	1519,59
908,62	1517,54
908,80	1548,26
908,97	1482,73
909,15	1560,55
909,32	1484,78
909,50	1570,79
909,67	1519,59
909,85	1521,64
910,03	1521,64
910,20	1503,21
910,38	1501,16
910,55	1566,70
910,73	1513,45
910,90	1476,59
911,08	1679,33
911,25	1503,21
911,43	1601,51
911,60	1488,87
911,78	1515,50
911,95	1501,16
912,13	1484,78
912,30	1560,55
912,48	1509,35
912,65	1538,02
912,83	1488,87
913,00	1507,30
913,18	1609,70
913,35	1454,06
913,53	1466,35
913,70	1509,35
913,88	1521,64
914,05	1538,02
914,23	1531,88
914,40	1630,18
914,58	1488,87
914,75	1538,02
914,93	1501,16
915,10	1587,18
915,27	1542,12
915,45	1492,97
915,62	1531,88
915,80	1548,26
915,97	1527,78
916,15	1595,37
916,32	1609,70
916,50	1523,69
916,67	1554,41
916,85	1509,35
917,02	1568,74
917,20	1550,31
917,37	1513,45
917,54	1587,18
917,72	1617,90
917,89	1613,80
918,07	1476,59
918,24	1583,08
918,42	1611,75
918,59	1497,07
918,77	1535,98
918,94	1499,11
919,11	1550,31
919,29	1505,26
919,46	1597,42
919,64	1439,72
919,81	1482,73
919,99	1546,22
920,16	1599,46
920,33	1601,51
920,51	1564,65
920,68	1525,74
920,86	1605,61
921,03	1546,22
921,20	1513,45
921,38	1585,13
921,55	1601,51
921,73	1550,31
921,90	1511,40
922,07	1591,27
922,25	1603,56
922,42	1572,84
922,60	1578,98
922,77	1595,37
922,94	1638,38
923,12	1570,79
923,29	1660,90
923,47	1521,64
923,64	1558,50
923,81	1576,94
923,99	1535,98
924,16	1554,41
924,34	1503,21
924,51	1599,46
924,68	1638,38
924,86	1548,26
925,03	1617,90
925,20	1517,54
925,38	1644,52
925,55	1533,93
925,72	1581,03
925,90	1560,55
926,07	1619,94
926,25	1542,12
926,42	1529,83
926,59	1568,74
926,77	1619,94
926,94	1617,90
927,11	1525,74
927,29	1589,22
927,46	1564,65
927,63	1644,52
927,81	1562,60
927,98	1601,51
928,15	1585,13
928,33	1658,85
928,50	1583,08
928,67	1574,89
928,85	1607,66
929,02	1542,12
929,19	1613,80
929,37	1615,85
929,54	1576,94
929,71	1734,63
929,89	1523,69
930,06	1617,90
930,23	1560,55
930,41	1550,31
930,58	1589,22
930,75	1632,23
930,92	1626,09
931,10	1576,94
931,27	1624,04
931,44	1691,62
931,62	1480,68
931,79	1632,23
931,96	1583,08
932,14	1574,89
932,31	1667,05
932,48	1634,28
932,65	1578,98
932,83	1587,18
933,00	1566,70
933,17	1583,08
933,35	1642,47
933,52	1583,08
933,69	1570,79
933,86	1601,51
934,04	1695,72
934,21	1533,93
934,38	1644,52
934,55	1570,79
934,73	1566,70
934,90	1681,38
935,07	1593,32
935,25	1699,81
935,42	1552,36
935,59	1634,28
935,76	1548,26
935,94	1562,60
936,11	1574,89
936,28	1675,24
936,45	1609,70
936,63	1587,18
936,80	1615,85
936,97	1542,12
937,14	1621,99
937,31	1699,81
937,49	1632,23
937,66	1675,24
937,83	1646,57
938,00	1654,76
938,18	1632,23
938,35	1589,22
938,52	1585,13
938,69	1636,33
938,87	1538,02
939,04	1621,99
939,21	1578,98
939,38	1656,81
939,55	1599,46
939,73	1673,19
939,90	1611,75
940,07	1591,27
940,24	1535,98
940,41	1681,38
940,59	1544,17
940,76	1611,75
940,93	1607,66
941,10	1619,94
941,27	1566,70
941,45	1634,28
941,62	1628,14
941,79	1595,37
941,96	1675,24
942,13	1640,42
942,31	1593,32
942,48	1654,76
942,65	1681,38
942,82	1501,16
942,99	1667,05
943,16	1630,18
943,34	1669,09
943,51	1624,04
943,68	1603,56
943,85	1621,99
944,02	1626,09
944,19	1607,66
944,37	1589,22
944,54	1640,42
944,71	1519,59
944,88	1568,74
945,05	1632,23
945,22	1617,90
945,40	1652,71
945,57	1562,60
945,74	1560,55
945,91	1562,60
946,08	1654,76
946,25	1544,17
946,42	1640,42
946,60	1617,90
946,77	1791,97
946,94	1624,04
947,11	1630,18
947,28	1601,51
947,45	1613,80
947,62	1640,42
947,79	1665,00
947,97	1687,53
948,14	1748,97
948,31	1554,41
948,48	1609,70
948,65	1554,41
948,82	1486,83
948,99	1642,47
949,16	1611,75
949,33	1544,17
949,51	1613,80
949,68	1527,78
949,85	1626,09
950,02	1546,22
950,19	1484,78
950,36	1660,90
950,53	1576,94
950,70	1652,71
950,87	1597,42
951,04	1587,18
951,22	1595,37
951,39	1550,31
951,56	1646,57
951,73	1505,26
951,90	1621,99
952,07	1617,90
952,24	1601,51
952,41	1673,19
952,58	1523,69
952,75	1638,38
952,92	1601,51
953,09	1529,83
953,26	1554,41
953,43	1511,40
953,61	1648,61
953,78	1609,70
953,95	1656,81
954,12	1566,70
954,29	1517,54
954,46	1568,74
954,63	1587,18
954,80	1601,51
954,97	1564,65
955,14	1646,57
955,31	1566,70
955,48	1515,50
955,65	1556,46
955,82	1437,67
955,99	1673,19
956,16	1511,40
956,33	1646,57
956,50	1519,59
956,67	1546,22
956,84	1511,40
957,01	1540,07
957,18	1548,26
957,35	1515,50
957,52	1560,55
957,69	1525,74
957,86	1609,70
958,03	1546,22
958,20	1468,39
958,37	1542,12
958,54	1566,70
958,71	1486,83
958,88	1607,66
959,05	1550,31
959,22	1599,46
959,39	1593,32
959,56	1587,18
959,73	1542,12
959,90	1581,03
960,07	1548,26
960,24	1599,46
960,41	1591,27
960,58	1566,70
960,75	1566,70
960,92	1615,85
961,09	1501,16
961,26	1621,99
961,43	1533,93
961,60	1538,02
961,77	1583,08
961,94	1570,79
962,11	1548,26
962,28	1583,08
962,45	1484,78
962,62	1505,26
962,79	1538,02
962,96	1546,22
963,13	1607,66
963,30	1480,68
963,47	1513,45
963,64	1535,98
963,81	1562,60
963,98	1452,01
964,14	1538,02
964,31	1576,94
964,48	1568,74
964,65	1476,59
964,82	1474,54
964,99	1578,98
965,16	1523,69
965,33	1509,35
965,50	1482,73
965,67	1562,60
965,84	1521,64
966,01	1492,97
966,18	1411,05
966,35	1517,54
966,51	1513,45
966,68	1621,99
966,85	1531,88
967,02	1570,79
967,19	1460,20
967,36	1497,07
967,53	1439,72
967,70	1513,45
967,87	1499,11
968,04	1550,31
968,21	1486,83
968,37	1527,78
968,54	1472,49
968,71	1404,91
968,88	1419,24
969,05	1486,83
969,22	1509,35
969,39	1433,58
969,56	1499,11
969,72	1464,30
969,89	1427,43
970,06	1495,02
970,23	1513,45
970,40	1525,74
970,57	1468,39
970,74	1513,45
970,91	1452,01
971,07	1525,74
971,24	1546,22
971,41	1488,87
971,58	1439,72
971,75	1470,44
971,92	1435,63
972,09	1378,28
972,25	1378,28
972,42	1456,11
972,59	1486,83
972,76	1435,63
972,93	1462,25
973,10	1447,91
973,27	1538,02
973,43	1456,11
973,60	1478,63
973,77	1490,92
973,94	1343,47
974,11	1456,11
974,28	1462,25
974,44	1366,00
974,61	1572,84
974,78	1437,67
974,95	1392,62
975,12	1503,21
975,28	1511,40
975,45	1462,25
975,62	1460,20
975,79	1497,07
975,96	1411,05
976,12	1472,49
976,29	1525,74
976,46	1445,87
976,63	1458,15
976,80	1411,05
976,96	1452,01
977,13	1421,29
977,30	1443,82
977,47	1398,76
977,64	1558,50
977,80	1452,01
977,97	1476,59
978,14	1566,70
978,31	1468,39
978,48	1478,63
978,64	1406,95
978,81	1382,38
978,98	1341,42
979,15	1400,81
979,31	1406,95
979,48	1525,74
979,65	1490,92
979,82	1482,73
979,98	1376,24
980,15	1509,35
980,32	1560,55
980,49	1419,24
980,66	1316,84
980,82	1452,01
980,99	1499,11
981,16	1447,91
981,33	1499,11
981,49	1447,91
981,66	1517,54
981,83	1404,91
981,99	1429,48
982,16	1480,68
982,33	1419,24
982,50	1413,10
982,66	1452,01
982,83	1427,43
983,00	1468,39
983,17	1318,89
983,33	1345,52
983,50	1447,91
983,67	1529,83
983,83	1378,28
984,00	1363,95
984,17	1523,69
984,34	1447,91
984,50	1423,34
984,67	1382,38
984,84	1439,72
985,00	1421,29
985,17	1458,15
985,34	1419,24
985,51	1406,95
985,67	1443,82
985,84	1423,34
986,01	1425,39
986,17	1433,58
986,34	1433,58
986,51	1413,10
986,67	1404,91
986,84	1415,15
987,01	1427,43
987,17	1466,35
987,34	1376,24
987,51	1384,43
987,67	1398,76
987,84	1454,06
988,01	1460,20
988,17	1355,76
988,34	1449,96
988,51	1505,26
988,67	1443,82
988,84	1380,33
989,01	1372,14
989,17	1273,84
989,34	1376,24
989,51	1370,09
989,67	1390,57
989,84	1462,25
990,01	1402,86
990,17	1480,68
990,34	1378,28
990,51	1445,87
990,67	1419,24
990,84	1333,23
991,01	1351,66
991,17	1415,15
991,34	1419,24
991,50	1308,65
991,67	1470,44
991,84	1406,95
992,00	1374,19
992,17	1402,86
992,34	1472,49
992,50	1464,30
992,67	1443,82
992,83	1402,86
993,00	1435,63
993,17	1413,10
993,33	1378,28
993,50	1415,15
993,66	1433,58
993,83	1456,11
994,00	1402,86
994,16	1452,01
994,33	1394,67
994,49	1409,00
994,66	1431,53
994,83	1433,58
994,99	1456,11
995,16	1409,00
995,32	1447,91
995,49	1423,34
995,66	1402,86
995,82	1452,01
995,99	1392,62
996,15	1462,25
996,32	1431,53
996,48	1351,66
996,65	1380,33
996,82	1445,87
996,98	1417,19
997,15	1447,91
997,31	1507,30
997,48	1456,11
997,64	1327,08
997,81	1417,19
997,97	1452,01
998,14	1312,75
998,31	1415,15
998,47	1396,71
998,64	1468,39
998,80	1417,19
998,97	1396,71
999,13	1492,97
999,30	1378,28
999,46	1425,39
999,63	1374,19
999,79	1464,30
999,96	1499,11
1000,12	1327,08
1000,29	1441,77
1000,45	1462,25
1000,62	1312,75
1000,79	1441,77
1000,95	1460,20
1001,12	1460,20
1001,28	1341,42
1001,45	1388,52
1001,61	1484,78
1001,78	1409,00
1001,94	1435,63
1002,11	1511,40
1002,27	1413,10
1002,44	1392,62
1002,60	1349,61
1002,77	1499,11
1002,93	1484,78
1003,10	1374,19
1003,26	1406,95
1003,43	1501,16
1003,59	1458,15
1003,76	1402,86
1003,92	1400,81
1004,09	1390,57
1004,25	1392,62
1004,41	1449,96
1004,58	1398,76
1004,74	1341,42
1004,91	1480,68
1005,07	1386,47
1005,24	1392,62
1005,40	1435,63
1005,57	1357,80
1005,73	1435,63
1005,90	1452,01
1006,06	1419,24
1006,23	1439,72
1006,39	1380,33
1006,55	1349,61
1006,72	1445,87
1006,88	1396,71
1007,05	1366,00
1007,21	1355,76
1007,38	1384,43
1007,54	1366,00
1007,71	1452,01
1007,87	1437,67
1008,03	1484,78
1008,20	1439,72
1008,36	1427,43
1008,53	1409,00
1008,69	1423,34
1008,86	1427,43
1009,02	1320,94
1009,18	1476,59
1009,35	1423,34
1009,51	1380,33
1009,68	1472,49
1009,84	1429,48
1010,01	1384,43
1010,17	1406,95
1010,33	1472,49
1010,50	1441,77
1010,66	1478,63
1010,83	1394,67
1010,99	1476,59
1011,15	1314,80
1011,32	1390,57
1011,48	1419,24
1011,65	1368,04
1011,81	1376,24
1011,97	1439,72
1012,14	1529,83
1012,30	1417,19
1012,46	1351,66
1012,63	1388,52
1012,79	1454,06
1012,96	1406,95
1013,12	1478,63
1013,28	1398,76
1013,45	1433,58
1013,61	1378,28
1013,77	1472,49
1013,94	1298,41
1014,10	1384,43
1014,26	1366,00
1014,43	1511,40
1014,59	1417,19
1014,76	1488,87
1014,92	1427,43
1015,08	1322,99
1015,25	1411,05
1015,41	1333,23
1015,57	1447,91
1015,74	1376,24
1015,90	1339,37
1016,06	1398,76
1016,23	1427,43
1016,39	1452,01
1016,55	1499,11
1016,72	1439,72
1016,88	1366,00
1017,04	1357,80
1017,21	1398,76
1017,37	1363,95
1017,53	1376,24
1017,70	1378,28
1017,86	1376,24
1018,02	1396,71
1018,19	1478,63
1018,35	1425,39
1018,51	1419,24
1018,67	1337,32
1018,84	1337,32
1019,00	1388,52
1019,16	1456,11
1019,33	1437,67
1019,49	1402,86
1019,65	1400,81
1019,82	1347,56
1019,98	1411,05
1020,14	1351,66
1020,30	1515,50
1020,47	1488,87
1020,63	1445,87
1020,79	1376,24
1020,96	1343,47
1021,12	1402,86
1021,28	1456,11
1021,44	1366,00
1021,61	1517,54
1021,77	1378,28
1021,93	1421,29
1022,09	1359,85
1022,26	1435,63
1022,42	1372,14
1022,58	1456,11
1022,74	1456,11
1022,91	1398,76
1023,07	1404,91
1023,23	1249,26
1023,39	1482,73
1023,56	1398,76
1023,72	1484,78
1023,88	1374,19
1024,04	1380,33
1024,21	1433,58
1024,37	1462,25
1024,53	1480,68
1024,69	1284,08
1024,86	1394,67
1025,02	1413,10
1025,18	1445,87
1025,34	1322,99
1025,50	1443,82
1025,67	1398,76
1025,83	1421,29
1025,99	1460,20
1026,15	1400,81
1026,32	1435,63
1026,48	1411,05
1026,64	1419,24
1026,80	1439,72
1026,96	1550,31
1027,13	1398,76
1027,29	1439,72
1027,45	1400,81
1027,61	1406,95
1027,77	1419,24
1027,94	1433,58
1028,10	1382,38
1028,26	1400,81
1028,42	1421,29
1028,58	1421,29
1028,75	1415,15
1028,91	1415,15
1029,07	1390,57
1029,23	1415,15
1029,39	1382,38
1029,55	1392,62
1029,72	1447,91
1029,88	1523,69
1030,04	1447,91
1030,20	1402,86
1030,36	1298,41
1030,52	1439,72
1030,69	1411,05
1030,85	1445,87
1031,01	1458,15
1031,17	1406,95
1031,33	1378,28
1031,49	1456,11
1031,65	1390,57
1031,82	1363,95
1031,98	1411,05
1032,14	1476,59
1032,30	1552,36
1032,46	1425,39
1032,62	1441,77
1032,78	1425,39
1032,95	1380,33
1033,11	1372,14
1033,27	1382,38
1033,43	1441,77
1033,59	1353,71
1033,75	1431,53
1033,91	1425,39
1034,07	1402,86
1034,24	1400,81
1034,40	1329,13
1034,56	1339,37
1034,72	1460,20
1034,88	1392,62
1035,04	1376,24
1035,20	1394,67
1035,36	1337,32
1035,52	1370,09
1035,68	1423,34
1035,85	1419,24
1036,01	1394,67
1036,17	1540,07
1036,33	1417,19
1036,49	1337,32
1036,65	1273,84
1036,81	1423,34
1036,97	1437,67
1037,13	1411,05
1037,29	1413,10
1037,45	1335,28
1037,61	1476,59
1037,78	1388,52
1037,94	1445,87
1038,10	1372,14
1038,26	1320,94
1038,42	1361,90
1038,58	1406,95
1038,74	1345,52
1038,90	1472,49
1039,06	1357,80
1039,22	1357,80
1039,38	1474,54
1039,54	1359,85
1039,70	1435,63
1039,86	1400,81
1040,02	1370,09
1040,18	1460,20
1040,34	1443,82
1040,50	1435,63
1040,66	1429,48
1040,83	1431,53
1040,99	1452,01
1041,15	1492,97
1041,31	1507,30
1041,47	1415,15
1041,63	1394,67
1041,79	1492,97
1041,95	1447,91
1042,11	1380,33
1042,27	1423,34
1042,43	1454,06
1042,59	1429,48
1042,75	1423,34
1042,91	1370,09
