344,25	1247,21
344,46	1247,21
344,68	1247,21
344,90	1310,70
345,12	1267,69
345,34	1423,34
345,55	1419,24
345,77	1404,91
345,99	1400,81
346,21	1431,53
346,42	1374,19
346,64	1363,95
346,86	1290,22
347,08	1480,68
347,30	1343,47
347,51	1345,52
347,73	1423,34
347,95	1517,54
348,17	1345,52
348,38	1464,30
348,60	1441,77
348,82	1310,70
349,04	1427,43
349,25	1454,06
349,47	1368,04
349,69	1392,62
349,91	1511,40
350,13	1409,00
350,34	1476,59
350,56	1333,23
350,78	1439,72
351,00	1378,28
351,21	1374,19
351,43	1406,95
351,65	1374,19
351,87	1390,57
352,08	1396,71
352,30	1366,00
352,52	1339,37
352,74	1474,54
352,95	1472,49
353,17	1484,78
353,39	1460,20
353,61	1392,62
353,82	1411,05
354,04	1431,53
354,26	1380,33
354,47	1492,97
354,69	1445,87
354,91	1390,57
355,13	1368,04
355,34	1429,48
355,56	1394,67
355,78	1382,38
356,00	1447,91
356,21	1382,38
356,43	1470,44
356,65	1421,29
356,86	1433,58
357,08	1480,68
357,30	1447,91
357,52	1396,71
357,73	1437,67
357,95	1462,25
358,17	1413,10
358,38	1456,11
358,60	1449,96
358,82	1400,81
359,04	1402,86
359,25	1486,83
359,47	1501,16
359,69	1460,20
359,90	1353,71
360,12	1556,46
360,34	1386,47
360,56	1482,73
360,77	1581,03
360,99	1507,30
361,21	1398,76
361,42	1449,96
361,64	1507,30
361,86	1531,88
362,07	1519,59
362,29	1513,45
362,51	1552,36
362,73	1443,82
362,94	1386,47
363,16	1533,93
363,38	1492,97
363,59	1488,87
363,81	1552,36
364,03	1443,82
364,24	1540,07
364,46	1519,59
364,68	1488,87
364,89	1449,96
365,11	1570,79
365,33	1413,10
365,54	1538,02
365,76	1501,16
365,98	1497,07
366,19	1583,08
366,41	1519,59
366,63	1439,72
366,84	1466,35
367,06	1454,06
367,28	1505,26
367,49	1423,34
367,71	1474,54
367,93	1421,29
368,14	1488,87
368,36	1501,16
368,58	1452,01
368,79	1456,11
369,01	1509,35
369,23	1523,69
369,44	1583,08
369,66	1443,82
369,88	1540,07
370,09	1454,06
370,31	1490,92
370,53	1515,50
370,74	1472,49
370,96	1431,53
371,18	1507,30
371,39	1388,52
371,61	1601,51
371,82	1474,54
372,04	1535,98
372,26	1482,73
372,47	1505,26
372,69	1542,12
372,91	1490,92
373,12	1458,15
373,34	1482,73
373,56	1382,38
373,77	1415,15
373,99	1499,11
374,20	1445,87
374,42	1464,30
374,64	1482,73
374,85	1329,13
375,07	1550,31
375,29	1492,97
375,50	1449,96
375,72	1431,53
375,93	1427,43
376,15	1452,01
376,37	1482,73
376,58	1441,77
376,80	1505,26
377,01	1382,38
377,23	1452,01
377,45	1413,10
377,66	1554,41
377,88	1435,63
378,10	1456,11
378,31	1460,20
378,53	1472,49
378,74	1449,96
378,96	1482,73
379,18	1435,63
379,39	1492,97
379,61	1433,58
379,82	1425,39
380,04	1470,44
380,26	1449,96
380,47	1419,24
380,69	1466,35
380,90	1423,34
381,12	1406,95
381,33	1542,12
381,55	1478,63
381,77	1452,01
381,98	1409,00
382,20	1368,04
382,41	1441,77
382,63	1517,54
382,85	1447,91
383,06	1415,15
383,28	1529,83
383,49	1390,57
383,71	1425,39
383,92	1413,10
384,14	1423,34
384,36	1441,77
384,57	1505,26
384,79	1404,91
385,00	1497,07
385,22	1443,82
385,43	1421,29
385,65	1468,39
385,87	1509,35
386,08	1378,28
386,30	1431,53
386,51	1370,09
386,73	1374,19
386,94	1476,59
387,16	1411,05
387,37	1480,68
387,59	1523,69
387,81	1386,47
388,02	1515,50
388,24	1411,05
388,45	1423,34
388,67	1325,04
388,88	1531,88
389,10	1474,54
389,31	1507,30
389,53	1413,10
389,75	1464,30
389,96	1503,21
390,18	1480,68
390,39	1443,82
390,61	1505,26
390,82	1400,81
391,04	1431,53
391,25	1439,72
391,47	1433,58
391,68	1429,48
391,90	1439,72
392,11	1419,24
392,33	1394,67
392,54	1531,88
392,76	1492,97
392,97	1443,82
393,19	1486,83
393,41	1507,30
393,62	1423,34
393,84	1456,11
394,05	1564,65
394,27	1529,83
394,48	1464,30
394,70	1519,59
394,91	1374,19
395,13	1482,73
395,34	1452,01
395,56	1445,87
395,77	1466,35
395,99	1394,67
396,20	1497,07
396,42	1462,25
396,63	1409,00
396,85	1495,02
397,06	1470,44
397,28	1429,48
397,49	1425,39
397,71	1470,44
397,92	1492,97
398,14	1378,28
398,35	1570,79
398,57	1531,88
398,78	1445,87
399,00	1488,87
399,21	1501,16
399,43	1417,19
399,64	1449,96
399,86	1406,95
400,07	1462,25
400,29	1521,64
400,50	1535,98
400,72	1511,40
400,93	1398,76
401,14	1474,54
401,36	1437,67
401,57	1415,15
401,79	1546,22
402,00	1439,72
402,22	1488,87
402,43	1431,53
402,65	1468,39
402,86	1406,95
403,08	1478,63
403,29	1466,35
403,51	1503,21
403,72	1468,39
403,94	1413,10
404,15	1484,78
404,36	1384,43
404,58	1724,39
404,79	1519,59
405,01	1554,41
405,22	1472,49
405,44	1368,04
405,65	1423,34
405,87	1431,53
406,08	1499,11
406,30	1495,02
406,51	1445,87
406,72	1652,71
406,94	1490,92
407,15	1521,64
407,37	1460,20
407,58	1468,39
407,80	1464,30
408,01	1488,87
408,23	1488,87
408,44	1386,47
408,65	1390,57
408,87	1521,64
409,08	1482,73
409,30	1472,49
409,51	1443,82
409,73	1402,86
409,94	1472,49
410,15	1570,79
410,37	1474,54
410,58	1521,64
410,80	1466,35
411,01	1423,34
411,23	1548,26
411,44	1435,63
411,65	1570,79
411,87	1505,26
412,08	1456,11
412,30	1540,07
412,51	1419,24
412,72	1515,50
412,94	1552,36
413,15	1423,34
413,37	1607,66
413,58	1415,15
413,79	1437,67
414,01	1437,67
414,22	1441,77
414,44	1402,86
414,65	1501,16
414,86	1447,91
415,08	1447,91
415,29	1431,53
415,51	1445,87
415,72	1415,15
415,93	1417,19
416,15	1435,63
416,36	1503,21
416,58	1507,30
416,79	1507,30
417,00	1492,97
417,22	1507,30
417,43	1488,87
417,65	1427,43
417,86	1433,58
418,07	1535,98
418,29	1529,83
418,50	1449,96
418,71	1460,20
418,93	1394,67
419,14	1372,14
419,36	1488,87
419,57	1509,35
419,78	1460,20
420,00	1404,91
420,21	1554,41
420,42	1486,83
420,64	1462,25
420,85	1409,00
421,06	1538,02
421,28	1568,74
421,49	1425,39
421,71	1531,88
421,92	1413,10
422,13	1492,97
422,35	1599,46
422,56	1540,07
422,77	1445,87
422,99	1482,73
423,20	1415,15
423,41	1396,71
423,63	1515,50
423,84	1478,63
424,05	1611,75
424,27	1452,01
424,48	1525,74
424,69	1509,35
424,91	1736,68
425,12	1435,63
425,33	1431,53
425,55	1425,39
425,76	1421,29
425,97	1468,39
426,19	1540,07
426,40	1490,92
426,61	1570,79
426,83	1521,64
427,04	1527,78
427,25	1458,15
427,47	1552,36
427,68	1507,30
427,89	1449,96
428,11	1497,07
428,32	1468,39
428,53	1472,49
428,75	1417,19
428,96	1538,02
429,17	1413,10
429,39	1411,05
429,60	1548,26
429,81	1499,11
430,03	1454,06
430,24	1376,24
430,45	1486,83
430,67	1478,63
430,88	1466,35
431,09	1474,54
431,30	1431,53
431,52	1517,54
431,73	1480,68
431,94	1390,57
432,16	1554,41
432,37	1439,72
432,58	1476,59
432,80	1443,82
433,01	1570,79
433,22	1435,63
433,43	1529,83
433,65	1505,26
433,86	1464,30
434,07	1435,63
434,29	1503,21
434,50	1427,43
434,71	1550,31
434,92	1501,16
435,14	1460,20
435,35	1421,29
435,56	1470,44
435,77	1482,73
435,99	1466,35
436,20	1501,16
436,41	1419,24
436,63	1433,58
436,84	1552,36
437,05	1402,86
437,26	1517,54
437,48	1570,79
437,69	1468,39
437,90	1480,68
438,11	1509,35
438,33	1431,53
438,54	1462,25
438,75	1417,19
438,96	1482,73
439,18	1505,26
439,39	1505,26
439,60	1445,87
439,82	1529,83
440,03	1464,30
440,24	1527,78
440,45	1439,72
440,67	1474,54
440,88	1478,63
441,09	1517,54
441,30	1486,83
441,51	1456,11
441,73	1402,86
441,94	1400,81
442,15	1550,31
442,36	1435,63
442,58	1431,53
442,79	1415,15
443,00	1452,01
443,21	1384,43
443,43	1482,73
443,64	1544,17
443,85	1470,44
444,06	1503,21
444,28	1562,60
444,49	1484,78
444,70	1554,41
444,91	1564,65
445,12	1486,83
445,34	1390,57
445,55	1603,56
445,76	1519,59
445,97	1472,49
446,18	1460,20
446,40	1482,73
446,61	1517,54
446,82	1439,72
447,03	1517,54
447,25	1529,83
447,46	1495,02
447,67	1474,54
447,88	1429,48
448,09	1466,35
448,31	1488,87
448,52	1419,24
448,73	1490,92
448,94	1488,87
449,15	1497,07
449,37	1454,06
449,58	1517,54
449,79	1402,86
450,00	1570,79
450,21	1431,53
450,43	1449,96
450,64	1419,24
450,85	1470,44
451,06	1476,59
451,27	1542,12
451,48	1531,88
451,70	1511,40
451,91	1488,87
452,12	1517,54
452,33	1486,83
452,54	1443,82
452,76	1490,92
452,97	1529,83
453,18	1499,11
453,39	1574,89
453,60	1525,74
453,81	1486,83
454,03	1478,63
454,24	1540,07
454,45	1382,38
454,66	1511,40
454,87	1531,88
455,08	1480,68
455,30	1454,06
455,51	1546,22
455,72	1513,45
455,93	1548,26
456,14	1521,64
456,35	1488,87
456,56	1490,92
456,78	1558,50
456,99	1478,63
457,20	1484,78
457,41	1566,70
457,62	1542,12
457,83	1558,50
458,04	1480,68
458,26	1480,68
458,47	1527,78
458,68	1466,35
458,89	1529,83
459,10	1417,19
459,31	1550,31
459,52	1490,92
459,74	1486,83
459,95	1529,83
460,16	1478,63
460,37	1550,31
460,58	1458,15
460,79	1370,09
461,00	1488,87
461,21	1503,21
461,43	1587,18
461,64	1548,26
461,85	1441,77
462,06	1525,74
462,27	1368,04
462,48	1581,03
462,69	1495,02
462,90	1462,25
463,12	1574,89
463,33	1566,70
463,54	1509,35
463,75	1591,27
463,96	1613,80
464,17	1533,93
464,38	1480,68
464,59	1542,12
464,80	1511,40
465,01	1495,02
465,23	1611,75
465,44	1585,13
465,65	1521,64
465,86	1513,45
466,07	1488,87
466,28	1507,30
466,49	1572,84
466,70	1628,14
466,91	1613,80
467,12	1517,54
467,33	1427,43
467,55	1499,11
467,76	1554,41
467,97	1542,12
468,18	1497,07
468,39	1486,83
468,60	1640,42
468,81	1490,92
469,02	1544,17
469,23	1576,94
469,44	1562,60
469,65	1466,35
469,86	1503,21
470,07	1521,64
470,29	1671,14
470,50	1564,65
470,71	1568,74
470,92	1468,39
471,13	1540,07
471,34	1599,46
471,55	1505,26
471,76	1497,07
471,97	1585,13
472,18	1531,88
472,39	1458,15
472,60	1419,24
472,81	1607,66
473,02	1572,84
473,23	1484,78
473,44	1531,88
473,65	1611,75
473,87	1486,83
474,08	1527,78
474,29	1517,54
474,50	1472,49
474,71	1562,60
474,92	1554,41
475,13	1544,17
475,34	1525,74
475,55	1490,92
475,76	1501,16
475,97	1560,55
476,18	1593,32
476,39	1507,30
476,60	1486,83
476,81	1556,46
477,02	1499,11
477,23	1521,64
477,44	1587,18
477,65	1566,70
477,86	1544,17
478,07	1624,04
478,28	1578,98
478,49	1578,98
478,70	1509,35
478,91	1650,66
479,12	1419,24
479,33	1560,55
479,54	1501,16
479,75	1621,99
479,96	1615,85
480,17	1531,88
480,38	1523,69
480,59	1560,55
480,80	1628,14
481,01	1576,94
481,22	1558,50
481,43	1552,36
481,64	1490,92
481,85	1546,22
482,06	1501,16
482,27	1615,85
482,48	1576,94
482,69	1597,42
482,90	1695,72
483,11	1615,85
483,32	1587,18
483,53	1603,56
483,74	1535,98
483,95	1462,25
484,16	1515,50
484,37	1560,55
484,58	1660,90
484,79	1540,07
485,00	1578,98
485,21	1546,22
485,42	1499,11
485,63	1652,71
485,84	1523,69
486,05	1503,21
486,26	1505,26
486,47	1540,07
486,68	1642,47
486,89	1589,22
487,10	1650,66
487,31	1578,98
487,52	1591,27
487,73	1650,66
487,94	1552,36
488,15	1535,98
488,36	1640,42
488,57	1511,40
488,77	1638,38
488,98	1644,52
489,19	1578,98
489,40	1648,61
489,61	1574,89
489,82	1548,26
490,03	1638,38
490,24	1568,74
490,45	1619,94
490,66	1490,92
490,87	1675,24
491,08	1558,50
491,29	1617,90
491,50	1509,35
491,71	1533,93
491,92	1703,91
492,13	1611,75
492,33	1615,85
492,54	1572,84
492,75	1556,46
492,96	1585,13
493,17	1562,60
493,38	1535,98
493,59	1570,79
493,80	1667,05
494,01	1564,65
494,22	1654,76
494,43	1656,81
494,64	1650,66
494,85	1619,94
495,05	1556,46
495,26	1576,94
495,47	1720,29
495,68	1617,90
495,89	1576,94
496,10	1501,16
496,31	1591,27
496,52	1593,32
496,73	1650,66
496,94	1525,74
497,15	1640,42
497,35	1624,04
497,56	1615,85
497,77	1525,74
497,98	1656,81
498,19	1701,86
498,40	1628,14
498,61	1615,85
498,82	1593,32
499,03	1630,18
499,23	1679,33
499,44	1691,62
499,65	1640,42
499,86	1615,85
500,07	1699,81
500,28	1640,42
500,49	1650,66
500,70	1550,31
500,91	1646,57
501,11	1576,94
501,32	1675,24
501,53	1601,51
501,74	1609,70
501,95	1546,22
502,16	1619,94
502,37	1546,22
502,57	1703,91
502,78	1695,72
502,99	1609,70
503,20	1636,33
503,41	1751,01
503,62	1566,70
503,83	1665,00
504,03	1667,05
504,24	1574,89
504,45	1683,43
504,66	1615,85
504,87	1574,89
505,08	1658,85
505,29	1603,56
505,49	1675,24
505,70	1667,05
505,91	1605,61
506,12	1644,52
506,33	1669,09
506,54	1619,94
506,75	1730,53
506,95	1619,94
507,16	1660,90
507,37	1634,28
507,58	1626,09
507,79	1650,66
508,00	1716,20
508,20	1611,75
508,41	1628,14
508,62	1761,25
508,83	1568,74
509,04	1548,26
509,24	1726,44
509,45	2007,01
509,66	1650,66
509,87	1648,61
510,08	1687,53
510,29	1701,86
510,49	1660,90
510,70	1611,75
510,91	1681,38
511,12	1650,66
511,33	1683,43
511,53	1583,08
511,74	1603,56
511,95	1617,90
512,16	1693,67
512,37	1681,38
512,57	1726,44
512,78	1718,25
512,99	1640,42
513,20	1677,29
513,41	1722,34
513,61	1591,27
513,82	1607,66
514,03	1611,75
514,24	1708,01
514,45	1671,14
514,65	1626,09
514,86	1605,61
515,07	1624,04
515,28	1556,46
515,49	1605,61
515,69	1605,61
515,90	1638,38
516,11	1642,47
516,32	1634,28
516,52	1634,28
516,73	1638,38
516,94	1746,92
517,15	1630,18
517,36	1603,56
517,56	1740,77
517,77	1513,45
517,98	1642,47
518,19	1617,90
518,39	1646,57
518,60	1574,89
518,81	1740,77
519,02	1560,55
519,22	1619,94
519,43	1720,29
519,64	1683,43
519,85	1552,36
520,05	1710,05
520,26	1654,76
520,47	1652,71
520,68	1609,70
520,88	1626,09
521,09	1654,76
521,30	1742,82
521,51	1699,81
521,71	1720,29
521,92	1605,61
522,13	1652,71
522,34	1624,04
522,54	1695,72
522,75	1595,37
522,96	1683,43
523,17	1638,38
523,37	1724,39
523,58	1601,51
523,79	1615,85
523,99	1685,48
524,20	1619,94
524,41	1662,95
524,62	1660,90
524,82	1589,22
525,03	1710,05
525,24	1599,46
525,45	1687,53
525,65	1636,33
525,86	1730,53
526,07	1599,46
526,27	1642,47
526,48	1695,72
526,69	1779,68
526,90	1644,52
527,10	1660,90
527,31	1603,56
527,52	1660,90
527,72	1669,09
527,93	1632,23
528,14	1574,89
528,34	1624,04
528,55	1621,99
528,76	1687,53
528,97	1570,79
529,17	1601,51
529,38	1648,61
529,59	1712,10
529,79	1667,05
530,00	1683,43
530,21	1611,75
530,41	1648,61
530,62	1591,27
530,83	1710,05
531,03	1626,09
531,24	1605,61
531,45	1628,14
531,65	1615,85
531,86	1705,96
532,07	1712,10
532,27	1560,55
532,48	1648,61
532,69	1560,55
532,89	1734,63
533,10	1648,61
533,31	1640,42
533,51	1587,18
533,72	1660,90
533,93	1630,18
534,13	1644,52
534,34	1601,51
534,55	1624,04
534,75	1599,46
534,96	1738,73
535,17	1624,04
535,37	1591,27
535,58	1621,99
535,79	1621,99
535,99	1587,18
536,20	1642,47
536,41	1593,32
536,61	1646,57
536,82	1632,23
537,03	1605,61
537,23	1669,09
537,44	1693,67
537,64	1679,33
537,85	1621,99
538,06	1611,75
538,26	1701,86
538,47	1669,09
538,68	1652,71
538,88	1632,23
539,09	1546,22
539,30	1544,17
539,50	1742,82
539,71	1689,57
539,91	1720,29
540,12	1615,85
540,33	1675,24
540,53	1685,48
540,74	1597,42
540,94	1679,33
541,15	1646,57
541,36	1603,56
541,56	1681,38
541,77	1652,71
541,98	1650,66
542,18	1673,19
542,39	1654,76
542,59	1601,51
542,80	1566,70
543,01	1626,09
543,21	1691,62
543,42	1611,75
543,62	1675,24
543,83	1630,18
544,04	1576,94
544,24	1583,08
544,45	1605,61
544,65	1656,81
544,86	1644,52
545,06	1665,00
545,27	1531,88
545,48	1595,37
545,68	1712,10
545,89	1599,46
546,09	1615,85
546,30	1605,61
546,51	1595,37
546,71	1568,74
546,92	1669,09
547,12	1648,61
547,33	1572,84
547,53	1562,60
547,74	1595,37
547,95	1550,31
548,15	1679,33
548,36	1681,38
548,56	1630,18
548,77	1660,90
548,97	1624,04
549,18	1640,42
549,39	1583,08
549,59	1583,08
549,80	1611,75
550,00	1519,59
550,21	1613,80
550,41	1597,42
550,62	1652,71
550,82	1634,28
551,03	1589,22
551,23	1568,74
551,44	1611,75
551,65	1562,60
551,85	1642,47
552,06	1644,52
552,26	1636,33
552,47	1540,07
552,67	1648,61
552,88	1562,60
553,08	1578,98
553,29	1531,88
553,49	1646,57
553,70	1546,22
553,90	1662,95
554,11	1585,13
554,32	1593,32
554,52	1587,18
554,73	1607,66
554,93	1538,02
555,14	1578,98
555,34	1681,38
555,55	1675,24
555,75	1574,89
555,96	1603,56
556,16	1599,46
556,37	1652,71
556,57	1576,94
556,78	1626,09
556,98	1710,05
557,19	1691,62
557,39	1603,56
557,60	1699,81
557,80	1638,38
558,01	1564,65
558,21	1556,46
558,42	1628,14
558,62	1595,37
558,83	1726,44
559,03	1675,24
559,24	1650,66
559,44	1697,77
559,65	1726,44
559,85	1716,20
560,06	1804,26
560,26	1687,53
560,47	1783,78
560,67	1808,36
560,88	1710,05
561,08	1877,99
561,29	1761,25
561,49	1773,54
561,70	1726,44
561,90	1822,69
562,10	1834,98
562,31	1816,55
562,51	1742,82
562,72	1742,82
562,92	1785,83
563,13	1812,45
563,33	1822,69
563,54	1951,71
563,74	1880,04
563,95	1918,95
564,15	1832,93
564,36	1943,52
564,56	1886,18
564,76	1875,94
564,97	1947,62
565,17	1939,43
565,38	1931,23
565,58	1894,37
565,79	2035,68
565,99	1980,39
566,20	1968,10
566,40	1906,66
566,60	2027,49
566,81	2050,02
567,01	1970,15
567,22	1974,24
567,42	2019,30
567,63	2000,87
567,83	2035,68
568,04	2031,58
568,24	2133,98
568,44	2121,70
568,65	2021,35
568,85	2050,02
569,06	2058,21
569,26	1959,91
569,47	2123,74
569,67	2002,91
569,87	2156,51
570,08	2043,87
570,28	2095,07
570,49	1961,95
570,69	2078,69
570,89	2052,06
571,10	2086,88
571,30	1992,67
571,51	2095,07
571,71	2185,18
571,91	2115,55
572,12	2160,61
572,32	2133,98
572,53	2052,06
572,73	2197,47
572,93	2109,41
573,14	2174,94
573,34	2058,21
573,55	2144,22
573,75	2109,41
573,95	2138,08
574,16	2136,03
574,36	2181,09
574,57	2050,02
574,77	2164,70
574,97	2152,42
575,18	2217,95
575,38	2123,74
575,59	2146,27
575,79	2078,69
575,99	2242,53
576,20	2125,79
576,40	2230,24
576,60	2197,47
576,81	2166,75
577,01	2211,81
577,22	2328,54
577,42	2080,74
577,62	2260,96
577,83	2054,11
578,03	2168,80
578,23	2191,33
578,44	2168,80
578,64	2232,29
578,84	2254,81
579,05	2144,22
579,25	2260,96
579,45	2082,78
579,66	2060,26
579,86	2148,32
580,07	2140,13
580,27	2131,94
580,47	2037,73
580,68	2095,07
580,88	2029,54
581,08	2035,68
581,29	1925,09
581,49	2078,69
581,69	2125,79
581,90	2047,97
582,10	1957,86
582,30	2066,40
582,51	1959,91
582,71	2088,93
582,91	1923,04
583,12	2127,84
583,32	1972,19
583,52	2086,88
583,73	1974,24
583,93	2109,41
584,13	2021,35
584,34	2013,15
584,54	2039,78
584,74	2007,01
584,94	2021,35
585,15	2152,42
585,35	2144,22
585,55	2291,68
585,76	1966,05
585,96	2238,43
586,16	2289,63
586,37	2220,00
586,57	2287,58
586,77	2232,29
586,98	2213,85
587,18	2428,89
587,38	2375,64
587,58	2349,02
587,79	2447,32
587,99	2432,99
588,19	2443,23
588,40	2525,15
588,60	2392,03
588,80	2449,37
589,00	2416,60
589,21	2674,65
589,41	2553,82
589,61	2748,37
589,82	2783,19
590,02	2805,72
590,22	2752,47
590,42	2969,55
590,63	2856,92
590,83	3131,34
591,03	2979,79
591,23	3168,21
591,44	3110,86
591,64	3235,79
591,84	3112,91
592,05	3409,87
592,25	3385,29
592,45	3622,86
592,65	3366,86
592,86	3600,33
593,06	3622,86
593,26	3622,86
593,46	3581,90
593,67	3715,02
593,87	3755,97
594,07	3983,30
594,27	3805,13
594,48	4054,98
594,68	3823,56
594,88	4124,61
595,08	3919,81
595,29	4212,67
595,49	4175,81
595,69	4249,54
595,89	3973,06
596,10	4270,01
596,30	4022,21
596,50	4112,32
596,70	4050,88
596,90	4265,92
597,11	3983,30
597,31	4140,99
597,51	3729,35
597,71	4085,70
597,92	3805,13
598,12	3987,40
598,32	3557,32
598,52	3827,65
598,72	3467,21
598,93	3551,18
599,13	3528,65
599,33	3524,55
599,53	3213,26
599,74	3301,33
599,94	3121,10
600,14	3203,02
600,34	2973,65
600,54	3051,47
600,75	2721,75
600,95	2701,27
601,15	2572,25
601,35	2633,69
601,55	2353,12
601,76	2430,94
601,96	2432,99
602,16	2418,65
602,36	2287,58
602,56	2222,05
602,76	2138,08
602,97	2170,85
603,17	2156,51
603,37	2166,75
603,57	1966,05
603,77	1994,72
603,98	2009,06
604,18	1947,62
604,38	1978,34
604,58	1877,99
604,78	1859,56
604,98	1863,65
605,19	1787,88
605,39	1884,13
605,59	1826,79
605,79	1916,90
605,99	1742,82
606,19	1773,54
606,40	1722,34
606,60	1728,49
606,80	1619,94
607,00	1660,90
607,20	1685,48
607,40	1632,23
607,61	1574,89
607,81	1671,14
608,01	1652,71
608,21	1794,02
608,41	1726,44
608,61	1656,81
608,81	1660,90
609,02	1611,75
609,22	1593,32
609,42	1701,86
609,62	1648,61
609,82	1738,73
610,02	1650,66
610,22	1589,22
610,43	1597,42
610,63	1605,61
610,83	1550,31
611,03	1619,94
611,23	1660,90
611,43	1640,42
611,63	1656,81
611,83	1621,99
612,04	1550,31
612,24	1705,96
612,44	1566,70
612,64	1679,33
612,84	1593,32
613,04	1632,23
613,24	1720,29
613,44	1640,42
613,64	1671,14
613,85	1746,92
614,05	1679,33
614,25	1691,62
614,45	1665,00
614,65	1738,73
614,85	1732,58
615,05	1662,95
615,25	1765,35
615,45	1695,72
615,65	1658,85
615,86	1826,79
616,06	1734,63
616,26	1755,11
616,46	1748,97
616,66	1718,25
616,86	1789,92
617,06	1683,43
617,26	1826,79
617,46	1851,36
617,66	1857,51
617,86	1953,76
618,07	1843,17
618,27	1980,39
618,47	1787,88
618,67	1957,86
618,87	1857,51
619,07	2031,58
619,27	2013,15
619,47	1986,53
619,67	1986,53
619,87	1998,82
620,07	2029,54
620,27	2070,50
620,47	2009,06
620,67	2162,66
620,87	2086,88
621,07	2375,64
621,28	2183,13
621,48	2283,49
621,68	2174,94
621,88	2330,59
622,08	2260,96
622,28	2404,32
622,48	2369,50
622,68	2510,81
622,88	2424,80
623,08	2564,06
623,28	2389,98
623,48	2490,33
623,68	2598,87
623,88	2787,29
624,08	2695,13
624,28	2699,22
624,48	2727,89
624,68	2770,90
624,88	2768,85
625,08	3041,23
625,28	2889,68
625,48	3141,58
625,68	3030,99
625,88	3313,61
626,08	3020,75
626,28	3389,39
626,48	3198,93
626,68	3428,30
626,88	3157,97
627,08	3405,77
627,28	3680,20
627,48	3540,94
627,68	3270,61
627,88	3688,39
628,08	3538,89
628,28	3870,66
628,49	3547,08
628,68	3971,01
628,88	3536,84
629,08	3778,50
629,28	3614,66
629,48	3903,43
629,68	3626,95
629,88	3923,91
630,08	3864,52
630,28	3788,74
630,48	3579,85
630,68	3846,09
630,88	3475,40
631,08	3594,19
631,28	3334,09
631,48	3475,40
631,68	3172,30
631,88	3291,09
632,08	3129,30
632,28	3205,07
632,48	2803,67
632,68	2957,27
632,88	2758,61
633,08	2656,22
633,28	2607,06
633,48	2664,41
633,68	2525,15
633,88	2486,23
634,08	2215,90
634,28	2217,95
634,48	2209,76
634,68	2154,46
634,88	2105,31
635,08	1978,34
635,28	1976,29
635,48	1964,00
635,68	1814,50
635,87	1818,60
636,07	1812,45
636,27	1767,40
636,47	1816,55
636,67	1697,77
636,87	1720,29
637,07	1816,55
637,27	1574,89
637,47	1628,14
637,67	1773,54
637,87	1548,26
638,07	1624,04
638,27	1613,80
638,47	1591,27
638,67	1652,71
638,86	1613,80
639,06	1550,31
639,26	1628,14
639,46	1527,78
639,66	1591,27
639,86	1562,60
640,06	1535,98
640,26	1538,02
640,46	1478,63
640,66	1480,68
640,86	1556,46
641,06	1535,98
641,25	1513,45
641,45	1452,01
641,65	1497,07
641,85	1478,63
642,05	1449,96
642,25	1402,86
642,45	1501,16
642,65	1521,64
642,85	1503,21
643,05	1396,71
643,24	1488,87
643,44	1501,16
643,64	1515,50
643,84	1499,11
644,04	1437,67
644,24	1495,02
644,44	1443,82
644,64	1417,19
644,84	1452,01
645,03	1456,11
645,23	1558,50
645,43	1462,25
645,63	1523,69
645,83	1454,06
646,03	1396,71
646,23	1468,39
646,42	1611,75
646,62	1458,15
646,82	1484,78
647,02	1484,78
647,22	1507,30
647,42	1431,53
647,62	1443,82
647,82	1439,72
648,01	1599,46
648,21	1329,13
648,41	1464,30
648,61	1521,64
648,81	1527,78
649,01	1419,24
649,20	1503,21
649,40	1447,91
649,60	1435,63
649,80	1392,62
650,00	1523,69
650,20	1470,44
650,40	1452,01
650,59	1456,11
650,79	1425,39
650,99	1361,90
651,19	1423,34
651,39	1386,47
651,58	1466,35
651,78	1415,15
651,98	1480,68
652,18	1402,86
652,38	1503,21
652,58	1404,91
652,77	1460,20
652,97	1456,11
653,17	1429,48
653,37	1495,02
653,57	1468,39
653,77	1392,62
653,96	1394,67
654,16	1447,91
654,36	1460,20
654,56	1566,70
654,76	1587,18
654,95	1441,77
655,15	1372,14
655,35	1452,01
655,55	1417,19
655,75	1413,10
655,94	1441,77
656,14	1439,72
656,34	1513,45
656,54	1325,04
656,73	1482,73
656,93	1449,96
657,13	1531,88
657,33	1495,02
657,53	1466,35
657,72	1523,69
657,92	1380,33
658,12	1466,35
658,32	1456,11
658,52	1398,76
658,71	1495,02
658,91	1372,14
659,11	1392,62
659,31	1437,67
659,50	1452,01
659,70	1505,26
659,90	1488,87
660,10	1449,96
660,29	1513,45
660,49	1441,77
660,69	1480,68
660,89	1464,30
661,08	1439,72
661,28	1441,77
661,48	1406,95
661,68	1400,81
661,87	1445,87
662,07	1417,19
662,27	1433,58
662,47	1533,93
662,66	1478,63
662,86	1523,69
663,06	1464,30
663,26	1415,15
663,45	1427,43
663,65	1370,09
663,85	1472,49
664,05	1363,95
664,24	1447,91
664,44	1452,01
664,64	1386,47
664,84	1413,10
665,03	1503,21
665,23	1490,92
665,43	1357,80
665,62	1454,06
665,82	1378,28
666,02	1363,95
666,22	1472,49
666,41	1372,14
666,61	1488,87
666,81	1404,91
667,00	1431,53
667,20	1345,52
667,40	1433,58
667,60	1370,09
667,79	1464,30
667,99	1476,59
668,19	1435,63
668,38	1482,73
668,58	1390,57
668,78	1329,13
668,97	1562,60
669,17	1406,95
669,37	1454,06
669,57	1445,87
669,76	1486,83
669,96	1521,64
670,16	1466,35
670,35	1413,10
670,55	1433,58
670,75	1515,50
670,94	1486,83
671,14	1460,20
671,34	1525,74
671,53	1325,04
671,73	1413,10
671,93	1505,26
672,12	1490,92
672,32	1421,29
672,52	1464,30
672,71	1445,87
672,91	1447,91
673,11	1396,71
673,30	1505,26
673,50	1411,05
673,70	1419,24
673,89	1400,81
674,09	1386,47
674,29	1464,30
674,48	1404,91
674,68	1495,02
674,88	1423,34
675,07	1460,20
675,27	1517,54
675,46	1464,30
675,66	1429,48
675,86	1396,71
676,05	1456,11
676,25	1439,72
676,45	1433,58
676,64	1452,01
676,84	1540,07
677,04	1445,87
677,23	1460,20
677,43	1468,39
677,62	1460,20
677,82	1490,92
678,02	1384,43
678,21	1452,01
678,41	1425,39
678,61	1404,91
678,80	1466,35
679,00	1439,72
679,19	1509,35
679,39	1513,45
679,59	1482,73
679,78	1452,01
679,98	1335,28
680,17	1361,90
680,37	1368,04
680,57	1417,19
680,76	1402,86
680,96	1464,30
681,16	1402,86
681,35	1423,34
681,55	1409,00
681,74	1388,52
681,94	1441,77
682,13	1415,15
682,33	1456,11
682,53	1456,11
682,72	1480,68
682,92	1335,28
683,11	1497,07
683,31	1449,96
683,51	1462,25
683,70	1466,35
683,90	1499,11
684,09	1427,43
684,29	1517,54
684,48	1417,19
684,68	1470,44
684,88	1488,87
685,07	1445,87
685,27	1449,96
685,46	1439,72
685,66	1429,48
685,85	1460,20
686,05	1474,54
686,25	1417,19
686,44	1474,54
686,64	1552,36
686,83	1398,76
687,03	1492,97
687,22	1374,19
687,42	1409,00
687,61	1503,21
687,81	1425,39
688,01	1425,39
688,20	1425,39
688,40	1388,52
688,59	1406,95
688,79	1460,20
688,98	1466,35
689,18	1439,72
689,37	1478,63
689,57	1452,01
689,76	1454,06
689,96	1435,63
690,15	1398,76
690,35	1478,63
690,54	1478,63
690,74	1474,54
690,94	1454,06
691,13	1505,26
691,33	1472,49
691,52	1478,63
691,72	1544,17
691,91	1406,95
692,11	1525,74
692,30	1433,58
692,50	1484,78
692,69	1503,21
692,89	1431,53
693,08	1419,24
693,28	1482,73
693,47	1406,95
693,67	1515,50
693,86	1376,24
694,06	1406,95
694,25	1449,96
694,45	1452,01
694,64	1396,71
694,84	1458,15
695,03	1443,82
695,23	1460,20
695,42	1413,10
695,62	1406,95
695,81	1411,05
696,01	1456,11
696,20	1409,00
696,40	1388,52
696,59	1445,87
696,78	1368,04
696,98	1476,59
697,17	1464,30
697,37	1363,95
697,56	1384,43
697,76	1445,87
697,95	1456,11
698,15	1437,67
698,34	1591,27
698,54	1460,20
698,73	1538,02
698,93	1372,14
699,12	1427,43
699,32	1415,15
699,51	1417,19
699,70	1404,91
699,90	1495,02
700,09	1429,48
700,29	1454,06
700,48	1423,34
700,68	1439,72
700,87	1394,67
701,07	1488,87
701,26	1421,29
701,45	1390,57
701,65	1421,29
701,84	1484,78
702,04	1349,61
702,23	1417,19
702,43	1406,95
702,62	1488,87
702,81	1445,87
703,01	1421,29
703,20	1425,39
703,40	1454,06
703,59	1390,57
703,79	1437,67
703,98	1460,20
704,17	1470,44
704,37	1482,73
704,56	1468,39
704,76	1386,47
704,95	1378,28
705,14	1413,10
705,34	1361,90
705,53	1347,56
705,73	1372,14
705,92	1437,67
706,11	1492,97
706,31	1398,76
706,50	1433,58
706,70	1454,06
706,89	1454,06
707,08	1413,10
707,28	1484,78
707,47	1413,10
707,67	1505,26
707,86	1415,15
708,05	1421,29
708,25	1423,34
708,44	1445,87
708,64	1466,35
708,83	1482,73
709,02	1413,10
709,22	1527,78
709,41	1394,67
709,60	1456,11
709,80	1366,00
709,99	1396,71
710,19	1363,95
710,38	1460,20
710,57	1370,09
710,77	1402,86
710,96	1370,09
711,15	1433,58
711,35	1361,90
711,54	1439,72
711,73	1406,95
711,93	1363,95
712,12	1476,59
712,31	1435,63
712,51	1406,95
712,70	1359,85
712,89	1347,56
713,09	1390,57
713,28	1480,68
713,48	1427,43
713,67	1435,63
713,86	1406,95
714,06	1468,39
714,25	1417,19
714,44	1425,39
714,64	1421,29
714,83	1423,34
715,02	1349,61
715,22	1499,11
715,41	1449,96
715,60	1335,28
715,79	1429,48
715,99	1423,34
716,18	1439,72
716,37	1411,05
716,57	1503,21
716,76	1492,97
716,95	1462,25
717,15	1411,05
717,34	1398,76
717,53	1437,67
717,73	1386,47
717,92	1474,54
718,11	1443,82
718,31	1425,39
718,50	1478,63
718,69	1345,52
718,88	1437,67
719,08	1366,00
719,27	1378,28
719,46	1460,20
719,66	1495,02
719,85	1431,53
720,04	1402,86
720,23	1302,51
720,43	1341,42
720,62	1314,80
720,81	1384,43
721,01	1386,47
721,20	1482,73
721,39	1456,11
721,58	1452,01
721,78	1435,63
721,97	1445,87
722,16	1447,91
722,35	1398,76
722,55	1406,95
722,74	1386,47
722,93	1458,15
723,13	1478,63
723,32	1392,62
723,51	1423,34
723,70	1439,72
723,90	1439,72
724,09	1400,81
724,28	1454,06
724,47	1460,20
724,67	1456,11
724,86	1411,05
725,05	1388,52
725,24	1396,71
725,44	1409,00
725,63	1294,32
725,82	1333,23
726,01	1458,15
726,21	1339,37
726,40	1398,76
726,59	1384,43
726,78	1435,63
726,97	1456,11
727,17	1357,80
727,36	1490,92
727,55	1394,67
727,74	1341,42
727,94	1423,34
728,13	1374,19
728,32	1359,85
728,51	1402,86
728,70	1400,81
728,90	1404,91
729,09	1464,30
729,28	1419,24
729,47	1486,83
729,66	1470,44
729,86	1421,29
730,05	1409,00
730,24	1396,71
730,43	1384,43
730,63	1419,24
730,82	1447,91
731,01	1419,24
731,20	1368,04
731,39	1402,86
731,58	1384,43
731,78	1402,86
731,97	1327,08
732,16	1402,86
732,35	1429,48
732,54	1441,77
732,74	1511,40
732,93	1372,14
733,12	1433,58
733,31	1466,35
733,50	1402,86
733,69	1423,34
733,89	1484,78
734,08	1413,10
734,27	1361,90
734,46	1415,15
734,65	1359,85
734,84	1368,04
735,04	1394,67
735,23	1429,48
735,42	1480,68
735,61	1349,61
735,80	1433,58
735,99	1415,15
736,19	1390,57
736,38	1437,67
736,57	1415,15
736,76	1384,43
736,95	1409,00
737,14	1439,72
737,33	1396,71
737,53	1486,83
737,72	1452,01
737,91	1433,58
738,10	1409,00
738,29	1312,75
738,48	1443,82
738,67	1421,29
738,87	1490,92
739,06	1433,58
739,25	1439,72
739,44	1425,39
739,63	1482,73
739,82	1394,67
740,01	1437,67
740,20	1409,00
740,40	1343,47
740,59	1390,57
740,78	1464,30
740,97	1406,95
741,16	1349,61
741,35	1460,20
741,54	1517,54
741,73	1392,62
741,92	1421,29
742,12	1361,90
742,31	1400,81
742,50	1468,39
742,69	1415,15
742,88	1443,82
743,07	1351,66
743,26	1423,34
743,45	1495,02
743,64	1374,19
743,83	1415,15
744,02	1423,34
744,22	1337,32
744,41	1392,62
744,60	1484,78
744,79	1363,95
744,98	1476,59
745,17	1347,56
745,36	1456,11
745,55	1497,07
745,74	1404,91
745,93	1476,59
746,12	1515,50
746,31	1439,72
746,50	1386,47
746,70	1374,19
746,89	1484,78
747,08	1386,47
747,27	1435,63
747,46	1417,19
747,65	1345,52
747,84	1398,76
748,03	1435,63
748,22	1417,19
748,41	1490,92
748,60	1396,71
748,79	1292,27
748,98	1386,47
749,17	1382,38
749,36	1411,05
749,55	1366,00
749,74	1458,15
749,93	1501,16
750,12	1413,10
750,31	1454,06
750,50	1439,72
750,70	1476,59
750,89	1421,29
751,08	1488,87
751,27	1437,67
751,46	1376,24
751,65	1325,04
751,84	1421,29
752,03	1320,94
752,22	1439,72
752,41	1429,48
752,60	1454,06
752,79	1513,45
752,98	1357,80
753,17	1435,63
753,36	1472,49
753,55	1417,19
753,74	1390,57
753,93	1492,97
754,12	1441,77
754,31	1466,35
754,50	1460,20
754,69	1497,07
754,88	1462,25
755,07	1443,82
755,26	1452,01
755,45	1402,86
755,64	1382,38
755,83	1396,71
756,02	1411,05
756,21	1458,15
756,40	1495,02
756,59	1427,43
756,78	1341,42
756,97	1439,72
757,16	1476,59
757,35	1452,01
757,54	1357,80
757,72	1415,15
757,91	1376,24
758,10	1390,57
758,29	1423,34
758,48	1355,76
758,67	1390,57
758,86	1421,29
759,05	1388,52
759,24	1480,68
759,43	1445,87
759,62	1458,15
759,81	1482,73
760,00	1447,91
760,19	1415,15
760,38	1402,86
760,57	1335,28
760,76	1495,02
760,95	1458,15
761,14	1445,87
761,33	1449,96
761,52	1419,24
761,70	1411,05
761,89	1460,20
762,08	1497,07
762,27	1366,00
762,46	1454,06
762,65	1501,16
762,84	1466,35
763,03	1378,28
763,22	1413,10
763,41	1497,07
763,60	1443,82
763,79	1394,67
763,98	1421,29
764,16	1419,24
764,35	1388,52
764,54	1474,54
764,73	1339,37
764,92	1423,34
765,11	1607,66
765,30	1460,20
765,49	1476,59
765,68	1497,07
765,87	1538,02
766,06	1425,39
766,24	1472,49
766,43	1406,95
766,62	1552,36
766,81	1429,48
767,00	1474,54
767,19	1396,71
767,38	1538,02
767,57	1423,34
767,76	1470,44
767,94	1468,39
768,13	1435,63
768,32	1433,58
768,51	1452,01
768,70	1513,45
768,89	1441,77
769,08	1511,40
769,27	1458,15
769,45	1398,76
769,64	1521,64
769,83	1404,91
770,02	1382,38
770,21	1505,26
770,40	1439,72
770,59	1484,78
770,77	1460,20
770,96	1525,74
771,15	1460,20
771,34	1390,57
771,53	1609,70
771,72	1521,64
771,91	1366,00
772,09	1535,98
772,28	1402,86
772,47	1419,24
772,66	1482,73
772,85	1398,76
773,04	1431,53
773,22	1474,54
773,41	1505,26
773,60	1460,20
773,79	1433,58
773,98	1458,15
774,17	1454,06
774,35	1398,76
774,54	1443,82
774,73	1439,72
774,92	1519,59
775,11	1476,59
775,30	1492,97
775,48	1390,57
775,67	1456,11
775,86	1499,11
776,05	1546,22
776,24	1466,35
776,42	1447,91
776,61	1390,57
776,80	1439,72
776,99	1482,73
777,18	1406,95
777,36	1376,24
777,55	1454,06
777,74	1394,67
777,93	1439,72
778,12	1480,68
778,30	1515,50
778,49	1492,97
778,68	1505,26
778,87	1363,95
779,06	1460,20
779,24	1464,30
779,43	1431,53
779,62	1456,11
779,81	1490,92
779,99	1499,11
780,18	1478,63
780,37	1417,19
780,56	1499,11
780,75	1521,64
780,93	1550,31
781,12	1454,06
781,31	1488,87
781,50	1480,68
781,68	1402,86
781,87	1425,39
782,06	1466,35
782,25	1468,39
782,43	1472,49
782,62	1452,01
782,81	1490,92
783,00	1419,24
783,18	1386,47
783,37	1392,62
783,56	1505,26
783,75	1513,45
783,93	1456,11
784,12	1419,24
784,31	1519,59
784,50	1445,87
784,68	1474,54
784,87	1427,43
785,06	1497,07
785,24	1468,39
785,43	1552,36
785,62	1484,78
785,81	1482,73
785,99	1429,48
786,18	1378,28
786,37	1476,59
786,56	1454,06
786,74	1398,76
786,93	1439,72
787,12	1462,25
787,30	1390,57
787,49	1499,11
787,68	1447,91
787,87	1415,15
788,05	1460,20
788,24	1404,91
788,43	1384,43
788,61	1484,78
788,80	1441,77
788,99	1380,33
789,17	1474,54
789,36	1447,91
789,55	1507,30
789,73	1437,67
789,92	1431,53
790,11	1415,15
790,30	1368,04
790,48	1392,62
790,67	1427,43
790,86	1466,35
791,04	1505,26
791,23	1413,10
791,42	1421,29
791,60	1431,53
791,79	1431,53
791,98	1423,34
792,16	1443,82
792,35	1378,28
792,54	1495,02
792,72	1499,11
792,91	1501,16
793,10	1374,19
793,28	1398,76
793,47	1415,15
793,66	1406,95
793,84	1423,34
794,03	1372,14
794,22	1421,29
794,40	1482,73
794,59	1445,87
794,77	1472,49
794,96	1349,61
795,15	1472,49
795,33	1406,95
795,52	1452,01
795,71	1378,28
795,89	1415,15
796,08	1464,30
796,27	1548,26
796,45	1392,62
796,64	1302,51
796,82	1404,91
797,01	1327,08
797,20	1452,01
797,38	1406,95
797,57	1402,86
797,76	1464,30
797,94	1499,11
798,13	1472,49
798,31	1396,71
798,50	1351,66
798,69	1492,97
798,87	1361,90
799,06	1507,30
799,24	1372,14
799,43	1429,48
799,62	1339,37
799,80	1402,86
799,99	1558,50
800,17	1454,06
800,36	1452,01
800,55	1400,81
800,73	1452,01
800,92	1409,00
801,10	1437,67
801,29	1378,28
801,48	1409,00
801,66	1460,20
801,85	1452,01
802,03	1468,39
802,22	1464,30
802,40	1427,43
802,59	1316,84
802,78	1400,81
802,96	1388,52
803,15	1521,64
803,33	1476,59
803,52	1456,11
803,70	1376,24
803,89	1359,85
804,08	1341,42
804,26	1466,35
804,45	1366,00
804,63	1462,25
804,82	1501,16
805,00	1406,95
805,19	1431,53
805,37	1404,91
805,56	1507,30
805,74	1359,85
805,93	1406,95
806,12	1499,11
806,30	1486,83
806,49	1443,82
806,67	1474,54
806,86	1359,85
807,04	1402,86
807,23	1417,19
807,41	1394,67
807,60	1464,30
807,78	1400,81
807,97	1705,96
808,15	1419,24
808,34	1402,86
808,52	1462,25
808,71	1343,47
808,89	1380,33
809,08	1341,42
809,27	1374,19
809,45	1353,71
809,64	1445,87
809,82	1404,91
810,01	1349,61
810,19	1562,60
810,38	1454,06
810,56	1345,52
810,75	1474,54
810,93	1452,01
811,12	1345,52
811,30	1452,01
811,49	1322,99
811,67	1449,96
811,85	1552,36
812,04	1464,30
812,22	1441,77
812,41	1458,15
812,59	1384,43
812,78	1366,00
812,96	1400,81
813,15	1497,07
813,33	1413,10
813,52	1406,95
813,70	1372,14
813,89	1449,96
814,07	1439,72
814,26	1466,35
814,44	1378,28
814,63	1415,15
814,81	1386,47
815,00	1404,91
815,18	1480,68
815,36	1447,91
815,55	1396,71
815,73	1431,53
815,92	1478,63
816,10	1546,22
816,29	1419,24
816,47	1312,75
816,66	1443,82
816,84	1454,06
817,02	1456,11
817,21	1458,15
817,39	1458,15
817,58	1404,91
817,76	1406,95
817,95	1359,85
818,13	1435,63
818,32	1376,24
818,50	1398,76
818,68	1472,49
818,87	1490,92
819,05	1460,20
819,24	1447,91
819,42	1396,71
819,60	1363,95
819,79	1415,15
819,97	1445,87
820,16	1454,06
820,34	1396,71
820,53	1347,56
820,71	1415,15
820,89	1439,72
821,08	1382,38
821,26	1419,24
821,45	1409,00
821,63	1374,19
821,81	1468,39
822,00	1429,48
822,18	1456,11
822,37	1462,25
822,55	1419,24
822,73	1396,71
822,92	1488,87
823,10	1437,67
823,28	1437,67
823,47	1466,35
823,65	1372,14
823,84	1439,72
824,02	1447,91
824,20	1458,15
824,39	1386,47
824,57	1445,87
824,75	1499,11
824,94	1505,26
825,12	1521,64
825,31	1417,19
825,49	1439,72
825,67	1462,25
825,86	1427,43
826,04	1501,16
826,22	1480,68
826,41	1441,77
826,59	1486,83
826,77	1449,96
826,96	1474,54
827,14	1445,87
827,32	1417,19
827,51	1431,53
827,69	1542,12
827,87	1370,09
828,06	1435,63
828,24	1413,10
828,42	1419,24
828,61	1386,47
828,79	1464,30
828,97	1486,83
829,16	1454,06
829,34	1421,29
829,52	1404,91
829,71	1540,07
829,89	1476,59
830,07	1425,39
830,26	1439,72
830,44	1329,13
830,62	1466,35
830,81	1431,53
830,99	1384,43
831,17	1423,34
831,36	1376,24
831,54	1452,01
831,72	1531,88
831,91	1458,15
832,09	1312,75
832,27	1400,81
832,45	1503,21
832,64	1439,72
832,82	1499,11
833,00	1372,14
833,19	1431,53
833,37	1445,87
833,55	1458,15
833,73	1439,72
833,92	1464,30
834,10	1370,09
834,28	1497,07
834,47	1302,51
834,65	1480,68
834,83	1464,30
835,01	1404,91
835,20	1370,09
835,38	1374,19
835,56	1406,95
835,74	1511,40
835,93	1429,48
836,11	1464,30
836,29	1431,53
836,47	1517,54
836,66	1370,09
836,84	1578,98
837,02	1468,39
837,21	1476,59
837,39	1443,82
837,57	1492,97
837,75	1447,91
837,94	1384,43
838,12	1533,93
838,30	1480,68
838,48	1370,09
838,66	1423,34
838,85	1519,59
839,03	1488,87
839,21	1443,82
839,39	1341,42
839,58	1402,86
839,76	1413,10
839,94	1495,02
840,12	1521,64
840,31	1515,50
840,49	1480,68
840,67	1443,82
840,85	1415,15
841,03	1425,39
841,22	1376,24
841,40	1480,68
841,58	1470,44
841,76	1439,72
841,94	1495,02
842,13	1511,40
842,31	1482,73
842,49	1417,19
842,67	1378,28
842,85	1492,97
843,04	1447,91
843,22	1482,73
843,40	1406,95
843,58	1468,39
843,76	1392,62
843,95	1468,39
844,13	1437,67
844,31	1449,96
844,49	1421,29
844,67	1429,48
844,86	1509,35
845,04	1402,86
845,22	1437,67
845,40	1394,67
845,58	1488,87
845,76	1374,19
845,95	1548,26
846,13	1460,20
846,31	1406,95
846,49	1431,53
846,67	1484,78
846,85	1449,96
847,04	1462,25
847,22	1472,49
847,40	1386,47
847,58	1513,45
847,76	1513,45
847,94	1415,15
848,12	1540,07
848,31	1415,15
848,49	1431,53
848,67	1454,06
848,85	1472,49
849,03	1482,73
849,21	1411,05
849,39	1382,38
849,58	1460,20
849,76	1519,59
849,94	1478,63
850,12	1402,86
850,30	1507,30
850,48	1404,91
850,66	1488,87
850,84	1499,11
851,03	1507,30
851,21	1474,54
851,39	1394,67
851,57	1435,63
851,75	1486,83
851,93	1449,96
852,11	1460,20
852,29	1521,64
852,47	1439,72
852,66	1447,91
852,84	1382,38
853,02	1415,15
853,20	1449,96
853,38	1525,74
853,56	1406,95
853,74	1488,87
853,92	1458,15
854,10	1423,34
854,28	1372,14
854,46	1527,78
854,65	1464,30
854,83	1460,20
855,01	1503,21
855,19	1363,95
855,37	1478,63
855,55	1454,06
855,73	1488,87
855,91	1443,82
856,09	1470,44
856,27	1396,71
856,45	1486,83
856,63	1441,77
856,81	1468,39
857,00	1392,62
857,18	1439,72
857,36	1449,96
857,54	1474,54
857,72	1419,24
857,90	1484,78
858,08	1564,65
858,26	1427,43
858,44	1433,58
858,62	1425,39
858,80	1423,34
858,98	1462,25
859,16	1445,87
859,34	1439,72
859,52	1456,11
859,70	1445,87
859,88	1415,15
860,06	1470,44
860,24	1423,34
860,42	1525,74
860,60	1495,02
860,78	1474,54
860,96	1503,21
861,14	1474,54
861,32	1447,91
861,50	1468,39
861,69	1439,72
861,87	1406,95
862,05	1466,35
862,23	1480,68
862,41	1474,54
862,59	1417,19
862,77	1409,00
862,95	1466,35
863,13	1484,78
863,31	1437,67
863,49	1341,42
863,67	1529,83
863,85	1417,19
864,03	1402,86
864,21	1390,57
864,39	1411,05
864,57	1472,49
864,75	1462,25
864,92	1523,69
865,10	1480,68
865,28	1443,82
865,46	1445,87
865,64	1449,96
865,82	1544,17
866,00	1386,47
866,18	1431,53
866,36	1566,70
866,54	1472,49
866,72	1443,82
866,90	1511,40
867,08	1470,44
867,26	1388,52
867,44	1421,29
867,62	1521,64
867,80	1447,91
867,98	1488,87
868,16	1476,59
868,34	1527,78
868,52	1507,30
868,70	1439,72
868,88	1402,86
869,06	1544,17
869,24	1462,25
869,42	1478,63
869,59	1454,06
869,77	1503,21
869,95	1425,39
870,13	1427,43
870,31	1343,47
870,49	1419,24
870,67	1454,06
870,85	1415,15
871,03	1560,55
871,21	1554,41
871,39	1402,86
871,57	1472,49
871,75	1472,49
871,92	1445,87
872,10	1417,19
872,28	1439,72
872,46	1402,86
872,64	1460,20
872,82	1302,51
873,00	1490,92
873,18	1351,66
873,36	1462,25
873,54	1402,86
873,72	1425,39
873,89	1509,35
874,07	1439,72
874,25	1527,78
874,43	1519,59
874,61	1413,10
874,79	1447,91
874,97	1378,28
875,15	1423,34
875,33	1460,20
875,50	1482,73
875,68	1439,72
875,86	1441,77
876,04	1484,78
876,22	1482,73
876,40	1452,01
876,58	1402,86
876,76	1511,40
876,93	1517,54
877,11	1443,82
877,29	1507,30
877,47	1464,30
877,65	1439,72
877,83	1490,92
878,01	1431,53
878,18	1398,76
878,36	1447,91
878,54	1492,97
878,72	1445,87
878,90	1454,06
879,08	1507,30
879,25	1482,73
879,43	1513,45
879,61	1468,39
879,79	1482,73
879,97	1490,92
880,15	1486,83
880,32	1443,82
880,50	1472,49
880,68	1419,24
880,86	1517,54
881,04	1509,35
881,22	1488,87
881,39	1458,15
881,57	1591,27
881,75	1431,53
881,93	1490,92
882,11	1441,77
882,28	1478,63
882,46	1456,11
882,64	1406,95
882,82	1400,81
883,00	1568,74
883,18	1462,25
883,35	1462,25
883,53	1419,24
883,71	1480,68
883,89	1458,15
884,07	1368,04
884,24	1419,24
884,42	1419,24
884,60	1431,53
884,78	1507,30
884,95	1445,87
885,13	1433,58
885,31	1433,58
885,49	1443,82
885,67	1425,39
885,84	1447,91
886,02	1441,77
886,20	1458,15
886,38	1462,25
886,55	1464,30
886,73	1370,09
886,91	1425,39
887,09	1370,09
887,26	1460,20
887,44	1431,53
887,62	1542,12
887,80	1435,63
887,98	1425,39
888,15	1402,86
888,33	1380,33
888,51	1470,44
888,69	1472,49
888,86	1468,39
889,04	1495,02
889,22	1380,33
889,39	1472,49
889,57	1521,64
889,75	1482,73
889,93	1419,24
890,10	1427,43
890,28	1411,05
890,46	1515,50
890,64	1433,58
890,81	1437,67
890,99	1435,63
891,17	1447,91
891,34	1529,83
891,52	1435,63
891,70	1386,47
891,88	1402,86
892,05	1394,67
892,23	1437,67
892,41	1490,92
892,58	1462,25
892,76	1509,35
892,94	1380,33
893,12	1513,45
893,29	1511,40
893,47	1460,20
893,65	1382,38
893,82	1427,43
894,00	1527,78
894,18	1429,48
894,35	1482,73
894,53	1466,35
894,71	1474,54
894,89	1439,72
895,06	1423,34
895,24	1366,00
895,42	1445,87
895,59	1411,05
895,77	1427,43
895,95	1452,01
896,12	1433,58
896,30	1468,39
896,48	1456,11
896,65	1472,49
896,83	1425,39
897,01	1396,71
897,18	1413,10
897,36	1533,93
897,54	1470,44
897,71	1470,44
897,89	1511,40
898,07	1404,91
898,24	1378,28
898,42	1339,37
898,59	1488,87
898,77	1390,57
898,95	1394,67
899,12	1550,31
899,30	1417,19
899,48	1464,30
899,65	1431,53
899,83	1333,23
900,01	1404,91
900,18	1507,30
900,36	1386,47
900,53	1411,05
900,71	1474,54
900,89	1468,39
901,06	1472,49
901,24	1452,01
901,42	1480,68
901,59	1370,09
901,77	1427,43
901,94	1474,54
902,12	1445,87
902,30	1398,76
902,47	1460,20
902,65	1419,24
902,82	1409,00
903,00	1454,06
903,18	1425,39
903,35	1433,58
903,53	1394,67
903,70	1445,87
903,88	1437,67
904,06	1386,47
904,23	1419,24
904,41	1443,82
904,58	1435,63
904,76	1406,95
904,93	1456,11
905,11	1466,35
905,29	1435,63
905,46	1406,95
905,64	1513,45
905,81	1351,66
905,99	1431,53
906,16	1490,92
906,34	1423,34
906,52	1443,82
906,69	1421,29
906,87	1464,30
907,04	1423,34
907,22	1386,47
907,39	1476,59
907,57	1443,82
907,75	1480,68
907,92	1476,59
908,10	1513,45
908,27	1468,39
908,45	1411,05
908,62	1497,07
908,80	1435,63
908,97	1359,85
909,15	1376,24
909,32	1392,62
909,50	1476,59
909,67	1406,95
909,85	1452,01
910,03	1370,09
910,20	1406,95
910,38	1476,59
910,55	1423,34
910,73	1441,77
910,90	1425,39
911,08	1497,07
911,25	1415,15
911,43	1404,91
911,60	1464,30
911,78	1441,77
911,95	1470,44
912,13	1435,63
912,30	1484,78
912,48	1458,15
912,65	1443,82
912,83	1409,00
913,00	1400,81
913,18	1468,39
913,35	1339,37
913,53	1361,90
913,70	1468,39
913,88	1468,39
914,05	1427,43
914,23	1390,57
914,40	1499,11
914,58	1368,04
914,75	1447,91
914,93	1415,15
915,10	1415,15
915,27	1544,17
915,45	1431,53
915,62	1499,11
915,80	1478,63
915,97	1462,25
916,15	1429,48
916,32	1515,50
916,50	1419,24
916,67	1466,35
916,85	1458,15
917,02	1454,06
917,20	1501,16
917,37	1433,58
917,54	1476,59
917,72	1486,83
917,89	1454,06
918,07	1409,00
918,24	1464,30
918,42	1443,82
918,59	1462,25
918,77	1505,26
918,94	1425,39
919,11	1433,58
919,29	1392,62
919,46	1433,58
919,64	1427,43
919,81	1454,06
919,99	1394,67
920,16	1482,73
920,33	1525,74
920,51	1443,82
920,68	1437,67
920,86	1368,04
921,03	1492,97
921,20	1433,58
921,38	1417,19
921,55	1503,21
921,73	1495,02
921,90	1384,43
922,07	1419,24
922,25	1476,59
922,42	1404,91
922,60	1486,83
922,77	1437,67
922,94	1439,72
923,12	1468,39
923,29	1538,02
923,47	1370,09
923,64	1454,06
923,81	1406,95
923,99	1372,14
924,16	1474,54
924,34	1476,59
924,51	1488,87
924,68	1599,46
924,86	1458,15
925,03	1447,91
925,20	1525,74
925,38	1423,34
925,55	1404,91
925,72	1460,20
925,90	1359,85
926,07	1351,66
926,25	1538,02
926,42	1400,81
926,59	1447,91
926,77	1462,25
926,94	1521,64
927,11	1361,90
927,29	1447,91
927,46	1435,63
927,63	1464,30
927,81	1480,68
927,98	1519,59
928,15	1427,43
928,33	1452,01
928,50	1394,67
928,67	1503,21
928,85	1409,00
929,02	1441,77
929,19	1492,97
929,37	1480,68
929,54	1472,49
929,71	1443,82
929,89	1386,47
930,06	1501,16
930,23	1486,83
930,41	1519,59
930,58	1372,14
930,75	1527,78
930,92	1486,83
931,10	1492,97
931,27	1458,15
931,44	1497,07
931,62	1359,85
931,79	1435,63
931,96	1447,91
932,14	1396,71
932,31	1456,11
932,48	1544,17
932,65	1347,56
932,83	1478,63
933,00	1390,57
933,17	1464,30
933,35	1406,95
933,52	1447,91
933,69	1462,25
933,86	1449,96
934,04	1439,72
934,21	1388,52
934,38	1452,01
934,55	1423,34
934,73	1433,58
934,90	1466,35
935,07	1394,67
935,25	1505,26
935,42	1361,90
935,59	1413,10
935,76	1443,82
935,94	1449,96
936,11	1466,35
936,28	1460,20
936,45	1464,30
936,63	1452,01
936,80	1406,95
936,97	1476,59
937,14	1402,86
937,31	1554,41
937,49	1445,87
937,66	1497,07
937,83	1497,07
938,00	1449,96
938,18	1382,38
938,35	1443,82
938,52	1517,54
938,69	1431,53
938,87	1443,82
939,04	1394,67
939,21	1396,71
939,38	1560,55
939,55	1392,62
939,73	1492,97
939,90	1474,54
940,07	1433,58
940,24	1535,98
940,41	1468,39
940,59	1368,04
940,76	1464,30
940,93	1390,57
941,10	1384,43
941,27	1443,82
941,45	1456,11
941,62	1540,07
941,79	1517,54
941,96	1470,44
942,13	1478,63
942,31	1449,96
942,48	1505,26
942,65	1576,94
942,82	1443,82
942,99	1433,58
943,16	1382,38
943,34	1511,40
943,51	1513,45
943,68	1472,49
943,85	1464,30
944,02	1400,81
944,19	1435,63
944,37	1452,01
944,54	1464,30
944,71	1439,72
944,88	1529,83
945,05	1415,15
945,22	1464,30
945,40	1499,11
945,57	1429,48
945,74	1439,72
945,91	1419,24
946,08	1443,82
946,25	1429,48
946,42	1466,35
946,60	1431,53
946,77	1439,72
946,94	1427,43
947,11	1464,30
947,28	1402,86
947,45	1425,39
947,62	1378,28
947,79	1499,11
947,97	1560,55
948,14	1492,97
948,31	1509,35
948,48	1472,49
948,65	1427,43
948,82	1476,59
948,99	1497,07
949,16	1499,11
949,33	1458,15
949,51	1513,45
949,68	1425,39
949,85	1480,68
950,02	1427,43
950,19	1449,96
950,36	1443,82
950,53	1374,19
950,70	1521,64
950,87	1447,91
951,04	1368,04
951,22	1409,00
951,39	1490,92
951,56	1484,78
951,73	1421,29
951,90	1368,04
952,07	1398,76
952,24	1462,25
952,41	1501,16
952,58	1363,95
952,75	1497,07
952,92	1425,39
953,09	1517,54
953,26	1429,48
953,43	1492,97
953,61	1484,78
953,78	1464,30
953,95	1517,54
954,12	1411,05
954,29	1384,43
954,46	1441,77
954,63	1400,81
954,80	1472,49
954,97	1380,33
955,14	1419,24
955,31	1505,26
955,48	1388,52
955,65	1402,86
955,82	1478,63
955,99	1464,30
956,16	1433,58
956,33	1466,35
956,50	1435,63
956,67	1476,59
956,84	1460,20
957,01	1419,24
957,18	1464,30
957,35	1441,77
957,52	1488,87
957,69	1423,34
957,86	1445,87
958,03	1460,20
958,20	1429,48
958,37	1423,34
958,54	1490,92
958,71	1382,38
958,88	1505,26
959,05	1419,24
959,22	1464,30
959,39	1460,20
959,56	1439,72
959,73	1476,59
959,90	1468,39
960,07	1411,05
960,24	1370,09
960,41	1456,11
960,58	1513,45
960,75	1445,87
960,92	1429,48
961,09	1499,11
961,26	1478,63
961,43	1435,63
961,60	1482,73
961,77	1378,28
961,94	1404,91
962,11	1417,19
962,28	1535,98
962,45	1431,53
962,62	1517,54
962,79	1423,34
962,96	1454,06
963,13	1394,67
963,30	1478,63
963,47	1427,43
963,64	1452,01
963,81	1454,06
963,98	1423,34
964,14	1437,67
964,31	1472,49
964,48	1468,39
964,65	1468,39
964,82	1376,24
964,99	1468,39
965,16	1404,91
965,33	1519,59
965,50	1374,19
965,67	1484,78
965,84	1525,74
966,01	1454,06
966,18	1449,96
966,35	1437,67
966,51	1449,96
966,68	1552,36
966,85	1492,97
967,02	1400,81
967,19	1466,35
967,36	1423,34
967,53	1499,11
967,70	1460,20
967,87	1415,15
968,04	1521,64
968,21	1431,53
968,37	1441,77
968,54	1357,80
968,71	1447,91
968,88	1456,11
969,05	1404,91
969,22	1503,21
969,39	1482,73
969,56	1552,36
969,72	1454,06
969,89	1452,01
970,06	1497,07
970,23	1427,43
970,40	1415,15
970,57	1484,78
970,74	1404,91
970,91	1316,84
971,07	1355,76
971,24	1449,96
971,41	1443,82
971,58	1472,49
971,75	1425,39
971,92	1439,72
972,09	1406,95
972,25	1415,15
972,42	1458,15
972,59	1353,71
972,76	1472,49
972,93	1484,78
973,10	1417,19
973,27	1462,25
973,43	1480,68
973,60	1464,30
973,77	1484,78
973,94	1445,87
974,11	1480,68
974,28	1484,78
974,44	1327,08
974,61	1396,71
974,78	1374,19
974,95	1400,81
975,12	1507,30
975,28	1435,63
975,45	1464,30
975,62	1447,91
975,79	1388,52
975,96	1400,81
976,12	1443,82
976,29	1466,35
976,46	1368,04
976,63	1472,49
976,80	1445,87
976,96	1402,86
977,13	1427,43
977,30	1413,10
977,47	1404,91
977,64	1443,82
977,80	1378,28
977,97	1470,44
978,14	1562,60
978,31	1398,76
978,48	1425,39
978,64	1398,76
978,81	1447,91
978,98	1419,24
979,15	1306,60
979,31	1406,95
979,48	1460,20
979,65	1423,34
979,82	1404,91
979,98	1341,42
980,15	1452,01
980,32	1488,87
980,49	1437,67
980,66	1396,71
980,82	1398,76
980,99	1452,01
981,16	1421,29
981,33	1431,53
981,49	1394,67
981,66	1351,66
981,83	1474,54
981,99	1396,71
982,16	1411,05
982,33	1427,43
982,50	1372,14
982,66	1435,63
982,83	1322,99
983,00	1488,87
983,17	1396,71
983,33	1425,39
983,50	1419,24
983,67	1404,91
983,83	1386,47
984,00	1429,48
984,17	1544,17
984,34	1366,00
984,50	1347,56
984,67	1353,71
984,84	1466,35
985,00	1437,67
985,17	1466,35
985,34	1378,28
985,51	1400,81
985,67	1406,95
985,84	1402,86
986,01	1314,80
986,17	1361,90
986,34	1394,67
986,51	1337,32
986,67	1415,15
986,84	1388,52
987,01	1406,95
987,17	1449,96
987,34	1363,95
987,51	1370,09
987,67	1353,71
987,84	1390,57
988,01	1470,44
988,17	1331,18
988,34	1449,96
988,51	1492,97
988,67	1495,02
988,84	1384,43
989,01	1406,95
989,17	1396,71
989,34	1386,47
989,51	1447,91
989,67	1462,25
989,84	1421,29
990,01	1505,26
990,17	1429,48
990,34	1394,67
990,51	1447,91
990,67	1366,00
990,84	1400,81
991,01	1392,62
991,17	1501,16
991,34	1351,66
991,50	1423,34
991,67	1409,00
991,84	1341,42
992,00	1468,39
992,17	1468,39
992,34	1406,95
992,50	1431,53
992,67	1443,82
992,83	1505,26
993,00	1441,77
993,17	1466,35
993,33	1374,19
993,50	1486,83
993,66	1411,05
993,83	1415,15
994,00	1406,95
994,16	1464,30
994,33	1439,72
994,49	1466,35
994,66	1439,72
994,83	1415,15
994,99	1431,53
995,16	1472,49
995,32	1417,19
995,49	1464,30
995,66	1454,06
995,82	1386,47
995,99	1290,22
996,15	1445,87
996,32	1456,11
996,48	1331,18
996,65	1435,63
996,82	1353,71
996,98	1462,25
997,15	1501,16
997,31	1398,76
997,48	1425,39
997,64	1378,28
997,81	1384,43
997,97	1386,47
998,14	1386,47
998,31	1445,87
998,47	1337,32
998,64	1470,44
998,80	1490,92
998,97	1482,73
999,13	1458,15
999,30	1462,25
999,46	1355,76
999,63	1394,67
999,79	1472,49
999,96	1482,73
1000,12	1402,86
1000,29	1392,62
1000,45	1404,91
1000,62	1431,53
1000,79	1492,97
1000,95	1482,73
1001,12	1380,33
1001,28	1374,19
1001,45	1443,82
1001,61	1449,96
1001,78	1413,10
1001,94	1417,19
1002,11	1413,10
1002,27	1470,44
1002,44	1445,87
1002,60	1454,06
1002,77	1466,35
1002,93	1495,02
1003,10	1347,56
1003,26	1400,81
1003,43	1482,73
1003,59	1433,58
1003,76	1402,86
1003,92	1456,11
1004,09	1439,72
1004,25	1406,95
1004,41	1380,33
1004,58	1466,35
1004,74	1415,15
1004,91	1423,34
1005,07	1449,96
1005,24	1538,02
1005,40	1439,72
1005,57	1343,47
1005,73	1392,62
1005,90	1415,15
1006,06	1396,71
1006,23	1499,11
1006,39	1437,67
1006,55	1374,19
1006,72	1462,25
1006,88	1439,72
1007,05	1429,48
1007,21	1392,62
1007,38	1441,77
1007,54	1460,20
1007,71	1398,76
1007,87	1306,60
1008,03	1390,57
1008,20	1427,43
1008,36	1488,87
1008,53	1445,87
1008,69	1452,01
1008,86	1458,15
1009,02	1316,84
1009,18	1470,44
1009,35	1370,09
1009,51	1357,80
1009,68	1366,00
1009,84	1335,28
1010,01	1366,00
1010,17	1404,91
1010,33	1339,37
1010,50	1433,58
1010,66	1556,46
1010,83	1415,15
1010,99	1505,26
1011,15	1357,80
1011,32	1429,48
1011,48	1394,67
1011,65	1501,16
1011,81	1372,14
1011,97	1386,47
1012,14	1468,39
1012,30	1470,44
1012,46	1382,38
1012,63	1411,05
1012,79	1447,91
1012,96	1419,24
1013,12	1394,67
1013,28	1445,87
1013,45	1454,06
1013,61	1361,90
1013,77	1339,37
1013,94	1505,26
1014,10	1404,91
1014,26	1523,69
1014,43	1445,87
1014,59	1361,90
1014,76	1427,43
1014,92	1456,11
1015,08	1376,24
1015,25	1374,19
1015,41	1452,01
1015,57	1429,48
1015,74	1413,10
1015,90	1454,06
1016,06	1376,24
1016,23	1439,72
1016,39	1355,76
1016,55	1396,71
1016,72	1396,71
1016,88	1472,49
1017,04	1353,71
1017,21	1343,47
1017,37	1333,23
1017,53	1429,48
1017,70	1497,07
1017,86	1396,71
1018,02	1345,52
1018,19	1363,95
1018,35	1488,87
1018,51	1406,95
1018,67	1400,81
1018,84	1316,84
1019,00	1415,15
1019,16	1437,67
1019,33	1413,10
1019,49	1452,01
1019,65	1411,05
1019,82	1398,76
1019,98	1427,43
1020,14	1468,39
1020,30	1478,63
1020,47	1417,19
1020,63	1417,19
1020,79	1366,00
1020,96	1402,86
1021,12	1388,52
1021,28	1443,82
1021,44	1359,85
1021,61	1480,68
1021,77	1388,52
1021,93	1314,80
1022,09	1564,65
1022,26	1499,11
1022,42	1425,39
1022,58	1466,35
1022,74	1460,20
1022,91	1441,77
1023,07	1400,81
1023,23	1351,66
1023,39	1378,28
1023,56	1355,76
1023,72	1515,50
1023,88	1341,42
1024,04	1441,77
1024,21	1372,14
1024,37	1439,72
1024,53	1409,00
1024,69	1331,18
1024,86	1394,67
1025,02	1431,53
1025,18	1392,62
1025,34	1353,71
1025,50	1458,15
1025,67	1396,71
1025,83	1398,76
1025,99	1462,25
1026,15	1431,53
1026,32	1386,47
1026,48	1402,86
1026,64	1435,63
1026,80	1411,05
1026,96	1445,87
1027,13	1361,90
1027,29	1449,96
1027,45	1449,96
1027,61	1366,00
1027,77	1460,20
1027,94	1472,49
1028,10	1439,72
1028,26	1372,14
1028,42	1394,67
1028,58	1458,15
1028,75	1386,47
1028,91	1449,96
1029,07	1480,68
1029,23	1460,20
1029,39	1488,87
1029,55	1327,08
1029,72	1417,19
1029,88	1445,87
1030,04	1370,09
1030,20	1417,19
1030,36	1394,67
1030,52	1374,19
1030,69	1466,35
1030,85	1335,28
1031,01	1433,58
1031,17	1390,57
1031,33	1398,76
1031,49	1501,16
1031,65	1419,24
1031,82	1449,96
1031,98	1343,47
1032,14	1337,32
1032,30	1495,02
1032,46	1435,63
1032,62	1392,62
1032,78	1429,48
1032,95	1349,61
1033,11	1480,68
1033,27	1421,29
1033,43	1386,47
1033,59	1400,81
1033,75	1439,72
1033,91	1413,10
1034,07	1509,35
1034,24	1306,60
1034,40	1349,61
1034,56	1380,33
1034,72	1406,95
1034,88	1411,05
1035,04	1458,15
1035,20	1443,82
1035,36	1386,47
1035,52	1394,67
1035,68	1363,95
1035,85	1431,53
1036,01	1357,80
1036,17	1486,83
1036,33	1415,15
1036,49	1390,57
1036,65	1404,91
1036,81	1464,30
1036,97	1429,48
1037,13	1484,78
1037,29	1431,53
1037,45	1406,95
1037,61	1423,34
1037,78	1449,96
1037,94	1435,63
1038,10	1402,86
1038,26	1458,15
1038,42	1392,62
1038,58	1361,90
1038,74	1452,01
1038,90	1480,68
1039,06	1394,67
1039,22	1433,58
1039,38	1392,62
1039,54	1456,11
1039,70	1425,39
1039,86	1431,53
1040,02	1425,39
1040,18	1382,38
1040,34	1361,90
1040,50	1419,24
1040,66	1460,20
1040,83	1474,54
1040,99	1392,62
1041,15	1449,96
1041,31	1443,82
1041,47	1398,76
1041,63	1437,67
1041,79	1433,58
1041,95	1472,49
1042,11	1382,38
1042,27	1417,19
1042,43	1488,87
1042,59	1452,01
1042,75	1447,91
1042,91	1464,30
