344,25	1261,55
344,46	1261,55
344,68	1261,55
344,90	1224,69
345,12	1210,35
345,34	1431,53
345,55	1423,34
345,77	1433,58
345,99	1439,72
346,21	1386,47
346,42	1452,01
346,64	1329,13
346,86	1433,58
347,08	1419,24
347,30	1423,34
347,51	1384,43
347,73	1415,15
347,95	1370,09
348,17	1411,05
348,38	1490,92
348,60	1322,99
348,82	1439,72
349,04	1386,47
349,25	1476,59
349,47	1441,77
349,69	1439,72
349,91	1517,54
350,13	1308,65
350,34	1447,91
350,56	1339,37
350,78	1402,86
351,00	1460,20
351,21	1325,04
351,43	1468,39
351,65	1378,28
351,87	1421,29
352,08	1427,43
352,30	1452,01
352,52	1421,29
352,74	1480,68
352,95	1404,91
353,17	1366,00
353,39	1433,58
353,61	1443,82
353,82	1384,43
354,04	1482,73
354,26	1415,15
354,47	1415,15
354,69	1472,49
354,91	1409,00
355,13	1441,77
355,34	1437,67
355,56	1368,04
355,78	1462,25
356,00	1413,10
356,21	1378,28
356,43	1376,24
356,65	1388,52
356,86	1429,48
357,08	1542,12
357,30	1644,52
357,52	1452,01
357,73	1394,67
357,95	1431,53
358,17	1429,48
358,38	1470,44
358,60	1484,78
358,82	1480,68
359,04	1517,54
359,25	1535,98
359,47	1566,70
359,69	1509,35
359,90	1417,19
360,12	1658,85
360,34	1497,07
360,56	1505,26
360,77	1646,57
360,99	1654,76
361,21	1630,18
361,42	1507,30
361,64	1611,75
361,86	1632,23
362,07	1718,25
362,29	1638,38
362,51	1638,38
362,73	1681,38
362,94	1701,86
363,16	1710,05
363,38	1728,49
363,59	1693,67
363,81	1791,97
364,03	1802,21
364,24	1751,01
364,46	1642,47
364,68	1699,81
364,89	1662,95
365,11	1730,53
365,33	1765,35
365,54	1810,40
365,76	1763,30
365,98	1814,50
366,19	1828,84
366,41	1886,18
366,63	1714,15
366,84	1810,40
367,06	1646,57
367,28	1845,22
367,49	1736,68
367,71	1755,11
367,93	1720,29
368,14	1775,59
368,36	1738,73
368,58	1775,59
368,79	1720,29
369,01	1746,92
369,23	1810,40
369,44	1802,21
369,66	1644,52
369,88	1812,45
370,09	1677,29
370,31	1716,20
370,53	1814,50
370,74	1718,25
370,96	1710,05
371,18	1789,92
371,39	1755,11
371,61	1712,10
371,82	1808,36
372,04	1769,44
372,26	1648,61
372,47	1673,19
372,69	1642,47
372,91	1761,25
373,12	1621,99
373,34	1742,82
373,56	1624,04
373,77	1693,67
373,99	1679,33
374,20	1677,29
374,42	1759,21
374,64	1726,44
374,85	1689,57
375,07	1751,01
375,29	1746,92
375,50	1595,37
375,72	1599,46
375,93	1533,93
376,15	1576,94
376,37	1613,80
376,58	1548,26
376,80	1613,80
377,01	1533,93
377,23	1677,29
377,45	1574,89
377,66	1554,41
377,88	1558,50
378,10	1544,17
378,31	1556,46
378,53	1671,14
378,74	1562,60
378,96	1630,18
379,18	1626,09
379,39	1548,26
379,61	1519,59
379,82	1435,63
380,04	1607,66
380,26	1550,31
380,47	1472,49
380,69	1574,89
380,90	1624,04
381,12	1449,96
381,33	1490,92
381,55	1470,44
381,77	1472,49
381,98	1529,83
382,20	1349,61
382,41	1503,21
382,63	1419,24
382,85	1519,59
383,06	1519,59
383,28	1429,48
383,49	1503,21
383,71	1535,98
383,92	1452,01
384,14	1437,67
384,36	1443,82
384,57	1351,66
384,79	1411,05
385,00	1548,26
385,22	1406,95
385,43	1425,39
385,65	1392,62
385,87	1456,11
386,08	1370,09
386,30	1495,02
386,51	1431,53
386,73	1435,63
386,94	1466,35
387,16	1439,72
387,37	1486,83
387,59	1482,73
387,81	1533,93
388,02	1478,63
388,24	1449,96
388,45	1452,01
388,67	1466,35
388,88	1488,87
389,10	1398,76
389,31	1587,18
389,53	1431,53
389,75	1476,59
389,96	1505,26
390,18	1443,82
390,39	1441,77
390,61	1501,16
390,82	1472,49
391,04	1505,26
391,25	1495,02
391,47	1515,50
391,68	1478,63
391,90	1517,54
392,11	1546,22
392,33	1402,86
392,54	1357,80
392,76	1552,36
392,97	1417,19
393,19	1505,26
393,41	1509,35
393,62	1550,31
393,84	1492,97
394,05	1488,87
394,27	1540,07
394,48	1499,11
394,70	1574,89
394,91	1523,69
395,13	1566,70
395,34	1548,26
395,56	1486,83
395,77	1525,74
395,99	1474,54
396,20	1484,78
396,42	1521,64
396,63	1468,39
396,85	1597,42
397,06	1550,31
397,28	1482,73
397,49	1484,78
397,71	1513,45
397,92	1484,78
398,14	1656,81
398,35	1648,61
398,57	1564,65
398,78	1691,62
399,00	1591,27
399,21	1597,42
399,43	1583,08
399,64	1611,75
399,86	1570,79
400,07	1587,18
400,29	1679,33
400,50	1728,49
400,72	1654,76
400,93	1548,26
401,14	1644,52
401,36	1599,46
401,57	1595,37
401,79	1710,05
402,00	1634,28
402,22	1621,99
402,43	1701,86
402,65	1671,14
402,86	1619,94
403,08	1691,62
403,29	1732,58
403,51	1689,57
403,72	1583,08
403,94	1570,79
404,15	1662,95
404,36	1628,14
404,58	1955,81
404,79	1642,47
405,01	1585,13
405,22	1681,38
405,44	1599,46
405,65	1720,29
405,87	1550,31
406,08	1636,33
406,30	1632,23
406,51	1587,18
406,72	1697,77
406,94	1628,14
407,15	1695,72
407,37	1595,37
407,58	1591,27
407,80	1550,31
408,01	1599,46
408,23	1527,78
408,44	1564,65
408,65	1566,70
408,87	1611,75
409,08	1615,85
409,30	1556,46
409,51	1636,33
409,73	1578,98
409,94	1546,22
410,15	1617,90
410,37	1556,46
410,58	1552,36
410,80	1640,42
411,01	1562,60
411,23	1572,84
411,44	1556,46
411,65	1679,33
411,87	1587,18
412,08	1578,98
412,30	1546,22
412,51	1548,26
412,72	1599,46
412,94	1587,18
413,15	1533,93
413,37	1505,26
413,58	1540,07
413,79	1624,04
414,01	1607,66
414,22	1576,94
414,44	1589,22
414,65	1568,74
414,86	1568,74
415,08	1525,74
415,29	1517,54
415,51	1490,92
415,72	1572,84
415,93	1593,32
416,15	1525,74
416,36	1644,52
416,58	1593,32
416,79	1576,94
417,00	1619,94
417,22	1548,26
417,43	1718,25
417,65	1611,75
417,86	1673,19
418,07	1718,25
418,29	1671,14
418,50	1695,72
418,71	1630,18
418,93	1550,31
419,14	1564,65
419,36	1619,94
419,57	1552,36
419,78	1656,81
420,00	1554,41
420,21	1667,05
420,42	1757,16
420,64	1599,46
420,85	1648,61
421,06	1710,05
421,28	1748,97
421,49	1605,61
421,71	1660,90
421,92	1667,05
422,13	1720,29
422,35	1697,77
422,56	1640,42
422,77	1777,64
422,99	1759,21
423,20	1767,40
423,41	1789,92
423,63	1636,33
423,84	1785,83
424,05	1775,59
424,27	1753,06
424,48	1765,35
424,69	1705,96
424,91	2873,30
425,12	1675,24
425,33	1753,06
425,55	1783,78
425,76	1748,97
425,97	1880,04
426,19	1744,87
426,40	1830,88
426,61	1789,92
426,83	1882,08
427,04	1863,65
427,25	1828,84
427,47	1906,66
427,68	1886,18
427,89	1843,17
428,11	1902,56
428,32	1777,64
428,53	1877,99
428,75	1814,50
428,96	1904,61
429,17	1751,01
429,39	1763,30
429,60	1773,54
429,81	1845,22
430,03	1781,73
430,24	1763,30
430,45	1724,39
430,67	1765,35
430,88	1810,40
431,09	1800,16
431,30	1789,92
431,52	1865,70
431,73	1722,34
431,94	1759,21
432,16	1808,36
432,37	1701,86
432,58	1763,30
432,80	1695,72
433,01	1759,21
433,22	1640,42
433,43	1667,05
433,65	1636,33
433,86	1562,60
434,07	1587,18
434,29	1601,51
434,50	1617,90
434,71	1703,91
434,92	1611,75
435,14	1617,90
435,35	1564,65
435,56	1490,92
435,77	1581,03
435,99	1478,63
436,20	1556,46
436,41	1527,78
436,63	1478,63
436,84	1542,12
437,05	1607,66
437,26	1538,02
437,48	1517,54
437,69	1535,98
437,90	1595,37
438,11	1474,54
438,33	1476,59
438,54	1529,83
438,75	1566,70
438,96	1591,27
439,18	1574,89
439,39	1480,68
439,60	1523,69
439,82	1517,54
440,03	1531,88
440,24	1599,46
440,45	1488,87
440,67	1488,87
440,88	1523,69
441,09	1552,36
441,30	1441,77
441,51	1634,28
441,73	1458,15
441,94	1497,07
442,15	1472,49
442,36	1542,12
442,58	1490,92
442,79	1439,72
443,00	1533,93
443,21	1595,37
443,43	1544,17
443,64	1505,26
443,85	1454,06
444,06	1519,59
444,28	1484,78
444,49	1419,24
444,70	1464,30
444,91	1540,07
445,12	1460,20
445,34	1398,76
445,55	1566,70
445,76	1503,21
445,97	1470,44
446,18	1449,96
446,40	1505,26
446,61	1435,63
446,82	1488,87
447,03	1501,16
447,25	1452,01
447,46	1486,83
447,67	1460,20
447,88	1380,33
448,09	1519,59
448,31	1533,93
448,52	1472,49
448,73	1521,64
448,94	1454,06
449,15	1447,91
449,37	1421,29
449,58	1411,05
449,79	1513,45
450,00	1507,30
450,21	1464,30
450,43	1425,39
450,64	1464,30
450,85	1468,39
451,06	1497,07
451,27	1460,20
451,48	1398,76
451,70	1447,91
451,91	1384,43
452,12	1437,67
452,33	1484,78
452,54	1464,30
452,76	1499,11
452,97	1482,73
453,18	1443,82
453,39	1429,48
453,60	1445,87
453,81	1419,24
454,03	1472,49
454,24	1427,43
454,45	1386,47
454,66	1409,00
454,87	1419,24
455,08	1382,38
455,30	1454,06
455,51	1511,40
455,72	1525,74
455,93	1439,72
456,14	1427,43
456,35	1370,09
456,56	1492,97
456,78	1484,78
456,99	1398,76
457,20	1423,34
457,41	1476,59
457,62	1499,11
457,83	1482,73
458,04	1482,73
458,26	1384,43
458,47	1390,57
458,68	1415,15
458,89	1435,63
459,10	1411,05
459,31	1423,34
459,52	1488,87
459,74	1443,82
459,95	1427,43
460,16	1507,30
460,37	1521,64
460,58	1449,96
460,79	1490,92
461,00	1517,54
461,21	1441,77
461,43	1392,62
461,64	1501,16
461,85	1488,87
462,06	1474,54
462,27	1503,21
462,48	1476,59
462,69	1525,74
462,90	1423,34
463,12	1548,26
463,33	1402,86
463,54	1380,33
463,75	1406,95
463,96	1476,59
464,17	1400,81
464,38	1439,72
464,59	1398,76
464,80	1386,47
465,01	1447,91
465,23	1456,11
465,44	1513,45
465,65	1406,95
465,86	1372,14
466,07	1396,71
466,28	1447,91
466,49	1466,35
466,70	1468,39
466,91	1468,39
467,12	1521,64
467,33	1435,63
467,55	1417,19
467,76	1443,82
467,97	1464,30
468,18	1454,06
468,39	1488,87
468,60	1566,70
468,81	1390,57
469,02	1431,53
469,23	1398,76
469,44	1437,67
469,65	1402,86
469,86	1429,48
470,07	1456,11
470,29	1525,74
470,50	1409,00
470,71	1468,39
470,92	1460,20
471,13	1445,87
471,34	1488,87
471,55	1409,00
471,76	1419,24
471,97	1411,05
472,18	1363,95
472,39	1482,73
472,60	1468,39
472,81	1517,54
473,02	1484,78
473,23	1470,44
473,44	1423,34
473,65	1433,58
473,87	1413,10
474,08	1464,30
474,29	1439,72
474,50	1464,30
474,71	1394,67
474,92	1517,54
475,13	1382,38
475,34	1525,74
475,55	1421,29
475,76	1441,77
475,97	1439,72
476,18	1394,67
476,39	1529,83
476,60	1460,20
476,81	1419,24
477,02	1439,72
477,23	1492,97
477,44	1521,64
477,65	1384,43
477,86	1488,87
478,07	1544,17
478,28	1492,97
478,49	1538,02
478,70	1511,40
478,91	1439,72
479,12	1370,09
479,33	1449,96
479,54	1447,91
479,75	1501,16
479,96	1460,20
480,17	1441,77
480,38	1490,92
480,59	1464,30
480,80	1417,19
481,01	1476,59
481,22	1411,05
481,43	1515,50
481,64	1452,01
481,85	1480,68
482,06	1402,86
482,27	1435,63
482,48	1400,81
482,69	1521,64
482,90	1392,62
483,11	1499,11
483,32	1492,97
483,53	1488,87
483,74	1439,72
483,95	1427,43
484,16	1394,67
484,37	1376,24
484,58	1474,54
484,79	1558,50
485,00	1404,91
485,21	1458,15
485,42	1484,78
485,63	1578,98
485,84	1431,53
486,05	1411,05
486,26	1505,26
486,47	1449,96
486,68	1404,91
486,89	1480,68
487,10	1417,19
487,31	1484,78
487,52	1472,49
487,73	1492,97
487,94	1404,91
488,15	1398,76
488,36	1402,86
488,57	1425,39
488,77	1452,01
488,98	1480,68
489,19	1462,25
489,40	1490,92
489,61	1445,87
489,82	1464,30
490,03	1425,39
490,24	1429,48
490,45	1482,73
490,66	1497,07
490,87	1566,70
491,08	1378,28
491,29	1439,72
491,50	1421,29
491,71	1429,48
491,92	1460,20
492,13	1415,15
492,33	1427,43
492,54	1421,29
492,75	1345,52
492,96	1466,35
493,17	1509,35
493,38	1490,92
493,59	1425,39
493,80	1470,44
494,01	1490,92
494,22	1546,22
494,43	1470,44
494,64	1495,02
494,85	1513,45
495,05	1452,01
495,26	1501,16
495,47	1501,16
495,68	1507,30
495,89	1427,43
496,10	1372,14
496,31	1429,48
496,52	1519,59
496,73	1441,77
496,94	1447,91
497,15	1476,59
497,35	1509,35
497,56	1435,63
497,77	1454,06
497,98	1478,63
498,19	1439,72
498,40	1482,73
498,61	1462,25
498,82	1435,63
499,03	1390,57
499,23	1419,24
499,44	1476,59
499,65	1490,92
499,86	1478,63
500,07	1513,45
500,28	1490,92
500,49	1476,59
500,70	1452,01
500,91	1386,47
501,11	1472,49
501,32	1470,44
501,53	1468,39
501,74	1439,72
501,95	1421,29
502,16	1417,19
502,37	1406,95
502,57	1468,39
502,78	1503,21
502,99	1476,59
503,20	1400,81
503,41	1439,72
503,62	1462,25
503,83	1435,63
504,03	1437,67
504,24	1388,52
504,45	1452,01
504,66	1366,00
504,87	1490,92
505,08	1392,62
505,29	1456,11
505,49	1421,29
505,70	1474,54
505,91	1419,24
506,12	1437,67
506,33	1519,59
506,54	1472,49
506,75	1476,59
506,95	1454,06
507,16	1515,50
507,37	1396,71
507,58	1525,74
507,79	1427,43
508,00	1441,77
508,20	1404,91
508,41	1480,68
508,62	1478,63
508,83	1484,78
509,04	1513,45
509,24	1478,63
509,45	1828,84
509,66	1384,43
509,87	1484,78
510,08	1388,52
510,29	1488,87
510,49	1490,92
510,70	1378,28
510,91	1447,91
511,12	1462,25
511,33	1439,72
511,53	1435,63
511,74	1421,29
511,95	1476,59
512,16	1452,01
512,37	1521,64
512,57	1429,48
512,78	1503,21
512,99	1396,71
513,20	1570,79
513,41	1533,93
513,61	1409,00
513,82	1466,35
514,03	1398,76
514,24	1462,25
514,45	1476,59
514,65	1454,06
514,86	1421,29
515,07	1476,59
515,28	1445,87
515,49	1495,02
515,69	1490,92
515,90	1478,63
516,11	1419,24
516,32	1458,15
516,52	1529,83
516,73	1499,11
516,94	1490,92
517,15	1441,77
517,36	1374,19
517,56	1497,07
517,77	1476,59
517,98	1482,73
518,19	1443,82
518,39	1511,40
518,60	1486,83
518,81	1556,46
519,02	1345,52
519,22	1474,54
519,43	1472,49
519,64	1515,50
519,85	1370,09
520,05	1458,15
520,26	1439,72
520,47	1546,22
520,68	1452,01
520,88	1468,39
521,09	1499,11
521,30	1486,83
521,51	1425,39
521,71	1474,54
521,92	1492,97
522,13	1431,53
522,34	1460,20
522,54	1417,19
522,75	1419,24
522,96	1458,15
523,17	1497,07
523,37	1449,96
523,58	1437,67
523,79	1509,35
523,99	1488,87
524,20	1415,15
524,41	1540,07
524,62	1458,15
524,82	1574,89
525,03	1486,83
525,24	1417,19
525,45	1525,74
525,65	1398,76
525,86	1513,45
526,07	1425,39
526,27	1435,63
526,48	1443,82
526,69	1476,59
526,90	1400,81
527,10	1531,88
527,31	1458,15
527,52	1404,91
527,72	1476,59
527,93	1462,25
528,14	1443,82
528,34	1454,06
528,55	1394,67
528,76	1454,06
528,97	1398,76
529,17	1415,15
529,38	1470,44
529,59	1404,91
529,79	1406,95
530,00	1449,96
530,21	1490,92
530,41	1505,26
530,62	1447,91
530,83	1517,54
531,03	1486,83
531,24	1431,53
531,45	1509,35
531,65	1445,87
531,86	1484,78
532,07	1454,06
532,27	1529,83
532,48	1478,63
532,69	1419,24
532,89	1560,55
533,10	1437,67
533,31	1427,43
533,51	1492,97
533,72	1413,10
533,93	1470,44
534,13	1447,91
534,34	1421,29
534,55	1460,20
534,75	1423,34
534,96	1546,22
535,17	1406,95
535,37	1482,73
535,58	1437,67
535,79	1423,34
535,99	1402,86
536,20	1484,78
536,41	1275,88
536,61	1488,87
536,82	1521,64
537,03	1478,63
537,23	1499,11
537,44	1435,63
537,64	1402,86
537,85	1521,64
538,06	1394,67
538,26	1499,11
538,47	1460,20
538,68	1452,01
538,88	1370,09
539,09	1478,63
539,30	1447,91
539,50	1576,94
539,71	1441,77
539,91	1429,48
540,12	1384,43
540,33	1533,93
540,53	1447,91
540,74	1445,87
540,94	1464,30
541,15	1538,02
541,36	1552,36
541,56	1476,59
541,77	1474,54
541,98	1535,98
542,18	1511,40
542,39	1544,17
542,59	1452,01
542,80	1472,49
543,01	1419,24
543,21	1503,21
543,42	1431,53
543,62	1480,68
543,83	1533,93
544,04	1433,58
544,24	1445,87
544,45	1390,57
544,65	1468,39
544,86	1509,35
545,06	1458,15
545,27	1431,53
545,48	1404,91
545,68	1482,73
545,89	1443,82
546,09	1394,67
546,30	1449,96
546,51	1519,59
546,71	1386,47
546,92	1435,63
547,12	1431,53
547,33	1394,67
547,53	1427,43
547,74	1484,78
547,95	1474,54
548,15	1423,34
548,36	1509,35
548,56	1474,54
548,77	1421,29
548,97	1476,59
549,18	1503,21
549,39	1495,02
549,59	1437,67
549,80	1462,25
550,00	1413,10
550,21	1374,19
550,41	1456,11
550,62	1484,78
550,82	1443,82
551,03	1384,43
551,23	1478,63
551,44	1480,68
551,65	1376,24
551,85	1439,72
552,06	1431,53
552,26	1497,07
552,47	1437,67
552,67	1402,86
552,88	1345,52
553,08	1341,42
553,29	1427,43
553,49	1486,83
553,70	1492,97
553,90	1511,40
554,11	1386,47
554,32	1470,44
554,52	1468,39
554,73	1445,87
554,93	1392,62
555,14	1386,47
555,34	1517,54
555,55	1511,40
555,75	1421,29
555,96	1396,71
556,16	1431,53
556,37	1568,74
556,57	1402,86
556,78	1476,59
556,98	1462,25
557,19	1462,25
557,39	1447,91
557,60	1398,76
557,80	1497,07
558,01	1511,40
558,21	1374,19
558,42	1476,59
558,62	1495,02
558,83	1497,07
559,03	1409,00
559,24	1409,00
559,44	1527,78
559,65	1468,39
559,85	1411,05
560,06	1468,39
560,26	1464,30
560,47	1478,63
560,67	1415,15
560,88	1398,76
561,08	1585,13
561,29	1531,88
561,49	1409,00
561,70	1417,19
561,90	1406,95
562,10	1449,96
562,31	1429,48
562,51	1452,01
562,72	1488,87
562,92	1415,15
563,13	1525,74
563,33	1423,34
563,54	1523,69
563,74	1492,97
563,95	1417,19
564,15	1435,63
564,36	1507,30
564,56	1486,83
564,76	1435,63
564,97	1368,04
565,17	1372,14
565,38	1540,07
565,58	1445,87
565,79	1429,48
565,99	1468,39
566,20	1466,35
566,40	1429,48
566,60	1515,50
566,81	1449,96
567,01	1538,02
567,22	1495,02
567,42	1445,87
567,63	1437,67
567,83	1458,15
568,04	1425,39
568,24	1404,91
568,44	1556,46
568,65	1505,26
568,85	1445,87
569,06	1456,11
569,26	1433,58
569,47	1447,91
569,67	1445,87
569,87	1413,10
570,08	1529,83
570,28	1507,30
570,49	1443,82
570,69	1404,91
570,89	1558,50
571,10	1464,30
571,30	1445,87
571,51	1425,39
571,71	1474,54
571,91	1519,59
572,12	1462,25
572,32	1583,08
572,53	1447,91
572,73	1533,93
572,93	1564,65
573,14	1452,01
573,34	1462,25
573,55	1460,20
573,75	1472,49
573,95	1478,63
574,16	1456,11
574,36	1505,26
574,57	1458,15
574,77	1429,48
574,97	1411,05
575,18	1503,21
575,38	1439,72
575,59	1464,30
575,79	1468,39
575,99	1456,11
576,20	1421,29
576,40	1443,82
576,60	1517,54
576,81	1417,19
577,01	1482,73
577,22	1527,78
577,42	1447,91
577,62	1492,97
577,83	1443,82
578,03	1533,93
578,23	1480,68
578,44	1384,43
578,64	1454,06
578,84	1355,76
579,05	1460,20
579,25	1460,20
579,45	1497,07
579,66	1384,43
579,86	1425,39
580,07	1431,53
580,27	1447,91
580,47	1472,49
580,68	1419,24
580,88	1431,53
581,08	1357,80
581,29	1449,96
581,49	1576,94
581,69	1546,22
581,90	1447,91
582,10	1411,05
582,30	1394,67
582,51	1423,34
582,71	1341,42
582,91	1337,32
583,12	1464,30
583,32	1511,40
583,52	1460,20
583,73	1462,25
583,93	1427,43
584,13	1427,43
584,34	1452,01
584,54	1394,67
584,74	1419,24
584,94	1478,63
585,15	1478,63
585,35	1445,87
585,55	1386,47
585,76	1437,67
585,96	1480,68
586,16	1472,49
586,37	1443,82
586,57	1431,53
586,77	1333,23
586,98	1470,44
587,18	1501,16
587,38	1439,72
587,58	1507,30
587,79	1497,07
587,99	1441,77
588,19	1499,11
588,40	1316,84
588,60	1583,08
588,80	1378,28
589,00	1495,02
589,21	1419,24
589,41	1409,00
589,61	1472,49
589,82	1503,21
590,02	1423,34
590,22	1525,74
590,42	1392,62
590,63	1449,96
590,83	1400,81
591,03	1452,01
591,23	1478,63
591,44	1478,63
591,64	1476,59
591,84	1347,56
592,05	1499,11
592,25	1435,63
592,45	1359,85
592,65	1372,14
592,86	1452,01
593,06	1542,12
593,26	1429,48
593,46	1501,16
593,67	1466,35
593,87	1464,30
594,07	1402,86
594,27	1462,25
594,48	1351,66
594,68	1560,55
594,88	1431,53
595,08	1447,91
595,29	1476,59
595,49	1505,26
595,69	1458,15
595,89	1476,59
596,10	1509,35
596,30	1447,91
596,50	1400,81
596,70	1546,22
596,90	1484,78
597,11	1357,80
597,31	1488,87
597,51	1421,29
597,71	1513,45
597,92	1572,84
598,12	1431,53
598,32	1521,64
598,52	1466,35
598,72	1517,54
598,93	1409,00
599,13	1439,72
599,33	1460,20
599,53	1546,22
599,74	1458,15
599,94	1540,07
600,14	1404,91
600,34	1454,06
600,54	1519,59
600,75	1458,15
600,95	1454,06
601,15	1482,73
601,35	1409,00
601,55	1343,47
601,76	1484,78
601,96	1558,50
602,16	1411,05
602,36	1558,50
602,56	1441,77
602,76	1499,11
602,97	1415,15
603,17	1417,19
603,37	1488,87
603,57	1452,01
603,77	1435,63
603,98	1521,64
604,18	1423,34
604,38	1466,35
604,58	1431,53
604,78	1480,68
604,98	1540,07
605,19	1484,78
605,39	1478,63
605,59	1519,59
605,79	1447,91
605,99	1384,43
606,19	1456,11
606,40	1499,11
606,60	1398,76
606,80	1429,48
607,00	1474,54
607,20	1458,15
607,40	1386,47
607,61	1437,67
607,81	1468,39
608,01	1519,59
608,21	1488,87
608,41	1435,63
608,61	1507,30
608,81	1398,76
609,02	1435,63
609,22	1499,11
609,42	1484,78
609,62	1470,44
609,82	1474,54
610,02	1486,83
610,22	1464,30
610,43	1464,30
610,63	1452,01
610,83	1488,87
611,03	1495,02
611,23	1435,63
611,43	1550,31
611,63	1464,30
611,83	1370,09
612,04	1546,22
612,24	1525,74
612,44	1484,78
612,64	1470,44
612,84	1468,39
613,04	1488,87
613,24	1454,06
613,44	1398,76
613,64	1464,30
613,85	1486,83
614,05	1386,47
614,25	1443,82
614,45	1443,82
614,65	1509,35
614,85	1456,11
615,05	1456,11
615,25	1613,80
615,45	1472,49
615,65	1437,67
615,86	1499,11
616,06	1443,82
616,26	1497,07
616,46	1505,26
616,66	1374,19
616,86	1435,63
617,06	1466,35
617,26	1535,98
617,46	1413,10
617,66	1464,30
617,86	1495,02
618,07	1382,38
618,27	1474,54
618,47	1402,86
618,67	1562,60
618,87	1386,47
619,07	1423,34
619,27	1505,26
619,47	1419,24
619,67	1499,11
619,87	1474,54
620,07	1542,12
620,27	1452,01
620,47	1480,68
620,67	1427,43
620,87	1421,29
621,07	1531,88
621,28	1454,06
621,48	1488,87
621,68	1361,90
621,88	1492,97
622,08	1499,11
622,28	1423,34
622,48	1505,26
622,68	1472,49
622,88	1509,35
623,08	1550,31
623,28	1472,49
623,48	1404,91
623,68	1505,26
623,88	1480,68
624,08	1542,12
624,28	1435,63
624,48	1429,48
624,68	1460,20
624,88	1535,98
625,08	1540,07
625,28	1576,94
625,48	1470,44
625,68	1484,78
625,88	1429,48
626,08	1447,91
626,28	1503,21
626,48	1449,96
626,68	1490,92
626,88	1431,53
627,08	1495,02
627,28	1574,89
627,48	1423,34
627,68	1460,20
627,88	1366,00
628,08	1488,87
628,28	1435,63
628,49	1535,98
628,68	1382,38
628,88	1361,90
629,08	1454,06
629,28	1540,07
629,48	1394,67
629,68	1374,19
629,88	1476,59
630,08	1593,32
630,28	1560,55
630,48	1400,81
630,68	1400,81
630,88	1488,87
631,08	1404,91
631,28	1513,45
631,48	1437,67
631,68	1398,76
631,88	1509,35
632,08	1490,92
632,28	1439,72
632,48	1540,07
632,68	1413,10
632,88	1458,15
633,08	1517,54
633,28	1402,86
633,48	1570,79
633,68	1497,07
633,88	1445,87
634,08	1581,03
634,28	1486,83
634,48	1585,13
634,68	1535,98
634,88	1486,83
635,08	1413,10
635,28	1492,97
635,48	1423,34
635,68	1488,87
635,87	1425,39
636,07	1468,39
636,27	1386,47
636,47	1433,58
636,67	1515,50
636,87	1413,10
637,07	1495,02
637,27	1404,91
637,47	1456,11
637,67	1517,54
637,87	1374,19
638,07	1492,97
638,27	1433,58
638,47	1445,87
638,67	1445,87
638,86	1519,59
639,06	1433,58
639,26	1423,34
639,46	1370,09
639,66	1449,96
639,86	1488,87
640,06	1509,35
640,26	1501,16
640,46	1531,88
640,66	1427,43
640,86	1486,83
641,06	1466,35
641,25	1484,78
641,45	1474,54
641,65	1431,53
641,85	1468,39
642,05	1521,64
642,25	1447,91
642,45	1488,87
642,65	1464,30
642,85	1464,30
643,05	1560,55
643,24	1550,31
643,44	1452,01
643,64	1486,83
643,84	1390,57
644,04	1525,74
644,24	1517,54
644,44	1370,09
644,64	1363,95
644,84	1503,21
645,03	1427,43
645,23	1542,12
645,43	1411,05
645,63	1511,40
645,83	1433,58
646,03	1533,93
646,23	1423,34
646,42	1509,35
646,62	1458,15
646,82	1460,20
647,02	1488,87
647,22	1439,72
647,42	1415,15
647,62	1351,66
647,82	1503,21
648,01	1642,47
648,21	1351,66
648,41	1431,53
648,61	1484,78
648,81	1591,27
649,01	1464,30
649,20	1488,87
649,40	1415,15
649,60	1505,26
649,80	1425,39
650,00	1503,21
650,20	1538,02
650,40	1533,93
650,59	1476,59
650,79	1425,39
650,99	1454,06
651,19	1507,30
651,39	1452,01
651,58	1535,98
651,78	1572,84
651,98	1445,87
652,18	1492,97
652,38	1515,50
652,58	1439,72
652,77	1482,73
652,97	1515,50
653,17	1468,39
653,37	1515,50
653,57	1505,26
653,77	1452,01
653,96	1509,35
654,16	1552,36
654,36	1503,21
654,56	1529,83
654,76	1517,54
654,95	1423,34
655,15	1406,95
655,35	1521,64
655,55	1437,67
655,75	1490,92
655,94	1513,45
656,14	1480,68
656,34	1503,21
656,54	1480,68
656,73	1423,34
656,93	1513,45
657,13	1566,70
657,33	1466,35
657,53	1472,49
657,72	1490,92
657,92	1480,68
658,12	1482,73
658,32	1486,83
658,52	1320,94
658,71	1464,30
658,91	1439,72
659,11	1562,60
659,31	1513,45
659,50	1509,35
659,70	1540,07
659,90	1544,17
660,10	1466,35
660,29	1505,26
660,49	1447,91
660,69	1550,31
660,89	1435,63
661,08	1404,91
661,28	1470,44
661,48	1439,72
661,68	1447,91
661,87	1501,16
662,07	1423,34
662,27	1437,67
662,47	1472,49
662,66	1488,87
662,86	1488,87
663,06	1433,58
663,26	1478,63
663,45	1474,54
663,65	1511,40
663,85	1531,88
664,05	1409,00
664,24	1564,65
664,44	1429,48
664,64	1462,25
664,84	1402,86
665,03	1552,36
665,23	1435,63
665,43	1456,11
665,62	1460,20
665,82	1533,93
666,02	1431,53
666,22	1578,98
666,41	1480,68
666,61	1523,69
666,81	1402,86
667,00	1501,16
667,20	1441,77
667,40	1503,21
667,60	1515,50
667,79	1525,74
667,99	1509,35
668,19	1392,62
668,38	1458,15
668,58	1531,88
668,78	1449,96
668,97	1591,27
669,17	1409,00
669,37	1533,93
669,57	1437,67
669,76	1568,74
669,96	1480,68
670,16	1394,67
670,35	1474,54
670,55	1490,92
670,75	1441,77
670,94	1552,36
671,14	1597,42
671,34	1492,97
671,53	1404,91
671,73	1435,63
671,93	1472,49
672,12	1552,36
672,32	1445,87
672,52	1540,07
672,71	1443,82
672,91	1452,01
673,11	1521,64
673,30	1503,21
673,50	1507,30
673,70	1527,78
673,89	1390,57
674,09	1482,73
674,29	1480,68
674,48	1488,87
674,68	1503,21
674,88	1456,11
675,07	1456,11
675,27	1497,07
675,46	1499,11
675,66	1460,20
675,86	1492,97
676,05	1480,68
676,25	1400,81
676,45	1464,30
676,64	1392,62
676,84	1484,78
677,04	1449,96
677,23	1501,16
677,43	1449,96
677,62	1490,92
677,82	1490,92
678,02	1464,30
678,21	1533,93
678,41	1554,41
678,61	1454,06
678,80	1466,35
679,00	1454,06
679,19	1521,64
679,39	1560,55
679,59	1515,50
679,78	1452,01
679,98	1423,34
680,17	1423,34
680,37	1441,77
680,57	1519,59
680,76	1527,78
680,96	1472,49
681,16	1368,04
681,35	1540,07
681,55	1513,45
681,74	1482,73
681,94	1480,68
682,13	1427,43
682,33	1482,73
682,53	1417,19
682,72	1519,59
682,92	1435,63
683,11	1538,02
683,31	1515,50
683,51	1435,63
683,70	1511,40
683,90	1519,59
684,09	1466,35
684,29	1525,74
684,48	1466,35
684,68	1472,49
684,88	1599,46
685,07	1519,59
685,27	1429,48
685,46	1546,22
685,66	1472,49
685,85	1499,11
686,05	1583,08
686,25	1576,94
686,44	1486,83
686,64	1509,35
686,83	1480,68
687,03	1597,42
687,22	1423,34
687,42	1495,02
687,61	1507,30
687,81	1529,83
688,01	1454,06
688,20	1462,25
688,40	1456,11
688,59	1488,87
688,79	1495,02
688,98	1482,73
689,18	1427,43
689,37	1515,50
689,57	1460,20
689,76	1495,02
689,96	1472,49
690,15	1488,87
690,35	1470,44
690,54	1480,68
690,74	1429,48
690,94	1554,41
691,13	1396,71
691,33	1513,45
691,52	1417,19
691,72	1492,97
691,91	1456,11
692,11	1548,26
692,30	1435,63
692,50	1484,78
692,69	1501,16
692,89	1400,81
693,08	1456,11
693,28	1523,69
693,47	1439,72
693,67	1628,14
693,86	1443,82
694,06	1523,69
694,25	1406,95
694,45	1527,78
694,64	1472,49
694,84	1464,30
695,03	1492,97
695,23	1564,65
695,42	1384,43
695,62	1505,26
695,81	1589,22
696,01	1456,11
696,20	1363,95
696,40	1478,63
696,59	1470,44
696,78	1406,95
696,98	1519,59
697,17	1437,67
697,37	1482,73
697,56	1472,49
697,76	1404,91
697,95	1517,54
698,15	1376,24
698,34	1529,83
698,54	1413,10
698,73	1566,70
698,93	1460,20
699,12	1529,83
699,32	1425,39
699,51	1527,78
699,70	1417,19
699,90	1552,36
700,09	1486,83
700,29	1519,59
700,48	1421,29
700,68	1447,91
700,87	1404,91
701,07	1411,05
701,26	1456,11
701,45	1497,07
701,65	1406,95
701,84	1413,10
702,04	1400,81
702,23	1470,44
702,43	1370,09
702,62	1476,59
702,81	1460,20
703,01	1433,58
703,20	1470,44
703,40	1394,67
703,59	1425,39
703,79	1445,87
703,98	1478,63
704,17	1462,25
704,37	1435,63
704,56	1447,91
704,76	1447,91
704,95	1411,05
705,14	1425,39
705,34	1431,53
705,53	1380,33
705,73	1406,95
705,92	1472,49
706,11	1503,21
706,31	1439,72
706,50	1458,15
706,70	1456,11
706,89	1462,25
707,08	1488,87
707,28	1474,54
707,47	1458,15
707,67	1484,78
707,86	1378,28
708,05	1433,58
708,25	1419,24
708,44	1425,39
708,64	1437,67
708,83	1431,53
709,02	1376,24
709,22	1480,68
709,41	1388,52
709,60	1527,78
709,80	1447,91
709,99	1378,28
710,19	1341,42
710,38	1443,82
710,57	1394,67
710,77	1378,28
710,96	1429,48
711,15	1511,40
711,35	1357,80
711,54	1503,21
711,73	1427,43
711,93	1480,68
712,12	1423,34
712,31	1378,28
712,51	1417,19
712,70	1384,43
712,89	1370,09
713,09	1429,48
713,28	1445,87
713,48	1449,96
713,67	1476,59
713,86	1427,43
714,06	1376,24
714,25	1411,05
714,44	1427,43
714,64	1390,57
714,83	1427,43
715,02	1394,67
715,22	1452,01
715,41	1472,49
715,60	1378,28
715,79	1423,34
715,99	1409,00
716,18	1441,77
716,37	1427,43
716,57	1415,15
716,76	1503,21
716,95	1462,25
717,15	1339,37
717,34	1316,84
717,53	1427,43
717,73	1439,72
717,92	1368,04
718,11	1466,35
718,31	1413,10
718,50	1519,59
718,69	1454,06
718,88	1470,44
719,08	1421,29
719,27	1286,12
719,46	1474,54
719,66	1396,71
719,85	1277,93
720,04	1394,67
720,23	1327,08
720,43	1374,19
720,62	1357,80
720,81	1355,76
721,01	1513,45
721,20	1519,59
721,39	1445,87
721,58	1437,67
721,78	1406,95
721,97	1396,71
722,16	1378,28
722,35	1339,37
722,55	1447,91
722,74	1443,82
722,93	1433,58
723,13	1396,71
723,32	1447,91
723,51	1333,23
723,70	1351,66
723,90	1433,58
724,09	1355,76
724,28	1476,59
724,47	1476,59
724,67	1464,30
724,86	1433,58
725,05	1390,57
725,24	1304,56
725,44	1443,82
725,63	1382,38
725,82	1351,66
726,01	1413,10
726,21	1544,17
726,40	1390,57
726,59	1439,72
726,78	1419,24
726,97	1394,67
727,17	1376,24
727,36	1398,76
727,55	1370,09
727,74	1394,67
727,94	1286,12
728,13	1452,01
728,32	1404,91
728,51	1404,91
728,70	1437,67
728,90	1327,08
729,09	1409,00
729,28	1370,09
729,47	1425,39
729,66	1406,95
729,86	1480,68
730,05	1435,63
730,24	1427,43
730,43	1427,43
730,63	1411,05
730,82	1490,92
731,01	1452,01
731,20	1415,15
731,39	1413,10
731,58	1427,43
731,78	1429,48
731,97	1382,38
732,16	1402,86
732,35	1376,24
732,54	1456,11
732,74	1478,63
732,93	1374,19
733,12	1413,10
733,31	1447,91
733,50	1314,80
733,69	1337,32
733,89	1447,91
734,08	1419,24
734,27	1425,39
734,46	1435,63
734,65	1427,43
734,84	1404,91
735,04	1417,19
735,23	1476,59
735,42	1363,95
735,61	1394,67
735,80	1470,44
735,99	1355,76
736,19	1398,76
736,38	1327,08
736,57	1355,76
736,76	1400,81
736,95	1452,01
737,14	1322,99
737,33	1421,29
737,53	1486,83
737,72	1413,10
737,91	1351,66
738,10	1454,06
738,29	1378,28
738,48	1392,62
738,67	1370,09
738,87	1495,02
739,06	1445,87
739,25	1415,15
739,44	1419,24
739,63	1419,24
739,82	1482,73
740,01	1423,34
740,20	1433,58
740,40	1454,06
740,59	1443,82
740,78	1347,56
740,97	1462,25
741,16	1435,63
741,35	1503,21
741,54	1509,35
741,73	1394,67
741,92	1359,85
742,12	1406,95
742,31	1398,76
742,50	1552,36
742,69	1476,59
742,88	1386,47
743,07	1439,72
743,26	1427,43
743,45	1490,92
743,64	1384,43
743,83	1425,39
744,02	1449,96
744,22	1402,86
744,41	1501,16
744,60	1486,83
744,79	1361,90
744,98	1431,53
745,17	1394,67
745,36	1390,57
745,55	1562,60
745,74	1396,71
745,93	1490,92
746,12	1468,39
746,31	1427,43
746,50	1425,39
746,70	1341,42
746,89	1425,39
747,08	1370,09
747,27	1361,90
747,46	1388,52
747,65	1435,63
747,84	1472,49
748,03	1357,80
748,22	1445,87
748,41	1421,29
748,60	1449,96
748,79	1433,58
748,98	1439,72
749,17	1357,80
749,36	1452,01
749,55	1370,09
749,74	1345,52
749,93	1468,39
750,12	1392,62
750,31	1482,73
750,50	1415,15
750,70	1439,72
750,89	1492,97
751,08	1562,60
751,27	1400,81
751,46	1454,06
751,65	1454,06
751,84	1413,10
752,03	1380,33
752,22	1462,25
752,41	1445,87
752,60	1380,33
752,79	1509,35
752,98	1456,11
753,17	1415,15
753,36	1449,96
753,55	1382,38
753,74	1415,15
753,93	1505,26
754,12	1390,57
754,31	1474,54
754,50	1527,78
754,69	1470,44
754,88	1474,54
755,07	1353,71
755,26	1431,53
755,45	1368,04
755,64	1419,24
755,83	1460,20
756,02	1431,53
756,21	1538,02
756,40	1482,73
756,59	1427,43
756,78	1423,34
756,97	1509,35
757,16	1466,35
757,35	1484,78
757,54	1409,00
757,72	1409,00
757,91	1429,48
758,10	1503,21
758,29	1449,96
758,48	1380,33
758,67	1380,33
758,86	1390,57
759,05	1499,11
759,24	1445,87
759,43	1578,98
759,62	1406,95
759,81	1488,87
760,00	1572,84
760,19	1398,76
760,38	1458,15
760,57	1482,73
760,76	1449,96
760,95	1447,91
761,14	1490,92
761,33	1437,67
761,52	1392,62
761,70	1419,24
761,89	1484,78
762,08	1456,11
762,27	1347,56
762,46	1447,91
762,65	1419,24
762,84	1421,29
763,03	1474,54
763,22	1476,59
763,41	1533,93
763,60	1396,71
763,79	1529,83
763,98	1583,08
764,16	1482,73
764,35	1525,74
764,54	1499,11
764,73	1499,11
764,92	1562,60
765,11	1583,08
765,30	1492,97
765,49	1388,52
765,68	1560,55
765,87	1556,46
766,06	1507,30
766,24	1533,93
766,43	1456,11
766,62	1521,64
766,81	1445,87
767,00	1535,98
767,19	1480,68
767,38	1628,14
767,57	1443,82
767,76	1472,49
767,94	1484,78
768,13	1523,69
768,32	1488,87
768,51	1454,06
768,70	1591,27
768,89	1587,18
769,08	1501,16
769,27	1554,41
769,45	1488,87
769,64	1568,74
769,83	1456,11
770,02	1452,01
770,21	1566,70
770,40	1515,50
770,59	1415,15
770,77	1447,91
770,96	1568,74
771,15	1474,54
771,34	1409,00
771,53	1593,32
771,72	1535,98
771,91	1456,11
772,09	1525,74
772,28	1460,20
772,47	1433,58
772,66	1484,78
772,85	1497,07
773,04	1452,01
773,22	1525,74
773,41	1431,53
773,60	1497,07
773,79	1523,69
773,98	1499,11
774,17	1431,53
774,35	1480,68
774,54	1578,98
774,73	1495,02
774,92	1587,18
775,11	1519,59
775,30	1572,84
775,48	1476,59
775,67	1546,22
775,86	1435,63
776,05	1572,84
776,24	1560,55
776,42	1499,11
776,61	1454,06
776,80	1544,17
776,99	1495,02
777,18	1480,68
777,36	1538,02
777,55	1517,54
777,74	1433,58
777,93	1529,83
778,12	1568,74
778,30	1527,78
778,49	1566,70
778,68	1515,50
778,87	1523,69
779,06	1513,45
779,24	1531,88
779,43	1562,60
779,62	1437,67
779,81	1535,98
779,99	1513,45
780,18	1581,03
780,37	1607,66
780,56	1605,61
780,75	1447,91
780,93	1544,17
781,12	1468,39
781,31	1542,12
781,50	1470,44
781,68	1449,96
781,87	1429,48
782,06	1478,63
782,25	1501,16
782,43	1595,37
782,62	1433,58
782,81	1519,59
783,00	1490,92
783,18	1486,83
783,37	1439,72
783,56	1568,74
783,75	1495,02
783,93	1464,30
784,12	1484,78
784,31	1456,11
784,50	1570,79
784,68	1523,69
784,87	1441,77
785,06	1525,74
785,24	1566,70
785,43	1505,26
785,62	1484,78
785,81	1509,35
785,99	1542,12
786,18	1462,25
786,37	1519,59
786,56	1439,72
786,74	1529,83
786,93	1480,68
787,12	1499,11
787,30	1454,06
787,49	1497,07
787,68	1427,43
787,87	1427,43
788,05	1535,98
788,24	1482,73
788,43	1421,29
788,61	1492,97
788,80	1390,57
788,99	1484,78
789,17	1439,72
789,36	1452,01
789,55	1456,11
789,73	1542,12
789,92	1415,15
790,11	1433,58
790,30	1546,22
790,48	1427,43
790,67	1554,41
790,86	1406,95
791,04	1460,20
791,23	1529,83
791,42	1488,87
791,60	1464,30
791,79	1480,68
791,98	1429,48
792,16	1492,97
792,35	1464,30
792,54	1400,81
792,72	1507,30
792,91	1556,46
793,10	1447,91
793,28	1429,48
793,47	1490,92
793,66	1460,20
793,84	1433,58
794,03	1327,08
794,22	1443,82
794,40	1464,30
794,59	1509,35
794,77	1355,76
794,96	1361,90
795,15	1521,64
795,33	1361,90
795,52	1441,77
795,71	1394,67
795,89	1372,14
796,08	1400,81
796,27	1452,01
796,45	1443,82
796,64	1456,11
796,82	1421,29
797,01	1490,92
797,20	1515,50
797,38	1431,53
797,57	1366,00
797,76	1402,86
797,94	1449,96
798,13	1521,64
798,31	1486,83
798,50	1353,71
798,69	1560,55
798,87	1519,59
799,06	1454,06
799,24	1347,56
799,43	1439,72
799,62	1359,85
799,80	1400,81
799,99	1470,44
800,17	1443,82
800,36	1474,54
800,55	1499,11
800,73	1419,24
800,92	1472,49
801,10	1353,71
801,29	1376,24
801,48	1400,81
801,66	1386,47
801,85	1425,39
802,03	1413,10
802,22	1409,00
802,40	1468,39
802,59	1353,71
802,78	1492,97
802,96	1417,19
803,15	1507,30
803,33	1363,95
803,52	1421,29
803,70	1472,49
803,89	1437,67
804,08	1411,05
804,26	1437,67
804,45	1462,25
804,63	1449,96
804,82	1458,15
805,00	1415,15
805,19	1437,67
805,37	1474,54
805,56	1497,07
805,74	1396,71
805,93	1384,43
806,12	1355,76
806,30	1497,07
806,49	1476,59
806,67	1343,47
806,86	1361,90
807,04	1482,73
807,23	1382,38
807,41	1355,76
807,60	1386,47
807,78	1396,71
807,97	1636,33
808,15	1406,95
808,34	1413,10
808,52	1396,71
808,71	1384,43
808,89	1497,07
809,08	1480,68
809,27	1384,43
809,45	1361,90
809,64	1372,14
809,82	1490,92
810,01	1445,87
810,19	1560,55
810,38	1413,10
810,56	1388,52
810,75	1488,87
810,93	1404,91
811,12	1433,58
811,30	1480,68
811,49	1345,52
811,67	1441,77
811,85	1478,63
812,04	1435,63
812,22	1466,35
812,41	1456,11
812,59	1435,63
812,78	1415,15
812,96	1370,09
813,15	1486,83
813,33	1433,58
813,52	1482,73
813,70	1425,39
813,89	1423,34
814,07	1464,30
814,26	1402,86
814,44	1411,05
814,63	1413,10
814,81	1406,95
815,00	1384,43
815,18	1458,15
815,36	1468,39
815,55	1314,80
815,73	1542,12
815,92	1433,58
816,10	1478,63
816,29	1468,39
816,47	1370,09
816,66	1503,21
816,84	1511,40
817,02	1492,97
817,21	1525,74
817,39	1466,35
817,58	1396,71
817,76	1517,54
817,95	1486,83
818,13	1312,75
818,32	1406,95
818,50	1456,11
818,68	1411,05
818,87	1435,63
819,05	1454,06
819,24	1497,07
819,42	1472,49
819,60	1423,34
819,79	1468,39
819,97	1372,14
820,16	1441,77
820,34	1525,74
820,53	1411,05
820,71	1404,91
820,89	1527,78
821,08	1443,82
821,26	1470,44
821,45	1437,67
821,63	1409,00
821,81	1497,07
822,00	1406,95
822,18	1456,11
822,37	1492,97
822,55	1458,15
822,73	1445,87
822,92	1413,10
823,10	1345,52
823,28	1503,21
823,47	1433,58
823,65	1386,47
823,84	1384,43
824,02	1482,73
824,20	1394,67
824,39	1447,91
824,57	1406,95
824,75	1513,45
824,94	1433,58
825,12	1492,97
825,31	1443,82
825,49	1425,39
825,67	1435,63
825,86	1413,10
826,04	1544,17
826,22	1476,59
826,41	1648,61
826,59	1511,40
826,77	1511,40
826,96	1478,63
827,14	1419,24
827,32	1421,29
827,51	1474,54
827,69	1462,25
827,87	1460,20
828,06	1507,30
828,24	1415,15
828,42	1501,16
828,61	1566,70
828,79	1480,68
828,97	1554,41
829,16	1452,01
829,34	1357,80
829,52	1431,53
829,71	1521,64
829,89	1509,35
830,07	1529,83
830,26	1470,44
830,44	1505,26
830,62	1478,63
830,81	1501,16
830,99	1456,11
831,17	1484,78
831,36	1445,87
831,54	1570,79
831,72	1425,39
831,91	1345,52
832,09	1452,01
832,27	1443,82
832,45	1423,34
832,64	1466,35
832,82	1562,60
833,00	1441,77
833,19	1486,83
833,37	1556,46
833,55	1462,25
833,73	1519,59
833,92	1542,12
834,10	1423,34
834,28	1474,54
834,47	1560,55
834,65	1411,05
834,83	1521,64
835,01	1462,25
835,20	1490,92
835,38	1521,64
835,56	1525,74
835,74	1583,08
835,93	1452,01
836,11	1497,07
836,29	1437,67
836,47	1542,12
836,66	1501,16
836,84	1593,32
837,02	1499,11
837,21	1583,08
837,39	1476,59
837,57	1474,54
837,75	1515,50
837,94	1443,82
838,12	1513,45
838,30	1533,93
838,48	1456,11
838,66	1445,87
838,85	1574,89
839,03	1495,02
839,21	1460,20
839,39	1398,76
839,58	1517,54
839,76	1548,26
839,94	1499,11
840,12	1538,02
840,31	1550,31
840,49	1529,83
840,67	1554,41
840,85	1535,98
841,03	1574,89
841,22	1413,10
841,40	1525,74
841,58	1517,54
841,76	1474,54
841,94	1441,77
842,13	1527,78
842,31	1587,18
842,49	1492,97
842,67	1439,72
842,85	1511,40
843,04	1519,59
843,22	1474,54
843,40	1441,77
843,58	1505,26
843,76	1556,46
843,95	1578,98
844,13	1460,20
844,31	1501,16
844,49	1535,98
844,67	1509,35
844,86	1478,63
845,04	1406,95
845,22	1425,39
845,40	1505,26
845,58	1505,26
845,76	1488,87
845,95	1484,78
846,13	1517,54
846,31	1601,51
846,49	1517,54
846,67	1488,87
846,85	1540,07
847,04	1466,35
847,22	1439,72
847,40	1452,01
847,58	1523,69
847,76	1574,89
847,94	1513,45
848,12	1548,26
848,31	1505,26
848,49	1470,44
848,67	1437,67
848,85	1570,79
849,03	1560,55
849,21	1601,51
849,39	1488,87
849,58	1548,26
849,76	1488,87
849,94	1538,02
850,12	1525,74
850,30	1570,79
850,48	1470,44
850,66	1529,83
850,84	1560,55
851,03	1503,21
851,21	1574,89
851,39	1499,11
851,57	1458,15
851,75	1505,26
851,93	1546,22
852,11	1550,31
852,29	1540,07
852,47	1535,98
852,66	1490,92
852,84	1486,83
853,02	1572,84
853,20	1636,33
853,38	1527,78
853,56	1546,22
853,74	1538,02
853,92	1511,40
854,10	1538,02
854,28	1476,59
854,46	1458,15
854,65	1544,17
854,83	1544,17
855,01	1505,26
855,19	1486,83
855,37	1568,74
855,55	1560,55
855,73	1562,60
855,91	1587,18
856,09	1566,70
856,27	1585,13
856,45	1523,69
856,63	1458,15
856,81	1523,69
857,00	1525,74
857,18	1544,17
857,36	1535,98
857,54	1570,79
857,72	1578,98
857,90	1548,26
858,08	1572,84
858,26	1554,41
858,44	1437,67
858,62	1564,65
858,80	1589,22
858,98	1531,88
859,16	1474,54
859,34	1560,55
859,52	1521,64
859,70	1621,99
859,88	1562,60
860,06	1527,78
860,24	1533,93
860,42	1533,93
860,60	1525,74
860,78	1566,70
860,96	1499,11
861,14	1476,59
861,32	1562,60
861,50	1542,12
861,69	1552,36
861,87	1589,22
862,05	1613,80
862,23	1509,35
862,41	1525,74
862,59	1490,92
862,77	1558,50
862,95	1531,88
863,13	1564,65
863,31	1531,88
863,49	1531,88
863,67	1509,35
863,85	1474,54
864,03	1605,61
864,21	1523,69
864,39	1492,97
864,57	1517,54
864,75	1542,12
864,92	1587,18
865,10	1513,45
865,28	1458,15
865,46	1513,45
865,64	1521,64
865,82	1462,25
866,00	1486,83
866,18	1609,70
866,36	1525,74
866,54	1597,42
866,72	1546,22
866,90	1578,98
867,08	1560,55
867,26	1486,83
867,44	1466,35
867,62	1542,12
867,80	1570,79
867,98	1542,12
868,16	1583,08
868,34	1564,65
868,52	1423,34
868,70	1585,13
868,88	1521,64
869,06	1609,70
869,24	1513,45
869,42	1474,54
869,59	1548,26
869,77	1486,83
869,95	1638,38
870,13	1589,22
870,31	1480,68
870,49	1660,90
870,67	1482,73
870,85	1505,26
871,03	1595,37
871,21	1656,81
871,39	1519,59
871,57	1542,12
871,75	1581,03
871,92	1546,22
872,10	1509,35
872,28	1507,30
872,46	1488,87
872,64	1509,35
872,82	1406,95
873,00	1501,16
873,18	1486,83
873,36	1515,50
873,54	1525,74
873,72	1468,39
873,89	1550,31
874,07	1507,30
874,25	1605,61
874,43	1503,21
874,61	1581,03
874,79	1486,83
874,97	1437,67
875,15	1490,92
875,33	1550,31
875,50	1578,98
875,68	1488,87
875,86	1521,64
876,04	1548,26
876,22	1523,69
876,40	1529,83
876,58	1509,35
876,76	1476,59
876,93	1562,60
877,11	1535,98
877,29	1550,31
877,47	1501,16
877,65	1550,31
877,83	1642,47
878,01	1501,16
878,18	1482,73
878,36	1507,30
878,54	1478,63
878,72	1589,22
878,90	1402,86
879,08	1560,55
879,25	1546,22
879,43	1509,35
879,61	1515,50
879,79	1554,41
879,97	1497,07
880,15	1482,73
880,32	1499,11
880,50	1570,79
880,68	1521,64
880,86	1538,02
881,04	1497,07
881,22	1480,68
881,39	1505,26
881,57	1550,31
881,75	1558,50
881,93	1527,78
882,11	1540,07
882,28	1578,98
882,46	1478,63
882,64	1515,50
882,82	1472,49
883,00	1529,83
883,18	1535,98
883,35	1562,60
883,53	1605,61
883,71	1507,30
883,89	1562,60
884,07	1581,03
884,24	1464,30
884,42	1505,26
884,60	1456,11
884,78	1574,89
884,95	1527,78
885,13	1503,21
885,31	1552,36
885,49	1556,46
885,67	1540,07
885,84	1585,13
886,02	1460,20
886,20	1497,07
886,38	1447,91
886,55	1507,30
886,73	1490,92
886,91	1466,35
887,09	1431,53
887,26	1523,69
887,44	1515,50
887,62	1531,88
887,80	1488,87
887,98	1478,63
888,15	1566,70
888,33	1560,55
888,51	1476,59
888,69	1609,70
888,86	1558,50
889,04	1531,88
889,22	1484,78
889,39	1470,44
889,57	1513,45
889,75	1484,78
889,93	1464,30
890,10	1509,35
890,28	1521,64
890,46	1583,08
890,64	1589,22
890,81	1460,20
890,99	1488,87
891,17	1533,93
891,34	1533,93
891,52	1503,21
891,70	1402,86
891,88	1443,82
892,05	1521,64
892,23	1554,41
892,41	1472,49
892,58	1521,64
892,76	1517,54
892,94	1470,44
893,12	1568,74
893,29	1542,12
893,47	1427,43
893,65	1462,25
893,82	1578,98
894,00	1497,07
894,18	1406,95
894,35	1484,78
894,53	1400,81
894,71	1613,80
894,89	1468,39
895,06	1499,11
895,24	1419,24
895,42	1472,49
895,59	1517,54
895,77	1447,91
895,95	1515,50
896,12	1507,30
896,30	1533,93
896,48	1480,68
896,65	1484,78
896,83	1466,35
897,01	1482,73
897,18	1490,92
897,36	1605,61
897,54	1449,96
897,71	1509,35
897,89	1509,35
898,07	1470,44
898,24	1439,72
898,42	1527,78
898,59	1521,64
898,77	1425,39
898,95	1431,53
899,12	1482,73
899,30	1466,35
899,48	1511,40
899,65	1503,21
899,83	1351,66
900,01	1433,58
900,18	1503,21
900,36	1449,96
900,53	1468,39
900,71	1443,82
900,89	1492,97
901,06	1478,63
901,24	1374,19
901,42	1556,46
901,59	1501,16
901,77	1482,73
901,94	1521,64
902,12	1447,91
902,30	1513,45
902,47	1415,15
902,65	1433,58
902,82	1431,53
903,00	1482,73
903,18	1482,73
903,35	1439,72
903,53	1529,83
903,70	1505,26
903,88	1462,25
904,06	1488,87
904,23	1443,82
904,41	1445,87
904,58	1550,31
904,76	1484,78
904,93	1538,02
905,11	1437,67
905,29	1419,24
905,46	1402,86
905,64	1544,17
905,81	1476,59
905,99	1488,87
906,16	1519,59
906,34	1435,63
906,52	1538,02
906,69	1452,01
906,87	1466,35
907,04	1484,78
907,22	1458,15
907,39	1443,82
907,57	1447,91
907,75	1517,54
907,92	1472,49
908,10	1619,94
908,27	1433,58
908,45	1505,26
908,62	1439,72
908,80	1519,59
908,97	1492,97
909,15	1488,87
909,32	1499,11
909,50	1441,77
909,67	1439,72
909,85	1552,36
910,03	1382,38
910,20	1503,21
910,38	1488,87
910,55	1523,69
910,73	1529,83
910,90	1441,77
911,08	1572,84
911,25	1490,92
911,43	1564,65
911,60	1519,59
911,78	1492,97
911,95	1558,50
912,13	1523,69
912,30	1431,53
912,48	1544,17
912,65	1466,35
912,83	1474,54
913,00	1468,39
913,18	1486,83
913,35	1513,45
913,53	1492,97
913,70	1548,26
913,88	1480,68
914,05	1572,84
914,23	1474,54
914,40	1552,36
914,58	1515,50
914,75	1497,07
914,93	1472,49
915,10	1462,25
915,27	1570,79
915,45	1492,97
915,62	1484,78
915,80	1564,65
915,97	1546,22
916,15	1548,26
916,32	1585,13
916,50	1546,22
916,67	1523,69
916,85	1533,93
917,02	1505,26
917,20	1583,08
917,37	1497,07
917,54	1538,02
917,72	1474,54
917,89	1497,07
918,07	1548,26
918,24	1566,70
918,42	1550,31
918,59	1564,65
918,77	1499,11
918,94	1550,31
919,11	1525,74
919,29	1525,74
919,46	1499,11
919,64	1578,98
919,81	1429,48
919,99	1415,15
920,16	1546,22
920,33	1591,27
920,51	1558,50
920,68	1542,12
920,86	1574,89
921,03	1566,70
921,20	1439,72
921,38	1542,12
921,55	1589,22
921,73	1464,30
921,90	1554,41
922,07	1587,18
922,25	1560,55
922,42	1554,41
922,60	1548,26
922,77	1550,31
922,94	1527,78
923,12	1429,48
923,29	1478,63
923,47	1501,16
923,64	1509,35
923,81	1564,65
923,99	1441,77
924,16	1533,93
924,34	1458,15
924,51	1566,70
924,68	1626,09
924,86	1535,98
925,03	1427,43
925,20	1511,40
925,38	1533,93
925,55	1603,56
925,72	1480,68
925,90	1503,21
926,07	1474,54
926,25	1572,84
926,42	1538,02
926,59	1554,41
926,77	1497,07
926,94	1619,94
927,11	1548,26
927,29	1568,74
927,46	1519,59
927,63	1535,98
927,81	1572,84
927,98	1515,50
928,15	1560,55
928,33	1568,74
928,50	1550,31
928,67	1492,97
928,85	1558,50
929,02	1527,78
929,19	1554,41
929,37	1554,41
929,54	1501,16
929,71	1583,08
929,89	1484,78
930,06	1503,21
930,23	1601,51
930,41	1587,18
930,58	1538,02
930,75	1568,74
930,92	1587,18
931,10	1550,31
931,27	1515,50
931,44	1650,66
931,62	1546,22
931,79	1511,40
931,96	1538,02
932,14	1585,13
932,31	1538,02
932,48	1538,02
932,65	1515,50
932,83	1517,54
933,00	1521,64
933,17	1593,32
933,35	1550,31
933,52	1587,18
933,69	1566,70
933,86	1583,08
934,04	1466,35
934,21	1480,68
934,38	1529,83
934,55	1535,98
934,73	1484,78
934,90	1505,26
935,07	1495,02
935,25	1621,99
935,42	1488,87
935,59	1484,78
935,76	1523,69
935,94	1564,65
936,11	1472,49
936,28	1544,17
936,45	1488,87
936,63	1437,67
936,80	1513,45
936,97	1599,46
937,14	1583,08
937,31	1656,81
937,49	1499,11
937,66	1480,68
937,83	1447,91
938,00	1529,83
938,18	1583,08
938,35	1609,70
938,52	1593,32
938,69	1550,31
938,87	1558,50
939,04	1482,73
939,21	1568,74
939,38	1572,84
939,55	1509,35
939,73	1585,13
939,90	1531,88
940,07	1515,50
940,24	1486,83
940,41	1550,31
940,59	1470,44
940,76	1548,26
940,93	1529,83
941,10	1529,83
941,27	1517,54
941,45	1554,41
941,62	1626,09
941,79	1501,16
941,96	1562,60
942,13	1660,90
942,31	1466,35
942,48	1660,90
942,65	1619,94
942,82	1615,85
942,99	1519,59
943,16	1523,69
943,34	1562,60
943,51	1531,88
943,68	1566,70
943,85	1544,17
944,02	1615,85
944,19	1472,49
944,37	1560,55
944,54	1523,69
944,71	1576,94
944,88	1554,41
945,05	1501,16
945,22	1521,64
945,40	1515,50
945,57	1488,87
945,74	1564,65
945,91	1550,31
946,08	1529,83
946,25	1542,12
946,42	1527,78
946,60	1503,21
946,77	1486,83
946,94	1619,94
947,11	1544,17
947,28	1445,87
947,45	1462,25
947,62	1568,74
947,79	1507,30
947,97	1609,70
948,14	1689,57
948,31	1624,04
948,48	1404,91
948,65	1501,16
948,82	1501,16
948,99	1501,16
949,16	1599,46
949,33	1527,78
949,51	1542,12
949,68	1578,98
949,85	1523,69
950,02	1527,78
950,19	1490,92
950,36	1509,35
950,53	1492,97
950,70	1472,49
950,87	1533,93
951,04	1482,73
951,22	1492,97
951,39	1570,79
951,56	1527,78
951,73	1538,02
951,90	1472,49
952,07	1525,74
952,24	1517,54
952,41	1501,16
952,58	1474,54
952,75	1554,41
952,92	1468,39
953,09	1578,98
953,26	1445,87
953,43	1511,40
953,61	1650,66
953,78	1488,87
953,95	1480,68
954,12	1525,74
954,29	1433,58
954,46	1472,49
954,63	1464,30
954,80	1505,26
954,97	1562,60
955,14	1533,93
955,31	1513,45
955,48	1433,58
955,65	1564,65
955,82	1458,15
955,99	1597,42
956,16	1529,83
956,33	1525,74
956,50	1439,72
956,67	1564,65
956,84	1486,83
957,01	1468,39
957,18	1556,46
957,35	1466,35
957,52	1505,26
957,69	1507,30
957,86	1501,16
958,03	1478,63
958,20	1478,63
958,37	1529,83
958,54	1480,68
958,71	1388,52
958,88	1583,08
959,05	1509,35
959,22	1535,98
959,39	1517,54
959,56	1558,50
959,73	1472,49
959,90	1503,21
960,07	1474,54
960,24	1527,78
960,41	1499,11
960,58	1521,64
960,75	1492,97
960,92	1460,20
961,09	1474,54
961,26	1560,55
961,43	1554,41
961,60	1441,77
961,77	1452,01
961,94	1513,45
962,11	1482,73
962,28	1603,56
962,45	1521,64
962,62	1478,63
962,79	1464,30
962,96	1511,40
963,13	1445,87
963,30	1542,12
963,47	1519,59
963,64	1560,55
963,81	1552,36
963,98	1501,16
964,14	1507,30
964,31	1566,70
964,48	1490,92
964,65	1529,83
964,82	1433,58
964,99	1499,11
965,16	1470,44
965,33	1486,83
965,50	1505,26
965,67	1515,50
965,84	1486,83
966,01	1441,77
966,18	1392,62
966,35	1511,40
966,51	1568,74
966,68	1517,54
966,85	1439,72
967,02	1396,71
967,19	1439,72
967,36	1460,20
967,53	1454,06
967,70	1531,88
967,87	1464,30
968,04	1583,08
968,21	1505,26
968,37	1501,16
968,54	1380,33
968,71	1495,02
968,88	1466,35
969,05	1429,48
969,22	1447,91
969,39	1505,26
969,56	1429,48
969,72	1554,41
969,89	1495,02
970,06	1492,97
970,23	1456,11
970,40	1505,26
970,57	1474,54
970,74	1497,07
970,91	1492,97
971,07	1474,54
971,24	1449,96
971,41	1497,07
971,58	1447,91
971,75	1425,39
971,92	1376,24
972,09	1499,11
972,25	1443,82
972,42	1476,59
972,59	1439,72
972,76	1460,20
972,93	1441,77
973,10	1439,72
973,27	1552,36
973,43	1417,19
973,60	1433,58
973,77	1562,60
973,94	1400,81
974,11	1423,34
974,28	1447,91
974,44	1390,57
974,61	1449,96
974,78	1445,87
974,95	1390,57
975,12	1550,31
975,28	1492,97
975,45	1484,78
975,62	1447,91
975,79	1347,56
975,96	1361,90
976,12	1447,91
976,29	1490,92
976,46	1449,96
976,63	1390,57
976,80	1382,38
976,96	1415,15
977,13	1447,91
977,30	1447,91
977,47	1505,26
977,64	1447,91
977,80	1417,19
977,97	1400,81
978,14	1435,63
978,31	1476,59
978,48	1388,52
978,64	1398,76
978,81	1484,78
978,98	1421,29
979,15	1452,01
979,31	1509,35
979,48	1413,10
979,65	1445,87
979,82	1439,72
979,98	1466,35
980,15	1523,69
980,32	1601,51
980,49	1392,62
980,66	1400,81
980,82	1441,77
980,99	1497,07
981,16	1394,67
981,33	1486,83
981,49	1404,91
981,66	1513,45
981,83	1439,72
981,99	1376,24
982,16	1433,58
982,33	1415,15
982,50	1437,67
982,66	1476,59
982,83	1333,23
983,00	1386,47
983,17	1388,52
983,33	1423,34
983,50	1447,91
983,67	1521,64
983,83	1437,67
984,00	1382,38
984,17	1474,54
984,34	1480,68
984,50	1339,37
984,67	1366,00
984,84	1472,49
985,00	1449,96
985,17	1355,76
985,34	1460,20
985,51	1406,95
985,67	1392,62
985,84	1368,04
986,01	1366,00
986,17	1390,57
986,34	1460,20
986,51	1402,86
986,67	1341,42
986,84	1482,73
987,01	1380,33
987,17	1456,11
987,34	1411,05
987,51	1437,67
987,67	1404,91
987,84	1374,19
988,01	1501,16
988,17	1431,53
988,34	1435,63
988,51	1480,68
988,67	1492,97
988,84	1464,30
989,01	1392,62
989,17	1388,52
989,34	1429,48
989,51	1402,86
989,67	1368,04
989,84	1411,05
990,01	1345,52
990,17	1484,78
990,34	1378,28
990,51	1419,24
990,67	1419,24
990,84	1374,19
991,01	1454,06
991,17	1431,53
991,34	1396,71
991,50	1458,15
991,67	1411,05
991,84	1380,33
992,00	1372,14
992,17	1345,52
992,34	1521,64
992,50	1478,63
992,67	1368,04
992,83	1454,06
993,00	1437,67
993,17	1443,82
993,33	1359,85
993,50	1439,72
993,66	1398,76
993,83	1435,63
994,00	1421,29
994,16	1419,24
994,33	1441,77
994,49	1400,81
994,66	1560,55
994,83	1449,96
994,99	1435,63
995,16	1427,43
995,32	1519,59
995,49	1466,35
995,66	1390,57
995,82	1497,07
995,99	1380,33
996,15	1509,35
996,32	1382,38
996,48	1374,19
996,65	1476,59
996,82	1429,48
996,98	1302,51
997,15	1400,81
997,31	1425,39
997,48	1374,19
997,64	1353,71
997,81	1431,53
997,97	1466,35
998,14	1404,91
998,31	1437,67
998,47	1333,23
998,64	1449,96
998,80	1419,24
998,97	1433,58
999,13	1454,06
999,30	1433,58
999,46	1429,48
999,63	1398,76
999,79	1396,71
999,96	1474,54
1000,12	1443,82
1000,29	1460,20
1000,45	1464,30
1000,62	1429,48
1000,79	1429,48
1000,95	1423,34
1001,12	1390,57
1001,28	1376,24
1001,45	1388,52
1001,61	1466,35
1001,78	1392,62
1001,94	1470,44
1002,11	1523,69
1002,27	1445,87
1002,44	1425,39
1002,60	1421,29
1002,77	1495,02
1002,93	1452,01
1003,10	1452,01
1003,26	1370,09
1003,43	1499,11
1003,59	1435,63
1003,76	1413,10
1003,92	1435,63
1004,09	1351,66
1004,25	1411,05
1004,41	1445,87
1004,58	1437,67
1004,74	1392,62
1004,91	1394,67
1005,07	1456,11
1005,24	1425,39
1005,40	1423,34
1005,57	1361,90
1005,73	1370,09
1005,90	1341,42
1006,06	1404,91
1006,23	1490,92
1006,39	1374,19
1006,55	1282,03
1006,72	1322,99
1006,88	1423,34
1007,05	1490,92
1007,21	1449,96
1007,38	1357,80
1007,54	1456,11
1007,71	1439,72
1007,87	1406,95
1008,03	1466,35
1008,20	1439,72
1008,36	1409,00
1008,53	1415,15
1008,69	1409,00
1008,86	1402,86
1009,02	1370,09
1009,18	1544,17
1009,35	1374,19
1009,51	1392,62
1009,68	1449,96
1009,84	1445,87
1010,01	1386,47
1010,17	1406,95
1010,33	1423,34
1010,50	1374,19
1010,66	1474,54
1010,83	1382,38
1010,99	1406,95
1011,15	1372,14
1011,32	1423,34
1011,48	1351,66
1011,65	1425,39
1011,81	1376,24
1011,97	1419,24
1012,14	1433,58
1012,30	1460,20
1012,46	1415,15
1012,63	1427,43
1012,79	1435,63
1012,96	1460,20
1013,12	1380,33
1013,28	1331,18
1013,45	1447,91
1013,61	1394,67
1013,77	1392,62
1013,94	1400,81
1014,10	1372,14
1014,26	1400,81
1014,43	1476,59
1014,59	1398,76
1014,76	1441,77
1014,92	1476,59
1015,08	1390,57
1015,25	1345,52
1015,41	1484,78
1015,57	1380,33
1015,74	1476,59
1015,90	1353,71
1016,06	1415,15
1016,23	1431,53
1016,39	1314,80
1016,55	1431,53
1016,72	1454,06
1016,88	1437,67
1017,04	1378,28
1017,21	1370,09
1017,37	1345,52
1017,53	1402,86
1017,70	1439,72
1017,86	1398,76
1018,02	1370,09
1018,19	1429,48
1018,35	1476,59
1018,51	1476,59
1018,67	1394,67
1018,84	1409,00
1019,00	1361,90
1019,16	1431,53
1019,33	1388,52
1019,49	1437,67
1019,65	1425,39
1019,82	1431,53
1019,98	1499,11
1020,14	1396,71
1020,30	1478,63
1020,47	1353,71
1020,63	1359,85
1020,79	1583,08
1020,96	1382,38
1021,12	1374,19
1021,28	1445,87
1021,44	1406,95
1021,61	1472,49
1021,77	1411,05
1021,93	1361,90
1022,09	1415,15
1022,26	1501,16
1022,42	1378,28
1022,58	1476,59
1022,74	1427,43
1022,91	1437,67
1023,07	1409,00
1023,23	1398,76
1023,39	1462,25
1023,56	1382,38
1023,72	1458,15
1023,88	1394,67
1024,04	1456,11
1024,21	1357,80
1024,37	1445,87
1024,53	1390,57
1024,69	1417,19
1024,86	1343,47
1025,02	1445,87
1025,18	1456,11
1025,34	1454,06
1025,50	1497,07
1025,67	1306,60
1025,83	1406,95
1025,99	1433,58
1026,15	1419,24
1026,32	1503,21
1026,48	1394,67
1026,64	1404,91
1026,80	1458,15
1026,96	1501,16
1027,13	1460,20
1027,29	1458,15
1027,45	1439,72
1027,61	1353,71
1027,77	1447,91
1027,94	1468,39
1028,10	1378,28
1028,26	1306,60
1028,42	1376,24
1028,58	1374,19
1028,75	1402,86
1028,91	1441,77
1029,07	1406,95
1029,23	1431,53
1029,39	1452,01
1029,55	1398,76
1029,72	1411,05
1029,88	1495,02
1030,04	1402,86
1030,20	1443,82
1030,36	1298,41
1030,52	1374,19
1030,69	1396,71
1030,85	1462,25
1031,01	1439,72
1031,17	1400,81
1031,33	1431,53
1031,49	1456,11
1031,65	1454,06
1031,82	1447,91
1031,98	1411,05
1032,14	1404,91
1032,30	1415,15
1032,46	1458,15
1032,62	1427,43
1032,78	1464,30
1032,95	1415,15
1033,11	1521,64
1033,27	1437,67
1033,43	1429,48
1033,59	1368,04
1033,75	1425,39
1033,91	1298,41
1034,07	1452,01
1034,24	1376,24
1034,40	1433,58
1034,56	1480,68
1034,72	1484,78
1034,88	1454,06
1035,04	1384,43
1035,20	1429,48
1035,36	1396,71
1035,52	1421,29
1035,68	1380,33
1035,85	1492,97
1036,01	1431,53
1036,17	1540,07
1036,33	1404,91
1036,49	1411,05
1036,65	1458,15
1036,81	1363,95
1036,97	1462,25
1037,13	1343,47
1037,29	1386,47
1037,45	1384,43
1037,61	1464,30
1037,78	1361,90
1037,94	1402,86
1038,10	1462,25
1038,26	1429,48
1038,42	1394,67
1038,58	1400,81
1038,74	1400,81
1038,90	1411,05
1039,06	1382,38
1039,22	1421,29
1039,38	1394,67
1039,54	1415,15
1039,70	1343,47
1039,86	1423,34
1040,02	1388,52
1040,18	1460,20
1040,34	1404,91
1040,50	1437,67
1040,66	1413,10
1040,83	1441,77
1040,99	1335,28
1041,15	1492,97
1041,31	1472,49
1041,47	1429,48
1041,63	1452,01
1041,79	1359,85
1041,95	1435,63
1042,11	1380,33
1042,27	1458,15
1042,43	1470,44
1042,59	1548,26
1042,75	1374,19
1042,91	1431,53
