344,25	1234,93
344,46	1234,93
344,68	1234,93
344,90	1335,28
345,12	1308,65
345,34	1325,04
345,55	1361,90
345,77	1413,10
345,99	1433,58
346,21	1449,96
346,42	1415,15
346,64	1406,95
346,86	1366,00
347,08	1417,19
347,30	1406,95
347,51	1355,76
347,73	1431,53
347,95	1460,20
348,17	1431,53
348,38	1400,81
348,60	1349,61
348,82	1419,24
349,04	1415,15
349,25	1495,02
349,47	1462,25
349,69	1447,91
349,91	1513,45
350,13	1396,71
350,34	1361,90
350,56	1431,53
350,78	1386,47
351,00	1449,96
351,21	1542,12
351,43	1368,04
351,65	1384,43
351,87	1421,29
352,08	1409,00
352,30	1411,05
352,52	1427,43
352,74	1404,91
352,95	1466,35
353,17	1441,77
353,39	1394,67
353,61	1378,28
353,82	1464,30
354,04	1460,20
354,26	1460,20
354,47	1411,05
354,69	1431,53
354,91	1406,95
355,13	1419,24
355,34	1435,63
355,56	1394,67
355,78	1398,76
356,00	1370,09
356,21	1398,76
356,43	1433,58
356,65	1445,87
356,86	1447,91
357,08	1468,39
357,30	1474,54
357,52	1417,19
357,73	1433,58
357,95	1427,43
358,17	1396,71
358,38	1402,86
358,60	1417,19
358,82	1472,49
359,04	1404,91
359,25	1568,74
359,47	1507,30
359,69	1382,38
359,90	1400,81
360,12	1644,52
360,34	1501,16
360,56	1519,59
360,77	1640,42
360,99	1617,90
361,21	1564,65
361,42	1548,26
361,64	1568,74
361,86	1634,28
362,07	1542,12
362,29	1558,50
362,51	1642,47
362,73	1548,26
362,94	1601,51
363,16	1632,23
363,38	1587,18
363,59	1601,51
363,81	1640,42
364,03	1638,38
364,24	1710,05
364,46	1654,76
364,68	1710,05
364,89	1558,50
365,11	1693,67
365,33	1624,04
365,54	1675,24
365,76	1636,33
365,98	1765,35
366,19	1632,23
366,41	1689,57
366,63	1619,94
366,84	1597,42
367,06	1662,95
367,28	1699,81
367,49	1628,14
367,71	1607,66
367,93	1654,76
368,14	1695,72
368,36	1671,14
368,58	1650,66
368,79	1636,33
369,01	1705,96
369,23	1638,38
369,44	1681,38
369,66	1519,59
369,88	1703,91
370,09	1624,04
370,31	1710,05
370,53	1589,22
370,74	1660,90
370,96	1603,56
371,18	1619,94
371,39	1617,90
371,61	1705,96
371,82	1695,72
372,04	1626,09
372,26	1628,14
372,47	1662,95
372,69	1638,38
372,91	1646,57
373,12	1652,71
373,34	1531,88
373,56	1548,26
373,77	1542,12
373,99	1552,36
374,20	1572,84
374,42	1583,08
374,64	1685,48
374,85	1531,88
375,07	1708,01
375,29	1599,46
375,50	1546,22
375,72	1605,61
375,93	1595,37
376,15	1533,93
376,37	1566,70
376,58	1495,02
376,80	1587,18
377,01	1542,12
377,23	1527,78
377,45	1556,46
377,66	1544,17
377,88	1599,46
378,10	1454,06
378,31	1486,83
378,53	1515,50
378,74	1490,92
378,96	1492,97
379,18	1499,11
379,39	1517,54
379,61	1501,16
379,82	1497,07
380,04	1488,87
380,26	1515,50
380,47	1556,46
380,69	1568,74
380,90	1593,32
381,12	1419,24
381,33	1505,26
381,55	1546,22
381,77	1544,17
381,98	1499,11
382,20	1435,63
382,41	1429,48
382,63	1380,33
382,85	1456,11
383,06	1458,15
383,28	1583,08
383,49	1484,78
383,71	1570,79
383,92	1421,29
384,14	1417,19
384,36	1363,95
384,57	1482,73
384,79	1361,90
385,00	1439,72
385,22	1476,59
385,43	1456,11
385,65	1490,92
385,87	1411,05
386,08	1345,52
386,30	1456,11
386,51	1560,55
386,73	1425,39
386,94	1462,25
387,16	1476,59
387,37	1474,54
387,59	1390,57
387,81	1519,59
388,02	1529,83
388,24	1431,53
388,45	1517,54
388,67	1404,91
388,88	1523,69
389,10	1411,05
389,31	1540,07
389,53	1503,21
389,75	1513,45
389,96	1388,52
390,18	1499,11
390,39	1468,39
390,61	1507,30
390,82	1374,19
391,04	1519,59
391,25	1466,35
391,47	1433,58
391,68	1531,88
391,90	1476,59
392,11	1464,30
392,33	1443,82
392,54	1519,59
392,76	1445,87
392,97	1458,15
393,19	1488,87
393,41	1527,78
393,62	1529,83
393,84	1578,98
394,05	1509,35
394,27	1447,91
394,48	1409,00
394,70	1538,02
394,91	1511,40
395,13	1513,45
395,34	1527,78
395,56	1538,02
395,77	1497,07
395,99	1466,35
396,20	1421,29
396,42	1474,54
396,63	1476,59
396,85	1562,60
397,06	1447,91
397,28	1509,35
397,49	1447,91
397,71	1628,14
397,92	1482,73
398,14	1525,74
398,35	1665,00
398,57	1531,88
398,78	1599,46
399,00	1570,79
399,21	1564,65
399,43	1531,88
399,64	1581,03
399,86	1568,74
400,07	1570,79
400,29	1507,30
400,50	1535,98
400,72	1660,90
400,93	1570,79
401,14	1605,61
401,36	1572,84
401,57	1503,21
401,79	1544,17
402,00	1544,17
402,22	1558,50
402,43	1630,18
402,65	1562,60
402,86	1562,60
403,08	1613,80
403,29	1538,02
403,51	1619,94
403,72	1607,66
403,94	1554,41
404,15	1634,28
404,36	1611,75
404,58	1892,32
404,79	1669,09
405,01	1531,88
405,22	1578,98
405,44	1574,89
405,65	1669,09
405,87	1624,04
406,08	1521,64
406,30	1540,07
406,51	1560,55
406,72	1619,94
406,94	1591,27
407,15	1552,36
407,37	1693,67
407,58	1517,54
407,80	1611,75
408,01	1605,61
408,23	1540,07
408,44	1552,36
408,65	1556,46
408,87	1560,55
409,08	1585,13
409,30	1665,00
409,51	1558,50
409,73	1515,50
409,94	1521,64
410,15	1673,19
410,37	1570,79
410,58	1634,28
410,80	1578,98
411,01	1511,40
411,23	1601,51
411,44	1513,45
411,65	1593,32
411,87	1597,42
412,08	1533,93
412,30	1601,51
412,51	1519,59
412,72	1665,00
412,94	1605,61
413,15	1497,07
413,37	1488,87
413,58	1572,84
413,79	1519,59
414,01	1607,66
414,22	1578,98
414,44	1513,45
414,65	1562,60
414,86	1570,79
415,08	1488,87
415,29	1601,51
415,51	1566,70
415,72	1519,59
415,93	1495,02
416,15	1632,23
416,36	1630,18
416,58	1636,33
416,79	1687,53
417,00	1595,37
417,22	1527,78
417,43	1572,84
417,65	1458,15
417,86	1595,37
418,07	1646,57
418,29	1583,08
418,50	1599,46
418,71	1470,44
418,93	1540,07
419,14	1468,39
419,36	1447,91
419,57	1630,18
419,78	1554,41
420,00	1593,32
420,21	1609,70
420,42	1593,32
420,64	1642,47
420,85	1515,50
421,06	1638,38
421,28	1636,33
421,49	1585,13
421,71	1644,52
421,92	1550,31
422,13	1726,44
422,35	1581,03
422,56	1679,33
422,77	1644,52
422,99	1558,50
423,20	1732,58
423,41	1652,71
423,63	1658,85
423,84	1705,96
424,05	1665,00
424,27	1681,38
424,48	1607,66
424,69	1736,68
424,91	2021,35
425,12	1628,14
425,33	1519,59
425,55	1683,43
425,76	1636,33
425,97	1746,92
426,19	1632,23
426,40	1656,81
426,61	1718,25
426,83	1615,85
427,04	1740,77
427,25	1742,82
427,47	1783,78
427,68	1673,19
427,89	1624,04
428,11	1724,39
428,32	1644,52
428,53	1732,58
428,75	1615,85
428,96	1677,29
429,17	1777,64
429,39	1601,51
429,60	1703,91
429,81	1658,85
430,03	1630,18
430,24	1669,09
430,45	1654,76
430,67	1714,15
430,88	1712,10
431,09	1632,23
431,30	1691,62
431,52	1734,63
431,73	1607,66
431,94	1695,72
432,16	1681,38
432,37	1673,19
432,58	1603,56
432,80	1619,94
433,01	1665,00
433,22	1585,13
433,43	1595,37
433,65	1568,74
433,86	1552,36
434,07	1585,13
434,29	1591,27
434,50	1552,36
434,71	1619,94
434,92	1603,56
435,14	1599,46
435,35	1613,80
435,56	1578,98
435,77	1515,50
435,99	1529,83
436,20	1603,56
436,41	1597,42
436,63	1531,88
436,84	1570,79
437,05	1511,40
437,26	1546,22
437,48	1576,94
437,69	1558,50
437,90	1662,95
438,11	1581,03
438,33	1509,35
438,54	1589,22
438,75	1574,89
438,96	1585,13
439,18	1523,69
439,39	1548,26
439,60	1568,74
439,82	1554,41
440,03	1603,56
440,24	1548,26
440,45	1519,59
440,67	1595,37
440,88	1554,41
441,09	1673,19
441,30	1597,42
441,51	1634,28
441,73	1497,07
441,94	1548,26
442,15	1621,99
442,36	1693,67
442,58	1607,66
442,79	1550,31
443,00	1605,61
443,21	1585,13
443,43	1619,94
443,64	1525,74
443,85	1593,32
444,06	1499,11
444,28	1595,37
444,49	1669,09
444,70	1593,32
444,91	1640,42
445,12	1589,22
445,34	1667,05
445,55	1751,01
445,76	1626,09
445,97	1560,55
446,18	1527,78
446,40	1691,62
446,61	1499,11
446,82	1564,65
447,03	1671,14
447,25	1648,61
447,46	1638,38
447,67	1671,14
447,88	1595,37
448,09	1716,20
448,31	1679,33
448,52	1722,34
448,73	1716,20
448,94	1642,47
449,15	1806,31
449,37	1734,63
449,58	1695,72
449,79	1742,82
450,00	2027,49
450,21	1746,92
450,43	1791,97
450,64	1701,86
450,85	1759,21
451,06	2052,06
451,27	1732,58
451,48	1847,27
451,70	1812,45
451,91	1814,50
452,12	1880,04
452,33	1994,72
452,54	1796,07
452,76	1920,99
452,97	2013,15
453,18	2054,11
453,39	1957,86
453,60	2043,87
453,81	1986,53
454,03	1918,95
454,24	1957,86
454,45	1933,28
454,66	1980,39
454,87	2023,39
455,08	1978,34
455,30	2217,95
455,51	1931,23
455,72	2201,57
455,93	1957,86
456,14	2109,41
456,35	2037,73
456,56	2344,92
456,78	2029,54
456,99	2004,96
457,20	2095,07
457,41	2095,07
457,62	1974,24
457,83	2236,38
458,04	1964,00
458,26	2193,37
458,47	1966,05
458,68	2047,97
458,89	1877,99
459,10	1996,77
459,31	2009,06
459,52	2060,26
459,74	2099,17
459,95	2086,88
460,16	1943,52
460,37	2090,98
460,58	1947,62
460,79	1896,42
461,00	1871,84
461,21	1851,36
461,43	1818,60
461,64	1849,32
461,85	1777,64
462,06	1808,36
462,27	1705,96
462,48	1888,23
462,69	1759,21
462,90	1734,63
463,12	1851,36
463,33	1740,77
463,54	1712,10
463,75	1767,40
463,96	1662,95
464,17	1808,36
464,38	1691,62
464,59	1638,38
464,80	1624,04
465,01	1644,52
465,23	1728,49
465,44	1611,75
465,65	1533,93
465,86	1654,76
466,07	1630,18
466,28	1656,81
466,49	1615,85
466,70	1673,19
466,91	1669,09
467,12	1611,75
467,33	1613,80
467,55	1630,18
467,76	1624,04
467,97	1564,65
468,18	1560,55
468,39	1538,02
468,60	1656,81
468,81	1597,42
469,02	1574,89
469,23	1556,46
469,44	1607,66
469,65	1441,77
469,86	1554,41
470,07	1552,36
470,29	1687,53
470,50	1599,46
470,71	1638,38
470,92	1587,18
471,13	1699,81
471,34	1599,46
471,55	1587,18
471,76	1611,75
471,97	1482,73
472,18	1591,27
472,39	1542,12
472,60	1583,08
472,81	1593,32
473,02	1548,26
473,23	1603,56
473,44	1542,12
473,65	1478,63
473,87	1531,88
474,08	1499,11
474,29	1564,65
474,50	1468,39
474,71	1480,68
474,92	1550,31
475,13	1587,18
475,34	1519,59
475,55	1505,26
475,76	1503,21
475,97	1558,50
476,18	1531,88
476,39	1533,93
476,60	1544,17
476,81	1572,84
477,02	1554,41
477,23	1527,78
477,44	1488,87
477,65	1503,21
477,86	1558,50
478,07	1589,22
478,28	1521,64
478,49	1527,78
478,70	1499,11
478,91	1542,12
479,12	1378,28
479,33	1462,25
479,54	1501,16
479,75	1566,70
479,96	1519,59
480,17	1458,15
480,38	1587,18
480,59	1392,62
480,80	1439,72
481,01	1411,05
481,22	1441,77
481,43	1533,93
481,64	1468,39
481,85	1454,06
482,06	1464,30
482,27	1468,39
482,48	1495,02
482,69	1507,30
482,90	1423,34
483,11	1585,13
483,32	1509,35
483,53	1478,63
483,74	1492,97
483,95	1363,95
484,16	1486,83
484,37	1443,82
484,58	1464,30
484,79	1458,15
485,00	1529,83
485,21	1482,73
485,42	1544,17
485,63	1581,03
485,84	1456,11
486,05	1437,67
486,26	1501,16
486,47	1578,98
486,68	1490,92
486,89	1503,21
487,10	1421,29
487,31	1472,49
487,52	1478,63
487,73	1552,36
487,94	1458,15
488,15	1394,67
488,36	1513,45
488,57	1501,16
488,77	1452,01
488,98	1478,63
489,19	1464,30
489,40	1558,50
489,61	1544,17
489,82	1425,39
490,03	1578,98
490,24	1435,63
490,45	1445,87
490,66	1443,82
490,87	1558,50
491,08	1404,91
491,29	1527,78
491,50	1431,53
491,71	1478,63
491,92	1511,40
492,13	1523,69
492,33	1402,86
492,54	1482,73
492,75	1488,87
492,96	1466,35
493,17	1419,24
493,38	1531,88
493,59	1406,95
493,80	1464,30
494,01	1454,06
494,22	1515,50
494,43	1490,92
494,64	1439,72
494,85	1476,59
495,05	1456,11
495,26	1478,63
495,47	1501,16
495,68	1478,63
495,89	1466,35
496,10	1454,06
496,31	1503,21
496,52	1380,33
496,73	1521,64
496,94	1409,00
497,15	1521,64
497,35	1591,27
497,56	1513,45
497,77	1464,30
497,98	1515,50
498,19	1394,67
498,40	1546,22
498,61	1531,88
498,82	1488,87
499,03	1456,11
499,23	1400,81
499,44	1578,98
499,65	1533,93
499,86	1533,93
500,07	1402,86
500,28	1447,91
500,49	1476,59
500,70	1533,93
500,91	1480,68
501,11	1507,30
501,32	1449,96
501,53	1480,68
501,74	1454,06
501,95	1372,14
502,16	1402,86
502,37	1419,24
502,57	1523,69
502,78	1462,25
502,99	1466,35
503,20	1394,67
503,41	1433,58
503,62	1511,40
503,83	1484,78
504,03	1513,45
504,24	1378,28
504,45	1476,59
504,66	1431,53
504,87	1476,59
505,08	1439,72
505,29	1462,25
505,49	1384,43
505,70	1513,45
505,91	1523,69
506,12	1490,92
506,33	1529,83
506,54	1425,39
506,75	1466,35
506,95	1454,06
507,16	1578,98
507,37	1482,73
507,58	1452,01
507,79	1447,91
508,00	1413,10
508,20	1392,62
508,41	1404,91
508,62	1490,92
508,83	1429,48
509,04	1394,67
509,24	1529,83
509,45	1744,87
509,66	1542,12
509,87	1468,39
510,08	1488,87
510,29	1511,40
510,49	1509,35
510,70	1429,48
510,91	1435,63
511,12	1462,25
511,33	1431,53
511,53	1466,35
511,74	1527,78
511,95	1456,11
512,16	1404,91
512,37	1476,59
512,57	1386,47
512,78	1431,53
512,99	1419,24
513,20	1552,36
513,41	1443,82
513,61	1478,63
513,82	1521,64
514,03	1456,11
514,24	1435,63
514,45	1394,67
514,65	1462,25
514,86	1462,25
515,07	1404,91
515,28	1425,39
515,49	1427,43
515,69	1470,44
515,90	1544,17
516,11	1478,63
516,32	1476,59
516,52	1388,52
516,73	1429,48
516,94	1525,74
517,15	1431,53
517,36	1456,11
517,56	1425,39
517,77	1409,00
517,98	1505,26
518,19	1460,20
518,39	1519,59
518,60	1435,63
518,81	1513,45
519,02	1427,43
519,22	1333,23
519,43	1447,91
519,64	1495,02
519,85	1531,88
520,05	1464,30
520,26	1357,80
520,47	1529,83
520,68	1441,77
520,88	1466,35
521,09	1468,39
521,30	1433,58
521,51	1474,54
521,71	1384,43
521,92	1449,96
522,13	1476,59
522,34	1495,02
522,54	1427,43
522,75	1353,71
522,96	1445,87
523,17	1538,02
523,37	1478,63
523,58	1413,10
523,79	1435,63
523,99	1429,48
524,20	1460,20
524,41	1413,10
524,62	1525,74
524,82	1492,97
525,03	1482,73
525,24	1486,83
525,45	1409,00
525,65	1492,97
525,86	1550,31
526,07	1443,82
526,27	1415,15
526,48	1480,68
526,69	1476,59
526,90	1349,61
527,10	1447,91
527,31	1452,01
527,52	1380,33
527,72	1435,63
527,93	1550,31
528,14	1382,38
528,34	1460,20
528,55	1359,85
528,76	1468,39
528,97	1372,14
529,17	1488,87
529,38	1466,35
529,59	1486,83
529,79	1488,87
530,00	1406,95
530,21	1609,70
530,41	1390,57
530,62	1560,55
530,83	1507,30
531,03	1439,72
531,24	1449,96
531,45	1429,48
531,65	1478,63
531,86	1484,78
532,07	1476,59
532,27	1400,81
532,48	1499,11
532,69	1370,09
532,89	1404,91
533,10	1462,25
533,31	1431,53
533,51	1447,91
533,72	1478,63
533,93	1497,07
534,13	1472,49
534,34	1449,96
534,55	1478,63
534,75	1409,00
534,96	1435,63
535,17	1386,47
535,37	1484,78
535,58	1521,64
535,79	1458,15
535,99	1398,76
536,20	1384,43
536,41	1449,96
536,61	1564,65
536,82	1501,16
537,03	1419,24
537,23	1429,48
537,44	1435,63
537,64	1507,30
537,85	1466,35
538,06	1439,72
538,26	1546,22
538,47	1509,35
538,68	1449,96
538,88	1419,24
539,09	1454,06
539,30	1492,97
539,50	1505,26
539,71	1441,77
539,91	1533,93
540,12	1433,58
540,33	1431,53
540,53	1490,92
540,74	1423,34
540,94	1490,92
541,15	1484,78
541,36	1439,72
541,56	1505,26
541,77	1492,97
541,98	1464,30
542,18	1484,78
542,39	1542,12
542,59	1566,70
542,80	1458,15
543,01	1372,14
543,21	1419,24
543,42	1462,25
543,62	1447,91
543,83	1439,72
544,04	1396,71
544,24	1517,54
544,45	1482,73
544,65	1488,87
544,86	1423,34
545,06	1466,35
545,27	1431,53
545,48	1409,00
545,68	1521,64
545,89	1492,97
546,09	1437,67
546,30	1464,30
546,51	1468,39
546,71	1404,91
546,92	1435,63
547,12	1460,20
547,33	1402,86
547,53	1382,38
547,74	1423,34
547,95	1486,83
548,15	1497,07
548,36	1447,91
548,56	1513,45
548,77	1427,43
548,97	1511,40
549,18	1386,47
549,39	1503,21
549,59	1484,78
549,80	1484,78
550,00	1411,05
550,21	1462,25
550,41	1427,43
550,62	1429,48
550,82	1406,95
551,03	1292,27
551,23	1509,35
551,44	1396,71
551,65	1454,06
551,85	1429,48
552,06	1470,44
552,26	1517,54
552,47	1396,71
552,67	1431,53
552,88	1380,33
553,08	1476,59
553,29	1523,69
553,49	1449,96
553,70	1423,34
553,90	1462,25
554,11	1435,63
554,32	1439,72
554,52	1445,87
554,73	1421,29
554,93	1382,38
555,14	1441,77
555,34	1488,87
555,55	1497,07
555,75	1363,95
555,96	1439,72
556,16	1384,43
556,37	1499,11
556,57	1427,43
556,78	1472,49
556,98	1474,54
557,19	1474,54
557,39	1447,91
557,60	1429,48
557,80	1390,57
558,01	1490,92
558,21	1474,54
558,42	1388,52
558,62	1423,34
558,83	1558,50
559,03	1409,00
559,24	1452,01
559,44	1578,98
559,65	1435,63
559,85	1470,44
560,06	1470,44
560,26	1445,87
560,47	1464,30
560,67	1517,54
560,88	1413,10
561,08	1460,20
561,29	1519,59
561,49	1468,39
561,70	1437,67
561,90	1398,76
562,10	1466,35
562,31	1515,50
562,51	1462,25
562,72	1382,38
562,92	1421,29
563,13	1478,63
563,33	1521,64
563,54	1429,48
563,74	1542,12
563,95	1423,34
564,15	1439,72
564,36	1429,48
564,56	1427,43
564,76	1460,20
564,97	1429,48
565,17	1421,29
565,38	1482,73
565,58	1400,81
565,79	1460,20
565,99	1458,15
566,20	1476,59
566,40	1513,45
566,60	1466,35
566,81	1478,63
567,01	1609,70
567,22	1415,15
567,42	1425,39
567,63	1454,06
567,83	1413,10
568,04	1402,86
568,24	1544,17
568,44	1593,32
568,65	1515,50
568,85	1429,48
569,06	1423,34
569,26	1445,87
569,47	1437,67
569,67	1437,67
569,87	1495,02
570,08	1505,26
570,28	1497,07
570,49	1538,02
570,69	1499,11
570,89	1474,54
571,10	1439,72
571,30	1482,73
571,51	1456,11
571,71	1404,91
571,91	1482,73
572,12	1417,19
572,32	1415,15
572,53	1509,35
572,73	1509,35
572,93	1517,54
573,14	1472,49
573,34	1445,87
573,55	1507,30
573,75	1406,95
573,95	1470,44
574,16	1468,39
574,36	1552,36
574,57	1511,40
574,77	1484,78
574,97	1382,38
575,18	1429,48
575,38	1419,24
575,59	1427,43
575,79	1435,63
575,99	1505,26
576,20	1441,77
576,40	1478,63
576,60	1542,12
576,81	1378,28
577,01	1501,16
577,22	1454,06
577,42	1435,63
577,62	1484,78
577,83	1429,48
578,03	1484,78
578,23	1456,11
578,44	1435,63
578,64	1462,25
578,84	1452,01
579,05	1409,00
579,25	1445,87
579,45	1400,81
579,66	1388,52
579,86	1433,58
580,07	1404,91
580,27	1490,92
580,47	1497,07
580,68	1363,95
580,88	1441,77
581,08	1533,93
581,29	1435,63
581,49	1480,68
581,69	1468,39
581,90	1398,76
582,10	1443,82
582,30	1400,81
582,51	1521,64
582,71	1413,10
582,91	1355,76
583,12	1406,95
583,32	1468,39
583,52	1413,10
583,73	1417,19
583,93	1423,34
584,13	1452,01
584,34	1394,67
584,54	1409,00
584,74	1499,11
584,94	1392,62
585,15	1482,73
585,35	1501,16
585,55	1603,56
585,76	1443,82
585,96	1433,58
586,16	1415,15
586,37	1417,19
586,57	1447,91
586,77	1394,67
586,98	1452,01
587,18	1497,07
587,38	1474,54
587,58	1404,91
587,79	1433,58
587,99	1503,21
588,19	1437,67
588,40	1343,47
588,60	1533,93
588,80	1427,43
589,00	1490,92
589,21	1417,19
589,41	1488,87
589,61	1460,20
589,82	1445,87
590,02	1355,76
590,22	1490,92
590,42	1527,78
590,63	1445,87
590,83	1441,77
591,03	1505,26
591,23	1466,35
591,44	1413,10
591,64	1478,63
591,84	1417,19
592,05	1404,91
592,25	1492,97
592,45	1505,26
592,65	1497,07
592,86	1415,15
593,06	1470,44
593,26	1458,15
593,46	1470,44
593,67	1458,15
593,87	1415,15
594,07	1435,63
594,27	1470,44
594,48	1372,14
594,68	1419,24
594,88	1513,45
595,08	1417,19
595,29	1456,11
595,49	1509,35
595,69	1456,11
595,89	1425,39
596,10	1411,05
596,30	1488,87
596,50	1411,05
596,70	1425,39
596,90	1452,01
597,11	1388,52
597,31	1411,05
597,51	1423,34
597,71	1456,11
597,92	1441,77
598,12	1486,83
598,32	1503,21
598,52	1421,29
598,72	1454,06
598,93	1490,92
599,13	1445,87
599,33	1476,59
599,53	1572,84
599,74	1355,76
599,94	1429,48
600,14	1484,78
600,34	1447,91
600,54	1499,11
600,75	1386,47
600,95	1421,29
601,15	1492,97
601,35	1425,39
601,55	1445,87
601,76	1464,30
601,96	1546,22
602,16	1505,26
602,36	1447,91
602,56	1396,71
602,76	1372,14
602,97	1411,05
603,17	1464,30
603,37	1454,06
603,57	1492,97
603,77	1511,40
603,98	1406,95
604,18	1388,52
604,38	1495,02
604,58	1433,58
604,78	1476,59
604,98	1421,29
605,19	1445,87
605,39	1542,12
605,59	1452,01
605,79	1517,54
605,99	1443,82
606,19	1452,01
606,40	1413,10
606,60	1505,26
606,80	1472,49
607,00	1454,06
607,20	1374,19
607,40	1495,02
607,61	1439,72
607,81	1413,10
608,01	1478,63
608,21	1482,73
608,41	1427,43
608,61	1433,58
608,81	1325,04
609,02	1458,15
609,22	1439,72
609,42	1386,47
609,62	1464,30
609,82	1419,24
610,02	1431,53
610,22	1372,14
610,43	1445,87
610,63	1441,77
610,83	1507,30
611,03	1445,87
611,23	1441,77
611,43	1538,02
611,63	1513,45
611,83	1329,13
612,04	1439,72
612,24	1466,35
612,44	1482,73
612,64	1386,47
612,84	1517,54
613,04	1437,67
613,24	1456,11
613,44	1415,15
613,64	1501,16
613,85	1464,30
614,05	1439,72
614,25	1464,30
614,45	1435,63
614,65	1472,49
614,85	1531,88
615,05	1392,62
615,25	1495,02
615,45	1384,43
615,65	1529,83
615,86	1495,02
616,06	1476,59
616,26	1486,83
616,46	1505,26
616,66	1382,38
616,86	1462,25
617,06	1413,10
617,26	1456,11
617,46	1486,83
617,66	1505,26
617,86	1470,44
618,07	1427,43
618,27	1439,72
618,47	1409,00
618,67	1533,93
618,87	1499,11
619,07	1478,63
619,27	1488,87
619,47	1492,97
619,67	1562,60
619,87	1441,77
620,07	1474,54
620,27	1460,20
620,47	1515,50
620,67	1519,59
620,87	1425,39
621,07	1564,65
621,28	1435,63
621,48	1499,11
621,68	1472,49
621,88	1472,49
622,08	1474,54
622,28	1445,87
622,48	1538,02
622,68	1386,47
622,88	1517,54
623,08	1521,64
623,28	1495,02
623,48	1441,77
623,68	1404,91
623,88	1419,24
624,08	1558,50
624,28	1447,91
624,48	1490,92
624,68	1398,76
624,88	1380,33
625,08	1474,54
625,28	1470,44
625,48	1445,87
625,68	1527,78
625,88	1460,20
626,08	1472,49
626,28	1452,01
626,48	1470,44
626,68	1417,19
626,88	1411,05
627,08	1507,30
627,28	1554,41
627,48	1503,21
627,68	1439,72
627,88	1437,67
628,08	1480,68
628,28	1468,39
628,49	1581,03
628,68	1501,16
628,88	1554,41
629,08	1357,80
629,28	1486,83
629,48	1480,68
629,68	1511,40
629,88	1454,06
630,08	1548,26
630,28	1511,40
630,48	1454,06
630,68	1345,52
630,88	1495,02
631,08	1484,78
631,28	1413,10
631,48	1492,97
631,68	1433,58
631,88	1439,72
632,08	1447,91
632,28	1466,35
632,48	1429,48
632,68	1511,40
632,88	1406,95
633,08	1441,77
633,28	1470,44
633,48	1402,86
633,68	1406,95
633,88	1535,98
634,08	1517,54
634,28	1474,54
634,48	1423,34
634,68	1460,20
634,88	1476,59
635,08	1359,85
635,28	1546,22
635,48	1454,06
635,68	1413,10
635,87	1509,35
636,07	1464,30
636,27	1439,72
636,47	1411,05
636,67	1490,92
636,87	1511,40
637,07	1519,59
637,27	1452,01
637,47	1378,28
637,67	1439,72
637,87	1411,05
638,07	1564,65
638,27	1402,86
638,47	1472,49
638,67	1419,24
638,86	1456,11
639,06	1429,48
639,26	1519,59
639,46	1429,48
639,66	1505,26
639,86	1427,43
640,06	1433,58
640,26	1517,54
640,46	1472,49
640,66	1415,15
640,86	1482,73
641,06	1370,09
641,25	1503,21
641,45	1509,35
641,65	1462,25
641,85	1400,81
642,05	1466,35
642,25	1433,58
642,45	1454,06
642,65	1470,44
642,85	1454,06
643,05	1513,45
643,24	1423,34
643,44	1468,39
643,64	1490,92
643,84	1445,87
644,04	1357,80
644,24	1435,63
644,44	1368,04
644,64	1347,56
644,84	1482,73
645,03	1468,39
645,23	1535,98
645,43	1458,15
645,63	1505,26
645,83	1439,72
646,03	1394,67
646,23	1452,01
646,42	1595,37
646,62	1474,54
646,82	1535,98
647,02	1384,43
647,22	1464,30
647,42	1386,47
647,62	1613,80
647,82	1460,20
648,01	1687,53
648,21	1425,39
648,41	1511,40
648,61	1505,26
648,81	1492,97
649,01	1503,21
649,20	1447,91
649,40	1447,91
649,60	1421,29
649,80	1503,21
650,00	1470,44
650,20	1484,78
650,40	1464,30
650,59	1396,71
650,79	1495,02
650,99	1411,05
651,19	1452,01
651,39	1497,07
651,58	1423,34
651,78	1482,73
651,98	1443,82
652,18	1441,77
652,38	1482,73
652,58	1460,20
652,77	1439,72
652,97	1558,50
653,17	1470,44
653,37	1517,54
653,57	1486,83
653,77	1431,53
653,96	1505,26
654,16	1488,87
654,36	1535,98
654,56	1495,02
654,76	1474,54
654,95	1429,48
655,15	1511,40
655,35	1486,83
655,55	1466,35
655,75	1488,87
655,94	1490,92
656,14	1527,78
656,34	1470,44
656,54	1472,49
656,73	1415,15
656,93	1433,58
657,13	1558,50
657,33	1439,72
657,53	1456,11
657,72	1523,69
657,92	1419,24
658,12	1529,83
658,32	1472,49
658,52	1441,77
658,71	1495,02
658,91	1435,63
659,11	1386,47
659,31	1488,87
659,50	1441,77
659,70	1443,82
659,90	1597,42
660,10	1464,30
660,29	1445,87
660,49	1482,73
660,69	1437,67
660,89	1531,88
661,08	1419,24
661,28	1437,67
661,48	1476,59
661,68	1458,15
661,87	1488,87
662,07	1488,87
662,27	1406,95
662,47	1499,11
662,66	1495,02
662,86	1470,44
663,06	1472,49
663,26	1449,96
663,45	1525,74
663,65	1507,30
663,85	1495,02
664,05	1423,34
664,24	1447,91
664,44	1458,15
664,64	1396,71
664,84	1441,77
665,03	1499,11
665,23	1499,11
665,43	1406,95
665,62	1406,95
665,82	1497,07
666,02	1439,72
666,22	1466,35
666,41	1370,09
666,61	1558,50
666,81	1492,97
667,00	1507,30
667,20	1433,58
667,40	1462,25
667,60	1509,35
667,79	1382,38
667,99	1476,59
668,19	1431,53
668,38	1443,82
668,58	1507,30
668,78	1490,92
668,97	1533,93
669,17	1454,06
669,37	1513,45
669,57	1402,86
669,76	1507,30
669,96	1564,65
670,16	1488,87
670,35	1452,01
670,55	1421,29
670,75	1454,06
670,94	1505,26
671,14	1484,78
671,34	1515,50
671,53	1458,15
671,73	1423,34
671,93	1474,54
672,12	1417,19
672,32	1462,25
672,52	1466,35
672,71	1456,11
672,91	1468,39
673,11	1495,02
673,30	1431,53
673,50	1443,82
673,70	1443,82
673,89	1413,10
674,09	1458,15
674,29	1429,48
674,48	1542,12
674,68	1492,97
674,88	1443,82
675,07	1492,97
675,27	1509,35
675,46	1456,11
675,66	1441,77
675,86	1513,45
676,05	1548,26
676,25	1523,69
676,45	1501,16
676,64	1452,01
676,84	1492,97
677,04	1462,25
677,23	1529,83
677,43	1425,39
677,62	1578,98
677,82	1435,63
678,02	1495,02
678,21	1480,68
678,41	1433,58
678,61	1406,95
678,80	1501,16
679,00	1525,74
679,19	1505,26
679,39	1548,26
679,59	1499,11
679,78	1452,01
679,98	1417,19
680,17	1431,53
680,37	1480,68
680,57	1419,24
680,76	1431,53
680,96	1482,73
681,16	1427,43
681,35	1456,11
681,55	1447,91
681,74	1441,77
681,94	1433,58
682,13	1435,63
682,33	1452,01
682,53	1392,62
682,72	1406,95
682,92	1441,77
683,11	1480,68
683,31	1472,49
683,51	1503,21
683,70	1427,43
683,90	1488,87
684,09	1521,64
684,29	1535,98
684,48	1472,49
684,68	1492,97
684,88	1640,42
685,07	1435,63
685,27	1404,91
685,46	1482,73
685,66	1507,30
685,85	1484,78
686,05	1519,59
686,25	1556,46
686,44	1492,97
686,64	1468,39
686,83	1470,44
687,03	1507,30
687,22	1460,20
687,42	1515,50
687,61	1441,77
687,81	1486,83
688,01	1447,91
688,20	1353,71
688,40	1433,58
688,59	1466,35
688,79	1478,63
688,98	1517,54
689,18	1415,15
689,37	1525,74
689,57	1343,47
689,76	1503,21
689,96	1464,30
690,15	1492,97
690,35	1427,43
690,54	1472,49
690,74	1556,46
690,94	1437,67
691,13	1538,02
691,33	1505,26
691,52	1482,73
691,72	1456,11
691,91	1406,95
692,11	1509,35
692,30	1452,01
692,50	1533,93
692,69	1474,54
692,89	1417,19
693,08	1443,82
693,28	1406,95
693,47	1435,63
693,67	1624,04
693,86	1429,48
694,06	1474,54
694,25	1452,01
694,45	1464,30
694,64	1368,04
694,84	1472,49
695,03	1486,83
695,23	1517,54
695,42	1472,49
695,62	1519,59
695,81	1570,79
696,01	1404,91
696,20	1429,48
696,40	1372,14
696,59	1433,58
696,78	1439,72
696,98	1495,02
697,17	1445,87
697,37	1484,78
697,56	1507,30
697,76	1495,02
697,95	1552,36
698,15	1454,06
698,34	1501,16
698,54	1470,44
698,73	1529,83
698,93	1497,07
699,12	1400,81
699,32	1462,25
699,51	1513,45
699,70	1404,91
699,90	1527,78
700,09	1529,83
700,29	1398,76
700,48	1406,95
700,68	1363,95
700,87	1384,43
701,07	1404,91
701,26	1497,07
701,45	1441,77
701,65	1390,57
701,84	1400,81
702,04	1458,15
702,23	1452,01
702,43	1460,20
702,62	1486,83
702,81	1497,07
703,01	1411,05
703,20	1548,26
703,40	1402,86
703,59	1312,75
703,79	1452,01
703,98	1470,44
704,17	1437,67
704,37	1439,72
704,56	1482,73
704,76	1359,85
704,95	1456,11
705,14	1423,34
705,34	1464,30
705,53	1499,11
705,73	1411,05
705,92	1443,82
706,11	1484,78
706,31	1359,85
706,50	1466,35
706,70	1355,76
706,89	1499,11
707,08	1474,54
707,28	1411,05
707,47	1513,45
707,67	1419,24
707,86	1482,73
708,05	1443,82
708,25	1409,00
708,44	1490,92
708,64	1421,29
708,83	1421,29
709,02	1452,01
709,22	1478,63
709,41	1380,33
709,60	1476,59
709,80	1429,48
709,99	1427,43
710,19	1409,00
710,38	1452,01
710,57	1343,47
710,77	1372,14
710,96	1386,47
711,15	1384,43
711,35	1376,24
711,54	1443,82
711,73	1417,19
711,93	1435,63
712,12	1472,49
712,31	1472,49
712,51	1398,76
712,70	1382,38
712,89	1353,71
713,09	1392,62
713,28	1376,24
713,48	1423,34
713,67	1380,33
713,86	1404,91
714,06	1366,00
714,25	1398,76
714,44	1466,35
714,64	1378,28
714,83	1370,09
715,02	1329,13
715,22	1492,97
715,41	1505,26
715,60	1392,62
715,79	1437,67
715,99	1433,58
716,18	1443,82
716,37	1368,04
716,57	1443,82
716,76	1505,26
716,95	1439,72
717,15	1363,95
717,34	1357,80
717,53	1415,15
717,73	1501,16
717,92	1359,85
718,11	1472,49
718,31	1445,87
718,50	1445,87
718,69	1318,89
718,88	1517,54
719,08	1482,73
719,27	1400,81
719,46	1390,57
719,66	1486,83
719,85	1445,87
720,04	1415,15
720,23	1380,33
720,43	1353,71
720,62	1437,67
720,81	1322,99
721,01	1345,52
721,20	1462,25
721,39	1425,39
721,58	1423,34
721,78	1433,58
721,97	1417,19
722,16	1404,91
722,35	1464,30
722,55	1388,52
722,74	1443,82
722,93	1304,56
723,13	1372,14
723,32	1355,76
723,51	1368,04
723,70	1392,62
723,90	1402,86
724,09	1343,47
724,28	1423,34
724,47	1413,10
724,67	1460,20
724,86	1398,76
725,05	1454,06
725,24	1417,19
725,44	1398,76
725,63	1306,60
725,82	1390,57
726,01	1409,00
726,21	1452,01
726,40	1370,09
726,59	1474,54
726,78	1433,58
726,97	1368,04
727,17	1398,76
727,36	1497,07
727,55	1355,76
727,74	1413,10
727,94	1464,30
728,13	1454,06
728,32	1382,38
728,51	1488,87
728,70	1366,00
728,90	1404,91
729,09	1415,15
729,28	1417,19
729,47	1478,63
729,66	1419,24
729,86	1409,00
730,05	1419,24
730,24	1413,10
730,43	1390,57
730,63	1374,19
730,82	1474,54
731,01	1394,67
731,20	1443,82
731,39	1380,33
731,58	1413,10
731,78	1394,67
731,97	1394,67
732,16	1384,43
732,35	1429,48
732,54	1449,96
732,74	1517,54
732,93	1398,76
733,12	1462,25
733,31	1419,24
733,50	1363,95
733,69	1445,87
733,89	1470,44
734,08	1337,32
734,27	1445,87
734,46	1411,05
734,65	1308,65
734,84	1415,15
735,04	1370,09
735,23	1478,63
735,42	1486,83
735,61	1431,53
735,80	1404,91
735,99	1386,47
736,19	1353,71
736,38	1349,61
736,57	1372,14
736,76	1445,87
736,95	1421,29
737,14	1413,10
737,33	1435,63
737,53	1554,41
737,72	1411,05
737,91	1415,15
738,10	1445,87
738,29	1404,91
738,48	1392,62
738,67	1411,05
738,87	1454,06
739,06	1488,87
739,25	1419,24
739,44	1445,87
739,63	1507,30
739,82	1521,64
740,01	1392,62
740,20	1384,43
740,40	1499,11
740,59	1415,15
740,78	1378,28
740,97	1384,43
741,16	1380,33
741,35	1454,06
741,54	1476,59
741,73	1394,67
741,92	1398,76
742,12	1376,24
742,31	1421,29
742,50	1544,17
742,69	1413,10
742,88	1349,61
743,07	1368,04
743,26	1386,47
743,45	1409,00
743,64	1433,58
743,83	1427,43
744,02	1394,67
744,22	1427,43
744,41	1484,78
744,60	1419,24
744,79	1374,19
744,98	1468,39
745,17	1411,05
745,36	1355,76
745,55	1456,11
745,74	1421,29
745,93	1456,11
746,12	1437,67
746,31	1423,34
746,50	1339,37
746,70	1366,00
746,89	1429,48
747,08	1419,24
747,27	1427,43
747,46	1454,06
747,65	1470,44
747,84	1419,24
748,03	1409,00
748,22	1476,59
748,41	1423,34
748,60	1406,95
748,79	1380,33
748,98	1366,00
749,17	1404,91
749,36	1417,19
749,55	1409,00
749,74	1396,71
749,93	1460,20
750,12	1396,71
750,31	1435,63
750,50	1525,74
750,70	1476,59
750,89	1470,44
751,08	1517,54
751,27	1443,82
751,46	1400,81
751,65	1435,63
751,84	1466,35
752,03	1325,04
752,22	1509,35
752,41	1427,43
752,60	1425,39
752,79	1429,48
752,98	1439,72
753,17	1513,45
753,36	1476,59
753,55	1415,15
753,74	1382,38
753,93	1468,39
754,12	1417,19
754,31	1421,29
754,50	1521,64
754,69	1411,05
754,88	1445,87
755,07	1400,81
755,26	1400,81
755,45	1335,28
755,64	1499,11
755,83	1468,39
756,02	1486,83
756,21	1435,63
756,40	1425,39
756,59	1470,44
756,78	1499,11
756,97	1439,72
757,16	1472,49
757,35	1452,01
757,54	1378,28
757,72	1449,96
757,91	1404,91
758,10	1402,86
758,29	1409,00
758,48	1439,72
758,67	1460,20
758,86	1509,35
759,05	1400,81
759,24	1495,02
759,43	1452,01
759,62	1490,92
759,81	1531,88
760,00	1458,15
760,19	1406,95
760,38	1505,26
760,57	1492,97
760,76	1480,68
760,95	1490,92
761,14	1462,25
761,33	1513,45
761,52	1419,24
761,70	1474,54
761,89	1400,81
762,08	1492,97
762,27	1472,49
762,46	1452,01
762,65	1400,81
762,84	1474,54
763,03	1433,58
763,22	1460,20
763,41	1482,73
763,60	1421,29
763,79	1449,96
763,98	1437,67
764,16	1456,11
764,35	1452,01
764,54	1513,45
764,73	1499,11
764,92	1439,72
765,11	1583,08
765,30	1544,17
765,49	1533,93
765,68	1548,26
765,87	1513,45
766,06	1495,02
766,24	1441,77
766,43	1449,96
766,62	1488,87
766,81	1388,52
767,00	1495,02
767,19	1488,87
767,38	1585,13
767,57	1433,58
767,76	1423,34
767,94	1513,45
768,13	1421,29
768,32	1515,50
768,51	1447,91
768,70	1447,91
768,89	1548,26
769,08	1462,25
769,27	1423,34
769,45	1437,67
769,64	1535,98
769,83	1462,25
770,02	1431,53
770,21	1574,89
770,40	1486,83
770,59	1433,58
770,77	1501,16
770,96	1552,36
771,15	1447,91
771,34	1462,25
771,53	1578,98
771,72	1525,74
771,91	1454,06
772,09	1589,22
772,28	1398,76
772,47	1517,54
772,66	1566,70
772,85	1429,48
773,04	1495,02
773,22	1480,68
773,41	1521,64
773,60	1515,50
773,79	1499,11
773,98	1468,39
774,17	1425,39
774,35	1495,02
774,54	1503,21
774,73	1546,22
774,92	1505,26
775,11	1484,78
775,30	1535,98
775,48	1509,35
775,67	1470,44
775,86	1492,97
776,05	1546,22
776,24	1476,59
776,42	1474,54
776,61	1515,50
776,80	1454,06
776,99	1554,41
777,18	1529,83
777,36	1593,32
777,55	1515,50
777,74	1472,49
777,93	1540,07
778,12	1423,34
778,30	1531,88
778,49	1578,98
778,68	1587,18
778,87	1499,11
779,06	1515,50
779,24	1492,97
779,43	1564,65
779,62	1413,10
779,81	1476,59
779,99	1476,59
780,18	1458,15
780,37	1474,54
780,56	1566,70
780,75	1490,92
780,93	1449,96
781,12	1533,93
781,31	1503,21
781,50	1513,45
781,68	1486,83
781,87	1480,68
782,06	1495,02
782,25	1478,63
782,43	1458,15
782,62	1439,72
782,81	1439,72
783,00	1492,97
783,18	1441,77
783,37	1443,82
783,56	1525,74
783,75	1538,02
783,93	1497,07
784,12	1464,30
784,31	1568,74
784,50	1456,11
784,68	1441,77
784,87	1413,10
785,06	1595,37
785,24	1482,73
785,43	1511,40
785,62	1495,02
785,81	1519,59
785,99	1556,46
786,18	1478,63
786,37	1466,35
786,56	1447,91
786,74	1419,24
786,93	1466,35
787,12	1495,02
787,30	1456,11
787,49	1470,44
787,68	1472,49
787,87	1564,65
788,05	1394,67
788,24	1474,54
788,43	1429,48
788,61	1519,59
788,80	1417,19
788,99	1409,00
789,17	1474,54
789,36	1423,34
789,55	1480,68
789,73	1445,87
789,92	1413,10
790,11	1439,72
790,30	1460,20
790,48	1384,43
790,67	1492,97
790,86	1507,30
791,04	1468,39
791,23	1517,54
791,42	1486,83
791,60	1380,33
791,79	1486,83
791,98	1335,28
792,16	1466,35
792,35	1466,35
792,54	1415,15
792,72	1542,12
792,91	1353,71
793,10	1357,80
793,28	1460,20
793,47	1482,73
793,66	1443,82
793,84	1357,80
794,03	1396,71
794,22	1427,43
794,40	1406,95
794,59	1474,54
794,77	1460,20
794,96	1366,00
795,15	1466,35
795,33	1404,91
795,52	1458,15
795,71	1447,91
795,89	1343,47
796,08	1447,91
796,27	1486,83
796,45	1396,71
796,64	1325,04
796,82	1355,76
797,01	1511,40
797,20	1503,21
797,38	1388,52
797,57	1296,36
797,76	1433,58
797,94	1345,52
798,13	1468,39
798,31	1449,96
798,50	1382,38
798,69	1460,20
798,87	1406,95
799,06	1380,33
799,24	1388,52
799,43	1419,24
799,62	1357,80
799,80	1384,43
799,99	1525,74
800,17	1341,42
800,36	1472,49
800,55	1488,87
800,73	1417,19
800,92	1462,25
801,10	1425,39
801,29	1439,72
801,48	1404,91
801,66	1439,72
801,85	1423,34
802,03	1392,62
802,22	1423,34
802,40	1398,76
802,59	1386,47
802,78	1366,00
802,96	1458,15
803,15	1476,59
803,33	1398,76
803,52	1466,35
803,70	1411,05
803,89	1435,63
804,08	1374,19
804,26	1409,00
804,45	1409,00
804,63	1513,45
804,82	1482,73
805,00	1357,80
805,19	1402,86
805,37	1376,24
805,56	1411,05
805,74	1376,24
805,93	1421,29
806,12	1398,76
806,30	1452,01
806,49	1400,81
806,67	1329,13
806,86	1345,52
807,04	1400,81
807,23	1435,63
807,41	1394,67
807,60	1456,11
807,78	1425,39
807,97	1742,82
808,15	1368,04
808,34	1415,15
808,52	1480,68
808,71	1415,15
808,89	1415,15
809,08	1400,81
809,27	1423,34
809,45	1314,80
809,64	1382,38
809,82	1452,01
810,01	1470,44
810,19	1521,64
810,38	1419,24
810,56	1386,47
810,75	1449,96
810,93	1423,34
811,12	1415,15
811,30	1390,57
811,49	1386,47
811,67	1556,46
811,85	1429,48
812,04	1406,95
812,22	1445,87
812,41	1406,95
812,59	1501,16
812,78	1333,23
812,96	1380,33
813,15	1435,63
813,33	1390,57
813,52	1396,71
813,70	1501,16
813,89	1437,67
814,07	1499,11
814,26	1466,35
814,44	1347,56
814,63	1382,38
814,81	1419,24
815,00	1454,06
815,18	1447,91
815,36	1439,72
815,55	1470,44
815,73	1507,30
815,92	1509,35
816,10	1533,93
816,29	1478,63
816,47	1421,29
816,66	1413,10
816,84	1542,12
817,02	1556,46
817,21	1478,63
817,39	1445,87
817,58	1439,72
817,76	1431,53
817,95	1421,29
818,13	1411,05
818,32	1427,43
818,50	1427,43
818,68	1406,95
818,87	1529,83
819,05	1417,19
819,24	1458,15
819,42	1396,71
819,60	1349,61
819,79	1466,35
819,97	1462,25
820,16	1402,86
820,34	1386,47
820,53	1490,92
820,71	1478,63
820,89	1452,01
821,08	1374,19
821,26	1345,52
821,45	1421,29
821,63	1394,67
821,81	1452,01
822,00	1449,96
822,18	1470,44
822,37	1380,33
822,55	1464,30
822,73	1460,20
822,92	1509,35
823,10	1413,10
823,28	1380,33
823,47	1413,10
823,65	1464,30
823,84	1409,00
824,02	1474,54
824,20	1421,29
824,39	1468,39
824,57	1425,39
824,75	1447,91
824,94	1413,10
825,12	1501,16
825,31	1384,43
825,49	1429,48
825,67	1363,95
825,86	1458,15
826,04	1505,26
826,22	1476,59
826,41	1464,30
826,59	1419,24
826,77	1472,49
826,96	1435,63
827,14	1423,34
827,32	1435,63
827,51	1482,73
827,69	1456,11
827,87	1484,78
828,06	1466,35
828,24	1363,95
828,42	1396,71
828,61	1495,02
828,79	1458,15
828,97	1429,48
829,16	1503,21
829,34	1429,48
829,52	1380,33
829,71	1535,98
829,89	1566,70
830,07	1499,11
830,26	1495,02
830,44	1439,72
830,62	1617,90
830,81	1482,73
830,99	1515,50
831,17	1464,30
831,36	1472,49
831,54	1492,97
831,72	1488,87
831,91	1357,80
832,09	1423,34
832,27	1468,39
832,45	1482,73
832,64	1452,01
832,82	1546,22
833,00	1462,25
833,19	1474,54
833,37	1458,15
833,55	1464,30
833,73	1449,96
833,92	1523,69
834,10	1431,53
834,28	1468,39
834,47	1546,22
834,65	1495,02
834,83	1523,69
835,01	1456,11
835,20	1394,67
835,38	1560,55
835,56	1488,87
835,74	1503,21
835,93	1499,11
836,11	1503,21
836,29	1464,30
836,47	1574,89
836,66	1437,67
836,84	1478,63
837,02	1433,58
837,21	1550,31
837,39	1439,72
837,57	1447,91
837,75	1527,78
837,94	1429,48
838,12	1478,63
838,30	1501,16
838,48	1392,62
838,66	1499,11
838,85	1548,26
839,03	1482,73
839,21	1439,72
839,39	1419,24
839,58	1456,11
839,76	1591,27
839,94	1468,39
840,12	1519,59
840,31	1490,92
840,49	1429,48
840,67	1447,91
840,85	1384,43
841,03	1554,41
841,22	1531,88
841,40	1472,49
841,58	1566,70
841,76	1419,24
841,94	1476,59
842,13	1566,70
842,31	1587,18
842,49	1445,87
842,67	1454,06
842,85	1568,74
843,04	1527,78
843,22	1466,35
843,40	1497,07
843,58	1521,64
843,76	1499,11
843,95	1515,50
844,13	1488,87
844,31	1474,54
844,49	1458,15
844,67	1476,59
844,86	1488,87
845,04	1443,82
845,22	1501,16
845,40	1386,47
845,58	1517,54
845,76	1445,87
845,95	1548,26
846,13	1509,35
846,31	1503,21
846,49	1501,16
846,67	1486,83
846,85	1529,83
847,04	1523,69
847,22	1517,54
847,40	1521,64
847,58	1435,63
847,76	1492,97
847,94	1470,44
848,12	1486,83
848,31	1433,58
848,49	1429,48
848,67	1546,22
848,85	1509,35
849,03	1554,41
849,21	1642,47
849,39	1505,26
849,58	1521,64
849,76	1513,45
849,94	1521,64
850,12	1499,11
850,30	1572,84
850,48	1466,35
850,66	1476,59
850,84	1480,68
851,03	1515,50
851,21	1501,16
851,39	1501,16
851,57	1538,02
851,75	1486,83
851,93	1564,65
852,11	1572,84
852,29	1497,07
852,47	1507,30
852,66	1542,12
852,84	1445,87
853,02	1535,98
853,20	1497,07
853,38	1585,13
853,56	1540,07
853,74	1554,41
853,92	1441,77
854,10	1437,67
854,28	1454,06
854,46	1560,55
854,65	1476,59
854,83	1513,45
855,01	1445,87
855,19	1482,73
855,37	1531,88
855,55	1535,98
855,73	1486,83
855,91	1492,97
856,09	1538,02
856,27	1490,92
856,45	1546,22
856,63	1495,02
856,81	1443,82
857,00	1603,56
857,18	1533,93
857,36	1462,25
857,54	1497,07
857,72	1495,02
857,90	1538,02
858,08	1591,27
858,26	1578,98
858,44	1357,80
858,62	1525,74
858,80	1529,83
858,98	1568,74
859,16	1484,78
859,34	1505,26
859,52	1495,02
859,70	1613,80
859,88	1421,29
860,06	1492,97
860,24	1538,02
860,42	1462,25
860,60	1572,84
860,78	1556,46
860,96	1468,39
861,14	1456,11
861,32	1480,68
861,50	1619,94
861,69	1517,54
861,87	1546,22
862,05	1466,35
862,23	1466,35
862,41	1509,35
862,59	1478,63
862,77	1562,60
862,95	1511,40
863,13	1576,94
863,31	1484,78
863,49	1452,01
863,67	1437,67
863,85	1490,92
864,03	1513,45
864,21	1572,84
864,39	1452,01
864,57	1540,07
864,75	1472,49
864,92	1607,66
865,10	1505,26
865,28	1525,74
865,46	1527,78
865,64	1515,50
865,82	1497,07
866,00	1443,82
866,18	1411,05
866,36	1480,68
866,54	1572,84
866,72	1529,83
866,90	1449,96
867,08	1597,42
867,26	1404,91
867,44	1484,78
867,62	1677,29
867,80	1566,70
867,98	1566,70
868,16	1527,78
868,34	1560,55
868,52	1497,07
868,70	1509,35
868,88	1507,30
869,06	1523,69
869,24	1519,59
869,42	1478,63
869,59	1509,35
869,77	1525,74
869,95	1486,83
870,13	1458,15
870,31	1517,54
870,49	1564,65
870,67	1503,21
870,85	1464,30
871,03	1466,35
871,21	1601,51
871,39	1597,42
871,57	1484,78
871,75	1505,26
871,92	1521,64
872,10	1490,92
872,28	1484,78
872,46	1452,01
872,64	1492,97
872,82	1548,26
873,00	1519,59
873,18	1425,39
873,36	1488,87
873,54	1499,11
873,72	1517,54
873,89	1421,29
874,07	1337,32
874,25	1554,41
874,43	1501,16
874,61	1540,07
874,79	1513,45
874,97	1476,59
875,15	1558,50
875,33	1492,97
875,50	1548,26
875,68	1499,11
875,86	1615,85
876,04	1540,07
876,22	1527,78
876,40	1460,20
876,58	1497,07
876,76	1509,35
876,93	1492,97
877,11	1472,49
877,29	1544,17
877,47	1466,35
877,65	1429,48
877,83	1488,87
878,01	1552,36
878,18	1488,87
878,36	1425,39
878,54	1458,15
878,72	1435,63
878,90	1505,26
879,08	1482,73
879,25	1572,84
879,43	1519,59
879,61	1511,40
879,79	1413,10
879,97	1501,16
880,15	1482,73
880,32	1464,30
880,50	1495,02
880,68	1513,45
880,86	1527,78
881,04	1470,44
881,22	1636,33
881,39	1429,48
881,57	1560,55
881,75	1503,21
881,93	1578,98
882,11	1542,12
882,28	1486,83
882,46	1501,16
882,64	1484,78
882,82	1466,35
883,00	1550,31
883,18	1531,88
883,35	1488,87
883,53	1466,35
883,71	1437,67
883,89	1488,87
884,07	1511,40
884,24	1587,18
884,42	1509,35
884,60	1454,06
884,78	1548,26
884,95	1484,78
885,13	1484,78
885,31	1478,63
885,49	1425,39
885,67	1554,41
885,84	1521,64
886,02	1411,05
886,20	1538,02
886,38	1439,72
886,55	1460,20
886,73	1433,58
886,91	1507,30
887,09	1484,78
887,26	1437,67
887,44	1497,07
887,62	1486,83
887,80	1546,22
887,98	1476,59
888,15	1497,07
888,33	1392,62
888,51	1486,83
888,69	1497,07
888,86	1560,55
889,04	1521,64
889,22	1482,73
889,39	1519,59
889,57	1527,78
889,75	1519,59
889,93	1497,07
890,10	1482,73
890,28	1513,45
890,46	1556,46
890,64	1435,63
890,81	1466,35
890,99	1445,87
891,17	1525,74
891,34	1480,68
891,52	1437,67
891,70	1437,67
891,88	1501,16
892,05	1456,11
892,23	1454,06
892,41	1560,55
892,58	1484,78
892,76	1556,46
892,94	1464,30
893,12	1505,26
893,29	1415,15
893,47	1427,43
893,65	1517,54
893,82	1417,19
894,00	1544,17
894,18	1513,45
894,35	1472,49
894,53	1427,43
894,71	1630,18
894,89	1439,72
895,06	1503,21
895,24	1447,91
895,42	1382,38
895,59	1478,63
895,77	1406,95
895,95	1456,11
896,12	1452,01
896,30	1513,45
896,48	1447,91
896,65	1503,21
896,83	1521,64
897,01	1462,25
897,18	1554,41
897,36	1550,31
897,54	1441,77
897,71	1501,16
897,89	1472,49
898,07	1363,95
898,24	1445,87
898,42	1460,20
898,59	1554,41
898,77	1511,40
898,95	1456,11
899,12	1505,26
899,30	1411,05
899,48	1482,73
899,65	1474,54
899,83	1402,86
900,01	1429,48
900,18	1480,68
900,36	1361,90
900,53	1435,63
900,71	1503,21
900,89	1495,02
901,06	1470,44
901,24	1478,63
901,42	1499,11
901,59	1456,11
901,77	1538,02
901,94	1519,59
902,12	1515,50
902,30	1503,21
902,47	1447,91
902,65	1454,06
902,82	1521,64
903,00	1480,68
903,18	1531,88
903,35	1486,83
903,53	1433,58
903,70	1413,10
903,88	1472,49
904,06	1531,88
904,23	1519,59
904,41	1417,19
904,58	1439,72
904,76	1439,72
904,93	1445,87
905,11	1486,83
905,29	1447,91
905,46	1476,59
905,64	1495,02
905,81	1480,68
905,99	1429,48
906,16	1482,73
906,34	1486,83
906,52	1447,91
906,69	1433,58
906,87	1402,86
907,04	1443,82
907,22	1404,91
907,39	1468,39
907,57	1468,39
907,75	1566,70
907,92	1441,77
908,10	1564,65
908,27	1386,47
908,45	1492,97
908,62	1466,35
908,80	1474,54
908,97	1449,96
909,15	1578,98
909,32	1456,11
909,50	1464,30
909,67	1400,81
909,85	1548,26
910,03	1468,39
910,20	1511,40
910,38	1433,58
910,55	1482,73
910,73	1421,29
910,90	1386,47
911,08	1519,59
911,25	1437,67
911,43	1515,50
911,60	1472,49
911,78	1509,35
911,95	1456,11
912,13	1552,36
912,30	1449,96
912,48	1488,87
912,65	1478,63
912,83	1452,01
913,00	1507,30
913,18	1583,08
913,35	1501,16
913,53	1370,09
913,70	1548,26
913,88	1466,35
914,05	1480,68
914,23	1460,20
914,40	1400,81
914,58	1433,58
914,75	1488,87
914,93	1503,21
915,10	1501,16
915,27	1501,16
915,45	1519,59
915,62	1478,63
915,80	1439,72
915,97	1523,69
916,15	1435,63
916,32	1556,46
916,50	1546,22
916,67	1554,41
916,85	1495,02
917,02	1544,17
917,20	1515,50
917,37	1505,26
917,54	1542,12
917,72	1464,30
917,89	1484,78
918,07	1486,83
918,24	1519,59
918,42	1509,35
918,59	1437,67
918,77	1521,64
918,94	1529,83
919,11	1400,81
919,29	1546,22
919,46	1509,35
919,64	1423,34
919,81	1523,69
919,99	1474,54
920,16	1665,00
920,33	1497,07
920,51	1470,44
920,68	1505,26
920,86	1525,74
921,03	1546,22
921,20	1468,39
921,38	1533,93
921,55	1517,54
921,73	1519,59
921,90	1511,40
922,07	1570,79
922,25	1466,35
922,42	1484,78
922,60	1472,49
922,77	1476,59
922,94	1552,36
923,12	1544,17
923,29	1517,54
923,47	1449,96
923,64	1505,26
923,81	1544,17
923,99	1406,95
924,16	1497,07
924,34	1531,88
924,51	1495,02
924,68	1591,27
924,86	1398,76
925,03	1445,87
925,20	1495,02
925,38	1490,92
925,55	1441,77
925,72	1472,49
925,90	1466,35
926,07	1531,88
926,25	1517,54
926,42	1513,45
926,59	1480,68
926,77	1595,37
926,94	1587,18
927,11	1542,12
927,29	1474,54
927,46	1474,54
927,63	1546,22
927,81	1574,89
927,98	1486,83
928,15	1464,30
928,33	1529,83
928,50	1513,45
928,67	1535,98
928,85	1484,78
929,02	1525,74
929,19	1619,94
929,37	1521,64
929,54	1523,69
929,71	1550,31
929,89	1527,78
930,06	1466,35
930,23	1538,02
930,41	1535,98
930,58	1447,91
930,75	1474,54
930,92	1497,07
931,10	1517,54
931,27	1531,88
931,44	1519,59
931,62	1488,87
931,79	1439,72
931,96	1497,07
932,14	1509,35
932,31	1423,34
932,48	1511,40
932,65	1507,30
932,83	1505,26
933,00	1540,07
933,17	1546,22
933,35	1550,31
933,52	1535,98
933,69	1644,52
933,86	1634,28
934,04	1499,11
934,21	1501,16
934,38	1531,88
934,55	1441,77
934,73	1445,87
934,90	1513,45
935,07	1480,68
935,25	1613,80
935,42	1501,16
935,59	1431,53
935,76	1521,64
935,94	1505,26
936,11	1521,64
936,28	1515,50
936,45	1546,22
936,63	1589,22
936,80	1492,97
936,97	1529,83
937,14	1585,13
937,31	1501,16
937,49	1617,90
937,66	1574,89
937,83	1460,20
938,00	1599,46
938,18	1511,40
938,35	1452,01
938,52	1558,50
938,69	1443,82
938,87	1550,31
939,04	1441,77
939,21	1492,97
939,38	1540,07
939,55	1419,24
939,73	1523,69
939,90	1574,89
940,07	1533,93
940,24	1503,21
940,41	1513,45
940,59	1527,78
940,76	1488,87
940,93	1439,72
941,10	1466,35
941,27	1409,00
941,45	1560,55
941,62	1554,41
941,79	1499,11
941,96	1531,88
942,13	1511,40
942,31	1501,16
942,48	1601,51
942,65	1585,13
942,82	1452,01
942,99	1591,27
943,16	1531,88
943,34	1564,65
943,51	1552,36
943,68	1538,02
943,85	1484,78
944,02	1560,55
944,19	1406,95
944,37	1544,17
944,54	1470,44
944,71	1476,59
944,88	1542,12
945,05	1480,68
945,22	1484,78
945,40	1484,78
945,57	1497,07
945,74	1495,02
945,91	1429,48
946,08	1544,17
946,25	1468,39
946,42	1464,30
946,60	1492,97
946,77	1527,78
946,94	1548,26
947,11	1495,02
947,28	1460,20
947,45	1439,72
947,62	1558,50
947,79	1540,07
947,97	1581,03
948,14	1593,32
948,31	1495,02
948,48	1521,64
948,65	1470,44
948,82	1419,24
948,99	1564,65
949,16	1482,73
949,33	1472,49
949,51	1535,98
949,68	1468,39
949,85	1503,21
950,02	1470,44
950,19	1445,87
950,36	1562,60
950,53	1570,79
950,70	1482,73
950,87	1478,63
951,04	1511,40
951,22	1488,87
951,39	1519,59
951,56	1507,30
951,73	1538,02
951,90	1513,45
952,07	1507,30
952,24	1480,68
952,41	1490,92
952,58	1515,50
952,75	1480,68
952,92	1484,78
953,09	1513,45
953,26	1437,67
953,43	1529,83
953,61	1525,74
953,78	1548,26
953,95	1562,60
954,12	1468,39
954,29	1460,20
954,46	1517,54
954,63	1472,49
954,80	1574,89
954,97	1515,50
955,14	1531,88
955,31	1570,79
955,48	1490,92
955,65	1449,96
955,82	1478,63
955,99	1495,02
956,16	1447,91
956,33	1501,16
956,50	1497,07
956,67	1476,59
956,84	1509,35
957,01	1531,88
957,18	1447,91
957,35	1484,78
957,52	1554,41
957,69	1595,37
957,86	1531,88
958,03	1521,64
958,20	1558,50
958,37	1480,68
958,54	1497,07
958,71	1404,91
958,88	1566,70
959,05	1542,12
959,22	1538,02
959,39	1480,68
959,56	1456,11
959,73	1558,50
959,90	1501,16
960,07	1392,62
960,24	1497,07
960,41	1423,34
960,58	1466,35
960,75	1419,24
960,92	1480,68
961,09	1474,54
961,26	1538,02
961,43	1501,16
961,60	1468,39
961,77	1511,40
961,94	1476,59
962,11	1452,01
962,28	1581,03
962,45	1476,59
962,62	1470,44
962,79	1509,35
962,96	1501,16
963,13	1497,07
963,30	1380,33
963,47	1507,30
963,64	1470,44
963,81	1552,36
963,98	1495,02
964,14	1488,87
964,31	1513,45
964,48	1497,07
964,65	1486,83
964,82	1462,25
964,99	1525,74
965,16	1384,43
965,33	1460,20
965,50	1495,02
965,67	1503,21
965,84	1433,58
966,01	1507,30
966,18	1419,24
966,35	1435,63
966,51	1540,07
966,68	1527,78
966,85	1460,20
967,02	1519,59
967,19	1421,29
967,36	1464,30
967,53	1447,91
967,70	1484,78
967,87	1507,30
968,04	1456,11
968,21	1466,35
968,37	1474,54
968,54	1486,83
968,71	1415,15
968,88	1464,30
969,05	1445,87
969,22	1468,39
969,39	1470,44
969,56	1464,30
969,72	1423,34
969,89	1488,87
970,06	1529,83
970,23	1423,34
970,40	1490,92
970,57	1349,61
970,74	1431,53
970,91	1396,71
971,07	1429,48
971,24	1495,02
971,41	1456,11
971,58	1525,74
971,75	1406,95
971,92	1363,95
972,09	1419,24
972,25	1501,16
972,42	1470,44
972,59	1376,24
972,76	1460,20
972,93	1433,58
973,10	1484,78
973,27	1484,78
973,43	1464,30
973,60	1482,73
973,77	1476,59
973,94	1474,54
974,11	1497,07
974,28	1402,86
974,44	1443,82
974,61	1509,35
974,78	1482,73
974,95	1499,11
975,12	1413,10
975,28	1505,26
975,45	1433,58
975,62	1447,91
975,79	1454,06
975,96	1441,77
976,12	1398,76
976,29	1413,10
976,46	1449,96
976,63	1480,68
976,80	1413,10
976,96	1351,66
977,13	1431,53
977,30	1411,05
977,47	1411,05
977,64	1433,58
977,80	1411,05
977,97	1435,63
978,14	1441,77
978,31	1404,91
978,48	1431,53
978,64	1482,73
978,81	1400,81
978,98	1462,25
979,15	1488,87
979,31	1521,64
979,48	1439,72
979,65	1497,07
979,82	1460,20
979,98	1456,11
980,15	1470,44
980,32	1519,59
980,49	1521,64
980,66	1462,25
980,82	1402,86
980,99	1501,16
981,16	1372,14
981,33	1466,35
981,49	1431,53
981,66	1456,11
981,83	1357,80
981,99	1447,91
982,16	1439,72
982,33	1458,15
982,50	1404,91
982,66	1474,54
982,83	1380,33
983,00	1492,97
983,17	1392,62
983,33	1478,63
983,50	1466,35
983,67	1402,86
983,83	1415,15
984,00	1322,99
984,17	1505,26
984,34	1433,58
984,50	1361,90
984,67	1427,43
984,84	1454,06
985,00	1421,29
985,17	1439,72
985,34	1380,33
985,51	1372,14
985,67	1447,91
985,84	1398,76
986,01	1429,48
986,17	1429,48
986,34	1423,34
986,51	1480,68
986,67	1351,66
986,84	1431,53
987,01	1392,62
987,17	1439,72
987,34	1357,80
987,51	1366,00
987,67	1400,81
987,84	1433,58
988,01	1507,30
988,17	1359,85
988,34	1384,43
988,51	1388,52
988,67	1538,02
988,84	1466,35
989,01	1351,66
989,17	1333,23
989,34	1363,95
989,51	1509,35
989,67	1406,95
989,84	1429,48
990,01	1439,72
990,17	1472,49
990,34	1402,86
990,51	1478,63
990,67	1384,43
990,84	1394,67
991,01	1341,42
991,17	1406,95
991,34	1445,87
991,50	1335,28
991,67	1292,27
991,84	1366,00
992,00	1441,77
992,17	1374,19
992,34	1525,74
992,50	1423,34
992,67	1411,05
992,83	1499,11
993,00	1382,38
993,17	1427,43
993,33	1409,00
993,50	1466,35
993,66	1347,56
993,83	1454,06
994,00	1394,67
994,16	1433,58
994,33	1370,09
994,49	1466,35
994,66	1495,02
994,83	1449,96
994,99	1419,24
995,16	1464,30
995,32	1505,26
995,49	1386,47
995,66	1392,62
995,82	1417,19
995,99	1437,67
996,15	1480,68
996,32	1361,90
996,48	1363,95
996,65	1361,90
996,82	1482,73
996,98	1368,04
997,15	1341,42
997,31	1390,57
997,48	1423,34
997,64	1343,47
997,81	1376,24
997,97	1380,33
998,14	1390,57
998,31	1431,53
998,47	1441,77
998,64	1513,45
998,80	1425,39
998,97	1417,19
999,13	1425,39
999,30	1437,67
999,46	1368,04
999,63	1443,82
999,79	1384,43
999,96	1388,52
1000,12	1404,91
1000,29	1398,76
1000,45	1445,87
1000,62	1374,19
1000,79	1492,97
1000,95	1353,71
1001,12	1361,90
1001,28	1419,24
1001,45	1435,63
1001,61	1456,11
1001,78	1499,11
1001,94	1445,87
1002,11	1435,63
1002,27	1433,58
1002,44	1347,56
1002,60	1472,49
1002,77	1372,14
1002,93	1488,87
1003,10	1460,20
1003,26	1359,85
1003,43	1538,02
1003,59	1406,95
1003,76	1462,25
1003,92	1413,10
1004,09	1376,24
1004,25	1378,28
1004,41	1513,45
1004,58	1462,25
1004,74	1472,49
1004,91	1443,82
1005,07	1462,25
1005,24	1458,15
1005,40	1482,73
1005,57	1400,81
1005,73	1437,67
1005,90	1351,66
1006,06	1404,91
1006,23	1351,66
1006,39	1445,87
1006,55	1316,84
1006,72	1443,82
1006,88	1390,57
1007,05	1421,29
1007,21	1468,39
1007,38	1445,87
1007,54	1431,53
1007,71	1359,85
1007,87	1349,61
1008,03	1406,95
1008,20	1431,53
1008,36	1480,68
1008,53	1419,24
1008,69	1329,13
1008,86	1492,97
1009,02	1384,43
1009,18	1368,04
1009,35	1378,28
1009,51	1394,67
1009,68	1447,91
1009,84	1429,48
1010,01	1452,01
1010,17	1478,63
1010,33	1456,11
1010,50	1435,63
1010,66	1398,76
1010,83	1382,38
1010,99	1400,81
1011,15	1378,28
1011,32	1382,38
1011,48	1433,58
1011,65	1335,28
1011,81	1357,80
1011,97	1343,47
1012,14	1484,78
1012,30	1462,25
1012,46	1417,19
1012,63	1464,30
1012,79	1333,23
1012,96	1382,38
1013,12	1376,24
1013,28	1394,67
1013,45	1406,95
1013,61	1363,95
1013,77	1376,24
1013,94	1380,33
1014,10	1370,09
1014,26	1380,33
1014,43	1443,82
1014,59	1402,86
1014,76	1400,81
1014,92	1492,97
1015,08	1306,60
1015,25	1353,71
1015,41	1460,20
1015,57	1456,11
1015,74	1456,11
1015,90	1341,42
1016,06	1366,00
1016,23	1468,39
1016,39	1380,33
1016,55	1490,92
1016,72	1331,18
1016,88	1398,76
1017,04	1331,18
1017,21	1316,84
1017,37	1390,57
1017,53	1355,76
1017,70	1353,71
1017,86	1458,15
1018,02	1406,95
1018,19	1370,09
1018,35	1370,09
1018,51	1439,72
1018,67	1417,19
1018,84	1429,48
1019,00	1368,04
1019,16	1431,53
1019,33	1476,59
1019,49	1478,63
1019,65	1384,43
1019,82	1396,71
1019,98	1445,87
1020,14	1413,10
1020,30	1441,77
1020,47	1329,13
1020,63	1421,29
1020,79	1415,15
1020,96	1421,29
1021,12	1411,05
1021,28	1476,59
1021,44	1404,91
1021,61	1523,69
1021,77	1361,90
1021,93	1331,18
1022,09	1431,53
1022,26	1390,57
1022,42	1476,59
1022,58	1488,87
1022,74	1345,52
1022,91	1396,71
1023,07	1464,30
1023,23	1353,71
1023,39	1456,11
1023,56	1378,28
1023,72	1490,92
1023,88	1349,61
1024,04	1421,29
1024,21	1394,67
1024,37	1486,83
1024,53	1497,07
1024,69	1404,91
1024,86	1458,15
1025,02	1390,57
1025,18	1398,76
1025,34	1314,80
1025,50	1392,62
1025,67	1404,91
1025,83	1419,24
1025,99	1454,06
1026,15	1411,05
1026,32	1398,76
1026,48	1511,40
1026,64	1507,30
1026,80	1404,91
1026,96	1472,49
1027,13	1406,95
1027,29	1454,06
1027,45	1372,14
1027,61	1370,09
1027,77	1374,19
1027,94	1454,06
1028,10	1406,95
1028,26	1372,14
1028,42	1333,23
1028,58	1435,63
1028,75	1341,42
1028,91	1476,59
1029,07	1368,04
1029,23	1318,89
1029,39	1429,48
1029,55	1409,00
1029,72	1458,15
1029,88	1466,35
1030,04	1355,76
1030,20	1474,54
1030,36	1433,58
1030,52	1462,25
1030,69	1415,15
1030,85	1413,10
1031,01	1384,43
1031,17	1464,30
1031,33	1355,76
1031,49	1505,26
1031,65	1366,00
1031,82	1366,00
1031,98	1366,00
1032,14	1486,83
1032,30	1443,82
1032,46	1435,63
1032,62	1419,24
1032,78	1374,19
1032,95	1415,15
1033,11	1409,00
1033,27	1374,19
1033,43	1413,10
1033,59	1439,72
1033,75	1466,35
1033,91	1439,72
1034,07	1531,88
1034,24	1427,43
1034,40	1376,24
1034,56	1374,19
1034,72	1474,54
1034,88	1476,59
1035,04	1417,19
1035,20	1394,67
1035,36	1351,66
1035,52	1433,58
1035,68	1378,28
1035,85	1366,00
1036,01	1411,05
1036,17	1507,30
1036,33	1474,54
1036,49	1378,28
1036,65	1359,85
1036,81	1384,43
1036,97	1409,00
1037,13	1456,11
1037,29	1458,15
1037,45	1396,71
1037,61	1368,04
1037,78	1363,95
1037,94	1484,78
1038,10	1355,76
1038,26	1441,77
1038,42	1374,19
1038,58	1374,19
1038,74	1357,80
1038,90	1404,91
1039,06	1419,24
1039,22	1404,91
1039,38	1361,90
1039,54	1392,62
1039,70	1402,86
1039,86	1431,53
1040,02	1351,66
1040,18	1429,48
1040,34	1337,32
1040,50	1390,57
1040,66	1472,49
1040,83	1361,90
1040,99	1437,67
1041,15	1468,39
1041,31	1382,38
1041,47	1411,05
1041,63	1470,44
1041,79	1339,37
1041,95	1470,44
1042,11	1353,71
1042,27	1435,63
1042,43	1445,87
1042,59	1433,58
1042,75	1384,43
1042,91	1406,95
