344,25	1255,40
344,46	1255,40
344,68	1255,40
344,90	1284,08
345,12	1292,27
345,34	1394,67
345,55	1468,39
345,77	1435,63
345,99	1359,85
346,21	1382,38
346,42	1366,00
346,64	1425,39
346,86	1366,00
347,08	1443,82
347,30	1322,99
347,51	1413,10
347,73	1443,82
347,95	1490,92
348,17	1372,14
348,38	1425,39
348,60	1351,66
348,82	1466,35
349,04	1353,71
349,25	1390,57
349,47	1431,53
349,69	1519,59
349,91	1501,16
350,13	1394,67
350,34	1398,76
350,56	1390,57
350,78	1322,99
351,00	1374,19
351,21	1437,67
351,43	1474,54
351,65	1335,28
351,87	1449,96
352,08	1464,30
352,30	1406,95
352,52	1370,09
352,74	1384,43
352,95	1431,53
353,17	1466,35
353,39	1347,56
353,61	1355,76
353,82	1423,34
354,04	1415,15
354,26	1462,25
354,47	1470,44
354,69	1507,30
354,91	1445,87
355,13	1394,67
355,34	1464,30
355,56	1443,82
355,78	1507,30
356,00	1437,67
356,21	1394,67
356,43	1392,62
356,65	1425,39
356,86	1423,34
357,08	1521,64
357,30	1476,59
357,52	1329,13
357,73	1521,64
357,95	1452,01
358,17	1396,71
358,38	1406,95
358,60	1458,15
358,82	1406,95
359,04	1476,59
359,25	1478,63
359,47	1505,26
359,69	1374,19
359,90	1503,21
360,12	1583,08
360,34	1464,30
360,56	1460,20
360,77	1636,33
360,99	1576,94
361,21	1603,56
361,42	1511,40
361,64	1568,74
361,86	1603,56
362,07	1538,02
362,29	1484,78
362,51	1585,13
362,73	1566,70
362,94	1583,08
363,16	1658,85
363,38	1533,93
363,59	1591,27
363,81	1595,37
364,03	1621,99
364,24	1572,84
364,46	1554,41
364,68	1634,28
364,89	1474,54
365,11	1605,61
365,33	1613,80
365,54	1542,12
365,76	1624,04
365,98	1628,14
366,19	1621,99
366,41	1650,66
366,63	1611,75
366,84	1558,50
367,06	1626,09
367,28	1634,28
367,49	1581,03
367,71	1570,79
367,93	1523,69
368,14	1619,94
368,36	1503,21
368,58	1626,09
368,79	1626,09
369,01	1703,91
369,23	1628,14
369,44	1593,32
369,66	1525,74
369,88	1613,80
370,09	1505,26
370,31	1607,66
370,53	1609,70
370,74	1562,60
370,96	1521,64
371,18	1609,70
371,39	1609,70
371,61	1636,33
371,82	1550,31
372,04	1646,57
372,26	1552,36
372,47	1624,04
372,69	1593,32
372,91	1679,33
373,12	1503,21
373,34	1560,55
373,56	1509,35
373,77	1525,74
373,99	1583,08
374,20	1546,22
374,42	1562,60
374,64	1675,24
374,85	1564,65
375,07	1613,80
375,29	1456,11
375,50	1615,85
375,72	1595,37
375,93	1497,07
376,15	1480,68
376,37	1558,50
376,58	1492,97
376,80	1585,13
377,01	1458,15
377,23	1521,64
377,45	1466,35
377,66	1568,74
377,88	1511,40
378,10	1484,78
378,31	1472,49
378,53	1597,42
378,74	1538,02
378,96	1564,65
379,18	1501,16
379,39	1482,73
379,61	1499,11
379,82	1574,89
380,04	1460,20
380,26	1509,35
380,47	1417,19
380,69	1468,39
380,90	1558,50
381,12	1435,63
381,33	1417,19
381,55	1546,22
381,77	1478,63
381,98	1470,44
382,20	1417,19
382,41	1413,10
382,63	1439,72
382,85	1497,07
383,06	1492,97
383,28	1515,50
383,49	1433,58
383,71	1492,97
383,92	1411,05
384,14	1400,81
384,36	1419,24
384,57	1429,48
384,79	1482,73
385,00	1427,43
385,22	1488,87
385,43	1480,68
385,65	1497,07
385,87	1486,83
386,08	1411,05
386,30	1470,44
386,51	1486,83
386,73	1519,59
386,94	1509,35
387,16	1509,35
387,37	1466,35
387,59	1456,11
387,81	1435,63
388,02	1505,26
388,24	1470,44
388,45	1507,30
388,67	1421,29
388,88	1505,26
389,10	1507,30
389,31	1552,36
389,53	1468,39
389,75	1488,87
389,96	1443,82
390,18	1421,29
390,39	1413,10
390,61	1449,96
390,82	1437,67
391,04	1468,39
391,25	1406,95
391,47	1372,14
391,68	1400,81
391,90	1488,87
392,11	1429,48
392,33	1427,43
392,54	1445,87
392,76	1468,39
392,97	1460,20
393,19	1445,87
393,41	1501,16
393,62	1570,79
393,84	1538,02
394,05	1497,07
394,27	1523,69
394,48	1454,06
394,70	1535,98
394,91	1474,54
395,13	1517,54
395,34	1445,87
395,56	1478,63
395,77	1523,69
395,99	1437,67
396,20	1486,83
396,42	1464,30
396,63	1554,41
396,85	1515,50
397,06	1556,46
397,28	1429,48
397,49	1488,87
397,71	1384,43
397,92	1488,87
398,14	1476,59
398,35	1595,37
398,57	1503,21
398,78	1497,07
399,00	1497,07
399,21	1529,83
399,43	1554,41
399,64	1578,98
399,86	1456,11
400,07	1560,55
400,29	1621,99
400,50	1634,28
400,72	1517,54
400,93	1521,64
401,14	1521,64
401,36	1542,12
401,57	1554,41
401,79	1607,66
402,00	1593,32
402,22	1605,61
402,43	1548,26
402,65	1603,56
402,86	1492,97
403,08	1562,60
403,29	1544,17
403,51	1566,70
403,72	1478,63
403,94	1611,75
404,15	1550,31
404,36	1562,60
404,58	1880,04
404,79	1624,04
405,01	1546,22
405,22	1538,02
405,44	1529,83
405,65	1546,22
405,87	1474,54
406,08	1585,13
406,30	1437,67
406,51	1589,22
406,72	1540,07
406,94	1562,60
407,15	1562,60
407,37	1535,98
407,58	1507,30
407,80	1578,98
408,01	1587,18
408,23	1495,02
408,44	1560,55
408,65	1529,83
408,87	1572,84
409,08	1499,11
409,30	1593,32
409,51	1531,88
409,73	1613,80
409,94	1484,78
410,15	1617,90
410,37	1568,74
410,58	1505,26
410,80	1589,22
411,01	1519,59
411,23	1462,25
411,44	1495,02
411,65	1640,42
411,87	1519,59
412,08	1507,30
412,30	1548,26
412,51	1587,18
412,72	1568,74
412,94	1540,07
413,15	1540,07
413,37	1478,63
413,58	1513,45
413,79	1480,68
414,01	1601,51
414,22	1587,18
414,44	1583,08
414,65	1525,74
414,86	1517,54
415,08	1499,11
415,29	1558,50
415,51	1462,25
415,72	1546,22
415,93	1449,96
416,15	1578,98
416,36	1513,45
416,58	1576,94
416,79	1562,60
417,00	1482,73
417,22	1546,22
417,43	1515,50
417,65	1589,22
417,86	1609,70
418,07	1558,50
418,29	1613,80
418,50	1521,64
418,71	1560,55
418,93	1509,35
419,14	1505,26
419,36	1542,12
419,57	1535,98
419,78	1624,04
420,00	1503,21
420,21	1505,26
420,42	1644,52
420,64	1652,71
420,85	1546,22
421,06	1621,99
421,28	1544,17
421,49	1525,74
421,71	1595,37
421,92	1492,97
422,13	1613,80
422,35	1746,92
422,56	1540,07
422,77	1574,89
422,99	1591,27
423,20	1552,36
423,41	1621,99
423,63	1568,74
423,84	1538,02
424,05	1624,04
424,27	1597,42
424,48	1638,38
424,69	1581,03
424,91	1902,56
425,12	1605,61
425,33	1540,07
425,55	1607,66
425,76	1542,12
425,97	1634,28
426,19	1636,33
426,40	1603,56
426,61	1615,85
426,83	1640,42
427,04	1697,77
427,25	1607,66
427,47	1634,28
427,68	1662,95
427,89	1599,46
428,11	1632,23
428,32	1644,52
428,53	1595,37
428,75	1544,17
428,96	1658,85
429,17	1570,79
429,39	1570,79
429,60	1632,23
429,81	1638,38
430,03	1679,33
430,24	1585,13
430,45	1630,18
430,67	1587,18
430,88	1597,42
431,09	1665,00
431,30	1679,33
431,52	1617,90
431,73	1603,56
431,94	1589,22
432,16	1652,71
432,37	1646,57
432,58	1568,74
432,80	1681,38
433,01	1630,18
433,22	1495,02
433,43	1658,85
433,65	1535,98
433,86	1519,59
434,07	1513,45
434,29	1583,08
434,50	1470,44
434,71	1529,83
434,92	1589,22
435,14	1564,65
435,35	1624,04
435,56	1529,83
435,77	1527,78
435,99	1542,12
436,20	1634,28
436,41	1544,17
436,63	1533,93
436,84	1538,02
437,05	1474,54
437,26	1560,55
437,48	1599,46
437,69	1578,98
437,90	1581,03
438,11	1533,93
438,33	1511,40
438,54	1609,70
438,75	1581,03
438,96	1441,77
439,18	1529,83
439,39	1628,14
439,60	1566,70
439,82	1550,31
440,03	1554,41
440,24	1597,42
440,45	1517,54
440,67	1564,65
440,88	1583,08
441,09	1581,03
441,30	1591,27
441,51	1572,84
441,73	1550,31
441,94	1632,23
442,15	1531,88
442,36	1611,75
442,58	1505,26
442,79	1576,94
443,00	1509,35
443,21	1605,61
443,43	1521,64
443,64	1523,69
443,85	1603,56
444,06	1503,21
444,28	1597,42
444,49	1513,45
444,70	1634,28
444,91	1640,42
445,12	1642,47
445,34	1583,08
445,55	1640,42
445,76	1609,70
445,97	1591,27
446,18	1546,22
446,40	1679,33
446,61	1613,80
446,82	1595,37
447,03	1581,03
447,25	1673,19
447,46	1570,79
447,67	1626,09
447,88	1656,81
448,09	1667,05
448,31	1699,81
448,52	1599,46
448,73	1738,73
448,94	1595,37
449,15	1568,74
449,37	1667,05
449,58	1654,76
449,79	1665,00
450,00	1869,80
450,21	1642,47
450,43	1714,15
450,64	1730,53
450,85	1771,49
451,06	1806,31
451,27	1728,49
451,48	1738,73
451,70	1669,09
451,91	1806,31
452,12	1726,44
452,33	1771,49
452,54	1710,05
452,76	1816,55
452,97	1886,18
453,18	1875,94
453,39	1826,79
453,60	1882,08
453,81	1826,79
454,03	1742,82
454,24	1861,60
454,45	1779,68
454,66	1822,69
454,87	1888,23
455,08	1832,93
455,30	1886,18
455,51	1847,27
455,72	1861,60
455,93	1966,05
456,14	1931,23
456,35	1912,80
456,56	2127,84
456,78	1923,04
456,99	1939,43
457,20	2031,58
457,41	1976,29
457,62	1892,32
457,83	2138,08
458,04	1890,28
458,26	1908,71
458,47	1892,32
458,68	1955,81
458,89	1970,15
459,10	1912,80
459,31	1996,77
459,52	2123,74
459,74	2082,78
459,95	2121,70
460,16	1906,66
460,37	2117,60
460,58	2066,40
460,79	2076,64
461,00	2033,63
461,21	2037,73
461,43	1974,24
461,64	2013,15
461,85	1953,76
462,06	1964,00
462,27	1925,09
462,48	2168,80
462,69	2070,50
462,90	2064,35
463,12	2111,46
463,33	2054,11
463,54	1912,80
463,75	2068,45
463,96	2131,94
464,17	2097,12
464,38	2025,44
464,59	2070,50
464,80	1966,05
465,01	1994,72
465,23	2084,83
465,44	1986,53
465,65	1959,91
465,86	2093,02
466,07	2033,63
466,28	2185,18
466,49	2189,28
466,70	2197,47
466,91	2215,90
467,12	2293,72
467,33	2011,11
467,55	2250,72
467,76	2127,84
467,97	2144,22
468,18	2242,53
468,39	2334,68
468,60	2441,18
468,81	2394,08
469,02	2306,01
469,23	2441,18
469,44	2301,92
469,65	2418,65
469,86	2373,60
470,07	2451,42
470,29	2545,63
470,50	2521,05
470,71	2402,27
470,92	2490,33
471,13	2443,23
471,34	2639,83
471,55	2385,88
471,76	2746,33
471,97	2414,56
472,18	2529,24
472,39	2377,69
472,60	2729,94
472,81	2596,82
473,02	2920,40
473,23	2543,58
473,44	2748,37
473,65	2496,47
473,87	2627,54
474,08	2549,72
474,29	2672,60
474,50	2639,83
474,71	2701,27
474,92	2639,83
475,13	2766,81
475,34	2564,06
475,55	2779,09
475,76	2480,09
475,97	2889,68
476,18	2545,63
476,39	2942,93
476,60	2551,77
476,81	2881,49
477,02	2506,71
477,23	2650,07
477,44	2738,13
477,65	2607,06
477,86	2639,83
478,07	2815,96
478,28	2498,52
478,49	2662,36
478,70	2412,51
478,91	2568,15
479,12	2392,03
479,33	2574,30
479,54	2316,25
479,75	2545,63
479,96	2418,65
480,17	2467,80
480,38	2240,48
480,59	2482,14
480,80	2314,20
481,01	2402,27
481,22	2205,66
481,43	2359,26
481,64	2168,80
481,85	2252,77
482,06	2109,41
482,27	2263,01
482,48	2250,72
482,69	2306,01
482,90	2176,99
483,11	2297,82
483,32	2105,31
483,53	2174,94
483,74	2129,89
483,95	2047,97
484,16	2000,87
484,37	2080,74
484,58	2009,06
484,79	2052,06
485,00	2041,82
485,21	2166,75
485,42	2037,73
485,63	2285,53
485,84	1976,29
486,05	1947,62
486,26	1828,84
486,47	2064,35
486,68	2037,73
486,89	1972,19
487,10	1880,04
487,31	1959,91
487,52	1861,60
487,73	2023,39
487,94	1849,32
488,15	1978,34
488,36	1853,41
488,57	1884,13
488,77	1875,94
488,98	1927,14
489,19	1759,21
489,40	1867,75
489,61	1767,40
489,82	1953,76
490,03	1886,18
490,24	1734,63
490,45	1855,46
490,66	1759,21
490,87	1763,30
491,08	1755,11
491,29	1808,36
491,50	1669,09
491,71	1712,10
491,92	1834,98
492,13	1759,21
492,33	1732,58
492,54	1705,96
492,75	1658,85
492,96	1640,42
493,17	1710,05
493,38	1701,86
493,59	1705,96
493,80	1724,39
494,01	1757,16
494,22	1720,29
494,43	1669,09
494,64	1648,61
494,85	1755,11
495,05	1617,90
495,26	1714,15
495,47	1728,49
495,68	1589,22
495,89	1656,81
496,10	1591,27
496,31	1662,95
496,52	1619,94
496,73	1578,98
496,94	1585,13
497,15	1673,19
497,35	1744,87
497,56	1593,32
497,77	1615,85
497,98	1718,25
498,19	1572,84
498,40	1673,19
498,61	1720,29
498,82	1521,64
499,03	1601,51
499,23	1517,54
499,44	1613,80
499,65	1574,89
499,86	1564,65
500,07	1589,22
500,28	1574,89
500,49	1488,87
500,70	1554,41
500,91	1566,70
501,11	1578,98
501,32	1593,32
501,53	1587,18
501,74	1621,99
501,95	1560,55
502,16	1509,35
502,37	1476,59
502,57	1509,35
502,78	1550,31
502,99	1540,07
503,20	1505,26
503,41	1474,54
503,62	1499,11
503,83	1542,12
504,03	1525,74
504,24	1521,64
504,45	1544,17
504,66	1464,30
504,87	1480,68
505,08	1609,70
505,29	1337,32
505,49	1495,02
505,70	1621,99
505,91	1509,35
506,12	1488,87
506,33	1544,17
506,54	1505,26
506,75	1558,50
506,95	1468,39
507,16	1585,13
507,37	1484,78
507,58	1488,87
507,79	1454,06
508,00	1495,02
508,20	1470,44
508,41	1550,31
508,62	1554,41
508,83	1464,30
509,04	1464,30
509,24	1548,26
509,45	1804,26
509,66	1570,79
509,87	1558,50
510,08	1484,78
510,29	1540,07
510,49	1601,51
510,70	1456,11
510,91	1478,63
511,12	1458,15
511,33	1447,91
511,53	1499,11
511,74	1374,19
511,95	1499,11
512,16	1492,97
512,37	1566,70
512,57	1505,26
512,78	1456,11
512,99	1472,49
513,20	1484,78
513,41	1558,50
513,61	1429,48
513,82	1439,72
514,03	1470,44
514,24	1517,54
514,45	1464,30
514,65	1423,34
514,86	1484,78
515,07	1460,20
515,28	1415,15
515,49	1517,54
515,69	1507,30
515,90	1443,82
516,11	1472,49
516,32	1523,69
516,52	1447,91
516,73	1544,17
516,94	1560,55
517,15	1511,40
517,36	1478,63
517,56	1560,55
517,77	1478,63
517,98	1525,74
518,19	1388,52
518,39	1454,06
518,60	1431,53
518,81	1519,59
519,02	1458,15
519,22	1425,39
519,43	1556,46
519,64	1464,30
519,85	1460,20
520,05	1447,91
520,26	1443,82
520,47	1497,07
520,68	1468,39
520,88	1400,81
521,09	1542,12
521,30	1411,05
521,51	1492,97
521,71	1484,78
521,92	1447,91
522,13	1388,52
522,34	1419,24
522,54	1474,54
522,75	1380,33
522,96	1437,67
523,17	1394,67
523,37	1474,54
523,58	1445,87
523,79	1406,95
523,99	1421,29
524,20	1415,15
524,41	1398,76
524,62	1535,98
524,82	1478,63
525,03	1490,92
525,24	1447,91
525,45	1415,15
525,65	1351,66
525,86	1468,39
526,07	1429,48
526,27	1398,76
526,48	1464,30
526,69	1462,25
526,90	1431,53
527,10	1456,11
527,31	1409,00
527,52	1415,15
527,72	1478,63
527,93	1572,84
528,14	1390,57
528,34	1511,40
528,55	1384,43
528,76	1472,49
528,97	1431,53
529,17	1474,54
529,38	1488,87
529,59	1472,49
529,79	1533,93
530,00	1378,28
530,21	1495,02
530,41	1439,72
530,62	1527,78
530,83	1513,45
531,03	1509,35
531,24	1421,29
531,45	1495,02
531,65	1511,40
531,86	1519,59
532,07	1501,16
532,27	1456,11
532,48	1460,20
532,69	1390,57
532,89	1488,87
533,10	1462,25
533,31	1445,87
533,51	1406,95
533,72	1431,53
533,93	1394,67
534,13	1478,63
534,34	1398,76
534,55	1535,98
534,75	1431,53
534,96	1601,51
535,17	1435,63
535,37	1509,35
535,58	1419,24
535,79	1581,03
535,99	1349,61
536,20	1445,87
536,41	1449,96
536,61	1417,19
536,82	1517,54
537,03	1439,72
537,23	1439,72
537,44	1413,10
537,64	1402,86
537,85	1492,97
538,06	1468,39
538,26	1533,93
538,47	1472,49
538,68	1449,96
538,88	1351,66
539,09	1437,67
539,30	1361,90
539,50	1445,87
539,71	1472,49
539,91	1427,43
540,12	1421,29
540,33	1366,00
540,53	1466,35
540,74	1402,86
540,94	1464,30
541,15	1472,49
541,36	1445,87
541,56	1437,67
541,77	1525,74
541,98	1507,30
542,18	1507,30
542,39	1447,91
542,59	1533,93
542,80	1376,24
543,01	1433,58
543,21	1460,20
543,42	1374,19
543,62	1472,49
543,83	1460,20
544,04	1472,49
544,24	1544,17
544,45	1404,91
544,65	1533,93
544,86	1482,73
545,06	1411,05
545,27	1454,06
545,48	1423,34
545,68	1554,41
545,89	1484,78
546,09	1351,66
546,30	1505,26
546,51	1521,64
546,71	1462,25
546,92	1474,54
547,12	1388,52
547,33	1472,49
547,53	1427,43
547,74	1488,87
547,95	1501,16
548,15	1478,63
548,36	1509,35
548,56	1429,48
548,77	1486,83
548,97	1435,63
549,18	1331,18
549,39	1452,01
549,59	1452,01
549,80	1417,19
550,00	1452,01
550,21	1513,45
550,41	1460,20
550,62	1464,30
550,82	1435,63
551,03	1433,58
551,23	1333,23
551,44	1376,24
551,65	1474,54
551,85	1468,39
552,06	1478,63
552,26	1415,15
552,47	1351,66
552,67	1398,76
552,88	1413,10
553,08	1452,01
553,29	1429,48
553,49	1511,40
553,70	1484,78
553,90	1472,49
554,11	1486,83
554,32	1396,71
554,52	1517,54
554,73	1437,67
554,93	1304,56
555,14	1409,00
555,34	1443,82
555,55	1492,97
555,75	1437,67
555,96	1460,20
556,16	1431,53
556,37	1486,83
556,57	1325,04
556,78	1392,62
556,98	1456,11
557,19	1480,68
557,39	1423,34
557,60	1482,73
557,80	1452,01
558,01	1490,92
558,21	1464,30
558,42	1400,81
558,62	1488,87
558,83	1452,01
559,03	1406,95
559,24	1458,15
559,44	1456,11
559,65	1497,07
559,85	1415,15
560,06	1441,77
560,26	1449,96
560,47	1474,54
560,67	1540,07
560,88	1478,63
561,08	1488,87
561,29	1540,07
561,49	1368,04
561,70	1497,07
561,90	1456,11
562,10	1460,20
562,31	1492,97
562,51	1388,52
562,72	1423,34
562,92	1390,57
563,13	1431,53
563,33	1488,87
563,54	1409,00
563,74	1486,83
563,95	1490,92
564,15	1449,96
564,36	1376,24
564,56	1388,52
564,76	1449,96
564,97	1370,09
565,17	1441,77
565,38	1576,94
565,58	1447,91
565,79	1441,77
565,99	1474,54
566,20	1519,59
566,40	1427,43
566,60	1490,92
566,81	1495,02
567,01	1501,16
567,22	1374,19
567,42	1404,91
567,63	1421,29
567,83	1417,19
568,04	1509,35
568,24	1409,00
568,44	1507,30
568,65	1482,73
568,85	1521,64
569,06	1427,43
569,26	1472,49
569,47	1409,00
569,67	1468,39
569,87	1441,77
570,08	1503,21
570,28	1435,63
570,49	1417,19
570,69	1538,02
570,89	1486,83
571,10	1427,43
571,30	1376,24
571,51	1421,29
571,71	1515,50
571,91	1513,45
572,12	1501,16
572,32	1525,74
572,53	1474,54
572,73	1495,02
572,93	1452,01
573,14	1437,67
573,34	1472,49
573,55	1425,39
573,75	1478,63
573,95	1406,95
574,16	1466,35
574,36	1466,35
574,57	1441,77
574,77	1411,05
574,97	1470,44
575,18	1402,86
575,38	1421,29
575,59	1439,72
575,79	1452,01
575,99	1509,35
576,20	1511,40
576,40	1372,14
576,60	1517,54
576,81	1482,73
577,01	1472,49
577,22	1486,83
577,42	1394,67
577,62	1460,20
577,83	1433,58
578,03	1445,87
578,23	1470,44
578,44	1482,73
578,64	1417,19
578,84	1497,07
579,05	1392,62
579,25	1464,30
579,45	1431,53
579,66	1431,53
579,86	1454,06
580,07	1447,91
580,27	1470,44
580,47	1447,91
580,68	1433,58
580,88	1359,85
581,08	1427,43
581,29	1452,01
581,49	1396,71
581,69	1523,69
581,90	1429,48
582,10	1443,82
582,30	1386,47
582,51	1468,39
582,71	1492,97
582,91	1413,10
583,12	1404,91
583,32	1411,05
583,52	1400,81
583,73	1409,00
583,93	1419,24
584,13	1441,77
584,34	1472,49
584,54	1370,09
584,74	1386,47
584,94	1437,67
585,15	1472,49
585,35	1431,53
585,55	1531,88
585,76	1421,29
585,96	1421,29
586,16	1447,91
586,37	1320,94
586,57	1460,20
586,77	1343,47
586,98	1484,78
587,18	1449,96
587,38	1452,01
587,58	1538,02
587,79	1445,87
587,99	1431,53
588,19	1396,71
588,40	1368,04
588,60	1480,68
588,80	1441,77
589,00	1468,39
589,21	1458,15
589,41	1501,16
589,61	1472,49
589,82	1441,77
590,02	1345,52
590,22	1562,60
590,42	1486,83
590,63	1499,11
590,83	1394,67
591,03	1460,20
591,23	1402,86
591,44	1402,86
591,64	1421,29
591,84	1402,86
592,05	1476,59
592,25	1478,63
592,45	1474,54
592,65	1452,01
592,86	1327,08
593,06	1482,73
593,26	1449,96
593,46	1431,53
593,67	1454,06
593,87	1456,11
594,07	1421,29
594,27	1482,73
594,48	1421,29
594,68	1417,19
594,88	1447,91
595,08	1507,30
595,29	1503,21
595,49	1445,87
595,69	1472,49
595,89	1417,19
596,10	1550,31
596,30	1374,19
596,50	1376,24
596,70	1488,87
596,90	1482,73
597,11	1370,09
597,31	1351,66
597,51	1433,58
597,71	1550,31
597,92	1509,35
598,12	1386,47
598,32	1429,48
598,52	1376,24
598,72	1435,63
598,93	1462,25
599,13	1521,64
599,33	1531,88
599,53	1525,74
599,74	1431,53
599,94	1527,78
600,14	1474,54
600,34	1411,05
600,54	1417,19
600,75	1501,16
600,95	1435,63
601,15	1406,95
601,35	1339,37
601,55	1454,06
601,76	1415,15
601,96	1464,30
602,16	1472,49
602,36	1554,41
602,56	1390,57
602,76	1486,83
602,97	1419,24
603,17	1429,48
603,37	1499,11
603,57	1462,25
603,77	1443,82
603,98	1435,63
604,18	1476,59
604,38	1484,78
604,58	1392,62
604,78	1431,53
604,98	1447,91
605,19	1460,20
605,39	1466,35
605,59	1492,97
605,79	1490,92
605,99	1458,15
606,19	1429,48
606,40	1495,02
606,60	1550,31
606,80	1390,57
607,00	1388,52
607,20	1406,95
607,40	1492,97
607,61	1384,43
607,81	1425,39
608,01	1468,39
608,21	1454,06
608,41	1458,15
608,61	1445,87
608,81	1361,90
609,02	1357,80
609,22	1425,39
609,42	1482,73
609,62	1447,91
609,82	1392,62
610,02	1581,03
610,22	1439,72
610,43	1443,82
610,63	1445,87
610,83	1409,00
611,03	1519,59
611,23	1480,68
611,43	1497,07
611,63	1458,15
611,83	1314,80
612,04	1452,01
612,24	1517,54
612,44	1486,83
612,64	1464,30
612,84	1423,34
613,04	1394,67
613,24	1488,87
613,44	1527,78
613,64	1456,11
613,85	1423,34
614,05	1460,20
614,25	1527,78
614,45	1398,76
614,65	1435,63
614,85	1413,10
615,05	1406,95
615,25	1554,41
615,45	1429,48
615,65	1423,34
615,86	1427,43
616,06	1433,58
616,26	1521,64
616,46	1562,60
616,66	1396,71
616,86	1484,78
617,06	1392,62
617,26	1452,01
617,46	1478,63
617,66	1454,06
617,86	1470,44
618,07	1419,24
618,27	1535,98
618,47	1378,28
618,67	1492,97
618,87	1460,20
619,07	1472,49
619,27	1562,60
619,47	1460,20
619,67	1554,41
619,87	1345,52
620,07	1525,74
620,27	1533,93
620,47	1437,67
620,67	1439,72
620,87	1519,59
621,07	1490,92
621,28	1380,33
621,48	1390,57
621,68	1384,43
621,88	1529,83
622,08	1413,10
622,28	1478,63
622,48	1595,37
622,68	1394,67
622,88	1538,02
623,08	1464,30
623,28	1482,73
623,48	1419,24
623,68	1394,67
623,88	1349,61
624,08	1470,44
624,28	1454,06
624,48	1548,26
624,68	1431,53
624,88	1484,78
625,08	1492,97
625,28	1478,63
625,48	1460,20
625,68	1495,02
625,88	1445,87
626,08	1398,76
626,28	1470,44
626,48	1466,35
626,68	1427,43
626,88	1439,72
627,08	1427,43
627,28	1554,41
627,48	1519,59
627,68	1462,25
627,88	1468,39
628,08	1402,86
628,28	1421,29
628,49	1452,01
628,68	1433,58
628,88	1517,54
629,08	1456,11
629,28	1447,91
629,48	1437,67
629,68	1515,50
629,88	1427,43
630,08	1533,93
630,28	1464,30
630,48	1476,59
630,68	1406,95
630,88	1421,29
631,08	1363,95
631,28	1552,36
631,48	1509,35
631,68	1552,36
631,88	1300,46
632,08	1443,82
632,28	1400,81
632,48	1464,30
632,68	1372,14
632,88	1544,17
633,08	1468,39
633,28	1431,53
633,48	1484,78
633,68	1413,10
633,88	1409,00
634,08	1495,02
634,28	1490,92
634,48	1497,07
634,68	1417,19
634,88	1490,92
635,08	1488,87
635,28	1531,88
635,48	1480,68
635,68	1490,92
635,87	1488,87
636,07	1447,91
636,27	1464,30
636,47	1429,48
636,67	1468,39
636,87	1439,72
637,07	1501,16
637,27	1484,78
637,47	1556,46
637,67	1544,17
637,87	1400,81
638,07	1554,41
638,27	1460,20
638,47	1484,78
638,67	1378,28
638,86	1460,20
639,06	1353,71
639,26	1439,72
639,46	1341,42
639,66	1507,30
639,86	1497,07
640,06	1472,49
640,26	1480,68
640,46	1456,11
640,66	1452,01
640,86	1437,67
641,06	1513,45
641,25	1581,03
641,45	1478,63
641,65	1404,91
641,85	1474,54
642,05	1462,25
642,25	1341,42
642,45	1411,05
642,65	1505,26
642,85	1441,77
643,05	1507,30
643,24	1492,97
643,44	1519,59
643,64	1437,67
643,84	1468,39
644,04	1474,54
644,24	1492,97
644,44	1384,43
644,64	1406,95
644,84	1466,35
645,03	1503,21
645,23	1452,01
645,43	1413,10
645,63	1490,92
645,83	1456,11
646,03	1462,25
646,23	1411,05
646,42	1511,40
646,62	1447,91
646,82	1503,21
647,02	1523,69
647,22	1449,96
647,42	1423,34
647,62	1415,15
647,82	1466,35
648,01	1556,46
648,21	1419,24
648,41	1443,82
648,61	1460,20
648,81	1501,16
649,01	1488,87
649,20	1406,95
649,40	1431,53
649,60	1482,73
649,80	1423,34
650,00	1507,30
650,20	1468,39
650,40	1462,25
650,59	1456,11
650,79	1402,86
650,99	1521,64
651,19	1529,83
651,39	1447,91
651,58	1468,39
651,78	1437,67
651,98	1564,65
652,18	1421,29
652,38	1431,53
652,58	1460,20
652,77	1384,43
652,97	1507,30
653,17	1454,06
653,37	1439,72
653,57	1492,97
653,77	1443,82
653,96	1464,30
654,16	1368,04
654,36	1433,58
654,56	1497,07
654,76	1472,49
654,95	1464,30
655,15	1482,73
655,35	1488,87
655,55	1482,73
655,75	1433,58
655,94	1388,52
656,14	1462,25
656,34	1505,26
656,54	1417,19
656,73	1517,54
656,93	1523,69
657,13	1531,88
657,33	1472,49
657,53	1495,02
657,72	1556,46
657,92	1437,67
658,12	1521,64
658,32	1556,46
658,52	1439,72
658,71	1437,67
658,91	1429,48
659,11	1488,87
659,31	1525,74
659,50	1470,44
659,70	1488,87
659,90	1482,73
660,10	1382,38
660,29	1542,12
660,49	1376,24
660,69	1482,73
660,89	1507,30
661,08	1488,87
661,28	1460,20
661,48	1472,49
661,68	1439,72
661,87	1452,01
662,07	1497,07
662,27	1394,67
662,47	1488,87
662,66	1499,11
662,86	1480,68
663,06	1411,05
663,26	1492,97
663,45	1462,25
663,65	1429,48
663,85	1521,64
664,05	1435,63
664,24	1400,81
664,44	1372,14
664,64	1480,68
664,84	1380,33
665,03	1501,16
665,23	1497,07
665,43	1447,91
665,62	1474,54
665,82	1529,83
666,02	1454,06
666,22	1484,78
666,41	1404,91
666,61	1482,73
666,81	1562,60
667,00	1499,11
667,20	1417,19
667,40	1478,63
667,60	1415,15
667,79	1441,77
667,99	1423,34
668,19	1368,04
668,38	1499,11
668,58	1452,01
668,78	1345,52
668,97	1603,56
669,17	1486,83
669,37	1527,78
669,57	1409,00
669,76	1529,83
669,96	1456,11
670,16	1492,97
670,35	1392,62
670,55	1445,87
670,75	1411,05
670,94	1480,68
671,14	1501,16
671,34	1511,40
671,53	1515,50
671,73	1429,48
671,93	1452,01
672,12	1415,15
672,32	1542,12
672,52	1476,59
672,71	1462,25
672,91	1519,59
673,11	1486,83
673,30	1507,30
673,50	1413,10
673,70	1466,35
673,89	1357,80
674,09	1452,01
674,29	1535,98
674,48	1546,22
674,68	1533,93
674,88	1488,87
675,07	1468,39
675,27	1484,78
675,46	1449,96
675,66	1419,24
675,86	1495,02
676,05	1538,02
676,25	1431,53
676,45	1464,30
676,64	1468,39
676,84	1556,46
677,04	1421,29
677,23	1566,70
677,43	1417,19
677,62	1529,83
677,82	1472,49
678,02	1366,00
678,21	1492,97
678,41	1456,11
678,61	1431,53
678,80	1503,21
679,00	1480,68
679,19	1515,50
679,39	1517,54
679,59	1474,54
679,78	1437,67
679,98	1435,63
680,17	1462,25
680,37	1495,02
680,57	1523,69
680,76	1480,68
680,96	1462,25
681,16	1460,20
681,35	1447,91
681,55	1470,44
681,74	1374,19
681,94	1476,59
682,13	1497,07
682,33	1501,16
682,53	1357,80
682,72	1474,54
682,92	1320,94
683,11	1452,01
683,31	1505,26
683,51	1531,88
683,70	1472,49
683,90	1417,19
684,09	1548,26
684,29	1499,11
684,48	1458,15
684,68	1427,43
684,88	1501,16
685,07	1472,49
685,27	1505,26
685,46	1431,53
685,66	1505,26
685,85	1511,40
686,05	1501,16
686,25	1419,24
686,44	1488,87
686,64	1515,50
686,83	1458,15
687,03	1566,70
687,22	1464,30
687,42	1488,87
687,61	1517,54
687,81	1380,33
688,01	1464,30
688,20	1441,77
688,40	1468,39
688,59	1458,15
688,79	1509,35
688,98	1476,59
689,18	1423,34
689,37	1517,54
689,57	1488,87
689,76	1572,84
689,96	1468,39
690,15	1519,59
690,35	1431,53
690,54	1515,50
690,74	1439,72
690,94	1486,83
691,13	1574,89
691,33	1595,37
691,52	1472,49
691,72	1533,93
691,91	1378,28
692,11	1589,22
692,30	1462,25
692,50	1511,40
692,69	1499,11
692,89	1497,07
693,08	1427,43
693,28	1523,69
693,47	1398,76
693,67	1517,54
693,86	1425,39
694,06	1544,17
694,25	1441,77
694,45	1507,30
694,64	1423,34
694,84	1437,67
695,03	1441,77
695,23	1470,44
695,42	1396,71
695,62	1378,28
695,81	1488,87
696,01	1521,64
696,20	1392,62
696,40	1474,54
696,59	1433,58
696,78	1497,07
696,98	1505,26
697,17	1464,30
697,37	1417,19
697,56	1427,43
697,76	1484,78
697,95	1497,07
698,15	1443,82
698,34	1525,74
698,54	1452,01
698,73	1511,40
698,93	1484,78
699,12	1425,39
699,32	1445,87
699,51	1523,69
699,70	1449,96
699,90	1511,40
700,09	1595,37
700,29	1507,30
700,48	1384,43
700,68	1468,39
700,87	1359,85
701,07	1558,50
701,26	1486,83
701,45	1501,16
701,65	1411,05
701,84	1431,53
702,04	1363,95
702,23	1423,34
702,43	1443,82
702,62	1466,35
702,81	1484,78
703,01	1415,15
703,20	1501,16
703,40	1456,11
703,59	1449,96
703,79	1515,50
703,98	1447,91
704,17	1431,53
704,37	1449,96
704,56	1513,45
704,76	1433,58
704,95	1425,39
705,14	1392,62
705,34	1370,09
705,53	1425,39
705,73	1335,28
705,92	1437,67
706,11	1505,26
706,31	1374,19
706,50	1400,81
706,70	1435,63
706,89	1509,35
707,08	1409,00
707,28	1517,54
707,47	1333,23
707,67	1396,71
707,86	1370,09
708,05	1456,11
708,25	1394,67
708,44	1382,38
708,64	1400,81
708,83	1413,10
709,02	1398,76
709,22	1435,63
709,41	1441,77
709,60	1497,07
709,80	1505,26
709,99	1460,20
710,19	1439,72
710,38	1452,01
710,57	1456,11
710,77	1439,72
710,96	1423,34
711,15	1433,58
711,35	1300,46
711,54	1449,96
711,73	1406,95
711,93	1372,14
712,12	1351,66
712,31	1329,13
712,51	1406,95
712,70	1452,01
712,89	1384,43
713,09	1384,43
713,28	1443,82
713,48	1425,39
713,67	1486,83
713,86	1439,72
714,06	1433,58
714,25	1353,71
714,44	1460,20
714,64	1499,11
714,83	1439,72
715,02	1452,01
715,22	1445,87
715,41	1443,82
715,60	1368,04
715,79	1497,07
715,99	1507,30
716,18	1411,05
716,37	1445,87
716,57	1445,87
716,76	1505,26
716,95	1396,71
717,15	1404,91
717,34	1398,76
717,53	1406,95
717,73	1382,38
717,92	1454,06
718,11	1435,63
718,31	1460,20
718,50	1468,39
718,69	1398,76
718,88	1492,97
719,08	1388,52
719,27	1333,23
719,46	1495,02
719,66	1406,95
719,85	1378,28
720,04	1421,29
720,23	1349,61
720,43	1333,23
720,62	1384,43
720,81	1382,38
721,01	1458,15
721,20	1525,74
721,39	1433,58
721,58	1335,28
721,78	1427,43
721,97	1388,52
722,16	1392,62
722,35	1443,82
722,55	1409,00
722,74	1501,16
722,93	1515,50
723,13	1431,53
723,32	1427,43
723,51	1388,52
723,70	1380,33
723,90	1368,04
724,09	1484,78
724,28	1443,82
724,47	1445,87
724,67	1406,95
724,86	1402,86
725,05	1374,19
725,24	1433,58
725,44	1435,63
725,63	1456,11
725,82	1372,14
726,01	1361,90
726,21	1392,62
726,40	1351,66
726,59	1390,57
726,78	1427,43
726,97	1370,09
727,17	1339,37
727,36	1484,78
727,55	1452,01
727,74	1523,69
727,94	1357,80
728,13	1429,48
728,32	1466,35
728,51	1429,48
728,70	1366,00
728,90	1411,05
729,09	1445,87
729,28	1390,57
729,47	1394,67
729,66	1372,14
729,86	1417,19
730,05	1366,00
730,24	1390,57
730,43	1388,52
730,63	1454,06
730,82	1468,39
731,01	1460,20
731,20	1382,38
731,39	1458,15
731,58	1322,99
731,78	1415,15
731,97	1380,33
732,16	1437,67
732,35	1429,48
732,54	1501,16
732,74	1492,97
732,93	1382,38
733,12	1445,87
733,31	1429,48
733,50	1378,28
733,69	1402,86
733,89	1531,88
734,08	1411,05
734,27	1439,72
734,46	1392,62
734,65	1480,68
734,84	1374,19
735,04	1429,48
735,23	1394,67
735,42	1435,63
735,61	1294,32
735,80	1439,72
735,99	1413,10
736,19	1316,84
736,38	1337,32
736,57	1445,87
736,76	1376,24
736,95	1497,07
737,14	1349,61
737,33	1413,10
737,53	1452,01
737,72	1443,82
737,91	1437,67
738,10	1396,71
738,29	1329,13
738,48	1406,95
738,67	1404,91
738,87	1462,25
739,06	1439,72
739,25	1492,97
739,44	1337,32
739,63	1441,77
739,82	1447,91
740,01	1398,76
740,20	1404,91
740,40	1372,14
740,59	1527,78
740,78	1384,43
740,97	1322,99
741,16	1392,62
741,35	1417,19
741,54	1519,59
741,73	1433,58
741,92	1325,04
742,12	1417,19
742,31	1435,63
742,50	1521,64
742,69	1396,71
742,88	1411,05
743,07	1392,62
743,26	1431,53
743,45	1349,61
743,64	1349,61
743,83	1409,00
744,02	1421,29
744,22	1456,11
744,41	1449,96
744,60	1411,05
744,79	1431,53
744,98	1411,05
745,17	1345,52
745,36	1435,63
745,55	1472,49
745,74	1333,23
745,93	1470,44
746,12	1421,29
746,31	1325,04
746,50	1404,91
746,70	1329,13
746,89	1382,38
747,08	1402,86
747,27	1409,00
747,46	1359,85
747,65	1439,72
747,84	1474,54
748,03	1390,57
748,22	1361,90
748,41	1456,11
748,60	1419,24
748,79	1472,49
748,98	1392,62
749,17	1400,81
749,36	1476,59
749,55	1361,90
749,74	1355,76
749,93	1495,02
750,12	1423,34
750,31	1396,71
750,50	1404,91
750,70	1464,30
750,89	1472,49
751,08	1607,66
751,27	1470,44
751,46	1423,34
751,65	1423,34
751,84	1452,01
752,03	1394,67
752,22	1447,91
752,41	1384,43
752,60	1427,43
752,79	1501,16
752,98	1429,48
753,17	1392,62
753,36	1456,11
753,55	1394,67
753,74	1488,87
753,93	1433,58
754,12	1437,67
754,31	1538,02
754,50	1484,78
754,69	1476,59
754,88	1488,87
755,07	1462,25
755,26	1392,62
755,45	1366,00
755,64	1415,15
755,83	1544,17
756,02	1527,78
756,21	1384,43
756,40	1466,35
756,59	1419,24
756,78	1466,35
756,97	1452,01
757,16	1398,76
757,35	1421,29
757,54	1417,19
757,72	1505,26
757,91	1466,35
758,10	1462,25
758,29	1431,53
758,48	1390,57
758,67	1456,11
758,86	1468,39
759,05	1392,62
759,24	1470,44
759,43	1535,98
759,62	1404,91
759,81	1466,35
760,00	1525,74
760,19	1480,68
760,38	1505,26
760,57	1425,39
760,76	1456,11
760,95	1497,07
761,14	1449,96
761,33	1382,38
761,52	1411,05
761,70	1456,11
761,89	1468,39
762,08	1507,30
762,27	1439,72
762,46	1443,82
762,65	1519,59
762,84	1454,06
763,03	1490,92
763,22	1492,97
763,41	1525,74
763,60	1495,02
763,79	1476,59
763,98	1525,74
764,16	1423,34
764,35	1519,59
764,54	1495,02
764,73	1558,50
764,92	1501,16
765,11	1585,13
765,30	1525,74
765,49	1482,73
765,68	1585,13
765,87	1474,54
766,06	1394,67
766,24	1490,92
766,43	1359,85
766,62	1535,98
766,81	1482,73
767,00	1499,11
767,19	1398,76
767,38	1484,78
767,57	1314,80
767,76	1382,38
767,94	1470,44
768,13	1497,07
768,32	1570,79
768,51	1460,20
768,70	1454,06
768,89	1542,12
769,08	1447,91
769,27	1501,16
769,45	1495,02
769,64	1509,35
769,83	1484,78
770,02	1468,39
770,21	1404,91
770,40	1474,54
770,59	1533,93
770,77	1486,83
770,96	1511,40
771,15	1456,11
771,34	1474,54
771,53	1568,74
771,72	1468,39
771,91	1521,64
772,09	1456,11
772,28	1538,02
772,47	1478,63
772,66	1507,30
772,85	1411,05
773,04	1490,92
773,22	1429,48
773,41	1531,88
773,60	1411,05
773,79	1427,43
773,98	1515,50
774,17	1501,16
774,35	1411,05
774,54	1441,77
774,73	1533,93
774,92	1456,11
775,11	1513,45
775,30	1531,88
775,48	1458,15
775,67	1542,12
775,86	1525,74
776,05	1447,91
776,24	1452,01
776,42	1458,15
776,61	1564,65
776,80	1497,07
776,99	1449,96
777,18	1492,97
777,36	1486,83
777,55	1392,62
777,74	1470,44
777,93	1468,39
778,12	1484,78
778,30	1484,78
778,49	1456,11
778,68	1478,63
778,87	1464,30
779,06	1495,02
779,24	1490,92
779,43	1511,40
779,62	1411,05
779,81	1515,50
779,99	1449,96
780,18	1546,22
780,37	1466,35
780,56	1499,11
780,75	1574,89
780,93	1587,18
781,12	1433,58
781,31	1513,45
781,50	1468,39
781,68	1421,29
781,87	1386,47
782,06	1492,97
782,25	1472,49
782,43	1505,26
782,62	1456,11
782,81	1501,16
783,00	1513,45
783,18	1456,11
783,37	1429,48
783,56	1531,88
783,75	1458,15
783,93	1554,41
784,12	1462,25
784,31	1419,24
784,50	1474,54
784,68	1501,16
784,87	1449,96
785,06	1538,02
785,24	1468,39
785,43	1515,50
785,62	1476,59
785,81	1538,02
785,99	1460,20
786,18	1411,05
786,37	1447,91
786,56	1423,34
786,74	1439,72
786,93	1466,35
787,12	1417,19
787,30	1462,25
787,49	1509,35
787,68	1452,01
787,87	1501,16
788,05	1452,01
788,24	1435,63
788,43	1495,02
788,61	1443,82
788,80	1531,88
788,99	1372,14
789,17	1431,53
789,36	1417,19
789,55	1525,74
789,73	1431,53
789,92	1474,54
790,11	1429,48
790,30	1458,15
790,48	1374,19
790,67	1388,52
790,86	1476,59
791,04	1423,34
791,23	1468,39
791,42	1492,97
791,60	1406,95
791,79	1464,30
791,98	1394,67
792,16	1474,54
792,35	1447,91
792,54	1464,30
792,72	1484,78
792,91	1480,68
793,10	1429,48
793,28	1472,49
793,47	1409,00
793,66	1437,67
793,84	1411,05
794,03	1372,14
794,22	1464,30
794,40	1423,34
794,59	1501,16
794,77	1374,19
794,96	1382,38
795,15	1417,19
795,33	1374,19
795,52	1439,72
795,71	1419,24
795,89	1382,38
796,08	1398,76
796,27	1452,01
796,45	1460,20
796,64	1456,11
796,82	1454,06
797,01	1474,54
797,20	1421,29
797,38	1431,53
797,57	1406,95
797,76	1404,91
797,94	1452,01
798,13	1495,02
798,31	1402,86
798,50	1404,91
798,69	1400,81
798,87	1441,77
799,06	1388,52
799,24	1404,91
799,43	1445,87
799,62	1384,43
799,80	1382,38
799,99	1570,79
800,17	1392,62
800,36	1462,25
800,55	1433,58
800,73	1421,29
800,92	1419,24
801,10	1425,39
801,29	1466,35
801,48	1429,48
801,66	1368,04
801,85	1447,91
802,03	1460,20
802,22	1445,87
802,40	1425,39
802,59	1380,33
802,78	1413,10
802,96	1501,16
803,15	1472,49
803,33	1474,54
803,52	1409,00
803,70	1482,73
803,89	1441,77
804,08	1433,58
804,26	1456,11
804,45	1411,05
804,63	1484,78
804,82	1429,48
805,00	1421,29
805,19	1427,43
805,37	1443,82
805,56	1499,11
805,74	1349,61
805,93	1382,38
806,12	1421,29
806,30	1437,67
806,49	1488,87
806,67	1445,87
806,86	1447,91
807,04	1531,88
807,23	1400,81
807,41	1351,66
807,60	1476,59
807,78	1462,25
807,97	1748,97
808,15	1458,15
808,34	1427,43
808,52	1361,90
808,71	1431,53
808,89	1445,87
809,08	1368,04
809,27	1341,42
809,45	1400,81
809,64	1411,05
809,82	1413,10
810,01	1382,38
810,19	1454,06
810,38	1361,90
810,56	1392,62
810,75	1435,63
810,93	1433,58
811,12	1341,42
811,30	1433,58
811,49	1419,24
811,67	1511,40
811,85	1478,63
812,04	1415,15
812,22	1433,58
812,41	1382,38
812,59	1538,02
812,78	1415,15
812,96	1431,53
813,15	1445,87
813,33	1429,48
813,52	1482,73
813,70	1413,10
813,89	1423,34
814,07	1462,25
814,26	1398,76
814,44	1421,29
814,63	1452,01
814,81	1447,91
815,00	1374,19
815,18	1507,30
815,36	1505,26
815,55	1431,53
815,73	1394,67
815,92	1415,15
816,10	1576,94
816,29	1497,07
816,47	1370,09
816,66	1415,15
816,84	1505,26
817,02	1499,11
817,21	1468,39
817,39	1433,58
817,58	1456,11
817,76	1468,39
817,95	1413,10
818,13	1406,95
818,32	1347,56
818,50	1441,77
818,68	1384,43
818,87	1456,11
819,05	1462,25
819,24	1460,20
819,42	1437,67
819,60	1386,47
819,79	1392,62
819,97	1417,19
820,16	1398,76
820,34	1427,43
820,53	1398,76
820,71	1400,81
820,89	1419,24
821,08	1363,95
821,26	1466,35
821,45	1374,19
821,63	1499,11
821,81	1474,54
822,00	1370,09
822,18	1447,91
822,37	1497,07
822,55	1406,95
822,73	1464,30
822,92	1495,02
823,10	1472,49
823,28	1368,04
823,47	1470,44
823,65	1439,72
823,84	1382,38
824,02	1394,67
824,20	1376,24
824,39	1452,01
824,57	1464,30
824,75	1417,19
824,94	1511,40
825,12	1495,02
825,31	1456,11
825,49	1466,35
825,67	1476,59
825,86	1404,91
826,04	1523,69
826,22	1460,20
826,41	1466,35
826,59	1396,71
826,77	1499,11
826,96	1462,25
827,14	1409,00
827,32	1525,74
827,51	1439,72
827,69	1404,91
827,87	1429,48
828,06	1423,34
828,24	1374,19
828,42	1439,72
828,61	1449,96
828,79	1452,01
828,97	1425,39
829,16	1540,07
829,34	1349,61
829,52	1366,00
829,71	1529,83
829,89	1368,04
830,07	1464,30
830,26	1490,92
830,44	1390,57
830,62	1566,70
830,81	1538,02
830,99	1535,98
831,17	1478,63
831,36	1513,45
831,54	1513,45
831,72	1427,43
831,91	1392,62
832,09	1431,53
832,27	1415,15
832,45	1497,07
832,64	1394,67
832,82	1396,71
833,00	1423,34
833,19	1492,97
833,37	1441,77
833,55	1476,59
833,73	1447,91
833,92	1529,83
834,10	1419,24
834,28	1417,19
834,47	1533,93
834,65	1413,10
834,83	1476,59
835,01	1517,54
835,20	1431,53
835,38	1409,00
835,56	1468,39
835,74	1472,49
835,93	1472,49
836,11	1497,07
836,29	1460,20
836,47	1562,60
836,66	1482,73
836,84	1456,11
837,02	1456,11
837,21	1533,93
837,39	1464,30
837,57	1431,53
837,75	1533,93
837,94	1417,19
838,12	1507,30
838,30	1429,48
838,48	1488,87
838,66	1462,25
838,85	1495,02
839,03	1460,20
839,21	1445,87
839,39	1437,67
839,58	1421,29
839,76	1513,45
839,94	1486,83
840,12	1478,63
840,31	1511,40
840,49	1533,93
840,67	1499,11
840,85	1443,82
841,03	1568,74
841,22	1390,57
841,40	1468,39
841,58	1550,31
841,76	1415,15
841,94	1443,82
842,13	1550,31
842,31	1550,31
842,49	1503,21
842,67	1411,05
842,85	1519,59
843,04	1583,08
843,22	1419,24
843,40	1411,05
843,58	1513,45
843,76	1503,21
843,95	1591,27
844,13	1488,87
844,31	1460,20
844,49	1511,40
844,67	1439,72
844,86	1503,21
845,04	1484,78
845,22	1378,28
845,40	1480,68
845,58	1548,26
845,76	1478,63
845,95	1587,18
846,13	1495,02
846,31	1482,73
846,49	1476,59
846,67	1503,21
846,85	1495,02
847,04	1499,11
847,22	1452,01
847,40	1492,97
847,58	1400,81
847,76	1449,96
847,94	1384,43
848,12	1497,07
848,31	1521,64
848,49	1482,73
848,67	1523,69
848,85	1529,83
849,03	1517,54
849,21	1499,11
849,39	1480,68
849,58	1503,21
849,76	1476,59
849,94	1521,64
850,12	1441,77
850,30	1497,07
850,48	1495,02
850,66	1501,16
850,84	1525,74
851,03	1535,98
851,21	1568,74
851,39	1433,58
851,57	1505,26
851,75	1507,30
851,93	1404,91
852,11	1486,83
852,29	1523,69
852,47	1425,39
852,66	1574,89
852,84	1456,11
853,02	1548,26
853,20	1554,41
853,38	1533,93
853,56	1505,26
853,74	1478,63
853,92	1527,78
854,10	1476,59
854,28	1447,91
854,46	1433,58
854,65	1458,15
854,83	1548,26
855,01	1458,15
855,19	1482,73
855,37	1486,83
855,55	1525,74
855,73	1560,55
855,91	1456,11
856,09	1583,08
856,27	1529,83
856,45	1609,70
856,63	1480,68
856,81	1474,54
857,00	1585,13
857,18	1503,21
857,36	1462,25
857,54	1460,20
857,72	1497,07
857,90	1544,17
858,08	1499,11
858,26	1476,59
858,44	1509,35
858,62	1497,07
858,80	1599,46
858,98	1507,30
859,16	1484,78
859,34	1511,40
859,52	1519,59
859,70	1587,18
859,88	1466,35
860,06	1437,67
860,24	1554,41
860,42	1452,01
860,60	1466,35
860,78	1445,87
860,96	1484,78
861,14	1441,77
861,32	1566,70
861,50	1492,97
861,69	1572,84
861,87	1472,49
862,05	1546,22
862,23	1415,15
862,41	1515,50
862,59	1462,25
862,77	1488,87
862,95	1464,30
863,13	1507,30
863,31	1474,54
863,49	1468,39
863,67	1513,45
863,85	1452,01
864,03	1550,31
864,21	1525,74
864,39	1538,02
864,57	1474,54
864,75	1525,74
864,92	1501,16
865,10	1513,45
865,28	1460,20
865,46	1380,33
865,64	1476,59
865,82	1517,54
866,00	1447,91
866,18	1490,92
866,36	1431,53
866,54	1509,35
866,72	1538,02
866,90	1411,05
867,08	1525,74
867,26	1548,26
867,44	1427,43
867,62	1507,30
867,80	1437,67
867,98	1624,04
868,16	1402,86
868,34	1525,74
868,52	1427,43
868,70	1439,72
868,88	1515,50
869,06	1484,78
869,24	1529,83
869,42	1398,76
869,59	1554,41
869,77	1458,15
869,95	1554,41
870,13	1525,74
870,31	1435,63
870,49	1503,21
870,67	1501,16
870,85	1527,78
871,03	1558,50
871,21	1554,41
871,39	1441,77
871,57	1460,20
871,75	1482,73
871,92	1472,49
872,10	1427,43
872,28	1484,78
872,46	1474,54
872,64	1456,11
872,82	1517,54
873,00	1497,07
873,18	1484,78
873,36	1445,87
873,54	1501,16
873,72	1492,97
873,89	1443,82
874,07	1533,93
874,25	1521,64
874,43	1527,78
874,61	1452,01
874,79	1464,30
874,97	1482,73
875,15	1501,16
875,33	1445,87
875,50	1425,39
875,68	1445,87
875,86	1533,93
876,04	1460,20
876,22	1511,40
876,40	1456,11
876,58	1599,46
876,76	1482,73
876,93	1521,64
877,11	1509,35
877,29	1570,79
877,47	1464,30
877,65	1544,17
877,83	1589,22
878,01	1542,12
878,18	1474,54
878,36	1468,39
878,54	1402,86
878,72	1452,01
878,90	1400,81
879,08	1544,17
879,25	1480,68
879,43	1447,91
879,61	1484,78
879,79	1593,32
879,97	1554,41
880,15	1521,64
880,32	1435,63
880,50	1538,02
880,68	1427,43
880,86	1546,22
881,04	1529,83
881,22	1495,02
881,39	1472,49
881,57	1550,31
881,75	1525,74
881,93	1445,87
882,11	1490,92
882,28	1525,74
882,46	1425,39
882,64	1497,07
882,82	1497,07
883,00	1538,02
883,18	1527,78
883,35	1466,35
883,53	1517,54
883,71	1517,54
883,89	1509,35
884,07	1468,39
884,24	1542,12
884,42	1439,72
884,60	1419,24
884,78	1562,60
884,95	1507,30
885,13	1462,25
885,31	1456,11
885,49	1437,67
885,67	1476,59
885,84	1458,15
886,02	1474,54
886,20	1425,39
886,38	1492,97
886,55	1464,30
886,73	1447,91
886,91	1521,64
887,09	1511,40
887,26	1454,06
887,44	1501,16
887,62	1519,59
887,80	1484,78
887,98	1529,83
888,15	1538,02
888,33	1417,19
888,51	1443,82
888,69	1505,26
888,86	1564,65
889,04	1499,11
889,22	1490,92
889,39	1548,26
889,57	1497,07
889,75	1495,02
889,93	1548,26
890,10	1511,40
890,28	1509,35
890,46	1447,91
890,64	1482,73
890,81	1501,16
890,99	1464,30
891,17	1421,29
891,34	1626,09
891,52	1509,35
891,70	1425,39
891,88	1439,72
892,05	1452,01
892,23	1515,50
892,41	1499,11
892,58	1525,74
892,76	1439,72
892,94	1480,68
893,12	1570,79
893,29	1460,20
893,47	1507,30
893,65	1454,06
893,82	1445,87
894,00	1353,71
894,18	1550,31
894,35	1435,63
894,53	1443,82
894,71	1447,91
894,89	1499,11
895,06	1411,05
895,24	1458,15
895,42	1439,72
895,59	1482,73
895,77	1460,20
895,95	1492,97
896,12	1429,48
896,30	1380,33
896,48	1423,34
896,65	1548,26
896,83	1452,01
897,01	1497,07
897,18	1406,95
897,36	1548,26
897,54	1517,54
897,71	1474,54
897,89	1507,30
898,07	1445,87
898,24	1466,35
898,42	1421,29
898,59	1519,59
898,77	1372,14
898,95	1454,06
899,12	1447,91
899,30	1386,47
899,48	1468,39
899,65	1423,34
899,83	1380,33
900,01	1378,28
900,18	1509,35
900,36	1474,54
900,53	1511,40
900,71	1431,53
900,89	1464,30
901,06	1458,15
901,24	1480,68
901,42	1449,96
901,59	1476,59
901,77	1499,11
901,94	1421,29
902,12	1509,35
902,30	1445,87
902,47	1456,11
902,65	1452,01
902,82	1439,72
903,00	1343,47
903,18	1456,11
903,35	1454,06
903,53	1406,95
903,70	1499,11
903,88	1480,68
904,06	1517,54
904,23	1517,54
904,41	1460,20
904,58	1560,55
904,76	1435,63
904,93	1433,58
905,11	1466,35
905,29	1484,78
905,46	1392,62
905,64	1460,20
905,81	1445,87
905,99	1423,34
906,16	1603,56
906,34	1417,19
906,52	1466,35
906,69	1542,12
906,87	1538,02
907,04	1388,52
907,22	1478,63
907,39	1497,07
907,57	1478,63
907,75	1556,46
907,92	1417,19
908,10	1495,02
908,27	1480,68
908,45	1513,45
908,62	1402,86
908,80	1441,77
908,97	1497,07
909,15	1554,41
909,32	1449,96
909,50	1511,40
909,67	1441,77
909,85	1447,91
910,03	1433,58
910,20	1501,16
910,38	1439,72
910,55	1449,96
910,73	1400,81
910,90	1388,52
911,08	1558,50
911,25	1454,06
911,43	1576,94
911,60	1443,82
911,78	1411,05
911,95	1509,35
912,13	1456,11
912,30	1486,83
912,48	1488,87
912,65	1404,91
912,83	1542,12
913,00	1445,87
913,18	1558,50
913,35	1411,05
913,53	1433,58
913,70	1535,98
913,88	1492,97
914,05	1433,58
914,23	1535,98
914,40	1509,35
914,58	1492,97
914,75	1503,21
914,93	1503,21
915,10	1464,30
915,27	1501,16
915,45	1427,43
915,62	1411,05
915,80	1476,59
915,97	1560,55
916,15	1433,58
916,32	1527,78
916,50	1513,45
916,67	1464,30
916,85	1458,15
917,02	1480,68
917,20	1505,26
917,37	1572,84
917,54	1613,80
917,72	1441,77
917,89	1531,88
918,07	1482,73
918,24	1492,97
918,42	1400,81
918,59	1400,81
918,77	1484,78
918,94	1447,91
919,11	1507,30
919,29	1509,35
919,46	1484,78
919,64	1478,63
919,81	1419,24
919,99	1411,05
920,16	1509,35
920,33	1550,31
920,51	1503,21
920,68	1470,44
920,86	1499,11
921,03	1486,83
921,20	1482,73
921,38	1490,92
921,55	1409,00
921,73	1466,35
921,90	1411,05
922,07	1486,83
922,25	1452,01
922,42	1542,12
922,60	1574,89
922,77	1546,22
922,94	1529,83
923,12	1439,72
923,29	1492,97
923,47	1458,15
923,64	1452,01
923,81	1497,07
923,99	1454,06
924,16	1531,88
924,34	1519,59
924,51	1503,21
924,68	1519,59
924,86	1445,87
925,03	1472,49
925,20	1593,32
925,38	1456,11
925,55	1517,54
925,72	1474,54
925,90	1447,91
926,07	1466,35
926,25	1513,45
926,42	1495,02
926,59	1480,68
926,77	1490,92
926,94	1558,50
927,11	1482,73
927,29	1523,69
927,46	1452,01
927,63	1576,94
927,81	1521,64
927,98	1439,72
928,15	1521,64
928,33	1595,37
928,50	1433,58
928,67	1513,45
928,85	1501,16
929,02	1472,49
929,19	1492,97
929,37	1507,30
929,54	1409,00
929,71	1511,40
929,89	1456,11
930,06	1484,78
930,23	1552,36
930,41	1503,21
930,58	1464,30
930,75	1480,68
930,92	1585,13
931,10	1503,21
931,27	1402,86
931,44	1568,74
931,62	1411,05
931,79	1488,87
931,96	1490,92
932,14	1523,69
932,31	1529,83
932,48	1548,26
932,65	1413,10
932,83	1490,92
933,00	1515,50
933,17	1499,11
933,35	1490,92
933,52	1558,50
933,69	1558,50
933,86	1425,39
934,04	1497,07
934,21	1517,54
934,38	1488,87
934,55	1517,54
934,73	1431,53
934,90	1466,35
935,07	1513,45
935,25	1570,79
935,42	1409,00
935,59	1474,54
935,76	1447,91
935,94	1521,64
936,11	1546,22
936,28	1578,98
936,45	1535,98
936,63	1456,11
936,80	1382,38
936,97	1447,91
937,14	1542,12
937,31	1550,31
937,49	1486,83
937,66	1525,74
937,83	1540,07
938,00	1523,69
938,18	1550,31
938,35	1411,05
938,52	1599,46
938,69	1417,19
938,87	1441,77
939,04	1499,11
939,21	1466,35
939,38	1583,08
939,55	1480,68
939,73	1552,36
939,90	1507,30
940,07	1456,11
940,24	1519,59
940,41	1501,16
940,59	1409,00
940,76	1437,67
940,93	1507,30
941,10	1492,97
941,27	1540,07
941,45	1550,31
941,62	1480,68
941,79	1447,91
941,96	1533,93
942,13	1523,69
942,31	1470,44
942,48	1497,07
942,65	1585,13
942,82	1497,07
942,99	1503,21
943,16	1499,11
943,34	1509,35
943,51	1482,73
943,68	1484,78
943,85	1497,07
944,02	1511,40
944,19	1449,96
944,37	1562,60
944,54	1554,41
944,71	1523,69
944,88	1529,83
945,05	1458,15
945,22	1542,12
945,40	1521,64
945,57	1484,78
945,74	1495,02
945,91	1449,96
946,08	1501,16
946,25	1515,50
946,42	1400,81
946,60	1554,41
946,77	1517,54
946,94	1503,21
947,11	1546,22
947,28	1427,43
947,45	1460,20
947,62	1566,70
947,79	1517,54
947,97	1621,99
948,14	1679,33
948,31	1507,30
948,48	1509,35
948,65	1486,83
948,82	1425,39
948,99	1544,17
949,16	1499,11
949,33	1462,25
949,51	1576,94
949,68	1439,72
949,85	1488,87
950,02	1486,83
950,19	1464,30
950,36	1429,48
950,53	1515,50
950,70	1409,00
950,87	1499,11
951,04	1423,34
951,22	1460,20
951,39	1507,30
951,56	1505,26
951,73	1527,78
951,90	1449,96
952,07	1486,83
952,24	1488,87
952,41	1470,44
952,58	1449,96
952,75	1535,98
952,92	1472,49
953,09	1454,06
953,26	1490,92
953,43	1533,93
953,61	1583,08
953,78	1439,72
953,95	1472,49
954,12	1470,44
954,29	1486,83
954,46	1503,21
954,63	1497,07
954,80	1421,29
954,97	1513,45
955,14	1507,30
955,31	1476,59
955,48	1499,11
955,65	1435,63
955,82	1452,01
955,99	1454,06
956,16	1443,82
956,33	1550,31
956,50	1533,93
956,67	1503,21
956,84	1533,93
957,01	1402,86
957,18	1501,16
957,35	1462,25
957,52	1449,96
957,69	1535,98
957,86	1452,01
958,03	1435,63
958,20	1468,39
958,37	1470,44
958,54	1458,15
958,71	1484,78
958,88	1523,69
959,05	1476,59
959,22	1470,44
959,39	1409,00
959,56	1552,36
959,73	1509,35
959,90	1423,34
960,07	1492,97
960,24	1388,52
960,41	1425,39
960,58	1519,59
960,75	1525,74
960,92	1466,35
961,09	1482,73
961,26	1523,69
961,43	1488,87
961,60	1433,58
961,77	1456,11
961,94	1466,35
962,11	1466,35
962,28	1490,92
962,45	1456,11
962,62	1497,07
962,79	1511,40
962,96	1460,20
963,13	1462,25
963,30	1460,20
963,47	1443,82
963,64	1503,21
963,81	1497,07
963,98	1398,76
964,14	1548,26
964,31	1476,59
964,48	1544,17
964,65	1511,40
964,82	1427,43
964,99	1511,40
965,16	1443,82
965,33	1458,15
965,50	1470,44
965,67	1421,29
965,84	1460,20
966,01	1398,76
966,18	1464,30
966,35	1482,73
966,51	1478,63
966,68	1523,69
966,85	1452,01
967,02	1445,87
967,19	1445,87
967,36	1384,43
967,53	1415,15
967,70	1470,44
967,87	1509,35
968,04	1486,83
968,21	1503,21
968,37	1517,54
968,54	1337,32
968,71	1363,95
968,88	1454,06
969,05	1374,19
969,22	1382,38
969,39	1552,36
969,56	1411,05
969,72	1398,76
969,89	1538,02
970,06	1404,91
970,23	1458,15
970,40	1458,15
970,57	1423,34
970,74	1492,97
970,91	1458,15
971,07	1460,20
971,24	1556,46
971,41	1402,86
971,58	1468,39
971,75	1445,87
971,92	1396,71
972,09	1421,29
972,25	1470,44
972,42	1449,96
972,59	1433,58
972,76	1478,63
972,93	1423,34
973,10	1466,35
973,27	1523,69
973,43	1335,28
973,60	1486,83
973,77	1466,35
973,94	1427,43
974,11	1472,49
974,28	1443,82
974,44	1415,15
974,61	1423,34
974,78	1441,77
974,95	1427,43
975,12	1607,66
975,28	1468,39
975,45	1384,43
975,62	1415,15
975,79	1449,96
975,96	1495,02
976,12	1449,96
976,29	1402,86
976,46	1390,57
976,63	1402,86
976,80	1478,63
976,96	1427,43
977,13	1390,57
977,30	1439,72
977,47	1390,57
977,64	1443,82
977,80	1439,72
977,97	1527,78
978,14	1394,67
978,31	1380,33
978,48	1447,91
978,64	1476,59
978,81	1390,57
978,98	1447,91
979,15	1337,32
979,31	1527,78
979,48	1411,05
979,65	1429,48
979,82	1495,02
979,98	1415,15
980,15	1445,87
980,32	1578,98
980,49	1462,25
980,66	1378,28
980,82	1374,19
980,99	1382,38
981,16	1415,15
981,33	1452,01
981,49	1419,24
981,66	1452,01
981,83	1333,23
981,99	1439,72
982,16	1400,81
982,33	1396,71
982,50	1388,52
982,66	1415,15
982,83	1337,32
983,00	1400,81
983,17	1423,34
983,33	1392,62
983,50	1538,02
983,67	1425,39
983,83	1411,05
984,00	1388,52
984,17	1574,89
984,34	1441,77
984,50	1363,95
984,67	1404,91
984,84	1476,59
985,00	1320,94
985,17	1439,72
985,34	1390,57
985,51	1484,78
985,67	1415,15
985,84	1464,30
986,01	1431,53
986,17	1431,53
986,34	1398,76
986,51	1329,13
986,67	1421,29
986,84	1415,15
987,01	1384,43
987,17	1445,87
987,34	1423,34
987,51	1425,39
987,67	1443,82
987,84	1425,39
988,01	1562,60
988,17	1382,38
988,34	1384,43
988,51	1376,24
988,67	1505,26
988,84	1404,91
989,01	1409,00
989,17	1390,57
989,34	1388,52
989,51	1437,67
989,67	1400,81
989,84	1449,96
990,01	1374,19
990,17	1419,24
990,34	1374,19
990,51	1503,21
990,67	1464,30
990,84	1398,76
991,01	1343,47
991,17	1429,48
991,34	1361,90
991,50	1400,81
991,67	1431,53
991,84	1249,26
992,00	1429,48
992,17	1370,09
992,34	1449,96
992,50	1415,15
992,67	1437,67
992,83	1433,58
993,00	1421,29
993,17	1419,24
993,33	1370,09
993,50	1447,91
993,66	1402,86
993,83	1454,06
994,00	1441,77
994,16	1355,76
994,33	1419,24
994,49	1435,63
994,66	1501,16
994,83	1298,41
994,99	1437,67
995,16	1411,05
995,32	1456,11
995,49	1478,63
995,66	1458,15
995,82	1392,62
995,99	1398,76
996,15	1429,48
996,32	1359,85
996,48	1396,71
996,65	1411,05
996,82	1370,09
996,98	1476,59
997,15	1513,45
997,31	1411,05
997,48	1452,01
997,64	1433,58
997,81	1456,11
997,97	1413,10
998,14	1376,24
998,31	1456,11
998,47	1402,86
998,64	1484,78
998,80	1427,43
998,97	1478,63
999,13	1486,83
999,30	1441,77
999,46	1427,43
999,63	1400,81
999,79	1445,87
999,96	1566,70
1000,12	1472,49
1000,29	1366,00
1000,45	1409,00
1000,62	1357,80
1000,79	1406,95
1000,95	1308,65
1001,12	1353,71
1001,28	1429,48
1001,45	1417,19
1001,61	1505,26
1001,78	1404,91
1001,94	1464,30
1002,11	1433,58
1002,27	1411,05
1002,44	1404,91
1002,60	1398,76
1002,77	1501,16
1002,93	1458,15
1003,10	1427,43
1003,26	1409,00
1003,43	1456,11
1003,59	1468,39
1003,76	1388,52
1003,92	1441,77
1004,09	1370,09
1004,25	1462,25
1004,41	1511,40
1004,58	1449,96
1004,74	1456,11
1004,91	1382,38
1005,07	1417,19
1005,24	1460,20
1005,40	1390,57
1005,57	1349,61
1005,73	1411,05
1005,90	1400,81
1006,06	1421,29
1006,23	1431,53
1006,39	1421,29
1006,55	1439,72
1006,72	1398,76
1006,88	1419,24
1007,05	1468,39
1007,21	1394,67
1007,38	1488,87
1007,54	1409,00
1007,71	1406,95
1007,87	1329,13
1008,03	1468,39
1008,20	1423,34
1008,36	1390,57
1008,53	1449,96
1008,69	1394,67
1008,86	1392,62
1009,02	1363,95
1009,18	1419,24
1009,35	1443,82
1009,51	1378,28
1009,68	1507,30
1009,84	1411,05
1010,01	1396,71
1010,17	1370,09
1010,33	1413,10
1010,50	1511,40
1010,66	1501,16
1010,83	1355,76
1010,99	1392,62
1011,15	1390,57
1011,32	1429,48
1011,48	1398,76
1011,65	1378,28
1011,81	1339,37
1011,97	1433,58
1012,14	1470,44
1012,30	1433,58
1012,46	1452,01
1012,63	1480,68
1012,79	1421,29
1012,96	1382,38
1013,12	1435,63
1013,28	1468,39
1013,45	1351,66
1013,61	1349,61
1013,77	1361,90
1013,94	1458,15
1014,10	1423,34
1014,26	1421,29
1014,43	1488,87
1014,59	1363,95
1014,76	1316,84
1014,92	1513,45
1015,08	1286,12
1015,25	1419,24
1015,41	1468,39
1015,57	1431,53
1015,74	1331,18
1015,90	1382,38
1016,06	1472,49
1016,23	1429,48
1016,39	1423,34
1016,55	1517,54
1016,72	1351,66
1016,88	1378,28
1017,04	1329,13
1017,21	1406,95
1017,37	1386,47
1017,53	1390,57
1017,70	1404,91
1017,86	1429,48
1018,02	1396,71
1018,19	1372,14
1018,35	1427,43
1018,51	1374,19
1018,67	1378,28
1018,84	1445,87
1019,00	1333,23
1019,16	1400,81
1019,33	1468,39
1019,49	1443,82
1019,65	1439,72
1019,82	1384,43
1019,98	1439,72
1020,14	1406,95
1020,30	1466,35
1020,47	1355,76
1020,63	1468,39
1020,79	1462,25
1020,96	1404,91
1021,12	1413,10
1021,28	1466,35
1021,44	1366,00
1021,61	1411,05
1021,77	1284,08
1021,93	1419,24
1022,09	1458,15
1022,26	1433,58
1022,42	1454,06
1022,58	1462,25
1022,74	1415,15
1022,91	1472,49
1023,07	1368,04
1023,23	1390,57
1023,39	1464,30
1023,56	1423,34
1023,72	1439,72
1023,88	1402,86
1024,04	1441,77
1024,21	1443,82
1024,37	1413,10
1024,53	1435,63
1024,69	1363,95
1024,86	1275,88
1025,02	1370,09
1025,18	1339,37
1025,34	1394,67
1025,50	1433,58
1025,67	1363,95
1025,83	1480,68
1025,99	1431,53
1026,15	1406,95
1026,32	1359,85
1026,48	1366,00
1026,64	1495,02
1026,80	1411,05
1026,96	1435,63
1027,13	1413,10
1027,29	1411,05
1027,45	1396,71
1027,61	1339,37
1027,77	1406,95
1027,94	1474,54
1028,10	1423,34
1028,26	1458,15
1028,42	1429,48
1028,58	1421,29
1028,75	1345,52
1028,91	1452,01
1029,07	1390,57
1029,23	1441,77
1029,39	1400,81
1029,55	1411,05
1029,72	1490,92
1029,88	1437,67
1030,04	1386,47
1030,20	1411,05
1030,36	1406,95
1030,52	1474,54
1030,69	1482,73
1030,85	1421,29
1031,01	1429,48
1031,17	1363,95
1031,33	1527,78
1031,49	1396,71
1031,65	1402,86
1031,82	1413,10
1031,98	1388,52
1032,14	1378,28
1032,30	1484,78
1032,46	1357,80
1032,62	1388,52
1032,78	1456,11
1032,95	1454,06
1033,11	1406,95
1033,27	1406,95
1033,43	1409,00
1033,59	1390,57
1033,75	1472,49
1033,91	1337,32
1034,07	1511,40
1034,24	1368,04
1034,40	1429,48
1034,56	1449,96
1034,72	1470,44
1034,88	1398,76
1035,04	1378,28
1035,20	1462,25
1035,36	1390,57
1035,52	1386,47
1035,68	1296,36
1035,85	1497,07
1036,01	1396,71
1036,17	1517,54
1036,33	1466,35
1036,49	1382,38
1036,65	1417,19
1036,81	1370,09
1036,97	1454,06
1037,13	1435,63
1037,29	1470,44
1037,45	1368,04
1037,61	1437,67
1037,78	1415,15
1037,94	1423,34
1038,10	1425,39
1038,26	1447,91
1038,42	1335,28
1038,58	1372,14
1038,74	1388,52
1038,90	1431,53
1039,06	1443,82
1039,22	1333,23
1039,38	1372,14
1039,54	1380,33
1039,70	1419,24
1039,86	1406,95
1040,02	1423,34
1040,18	1441,77
1040,34	1400,81
1040,50	1452,01
1040,66	1462,25
1040,83	1372,14
1040,99	1497,07
1041,15	1464,30
1041,31	1495,02
1041,47	1343,47
1041,63	1429,48
1041,79	1376,24
1041,95	1462,25
1042,11	1370,09
1042,27	1452,01
1042,43	1435,63
1042,59	1439,72
1042,75	1357,80
1042,91	1417,19
