344,25	1239,02
344,46	1239,02
344,68	1239,02
344,90	1269,74
345,12	1277,93
345,34	1390,57
345,55	1409,00
345,77	1368,04
345,99	1384,43
346,21	1447,91
346,42	1433,58
346,64	1357,80
346,86	1419,24
347,08	1431,53
347,30	1427,43
347,51	1390,57
347,73	1419,24
347,95	1456,11
348,17	1474,54
348,38	1353,71
348,60	1400,81
348,82	1339,37
349,04	1374,19
349,25	1472,49
349,47	1413,10
349,69	1427,43
349,91	1519,59
350,13	1368,04
350,34	1447,91
350,56	1368,04
350,78	1325,04
351,00	1529,83
351,21	1423,34
351,43	1435,63
351,65	1423,34
351,87	1398,76
352,08	1486,83
352,30	1386,47
352,52	1386,47
352,74	1519,59
352,95	1492,97
353,17	1341,42
353,39	1392,62
353,61	1386,47
353,82	1386,47
354,04	1359,85
354,26	1429,48
354,47	1417,19
354,69	1435,63
354,91	1437,67
355,13	1435,63
355,34	1341,42
355,56	1337,32
355,78	1454,06
356,00	1456,11
356,21	1318,89
356,43	1439,72
356,65	1398,76
356,86	1456,11
357,08	1472,49
357,30	1492,97
357,52	1372,14
357,73	1525,74
357,95	1443,82
358,17	1406,95
358,38	1488,87
358,60	1417,19
358,82	1523,69
359,04	1441,77
359,25	1470,44
359,47	1452,01
359,69	1415,15
359,90	1388,52
360,12	1499,11
360,34	1472,49
360,56	1382,38
360,77	1474,54
360,99	1400,81
361,21	1429,48
361,42	1376,24
361,64	1521,64
361,86	1452,01
362,07	1437,67
362,29	1501,16
362,51	1452,01
362,73	1482,73
362,94	1413,10
363,16	1480,68
363,38	1417,19
363,59	1460,20
363,81	1361,90
364,03	1398,76
364,24	1435,63
364,46	1460,20
364,68	1527,78
364,89	1452,01
365,11	1531,88
365,33	1437,67
365,54	1501,16
365,76	1513,45
365,98	1490,92
366,19	1503,21
366,41	1511,40
366,63	1503,21
366,84	1460,20
367,06	1402,86
367,28	1464,30
367,49	1499,11
367,71	1413,10
367,93	1419,24
368,14	1431,53
368,36	1419,24
368,58	1472,49
368,79	1423,34
369,01	1468,39
369,23	1560,55
369,44	1535,98
369,66	1441,77
369,88	1462,25
370,09	1398,76
370,31	1443,82
370,53	1435,63
370,74	1449,96
370,96	1406,95
371,18	1544,17
371,39	1499,11
371,61	1402,86
371,82	1562,60
372,04	1488,87
372,26	1460,20
372,47	1431,53
372,69	1429,48
372,91	1525,74
373,12	1476,59
373,34	1472,49
373,56	1370,09
373,77	1462,25
373,99	1429,48
374,20	1456,11
374,42	1511,40
374,64	1521,64
374,85	1443,82
375,07	1527,78
375,29	1456,11
375,50	1445,87
375,72	1409,00
375,93	1439,72
376,15	1415,15
376,37	1505,26
376,58	1454,06
376,80	1482,73
377,01	1398,76
377,23	1488,87
377,45	1413,10
377,66	1378,28
377,88	1439,72
378,10	1478,63
378,31	1406,95
378,53	1456,11
378,74	1466,35
378,96	1501,16
379,18	1388,52
379,39	1466,35
379,61	1482,73
379,82	1427,43
380,04	1517,54
380,26	1517,54
380,47	1413,10
380,69	1447,91
380,90	1517,54
381,12	1409,00
381,33	1499,11
381,55	1413,10
381,77	1454,06
381,98	1460,20
382,20	1306,60
382,41	1423,34
382,63	1460,20
382,85	1427,43
383,06	1495,02
383,28	1517,54
383,49	1492,97
383,71	1488,87
383,92	1345,52
384,14	1454,06
384,36	1398,76
384,57	1429,48
384,79	1417,19
385,00	1515,50
385,22	1374,19
385,43	1378,28
385,65	1509,35
385,87	1351,66
386,08	1411,05
386,30	1370,09
386,51	1404,91
386,73	1318,89
386,94	1415,15
387,16	1452,01
387,37	1550,31
387,59	1441,77
387,81	1437,67
388,02	1527,78
388,24	1460,20
388,45	1484,78
388,67	1427,43
388,88	1476,59
389,10	1349,61
389,31	1538,02
389,53	1468,39
389,75	1449,96
389,96	1378,28
390,18	1468,39
390,39	1388,52
390,61	1437,67
390,82	1470,44
391,04	1464,30
391,25	1480,68
391,47	1497,07
391,68	1341,42
391,90	1439,72
392,11	1441,77
392,33	1466,35
392,54	1374,19
392,76	1470,44
392,97	1474,54
393,19	1476,59
393,41	1492,97
393,62	1540,07
393,84	1441,77
394,05	1499,11
394,27	1462,25
394,48	1390,57
394,70	1562,60
394,91	1419,24
395,13	1445,87
395,34	1460,20
395,56	1409,00
395,77	1484,78
395,99	1519,59
396,20	1439,72
396,42	1363,95
396,63	1495,02
396,85	1439,72
397,06	1464,30
397,28	1452,01
397,49	1511,40
397,71	1454,06
397,92	1460,20
398,14	1484,78
398,35	1509,35
398,57	1398,76
398,78	1490,92
399,00	1480,68
399,21	1445,87
399,43	1431,53
399,64	1390,57
399,86	1415,15
400,07	1368,04
400,29	1433,58
400,50	1437,67
400,72	1474,54
400,93	1398,76
401,14	1427,43
401,36	1433,58
401,57	1386,47
401,79	1540,07
402,00	1492,97
402,22	1443,82
402,43	1456,11
402,65	1468,39
402,86	1435,63
403,08	1495,02
403,29	1447,91
403,51	1492,97
403,72	1529,83
403,94	1472,49
404,15	1464,30
404,36	1509,35
404,58	1744,87
404,79	1521,64
405,01	1443,82
405,22	1339,37
405,44	1456,11
405,65	1447,91
405,87	1478,63
406,08	1521,64
406,30	1435,63
406,51	1478,63
406,72	1394,67
406,94	1404,91
407,15	1431,53
407,37	1484,78
407,58	1435,63
407,80	1462,25
408,01	1535,98
408,23	1509,35
408,44	1464,30
408,65	1441,77
408,87	1458,15
409,08	1419,24
409,30	1503,21
409,51	1396,71
409,73	1468,39
409,94	1476,59
410,15	1523,69
410,37	1546,22
410,58	1413,10
410,80	1507,30
411,01	1480,68
411,23	1421,29
411,44	1396,71
411,65	1550,31
411,87	1505,26
412,08	1505,26
412,30	1468,39
412,51	1509,35
412,72	1529,83
412,94	1482,73
413,15	1456,11
413,37	1484,78
413,58	1462,25
413,79	1507,30
414,01	1374,19
414,22	1427,43
414,44	1433,58
414,65	1445,87
414,86	1427,43
415,08	1474,54
415,29	1449,96
415,51	1380,33
415,72	1472,49
415,93	1411,05
416,15	1447,91
416,36	1462,25
416,58	1466,35
416,79	1454,06
417,00	1480,68
417,22	1447,91
417,43	1429,48
417,65	1468,39
417,86	1484,78
418,07	1513,45
418,29	1431,53
418,50	1470,44
418,71	1392,62
418,93	1439,72
419,14	1427,43
419,36	1443,82
419,57	1437,67
419,78	1413,10
420,00	1382,38
420,21	1454,06
420,42	1411,05
420,64	1341,42
420,85	1456,11
421,06	1443,82
421,28	1419,24
421,49	1400,81
421,71	1519,59
421,92	1447,91
422,13	1507,30
422,35	1521,64
422,56	1533,93
422,77	1466,35
422,99	1470,44
423,20	1437,67
423,41	1376,24
423,63	1402,86
423,84	1439,72
424,05	1538,02
424,27	1437,67
424,48	1497,07
424,69	1509,35
424,91	1779,68
425,12	1478,63
425,33	1433,58
425,55	1421,29
425,76	1460,20
425,97	1443,82
426,19	1499,11
426,40	1409,00
426,61	1484,78
426,83	1480,68
427,04	1445,87
427,25	1445,87
427,47	1466,35
427,68	1456,11
427,89	1474,54
428,11	1454,06
428,32	1445,87
428,53	1435,63
428,75	1423,34
428,96	1517,54
429,17	1456,11
429,39	1445,87
429,60	1411,05
429,81	1552,36
430,03	1425,39
430,24	1390,57
430,45	1519,59
430,67	1488,87
430,88	1568,74
431,09	1439,72
431,30	1480,68
431,52	1501,16
431,73	1361,90
431,94	1470,44
432,16	1497,07
432,37	1447,91
432,58	1511,40
432,80	1482,73
433,01	1488,87
433,22	1435,63
433,43	1533,93
433,65	1464,30
433,86	1398,76
434,07	1370,09
434,29	1447,91
434,50	1427,43
434,71	1478,63
434,92	1443,82
435,14	1394,67
435,35	1472,49
435,56	1421,29
435,77	1413,10
435,99	1404,91
436,20	1482,73
436,41	1519,59
436,63	1431,53
436,84	1449,96
437,05	1380,33
437,26	1529,83
437,48	1486,83
437,69	1578,98
437,90	1429,48
438,11	1472,49
438,33	1409,00
438,54	1492,97
438,75	1406,95
438,96	1484,78
439,18	1478,63
439,39	1421,29
439,60	1513,45
439,82	1472,49
440,03	1468,39
440,24	1464,30
440,45	1474,54
440,67	1525,74
440,88	1468,39
441,09	1507,30
441,30	1443,82
441,51	1560,55
441,73	1417,19
441,94	1445,87
442,15	1480,68
442,36	1499,11
442,58	1460,20
442,79	1359,85
443,00	1460,20
443,21	1433,58
443,43	1351,66
443,64	1452,01
443,85	1445,87
444,06	1466,35
444,28	1400,81
444,49	1406,95
444,70	1474,54
444,91	1482,73
445,12	1492,97
445,34	1427,43
445,55	1556,46
445,76	1390,57
445,97	1484,78
446,18	1470,44
446,40	1449,96
446,61	1431,53
446,82	1437,67
447,03	1470,44
447,25	1472,49
447,46	1462,25
447,67	1490,92
447,88	1431,53
448,09	1361,90
448,31	1439,72
448,52	1480,68
448,73	1574,89
448,94	1406,95
449,15	1390,57
449,37	1355,76
449,58	1431,53
449,79	1570,79
450,00	1503,21
450,21	1427,43
450,43	1464,30
450,64	1357,80
450,85	1581,03
451,06	1511,40
451,27	1562,60
451,48	1458,15
451,70	1417,19
451,91	1359,85
452,12	1488,87
452,33	1486,83
452,54	1533,93
452,76	1531,88
452,97	1552,36
453,18	1431,53
453,39	1458,15
453,60	1480,68
453,81	1439,72
454,03	1421,29
454,24	1427,43
454,45	1400,81
454,66	1478,63
454,87	1478,63
455,08	1384,43
455,30	1409,00
455,51	1486,83
455,72	1499,11
455,93	1593,32
456,14	1527,78
456,35	1456,11
456,56	1519,59
456,78	1464,30
456,99	1529,83
457,20	1495,02
457,41	1556,46
457,62	1521,64
457,83	1495,02
458,04	1482,73
458,26	1556,46
458,47	1380,33
458,68	1425,39
458,89	1441,77
459,10	1452,01
459,31	1503,21
459,52	1515,50
459,74	1431,53
459,95	1521,64
460,16	1517,54
460,37	1513,45
460,58	1517,54
460,79	1464,30
461,00	1468,39
461,21	1343,47
461,43	1488,87
461,64	1415,15
461,85	1419,24
462,06	1439,72
462,27	1396,71
462,48	1585,13
462,69	1501,16
462,90	1427,43
463,12	1484,78
463,33	1452,01
463,54	1421,29
463,75	1486,83
463,96	1515,50
464,17	1556,46
464,38	1527,78
464,59	1492,97
464,80	1437,67
465,01	1386,47
465,23	1429,48
465,44	1458,15
465,65	1439,72
465,86	1482,73
466,07	1464,30
466,28	1443,82
466,49	1511,40
466,70	1542,12
466,91	1513,45
467,12	1421,29
467,33	1529,83
467,55	1509,35
467,76	1411,05
467,97	1564,65
468,18	1529,83
468,39	1452,01
468,60	1540,07
468,81	1480,68
469,02	1413,10
469,23	1429,48
469,44	1417,19
469,65	1460,20
469,86	1445,87
470,07	1478,63
470,29	1640,42
470,50	1462,25
470,71	1454,06
470,92	1558,50
471,13	1515,50
471,34	1509,35
471,55	1400,81
471,76	1429,48
471,97	1517,54
472,18	1439,72
472,39	1476,59
472,60	1460,20
472,81	1472,49
473,02	1380,33
473,23	1581,03
473,44	1519,59
473,65	1472,49
473,87	1464,30
474,08	1546,22
474,29	1482,73
474,50	1533,93
474,71	1519,59
474,92	1525,74
475,13	1499,11
475,34	1445,87
475,55	1456,11
475,76	1513,45
475,97	1456,11
476,18	1466,35
476,39	1480,68
476,60	1478,63
476,81	1535,98
477,02	1462,25
477,23	1460,20
477,44	1427,43
477,65	1490,92
477,86	1533,93
478,07	1511,40
478,28	1495,02
478,49	1519,59
478,70	1554,41
478,91	1390,57
479,12	1503,21
479,33	1533,93
479,54	1470,44
479,75	1517,54
479,96	1538,02
480,17	1509,35
480,38	1533,93
480,59	1439,72
480,80	1562,60
481,01	1587,18
481,22	1542,12
481,43	1470,44
481,64	1533,93
481,85	1503,21
482,06	1439,72
482,27	1581,03
482,48	1621,99
482,69	1605,61
482,90	1593,32
483,11	1535,98
483,32	1454,06
483,53	1507,30
483,74	1478,63
483,95	1437,67
484,16	1427,43
484,37	1503,21
484,58	1562,60
484,79	1548,26
485,00	1570,79
485,21	1507,30
485,42	1456,11
485,63	1601,51
485,84	1441,77
486,05	1437,67
486,26	1540,07
486,47	1531,88
486,68	1611,75
486,89	1570,79
487,10	1452,01
487,31	1495,02
487,52	1441,77
487,73	1501,16
487,94	1497,07
488,15	1531,88
488,36	1527,78
488,57	1460,20
488,77	1495,02
488,98	1497,07
489,19	1492,97
489,40	1517,54
489,61	1560,55
489,82	1499,11
490,03	1546,22
490,24	1447,91
490,45	1437,67
490,66	1490,92
490,87	1544,17
491,08	1505,26
491,29	1515,50
491,50	1472,49
491,71	1546,22
491,92	1505,26
492,13	1509,35
492,33	1470,44
492,54	1531,88
492,75	1527,78
492,96	1519,59
493,17	1476,59
493,38	1460,20
493,59	1468,39
493,80	1556,46
494,01	1570,79
494,22	1533,93
494,43	1538,02
494,64	1521,64
494,85	1519,59
495,05	1538,02
495,26	1490,92
495,47	1552,36
495,68	1564,65
495,89	1499,11
496,10	1460,20
496,31	1443,82
496,52	1505,26
496,73	1507,30
496,94	1445,87
497,15	1566,70
497,35	1538,02
497,56	1527,78
497,77	1480,68
497,98	1513,45
498,19	1462,25
498,40	1505,26
498,61	1562,60
498,82	1484,78
499,03	1503,21
499,23	1513,45
499,44	1615,85
499,65	1581,03
499,86	1615,85
500,07	1468,39
500,28	1452,01
500,49	1488,87
500,70	1552,36
500,91	1478,63
501,11	1550,31
501,32	1595,37
501,53	1654,76
501,74	1517,54
501,95	1513,45
502,16	1574,89
502,37	1480,68
502,57	1492,97
502,78	1529,83
502,99	1546,22
503,20	1478,63
503,41	1521,64
503,62	1566,70
503,83	1505,26
504,03	1556,46
504,24	1474,54
504,45	1550,31
504,66	1505,26
504,87	1621,99
505,08	1495,02
505,29	1441,77
505,49	1472,49
505,70	1544,17
505,91	1486,83
506,12	1509,35
506,33	1568,74
506,54	1495,02
506,75	1601,51
506,95	1519,59
507,16	1564,65
507,37	1480,68
507,58	1486,83
507,79	1515,50
508,00	1544,17
508,20	1505,26
508,41	1449,96
508,62	1540,07
508,83	1511,40
509,04	1454,06
509,24	1560,55
509,45	1810,40
509,66	1576,94
509,87	1507,30
510,08	1533,93
510,29	1550,31
510,49	1587,18
510,70	1419,24
510,91	1507,30
511,12	1499,11
511,33	1460,20
511,53	1454,06
511,74	1460,20
511,95	1566,70
512,16	1578,98
512,37	1509,35
512,57	1525,74
512,78	1535,98
512,99	1546,22
513,20	1599,46
513,41	1538,02
513,61	1501,16
513,82	1449,96
514,03	1513,45
514,24	1531,88
514,45	1556,46
514,65	1476,59
514,86	1466,35
515,07	1533,93
515,28	1443,82
515,49	1554,41
515,69	1599,46
515,90	1527,78
516,11	1513,45
516,32	1642,47
516,52	1411,05
516,73	1609,70
516,94	1613,80
517,15	1542,12
517,36	1550,31
517,56	1554,41
517,77	1482,73
517,98	1499,11
518,19	1501,16
518,39	1527,78
518,60	1501,16
518,81	1701,86
519,02	1492,97
519,22	1445,87
519,43	1523,69
519,64	1468,39
519,85	1447,91
520,05	1503,21
520,26	1558,50
520,47	1558,50
520,68	1540,07
520,88	1533,93
521,09	1562,60
521,30	1503,21
521,51	1476,59
521,71	1576,94
521,92	1542,12
522,13	1445,87
522,34	1593,32
522,54	1519,59
522,75	1443,82
522,96	1531,88
523,17	1456,11
523,37	1585,13
523,58	1509,35
523,79	1460,20
523,99	1533,93
524,20	1480,68
524,41	1503,21
524,62	1593,32
524,82	1564,65
525,03	1576,94
525,24	1509,35
525,45	1495,02
525,65	1460,20
525,86	1621,99
526,07	1535,98
526,27	1447,91
526,48	1495,02
526,69	1587,18
526,90	1435,63
527,10	1558,50
527,31	1529,83
527,52	1509,35
527,72	1501,16
527,93	1611,75
528,14	1529,83
528,34	1521,64
528,55	1406,95
528,76	1533,93
528,97	1527,78
529,17	1578,98
529,38	1507,30
529,59	1531,88
529,79	1591,27
530,00	1576,94
530,21	1638,38
530,41	1497,07
530,62	1474,54
530,83	1554,41
531,03	1583,08
531,24	1593,32
531,45	1544,17
531,65	1552,36
531,86	1495,02
532,07	1572,84
532,27	1486,83
532,48	1568,74
532,69	1472,49
532,89	1507,30
533,10	1509,35
533,31	1558,50
533,51	1439,72
533,72	1490,92
533,93	1585,13
534,13	1589,22
534,34	1497,07
534,55	1601,51
534,75	1501,16
534,96	1517,54
535,17	1466,35
535,37	1576,94
535,58	1427,43
535,79	1484,78
535,99	1380,33
536,20	1521,64
536,41	1570,79
536,61	1488,87
536,82	1550,31
537,03	1548,26
537,23	1470,44
537,44	1447,91
537,64	1521,64
537,85	1560,55
538,06	1546,22
538,26	1640,42
538,47	1515,50
538,68	1495,02
538,88	1437,67
539,09	1470,44
539,30	1411,05
539,50	1626,09
539,71	1525,74
539,91	1671,14
540,12	1495,02
540,33	1572,84
540,53	1505,26
540,74	1476,59
540,94	1538,02
541,15	1490,92
541,36	1562,60
541,56	1640,42
541,77	1521,64
541,98	1531,88
542,18	1517,54
542,39	1578,98
542,59	1529,83
542,80	1544,17
543,01	1478,63
543,21	1527,78
543,42	1535,98
543,62	1439,72
543,83	1486,83
544,04	1472,49
544,24	1546,22
544,45	1509,35
544,65	1558,50
544,86	1544,17
545,06	1499,11
545,27	1568,74
545,48	1509,35
545,68	1638,38
545,89	1484,78
546,09	1503,21
546,30	1492,97
546,51	1560,55
546,71	1472,49
546,92	1650,66
547,12	1497,07
547,33	1570,79
547,53	1503,21
547,74	1566,70
547,95	1538,02
548,15	1482,73
548,36	1591,27
548,56	1562,60
548,77	1564,65
548,97	1538,02
549,18	1517,54
549,39	1587,18
549,59	1538,02
549,80	1456,11
550,00	1470,44
550,21	1519,59
550,41	1513,45
550,62	1558,50
550,82	1466,35
551,03	1517,54
551,23	1480,68
551,44	1486,83
551,65	1472,49
551,85	1445,87
552,06	1468,39
552,26	1572,84
552,47	1546,22
552,67	1513,45
552,88	1439,72
553,08	1486,83
553,29	1548,26
553,49	1511,40
553,70	1427,43
553,90	1554,41
554,11	1476,59
554,32	1562,60
554,52	1519,59
554,73	1488,87
554,93	1531,88
555,14	1460,20
555,34	1495,02
555,55	1591,27
555,75	1492,97
555,96	1449,96
556,16	1535,98
556,37	1595,37
556,57	1480,68
556,78	1527,78
556,98	1574,89
557,19	1531,88
557,39	1531,88
557,60	1609,70
557,80	1507,30
558,01	1552,36
558,21	1409,00
558,42	1505,26
558,62	1474,54
558,83	1519,59
559,03	1482,73
559,24	1480,68
559,44	1529,83
559,65	1501,16
559,85	1495,02
560,06	1478,63
560,26	1509,35
560,47	1540,07
560,67	1593,32
560,88	1585,13
561,08	1548,26
561,29	1603,56
561,49	1568,74
561,70	1591,27
561,90	1486,83
562,10	1503,21
562,31	1527,78
562,51	1538,02
562,72	1511,40
562,92	1560,55
563,13	1591,27
563,33	1533,93
563,54	1562,60
563,74	1634,28
563,95	1476,59
564,15	1570,79
564,36	1486,83
564,56	1525,74
564,76	1568,74
564,97	1519,59
565,17	1544,17
565,38	1583,08
565,58	1581,03
565,79	1597,42
565,99	1454,06
566,20	1552,36
566,40	1488,87
566,60	1644,52
566,81	1607,66
567,01	1595,37
567,22	1501,16
567,42	1587,18
567,63	1595,37
567,83	1495,02
568,04	1546,22
568,24	1562,60
568,44	1591,27
568,65	1480,68
568,85	1591,27
569,06	1568,74
569,26	1613,80
569,47	1587,18
569,67	1478,63
569,87	1597,42
570,08	1583,08
570,28	1595,37
570,49	1544,17
570,69	1624,04
570,89	1572,84
571,10	1574,89
571,30	1484,78
571,51	1511,40
571,71	1609,70
571,91	1599,46
572,12	1576,94
572,32	1587,18
572,53	1505,26
572,73	1695,72
572,93	1728,49
573,14	1648,61
573,34	1601,51
573,55	1544,17
573,75	1554,41
573,95	1605,61
574,16	1527,78
574,36	1552,36
574,57	1581,03
574,77	1523,69
574,97	1597,42
575,18	1521,64
575,38	1562,60
575,59	1550,31
575,79	1503,21
575,99	1478,63
576,20	1556,46
576,40	1634,28
576,60	1583,08
576,81	1593,32
577,01	1611,75
577,22	1630,18
577,42	1630,18
577,62	1581,03
577,83	1558,50
578,03	1578,98
578,23	1533,93
578,44	1585,13
578,64	1560,55
578,84	1554,41
579,05	1595,37
579,25	1529,83
579,45	1443,82
579,66	1486,83
579,86	1460,20
580,07	1576,94
580,27	1548,26
580,47	1519,59
580,68	1505,26
580,88	1501,16
581,08	1593,32
581,29	1613,80
581,49	1562,60
581,69	1634,28
581,90	1542,12
582,10	1503,21
582,30	1531,88
582,51	1544,17
582,71	1546,22
582,91	1531,88
583,12	1535,98
583,32	1570,79
583,52	1486,83
583,73	1560,55
583,93	1601,51
584,13	1617,90
584,34	1562,60
584,54	1540,07
584,74	1542,12
584,94	1540,07
585,15	1611,75
585,35	1662,95
585,55	1527,78
585,76	1554,41
585,96	1585,13
586,16	1624,04
586,37	1443,82
586,57	1486,83
586,77	1492,97
586,98	1589,22
587,18	1576,94
587,38	1566,70
587,58	1540,07
587,79	1533,93
587,99	1617,90
588,19	1505,26
588,40	1525,74
588,60	1583,08
588,80	1691,62
589,00	1560,55
589,21	1624,04
589,41	1585,13
589,61	1497,07
589,82	1591,27
590,02	1544,17
590,22	1597,42
590,42	1607,66
590,63	1642,47
590,83	1538,02
591,03	1546,22
591,23	1574,89
591,44	1669,09
591,64	1576,94
591,84	1546,22
592,05	1648,61
592,25	1558,50
592,45	1591,27
592,65	1560,55
592,86	1519,59
593,06	1648,61
593,26	1546,22
593,46	1626,09
593,67	1556,46
593,87	1619,94
594,07	1558,50
594,27	1495,02
594,48	1501,16
594,68	1662,95
594,88	1589,22
595,08	1581,03
595,29	1609,70
595,49	1644,52
595,69	1572,84
595,89	1605,61
596,10	1583,08
596,30	1619,94
596,50	1509,35
596,70	1652,71
596,90	1597,42
597,11	1570,79
597,31	1497,07
597,51	1538,02
597,71	1605,61
597,92	1642,47
598,12	1480,68
598,32	1800,16
598,52	1583,08
598,72	1581,03
598,93	1619,94
599,13	1648,61
599,33	1542,12
599,53	1570,79
599,74	1605,61
599,94	1564,65
600,14	1640,42
600,34	1636,33
600,54	1667,05
600,75	1599,46
600,95	1482,73
601,15	1693,67
601,35	1486,83
601,55	1581,03
601,76	1593,32
601,96	1677,29
602,16	1654,76
602,36	1593,32
602,56	1542,12
602,76	1601,51
602,97	1517,54
603,17	1564,65
603,37	1572,84
603,57	1576,94
603,77	1521,64
603,98	1601,51
604,18	1583,08
604,38	1603,56
604,58	1597,42
604,78	1558,50
604,98	1482,73
605,19	1531,88
605,39	1583,08
605,59	1636,33
605,79	1607,66
605,99	1562,60
606,19	1519,59
606,40	1511,40
606,60	1566,70
606,80	1546,22
607,00	1519,59
607,20	1533,93
607,40	1531,88
607,61	1525,74
607,81	1593,32
608,01	1605,61
608,21	1636,33
608,41	1609,70
608,61	1597,42
608,81	1480,68
609,02	1484,78
609,22	1454,06
609,42	1519,59
609,62	1495,02
609,82	1611,75
610,02	1581,03
610,22	1523,69
610,43	1501,16
610,63	1546,22
610,83	1585,13
611,03	1550,31
611,23	1652,71
611,43	1535,98
611,63	1607,66
611,83	1472,49
612,04	1597,42
612,24	1626,09
612,44	1599,46
612,64	1546,22
612,84	1431,53
613,04	1517,54
613,24	1499,11
613,44	1513,45
613,64	1552,36
613,85	1576,94
614,05	1554,41
614,25	1546,22
614,45	1515,50
614,65	1587,18
614,85	1591,27
615,05	1591,27
615,25	1662,95
615,45	1574,89
615,65	1593,32
615,86	1652,71
616,06	1626,09
616,26	1615,85
616,46	1679,33
616,66	1572,84
616,86	1644,52
617,06	1548,26
617,26	1574,89
617,46	1628,14
617,66	1650,66
617,86	1685,48
618,07	1621,99
618,27	1722,34
618,47	1646,57
618,67	1705,96
618,87	1611,75
619,07	1628,14
619,27	1665,00
619,47	1654,76
619,67	1669,09
619,87	1654,76
620,07	1736,68
620,27	1697,77
620,47	1685,48
620,67	1654,76
620,87	1724,39
621,07	1634,28
621,28	1679,33
621,48	1667,05
621,68	1705,96
621,88	1732,58
622,08	1740,77
622,28	1669,09
622,48	1759,21
622,68	1695,72
622,88	1712,10
623,08	1769,44
623,28	1742,82
623,48	1656,81
623,68	1671,14
623,88	1662,95
624,08	1771,49
624,28	1603,56
624,48	1794,02
624,68	1693,67
624,88	1665,00
625,08	1705,96
625,28	1882,08
625,48	1755,11
625,68	1646,57
625,88	1687,53
626,08	1697,77
626,28	1683,43
626,48	1689,57
626,68	1646,57
626,88	1781,73
627,08	1742,82
627,28	1882,08
627,48	1720,29
627,68	1751,01
627,88	1738,73
628,08	1699,81
628,28	1703,91
628,49	1699,81
628,68	1679,33
628,88	1697,77
629,08	1755,11
629,28	1781,73
629,48	1720,29
629,68	1830,88
629,88	1740,77
630,08	1841,12
630,28	1810,40
630,48	1863,65
630,68	1796,07
630,88	1865,70
631,08	1771,49
631,28	1761,25
631,48	1687,53
631,68	1800,16
631,88	1779,68
632,08	1800,16
632,28	1855,46
632,48	1822,69
632,68	1742,82
632,88	1824,74
633,08	1810,40
633,28	1767,40
633,48	1777,64
633,68	1902,56
633,88	1841,12
634,08	1886,18
634,28	1771,49
634,48	1863,65
634,68	1765,35
634,88	1859,56
635,08	1783,78
635,28	1886,18
635,48	1718,25
635,68	1767,40
635,87	1802,21
636,07	1832,93
636,27	1771,49
636,47	1775,59
636,67	1806,31
636,87	1837,03
637,07	1869,80
637,27	1884,13
637,47	1794,02
637,67	1837,03
637,87	1808,36
638,07	1908,71
638,27	1779,68
638,47	1834,98
638,67	1918,95
638,86	1959,91
639,06	1845,22
639,26	1882,08
639,46	1796,07
639,66	1841,12
639,86	1859,56
640,06	1896,42
640,26	1851,36
640,46	1912,80
640,66	1867,75
640,86	1890,28
641,06	1826,79
641,25	1900,52
641,45	1828,84
641,65	1847,27
641,85	1871,84
642,05	1974,24
642,25	1810,40
642,45	1947,62
642,65	1904,61
642,85	1890,28
643,05	1953,76
643,24	1937,38
643,44	1855,46
643,64	1959,91
643,84	1890,28
644,04	1869,80
644,24	1789,92
644,44	1935,33
644,64	1800,16
644,84	1923,04
645,03	1937,38
645,23	2015,20
645,43	1824,74
645,63	1998,82
645,83	1861,60
646,03	1925,09
646,23	1935,33
646,42	2039,78
646,62	1859,56
646,82	2084,83
647,02	2011,11
647,22	1996,77
647,42	1935,33
647,62	2054,11
647,82	1892,32
648,01	2172,89
648,21	1875,94
648,41	1998,82
648,61	2009,06
648,81	2080,74
649,01	1933,28
649,20	1943,52
649,40	1990,63
649,60	2013,15
649,80	2007,01
650,00	1974,24
650,20	1980,39
650,40	2058,21
650,59	1988,58
650,79	1978,34
650,99	1976,29
651,19	1988,58
651,39	1908,71
651,58	2052,06
651,78	1935,33
651,98	2015,20
652,18	1920,99
652,38	2037,73
652,58	1984,48
652,77	1957,86
652,97	2107,36
653,17	1992,67
653,37	1951,71
653,57	2041,82
653,77	1929,19
653,96	2054,11
654,16	2056,16
654,36	2039,78
654,56	2007,01
654,76	2189,28
654,95	2037,73
655,15	2068,45
655,35	2090,98
655,55	1957,86
655,75	1978,34
655,94	2095,07
656,14	2033,63
656,34	2138,08
656,54	2025,44
656,73	2039,78
656,93	2090,98
657,13	2201,57
657,33	2004,96
657,53	2060,26
657,72	2013,15
657,92	2125,79
658,12	2113,50
658,32	2152,42
658,52	2109,41
658,71	2140,13
658,91	2072,54
659,11	2136,03
659,31	2107,36
659,50	2127,84
659,70	2142,18
659,90	2187,23
660,10	2275,29
660,29	2236,38
660,49	2179,04
660,69	2140,13
660,89	2201,57
661,08	2226,14
661,28	2115,55
661,48	2265,05
661,68	2129,89
661,87	2156,51
662,07	2187,23
662,27	2260,96
662,47	2224,09
662,66	2291,68
662,86	2117,60
663,06	2285,53
663,26	2168,80
663,45	2217,95
663,65	2267,10
663,85	2293,72
664,05	2281,44
664,24	2250,72
664,44	2312,16
664,64	2263,01
664,84	2191,33
665,03	2412,51
665,23	2445,27
665,43	2258,91
665,62	2168,80
665,82	2273,25
666,02	2312,16
666,22	2349,02
666,41	2283,49
666,61	2340,83
666,81	2400,22
667,00	2340,83
667,20	2246,62
667,40	2308,06
667,60	2213,85
667,79	2152,42
667,99	2242,53
668,19	2199,52
668,38	2156,51
668,58	2164,70
668,78	2156,51
668,97	2181,09
669,17	2148,32
669,37	2185,18
669,57	2068,45
669,76	2156,51
669,96	2119,65
670,16	1959,91
670,35	2054,11
670,55	1935,33
670,75	2074,59
670,94	2023,39
671,14	2013,15
671,34	2107,36
671,53	1951,71
671,73	1884,13
671,93	1843,17
672,12	1984,48
672,32	1925,09
672,52	1882,08
672,71	1949,67
672,91	1980,39
673,11	2021,35
673,30	1923,04
673,50	1894,37
673,70	1894,37
673,89	1818,60
674,09	1759,21
674,29	1767,40
674,48	1783,78
674,68	1931,23
674,88	1847,27
675,07	1851,36
675,27	1849,32
675,46	1781,73
675,66	1740,77
675,86	1800,16
676,05	1806,31
676,25	1714,15
676,45	1769,44
676,64	1834,98
676,84	1849,32
677,04	1832,93
677,23	1906,66
677,43	1765,35
677,62	1761,25
677,82	1906,66
678,02	1808,36
678,21	1894,37
678,41	1761,25
678,61	1830,88
678,80	1755,11
679,00	1763,30
679,19	1820,64
679,39	1986,53
679,59	1759,21
679,78	1908,71
679,98	1759,21
680,17	1810,40
680,37	1912,80
680,57	1982,43
680,76	1886,18
680,96	1861,60
681,16	1681,38
681,35	1988,58
681,55	1898,47
681,74	1886,18
681,94	1847,27
682,13	1918,95
682,33	1931,23
682,53	1851,36
682,72	1839,08
682,92	1861,60
683,11	1920,99
683,31	2031,58
683,51	1824,74
683,70	2029,54
683,90	1857,51
684,09	2103,26
684,29	1994,72
684,48	2045,92
684,68	1910,75
684,88	2035,68
685,07	2062,30
685,27	2027,49
685,46	1869,80
685,66	1947,62
685,85	1996,77
686,05	2332,64
686,25	2037,73
686,44	2273,25
686,64	2138,08
686,83	2117,60
687,03	2176,99
687,22	2070,50
687,42	2062,30
687,61	2506,71
687,81	2052,06
688,01	2289,63
688,20	2142,18
688,40	2228,19
688,59	2107,36
688,79	2238,43
688,98	2242,53
689,18	2164,70
689,37	2222,05
689,57	2490,33
689,76	2234,33
689,96	2357,21
690,15	2252,77
690,35	2521,05
690,54	2260,96
690,74	2455,51
690,94	2398,17
691,13	2451,42
691,33	2527,19
691,52	2615,26
691,72	2432,99
691,91	2684,89
692,11	2566,10
692,30	2576,34
692,50	2549,72
692,69	2789,33
692,89	2498,52
693,08	2633,69
693,28	2600,92
693,47	2682,84
693,67	2578,39
693,86	2656,22
694,06	2572,25
694,25	2781,14
694,45	2482,14
694,64	2678,74
694,84	2506,71
695,03	2891,73
695,23	2549,72
695,42	2727,89
695,62	2439,13
695,81	2613,21
696,01	2363,36
696,20	2394,08
696,40	2338,78
696,59	2310,11
696,78	2275,29
696,98	2492,38
697,17	2199,52
697,37	2344,92
697,56	2160,61
697,76	2316,25
697,95	2136,03
698,15	2299,87
698,34	2160,61
698,54	2193,37
698,73	2009,06
698,93	2025,44
699,12	1996,77
699,32	1910,75
699,51	1949,67
699,70	1806,31
699,90	1834,98
700,09	1978,34
700,29	1724,39
700,48	1738,73
700,68	1669,09
700,87	1751,01
701,07	1771,49
701,26	1665,00
701,45	1585,13
701,65	1689,57
701,84	1624,04
702,04	1595,37
702,23	1540,07
702,43	1593,32
702,62	1507,30
702,81	1568,74
703,01	1415,15
703,20	1624,04
703,40	1423,34
703,59	1431,53
703,79	1525,74
703,98	1456,11
704,17	1439,72
704,37	1495,02
704,56	1538,02
704,76	1558,50
704,95	1425,39
705,14	1396,71
705,34	1476,59
705,53	1400,81
705,73	1458,15
705,92	1427,43
706,11	1439,72
706,31	1509,35
706,50	1480,68
706,70	1499,11
706,89	1472,49
707,08	1449,96
707,28	1468,39
707,47	1449,96
707,67	1478,63
707,86	1511,40
708,05	1417,19
708,25	1406,95
708,44	1353,71
708,64	1443,82
708,83	1406,95
709,02	1306,60
709,22	1505,26
709,41	1454,06
709,60	1484,78
709,80	1460,20
709,99	1355,76
710,19	1413,10
710,38	1435,63
710,57	1466,35
710,77	1431,53
710,96	1425,39
711,15	1454,06
711,35	1423,34
711,54	1443,82
711,73	1357,80
711,93	1376,24
712,12	1431,53
712,31	1394,67
712,51	1462,25
712,70	1406,95
712,89	1357,80
713,09	1382,38
713,28	1415,15
713,48	1425,39
713,67	1402,86
713,86	1388,52
714,06	1396,71
714,25	1345,52
714,44	1452,01
714,64	1439,72
714,83	1402,86
715,02	1456,11
715,22	1415,15
715,41	1452,01
715,60	1398,76
715,79	1449,96
715,99	1480,68
716,18	1484,78
716,37	1402,86
716,57	1349,61
716,76	1425,39
716,95	1396,71
717,15	1329,13
717,34	1398,76
717,53	1331,18
717,73	1470,44
717,92	1423,34
718,11	1499,11
718,31	1464,30
718,50	1454,06
718,69	1429,48
718,88	1509,35
719,08	1452,01
719,27	1417,19
719,46	1595,37
719,66	1464,30
719,85	1374,19
720,04	1452,01
720,23	1404,91
720,43	1382,38
720,62	1378,28
720,81	1382,38
721,01	1386,47
721,20	1497,07
721,39	1409,00
721,58	1433,58
721,78	1433,58
721,97	1413,10
722,16	1435,63
722,35	1509,35
722,55	1433,58
722,74	1509,35
722,93	1386,47
723,13	1374,19
723,32	1398,76
723,51	1341,42
723,70	1464,30
723,90	1437,67
724,09	1355,76
724,28	1423,34
724,47	1421,29
724,67	1470,44
724,86	1396,71
725,05	1337,32
725,24	1495,02
725,44	1372,14
725,63	1384,43
725,82	1392,62
726,01	1353,71
726,21	1441,77
726,40	1439,72
726,59	1470,44
726,78	1351,66
726,97	1388,52
727,17	1404,91
727,36	1396,71
727,55	1447,91
727,74	1378,28
727,94	1431,53
728,13	1462,25
728,32	1433,58
728,51	1394,67
728,70	1406,95
728,90	1374,19
729,09	1415,15
729,28	1329,13
729,47	1398,76
729,66	1411,05
729,86	1464,30
730,05	1441,77
730,24	1382,38
730,43	1439,72
730,63	1425,39
730,82	1429,48
731,01	1380,33
731,20	1458,15
731,39	1351,66
731,58	1400,81
731,78	1486,83
731,97	1396,71
732,16	1441,77
732,35	1486,83
732,54	1484,78
732,74	1480,68
732,93	1429,48
733,12	1409,00
733,31	1380,33
733,50	1460,20
733,69	1437,67
733,89	1476,59
734,08	1464,30
734,27	1425,39
734,46	1439,72
734,65	1363,95
734,84	1292,27
735,04	1462,25
735,23	1484,78
735,42	1388,52
735,61	1372,14
735,80	1458,15
735,99	1386,47
736,19	1390,57
736,38	1431,53
736,57	1404,91
736,76	1413,10
736,95	1427,43
737,14	1431,53
737,33	1409,00
737,53	1501,16
737,72	1431,53
737,91	1437,67
738,10	1478,63
738,29	1351,66
738,48	1417,19
738,67	1437,67
738,87	1415,15
739,06	1415,15
739,25	1429,48
739,44	1290,22
739,63	1511,40
739,82	1447,91
740,01	1394,67
740,20	1372,14
740,40	1427,43
740,59	1447,91
740,78	1472,49
740,97	1345,52
741,16	1370,09
741,35	1470,44
741,54	1484,78
741,73	1429,48
741,92	1388,52
742,12	1388,52
742,31	1449,96
742,50	1480,68
742,69	1421,29
742,88	1335,28
743,07	1439,72
743,26	1382,38
743,45	1396,71
743,64	1366,00
743,83	1437,67
744,02	1394,67
744,22	1419,24
744,41	1413,10
744,60	1363,95
744,79	1421,29
744,98	1441,77
745,17	1296,36
745,36	1349,61
745,55	1456,11
745,74	1398,76
745,93	1447,91
746,12	1380,33
746,31	1456,11
746,50	1417,19
746,70	1413,10
746,89	1411,05
747,08	1357,80
747,27	1394,67
747,46	1380,33
747,65	1398,76
747,84	1396,71
748,03	1333,23
748,22	1404,91
748,41	1390,57
748,60	1466,35
748,79	1484,78
748,98	1380,33
749,17	1402,86
749,36	1435,63
749,55	1431,53
749,74	1376,24
749,93	1490,92
750,12	1419,24
750,31	1404,91
750,50	1456,11
750,70	1503,21
750,89	1421,29
751,08	1646,57
751,27	1421,29
751,46	1335,28
751,65	1390,57
751,84	1441,77
752,03	1386,47
752,22	1482,73
752,41	1472,49
752,60	1384,43
752,79	1464,30
752,98	1337,32
753,17	1509,35
753,36	1429,48
753,55	1400,81
753,74	1386,47
753,93	1468,39
754,12	1415,15
754,31	1474,54
754,50	1484,78
754,69	1382,38
754,88	1388,52
755,07	1400,81
755,26	1423,34
755,45	1339,37
755,64	1462,25
755,83	1515,50
756,02	1464,30
756,21	1480,68
756,40	1484,78
756,59	1411,05
756,78	1466,35
756,97	1433,58
757,16	1527,78
757,35	1464,30
757,54	1462,25
757,72	1419,24
757,91	1366,00
758,10	1411,05
758,29	1406,95
758,48	1447,91
758,67	1454,06
758,86	1415,15
759,05	1443,82
759,24	1429,48
759,43	1380,33
759,62	1484,78
759,81	1452,01
760,00	1480,68
760,19	1482,73
760,38	1523,69
760,57	1376,24
760,76	1517,54
760,95	1519,59
761,14	1339,37
761,33	1421,29
761,52	1456,11
761,70	1509,35
761,89	1425,39
762,08	1468,39
762,27	1456,11
762,46	1351,66
762,65	1480,68
762,84	1509,35
763,03	1419,24
763,22	1431,53
763,41	1525,74
763,60	1484,78
763,79	1380,33
763,98	1439,72
764,16	1413,10
764,35	1435,63
764,54	1409,00
764,73	1488,87
764,92	1476,59
765,11	1513,45
765,30	1570,79
765,49	1433,58
765,68	1529,83
765,87	1488,87
766,06	1384,43
766,24	1454,06
766,43	1415,15
766,62	1454,06
766,81	1384,43
767,00	1533,93
767,19	1392,62
767,38	1486,83
767,57	1449,96
767,76	1425,39
767,94	1474,54
768,13	1499,11
768,32	1433,58
768,51	1366,00
768,70	1398,76
768,89	1540,07
769,08	1388,52
769,27	1409,00
769,45	1386,47
769,64	1529,83
769,83	1402,86
770,02	1513,45
770,21	1452,01
770,40	1437,67
770,59	1435,63
770,77	1464,30
770,96	1529,83
771,15	1378,28
771,34	1437,67
771,53	1544,17
771,72	1521,64
771,91	1404,91
772,09	1533,93
772,28	1439,72
772,47	1409,00
772,66	1540,07
772,85	1411,05
773,04	1484,78
773,22	1478,63
773,41	1488,87
773,60	1443,82
773,79	1468,39
773,98	1409,00
774,17	1458,15
774,35	1443,82
774,54	1404,91
774,73	1437,67
774,92	1452,01
775,11	1503,21
775,30	1486,83
775,48	1353,71
775,67	1515,50
775,86	1329,13
776,05	1603,56
776,24	1419,24
776,42	1452,01
776,61	1402,86
776,80	1421,29
776,99	1466,35
777,18	1402,86
777,36	1462,25
777,55	1441,77
777,74	1460,20
777,93	1525,74
778,12	1478,63
778,30	1507,30
778,49	1409,00
778,68	1464,30
778,87	1499,11
779,06	1482,73
779,24	1462,25
779,43	1384,43
779,62	1439,72
779,81	1435,63
779,99	1400,81
780,18	1554,41
780,37	1535,98
780,56	1578,98
780,75	1456,11
780,93	1447,91
781,12	1456,11
781,31	1447,91
781,50	1490,92
781,68	1423,34
781,87	1456,11
782,06	1478,63
782,25	1421,29
782,43	1509,35
782,62	1384,43
782,81	1505,26
783,00	1431,53
783,18	1507,30
783,37	1456,11
783,56	1462,25
783,75	1482,73
783,93	1464,30
784,12	1435,63
784,31	1507,30
784,50	1468,39
784,68	1439,72
784,87	1331,18
785,06	1533,93
785,24	1454,06
785,43	1501,16
785,62	1435,63
785,81	1445,87
785,99	1470,44
786,18	1435,63
786,37	1382,38
786,56	1380,33
786,74	1386,47
786,93	1517,54
787,12	1429,48
787,30	1384,43
787,49	1478,63
787,68	1413,10
787,87	1423,34
788,05	1417,19
788,24	1337,32
788,43	1384,43
788,61	1507,30
788,80	1452,01
788,99	1384,43
789,17	1368,04
789,36	1325,04
789,55	1476,59
789,73	1466,35
789,92	1402,86
790,11	1482,73
790,30	1452,01
790,48	1404,91
790,67	1443,82
790,86	1466,35
791,04	1423,34
791,23	1468,39
791,42	1447,91
791,60	1390,57
791,79	1505,26
791,98	1396,71
792,16	1421,29
792,35	1409,00
792,54	1468,39
792,72	1492,97
792,91	1433,58
793,10	1388,52
793,28	1421,29
793,47	1527,78
793,66	1398,76
793,84	1380,33
794,03	1437,67
794,22	1464,30
794,40	1492,97
794,59	1464,30
794,77	1392,62
794,96	1404,91
795,15	1390,57
795,33	1425,39
795,52	1447,91
795,71	1425,39
795,89	1396,71
796,08	1476,59
796,27	1396,71
796,45	1376,24
796,64	1376,24
796,82	1390,57
797,01	1492,97
797,20	1452,01
797,38	1482,73
797,57	1374,19
797,76	1480,68
797,94	1355,76
798,13	1413,10
798,31	1495,02
798,50	1421,29
798,69	1421,29
798,87	1482,73
799,06	1384,43
799,24	1417,19
799,43	1531,88
799,62	1347,56
799,80	1417,19
799,99	1454,06
800,17	1382,38
800,36	1423,34
800,55	1406,95
800,73	1427,43
800,92	1370,09
801,10	1335,28
801,29	1415,15
801,48	1423,34
801,66	1411,05
801,85	1361,90
802,03	1404,91
802,22	1394,67
802,40	1478,63
802,59	1273,84
802,78	1419,24
802,96	1400,81
803,15	1595,37
803,33	1417,19
803,52	1357,80
803,70	1411,05
803,89	1492,97
804,08	1376,24
804,26	1425,39
804,45	1472,49
804,63	1390,57
804,82	1437,67
805,00	1425,39
805,19	1394,67
805,37	1411,05
805,56	1415,15
805,74	1421,29
805,93	1347,56
806,12	1456,11
806,30	1529,83
806,49	1464,30
806,67	1417,19
806,86	1433,58
807,04	1452,01
807,23	1488,87
807,41	1386,47
807,60	1361,90
807,78	1384,43
807,97	1708,01
808,15	1357,80
808,34	1382,38
808,52	1456,11
808,71	1355,76
808,89	1470,44
809,08	1421,29
809,27	1435,63
809,45	1363,95
809,64	1433,58
809,82	1411,05
810,01	1447,91
810,19	1519,59
810,38	1425,39
810,56	1353,71
810,75	1312,75
810,93	1464,30
811,12	1394,67
811,30	1411,05
811,49	1396,71
811,67	1480,68
811,85	1462,25
812,04	1390,57
812,22	1339,37
812,41	1427,43
812,59	1425,39
812,78	1378,28
812,96	1417,19
813,15	1466,35
813,33	1423,34
813,52	1458,15
813,70	1460,20
813,89	1404,91
814,07	1433,58
814,26	1466,35
814,44	1320,94
814,63	1458,15
814,81	1431,53
815,00	1452,01
815,18	1396,71
815,36	1456,11
815,55	1427,43
815,73	1384,43
815,92	1429,48
816,10	1501,16
816,29	1368,04
816,47	1402,86
816,66	1433,58
816,84	1435,63
817,02	1478,63
817,21	1449,96
817,39	1429,48
817,58	1406,95
817,76	1366,00
817,95	1470,44
818,13	1409,00
818,32	1419,24
818,50	1462,25
818,68	1384,43
818,87	1441,77
819,05	1388,52
819,24	1452,01
819,42	1433,58
819,60	1404,91
819,79	1427,43
819,97	1435,63
820,16	1341,42
820,34	1439,72
820,53	1447,91
820,71	1402,86
820,89	1370,09
821,08	1421,29
821,26	1429,48
821,45	1419,24
821,63	1378,28
821,81	1359,85
822,00	1447,91
822,18	1396,71
822,37	1347,56
822,55	1429,48
822,73	1458,15
822,92	1452,01
823,10	1404,91
823,28	1388,52
823,47	1398,76
823,65	1357,80
823,84	1390,57
824,02	1482,73
824,20	1374,19
824,39	1363,95
824,57	1435,63
824,75	1474,54
824,94	1466,35
825,12	1388,52
825,31	1386,47
825,49	1439,72
825,67	1335,28
825,86	1374,19
826,04	1427,43
826,22	1501,16
826,41	1417,19
826,59	1413,10
826,77	1454,06
826,96	1449,96
827,14	1331,18
827,32	1406,95
827,51	1421,29
827,69	1441,77
827,87	1433,58
828,06	1474,54
828,24	1441,77
828,42	1402,86
828,61	1406,95
828,79	1472,49
828,97	1533,93
829,16	1400,81
829,34	1339,37
829,52	1449,96
829,71	1476,59
829,89	1417,19
830,07	1431,53
830,26	1431,53
830,44	1439,72
830,62	1419,24
830,81	1423,34
830,99	1433,58
831,17	1433,58
831,36	1347,56
831,54	1435,63
831,72	1361,90
831,91	1374,19
832,09	1386,47
832,27	1404,91
832,45	1423,34
832,64	1415,15
832,82	1486,83
833,00	1443,82
833,19	1411,05
833,37	1404,91
833,55	1409,00
833,73	1415,15
833,92	1486,83
834,10	1398,76
834,28	1404,91
834,47	1452,01
834,65	1445,87
834,83	1470,44
835,01	1490,92
835,20	1374,19
835,38	1406,95
835,56	1466,35
835,74	1468,39
835,93	1490,92
836,11	1421,29
836,29	1425,39
836,47	1456,11
836,66	1492,97
836,84	1435,63
837,02	1396,71
837,21	1492,97
837,39	1474,54
837,57	1509,35
837,75	1464,30
837,94	1388,52
838,12	1431,53
838,30	1462,25
838,48	1351,66
838,66	1445,87
838,85	1454,06
839,03	1439,72
839,21	1310,70
839,39	1363,95
839,58	1409,00
839,76	1445,87
839,94	1513,45
840,12	1394,67
840,31	1488,87
840,49	1456,11
840,67	1447,91
840,85	1351,66
841,03	1419,24
841,22	1406,95
841,40	1417,19
841,58	1478,63
841,76	1339,37
841,94	1454,06
842,13	1429,48
842,31	1411,05
842,49	1431,53
842,67	1314,80
842,85	1398,76
843,04	1540,07
843,22	1427,43
843,40	1488,87
843,58	1468,39
843,76	1419,24
843,95	1454,06
844,13	1406,95
844,31	1423,34
844,49	1402,86
844,67	1406,95
844,86	1499,11
845,04	1425,39
845,22	1417,19
845,40	1488,87
845,58	1497,07
845,76	1382,38
845,95	1443,82
846,13	1374,19
846,31	1402,86
846,49	1361,90
846,67	1419,24
846,85	1427,43
847,04	1464,30
847,22	1402,86
847,40	1421,29
847,58	1366,00
847,76	1431,53
847,94	1484,78
848,12	1447,91
848,31	1495,02
848,49	1374,19
848,67	1511,40
848,85	1472,49
849,03	1533,93
849,21	1472,49
849,39	1443,82
849,58	1437,67
849,76	1497,07
849,94	1454,06
850,12	1406,95
850,30	1433,58
850,48	1472,49
850,66	1492,97
850,84	1490,92
851,03	1505,26
851,21	1427,43
851,39	1460,20
851,57	1503,21
851,75	1372,14
851,93	1392,62
852,11	1458,15
852,29	1423,34
852,47	1521,64
852,66	1513,45
852,84	1376,24
853,02	1419,24
853,20	1581,03
853,38	1454,06
853,56	1392,62
853,74	1452,01
853,92	1419,24
854,10	1380,33
854,28	1417,19
854,46	1400,81
854,65	1433,58
854,83	1429,48
855,01	1413,10
855,19	1427,43
855,37	1415,15
855,55	1456,11
855,73	1425,39
855,91	1435,63
856,09	1447,91
856,27	1376,24
856,45	1417,19
856,63	1462,25
856,81	1431,53
857,00	1406,95
857,18	1478,63
857,36	1415,15
857,54	1454,06
857,72	1390,57
857,90	1417,19
858,08	1474,54
858,26	1421,29
858,44	1441,77
858,62	1505,26
858,80	1439,72
858,98	1507,30
859,16	1394,67
859,34	1464,30
859,52	1472,49
859,70	1484,78
859,88	1427,43
860,06	1456,11
860,24	1390,57
860,42	1470,44
860,60	1495,02
860,78	1392,62
860,96	1492,97
861,14	1378,28
861,32	1466,35
861,50	1476,59
861,69	1482,73
861,87	1497,07
862,05	1456,11
862,23	1392,62
862,41	1460,20
862,59	1452,01
862,77	1413,10
862,95	1406,95
863,13	1452,01
863,31	1433,58
863,49	1394,67
863,67	1482,73
863,85	1386,47
864,03	1425,39
864,21	1392,62
864,39	1484,78
864,57	1458,15
864,75	1462,25
864,92	1521,64
865,10	1492,97
865,28	1431,53
865,46	1445,87
865,64	1437,67
865,82	1404,91
866,00	1394,67
866,18	1466,35
866,36	1474,54
866,54	1437,67
866,72	1511,40
866,90	1443,82
867,08	1456,11
867,26	1519,59
867,44	1322,99
867,62	1431,53
867,80	1431,53
867,98	1419,24
868,16	1519,59
868,34	1499,11
868,52	1406,95
868,70	1437,67
868,88	1400,81
869,06	1429,48
869,24	1402,86
869,42	1411,05
869,59	1456,11
869,77	1423,34
869,95	1437,67
870,13	1384,43
870,31	1404,91
870,49	1501,16
870,67	1351,66
870,85	1398,76
871,03	1423,34
871,21	1509,35
871,39	1333,23
871,57	1435,63
871,75	1433,58
871,92	1566,70
872,10	1464,30
872,28	1439,72
872,46	1419,24
872,64	1370,09
872,82	1421,29
873,00	1382,38
873,18	1349,61
873,36	1535,98
873,54	1402,86
873,72	1425,39
873,89	1460,20
874,07	1454,06
874,25	1495,02
874,43	1466,35
874,61	1499,11
874,79	1517,54
874,97	1423,34
875,15	1464,30
875,33	1476,59
875,50	1533,93
875,68	1382,38
875,86	1497,07
876,04	1517,54
876,22	1425,39
876,40	1390,57
876,58	1495,02
876,76	1460,20
876,93	1468,39
877,11	1386,47
877,29	1404,91
877,47	1470,44
877,65	1470,44
877,83	1507,30
878,01	1497,07
878,18	1406,95
878,36	1439,72
878,54	1445,87
878,72	1409,00
878,90	1404,91
879,08	1497,07
879,25	1437,67
879,43	1368,04
879,61	1464,30
879,79	1402,86
879,97	1503,21
880,15	1411,05
880,32	1482,73
880,50	1519,59
880,68	1419,24
880,86	1492,97
881,04	1411,05
881,22	1482,73
881,39	1417,19
881,57	1497,07
881,75	1388,52
881,93	1472,49
882,11	1503,21
882,28	1425,39
882,46	1423,34
882,64	1394,67
882,82	1437,67
883,00	1435,63
883,18	1486,83
883,35	1411,05
883,53	1488,87
883,71	1439,72
883,89	1431,53
884,07	1447,91
884,24	1470,44
884,42	1392,62
884,60	1384,43
884,78	1445,87
884,95	1351,66
885,13	1443,82
885,31	1409,00
885,49	1370,09
885,67	1441,77
885,84	1402,86
886,02	1497,07
886,20	1427,43
886,38	1511,40
886,55	1368,04
886,73	1472,49
886,91	1398,76
887,09	1390,57
887,26	1439,72
887,44	1527,78
887,62	1472,49
887,80	1400,81
887,98	1478,63
888,15	1415,15
888,33	1368,04
888,51	1452,01
888,69	1503,21
888,86	1406,95
889,04	1421,29
889,22	1398,76
889,39	1511,40
889,57	1435,63
889,75	1445,87
889,93	1435,63
890,10	1437,67
890,28	1386,47
890,46	1531,88
890,64	1472,49
890,81	1345,52
890,99	1435,63
891,17	1445,87
891,34	1476,59
891,52	1411,05
891,70	1488,87
891,88	1454,06
892,05	1517,54
892,23	1437,67
892,41	1464,30
892,58	1472,49
892,76	1441,77
892,94	1398,76
893,12	1482,73
893,29	1429,48
893,47	1466,35
893,65	1425,39
893,82	1382,38
894,00	1380,33
894,18	1366,00
894,35	1386,47
894,53	1460,20
894,71	1492,97
894,89	1435,63
895,06	1466,35
895,24	1402,86
895,42	1488,87
895,59	1400,81
895,77	1449,96
895,95	1515,50
896,12	1351,66
896,30	1525,74
896,48	1363,95
896,65	1468,39
896,83	1357,80
897,01	1388,52
897,18	1480,68
897,36	1548,26
897,54	1482,73
897,71	1484,78
897,89	1472,49
898,07	1386,47
898,24	1511,40
898,42	1472,49
898,59	1507,30
898,77	1378,28
898,95	1425,39
899,12	1443,82
899,30	1398,76
899,48	1454,06
899,65	1419,24
899,83	1472,49
900,01	1368,04
900,18	1472,49
900,36	1404,91
900,53	1374,19
900,71	1437,67
900,89	1437,67
901,06	1464,30
901,24	1413,10
901,42	1452,01
901,59	1374,19
901,77	1456,11
901,94	1398,76
902,12	1417,19
902,30	1449,96
902,47	1417,19
902,65	1384,43
902,82	1421,29
903,00	1529,83
903,18	1478,63
903,35	1425,39
903,53	1433,58
903,70	1495,02
903,88	1447,91
904,06	1460,20
904,23	1519,59
904,41	1447,91
904,58	1435,63
904,76	1429,48
904,93	1517,54
905,11	1454,06
905,29	1382,38
905,46	1390,57
905,64	1540,07
905,81	1382,38
905,99	1349,61
906,16	1478,63
906,34	1415,15
906,52	1443,82
906,69	1417,19
906,87	1550,31
907,04	1423,34
907,22	1404,91
907,39	1404,91
907,57	1406,95
907,75	1466,35
907,92	1417,19
908,10	1406,95
908,27	1429,48
908,45	1388,52
908,62	1419,24
908,80	1449,96
908,97	1417,19
909,15	1413,10
909,32	1353,71
909,50	1363,95
909,67	1400,81
909,85	1398,76
910,03	1368,04
910,20	1435,63
910,38	1456,11
910,55	1484,78
910,73	1355,76
910,90	1378,28
911,08	1458,15
911,25	1499,11
911,43	1472,49
911,60	1425,39
911,78	1429,48
911,95	1398,76
912,13	1423,34
912,30	1380,33
912,48	1458,15
912,65	1396,71
912,83	1460,20
913,00	1495,02
913,18	1533,93
913,35	1384,43
913,53	1394,67
913,70	1462,25
913,88	1445,87
914,05	1468,39
914,23	1402,86
914,40	1464,30
914,58	1396,71
914,75	1474,54
914,93	1413,10
915,10	1419,24
915,27	1441,77
915,45	1386,47
915,62	1452,01
915,80	1439,72
915,97	1468,39
916,15	1427,43
916,32	1560,55
916,50	1470,44
916,67	1421,29
916,85	1443,82
917,02	1439,72
917,20	1421,29
917,37	1423,34
917,54	1525,74
917,72	1425,39
917,89	1468,39
918,07	1394,67
918,24	1501,16
918,42	1478,63
918,59	1437,67
918,77	1509,35
918,94	1406,95
919,11	1392,62
919,29	1445,87
919,46	1392,62
919,64	1452,01
919,81	1423,34
919,99	1400,81
920,16	1529,83
920,33	1441,77
920,51	1374,19
920,68	1435,63
920,86	1456,11
921,03	1466,35
921,20	1374,19
921,38	1394,67
921,55	1499,11
921,73	1359,85
921,90	1398,76
922,07	1417,19
922,25	1370,09
922,42	1392,62
922,60	1406,95
922,77	1437,67
922,94	1406,95
923,12	1464,30
923,29	1411,05
923,47	1398,76
923,64	1404,91
923,81	1349,61
923,99	1380,33
924,16	1447,91
924,34	1415,15
924,51	1513,45
924,68	1439,72
924,86	1419,24
925,03	1396,71
925,20	1437,67
925,38	1472,49
925,55	1468,39
925,72	1495,02
925,90	1380,33
926,07	1427,43
926,25	1474,54
926,42	1452,01
926,59	1460,20
926,77	1458,15
926,94	1497,07
927,11	1419,24
927,29	1492,97
927,46	1439,72
927,63	1517,54
927,81	1452,01
927,98	1544,17
928,15	1486,83
928,33	1497,07
928,50	1456,11
928,67	1505,26
928,85	1523,69
929,02	1462,25
929,19	1480,68
929,37	1472,49
929,54	1396,71
929,71	1499,11
929,89	1460,20
930,06	1433,58
930,23	1492,97
930,41	1458,15
930,58	1452,01
930,75	1484,78
930,92	1445,87
931,10	1476,59
931,27	1325,04
931,44	1478,63
931,62	1409,00
931,79	1415,15
931,96	1413,10
932,14	1351,66
932,31	1511,40
932,48	1452,01
932,65	1492,97
932,83	1394,67
933,00	1470,44
933,17	1519,59
933,35	1517,54
933,52	1421,29
933,69	1476,59
933,86	1406,95
934,04	1452,01
934,21	1447,91
934,38	1439,72
934,55	1423,34
934,73	1404,91
934,90	1458,15
935,07	1454,06
935,25	1550,31
935,42	1355,76
935,59	1523,69
935,76	1437,67
935,94	1468,39
936,11	1443,82
936,28	1464,30
936,45	1441,77
936,63	1423,34
936,80	1380,33
936,97	1433,58
937,14	1433,58
937,31	1468,39
937,49	1466,35
937,66	1441,77
937,83	1396,71
938,00	1445,87
938,18	1413,10
938,35	1400,81
938,52	1570,79
938,69	1384,43
938,87	1359,85
939,04	1439,72
939,21	1394,67
939,38	1466,35
939,55	1347,56
939,73	1409,00
939,90	1413,10
940,07	1427,43
940,24	1380,33
940,41	1476,59
940,59	1396,71
940,76	1378,28
940,93	1415,15
941,10	1456,11
941,27	1384,43
941,45	1515,50
941,62	1495,02
941,79	1513,45
941,96	1394,67
942,13	1429,48
942,31	1427,43
942,48	1560,55
942,65	1542,12
942,82	1466,35
942,99	1495,02
943,16	1492,97
943,34	1417,19
943,51	1400,81
943,68	1454,06
943,85	1488,87
944,02	1548,26
944,19	1409,00
944,37	1503,21
944,54	1452,01
944,71	1421,29
944,88	1478,63
945,05	1447,91
945,22	1435,63
945,40	1390,57
945,57	1449,96
945,74	1456,11
945,91	1304,56
946,08	1486,83
946,25	1402,86
946,42	1466,35
946,60	1449,96
946,77	1464,30
946,94	1472,49
947,11	1411,05
947,28	1355,76
947,45	1433,58
947,62	1396,71
947,79	1474,54
947,97	1470,44
948,14	1519,59
948,31	1464,30
948,48	1359,85
948,65	1411,05
948,82	1439,72
948,99	1404,91
949,16	1409,00
949,33	1394,67
949,51	1390,57
949,68	1413,10
949,85	1476,59
950,02	1423,34
950,19	1417,19
950,36	1460,20
950,53	1466,35
950,70	1382,38
950,87	1380,33
951,04	1402,86
951,22	1488,87
951,39	1466,35
951,56	1398,76
951,73	1394,67
951,90	1409,00
952,07	1431,53
952,24	1433,58
952,41	1398,76
952,58	1363,95
952,75	1441,77
952,92	1427,43
953,09	1443,82
953,26	1386,47
953,43	1464,30
953,61	1613,80
953,78	1388,52
953,95	1447,91
954,12	1435,63
954,29	1447,91
954,46	1488,87
954,63	1449,96
954,80	1501,16
954,97	1419,24
955,14	1472,49
955,31	1482,73
955,48	1476,59
955,65	1361,90
955,82	1470,44
955,99	1456,11
956,16	1464,30
956,33	1462,25
956,50	1361,90
956,67	1368,04
956,84	1439,72
957,01	1454,06
957,18	1472,49
957,35	1421,29
957,52	1460,20
957,69	1462,25
957,86	1417,19
958,03	1406,95
958,20	1470,44
958,37	1382,38
958,54	1441,77
958,71	1406,95
958,88	1478,63
959,05	1415,15
959,22	1302,51
959,39	1447,91
959,56	1429,48
959,73	1419,24
959,90	1466,35
960,07	1433,58
960,24	1476,59
960,41	1439,72
960,58	1538,02
960,75	1433,58
960,92	1411,05
961,09	1398,76
961,26	1431,53
961,43	1413,10
961,60	1394,67
961,77	1480,68
961,94	1419,24
962,11	1396,71
962,28	1521,64
962,45	1404,91
962,62	1558,50
962,79	1466,35
962,96	1503,21
963,13	1505,26
963,30	1376,24
963,47	1478,63
963,64	1411,05
963,81	1486,83
963,98	1454,06
964,14	1419,24
964,31	1523,69
964,48	1476,59
964,65	1396,71
964,82	1394,67
964,99	1490,92
965,16	1435,63
965,33	1458,15
965,50	1488,87
965,67	1468,39
965,84	1435,63
966,01	1390,57
966,18	1378,28
966,35	1480,68
966,51	1423,34
966,68	1548,26
966,85	1497,07
967,02	1513,45
967,19	1400,81
967,36	1458,15
967,53	1476,59
967,70	1484,78
967,87	1388,52
968,04	1523,69
968,21	1406,95
968,37	1456,11
968,54	1349,61
968,71	1462,25
968,88	1429,48
969,05	1419,24
969,22	1419,24
969,39	1466,35
969,56	1425,39
969,72	1386,47
969,89	1423,34
970,06	1497,07
970,23	1392,62
970,40	1462,25
970,57	1445,87
970,74	1464,30
970,91	1402,86
971,07	1400,81
971,24	1390,57
971,41	1505,26
971,58	1427,43
971,75	1329,13
971,92	1472,49
972,09	1396,71
972,25	1378,28
972,42	1392,62
972,59	1460,20
972,76	1454,06
972,93	1449,96
973,10	1341,42
973,27	1445,87
973,43	1357,80
973,60	1433,58
973,77	1462,25
973,94	1411,05
974,11	1462,25
974,28	1482,73
974,44	1347,56
974,61	1439,72
974,78	1449,96
974,95	1437,67
975,12	1447,91
975,28	1472,49
975,45	1464,30
975,62	1447,91
975,79	1390,57
975,96	1376,24
976,12	1456,11
976,29	1454,06
976,46	1390,57
976,63	1452,01
976,80	1458,15
976,96	1429,48
977,13	1413,10
977,30	1376,24
977,47	1388,52
977,64	1427,43
977,80	1425,39
977,97	1452,01
978,14	1460,20
978,31	1404,91
978,48	1474,54
978,64	1447,91
978,81	1423,34
978,98	1447,91
979,15	1447,91
979,31	1466,35
979,48	1437,67
979,65	1447,91
979,82	1452,01
979,98	1402,86
980,15	1368,04
980,32	1460,20
980,49	1474,54
980,66	1355,76
980,82	1404,91
980,99	1507,30
981,16	1460,20
981,33	1443,82
981,49	1417,19
981,66	1517,54
981,83	1437,67
981,99	1447,91
982,16	1398,76
982,33	1400,81
982,50	1357,80
982,66	1460,20
982,83	1333,23
983,00	1458,15
983,17	1337,32
983,33	1429,48
983,50	1423,34
983,67	1421,29
983,83	1404,91
984,00	1425,39
984,17	1538,02
984,34	1357,80
984,50	1357,80
984,67	1390,57
984,84	1384,43
985,00	1484,78
985,17	1394,67
985,34	1445,87
985,51	1435,63
985,67	1429,48
985,84	1314,80
986,01	1349,61
986,17	1443,82
986,34	1417,19
986,51	1359,85
986,67	1345,52
986,84	1394,67
987,01	1419,24
987,17	1427,43
987,34	1382,38
987,51	1384,43
987,67	1439,72
987,84	1419,24
988,01	1472,49
988,17	1388,52
988,34	1320,94
988,51	1411,05
988,67	1433,58
988,84	1435,63
989,01	1382,38
989,17	1431,53
989,34	1366,00
989,51	1390,57
989,67	1433,58
989,84	1423,34
990,01	1415,15
990,17	1413,10
990,34	1449,96
990,51	1443,82
990,67	1390,57
990,84	1386,47
991,01	1382,38
991,17	1386,47
991,34	1351,66
991,50	1380,33
991,67	1376,24
991,84	1316,84
992,00	1406,95
992,17	1374,19
992,34	1433,58
992,50	1431,53
992,67	1509,35
992,83	1447,91
993,00	1374,19
993,17	1476,59
993,33	1425,39
993,50	1406,95
993,66	1411,05
993,83	1497,07
994,00	1427,43
994,16	1419,24
994,33	1421,29
994,49	1468,39
994,66	1390,57
994,83	1447,91
994,99	1384,43
995,16	1443,82
995,32	1439,72
995,49	1490,92
995,66	1366,00
995,82	1423,34
995,99	1349,61
996,15	1462,25
996,32	1421,29
996,48	1390,57
996,65	1411,05
996,82	1421,29
996,98	1402,86
997,15	1460,20
997,31	1406,95
997,48	1431,53
997,64	1468,39
997,81	1439,72
997,97	1419,24
998,14	1472,49
998,31	1511,40
998,47	1347,56
998,64	1439,72
998,80	1368,04
998,97	1388,52
999,13	1431,53
999,30	1406,95
999,46	1488,87
999,63	1386,47
999,79	1439,72
999,96	1411,05
1000,12	1439,72
1000,29	1335,28
1000,45	1415,15
1000,62	1366,00
1000,79	1421,29
1000,95	1429,48
1001,12	1429,48
1001,28	1411,05
1001,45	1437,67
1001,61	1431,53
1001,78	1423,34
1001,94	1470,44
1002,11	1525,74
1002,27	1427,43
1002,44	1404,91
1002,60	1368,04
1002,77	1474,54
1002,93	1452,01
1003,10	1351,66
1003,26	1400,81
1003,43	1439,72
1003,59	1368,04
1003,76	1386,47
1003,92	1460,20
1004,09	1386,47
1004,25	1411,05
1004,41	1478,63
1004,58	1361,90
1004,74	1372,14
1004,91	1472,49
1005,07	1355,76
1005,24	1525,74
1005,40	1449,96
1005,57	1370,09
1005,73	1423,34
1005,90	1390,57
1006,06	1435,63
1006,23	1458,15
1006,39	1439,72
1006,55	1329,13
1006,72	1423,34
1006,88	1404,91
1007,05	1501,16
1007,21	1357,80
1007,38	1425,39
1007,54	1406,95
1007,71	1366,00
1007,87	1425,39
1008,03	1445,87
1008,20	1511,40
1008,36	1423,34
1008,53	1337,32
1008,69	1368,04
1008,86	1411,05
1009,02	1351,66
1009,18	1427,43
1009,35	1398,76
1009,51	1431,53
1009,68	1462,25
1009,84	1464,30
1010,01	1437,67
1010,17	1421,29
1010,33	1484,78
1010,50	1460,20
1010,66	1486,83
1010,83	1345,52
1010,99	1495,02
1011,15	1404,91
1011,32	1460,20
1011,48	1396,71
1011,65	1396,71
1011,81	1359,85
1011,97	1402,86
1012,14	1499,11
1012,30	1429,48
1012,46	1460,20
1012,63	1443,82
1012,79	1400,81
1012,96	1495,02
1013,12	1368,04
1013,28	1464,30
1013,45	1415,15
1013,61	1419,24
1013,77	1447,91
1013,94	1445,87
1014,10	1396,71
1014,26	1404,91
1014,43	1511,40
1014,59	1320,94
1014,76	1396,71
1014,92	1476,59
1015,08	1341,42
1015,25	1415,15
1015,41	1368,04
1015,57	1505,26
1015,74	1316,84
1015,90	1349,61
1016,06	1398,76
1016,23	1454,06
1016,39	1392,62
1016,55	1456,11
1016,72	1441,77
1016,88	1392,62
1017,04	1329,13
1017,21	1447,91
1017,37	1376,24
1017,53	1431,53
1017,70	1394,67
1017,86	1441,77
1018,02	1361,90
1018,19	1404,91
1018,35	1347,56
1018,51	1421,29
1018,67	1378,28
1018,84	1368,04
1019,00	1433,58
1019,16	1462,25
1019,33	1347,56
1019,49	1474,54
1019,65	1382,38
1019,82	1366,00
1019,98	1435,63
1020,14	1402,86
1020,30	1486,83
1020,47	1374,19
1020,63	1527,78
1020,79	1421,29
1020,96	1357,80
1021,12	1361,90
1021,28	1378,28
1021,44	1378,28
1021,61	1452,01
1021,77	1425,39
1021,93	1419,24
1022,09	1484,78
1022,26	1435,63
1022,42	1460,20
1022,58	1468,39
1022,74	1382,38
1022,91	1413,10
1023,07	1404,91
1023,23	1390,57
1023,39	1394,67
1023,56	1390,57
1023,72	1435,63
1023,88	1374,19
1024,04	1509,35
1024,21	1409,00
1024,37	1366,00
1024,53	1423,34
1024,69	1357,80
1024,86	1419,24
1025,02	1421,29
1025,18	1398,76
1025,34	1396,71
1025,50	1359,85
1025,67	1404,91
1025,83	1411,05
1025,99	1423,34
1026,15	1546,22
1026,32	1413,10
1026,48	1363,95
1026,64	1535,98
1026,80	1386,47
1026,96	1452,01
1027,13	1335,28
1027,29	1492,97
1027,45	1353,71
1027,61	1355,76
1027,77	1386,47
1027,94	1423,34
1028,10	1361,90
1028,26	1349,61
1028,42	1384,43
1028,58	1390,57
1028,75	1433,58
1028,91	1320,94
1029,07	1452,01
1029,23	1361,90
1029,39	1404,91
1029,55	1402,86
1029,72	1456,11
1029,88	1439,72
1030,04	1431,53
1030,20	1443,82
1030,36	1396,71
1030,52	1472,49
1030,69	1394,67
1030,85	1513,45
1031,01	1355,76
1031,17	1400,81
1031,33	1359,85
1031,49	1470,44
1031,65	1458,15
1031,82	1419,24
1031,98	1406,95
1032,14	1431,53
1032,30	1443,82
1032,46	1472,49
1032,62	1443,82
1032,78	1427,43
1032,95	1353,71
1033,11	1452,01
1033,27	1398,76
1033,43	1353,71
1033,59	1423,34
1033,75	1368,04
1033,91	1462,25
1034,07	1439,72
1034,24	1396,71
1034,40	1390,57
1034,56	1456,11
1034,72	1406,95
1034,88	1449,96
1035,04	1359,85
1035,20	1433,58
1035,36	1402,86
1035,52	1386,47
1035,68	1423,34
1035,85	1398,76
1036,01	1474,54
1036,17	1409,00
1036,33	1445,87
1036,49	1339,37
1036,65	1449,96
1036,81	1452,01
1036,97	1435,63
1037,13	1292,27
1037,29	1378,28
1037,45	1507,30
1037,61	1396,71
1037,78	1429,48
1037,94	1484,78
1038,10	1320,94
1038,26	1337,32
1038,42	1312,75
1038,58	1472,49
1038,74	1431,53
1038,90	1374,19
1039,06	1394,67
1039,22	1419,24
1039,38	1402,86
1039,54	1406,95
1039,70	1433,58
1039,86	1409,00
1040,02	1470,44
1040,18	1456,11
1040,34	1474,54
1040,50	1456,11
1040,66	1449,96
1040,83	1406,95
1040,99	1284,08
1041,15	1513,45
1041,31	1390,57
1041,47	1419,24
1041,63	1384,43
1041,79	1341,42
1041,95	1382,38
1042,11	1396,71
1042,27	1400,81
1042,43	1409,00
1042,59	1431,53
1042,75	1374,19
1042,91	1404,91
