344,25	1193,97
344,46	1193,97
344,68	1193,97
344,90	1257,45
345,12	1245,16
345,34	1462,25
345,55	1439,72
345,77	1339,37
345,99	1378,28
346,21	1437,67
346,42	1452,01
346,64	1415,15
346,86	1374,19
347,08	1517,54
347,30	1331,18
347,51	1353,71
347,73	1361,90
347,95	1437,67
348,17	1417,19
348,38	1423,34
348,60	1374,19
348,82	1388,52
349,04	1372,14
349,25	1425,39
349,47	1423,34
349,69	1337,32
349,91	1513,45
350,13	1402,86
350,34	1419,24
350,56	1331,18
350,78	1345,52
351,00	1427,43
351,21	1533,93
351,43	1374,19
351,65	1419,24
351,87	1431,53
352,08	1427,43
352,30	1374,19
352,52	1376,24
352,74	1433,58
352,95	1421,29
353,17	1376,24
353,39	1374,19
353,61	1447,91
353,82	1421,29
354,04	1382,38
354,26	1447,91
354,47	1433,58
354,69	1425,39
354,91	1376,24
355,13	1411,05
355,34	1386,47
355,56	1390,57
355,78	1507,30
356,00	1476,59
356,21	1443,82
356,43	1488,87
356,65	1388,52
356,86	1341,42
357,08	1460,20
357,30	1486,83
357,52	1464,30
357,73	1374,19
357,95	1357,80
358,17	1366,00
358,38	1431,53
358,60	1361,90
358,82	1368,04
359,04	1396,71
359,25	1505,26
359,47	1445,87
359,69	1382,38
359,90	1394,67
360,12	1501,16
360,34	1492,97
360,56	1419,24
360,77	1456,11
360,99	1501,16
361,21	1435,63
361,42	1425,39
361,64	1472,49
361,86	1460,20
362,07	1386,47
362,29	1445,87
362,51	1484,78
362,73	1443,82
362,94	1413,10
363,16	1464,30
363,38	1353,71
363,59	1505,26
363,81	1466,35
364,03	1490,92
364,24	1480,68
364,46	1361,90
364,68	1509,35
364,89	1400,81
365,11	1566,70
365,33	1490,92
365,54	1480,68
365,76	1394,67
365,98	1476,59
366,19	1464,30
366,41	1478,63
366,63	1497,07
366,84	1449,96
367,06	1515,50
367,28	1517,54
367,49	1497,07
367,71	1447,91
367,93	1384,43
368,14	1443,82
368,36	1406,95
368,58	1447,91
368,79	1468,39
369,01	1478,63
369,23	1470,44
369,44	1538,02
369,66	1409,00
369,88	1456,11
370,09	1488,87
370,31	1421,29
370,53	1374,19
370,74	1447,91
370,96	1468,39
371,18	1423,34
371,39	1486,83
371,61	1449,96
371,82	1443,82
372,04	1449,96
372,26	1392,62
372,47	1437,67
372,69	1421,29
372,91	1562,60
373,12	1366,00
373,34	1507,30
373,56	1361,90
373,77	1433,58
373,99	1449,96
374,20	1486,83
374,42	1484,78
374,64	1478,63
374,85	1355,76
375,07	1484,78
375,29	1447,91
375,50	1439,72
375,72	1431,53
375,93	1431,53
376,15	1425,39
376,37	1468,39
376,58	1449,96
376,80	1503,21
377,01	1433,58
377,23	1480,68
377,45	1415,15
377,66	1452,01
377,88	1419,24
378,10	1454,06
378,31	1394,67
378,53	1505,26
378,74	1458,15
378,96	1456,11
379,18	1427,43
379,39	1499,11
379,61	1419,24
379,82	1472,49
380,04	1460,20
380,26	1478,63
380,47	1337,32
380,69	1535,98
380,90	1458,15
381,12	1509,35
381,33	1523,69
381,55	1425,39
381,77	1447,91
381,98	1480,68
382,20	1421,29
382,41	1417,19
382,63	1441,77
382,85	1505,26
383,06	1421,29
383,28	1560,55
383,49	1499,11
383,71	1386,47
383,92	1468,39
384,14	1423,34
384,36	1374,19
384,57	1384,43
384,79	1382,38
385,00	1478,63
385,22	1406,95
385,43	1404,91
385,65	1490,92
385,87	1464,30
386,08	1378,28
386,30	1394,67
386,51	1478,63
386,73	1443,82
386,94	1449,96
387,16	1402,86
387,37	1513,45
387,59	1409,00
387,81	1466,35
388,02	1490,92
388,24	1341,42
388,45	1419,24
388,67	1347,56
388,88	1472,49
389,10	1488,87
389,31	1464,30
389,53	1392,62
389,75	1497,07
389,96	1409,00
390,18	1470,44
390,39	1284,08
390,61	1478,63
390,82	1249,26
391,04	1421,29
391,25	1449,96
391,47	1370,09
391,68	1419,24
391,90	1490,92
392,11	1466,35
392,33	1404,91
392,54	1435,63
392,76	1445,87
392,97	1439,72
393,19	1439,72
393,41	1431,53
393,62	1603,56
393,84	1429,48
394,05	1419,24
394,27	1462,25
394,48	1462,25
394,70	1550,31
394,91	1505,26
395,13	1486,83
395,34	1503,21
395,56	1501,16
395,77	1464,30
395,99	1370,09
396,20	1497,07
396,42	1361,90
396,63	1427,43
396,85	1421,29
397,06	1396,71
397,28	1402,86
397,49	1423,34
397,71	1429,48
397,92	1429,48
398,14	1480,68
398,35	1552,36
398,57	1478,63
398,78	1458,15
399,00	1439,72
399,21	1445,87
399,43	1372,14
399,64	1452,01
399,86	1384,43
400,07	1382,38
400,29	1441,77
400,50	1386,47
400,72	1447,91
400,93	1460,20
401,14	1488,87
401,36	1372,14
401,57	1421,29
401,79	1466,35
402,00	1443,82
402,22	1527,78
402,43	1474,54
402,65	1445,87
402,86	1402,86
403,08	1462,25
403,29	1447,91
403,51	1402,86
403,72	1423,34
403,94	1406,95
404,15	1409,00
404,36	1468,39
404,58	1710,05
404,79	1425,39
405,01	1417,19
405,22	1417,19
405,44	1318,89
405,65	1464,30
405,87	1406,95
406,08	1447,91
406,30	1503,21
406,51	1464,30
406,72	1515,50
406,94	1454,06
407,15	1507,30
407,37	1460,20
407,58	1437,67
407,80	1476,59
408,01	1421,29
408,23	1411,05
408,44	1449,96
408,65	1456,11
408,87	1454,06
409,08	1507,30
409,30	1452,01
409,51	1425,39
409,73	1398,76
409,94	1486,83
410,15	1583,08
410,37	1480,68
410,58	1402,86
410,80	1464,30
411,01	1441,77
411,23	1400,81
411,44	1386,47
411,65	1533,93
411,87	1363,95
412,08	1429,48
412,30	1462,25
412,51	1535,98
412,72	1548,26
412,94	1490,92
413,15	1435,63
413,37	1402,86
413,58	1386,47
413,79	1445,87
414,01	1429,48
414,22	1456,11
414,44	1490,92
414,65	1452,01
414,86	1468,39
415,08	1439,72
415,29	1460,20
415,51	1388,52
415,72	1449,96
415,93	1433,58
416,15	1419,24
416,36	1484,78
416,58	1456,11
416,79	1488,87
417,00	1517,54
417,22	1394,67
417,43	1464,30
417,65	1447,91
417,86	1501,16
418,07	1525,74
418,29	1468,39
418,50	1421,29
418,71	1445,87
418,93	1345,52
419,14	1443,82
419,36	1386,47
419,57	1462,25
419,78	1439,72
420,00	1443,82
420,21	1474,54
420,42	1427,43
420,64	1560,55
420,85	1355,76
421,06	1480,68
421,28	1392,62
421,49	1423,34
421,71	1519,59
421,92	1382,38
422,13	1468,39
422,35	1466,35
422,56	1464,30
422,77	1435,63
422,99	1398,76
423,20	1406,95
423,41	1400,81
423,63	1419,24
423,84	1374,19
424,05	1499,11
424,27	1449,96
424,48	1488,87
424,69	1394,67
424,91	1748,97
425,12	1390,57
425,33	1484,78
425,55	1392,62
425,76	1402,86
425,97	1427,43
426,19	1439,72
426,40	1437,67
426,61	1501,16
426,83	1505,26
427,04	1454,06
427,25	1490,92
427,47	1535,98
427,68	1441,77
427,89	1417,19
428,11	1454,06
428,32	1456,11
428,53	1380,33
428,75	1445,87
428,96	1495,02
429,17	1449,96
429,39	1378,28
429,60	1460,20
429,81	1423,34
430,03	1435,63
430,24	1314,80
430,45	1470,44
430,67	1495,02
430,88	1425,39
431,09	1441,77
431,30	1413,10
431,52	1443,82
431,73	1529,83
431,94	1468,39
432,16	1474,54
432,37	1456,11
432,58	1488,87
432,80	1447,91
433,01	1509,35
433,22	1423,34
433,43	1515,50
433,65	1439,72
433,86	1384,43
434,07	1478,63
434,29	1386,47
434,50	1466,35
434,71	1492,97
434,92	1445,87
435,14	1468,39
435,35	1509,35
435,56	1398,76
435,77	1423,34
435,99	1486,83
436,20	1484,78
436,41	1435,63
436,63	1404,91
436,84	1480,68
437,05	1427,43
437,26	1529,83
437,48	1529,83
437,69	1488,87
437,90	1431,53
438,11	1429,48
438,33	1439,72
438,54	1437,67
438,75	1447,91
438,96	1476,59
439,18	1429,48
439,39	1398,76
439,60	1468,39
439,82	1425,39
440,03	1437,67
440,24	1525,74
440,45	1476,59
440,67	1431,53
440,88	1437,67
441,09	1386,47
441,30	1439,72
441,51	1462,25
441,73	1390,57
441,94	1415,15
442,15	1476,59
442,36	1472,49
442,58	1396,71
442,79	1343,47
443,00	1472,49
443,21	1535,98
443,43	1366,00
443,64	1460,20
443,85	1472,49
444,06	1490,92
444,28	1466,35
444,49	1464,30
444,70	1413,10
444,91	1460,20
445,12	1527,78
445,34	1476,59
445,55	1476,59
445,76	1441,77
445,97	1454,06
446,18	1480,68
446,40	1478,63
446,61	1464,30
446,82	1419,24
447,03	1529,83
447,25	1429,48
447,46	1431,53
447,67	1507,30
447,88	1388,52
448,09	1431,53
448,31	1542,12
448,52	1300,46
448,73	1437,67
448,94	1417,19
449,15	1431,53
449,37	1474,54
449,58	1425,39
449,79	1370,09
450,00	1521,64
450,21	1394,67
450,43	1376,24
450,64	1447,91
450,85	1423,34
451,06	1472,49
451,27	1423,34
451,48	1480,68
451,70	1466,35
451,91	1374,19
452,12	1529,83
452,33	1468,39
452,54	1470,44
452,76	1523,69
452,97	1466,35
453,18	1495,02
453,39	1499,11
453,60	1589,22
453,81	1411,05
454,03	1417,19
454,24	1472,49
454,45	1421,29
454,66	1525,74
454,87	1443,82
455,08	1413,10
455,30	1452,01
455,51	1499,11
455,72	1431,53
455,93	1486,83
456,14	1460,20
456,35	1505,26
456,56	1470,44
456,78	1513,45
456,99	1554,41
457,20	1533,93
457,41	1523,69
457,62	1484,78
457,83	1472,49
458,04	1406,95
458,26	1368,04
458,47	1376,24
458,68	1449,96
458,89	1497,07
459,10	1513,45
459,31	1454,06
459,52	1511,40
459,74	1460,20
459,95	1492,97
460,16	1439,72
460,37	1497,07
460,58	1449,96
460,79	1388,52
461,00	1488,87
461,21	1421,29
461,43	1462,25
461,64	1445,87
461,85	1351,66
462,06	1460,20
462,27	1470,44
462,48	1419,24
462,69	1480,68
462,90	1415,15
463,12	1458,15
463,33	1421,29
463,54	1480,68
463,75	1429,48
463,96	1488,87
464,17	1488,87
464,38	1505,26
464,59	1478,63
464,80	1443,82
465,01	1390,57
465,23	1486,83
465,44	1452,01
465,65	1425,39
465,86	1411,05
466,07	1388,52
466,28	1417,19
466,49	1484,78
466,70	1538,02
466,91	1507,30
467,12	1501,16
467,33	1411,05
467,55	1447,91
467,76	1437,67
467,97	1462,25
468,18	1513,45
468,39	1439,72
468,60	1492,97
468,81	1452,01
469,02	1462,25
469,23	1406,95
469,44	1458,15
469,65	1355,76
469,86	1466,35
470,07	1449,96
470,29	1609,70
470,50	1449,96
470,71	1515,50
470,92	1484,78
471,13	1445,87
471,34	1458,15
471,55	1464,30
471,76	1429,48
471,97	1486,83
472,18	1423,34
472,39	1456,11
472,60	1411,05
472,81	1478,63
473,02	1449,96
473,23	1521,64
473,44	1439,72
473,65	1492,97
473,87	1400,81
474,08	1427,43
474,29	1476,59
474,50	1550,31
474,71	1437,67
474,92	1472,49
475,13	1507,30
475,34	1476,59
475,55	1402,86
475,76	1480,68
475,97	1505,26
476,18	1490,92
476,39	1548,26
476,60	1454,06
476,81	1439,72
477,02	1519,59
477,23	1402,86
477,44	1472,49
477,65	1443,82
477,86	1501,16
478,07	1533,93
478,28	1484,78
478,49	1425,39
478,70	1566,70
478,91	1474,54
479,12	1513,45
479,33	1435,63
479,54	1427,43
479,75	1513,45
479,96	1472,49
480,17	1427,43
480,38	1476,59
480,59	1443,82
480,80	1423,34
481,01	1411,05
481,22	1445,87
481,43	1437,67
481,64	1509,35
481,85	1474,54
482,06	1484,78
482,27	1406,95
482,48	1464,30
482,69	1566,70
482,90	1558,50
483,11	1523,69
483,32	1501,16
483,53	1411,05
483,74	1431,53
483,95	1466,35
484,16	1443,82
484,37	1431,53
484,58	1456,11
484,79	1429,48
485,00	1509,35
485,21	1386,47
485,42	1466,35
485,63	1546,22
485,84	1476,59
486,05	1370,09
486,26	1435,63
486,47	1564,65
486,68	1482,73
486,89	1521,64
487,10	1466,35
487,31	1458,15
487,52	1558,50
487,73	1564,65
487,94	1394,67
488,15	1431,53
488,36	1464,30
488,57	1490,92
488,77	1472,49
488,98	1521,64
489,19	1452,01
489,40	1523,69
489,61	1435,63
489,82	1454,06
490,03	1544,17
490,24	1431,53
490,45	1427,43
490,66	1462,25
490,87	1554,41
491,08	1480,68
491,29	1484,78
491,50	1452,01
491,71	1503,21
491,92	1462,25
492,13	1478,63
492,33	1425,39
492,54	1441,77
492,75	1388,52
492,96	1474,54
493,17	1505,26
493,38	1492,97
493,59	1427,43
493,80	1472,49
494,01	1460,20
494,22	1480,68
494,43	1443,82
494,64	1535,98
494,85	1507,30
495,05	1490,92
495,26	1501,16
495,47	1527,78
495,68	1372,14
495,89	1421,29
496,10	1409,00
496,31	1419,24
496,52	1474,54
496,73	1540,07
496,94	1374,19
497,15	1538,02
497,35	1535,98
497,56	1466,35
497,77	1464,30
497,98	1501,16
498,19	1503,21
498,40	1556,46
498,61	1540,07
498,82	1439,72
499,03	1464,30
499,23	1513,45
499,44	1470,44
499,65	1478,63
499,86	1523,69
500,07	1583,08
500,28	1495,02
500,49	1452,01
500,70	1472,49
500,91	1421,29
501,11	1480,68
501,32	1581,03
501,53	1480,68
501,74	1517,54
501,95	1466,35
502,16	1486,83
502,37	1503,21
502,57	1482,73
502,78	1441,77
502,99	1587,18
503,20	1505,26
503,41	1456,11
503,62	1505,26
503,83	1490,92
504,03	1456,11
504,24	1511,40
504,45	1488,87
504,66	1452,01
504,87	1478,63
505,08	1480,68
505,29	1458,15
505,49	1476,59
505,70	1470,44
505,91	1591,27
506,12	1472,49
506,33	1591,27
506,54	1406,95
506,75	1535,98
506,95	1499,11
507,16	1535,98
507,37	1497,07
507,58	1492,97
507,79	1546,22
508,00	1509,35
508,20	1421,29
508,41	1548,26
508,62	1439,72
508,83	1495,02
509,04	1380,33
509,24	1576,94
509,45	1847,27
509,66	1431,53
509,87	1505,26
510,08	1523,69
510,29	1568,74
510,49	1529,83
510,70	1415,15
510,91	1478,63
511,12	1527,78
511,33	1462,25
511,53	1482,73
511,74	1488,87
511,95	1433,58
512,16	1482,73
512,37	1519,59
512,57	1519,59
512,78	1421,29
512,99	1513,45
513,20	1617,90
513,41	1503,21
513,61	1484,78
513,82	1533,93
514,03	1435,63
514,24	1458,15
514,45	1468,39
514,65	1484,78
514,86	1392,62
515,07	1417,19
515,28	1413,10
515,49	1486,83
515,69	1447,91
515,90	1466,35
516,11	1464,30
516,32	1540,07
516,52	1570,79
516,73	1519,59
516,94	1617,90
517,15	1456,11
517,36	1519,59
517,56	1505,26
517,77	1431,53
517,98	1509,35
518,19	1415,15
518,39	1495,02
518,60	1501,16
518,81	1492,97
519,02	1533,93
519,22	1406,95
519,43	1529,83
519,64	1454,06
519,85	1419,24
520,05	1480,68
520,26	1439,72
520,47	1460,20
520,68	1566,70
520,88	1521,64
521,09	1474,54
521,30	1488,87
521,51	1527,78
521,71	1525,74
521,92	1603,56
522,13	1462,25
522,34	1452,01
522,54	1437,67
522,75	1445,87
522,96	1466,35
523,17	1517,54
523,37	1511,40
523,58	1406,95
523,79	1415,15
523,99	1480,68
524,20	1439,72
524,41	1497,07
524,62	1570,79
524,82	1525,74
525,03	1378,28
525,24	1495,02
525,45	1466,35
525,65	1368,04
525,86	1521,64
526,07	1486,83
526,27	1466,35
526,48	1515,50
526,69	1464,30
526,90	1501,16
527,10	1468,39
527,31	1392,62
527,52	1480,68
527,72	1505,26
527,93	1523,69
528,14	1462,25
528,34	1394,67
528,55	1370,09
528,76	1492,97
528,97	1470,44
529,17	1562,60
529,38	1423,34
529,59	1431,53
529,79	1492,97
530,00	1525,74
530,21	1595,37
530,41	1441,77
530,62	1562,60
530,83	1585,13
531,03	1546,22
531,24	1501,16
531,45	1439,72
531,65	1560,55
531,86	1443,82
532,07	1439,72
532,27	1535,98
532,48	1568,74
532,69	1521,64
532,89	1513,45
533,10	1456,11
533,31	1478,63
533,51	1460,20
533,72	1499,11
533,93	1535,98
534,13	1454,06
534,34	1435,63
534,55	1521,64
534,75	1449,96
534,96	1636,33
535,17	1495,02
535,37	1495,02
535,58	1505,26
535,79	1462,25
535,99	1368,04
536,20	1564,65
536,41	1437,67
536,61	1449,96
536,82	1542,12
537,03	1509,35
537,23	1466,35
537,44	1476,59
537,64	1515,50
537,85	1513,45
538,06	1554,41
538,26	1576,94
538,47	1515,50
538,68	1507,30
538,88	1480,68
539,09	1529,83
539,30	1486,83
539,50	1552,36
539,71	1423,34
539,91	1533,93
540,12	1452,01
540,33	1519,59
540,53	1603,56
540,74	1505,26
540,94	1392,62
541,15	1517,54
541,36	1419,24
541,56	1484,78
541,77	1361,90
541,98	1531,88
542,18	1519,59
542,39	1570,79
542,59	1413,10
542,80	1497,07
543,01	1517,54
543,21	1411,05
543,42	1466,35
543,62	1492,97
543,83	1476,59
544,04	1458,15
544,24	1458,15
544,45	1394,67
544,65	1515,50
544,86	1458,15
545,06	1572,84
545,27	1417,19
545,48	1441,77
545,68	1441,77
545,89	1511,40
546,09	1468,39
546,30	1396,71
546,51	1441,77
546,71	1445,87
546,92	1497,07
547,12	1462,25
547,33	1488,87
547,53	1452,01
547,74	1443,82
547,95	1439,72
548,15	1441,77
548,36	1509,35
548,56	1593,32
548,77	1437,67
548,97	1492,97
549,18	1470,44
549,39	1578,98
549,59	1525,74
549,80	1578,98
550,00	1464,30
550,21	1402,86
550,41	1454,06
550,62	1550,31
550,82	1402,86
551,03	1415,15
551,23	1427,43
551,44	1406,95
551,65	1505,26
551,85	1452,01
552,06	1472,49
552,26	1501,16
552,47	1458,15
552,67	1456,11
552,88	1458,15
553,08	1456,11
553,29	1517,54
553,49	1480,68
553,70	1439,72
553,90	1554,41
554,11	1478,63
554,32	1531,88
554,52	1488,87
554,73	1478,63
554,93	1378,28
555,14	1447,91
555,34	1515,50
555,55	1527,78
555,75	1452,01
555,96	1509,35
556,16	1437,67
556,37	1562,60
556,57	1466,35
556,78	1396,71
556,98	1484,78
557,19	1507,30
557,39	1462,25
557,60	1406,95
557,80	1454,06
558,01	1449,96
558,21	1462,25
558,42	1468,39
558,62	1472,49
558,83	1540,07
559,03	1384,43
559,24	1437,67
559,44	1486,83
559,65	1468,39
559,85	1419,24
560,06	1425,39
560,26	1439,72
560,47	1546,22
560,67	1497,07
560,88	1484,78
561,08	1550,31
561,29	1458,15
561,49	1423,34
561,70	1460,20
561,90	1490,92
562,10	1529,83
562,31	1456,11
562,51	1474,54
562,72	1486,83
562,92	1478,63
563,13	1601,51
563,33	1660,90
563,54	1507,30
563,74	1499,11
563,95	1431,53
564,15	1456,11
564,36	1581,03
564,56	1452,01
564,76	1462,25
564,97	1538,02
565,17	1476,59
565,38	1521,64
565,58	1431,53
565,79	1421,29
565,99	1511,40
566,20	1548,26
566,40	1411,05
566,60	1599,46
566,81	1515,50
567,01	1562,60
567,22	1474,54
567,42	1468,39
567,63	1505,26
567,83	1564,65
568,04	1482,73
568,24	1488,87
568,44	1564,65
568,65	1406,95
568,85	1507,30
569,06	1529,83
569,26	1511,40
569,47	1478,63
569,67	1441,77
569,87	1593,32
570,08	1476,59
570,28	1499,11
570,49	1366,00
570,69	1581,03
570,89	1570,79
571,10	1560,55
571,30	1480,68
571,51	1441,77
571,71	1490,92
571,91	1492,97
572,12	1456,11
572,32	1511,40
572,53	1486,83
572,73	1535,98
572,93	1529,83
573,14	1513,45
573,34	1447,91
573,55	1480,68
573,75	1544,17
573,95	1421,29
574,16	1560,55
574,36	1515,50
574,57	1540,07
574,77	1470,44
574,97	1441,77
575,18	1439,72
575,38	1464,30
575,59	1474,54
575,79	1433,58
575,99	1490,92
576,20	1470,44
576,40	1486,83
576,60	1558,50
576,81	1456,11
577,01	1621,99
577,22	1513,45
577,42	1466,35
577,62	1523,69
577,83	1474,54
578,03	1587,18
578,23	1452,01
578,44	1515,50
578,64	1466,35
578,84	1466,35
579,05	1421,29
579,25	1517,54
579,45	1533,93
579,66	1413,10
579,86	1533,93
580,07	1501,16
580,27	1548,26
580,47	1423,34
580,68	1529,83
580,88	1550,31
581,08	1527,78
581,29	1578,98
581,49	1441,77
581,69	1480,68
581,90	1540,07
582,10	1458,15
582,30	1470,44
582,51	1421,29
582,71	1456,11
582,91	1474,54
583,12	1470,44
583,32	1503,21
583,52	1472,49
583,73	1464,30
583,93	1525,74
584,13	1492,97
584,34	1509,35
584,54	1503,21
584,74	1480,68
584,94	1413,10
585,15	1501,16
585,35	1550,31
585,55	1503,21
585,76	1476,59
585,96	1433,58
586,16	1542,12
586,37	1366,00
586,57	1392,62
586,77	1411,05
586,98	1486,83
587,18	1495,02
587,38	1597,42
587,58	1466,35
587,79	1574,89
587,99	1499,11
588,19	1466,35
588,40	1404,91
588,60	1515,50
588,80	1449,96
589,00	1540,07
589,21	1503,21
589,41	1466,35
589,61	1390,57
589,82	1515,50
590,02	1351,66
590,22	1570,79
590,42	1482,73
590,63	1550,31
590,83	1456,11
591,03	1490,92
591,23	1452,01
591,44	1480,68
591,64	1523,69
591,84	1558,50
592,05	1585,13
592,25	1519,59
592,45	1527,78
592,65	1501,16
592,86	1576,94
593,06	1632,23
593,26	1507,30
593,46	1484,78
593,67	1509,35
593,87	1517,54
594,07	1515,50
594,27	1546,22
594,48	1515,50
594,68	1492,97
594,88	1533,93
595,08	1464,30
595,29	1599,46
595,49	1476,59
595,69	1478,63
595,89	1517,54
596,10	1556,46
596,30	1527,78
596,50	1533,93
596,70	1525,74
596,90	1482,73
597,11	1546,22
597,31	1466,35
597,51	1562,60
597,71	1560,55
597,92	1517,54
598,12	1464,30
598,32	1533,93
598,52	1462,25
598,72	1533,93
598,93	1492,97
599,13	1572,84
599,33	1535,98
599,53	1613,80
599,74	1456,11
599,94	1591,27
600,14	1515,50
600,34	1484,78
600,54	1624,04
600,75	1533,93
600,95	1460,20
601,15	1597,42
601,35	1488,87
601,55	1593,32
601,76	1484,78
601,96	1515,50
602,16	1484,78
602,36	1624,04
602,56	1447,91
602,76	1486,83
602,97	1394,67
603,17	1488,87
603,37	1447,91
603,57	1548,26
603,77	1468,39
603,98	1552,36
604,18	1484,78
604,38	1517,54
604,58	1398,76
604,78	1482,73
604,98	1535,98
605,19	1607,66
605,39	1581,03
605,59	1497,07
605,79	1540,07
605,99	1472,49
606,19	1435,63
606,40	1462,25
606,60	1560,55
606,80	1470,44
607,00	1468,39
607,20	1425,39
607,40	1482,73
607,61	1486,83
607,81	1486,83
608,01	1517,54
608,21	1550,31
608,41	1572,84
608,61	1507,30
608,81	1482,73
609,02	1474,54
609,22	1443,82
609,42	1570,79
609,62	1490,92
609,82	1538,02
610,02	1492,97
610,22	1439,72
610,43	1452,01
610,63	1427,43
610,83	1501,16
611,03	1535,98
611,23	1454,06
611,43	1601,51
611,63	1447,91
611,83	1398,76
612,04	1564,65
612,24	1476,59
612,44	1507,30
612,64	1535,98
612,84	1523,69
613,04	1388,52
613,24	1583,08
613,44	1513,45
613,64	1505,26
613,85	1466,35
614,05	1538,02
614,25	1492,97
614,45	1474,54
614,65	1609,70
614,85	1464,30
615,05	1519,59
615,25	1587,18
615,45	1466,35
615,65	1474,54
615,86	1554,41
616,06	1490,92
616,26	1556,46
616,46	1556,46
616,66	1486,83
616,86	1484,78
617,06	1513,45
617,26	1589,22
617,46	1544,17
617,66	1433,58
617,86	1503,21
618,07	1523,69
618,27	1542,12
618,47	1538,02
618,67	1527,78
618,87	1464,30
619,07	1511,40
619,27	1546,22
619,47	1472,49
619,67	1593,32
619,87	1474,54
620,07	1589,22
620,27	1564,65
620,47	1525,74
620,67	1521,64
620,87	1486,83
621,07	1593,32
621,28	1529,83
621,48	1609,70
621,68	1562,60
621,88	1540,07
622,08	1503,21
622,28	1484,78
622,48	1560,55
622,68	1527,78
622,88	1544,17
623,08	1480,68
623,28	1665,00
623,48	1533,93
623,68	1538,02
623,88	1517,54
624,08	1587,18
624,28	1509,35
624,48	1531,88
624,68	1550,31
624,88	1501,16
625,08	1550,31
625,28	1546,22
625,48	1527,78
625,68	1605,61
625,88	1548,26
626,08	1495,02
626,28	1607,66
626,48	1523,69
626,68	1480,68
626,88	1531,88
627,08	1527,78
627,28	1621,99
627,48	1535,98
627,68	1533,93
627,88	1464,30
628,08	1585,13
628,28	1531,88
628,49	1544,17
628,68	1519,59
628,88	1566,70
629,08	1531,88
629,28	1632,23
629,48	1599,46
629,68	1646,57
629,88	1544,17
630,08	1585,13
630,28	1550,31
630,48	1595,37
630,68	1505,26
630,88	1587,18
631,08	1597,42
631,28	1662,95
631,48	1529,83
631,68	1566,70
631,88	1548,26
632,08	1583,08
632,28	1503,21
632,48	1554,41
632,68	1546,22
632,88	1619,94
633,08	1601,51
633,28	1527,78
633,48	1583,08
633,68	1546,22
633,88	1507,30
634,08	1691,62
634,28	1574,89
634,48	1560,55
634,68	1470,44
634,88	1533,93
635,08	1476,59
635,28	1587,18
635,48	1529,83
635,68	1558,50
635,87	1548,26
636,07	1531,88
636,27	1447,91
636,47	1570,79
636,67	1585,13
636,87	1662,95
637,07	1658,85
637,27	1501,16
637,47	1511,40
637,67	1562,60
637,87	1585,13
638,07	1644,52
638,27	1511,40
638,47	1636,33
638,67	1587,18
638,86	1554,41
639,06	1480,68
639,26	1568,74
639,46	1517,54
639,66	1665,00
639,86	1593,32
640,06	1576,94
640,26	1566,70
640,46	1513,45
640,66	1599,46
640,86	1642,47
641,06	1503,21
641,25	1611,75
641,45	1507,30
641,65	1583,08
641,85	1513,45
642,05	1591,27
642,25	1583,08
642,45	1656,81
642,65	1597,42
642,85	1533,93
643,05	1581,03
643,24	1587,18
643,44	1566,70
643,64	1570,79
643,84	1523,69
644,04	1556,46
644,24	1538,02
644,44	1578,98
644,64	1492,97
644,84	1624,04
645,03	1583,08
645,23	1576,94
645,43	1591,27
645,63	1669,09
645,83	1560,55
646,03	1591,27
646,23	1515,50
646,42	1669,09
646,62	1533,93
646,82	1572,84
647,02	1562,60
647,22	1603,56
647,42	1632,23
647,62	1529,83
647,82	1521,64
648,01	1845,22
648,21	1525,74
648,41	1599,46
648,61	1583,08
648,81	1607,66
649,01	1531,88
649,20	1570,79
649,40	1593,32
649,60	1548,26
649,80	1609,70
650,00	1566,70
650,20	1564,65
650,40	1636,33
650,59	1546,22
650,79	1617,90
650,99	1587,18
651,19	1546,22
651,39	1564,65
651,58	1593,32
651,78	1642,47
651,98	1570,79
652,18	1675,24
652,38	1581,03
652,58	1472,49
652,77	1507,30
652,97	1624,04
653,17	1640,42
653,37	1638,38
653,57	1638,38
653,77	1560,55
653,96	1560,55
654,16	1492,97
654,36	1603,56
654,56	1552,36
654,76	1642,47
654,95	1550,31
655,15	1581,03
655,35	1576,94
655,55	1634,28
655,75	1533,93
655,94	1615,85
656,14	1589,22
656,34	1562,60
656,54	1497,07
656,73	1607,66
656,93	1560,55
657,13	1685,48
657,33	1624,04
657,53	1642,47
657,72	1566,70
657,92	1533,93
658,12	1558,50
658,32	1648,61
658,52	1570,79
658,71	1619,94
658,91	1640,42
659,11	1593,32
659,31	1621,99
659,50	1589,22
659,70	1585,13
659,90	1648,61
660,10	1687,53
660,29	1585,13
660,49	1533,93
660,69	1607,66
660,89	1552,36
661,08	1644,52
661,28	1624,04
661,48	1572,84
661,68	1593,32
661,87	1556,46
662,07	1589,22
662,27	1507,30
662,47	1585,13
662,66	1656,81
662,86	1611,75
663,06	1601,51
663,26	1570,79
663,45	1646,57
663,65	1613,80
663,85	1552,36
664,05	1601,51
664,24	1597,42
664,44	1595,37
664,64	1562,60
664,84	1507,30
665,03	1673,19
665,23	1593,32
665,43	1628,14
665,62	1578,98
665,82	1615,85
666,02	1595,37
666,22	1601,51
666,41	1562,60
666,61	1601,51
666,81	1630,18
667,00	1601,51
667,20	1562,60
667,40	1556,46
667,60	1591,27
667,79	1566,70
667,99	1566,70
668,19	1515,50
668,38	1560,55
668,58	1591,27
668,78	1611,75
668,97	1607,66
669,17	1550,31
669,37	1601,51
669,57	1492,97
669,76	1640,42
669,96	1716,20
670,16	1538,02
670,35	1503,21
670,55	1572,84
670,75	1554,41
670,94	1568,74
671,14	1542,12
671,34	1681,38
671,53	1621,99
671,73	1583,08
671,93	1519,59
672,12	1525,74
672,32	1581,03
672,52	1568,74
672,71	1531,88
672,91	1535,98
673,11	1613,80
673,30	1619,94
673,50	1562,60
673,70	1568,74
673,89	1462,25
674,09	1595,37
674,29	1552,36
674,48	1654,76
674,68	1646,57
674,88	1564,65
675,07	1609,70
675,27	1540,07
675,46	1558,50
675,66	1548,26
675,86	1490,92
676,05	1581,03
676,25	1603,56
676,45	1560,55
676,64	1574,89
676,84	1603,56
677,04	1521,64
677,23	1566,70
677,43	1576,94
677,62	1669,09
677,82	1548,26
678,02	1507,30
678,21	1546,22
678,41	1581,03
678,61	1538,02
678,80	1611,75
679,00	1552,36
679,19	1544,17
679,39	1673,19
679,59	1513,45
679,78	1562,60
679,98	1533,93
680,17	1447,91
680,37	1581,03
680,57	1585,13
680,76	1585,13
680,96	1542,12
681,16	1521,64
681,35	1578,98
681,55	1548,26
681,74	1570,79
681,94	1603,56
682,13	1527,78
682,33	1511,40
682,53	1470,44
682,72	1558,50
682,92	1554,41
683,11	1634,28
683,31	1589,22
683,51	1540,07
683,70	1546,22
683,90	1652,71
684,09	1583,08
684,29	1662,95
684,48	1458,15
684,68	1521,64
684,88	1648,61
685,07	1527,78
685,27	1525,74
685,46	1519,59
685,66	1642,47
685,85	1593,32
686,05	1599,46
686,25	1574,89
686,44	1652,71
686,64	1613,80
686,83	1583,08
687,03	1648,61
687,22	1519,59
687,42	1636,33
687,61	1646,57
687,81	1544,17
688,01	1554,41
688,20	1607,66
688,40	1591,27
688,59	1556,46
688,79	1634,28
688,98	1638,38
689,18	1613,80
689,37	1615,85
689,57	1599,46
689,76	1574,89
689,96	1538,02
690,15	1673,19
690,35	1574,89
690,54	1667,05
690,74	1560,55
690,94	1581,03
691,13	1650,66
691,33	1636,33
691,52	1621,99
691,72	1624,04
691,91	1535,98
692,11	1673,19
692,30	1570,79
692,50	1722,34
692,69	1597,42
692,89	1611,75
693,08	1509,35
693,28	1578,98
693,47	1554,41
693,67	1708,01
693,86	1595,37
694,06	1679,33
694,25	1570,79
694,45	1673,19
694,64	1677,29
694,84	1681,38
695,03	1714,15
695,23	1605,61
695,42	1603,56
695,62	1552,36
695,81	1619,94
696,01	1556,46
696,20	1513,45
696,40	1576,94
696,59	1570,79
696,78	1568,74
696,98	1554,41
697,17	1605,61
697,37	1578,98
697,56	1595,37
697,76	1599,46
697,95	1593,32
698,15	1558,50
698,34	1574,89
698,54	1621,99
698,73	1667,05
698,93	1566,70
699,12	1544,17
699,32	1505,26
699,51	1540,07
699,70	1578,98
699,90	1558,50
700,09	1605,61
700,29	1501,16
700,48	1480,68
700,68	1583,08
700,87	1464,30
701,07	1578,98
701,26	1578,98
701,45	1499,11
701,65	1460,20
701,84	1425,39
702,04	1585,13
702,23	1441,77
702,43	1464,30
702,62	1470,44
702,81	1415,15
703,01	1398,76
703,20	1515,50
703,40	1456,11
703,59	1425,39
703,79	1439,72
703,98	1431,53
704,17	1427,43
704,37	1466,35
704,56	1513,45
704,76	1513,45
704,95	1419,24
705,14	1415,15
705,34	1435,63
705,53	1417,19
705,73	1366,00
705,92	1400,81
706,11	1519,59
706,31	1417,19
706,50	1419,24
706,70	1447,91
706,89	1449,96
707,08	1456,11
707,28	1495,02
707,47	1376,24
707,67	1423,34
707,86	1413,10
708,05	1454,06
708,25	1443,82
708,44	1466,35
708,64	1394,67
708,83	1419,24
709,02	1382,38
709,22	1433,58
709,41	1349,61
709,60	1589,22
709,80	1464,30
709,99	1441,77
710,19	1411,05
710,38	1427,43
710,57	1382,38
710,77	1464,30
710,96	1380,33
711,15	1308,65
711,35	1415,15
711,54	1456,11
711,73	1394,67
711,93	1466,35
712,12	1433,58
712,31	1429,48
712,51	1400,81
712,70	1421,29
712,89	1357,80
713,09	1415,15
713,28	1425,39
713,48	1445,87
713,67	1400,81
713,86	1419,24
714,06	1435,63
714,25	1292,27
714,44	1482,73
714,64	1419,24
714,83	1320,94
715,02	1390,57
715,22	1517,54
715,41	1415,15
715,60	1421,29
715,79	1384,43
715,99	1478,63
716,18	1523,69
716,37	1443,82
716,57	1394,67
716,76	1472,49
716,95	1431,53
717,15	1427,43
717,34	1437,67
717,53	1437,67
717,73	1443,82
717,92	1431,53
718,11	1486,83
718,31	1376,24
718,50	1415,15
718,69	1425,39
718,88	1488,87
719,08	1429,48
719,27	1372,14
719,46	1409,00
719,66	1449,96
719,85	1378,28
720,04	1548,26
720,23	1359,85
720,43	1409,00
720,62	1370,09
720,81	1376,24
721,01	1310,70
721,20	1427,43
721,39	1366,00
721,58	1468,39
721,78	1449,96
721,97	1423,34
722,16	1488,87
722,35	1437,67
722,55	1439,72
722,74	1400,81
722,93	1468,39
723,13	1421,29
723,32	1415,15
723,51	1460,20
723,70	1292,27
723,90	1443,82
724,09	1390,57
724,28	1329,13
724,47	1462,25
724,67	1378,28
724,86	1466,35
725,05	1390,57
725,24	1370,09
725,44	1322,99
725,63	1402,86
725,82	1419,24
726,01	1349,61
726,21	1456,11
726,40	1447,91
726,59	1470,44
726,78	1443,82
726,97	1390,57
727,17	1490,92
727,36	1454,06
727,55	1445,87
727,74	1413,10
727,94	1370,09
728,13	1484,78
728,32	1417,19
728,51	1361,90
728,70	1454,06
728,90	1423,34
729,09	1478,63
729,28	1370,09
729,47	1398,76
729,66	1460,20
729,86	1421,29
730,05	1427,43
730,24	1460,20
730,43	1456,11
730,63	1368,04
730,82	1523,69
731,01	1419,24
731,20	1400,81
731,39	1474,54
731,58	1429,48
731,78	1404,91
731,97	1394,67
732,16	1396,71
732,35	1413,10
732,54	1472,49
732,74	1439,72
732,93	1429,48
733,12	1368,04
733,31	1445,87
733,50	1396,71
733,69	1458,15
733,89	1492,97
734,08	1390,57
734,27	1368,04
734,46	1400,81
734,65	1392,62
734,84	1320,94
735,04	1339,37
735,23	1452,01
735,42	1411,05
735,61	1351,66
735,80	1462,25
735,99	1329,13
736,19	1458,15
736,38	1382,38
736,57	1398,76
736,76	1341,42
736,95	1396,71
737,14	1443,82
737,33	1419,24
737,53	1435,63
737,72	1339,37
737,91	1361,90
738,10	1540,07
738,29	1378,28
738,48	1476,59
738,67	1456,11
738,87	1441,77
739,06	1290,22
739,25	1441,77
739,44	1390,57
739,63	1435,63
739,82	1441,77
740,01	1398,76
740,20	1392,62
740,40	1425,39
740,59	1419,24
740,78	1386,47
740,97	1443,82
741,16	1402,86
741,35	1433,58
741,54	1503,21
741,73	1460,20
741,92	1343,47
742,12	1447,91
742,31	1423,34
742,50	1517,54
742,69	1492,97
742,88	1388,52
743,07	1382,38
743,26	1402,86
743,45	1458,15
743,64	1495,02
743,83	1427,43
744,02	1503,21
744,22	1474,54
744,41	1425,39
744,60	1441,77
744,79	1402,86
744,98	1400,81
745,17	1411,05
745,36	1421,29
745,55	1484,78
745,74	1366,00
745,93	1431,53
746,12	1492,97
746,31	1468,39
746,50	1458,15
746,70	1372,14
746,89	1413,10
747,08	1355,76
747,27	1458,15
747,46	1441,77
747,65	1488,87
747,84	1452,01
748,03	1370,09
748,22	1423,34
748,41	1452,01
748,60	1433,58
748,79	1404,91
748,98	1419,24
749,17	1464,30
749,36	1535,98
749,55	1439,72
749,74	1445,87
749,93	1535,98
750,12	1452,01
750,31	1452,01
750,50	1554,41
750,70	1439,72
750,89	1484,78
751,08	1605,61
751,27	1472,49
751,46	1431,53
751,65	1490,92
751,84	1535,98
752,03	1421,29
752,22	1490,92
752,41	1466,35
752,60	1398,76
752,79	1447,91
752,98	1509,35
753,17	1521,64
753,36	1544,17
753,55	1484,78
753,74	1368,04
753,93	1572,84
754,12	1443,82
754,31	1486,83
754,50	1490,92
754,69	1452,01
754,88	1513,45
755,07	1492,97
755,26	1398,76
755,45	1368,04
755,64	1417,19
755,83	1550,31
756,02	1447,91
756,21	1505,26
756,40	1540,07
756,59	1452,01
756,78	1452,01
756,97	1533,93
757,16	1529,83
757,35	1535,98
757,54	1433,58
757,72	1499,11
757,91	1513,45
758,10	1480,68
758,29	1413,10
758,48	1513,45
758,67	1460,20
758,86	1482,73
759,05	1413,10
759,24	1507,30
759,43	1638,38
759,62	1466,35
759,81	1527,78
760,00	1509,35
760,19	1482,73
760,38	1521,64
760,57	1445,87
760,76	1535,98
760,95	1531,88
761,14	1368,04
761,33	1503,21
761,52	1462,25
761,70	1513,45
761,89	1507,30
762,08	1535,98
762,27	1546,22
762,46	1503,21
762,65	1484,78
762,84	1501,16
763,03	1456,11
763,22	1540,07
763,41	1552,36
763,60	1456,11
763,79	1445,87
763,98	1589,22
764,16	1554,41
764,35	1535,98
764,54	1560,55
764,73	1660,90
764,92	1564,65
765,11	1650,66
765,30	1605,61
765,49	1521,64
765,68	1535,98
765,87	1662,95
766,06	1597,42
766,24	1648,61
766,43	1556,46
766,62	1658,85
766,81	1542,12
767,00	1644,52
767,19	1572,84
767,38	1634,28
767,57	1478,63
767,76	1519,59
767,94	1587,18
768,13	1533,93
768,32	1636,33
768,51	1556,46
768,70	1619,94
768,89	1544,17
769,08	1572,84
769,27	1583,08
769,45	1570,79
769,64	1638,38
769,83	1472,49
770,02	1552,36
770,21	1667,05
770,40	1615,85
770,59	1583,08
770,77	1544,17
770,96	1609,70
771,15	1662,95
771,34	1656,81
771,53	1691,62
771,72	1720,29
771,91	1564,65
772,09	1665,00
772,28	1644,52
772,47	1628,14
772,66	1640,42
772,85	1654,76
773,04	1654,76
773,22	1619,94
773,41	1687,53
773,60	1611,75
773,79	1669,09
773,98	1632,23
774,17	1591,27
774,35	1607,66
774,54	1578,98
774,73	1656,81
774,92	1669,09
775,11	1632,23
775,30	1726,44
775,48	1654,76
775,67	1640,42
775,86	1665,00
776,05	1714,15
776,24	1621,99
776,42	1638,38
776,61	1705,96
776,80	1628,14
776,99	1724,39
777,18	1632,23
777,36	1667,05
777,55	1640,42
777,74	1669,09
777,93	1718,25
778,12	1673,19
778,30	1789,92
778,49	1581,03
778,68	1767,40
778,87	1689,57
779,06	1673,19
779,24	1685,48
779,43	1640,42
779,62	1763,30
779,81	1628,14
779,99	1615,85
780,18	1578,98
780,37	1681,38
780,56	1660,90
780,75	1595,37
780,93	1714,15
781,12	1638,38
781,31	1630,18
781,50	1748,97
781,68	1583,08
781,87	1605,61
782,06	1677,29
782,25	1619,94
782,43	1613,80
782,62	1624,04
782,81	1712,10
783,00	1617,90
783,18	1576,94
783,37	1513,45
783,56	1636,33
783,75	1658,85
783,93	1630,18
784,12	1611,75
784,31	1578,98
784,50	1630,18
784,68	1630,18
784,87	1619,94
785,06	1679,33
785,24	1585,13
785,43	1613,80
785,62	1535,98
785,81	1587,18
785,99	1689,57
786,18	1591,27
786,37	1583,08
786,56	1570,79
786,74	1560,55
786,93	1581,03
787,12	1595,37
787,30	1474,54
787,49	1597,42
787,68	1527,78
787,87	1552,36
788,05	1607,66
788,24	1474,54
788,43	1470,44
788,61	1587,18
788,80	1495,02
788,99	1472,49
789,17	1509,35
789,36	1433,58
789,55	1613,80
789,73	1603,56
789,92	1460,20
790,11	1488,87
790,30	1490,92
790,48	1419,24
790,67	1542,12
790,86	1499,11
791,04	1578,98
791,23	1576,94
791,42	1495,02
791,60	1521,64
791,79	1478,63
791,98	1507,30
792,16	1566,70
792,35	1484,78
792,54	1421,29
792,72	1499,11
792,91	1597,42
793,10	1488,87
793,28	1433,58
793,47	1449,96
793,66	1472,49
793,84	1478,63
794,03	1357,80
794,22	1470,44
794,40	1486,83
794,59	1462,25
794,77	1558,50
794,96	1472,49
795,15	1468,39
795,33	1345,52
795,52	1454,06
795,71	1396,71
795,89	1351,66
796,08	1501,16
796,27	1523,69
796,45	1380,33
796,64	1378,28
796,82	1374,19
797,01	1454,06
797,20	1478,63
797,38	1425,39
797,57	1419,24
797,76	1423,34
797,94	1413,10
798,13	1480,68
798,31	1384,43
798,50	1384,43
798,69	1509,35
798,87	1400,81
799,06	1452,01
799,24	1357,80
799,43	1480,68
799,62	1374,19
799,80	1488,87
799,99	1523,69
800,17	1431,53
800,36	1372,14
800,55	1413,10
800,73	1437,67
800,92	1445,87
801,10	1374,19
801,29	1519,59
801,48	1484,78
801,66	1394,67
801,85	1388,52
802,03	1433,58
802,22	1413,10
802,40	1439,72
802,59	1411,05
802,78	1458,15
802,96	1439,72
803,15	1544,17
803,33	1433,58
803,52	1423,34
803,70	1411,05
803,89	1417,19
804,08	1363,95
804,26	1456,11
804,45	1417,19
804,63	1464,30
804,82	1488,87
805,00	1415,15
805,19	1429,48
805,37	1398,76
805,56	1462,25
805,74	1447,91
805,93	1378,28
806,12	1443,82
806,30	1452,01
806,49	1443,82
806,67	1427,43
806,86	1431,53
807,04	1435,63
807,23	1470,44
807,41	1404,91
807,60	1396,71
807,78	1406,95
807,97	1730,53
808,15	1366,00
808,34	1503,21
808,52	1423,34
808,71	1423,34
808,89	1439,72
809,08	1478,63
809,27	1380,33
809,45	1374,19
809,64	1509,35
809,82	1339,37
810,01	1419,24
810,19	1552,36
810,38	1413,10
810,56	1406,95
810,75	1443,82
810,93	1454,06
811,12	1368,04
811,30	1462,25
811,49	1417,19
811,67	1482,73
811,85	1509,35
812,04	1390,57
812,22	1437,67
812,41	1443,82
812,59	1437,67
812,78	1415,15
812,96	1417,19
813,15	1423,34
813,33	1435,63
813,52	1437,67
813,70	1406,95
813,89	1406,95
814,07	1470,44
814,26	1421,29
814,44	1386,47
814,63	1439,72
814,81	1449,96
815,00	1447,91
815,18	1464,30
815,36	1396,71
815,55	1388,52
815,73	1447,91
815,92	1546,22
816,10	1531,88
816,29	1538,02
816,47	1384,43
816,66	1470,44
816,84	1441,77
817,02	1474,54
817,21	1476,59
817,39	1505,26
817,58	1372,14
817,76	1368,04
817,95	1515,50
818,13	1417,19
818,32	1429,48
818,50	1464,30
818,68	1445,87
818,87	1386,47
819,05	1413,10
819,24	1470,44
819,42	1441,77
819,60	1476,59
819,79	1441,77
819,97	1468,39
820,16	1490,92
820,34	1468,39
820,53	1406,95
820,71	1462,25
820,89	1503,21
821,08	1466,35
821,26	1497,07
821,45	1415,15
821,63	1519,59
821,81	1509,35
822,00	1419,24
822,18	1533,93
822,37	1554,41
822,55	1468,39
822,73	1601,51
822,92	1562,60
823,10	1460,20
823,28	1529,83
823,47	1513,45
823,65	1447,91
823,84	1535,98
824,02	1538,02
824,20	1501,16
824,39	1538,02
824,57	1511,40
824,75	1583,08
824,94	1552,36
825,12	1613,80
825,31	1542,12
825,49	1517,54
825,67	1429,48
825,86	1503,21
826,04	1585,13
826,22	1609,70
826,41	1605,61
826,59	1521,64
826,77	1482,73
826,96	1470,44
827,14	1480,68
827,32	1492,97
827,51	1550,31
827,69	1488,87
827,87	1568,74
828,06	1644,52
828,24	1505,26
828,42	1464,30
828,61	1636,33
828,79	1525,74
828,97	1566,70
829,16	1554,41
829,34	1464,30
829,52	1513,45
829,71	1589,22
829,89	1554,41
830,07	1558,50
830,26	1501,16
830,44	1597,42
830,62	1677,29
830,81	1507,30
830,99	1609,70
831,17	1578,98
831,36	1554,41
831,54	1740,77
831,72	1525,74
831,91	1529,83
832,09	1470,44
832,27	1523,69
832,45	1572,84
832,64	1564,65
832,82	1615,85
833,00	1597,42
833,19	1497,07
833,37	1533,93
833,55	1603,56
833,73	1519,59
833,92	1630,18
834,10	1552,36
834,28	1562,60
834,47	1669,09
834,65	1611,75
834,83	1568,74
835,01	1585,13
835,20	1558,50
835,38	1624,04
835,56	1652,71
835,74	1636,33
835,93	1755,11
836,11	1597,42
836,29	1603,56
836,47	1734,63
836,66	1562,60
836,84	1613,80
837,02	1613,80
837,21	1748,97
837,39	1626,09
837,57	1726,44
837,75	1601,51
837,94	1632,23
838,12	1681,38
838,30	1603,56
838,48	1611,75
838,66	1607,66
838,85	1742,82
839,03	1552,36
839,21	1630,18
839,39	1624,04
839,58	1703,91
839,76	1685,48
839,94	1726,44
840,12	1753,06
840,31	1742,82
840,49	1595,37
840,67	1718,25
840,85	1685,48
841,03	1796,07
841,22	1617,90
841,40	1796,07
841,58	1712,10
841,76	1669,09
841,94	1665,00
842,13	1730,53
842,31	1675,24
842,49	1675,24
842,67	1634,28
842,85	1691,62
843,04	1771,49
843,22	1748,97
843,40	1814,50
843,58	1812,45
843,76	1599,46
843,95	1882,08
844,13	1669,09
844,31	1634,28
844,49	1810,40
844,67	1685,48
844,86	1687,53
845,04	1650,66
845,22	1609,70
845,40	1757,16
845,58	1791,97
845,76	1718,25
845,95	1779,68
846,13	1722,34
846,31	1753,06
846,49	1683,43
846,67	1787,88
846,85	1837,03
847,04	1798,12
847,22	1779,68
847,40	1738,73
847,58	1681,38
847,76	1753,06
847,94	1877,99
848,12	1810,40
848,31	1808,36
848,49	1753,06
848,67	1814,50
848,85	1843,17
849,03	1853,41
849,21	1861,60
849,39	1851,36
849,58	1755,11
849,76	1871,84
849,94	1820,64
850,12	1927,14
850,30	1869,80
850,48	1898,47
850,66	1914,85
850,84	1853,41
851,03	1771,49
851,21	1890,28
851,39	1865,70
851,57	1920,99
851,75	1865,70
851,93	1871,84
852,11	1816,55
852,29	1937,38
852,47	1857,51
852,66	1994,72
852,84	1691,62
853,02	1839,08
853,20	1947,62
853,38	1966,05
853,56	1841,12
853,74	1945,57
853,92	1906,66
854,10	1857,51
854,28	1871,84
854,46	1920,99
854,65	1857,51
854,83	1867,75
855,01	1898,47
855,19	1961,95
855,37	1845,22
855,55	1994,72
855,73	1966,05
855,91	1812,45
856,09	1949,67
856,27	1974,24
856,45	1767,40
856,63	1945,57
856,81	1972,19
857,00	1951,71
857,18	1937,38
857,36	1906,66
857,54	1961,95
857,72	1859,56
857,90	1863,65
858,08	1980,39
858,26	1906,66
858,44	1998,82
858,62	1992,67
858,80	1955,81
858,98	2007,01
859,16	1953,76
859,34	1992,67
859,52	1863,65
859,70	1943,52
859,88	1898,47
860,06	1781,73
860,24	2023,39
860,42	1902,56
860,60	1976,29
860,78	1851,36
860,96	1939,43
861,14	1853,41
861,32	1955,81
861,50	1824,74
861,69	1951,71
861,87	1914,85
862,05	1996,77
862,23	1869,80
862,41	1990,63
862,59	1775,59
862,77	1822,69
862,95	1746,92
863,13	1882,08
863,31	1783,78
863,49	1886,18
863,67	1849,32
863,85	1890,28
864,03	1900,52
864,21	1927,14
864,39	1826,79
864,57	1953,76
864,75	1918,95
864,92	2011,11
865,10	1800,16
865,28	1820,64
865,46	1863,65
865,64	1824,74
865,82	1822,69
866,00	1849,32
866,18	1800,16
866,36	1828,84
866,54	1857,51
866,72	1783,78
866,90	1798,12
867,08	1853,41
867,26	1775,59
867,44	1785,83
867,62	1765,35
867,80	1818,60
867,98	1816,55
868,16	1787,88
868,34	1806,31
868,52	1665,00
868,70	1757,16
868,88	1767,40
869,06	1820,64
869,24	1794,02
869,42	1646,57
869,59	1781,73
869,77	1726,44
869,95	1775,59
870,13	1736,68
870,31	1701,86
870,49	1785,83
870,67	1753,06
870,85	1742,82
871,03	1830,88
871,21	2154,46
871,39	1726,44
871,57	1679,33
871,75	1841,12
871,92	1673,19
872,10	1738,73
872,28	1595,37
872,46	1763,30
872,64	1724,39
872,82	1732,58
873,00	1634,28
873,18	1646,57
873,36	1757,16
873,54	1720,29
873,72	1693,67
873,89	1757,16
874,07	1628,14
874,25	1804,26
874,43	1746,92
874,61	1757,16
874,79	1701,86
874,97	1701,86
875,15	1748,97
875,33	1751,01
875,50	1740,77
875,68	1640,42
875,86	1734,63
876,04	1681,38
876,22	1681,38
876,40	1646,57
876,58	1728,49
876,76	1742,82
876,93	1703,91
877,11	1642,47
877,29	1783,78
877,47	1701,86
877,65	1624,04
877,83	1832,93
878,01	1734,63
878,18	1683,43
878,36	1658,85
878,54	1695,72
878,72	1611,75
878,90	1630,18
879,08	1669,09
879,25	1775,59
879,43	1583,08
879,61	1665,00
879,79	1736,68
879,97	1693,67
880,15	1667,05
880,32	1642,47
880,50	1734,63
880,68	1630,18
880,86	1703,91
881,04	1681,38
881,22	1679,33
881,39	1673,19
881,57	1763,30
881,75	1665,00
881,93	1695,72
882,11	1624,04
882,28	1691,62
882,46	1640,42
882,64	1628,14
882,82	1658,85
883,00	1675,24
883,18	1787,88
883,35	1595,37
883,53	1734,63
883,71	1638,38
883,89	1759,21
884,07	1593,32
884,24	1740,77
884,42	1660,90
884,60	1624,04
884,78	1640,42
884,95	1685,48
885,13	1599,46
885,31	1755,11
885,49	1601,51
885,67	1720,29
885,84	1630,18
886,02	1652,71
886,20	1572,84
886,38	1624,04
886,55	1619,94
886,73	1544,17
886,91	1603,56
887,09	1652,71
887,26	1597,42
887,44	1714,15
887,62	1621,99
887,80	1671,14
887,98	1574,89
888,15	1595,37
888,33	1581,03
888,51	1546,22
888,69	1693,67
888,86	1576,94
889,04	1583,08
889,22	1644,52
889,39	1595,37
889,57	1560,55
889,75	1464,30
889,93	1456,11
890,10	1558,50
890,28	1634,28
890,46	1533,93
890,64	1554,41
890,81	1501,16
890,99	1466,35
891,17	1585,13
891,34	1628,14
891,52	1505,26
891,70	1464,30
891,88	1499,11
892,05	1468,39
892,23	1558,50
892,41	1683,43
892,58	1421,29
892,76	1574,89
892,94	1394,67
893,12	1572,84
893,29	1538,02
893,47	1443,82
893,65	1429,48
893,82	1517,54
894,00	1521,64
894,18	1460,20
894,35	1439,72
894,53	1572,84
894,71	1525,74
894,89	1409,00
895,06	1439,72
895,24	1382,38
895,42	1443,82
895,59	1452,01
895,77	1394,67
895,95	1505,26
896,12	1413,10
896,30	1462,25
896,48	1480,68
896,65	1505,26
896,83	1466,35
897,01	1398,76
897,18	1507,30
897,36	1568,74
897,54	1474,54
897,71	1449,96
897,89	1515,50
898,07	1347,56
898,24	1398,76
898,42	1460,20
898,59	1509,35
898,77	1472,49
898,95	1372,14
899,12	1441,77
899,30	1433,58
899,48	1447,91
899,65	1486,83
899,83	1433,58
900,01	1445,87
900,18	1476,59
900,36	1423,34
900,53	1388,52
900,71	1406,95
900,89	1421,29
901,06	1419,24
901,24	1402,86
901,42	1480,68
901,59	1460,20
901,77	1443,82
901,94	1466,35
902,12	1417,19
902,30	1413,10
902,47	1466,35
902,65	1402,86
902,82	1411,05
903,00	1490,92
903,18	1505,26
903,35	1380,33
903,53	1429,48
903,70	1478,63
903,88	1427,43
904,06	1501,16
904,23	1474,54
904,41	1421,29
904,58	1421,29
904,76	1470,44
904,93	1413,10
905,11	1431,53
905,29	1400,81
905,46	1439,72
905,64	1460,20
905,81	1445,87
905,99	1372,14
906,16	1488,87
906,34	1370,09
906,52	1454,06
906,69	1347,56
906,87	1490,92
907,04	1449,96
907,22	1409,00
907,39	1435,63
907,57	1423,34
907,75	1515,50
907,92	1452,01
908,10	1466,35
908,27	1447,91
908,45	1380,33
908,62	1357,80
908,80	1486,83
908,97	1435,63
909,15	1435,63
909,32	1382,38
909,50	1402,86
909,67	1409,00
909,85	1441,77
910,03	1390,57
910,20	1511,40
910,38	1427,43
910,55	1525,74
910,73	1419,24
910,90	1431,53
911,08	1433,58
911,25	1429,48
911,43	1488,87
911,60	1468,39
911,78	1458,15
911,95	1517,54
912,13	1425,39
912,30	1435,63
912,48	1431,53
912,65	1513,45
912,83	1433,58
913,00	1404,91
913,18	1456,11
913,35	1474,54
913,53	1415,15
913,70	1443,82
913,88	1404,91
914,05	1386,47
914,23	1353,71
914,40	1482,73
914,58	1435,63
914,75	1427,43
914,93	1449,96
915,10	1361,90
915,27	1419,24
915,45	1353,71
915,62	1404,91
915,80	1396,71
915,97	1423,34
916,15	1488,87
916,32	1495,02
916,50	1468,39
916,67	1439,72
916,85	1423,34
917,02	1480,68
917,20	1470,44
917,37	1466,35
917,54	1482,73
917,72	1441,77
917,89	1454,06
918,07	1458,15
918,24	1488,87
918,42	1425,39
918,59	1476,59
918,77	1486,83
918,94	1492,97
919,11	1472,49
919,29	1337,32
919,46	1521,64
919,64	1472,49
919,81	1437,67
919,99	1388,52
920,16	1542,12
920,33	1462,25
920,51	1411,05
920,68	1435,63
920,86	1392,62
921,03	1503,21
921,20	1376,24
921,38	1427,43
921,55	1466,35
921,73	1437,67
921,90	1417,19
922,07	1488,87
922,25	1378,28
922,42	1390,57
922,60	1466,35
922,77	1402,86
922,94	1470,44
923,12	1437,67
923,29	1509,35
923,47	1421,29
923,64	1433,58
923,81	1480,68
923,99	1396,71
924,16	1411,05
924,34	1456,11
924,51	1488,87
924,68	1527,78
924,86	1454,06
925,03	1406,95
925,20	1476,59
925,38	1466,35
925,55	1427,43
925,72	1427,43
925,90	1316,84
926,07	1505,26
926,25	1472,49
926,42	1480,68
926,59	1454,06
926,77	1472,49
926,94	1431,53
927,11	1353,71
927,29	1419,24
927,46	1378,28
927,63	1525,74
927,81	1445,87
927,98	1458,15
928,15	1447,91
928,33	1505,26
928,50	1382,38
928,67	1415,15
928,85	1499,11
929,02	1398,76
929,19	1419,24
929,37	1507,30
929,54	1515,50
929,71	1492,97
929,89	1327,08
930,06	1468,39
930,23	1454,06
930,41	1527,78
930,58	1325,04
930,75	1398,76
930,92	1468,39
931,10	1468,39
931,27	1382,38
931,44	1497,07
931,62	1400,81
931,79	1427,43
931,96	1433,58
932,14	1413,10
932,31	1468,39
932,48	1452,01
932,65	1409,00
932,83	1454,06
933,00	1402,86
933,17	1523,69
933,35	1507,30
933,52	1380,33
933,69	1400,81
933,86	1468,39
934,04	1429,48
934,21	1384,43
934,38	1366,00
934,55	1488,87
934,73	1476,59
934,90	1441,77
935,07	1417,19
935,25	1466,35
935,42	1378,28
935,59	1441,77
935,76	1394,67
935,94	1447,91
936,11	1433,58
936,28	1445,87
936,45	1402,86
936,63	1400,81
936,80	1449,96
936,97	1388,52
937,14	1460,20
937,31	1447,91
937,49	1499,11
937,66	1398,76
937,83	1482,73
938,00	1396,71
938,18	1535,98
938,35	1474,54
938,52	1402,86
938,69	1392,62
938,87	1456,11
939,04	1413,10
939,21	1413,10
939,38	1404,91
939,55	1411,05
939,73	1454,06
939,90	1460,20
940,07	1454,06
940,24	1349,61
940,41	1472,49
940,59	1376,24
940,76	1415,15
940,93	1366,00
941,10	1339,37
941,27	1331,18
941,45	1425,39
941,62	1396,71
941,79	1392,62
941,96	1404,91
942,13	1486,83
942,31	1386,47
942,48	1449,96
942,65	1513,45
942,82	1396,71
942,99	1380,33
943,16	1404,91
943,34	1423,34
943,51	1415,15
943,68	1409,00
943,85	1507,30
944,02	1374,19
944,19	1411,05
944,37	1443,82
944,54	1466,35
944,71	1490,92
944,88	1513,45
945,05	1474,54
945,22	1472,49
945,40	1439,72
945,57	1437,67
945,74	1368,04
945,91	1409,00
946,08	1368,04
946,25	1447,91
946,42	1415,15
946,60	1366,00
946,77	1480,68
946,94	1433,58
947,11	1429,48
947,28	1411,05
947,45	1394,67
947,62	1390,57
947,79	1419,24
947,97	1470,44
948,14	1488,87
948,31	1542,12
948,48	1480,68
948,65	1396,71
948,82	1423,34
948,99	1538,02
949,16	1423,34
949,33	1452,01
949,51	1486,83
949,68	1429,48
949,85	1443,82
950,02	1454,06
950,19	1386,47
950,36	1439,72
950,53	1435,63
950,70	1456,11
950,87	1462,25
951,04	1482,73
951,22	1474,54
951,39	1449,96
951,56	1433,58
951,73	1398,76
951,90	1335,28
952,07	1468,39
952,24	1417,19
952,41	1476,59
952,58	1417,19
952,75	1443,82
952,92	1435,63
953,09	1345,52
953,26	1439,72
953,43	1423,34
953,61	1523,69
953,78	1495,02
953,95	1462,25
954,12	1415,15
954,29	1386,47
954,46	1447,91
954,63	1394,67
954,80	1478,63
954,97	1421,29
955,14	1490,92
955,31	1441,77
955,48	1404,91
955,65	1431,53
955,82	1406,95
955,99	1515,50
956,16	1380,33
956,33	1435,63
956,50	1415,15
956,67	1454,06
956,84	1460,20
957,01	1433,58
957,18	1429,48
957,35	1406,95
957,52	1413,10
957,69	1488,87
957,86	1363,95
958,03	1370,09
958,20	1464,30
958,37	1390,57
958,54	1441,77
958,71	1382,38
958,88	1527,78
959,05	1406,95
959,22	1390,57
959,39	1415,15
959,56	1396,71
959,73	1476,59
959,90	1415,15
960,07	1392,62
960,24	1394,67
960,41	1437,67
960,58	1423,34
960,75	1538,02
960,92	1482,73
961,09	1499,11
961,26	1513,45
961,43	1378,28
961,60	1572,84
961,77	1482,73
961,94	1447,91
962,11	1355,76
962,28	1525,74
962,45	1302,51
962,62	1482,73
962,79	1449,96
962,96	1415,15
963,13	1431,53
963,30	1490,92
963,47	1441,77
963,64	1406,95
963,81	1427,43
963,98	1439,72
964,14	1466,35
964,31	1501,16
964,48	1417,19
964,65	1480,68
964,82	1357,80
964,99	1464,30
965,16	1394,67
965,33	1454,06
965,50	1486,83
965,67	1525,74
965,84	1333,23
966,01	1314,80
966,18	1322,99
966,35	1431,53
966,51	1503,21
966,68	1587,18
966,85	1400,81
967,02	1478,63
967,19	1390,57
967,36	1390,57
967,53	1460,20
967,70	1478,63
967,87	1355,76
968,04	1454,06
968,21	1366,00
968,37	1390,57
968,54	1431,53
968,71	1413,10
968,88	1374,19
969,05	1454,06
969,22	1458,15
969,39	1480,68
969,56	1411,05
969,72	1437,67
969,89	1490,92
970,06	1495,02
970,23	1390,57
970,40	1454,06
970,57	1478,63
970,74	1452,01
970,91	1398,76
971,07	1398,76
971,24	1380,33
971,41	1474,54
971,58	1431,53
971,75	1468,39
971,92	1294,32
972,09	1443,82
972,25	1388,52
972,42	1497,07
972,59	1406,95
972,76	1503,21
972,93	1413,10
973,10	1429,48
973,27	1495,02
973,43	1316,84
973,60	1349,61
973,77	1439,72
973,94	1400,81
974,11	1394,67
974,28	1443,82
974,44	1349,61
974,61	1462,25
974,78	1456,11
974,95	1388,52
975,12	1495,02
975,28	1468,39
975,45	1406,95
975,62	1490,92
975,79	1404,91
975,96	1468,39
976,12	1492,97
976,29	1427,43
976,46	1421,29
976,63	1406,95
976,80	1419,24
976,96	1380,33
977,13	1382,38
977,30	1409,00
977,47	1464,30
977,64	1437,67
977,80	1437,67
977,97	1439,72
978,14	1480,68
978,31	1425,39
978,48	1497,07
978,64	1378,28
978,81	1452,01
978,98	1449,96
979,15	1413,10
979,31	1456,11
979,48	1449,96
979,65	1421,29
979,82	1439,72
979,98	1445,87
980,15	1423,34
980,32	1470,44
980,49	1441,77
980,66	1376,24
980,82	1445,87
980,99	1413,10
981,16	1423,34
981,33	1501,16
981,49	1429,48
981,66	1413,10
981,83	1286,12
981,99	1482,73
982,16	1366,00
982,33	1413,10
982,50	1355,76
982,66	1456,11
982,83	1462,25
983,00	1470,44
983,17	1370,09
983,33	1441,77
983,50	1447,91
983,67	1415,15
983,83	1468,39
984,00	1423,34
984,17	1517,54
984,34	1398,76
984,50	1435,63
984,67	1425,39
984,84	1341,42
985,00	1433,58
985,17	1505,26
985,34	1447,91
985,51	1413,10
985,67	1488,87
985,84	1411,05
986,01	1314,80
986,17	1435,63
986,34	1411,05
986,51	1443,82
986,67	1499,11
986,84	1372,14
987,01	1378,28
987,17	1460,20
987,34	1406,95
987,51	1353,71
987,67	1415,15
987,84	1433,58
988,01	1425,39
988,17	1404,91
988,34	1351,66
988,51	1415,15
988,67	1468,39
988,84	1423,34
989,01	1480,68
989,17	1449,96
989,34	1468,39
989,51	1431,53
989,67	1529,83
989,84	1468,39
990,01	1445,87
990,17	1462,25
990,34	1359,85
990,51	1466,35
990,67	1415,15
990,84	1409,00
991,01	1497,07
991,17	1396,71
991,34	1427,43
991,50	1423,34
991,67	1384,43
991,84	1333,23
992,00	1413,10
992,17	1439,72
992,34	1445,87
992,50	1550,31
992,67	1429,48
992,83	1484,78
993,00	1400,81
993,17	1413,10
993,33	1396,71
993,50	1415,15
993,66	1458,15
993,83	1423,34
994,00	1378,28
994,16	1454,06
994,33	1480,68
994,49	1472,49
994,66	1466,35
994,83	1476,59
994,99	1374,19
995,16	1472,49
995,32	1452,01
995,49	1421,29
995,66	1384,43
995,82	1406,95
995,99	1415,15
996,15	1452,01
996,32	1447,91
996,48	1433,58
996,65	1382,38
996,82	1472,49
996,98	1372,14
997,15	1452,01
997,31	1419,24
997,48	1368,04
997,64	1390,57
997,81	1353,71
997,97	1427,43
998,14	1390,57
998,31	1445,87
998,47	1343,47
998,64	1458,15
998,80	1419,24
998,97	1486,83
999,13	1437,67
999,30	1431,53
999,46	1372,14
999,63	1398,76
999,79	1374,19
999,96	1533,93
1000,12	1404,91
1000,29	1431,53
1000,45	1419,24
1000,62	1329,13
1000,79	1427,43
1000,95	1447,91
1001,12	1384,43
1001,28	1341,42
1001,45	1404,91
1001,61	1400,81
1001,78	1390,57
1001,94	1445,87
1002,11	1484,78
1002,27	1411,05
1002,44	1454,06
1002,60	1382,38
1002,77	1486,83
1002,93	1380,33
1003,10	1337,32
1003,26	1419,24
1003,43	1472,49
1003,59	1456,11
1003,76	1423,34
1003,92	1447,91
1004,09	1445,87
1004,25	1431,53
1004,41	1390,57
1004,58	1335,28
1004,74	1409,00
1004,91	1388,52
1005,07	1492,97
1005,24	1443,82
1005,40	1488,87
1005,57	1345,52
1005,73	1390,57
1005,90	1413,10
1006,06	1304,56
1006,23	1488,87
1006,39	1413,10
1006,55	1316,84
1006,72	1441,77
1006,88	1368,04
1007,05	1368,04
1007,21	1466,35
1007,38	1390,57
1007,54	1411,05
1007,71	1386,47
1007,87	1452,01
1008,03	1406,95
1008,20	1456,11
1008,36	1357,80
1008,53	1402,86
1008,69	1400,81
1008,86	1490,92
1009,02	1337,32
1009,18	1464,30
1009,35	1380,33
1009,51	1374,19
1009,68	1423,34
1009,84	1390,57
1010,01	1421,29
1010,17	1394,67
1010,33	1382,38
1010,50	1415,15
1010,66	1413,10
1010,83	1314,80
1010,99	1447,91
1011,15	1415,15
1011,32	1394,67
1011,48	1413,10
1011,65	1382,38
1011,81	1421,29
1011,97	1382,38
1012,14	1484,78
1012,30	1423,34
1012,46	1460,20
1012,63	1406,95
1012,79	1419,24
1012,96	1396,71
1013,12	1433,58
1013,28	1427,43
1013,45	1413,10
1013,61	1411,05
1013,77	1376,24
1013,94	1366,00
1014,10	1337,32
1014,26	1433,58
1014,43	1386,47
1014,59	1449,96
1014,76	1409,00
1014,92	1452,01
1015,08	1316,84
1015,25	1429,48
1015,41	1441,77
1015,57	1411,05
1015,74	1445,87
1015,90	1402,86
1016,06	1382,38
1016,23	1413,10
1016,39	1368,04
1016,55	1423,34
1016,72	1439,72
1016,88	1411,05
1017,04	1384,43
1017,21	1406,95
1017,37	1337,32
1017,53	1374,19
1017,70	1445,87
1017,86	1415,15
1018,02	1402,86
1018,19	1351,66
1018,35	1380,33
1018,51	1402,86
1018,67	1409,00
1018,84	1308,65
1019,00	1339,37
1019,16	1435,63
1019,33	1476,59
1019,49	1462,25
1019,65	1433,58
1019,82	1404,91
1019,98	1425,39
1020,14	1456,11
1020,30	1443,82
1020,47	1386,47
1020,63	1443,82
1020,79	1423,34
1020,96	1423,34
1021,12	1413,10
1021,28	1468,39
1021,44	1366,00
1021,61	1376,24
1021,77	1396,71
1021,93	1361,90
1022,09	1468,39
1022,26	1454,06
1022,42	1335,28
1022,58	1521,64
1022,74	1435,63
1022,91	1476,59
1023,07	1382,38
1023,23	1396,71
1023,39	1431,53
1023,56	1353,71
1023,72	1535,98
1023,88	1359,85
1024,04	1406,95
1024,21	1427,43
1024,37	1419,24
1024,53	1513,45
1024,69	1464,30
1024,86	1427,43
1025,02	1476,59
1025,18	1345,52
1025,34	1331,18
1025,50	1427,43
1025,67	1427,43
1025,83	1492,97
1025,99	1376,24
1026,15	1409,00
1026,32	1390,57
1026,48	1386,47
1026,64	1456,11
1026,80	1472,49
1026,96	1492,97
1027,13	1363,95
1027,29	1415,15
1027,45	1443,82
1027,61	1353,71
1027,77	1415,15
1027,94	1415,15
1028,10	1380,33
1028,26	1304,56
1028,42	1376,24
1028,58	1419,24
1028,75	1271,79
1028,91	1388,52
1029,07	1339,37
1029,23	1433,58
1029,39	1425,39
1029,55	1345,52
1029,72	1380,33
1029,88	1388,52
1030,04	1363,95
1030,20	1484,78
1030,36	1376,24
1030,52	1427,43
1030,69	1396,71
1030,85	1376,24
1031,01	1413,10
1031,17	1351,66
1031,33	1366,00
1031,49	1503,21
1031,65	1429,48
1031,82	1427,43
1031,98	1361,90
1032,14	1427,43
1032,30	1415,15
1032,46	1419,24
1032,62	1433,58
1032,78	1380,33
1032,95	1458,15
1033,11	1363,95
1033,27	1466,35
1033,43	1406,95
1033,59	1372,14
1033,75	1417,19
1033,91	1400,81
1034,07	1482,73
1034,24	1419,24
1034,40	1409,00
1034,56	1490,92
1034,72	1398,76
1034,88	1480,68
1035,04	1357,80
1035,20	1433,58
1035,36	1355,76
1035,52	1353,71
1035,68	1312,75
1035,85	1398,76
1036,01	1380,33
1036,17	1458,15
1036,33	1433,58
1036,49	1347,56
1036,65	1384,43
1036,81	1435,63
1036,97	1449,96
1037,13	1376,24
1037,29	1411,05
1037,45	1390,57
1037,61	1380,33
1037,78	1394,67
1037,94	1417,19
1038,10	1425,39
1038,26	1398,76
1038,42	1406,95
1038,58	1372,14
1038,74	1349,61
1038,90	1474,54
1039,06	1398,76
1039,22	1359,85
1039,38	1409,00
1039,54	1378,28
1039,70	1333,23
1039,86	1359,85
1040,02	1349,61
1040,18	1431,53
1040,34	1382,38
1040,50	1378,28
1040,66	1363,95
1040,83	1447,91
1040,99	1413,10
1041,15	1556,46
1041,31	1523,69
1041,47	1384,43
1041,63	1519,59
1041,79	1357,80
1041,95	1378,28
1042,11	1392,62
1042,27	1454,06
1042,43	1441,77
1042,59	1464,30
1042,75	1394,67
1042,91	1449,96
