344,25	1286,12
344,46	1286,12
344,68	1286,12
344,90	1234,93
345,12	1318,89
345,34	1394,67
345,55	1417,19
345,77	1404,91
345,99	1376,24
346,21	1441,77
346,42	1380,33
346,64	1441,77
346,86	1361,90
347,08	1396,71
347,30	1402,86
347,51	1363,95
347,73	1439,72
347,95	1499,11
348,17	1398,76
348,38	1392,62
348,60	1366,00
348,82	1335,28
349,04	1406,95
349,25	1443,82
349,47	1470,44
349,69	1445,87
349,91	1433,58
350,13	1409,00
350,34	1458,15
350,56	1335,28
350,78	1351,66
351,00	1398,76
351,21	1550,31
351,43	1413,10
351,65	1374,19
351,87	1429,48
352,08	1445,87
352,30	1488,87
352,52	1374,19
352,74	1501,16
352,95	1366,00
353,17	1372,14
353,39	1433,58
353,61	1517,54
353,82	1437,67
354,04	1411,05
354,26	1454,06
354,47	1435,63
354,69	1525,74
354,91	1384,43
355,13	1429,48
355,34	1499,11
355,56	1341,42
355,78	1409,00
356,00	1505,26
356,21	1464,30
356,43	1400,81
356,65	1400,81
356,86	1431,53
357,08	1521,64
357,30	1415,15
357,52	1435,63
357,73	1509,35
357,95	1421,29
358,17	1384,43
358,38	1427,43
358,60	1476,59
358,82	1492,97
359,04	1423,34
359,25	1578,98
359,47	1513,45
359,69	1431,53
359,90	1484,78
360,12	1519,59
360,34	1460,20
360,56	1497,07
360,77	1560,55
360,99	1535,98
361,21	1480,68
361,42	1468,39
361,64	1525,74
361,86	1558,50
362,07	1499,11
362,29	1533,93
362,51	1527,78
362,73	1415,15
362,94	1538,02
363,16	1492,97
363,38	1439,72
363,59	1474,54
363,81	1562,60
364,03	1511,40
364,24	1583,08
364,46	1507,30
364,68	1486,83
364,89	1435,63
365,11	1486,83
365,33	1628,14
365,54	1445,87
365,76	1464,30
365,98	1519,59
366,19	1478,63
366,41	1499,11
366,63	1482,73
366,84	1447,91
367,06	1495,02
367,28	1488,87
367,49	1550,31
367,71	1449,96
367,93	1445,87
368,14	1527,78
368,36	1488,87
368,58	1570,79
368,79	1497,07
369,01	1478,63
369,23	1593,32
369,44	1558,50
369,66	1425,39
369,88	1511,40
370,09	1492,97
370,31	1447,91
370,53	1478,63
370,74	1505,26
370,96	1439,72
371,18	1474,54
371,39	1560,55
371,61	1542,12
371,82	1535,98
372,04	1492,97
372,26	1554,41
372,47	1439,72
372,69	1521,64
372,91	1552,36
373,12	1533,93
373,34	1531,88
373,56	1466,35
373,77	1542,12
373,99	1499,11
374,20	1511,40
374,42	1548,26
374,64	1550,31
374,85	1435,63
375,07	1521,64
375,29	1474,54
375,50	1507,30
375,72	1454,06
375,93	1419,24
376,15	1439,72
376,37	1535,98
376,58	1449,96
376,80	1552,36
377,01	1363,95
377,23	1562,60
377,45	1525,74
377,66	1468,39
377,88	1468,39
378,10	1544,17
378,31	1425,39
378,53	1486,83
378,74	1368,04
378,96	1484,78
379,18	1486,83
379,39	1390,57
379,61	1447,91
379,82	1501,16
380,04	1517,54
380,26	1542,12
380,47	1470,44
380,69	1460,20
380,90	1529,83
381,12	1417,19
381,33	1400,81
381,55	1398,76
381,77	1542,12
381,98	1447,91
382,20	1396,71
382,41	1468,39
382,63	1456,11
382,85	1474,54
383,06	1402,86
383,28	1511,40
383,49	1519,59
383,71	1542,12
383,92	1554,41
384,14	1380,33
384,36	1353,71
384,57	1406,95
384,79	1417,19
385,00	1482,73
385,22	1511,40
385,43	1419,24
385,65	1474,54
385,87	1505,26
386,08	1445,87
386,30	1417,19
386,51	1472,49
386,73	1449,96
386,94	1409,00
387,16	1404,91
387,37	1413,10
387,59	1454,06
387,81	1449,96
388,02	1495,02
388,24	1435,63
388,45	1372,14
388,67	1259,50
388,88	1472,49
389,10	1415,15
389,31	1542,12
389,53	1486,83
389,75	1505,26
389,96	1488,87
390,18	1378,28
390,39	1400,81
390,61	1421,29
390,82	1400,81
391,04	1464,30
391,25	1443,82
391,47	1482,73
391,68	1402,86
391,90	1484,78
392,11	1468,39
392,33	1456,11
392,54	1374,19
392,76	1390,57
392,97	1431,53
393,19	1474,54
393,41	1488,87
393,62	1386,47
393,84	1472,49
394,05	1474,54
394,27	1456,11
394,48	1464,30
394,70	1519,59
394,91	1392,62
395,13	1409,00
395,34	1464,30
395,56	1472,49
395,77	1540,07
395,99	1501,16
396,20	1507,30
396,42	1456,11
396,63	1505,26
396,85	1521,64
397,06	1478,63
397,28	1417,19
397,49	1499,11
397,71	1368,04
397,92	1380,33
398,14	1484,78
398,35	1558,50
398,57	1519,59
398,78	1546,22
399,00	1394,67
399,21	1447,91
399,43	1486,83
399,64	1482,73
399,86	1449,96
400,07	1501,16
400,29	1529,83
400,50	1535,98
400,72	1509,35
400,93	1486,83
401,14	1464,30
401,36	1511,40
401,57	1503,21
401,79	1497,07
402,00	1443,82
402,22	1472,49
402,43	1535,98
402,65	1507,30
402,86	1427,43
403,08	1501,16
403,29	1527,78
403,51	1429,48
403,72	1519,59
403,94	1460,20
404,15	1400,81
404,36	1474,54
404,58	1667,05
404,79	1523,69
405,01	1474,54
405,22	1439,72
405,44	1439,72
405,65	1548,26
405,87	1476,59
406,08	1429,48
406,30	1495,02
406,51	1456,11
406,72	1503,21
406,94	1460,20
407,15	1531,88
407,37	1548,26
407,58	1484,78
407,80	1515,50
408,01	1509,35
408,23	1454,06
408,44	1540,07
408,65	1445,87
408,87	1525,74
409,08	1486,83
409,30	1468,39
409,51	1452,01
409,73	1427,43
409,94	1538,02
410,15	1558,50
410,37	1454,06
410,58	1560,55
410,80	1511,40
411,01	1466,35
411,23	1484,78
411,44	1464,30
411,65	1581,03
411,87	1468,39
412,08	1517,54
412,30	1519,59
412,51	1449,96
412,72	1544,17
412,94	1464,30
413,15	1400,81
413,37	1546,22
413,58	1456,11
413,79	1538,02
414,01	1548,26
414,22	1470,44
414,44	1515,50
414,65	1576,94
414,86	1437,67
415,08	1513,45
415,29	1484,78
415,51	1429,48
415,72	1484,78
415,93	1464,30
416,15	1478,63
416,36	1501,16
416,58	1462,25
416,79	1583,08
417,00	1376,24
417,22	1519,59
417,43	1394,67
417,65	1576,94
417,86	1525,74
418,07	1548,26
418,29	1433,58
418,50	1523,69
418,71	1427,43
418,93	1478,63
419,14	1464,30
419,36	1490,92
419,57	1497,07
419,78	1552,36
420,00	1464,30
420,21	1464,30
420,42	1480,68
420,64	1503,21
420,85	1441,77
421,06	1478,63
421,28	1499,11
421,49	1423,34
421,71	1521,64
421,92	1433,58
422,13	1490,92
422,35	1568,74
422,56	1488,87
422,77	1505,26
422,99	1499,11
423,20	1443,82
423,41	1521,64
423,63	1443,82
423,84	1470,44
424,05	1490,92
424,27	1378,28
424,48	1519,59
424,69	1525,74
424,91	1763,30
425,12	1443,82
425,33	1556,46
425,55	1509,35
425,76	1468,39
425,97	1525,74
426,19	1509,35
426,40	1488,87
426,61	1521,64
426,83	1468,39
427,04	1552,36
427,25	1447,91
427,47	1540,07
427,68	1519,59
427,89	1433,58
428,11	1460,20
428,32	1482,73
428,53	1482,73
428,75	1542,12
428,96	1499,11
429,17	1452,01
429,39	1452,01
429,60	1513,45
429,81	1546,22
430,03	1527,78
430,24	1492,97
430,45	1527,78
430,67	1480,68
430,88	1533,93
431,09	1513,45
431,30	1425,39
431,52	1554,41
431,73	1515,50
431,94	1517,54
432,16	1542,12
432,37	1517,54
432,58	1570,79
432,80	1482,73
433,01	1503,21
433,22	1488,87
433,43	1507,30
433,65	1484,78
433,86	1458,15
434,07	1503,21
434,29	1480,68
434,50	1490,92
434,71	1486,83
434,92	1517,54
435,14	1535,98
435,35	1486,83
435,56	1523,69
435,77	1499,11
435,99	1472,49
436,20	1484,78
436,41	1497,07
436,63	1452,01
436,84	1538,02
437,05	1339,37
437,26	1560,55
437,48	1484,78
437,69	1482,73
437,90	1484,78
438,11	1456,11
438,33	1505,26
438,54	1431,53
438,75	1474,54
438,96	1533,93
439,18	1435,63
439,39	1531,88
439,60	1505,26
439,82	1480,68
440,03	1515,50
440,24	1497,07
440,45	1460,20
440,67	1529,83
440,88	1464,30
441,09	1587,18
441,30	1437,67
441,51	1513,45
441,73	1421,29
441,94	1474,54
442,15	1576,94
442,36	1515,50
442,58	1449,96
442,79	1484,78
443,00	1466,35
443,21	1595,37
443,43	1435,63
443,64	1396,71
443,85	1533,93
444,06	1521,64
444,28	1468,39
444,49	1507,30
444,70	1447,91
444,91	1587,18
445,12	1570,79
445,34	1470,44
445,55	1619,94
445,76	1535,98
445,97	1507,30
446,18	1497,07
446,40	1533,93
446,61	1437,67
446,82	1441,77
447,03	1507,30
447,25	1519,59
447,46	1466,35
447,67	1521,64
447,88	1474,54
448,09	1576,94
448,31	1564,65
448,52	1556,46
448,73	1566,70
448,94	1456,11
449,15	1570,79
449,37	1445,87
449,58	1472,49
449,79	1576,94
450,00	1585,13
450,21	1474,54
450,43	1495,02
450,64	1435,63
450,85	1503,21
451,06	1548,26
451,27	1511,40
451,48	1538,02
451,70	1476,59
451,91	1509,35
452,12	1542,12
452,33	1554,41
452,54	1497,07
452,76	1554,41
452,97	1638,38
453,18	1507,30
453,39	1535,98
453,60	1535,98
453,81	1525,74
454,03	1550,31
454,24	1529,83
454,45	1462,25
454,66	1495,02
454,87	1507,30
455,08	1595,37
455,30	1566,70
455,51	1552,36
455,72	1497,07
455,93	1515,50
456,14	1626,09
456,35	1564,65
456,56	1488,87
456,78	1533,93
456,99	1628,14
457,20	1576,94
457,41	1578,98
457,62	1550,31
457,83	1634,28
458,04	1560,55
458,26	1501,16
458,47	1501,16
458,68	1562,60
458,89	1566,70
459,10	1433,58
459,31	1566,70
459,52	1658,85
459,74	1634,28
459,95	1593,32
460,16	1542,12
460,37	1609,70
460,58	1597,42
460,79	1593,32
461,00	1654,76
461,21	1503,21
461,43	1583,08
461,64	1603,56
461,85	1458,15
462,06	1578,98
462,27	1501,16
462,48	1583,08
462,69	1595,37
462,90	1538,02
463,12	1540,07
463,33	1529,83
463,54	1492,97
463,75	1605,61
463,96	1638,38
464,17	1628,14
464,38	1583,08
464,59	1540,07
464,80	1589,22
465,01	1531,88
465,23	1609,70
465,44	1542,12
465,65	1523,69
465,86	1542,12
466,07	1609,70
466,28	1548,26
466,49	1611,75
466,70	1572,84
466,91	1671,14
467,12	1628,14
467,33	1589,22
467,55	1531,88
467,76	1574,89
467,97	1517,54
468,18	1634,28
468,39	1542,12
468,60	1660,90
468,81	1587,18
469,02	1615,85
469,23	1597,42
469,44	1519,59
469,65	1525,74
469,86	1636,33
470,07	1581,03
470,29	1689,57
470,50	1492,97
470,71	1617,90
470,92	1656,81
471,13	1634,28
471,34	1564,65
471,55	1628,14
471,76	1564,65
471,97	1597,42
472,18	1607,66
472,39	1499,11
472,60	1652,71
472,81	1628,14
473,02	1597,42
473,23	1628,14
473,44	1499,11
473,65	1581,03
473,87	1609,70
474,08	1695,72
474,29	1505,26
474,50	1660,90
474,71	1652,71
474,92	1759,21
475,13	1560,55
475,34	1648,61
475,55	1595,37
475,76	1648,61
475,97	1621,99
476,18	1611,75
476,39	1722,34
476,60	1593,32
476,81	1646,57
477,02	1624,04
477,23	1585,13
477,44	1712,10
477,65	1640,42
477,86	1662,95
478,07	1662,95
478,28	1609,70
478,49	1654,76
478,70	1705,96
478,91	1615,85
479,12	1605,61
479,33	1619,94
479,54	1613,80
479,75	1675,24
479,96	1701,86
480,17	1648,61
480,38	1617,90
480,59	1636,33
480,80	1763,30
481,01	1591,27
481,22	1589,22
481,43	1644,52
481,64	1632,23
481,85	1650,66
482,06	1716,20
482,27	1652,71
482,48	1705,96
482,69	1699,81
482,90	1726,44
483,11	1755,11
483,32	1734,63
483,53	1673,19
483,74	1705,96
483,95	1681,38
484,16	1683,43
484,37	1636,33
484,58	1757,16
484,79	1683,43
485,00	1687,53
485,21	1624,04
485,42	1677,29
485,63	1716,20
485,84	1650,66
486,05	1685,48
486,26	1751,01
486,47	1798,12
486,68	1738,73
486,89	1658,85
487,10	1681,38
487,31	1734,63
487,52	1755,11
487,73	1734,63
487,94	1628,14
488,15	1679,33
488,36	1802,21
488,57	1708,01
488,77	1832,93
488,98	1773,54
489,19	1722,34
489,40	1738,73
489,61	1753,06
489,82	1828,84
490,03	1843,17
490,24	1640,42
490,45	1751,01
490,66	1716,20
490,87	1914,85
491,08	1751,01
491,29	1759,21
491,50	1626,09
491,71	1830,88
491,92	1857,51
492,13	1806,31
492,33	1746,92
492,54	1763,30
492,75	1718,25
492,96	1781,73
493,17	1701,86
493,38	1824,74
493,59	1763,30
493,80	1865,70
494,01	1816,55
494,22	1791,97
494,43	1880,04
494,64	1777,64
494,85	1880,04
495,05	1787,88
495,26	1722,34
495,47	1925,09
495,68	1759,21
495,89	1800,16
496,10	1708,01
496,31	1875,94
496,52	1832,93
496,73	1853,41
496,94	1787,88
497,15	1914,85
497,35	1859,56
497,56	1900,52
497,77	1822,69
497,98	1777,64
498,19	1904,61
498,40	1908,71
498,61	1851,36
498,82	1789,92
499,03	1785,83
499,23	1843,17
499,44	1832,93
499,65	1873,89
499,86	1841,12
500,07	1945,57
500,28	1837,03
500,49	1853,41
500,70	1853,41
500,91	1841,12
501,11	1943,52
501,32	1880,04
501,53	1832,93
501,74	1914,85
501,95	1789,92
502,16	1941,47
502,37	1826,79
502,57	1953,76
502,78	1935,33
502,99	1990,63
503,20	1859,56
503,41	1966,05
503,62	1968,10
503,83	2015,20
504,03	1910,75
504,24	1914,85
504,45	1914,85
504,66	1943,52
504,87	1980,39
505,08	1929,19
505,29	1877,99
505,49	1984,48
505,70	1902,56
505,91	1972,19
506,12	1976,29
506,33	1992,67
506,54	1955,81
506,75	2054,11
506,95	1904,61
507,16	2058,21
507,37	1875,94
507,58	1931,23
507,79	1990,63
508,00	1982,43
508,20	1828,84
508,41	1972,19
508,62	1927,14
508,83	2013,15
509,04	1894,37
509,24	2045,92
509,45	2256,86
509,66	2013,15
509,87	1935,33
510,08	1990,63
510,29	1953,76
510,49	2064,35
510,70	1998,82
510,91	2009,06
511,12	1970,15
511,33	1953,76
511,53	2002,91
511,74	2056,16
511,95	1826,79
512,16	2031,58
512,37	2035,68
512,57	1908,71
512,78	1830,88
512,99	2064,35
513,20	2086,88
513,41	2045,92
513,61	1974,24
513,82	2093,02
514,03	1959,91
514,24	2105,31
514,45	2027,49
514,65	2007,01
514,86	1984,48
515,07	1986,53
515,28	1951,71
515,49	1998,82
515,69	1877,99
515,90	2002,91
516,11	2013,15
516,32	1988,58
516,52	1900,52
516,73	2033,63
516,94	2029,54
517,15	2084,83
517,36	1964,00
517,56	2062,30
517,77	1992,67
517,98	2066,40
518,19	2015,20
518,39	2019,30
518,60	1931,23
518,81	2068,45
519,02	1900,52
519,22	2025,44
519,43	1935,33
519,64	2007,01
519,85	1912,80
520,05	2007,01
520,26	1966,05
520,47	2041,82
520,68	1927,14
520,88	2011,11
521,09	1990,63
521,30	2041,82
521,51	1939,43
521,71	2062,30
521,92	2023,39
522,13	2029,54
522,34	1968,10
522,54	1996,77
522,75	1988,58
522,96	2047,97
523,17	1961,95
523,37	2138,08
523,58	1974,24
523,79	2019,30
523,99	1898,47
524,20	1961,95
524,41	1974,24
524,62	2152,42
524,82	2097,12
525,03	1972,19
525,24	1894,37
525,45	2072,54
525,65	1959,91
525,86	2154,46
526,07	2007,01
526,27	2021,35
526,48	2023,39
526,69	2019,30
526,90	1892,32
527,10	2054,11
527,31	1990,63
527,52	2037,73
527,72	1972,19
527,93	2084,83
528,14	1925,09
528,34	1959,91
528,55	1871,84
528,76	1988,58
528,97	2009,06
529,17	2101,22
529,38	1947,62
529,59	2041,82
529,79	1998,82
530,00	1943,52
530,21	2019,30
530,41	2023,39
530,62	1986,53
530,83	2041,82
531,03	2013,15
531,24	2060,26
531,45	2025,44
531,65	1988,58
531,86	2045,92
532,07	2045,92
532,27	1888,23
532,48	1943,52
532,69	1978,34
532,89	2095,07
533,10	1927,14
533,31	1959,91
533,51	1920,99
533,72	1968,10
533,93	1951,71
534,13	1957,86
534,34	1937,38
534,55	1935,33
534,75	1943,52
534,96	2009,06
535,17	1968,10
535,37	2080,74
535,58	1943,52
535,79	1953,76
535,99	1904,61
536,20	2015,20
536,41	1906,66
536,61	1943,52
536,82	1888,23
537,03	1941,47
537,23	1859,56
537,44	1906,66
537,64	1894,37
537,85	1892,32
538,06	1894,37
538,26	1937,38
538,47	1904,61
538,68	1847,27
538,88	1929,19
539,09	1976,29
539,30	1806,31
539,50	1961,95
539,71	1931,23
539,91	1865,70
540,12	1933,28
540,33	1945,57
540,53	1820,64
540,74	1898,47
540,94	1908,71
541,15	1877,99
541,36	1810,40
541,56	1906,66
541,77	1884,13
541,98	1877,99
542,18	1898,47
542,39	1955,81
542,59	1882,08
542,80	1902,56
543,01	1728,49
543,21	1880,04
543,42	1902,56
543,62	1970,15
543,83	1820,64
544,04	1820,64
544,24	1765,35
544,45	1812,45
544,65	1923,04
544,86	1808,36
545,06	1972,19
545,27	1851,36
545,48	1796,07
545,68	1869,80
545,89	1800,16
546,09	1759,21
546,30	1900,52
546,51	1767,40
546,71	1837,03
546,92	1767,40
547,12	1732,58
547,33	1746,92
547,53	1812,45
547,74	1716,20
547,95	1753,06
548,15	1746,92
548,36	1820,64
548,56	1847,27
548,77	1794,02
548,97	1781,73
549,18	1787,88
549,39	1695,72
549,59	1783,78
549,80	1650,66
550,00	1662,95
550,21	1732,58
550,41	1779,68
550,62	1726,44
550,82	1708,01
551,03	1691,62
551,23	1689,57
551,44	1734,63
551,65	1820,64
551,85	1794,02
552,06	1699,81
552,26	1605,61
552,47	1742,82
552,67	1695,72
552,88	1656,81
553,08	1712,10
553,29	1685,48
553,49	1744,87
553,70	1763,30
553,90	1918,95
554,11	1791,97
554,32	1751,01
554,52	1740,77
554,73	1732,58
554,93	1685,48
555,14	1759,21
555,34	1837,03
555,55	1767,40
555,75	1865,70
555,96	1722,34
556,16	1826,79
556,37	1824,74
556,57	1730,53
556,78	1720,29
556,98	1824,74
557,19	1777,64
557,39	1843,17
557,60	1867,75
557,80	1728,49
558,01	1773,54
558,21	1933,28
558,42	1724,39
558,62	1855,46
558,83	1908,71
559,03	1761,25
559,24	1877,99
559,44	2004,96
559,65	1855,46
559,85	1923,04
560,06	1923,04
560,26	2004,96
560,47	1972,19
560,67	2072,54
560,88	1984,48
561,08	2150,37
561,29	2119,65
561,49	2133,98
561,70	2133,98
561,90	2244,57
562,10	2109,41
562,31	2179,04
562,51	2217,95
562,72	2301,92
562,92	2140,13
563,13	2475,99
563,33	2254,81
563,54	2551,77
563,74	2660,31
563,95	2615,26
564,15	2379,74
564,36	2672,60
564,56	2475,99
564,76	2758,61
564,97	2627,54
565,17	2996,18
565,38	2832,34
565,58	3055,57
565,79	2920,40
565,99	3104,72
566,20	3246,03
566,40	3155,92
566,60	3264,46
566,81	3688,39
567,01	3540,94
567,22	3624,90
567,42	3526,60
567,63	3885,00
567,83	3665,86
568,04	3958,72
568,24	3735,50
568,44	4526,01
568,65	4028,35
568,85	4388,80
569,06	4470,72
569,26	4566,97
569,47	4450,24
569,67	4771,77
569,87	4812,73
570,08	5035,96
570,28	5007,28
570,49	5451,69
570,69	5107,63
570,89	5656,49
571,10	5369,77
571,30	5509,04
571,51	5492,65
571,71	5832,62
571,91	5627,82
572,12	6016,93
572,32	5748,65
572,53	6164,39
572,73	5765,03
572,93	6369,18
573,14	5941,16
573,34	6397,85
573,55	5892,01
573,75	6152,10
573,95	6033,32
574,16	6365,09
574,36	5771,18
574,57	5992,36
574,77	5437,36
574,97	5496,75
575,18	5408,69
575,38	5504,94
575,59	5001,14
575,79	5330,86
575,99	4771,77
576,20	4814,77
576,40	4485,05
576,60	4564,92
576,81	4081,60
577,01	4323,26
577,22	3966,92
577,42	4009,92
577,62	3422,16
577,83	3555,27
578,03	3313,61
578,23	3248,08
578,44	2940,88
578,64	3057,62
578,84	2557,91
579,05	2701,27
579,25	2430,94
579,45	2330,59
579,66	2140,13
579,86	2256,86
580,07	2189,28
580,27	2129,89
580,47	2035,68
580,68	1923,04
580,88	1779,68
581,08	1947,62
581,29	1718,25
581,49	1894,37
581,69	1849,32
581,90	1783,78
582,10	1705,96
582,30	1705,96
582,51	1681,38
582,71	1660,90
582,91	1576,94
583,12	1601,51
583,32	1632,23
583,52	1558,50
583,73	1531,88
583,93	1531,88
584,13	1638,38
584,34	1581,03
584,54	1585,13
584,74	1611,75
584,94	1533,93
585,15	1621,99
585,35	1578,98
585,55	1511,40
585,76	1503,21
585,96	1535,98
586,16	1617,90
586,37	1470,44
586,57	1495,02
586,77	1384,43
586,98	1517,54
587,18	1542,12
587,38	1531,88
587,58	1499,11
587,79	1456,11
587,99	1484,78
588,19	1470,44
588,40	1429,48
588,60	1501,16
588,80	1490,92
589,00	1441,77
589,21	1515,50
589,41	1468,39
589,61	1497,07
589,82	1495,02
590,02	1445,87
590,22	1497,07
590,42	1433,58
590,63	1576,94
590,83	1464,30
591,03	1521,64
591,23	1478,63
591,44	1540,07
591,64	1431,53
591,84	1431,53
592,05	1552,36
592,25	1501,16
592,45	1503,21
592,65	1460,20
592,86	1488,87
593,06	1511,40
593,26	1472,49
593,46	1527,78
593,67	1503,21
593,87	1531,88
594,07	1413,10
594,27	1499,11
594,48	1517,54
594,68	1439,72
594,88	1460,20
595,08	1452,01
595,29	1431,53
595,49	1404,91
595,69	1337,32
595,89	1458,15
596,10	1562,60
596,30	1458,15
596,50	1472,49
596,70	1480,68
596,90	1474,54
597,11	1347,56
597,31	1378,28
597,51	1445,87
597,71	1523,69
597,92	1497,07
598,12	1513,45
598,32	1476,59
598,52	1417,19
598,72	1396,71
598,93	1421,29
599,13	1540,07
599,33	1441,77
599,53	1509,35
599,74	1423,34
599,94	1497,07
600,14	1439,72
600,34	1462,25
600,54	1542,12
600,75	1476,59
600,95	1472,49
601,15	1456,11
601,35	1400,81
601,55	1431,53
601,76	1339,37
601,96	1470,44
602,16	1452,01
602,36	1511,40
602,56	1366,00
602,76	1503,21
602,97	1452,01
603,17	1464,30
603,37	1443,82
603,57	1376,24
603,77	1513,45
603,98	1431,53
604,18	1443,82
604,38	1458,15
604,58	1384,43
604,78	1425,39
604,98	1378,28
605,19	1447,91
605,39	1497,07
605,59	1472,49
605,79	1472,49
605,99	1460,20
606,19	1456,11
606,40	1435,63
606,60	1499,11
606,80	1443,82
607,00	1423,34
607,20	1505,26
607,40	1445,87
607,61	1466,35
607,81	1447,91
608,01	1511,40
608,21	1374,19
608,41	1413,10
608,61	1452,01
608,81	1433,58
609,02	1392,62
609,22	1406,95
609,42	1431,53
609,62	1462,25
609,82	1417,19
610,02	1439,72
610,22	1402,86
610,43	1378,28
610,63	1535,98
610,83	1472,49
611,03	1462,25
611,23	1456,11
611,43	1507,30
611,63	1503,21
611,83	1378,28
612,04	1421,29
612,24	1583,08
612,44	1462,25
612,64	1427,43
612,84	1435,63
613,04	1431,53
613,24	1445,87
613,44	1439,72
613,64	1402,86
613,85	1503,21
614,05	1470,44
614,25	1468,39
614,45	1390,57
614,65	1443,82
614,85	1417,19
615,05	1402,86
615,25	1476,59
615,45	1404,91
615,65	1427,43
615,86	1458,15
616,06	1413,10
616,26	1447,91
616,46	1441,77
616,66	1421,29
616,86	1488,87
617,06	1474,54
617,26	1480,68
617,46	1474,54
617,66	1484,78
617,86	1460,20
618,07	1384,43
618,27	1470,44
618,47	1400,81
618,67	1515,50
618,87	1439,72
619,07	1458,15
619,27	1476,59
619,47	1417,19
619,67	1460,20
619,87	1390,57
620,07	1507,30
620,27	1492,97
620,47	1452,01
620,67	1433,58
620,87	1411,05
621,07	1468,39
621,28	1443,82
621,48	1538,02
621,68	1431,53
621,88	1433,58
622,08	1490,92
622,28	1488,87
622,48	1378,28
622,68	1423,34
622,88	1497,07
623,08	1429,48
623,28	1476,59
623,48	1404,91
623,68	1454,06
623,88	1439,72
624,08	1568,74
624,28	1456,11
624,48	1445,87
624,68	1421,29
624,88	1505,26
625,08	1394,67
625,28	1429,48
625,48	1476,59
625,68	1398,76
625,88	1468,39
626,08	1425,39
626,28	1492,97
626,48	1425,39
626,68	1327,08
626,88	1390,57
627,08	1460,20
627,28	1501,16
627,48	1466,35
627,68	1417,19
627,88	1447,91
628,08	1380,33
628,28	1417,19
628,49	1392,62
628,68	1349,61
628,88	1404,91
629,08	1376,24
629,28	1511,40
629,48	1447,91
629,68	1521,64
629,88	1470,44
630,08	1456,11
630,28	1421,29
630,48	1394,67
630,68	1417,19
630,88	1449,96
631,08	1378,28
631,28	1574,89
631,48	1447,91
631,68	1517,54
631,88	1462,25
632,08	1402,86
632,28	1431,53
632,48	1404,91
632,68	1456,11
632,88	1466,35
633,08	1388,52
633,28	1396,71
633,48	1427,43
633,68	1478,63
633,88	1433,58
634,08	1517,54
634,28	1464,30
634,48	1411,05
634,68	1429,48
634,88	1355,76
635,08	1439,72
635,28	1511,40
635,48	1421,29
635,68	1400,81
635,87	1423,34
636,07	1454,06
636,27	1402,86
636,47	1452,01
636,67	1406,95
636,87	1433,58
637,07	1452,01
637,27	1386,47
637,47	1447,91
637,67	1482,73
637,87	1394,67
638,07	1462,25
638,27	1456,11
638,47	1439,72
638,67	1474,54
638,86	1357,80
639,06	1376,24
639,26	1458,15
639,46	1449,96
639,66	1435,63
639,86	1466,35
640,06	1396,71
640,26	1572,84
640,46	1458,15
640,66	1400,81
640,86	1513,45
641,06	1384,43
641,25	1398,76
641,45	1441,77
641,65	1363,95
641,85	1415,15
642,05	1413,10
642,25	1409,00
642,45	1386,47
642,65	1462,25
642,85	1337,32
643,05	1462,25
643,24	1429,48
643,44	1445,87
643,64	1353,71
643,84	1413,10
644,04	1478,63
644,24	1423,34
644,44	1388,52
644,64	1417,19
644,84	1492,97
645,03	1468,39
645,23	1509,35
645,43	1374,19
645,63	1519,59
645,83	1425,39
646,03	1460,20
646,23	1454,06
646,42	1499,11
646,62	1462,25
646,82	1511,40
647,02	1300,46
647,22	1454,06
647,42	1458,15
647,62	1464,30
647,82	1349,61
648,01	1642,47
648,21	1443,82
648,41	1482,73
648,61	1476,59
648,81	1566,70
649,01	1433,58
649,20	1380,33
649,40	1470,44
649,60	1445,87
649,80	1370,09
650,00	1437,67
650,20	1460,20
650,40	1409,00
650,59	1492,97
650,79	1437,67
650,99	1525,74
651,19	1468,39
651,39	1421,29
651,58	1396,71
651,78	1415,15
651,98	1431,53
652,18	1456,11
652,38	1406,95
652,58	1454,06
652,77	1415,15
652,97	1531,88
653,17	1447,91
653,37	1570,79
653,57	1411,05
653,77	1484,78
653,96	1499,11
654,16	1419,24
654,36	1484,78
654,56	1488,87
654,76	1445,87
654,95	1366,00
655,15	1517,54
655,35	1437,67
655,55	1443,82
655,75	1419,24
655,94	1409,00
656,14	1415,15
656,34	1507,30
656,54	1495,02
656,73	1458,15
656,93	1380,33
657,13	1447,91
657,33	1357,80
657,53	1474,54
657,72	1466,35
657,92	1435,63
658,12	1345,52
658,32	1486,83
658,52	1409,00
658,71	1411,05
658,91	1439,72
659,11	1468,39
659,31	1509,35
659,50	1378,28
659,70	1449,96
659,90	1462,25
660,10	1458,15
660,29	1415,15
660,49	1419,24
660,69	1445,87
660,89	1474,54
661,08	1425,39
661,28	1339,37
661,48	1435,63
661,68	1433,58
661,87	1359,85
662,07	1402,86
662,27	1419,24
662,47	1445,87
662,66	1492,97
662,86	1484,78
663,06	1366,00
663,26	1406,95
663,45	1482,73
663,65	1478,63
663,85	1425,39
664,05	1415,15
664,24	1370,09
664,44	1435,63
664,64	1456,11
664,84	1478,63
665,03	1601,51
665,23	1458,15
665,43	1419,24
665,62	1390,57
665,82	1370,09
666,02	1378,28
666,22	1486,83
666,41	1445,87
666,61	1406,95
666,81	1476,59
667,00	1374,19
667,20	1447,91
667,40	1439,72
667,60	1456,11
667,79	1392,62
667,99	1441,77
668,19	1347,56
668,38	1400,81
668,58	1406,95
668,78	1456,11
668,97	1521,64
669,17	1384,43
669,37	1497,07
669,57	1400,81
669,76	1456,11
669,96	1511,40
670,16	1388,52
670,35	1492,97
670,55	1476,59
670,75	1482,73
670,94	1501,16
671,14	1484,78
671,34	1492,97
671,53	1400,81
671,73	1464,30
671,93	1349,61
672,12	1419,24
672,32	1472,49
672,52	1372,14
672,71	1378,28
672,91	1394,67
673,11	1460,20
673,30	1472,49
673,50	1382,38
673,70	1396,71
673,89	1429,48
674,09	1398,76
674,29	1380,33
674,48	1525,74
674,68	1595,37
674,88	1429,48
675,07	1437,67
675,27	1361,90
675,46	1427,43
675,66	1470,44
675,86	1452,01
676,05	1452,01
676,25	1390,57
676,45	1427,43
676,64	1501,16
676,84	1486,83
677,04	1456,11
677,23	1447,91
677,43	1349,61
677,62	1474,54
677,82	1417,19
678,02	1447,91
678,21	1376,24
678,41	1445,87
678,61	1425,39
678,80	1449,96
679,00	1472,49
679,19	1550,31
679,39	1507,30
679,59	1464,30
679,78	1366,00
679,98	1339,37
680,17	1388,52
680,37	1396,71
680,57	1419,24
680,76	1519,59
680,96	1421,29
681,16	1441,77
681,35	1460,20
681,55	1486,83
681,74	1468,39
681,94	1495,02
682,13	1456,11
682,33	1533,93
682,53	1456,11
682,72	1503,21
682,92	1400,81
683,11	1490,92
683,31	1429,48
683,51	1441,77
683,70	1452,01
683,90	1417,19
684,09	1433,58
684,29	1593,32
684,48	1431,53
684,68	1400,81
684,88	1435,63
685,07	1423,34
685,27	1482,73
685,46	1439,72
685,66	1411,05
685,85	1470,44
686,05	1499,11
686,25	1456,11
686,44	1394,67
686,64	1447,91
686,83	1415,15
687,03	1452,01
687,22	1380,33
687,42	1452,01
687,61	1476,59
687,81	1406,95
688,01	1423,34
688,20	1359,85
688,40	1394,67
688,59	1388,52
688,79	1486,83
688,98	1468,39
689,18	1443,82
689,37	1396,71
689,57	1468,39
689,76	1468,39
689,96	1419,24
690,15	1378,28
690,35	1394,67
690,54	1478,63
690,74	1464,30
690,94	1415,15
691,13	1429,48
691,33	1460,20
691,52	1505,26
691,72	1431,53
691,91	1390,57
692,11	1515,50
692,30	1386,47
692,50	1439,72
692,69	1417,19
692,89	1490,92
693,08	1409,00
693,28	1497,07
693,47	1335,28
693,67	1581,03
693,86	1421,29
694,06	1484,78
694,25	1439,72
694,45	1468,39
694,64	1470,44
694,84	1419,24
695,03	1431,53
695,23	1415,15
695,42	1447,91
695,62	1402,86
695,81	1507,30
696,01	1517,54
696,20	1372,14
696,40	1394,67
696,59	1406,95
696,78	1507,30
696,98	1490,92
697,17	1439,72
697,37	1411,05
697,56	1458,15
697,76	1427,43
697,95	1447,91
698,15	1449,96
698,34	1480,68
698,54	1445,87
698,73	1511,40
698,93	1409,00
699,12	1466,35
699,32	1441,77
699,51	1449,96
699,70	1456,11
699,90	1472,49
700,09	1472,49
700,29	1523,69
700,48	1388,52
700,68	1417,19
700,87	1415,15
701,07	1482,73
701,26	1445,87
701,45	1388,52
701,65	1374,19
701,84	1421,29
702,04	1492,97
702,23	1370,09
702,43	1474,54
702,62	1449,96
702,81	1370,09
703,01	1431,53
703,20	1406,95
703,40	1447,91
703,59	1427,43
703,79	1406,95
703,98	1359,85
704,17	1462,25
704,37	1419,24
704,56	1464,30
704,76	1411,05
704,95	1421,29
705,14	1433,58
705,34	1419,24
705,53	1449,96
705,73	1349,61
705,92	1497,07
706,11	1409,00
706,31	1359,85
706,50	1386,47
706,70	1439,72
706,89	1443,82
707,08	1417,19
707,28	1460,20
707,47	1351,66
707,67	1445,87
707,86	1423,34
708,05	1464,30
708,25	1380,33
708,44	1490,92
708,64	1462,25
708,83	1413,10
709,02	1437,67
709,22	1525,74
709,41	1429,48
709,60	1521,64
709,80	1470,44
709,99	1359,85
710,19	1366,00
710,38	1419,24
710,57	1347,56
710,77	1376,24
710,96	1327,08
711,15	1361,90
711,35	1417,19
711,54	1495,02
711,73	1398,76
711,93	1402,86
712,12	1413,10
712,31	1382,38
712,51	1478,63
712,70	1441,77
712,89	1429,48
713,09	1355,76
713,28	1415,15
713,48	1361,90
713,67	1445,87
713,86	1425,39
714,06	1396,71
714,25	1396,71
714,44	1466,35
714,64	1454,06
714,83	1382,38
715,02	1435,63
715,22	1462,25
715,41	1429,48
715,60	1384,43
715,79	1347,56
715,99	1488,87
716,18	1433,58
716,37	1392,62
716,57	1417,19
716,76	1505,26
716,95	1398,76
717,15	1402,86
717,34	1406,95
717,53	1435,63
717,73	1433,58
717,92	1472,49
718,11	1449,96
718,31	1447,91
718,50	1351,66
718,69	1396,71
718,88	1460,20
719,08	1454,06
719,27	1431,53
719,46	1507,30
719,66	1476,59
719,85	1341,42
720,04	1480,68
720,23	1349,61
720,43	1445,87
720,62	1370,09
720,81	1290,22
721,01	1413,10
721,20	1488,87
721,39	1515,50
721,58	1357,80
721,78	1486,83
721,97	1501,16
722,16	1392,62
722,35	1484,78
722,55	1343,47
722,74	1417,19
722,93	1376,24
723,13	1382,38
723,32	1372,14
723,51	1388,52
723,70	1384,43
723,90	1411,05
724,09	1341,42
724,28	1443,82
724,47	1351,66
724,67	1435,63
724,86	1406,95
725,05	1353,71
725,24	1392,62
725,44	1466,35
725,63	1382,38
725,82	1429,48
726,01	1423,34
726,21	1466,35
726,40	1429,48
726,59	1490,92
726,78	1316,84
726,97	1406,95
727,17	1413,10
727,36	1437,67
727,55	1439,72
727,74	1437,67
727,94	1345,52
728,13	1415,15
728,32	1363,95
728,51	1406,95
728,70	1419,24
728,90	1404,91
729,09	1398,76
729,28	1361,90
729,47	1429,48
729,66	1447,91
729,86	1476,59
730,05	1490,92
730,24	1372,14
730,43	1398,76
730,63	1374,19
730,82	1472,49
731,01	1458,15
731,20	1476,59
731,39	1392,62
731,58	1372,14
731,78	1445,87
731,97	1470,44
732,16	1318,89
732,35	1394,67
732,54	1429,48
732,74	1439,72
732,93	1406,95
733,12	1406,95
733,31	1378,28
733,50	1345,52
733,69	1435,63
733,89	1501,16
734,08	1439,72
734,27	1429,48
734,46	1499,11
734,65	1322,99
734,84	1427,43
735,04	1388,52
735,23	1400,81
735,42	1345,52
735,61	1333,23
735,80	1497,07
735,99	1370,09
736,19	1357,80
736,38	1349,61
736,57	1419,24
736,76	1374,19
736,95	1474,54
737,14	1386,47
737,33	1437,67
737,53	1423,34
737,72	1445,87
737,91	1396,71
738,10	1484,78
738,29	1396,71
738,48	1421,29
738,67	1439,72
738,87	1445,87
739,06	1300,46
739,25	1423,34
739,44	1380,33
739,63	1445,87
739,82	1484,78
740,01	1454,06
740,20	1445,87
740,40	1392,62
740,59	1351,66
740,78	1366,00
740,97	1370,09
741,16	1388,52
741,35	1449,96
741,54	1527,78
741,73	1409,00
741,92	1390,57
742,12	1404,91
742,31	1351,66
742,50	1433,58
742,69	1544,17
742,88	1425,39
743,07	1396,71
743,26	1423,34
743,45	1478,63
743,64	1335,28
743,83	1425,39
744,02	1505,26
744,22	1400,81
744,41	1374,19
744,60	1441,77
744,79	1413,10
744,98	1464,30
745,17	1337,32
745,36	1425,39
745,55	1433,58
745,74	1327,08
745,93	1439,72
746,12	1355,76
746,31	1386,47
746,50	1456,11
746,70	1329,13
746,89	1431,53
747,08	1382,38
747,27	1357,80
747,46	1464,30
747,65	1425,39
747,84	1439,72
748,03	1392,62
748,22	1372,14
748,41	1425,39
748,60	1460,20
748,79	1452,01
748,98	1417,19
749,17	1378,28
749,36	1460,20
749,55	1454,06
749,74	1347,56
749,93	1462,25
750,12	1355,76
750,31	1357,80
750,50	1445,87
750,70	1409,00
750,89	1452,01
751,08	1492,97
751,27	1517,54
751,46	1415,15
751,65	1370,09
751,84	1449,96
752,03	1370,09
752,22	1445,87
752,41	1443,82
752,60	1355,76
752,79	1468,39
752,98	1357,80
753,17	1427,43
753,36	1443,82
753,55	1392,62
753,74	1370,09
753,93	1482,73
754,12	1484,78
754,31	1376,24
754,50	1468,39
754,69	1427,43
754,88	1480,68
755,07	1480,68
755,26	1427,43
755,45	1382,38
755,64	1490,92
755,83	1417,19
756,02	1515,50
756,21	1499,11
756,40	1499,11
756,59	1316,84
756,78	1456,11
756,97	1509,35
757,16	1488,87
757,35	1458,15
757,54	1445,87
757,72	1409,00
757,91	1357,80
758,10	1386,47
758,29	1331,18
758,48	1472,49
758,67	1429,48
758,86	1433,58
759,05	1423,34
759,24	1454,06
759,43	1464,30
759,62	1505,26
759,81	1411,05
760,00	1390,57
760,19	1476,59
760,38	1490,92
760,57	1400,81
760,76	1423,34
760,95	1460,20
761,14	1374,19
761,33	1431,53
761,52	1470,44
761,70	1460,20
761,89	1466,35
762,08	1484,78
762,27	1335,28
762,46	1366,00
762,65	1392,62
762,84	1472,49
763,03	1439,72
763,22	1441,77
763,41	1449,96
763,60	1503,21
763,79	1531,88
763,98	1456,11
764,16	1439,72
764,35	1484,78
764,54	1417,19
764,73	1396,71
764,92	1517,54
765,11	1544,17
765,30	1509,35
765,49	1460,20
765,68	1464,30
765,87	1445,87
766,06	1495,02
766,24	1474,54
766,43	1411,05
766,62	1554,41
766,81	1388,52
767,00	1497,07
767,19	1464,30
767,38	1447,91
767,57	1497,07
767,76	1406,95
767,94	1460,20
768,13	1402,86
768,32	1478,63
768,51	1538,02
768,70	1421,29
768,89	1445,87
769,08	1404,91
769,27	1417,19
769,45	1490,92
769,64	1529,83
769,83	1390,57
770,02	1480,68
770,21	1427,43
770,40	1447,91
770,59	1458,15
770,77	1406,95
770,96	1488,87
771,15	1411,05
771,34	1413,10
771,53	1599,46
771,72	1456,11
771,91	1441,77
772,09	1435,63
772,28	1445,87
772,47	1454,06
772,66	1435,63
772,85	1415,15
773,04	1513,45
773,22	1472,49
773,41	1486,83
773,60	1392,62
773,79	1341,42
773,98	1462,25
774,17	1413,10
774,35	1488,87
774,54	1454,06
774,73	1472,49
774,92	1454,06
775,11	1513,45
775,30	1531,88
775,48	1445,87
775,67	1466,35
775,86	1423,34
776,05	1470,44
776,24	1501,16
776,42	1445,87
776,61	1468,39
776,80	1413,10
776,99	1452,01
777,18	1445,87
777,36	1472,49
777,55	1509,35
777,74	1521,64
777,93	1421,29
778,12	1452,01
778,30	1466,35
778,49	1474,54
778,68	1433,58
778,87	1431,53
779,06	1423,34
779,24	1456,11
779,43	1447,91
779,62	1386,47
779,81	1521,64
779,99	1439,72
780,18	1513,45
780,37	1488,87
780,56	1540,07
780,75	1447,91
780,93	1535,98
781,12	1501,16
781,31	1505,26
781,50	1478,63
781,68	1488,87
781,87	1415,15
782,06	1382,38
782,25	1490,92
782,43	1460,20
782,62	1486,83
782,81	1456,11
783,00	1460,20
783,18	1425,39
783,37	1433,58
783,56	1503,21
783,75	1470,44
783,93	1402,86
784,12	1417,19
784,31	1538,02
784,50	1396,71
784,68	1505,26
784,87	1480,68
785,06	1478,63
785,24	1531,88
785,43	1427,43
785,62	1478,63
785,81	1482,73
785,99	1503,21
786,18	1501,16
786,37	1415,15
786,56	1435,63
786,74	1341,42
786,93	1431,53
787,12	1470,44
787,30	1325,04
787,49	1490,92
787,68	1413,10
787,87	1452,01
788,05	1435,63
788,24	1396,71
788,43	1443,82
788,61	1484,78
788,80	1423,34
788,99	1400,81
789,17	1482,73
789,36	1380,33
789,55	1423,34
789,73	1435,63
789,92	1400,81
790,11	1472,49
790,30	1462,25
790,48	1402,86
790,67	1486,83
790,86	1445,87
791,04	1492,97
791,23	1443,82
791,42	1515,50
791,60	1357,80
791,79	1415,15
791,98	1384,43
792,16	1445,87
792,35	1517,54
792,54	1433,58
792,72	1521,64
792,91	1429,48
793,10	1386,47
793,28	1452,01
793,47	1486,83
793,66	1458,15
793,84	1312,75
794,03	1366,00
794,22	1441,77
794,40	1427,43
794,59	1423,34
794,77	1439,72
794,96	1359,85
795,15	1458,15
795,33	1400,81
795,52	1488,87
795,71	1355,76
795,89	1419,24
796,08	1497,07
796,27	1509,35
796,45	1384,43
796,64	1425,39
796,82	1390,57
797,01	1402,86
797,20	1476,59
797,38	1478,63
797,57	1312,75
797,76	1519,59
797,94	1406,95
798,13	1486,83
798,31	1386,47
798,50	1378,28
798,69	1437,67
798,87	1388,52
799,06	1378,28
799,24	1345,52
799,43	1460,20
799,62	1388,52
799,80	1312,75
799,99	1519,59
800,17	1478,63
800,36	1437,67
800,55	1386,47
800,73	1363,95
800,92	1415,15
801,10	1396,71
801,29	1351,66
801,48	1411,05
801,66	1380,33
801,85	1462,25
802,03	1402,86
802,22	1413,10
802,40	1425,39
802,59	1372,14
802,78	1386,47
802,96	1374,19
803,15	1495,02
803,33	1443,82
803,52	1384,43
803,70	1384,43
803,89	1353,71
804,08	1384,43
804,26	1447,91
804,45	1386,47
804,63	1476,59
804,82	1435,63
805,00	1427,43
805,19	1509,35
805,37	1447,91
805,56	1396,71
805,74	1445,87
805,93	1472,49
806,12	1439,72
806,30	1382,38
806,49	1501,16
806,67	1396,71
806,86	1363,95
807,04	1449,96
807,23	1325,04
807,41	1382,38
807,60	1431,53
807,78	1492,97
807,97	1718,25
808,15	1417,19
808,34	1378,28
808,52	1390,57
808,71	1406,95
808,89	1439,72
809,08	1382,38
809,27	1394,67
809,45	1384,43
809,64	1392,62
809,82	1468,39
810,01	1392,62
810,19	1400,81
810,38	1423,34
810,56	1406,95
810,75	1443,82
810,93	1353,71
811,12	1374,19
811,30	1511,40
811,49	1380,33
811,67	1482,73
811,85	1501,16
812,04	1363,95
812,22	1388,52
812,41	1454,06
812,59	1492,97
812,78	1386,47
812,96	1427,43
813,15	1406,95
813,33	1331,18
813,52	1447,91
813,70	1439,72
813,89	1480,68
814,07	1404,91
814,26	1374,19
814,44	1400,81
814,63	1396,71
814,81	1484,78
815,00	1357,80
815,18	1409,00
815,36	1398,76
815,55	1417,19
815,73	1460,20
815,92	1542,12
816,10	1505,26
816,29	1454,06
816,47	1388,52
816,66	1413,10
816,84	1456,11
817,02	1476,59
817,21	1454,06
817,39	1425,39
817,58	1445,87
817,76	1427,43
817,95	1370,09
818,13	1409,00
818,32	1402,86
818,50	1427,43
818,68	1456,11
818,87	1421,29
819,05	1345,52
819,24	1425,39
819,42	1466,35
819,60	1431,53
819,79	1460,20
819,97	1396,71
820,16	1382,38
820,34	1394,67
820,53	1398,76
820,71	1480,68
820,89	1492,97
821,08	1409,00
821,26	1392,62
821,45	1378,28
821,63	1376,24
821,81	1454,06
822,00	1378,28
822,18	1454,06
822,37	1482,73
822,55	1374,19
822,73	1484,78
822,92	1437,67
823,10	1474,54
823,28	1447,91
823,47	1458,15
823,65	1384,43
823,84	1433,58
824,02	1427,43
824,20	1357,80
824,39	1388,52
824,57	1427,43
824,75	1462,25
824,94	1501,16
825,12	1546,22
825,31	1411,05
825,49	1439,72
825,67	1458,15
825,86	1454,06
826,04	1437,67
826,22	1497,07
826,41	1562,60
826,59	1431,53
826,77	1480,68
826,96	1470,44
827,14	1378,28
827,32	1462,25
827,51	1357,80
827,69	1478,63
827,87	1443,82
828,06	1507,30
828,24	1437,67
828,42	1343,47
828,61	1441,77
828,79	1374,19
828,97	1482,73
829,16	1513,45
829,34	1427,43
829,52	1380,33
829,71	1507,30
829,89	1513,45
830,07	1478,63
830,26	1447,91
830,44	1466,35
830,62	1443,82
830,81	1499,11
830,99	1443,82
831,17	1484,78
831,36	1441,77
831,54	1470,44
831,72	1411,05
831,91	1337,32
832,09	1409,00
832,27	1449,96
832,45	1441,77
832,64	1449,96
832,82	1499,11
833,00	1441,77
833,19	1413,10
833,37	1353,71
833,55	1456,11
833,73	1419,24
833,92	1517,54
834,10	1378,28
834,28	1468,39
834,47	1415,15
834,65	1361,90
834,83	1458,15
835,01	1478,63
835,20	1447,91
835,38	1460,20
835,56	1400,81
835,74	1492,97
835,93	1372,14
836,11	1503,21
836,29	1454,06
836,47	1501,16
836,66	1411,05
836,84	1490,92
837,02	1433,58
837,21	1470,44
837,39	1406,95
837,57	1525,74
837,75	1533,93
837,94	1449,96
838,12	1454,06
838,30	1452,01
838,48	1423,34
838,66	1488,87
838,85	1488,87
839,03	1433,58
839,21	1370,09
839,39	1409,00
839,58	1402,86
839,76	1370,09
839,94	1398,76
840,12	1454,06
840,31	1443,82
840,49	1468,39
840,67	1501,16
840,85	1388,52
841,03	1445,87
841,22	1437,67
841,40	1464,30
841,58	1462,25
841,76	1415,15
841,94	1427,43
842,13	1507,30
842,31	1390,57
842,49	1355,76
842,67	1421,29
842,85	1419,24
843,04	1476,59
843,22	1546,22
843,40	1394,67
843,58	1443,82
843,76	1458,15
843,95	1404,91
844,13	1370,09
844,31	1370,09
844,49	1454,06
844,67	1417,19
844,86	1466,35
845,04	1413,10
845,22	1454,06
845,40	1441,77
845,58	1499,11
845,76	1443,82
845,95	1445,87
846,13	1351,66
846,31	1558,50
846,49	1411,05
846,67	1497,07
846,85	1437,67
847,04	1464,30
847,22	1431,53
847,40	1490,92
847,58	1400,81
847,76	1468,39
847,94	1435,63
848,12	1454,06
848,31	1474,54
848,49	1488,87
848,67	1486,83
848,85	1415,15
849,03	1472,49
849,21	1511,40
849,39	1460,20
849,58	1480,68
849,76	1402,86
849,94	1396,71
850,12	1394,67
850,30	1490,92
850,48	1486,83
850,66	1511,40
850,84	1413,10
851,03	1458,15
851,21	1413,10
851,39	1509,35
851,57	1505,26
851,75	1505,26
851,93	1427,43
852,11	1468,39
852,29	1460,20
852,47	1486,83
852,66	1433,58
852,84	1380,33
853,02	1472,49
853,20	1503,21
853,38	1492,97
853,56	1447,91
853,74	1413,10
853,92	1411,05
854,10	1388,52
854,28	1421,29
854,46	1456,11
854,65	1390,57
854,83	1421,29
855,01	1521,64
855,19	1441,77
855,37	1456,11
855,55	1452,01
855,73	1423,34
855,91	1472,49
856,09	1476,59
856,27	1509,35
856,45	1447,91
856,63	1495,02
856,81	1447,91
857,00	1490,92
857,18	1429,48
857,36	1511,40
857,54	1480,68
857,72	1492,97
857,90	1492,97
858,08	1495,02
858,26	1458,15
858,44	1447,91
858,62	1476,59
858,80	1419,24
858,98	1562,60
859,16	1452,01
859,34	1384,43
859,52	1441,77
859,70	1570,79
859,88	1355,76
860,06	1474,54
860,24	1480,68
860,42	1406,95
860,60	1411,05
860,78	1458,15
860,96	1445,87
861,14	1472,49
861,32	1519,59
861,50	1376,24
861,69	1478,63
861,87	1527,78
862,05	1378,28
862,23	1384,43
862,41	1411,05
862,59	1468,39
862,77	1519,59
862,95	1517,54
863,13	1449,96
863,31	1429,48
863,49	1435,63
863,67	1470,44
863,85	1456,11
864,03	1478,63
864,21	1474,54
864,39	1472,49
864,57	1437,67
864,75	1492,97
864,92	1540,07
865,10	1435,63
865,28	1497,07
865,46	1437,67
865,64	1333,23
865,82	1492,97
866,00	1411,05
866,18	1482,73
866,36	1538,02
866,54	1406,95
866,72	1392,62
866,90	1427,43
867,08	1505,26
867,26	1329,13
867,44	1468,39
867,62	1478,63
867,80	1507,30
867,98	1458,15
868,16	1454,06
868,34	1472,49
868,52	1404,91
868,70	1447,91
868,88	1495,02
869,06	1449,96
869,24	1499,11
869,42	1322,99
869,59	1458,15
869,77	1454,06
869,95	1497,07
870,13	1445,87
870,31	1468,39
870,49	1562,60
870,67	1460,20
870,85	1384,43
871,03	1486,83
871,21	1552,36
871,39	1443,82
871,57	1478,63
871,75	1456,11
871,92	1470,44
872,10	1476,59
872,28	1423,34
872,46	1423,34
872,64	1507,30
872,82	1466,35
873,00	1482,73
873,18	1472,49
873,36	1415,15
873,54	1406,95
873,72	1425,39
873,89	1454,06
874,07	1415,15
874,25	1560,55
874,43	1458,15
874,61	1501,16
874,79	1386,47
874,97	1454,06
875,15	1415,15
875,33	1437,67
875,50	1419,24
875,68	1482,73
875,86	1435,63
876,04	1437,67
876,22	1474,54
876,40	1415,15
876,58	1525,74
876,76	1472,49
876,93	1456,11
877,11	1462,25
877,29	1546,22
877,47	1486,83
877,65	1507,30
877,83	1480,68
878,01	1501,16
878,18	1370,09
878,36	1478,63
878,54	1460,20
878,72	1497,07
878,90	1427,43
879,08	1462,25
879,25	1533,93
879,43	1441,77
879,61	1421,29
879,79	1460,20
879,97	1470,44
880,15	1460,20
880,32	1468,39
880,50	1488,87
880,68	1474,54
880,86	1527,78
881,04	1476,59
881,22	1470,44
881,39	1417,19
881,57	1505,26
881,75	1488,87
881,93	1503,21
882,11	1423,34
882,28	1421,29
882,46	1429,48
882,64	1370,09
882,82	1429,48
883,00	1490,92
883,18	1458,15
883,35	1460,20
883,53	1441,77
883,71	1423,34
883,89	1531,88
884,07	1458,15
884,24	1396,71
884,42	1435,63
884,60	1447,91
884,78	1447,91
884,95	1427,43
885,13	1421,29
885,31	1390,57
885,49	1472,49
885,67	1427,43
885,84	1452,01
886,02	1470,44
886,20	1464,30
886,38	1466,35
886,55	1447,91
886,73	1478,63
886,91	1488,87
887,09	1431,53
887,26	1480,68
887,44	1413,10
887,62	1509,35
887,80	1417,19
887,98	1456,11
888,15	1507,30
888,33	1361,90
888,51	1431,53
888,69	1492,97
888,86	1398,76
889,04	1482,73
889,22	1425,39
889,39	1492,97
889,57	1398,76
889,75	1492,97
889,93	1378,28
890,10	1474,54
890,28	1474,54
890,46	1437,67
890,64	1482,73
890,81	1478,63
890,99	1351,66
891,17	1529,83
891,34	1474,54
891,52	1452,01
891,70	1441,77
891,88	1441,77
892,05	1437,67
892,23	1421,29
892,41	1474,54
892,58	1441,77
892,76	1517,54
892,94	1441,77
893,12	1521,64
893,29	1447,91
893,47	1449,96
893,65	1413,10
893,82	1404,91
894,00	1540,07
894,18	1474,54
894,35	1462,25
894,53	1472,49
894,71	1523,69
894,89	1400,81
895,06	1505,26
895,24	1335,28
895,42	1382,38
895,59	1488,87
895,77	1427,43
895,95	1550,31
896,12	1472,49
896,30	1488,87
896,48	1419,24
896,65	1490,92
896,83	1417,19
897,01	1400,81
897,18	1499,11
897,36	1554,41
897,54	1525,74
897,71	1443,82
897,89	1484,78
898,07	1306,60
898,24	1386,47
898,42	1419,24
898,59	1404,91
898,77	1345,52
898,95	1447,91
899,12	1458,15
899,30	1447,91
899,48	1517,54
899,65	1417,19
899,83	1427,43
900,01	1316,84
900,18	1490,92
900,36	1505,26
900,53	1431,53
900,71	1533,93
900,89	1519,59
901,06	1413,10
901,24	1417,19
901,42	1474,54
901,59	1468,39
901,77	1538,02
901,94	1435,63
902,12	1511,40
902,30	1411,05
902,47	1460,20
902,65	1456,11
902,82	1492,97
903,00	1441,77
903,18	1388,52
903,35	1462,25
903,53	1396,71
903,70	1390,57
903,88	1492,97
904,06	1474,54
904,23	1511,40
904,41	1435,63
904,58	1435,63
904,76	1425,39
904,93	1452,01
905,11	1388,52
905,29	1499,11
905,46	1413,10
905,64	1484,78
905,81	1441,77
905,99	1478,63
906,16	1497,07
906,34	1476,59
906,52	1435,63
906,69	1402,86
906,87	1443,82
907,04	1413,10
907,22	1435,63
907,39	1476,59
907,57	1452,01
907,75	1562,60
907,92	1507,30
908,10	1509,35
908,27	1462,25
908,45	1513,45
908,62	1386,47
908,80	1454,06
908,97	1390,57
909,15	1437,67
909,32	1402,86
909,50	1413,10
909,67	1501,16
909,85	1519,59
910,03	1435,63
910,20	1361,90
910,38	1488,87
910,55	1398,76
910,73	1443,82
910,90	1359,85
911,08	1531,88
911,25	1447,91
911,43	1492,97
911,60	1509,35
911,78	1456,11
911,95	1456,11
912,13	1404,91
912,30	1492,97
912,48	1462,25
912,65	1376,24
912,83	1478,63
913,00	1488,87
913,18	1486,83
913,35	1492,97
913,53	1447,91
913,70	1388,52
913,88	1509,35
914,05	1398,76
914,23	1419,24
914,40	1411,05
914,58	1404,91
914,75	1495,02
914,93	1452,01
915,10	1478,63
915,27	1458,15
915,45	1439,72
915,62	1486,83
915,80	1468,39
915,97	1349,61
916,15	1470,44
916,32	1550,31
916,50	1544,17
916,67	1353,71
916,85	1411,05
917,02	1449,96
917,20	1437,67
917,37	1409,00
917,54	1470,44
917,72	1445,87
917,89	1464,30
918,07	1462,25
918,24	1439,72
918,42	1449,96
918,59	1447,91
918,77	1359,85
918,94	1419,24
919,11	1351,66
919,29	1398,76
919,46	1507,30
919,64	1464,30
919,81	1382,38
919,99	1423,34
920,16	1507,30
920,33	1472,49
920,51	1468,39
920,68	1441,77
920,86	1402,86
921,03	1562,60
921,20	1404,91
921,38	1388,52
921,55	1484,78
921,73	1413,10
921,90	1402,86
922,07	1484,78
922,25	1427,43
922,42	1421,29
922,60	1396,71
922,77	1492,97
922,94	1497,07
923,12	1509,35
923,29	1478,63
923,47	1425,39
923,64	1423,34
923,81	1505,26
923,99	1357,80
924,16	1439,72
924,34	1423,34
924,51	1515,50
924,68	1478,63
924,86	1445,87
925,03	1382,38
925,20	1509,35
925,38	1507,30
925,55	1501,16
925,72	1384,43
925,90	1423,34
926,07	1476,59
926,25	1486,83
926,42	1439,72
926,59	1501,16
926,77	1404,91
926,94	1572,84
927,11	1394,67
927,29	1404,91
927,46	1413,10
927,63	1542,12
927,81	1452,01
927,98	1495,02
928,15	1456,11
928,33	1546,22
928,50	1437,67
928,67	1470,44
928,85	1392,62
929,02	1492,97
929,19	1486,83
929,37	1458,15
929,54	1435,63
929,71	1513,45
929,89	1495,02
930,06	1452,01
930,23	1454,06
930,41	1488,87
930,58	1394,67
930,75	1441,77
930,92	1538,02
931,10	1478,63
931,27	1325,04
931,44	1513,45
931,62	1507,30
931,79	1402,86
931,96	1454,06
932,14	1550,31
932,31	1476,59
932,48	1429,48
932,65	1437,67
932,83	1507,30
933,00	1474,54
933,17	1578,98
933,35	1554,41
933,52	1531,88
933,69	1425,39
933,86	1472,49
934,04	1445,87
934,21	1488,87
934,38	1415,15
934,55	1456,11
934,73	1423,34
934,90	1456,11
935,07	1488,87
935,25	1503,21
935,42	1433,58
935,59	1404,91
935,76	1411,05
935,94	1439,72
936,11	1503,21
936,28	1497,07
936,45	1480,68
936,63	1423,34
936,80	1402,86
936,97	1449,96
937,14	1525,74
937,31	1497,07
937,49	1507,30
937,66	1538,02
937,83	1499,11
938,00	1478,63
938,18	1476,59
938,35	1486,83
938,52	1456,11
938,69	1454,06
938,87	1466,35
939,04	1458,15
939,21	1437,67
939,38	1386,47
939,55	1443,82
939,73	1495,02
939,90	1492,97
940,07	1509,35
940,24	1376,24
940,41	1460,20
940,59	1396,71
940,76	1447,91
940,93	1400,81
941,10	1425,39
941,27	1509,35
941,45	1441,77
941,62	1484,78
941,79	1462,25
941,96	1490,92
942,13	1437,67
942,31	1452,01
942,48	1466,35
942,65	1488,87
942,82	1472,49
942,99	1431,53
943,16	1433,58
943,34	1449,96
943,51	1505,26
943,68	1439,72
943,85	1529,83
944,02	1417,19
944,19	1486,83
944,37	1435,63
944,54	1468,39
944,71	1382,38
944,88	1607,66
945,05	1462,25
945,22	1519,59
945,40	1425,39
945,57	1437,67
945,74	1427,43
945,91	1419,24
946,08	1443,82
946,25	1452,01
946,42	1398,76
946,60	1529,83
946,77	1529,83
946,94	1486,83
947,11	1478,63
947,28	1437,67
947,45	1433,58
947,62	1345,52
947,79	1556,46
947,97	1464,30
948,14	1499,11
948,31	1521,64
948,48	1470,44
948,65	1460,20
948,82	1505,26
948,99	1517,54
949,16	1533,93
949,33	1333,23
949,51	1411,05
949,68	1460,20
949,85	1433,58
950,02	1433,58
950,19	1464,30
950,36	1398,76
950,53	1439,72
950,70	1437,67
950,87	1419,24
951,04	1511,40
951,22	1447,91
951,39	1546,22
951,56	1435,63
951,73	1402,86
951,90	1423,34
952,07	1419,24
952,24	1421,29
952,41	1505,26
952,58	1421,29
952,75	1460,20
952,92	1445,87
953,09	1478,63
953,26	1431,53
953,43	1427,43
953,61	1531,88
953,78	1535,98
953,95	1427,43
954,12	1417,19
954,29	1431,53
954,46	1478,63
954,63	1431,53
954,80	1509,35
954,97	1445,87
955,14	1454,06
955,31	1486,83
955,48	1464,30
955,65	1433,58
955,82	1374,19
955,99	1527,78
956,16	1468,39
956,33	1525,74
956,50	1462,25
956,67	1456,11
956,84	1503,21
957,01	1409,00
957,18	1392,62
957,35	1396,71
957,52	1452,01
957,69	1413,10
957,86	1435,63
958,03	1392,62
958,20	1523,69
958,37	1431,53
958,54	1396,71
958,71	1433,58
958,88	1613,80
959,05	1464,30
959,22	1396,71
959,39	1484,78
959,56	1396,71
959,73	1427,43
959,90	1501,16
960,07	1503,21
960,24	1468,39
960,41	1458,15
960,58	1427,43
960,75	1452,01
960,92	1417,19
961,09	1421,29
961,26	1468,39
961,43	1472,49
961,60	1421,29
961,77	1429,48
961,94	1337,32
962,11	1443,82
962,28	1437,67
962,45	1452,01
962,62	1482,73
962,79	1470,44
962,96	1417,19
963,13	1470,44
963,30	1550,31
963,47	1472,49
963,64	1431,53
963,81	1482,73
963,98	1439,72
964,14	1433,58
964,31	1535,98
964,48	1460,20
964,65	1505,26
964,82	1421,29
964,99	1486,83
965,16	1437,67
965,33	1443,82
965,50	1417,19
965,67	1513,45
965,84	1540,07
966,01	1433,58
966,18	1458,15
966,35	1488,87
966,51	1433,58
966,68	1533,93
966,85	1404,91
967,02	1419,24
967,19	1415,15
967,36	1431,53
967,53	1445,87
967,70	1454,06
967,87	1529,83
968,04	1454,06
968,21	1452,01
968,37	1501,16
968,54	1359,85
968,71	1480,68
968,88	1394,67
969,05	1409,00
969,22	1384,43
969,39	1476,59
969,56	1464,30
969,72	1392,62
969,89	1519,59
970,06	1466,35
970,23	1378,28
970,40	1429,48
970,57	1462,25
970,74	1454,06
970,91	1400,81
971,07	1425,39
971,24	1511,40
971,41	1482,73
971,58	1503,21
971,75	1452,01
971,92	1415,15
972,09	1394,67
972,25	1394,67
972,42	1464,30
972,59	1417,19
972,76	1445,87
972,93	1464,30
973,10	1454,06
973,27	1476,59
973,43	1382,38
973,60	1501,16
973,77	1482,73
973,94	1447,91
974,11	1415,15
974,28	1466,35
974,44	1492,97
974,61	1515,50
974,78	1472,49
974,95	1409,00
975,12	1425,39
975,28	1447,91
975,45	1480,68
975,62	1490,92
975,79	1452,01
975,96	1486,83
976,12	1458,15
976,29	1476,59
976,46	1394,67
976,63	1458,15
976,80	1394,67
976,96	1406,95
977,13	1445,87
977,30	1333,23
977,47	1452,01
977,64	1466,35
977,80	1417,19
977,97	1386,47
978,14	1482,73
978,31	1355,76
978,48	1404,91
978,64	1417,19
978,81	1466,35
978,98	1480,68
979,15	1386,47
979,31	1535,98
979,48	1411,05
979,65	1478,63
979,82	1464,30
979,98	1374,19
980,15	1361,90
980,32	1538,02
980,49	1398,76
980,66	1402,86
980,82	1396,71
980,99	1413,10
981,16	1433,58
981,33	1384,43
981,49	1441,77
981,66	1390,57
981,83	1361,90
981,99	1392,62
982,16	1411,05
982,33	1437,67
982,50	1425,39
982,66	1431,53
982,83	1331,18
983,00	1439,72
983,17	1400,81
983,33	1460,20
983,50	1447,91
983,67	1398,76
983,83	1396,71
984,00	1388,52
984,17	1474,54
984,34	1413,10
984,50	1302,51
984,67	1421,29
984,84	1445,87
985,00	1406,95
985,17	1406,95
985,34	1357,80
985,51	1372,14
985,67	1419,24
985,84	1394,67
986,01	1394,67
986,17	1388,52
986,34	1441,77
986,51	1402,86
986,67	1386,47
986,84	1490,92
987,01	1431,53
987,17	1462,25
987,34	1380,33
987,51	1402,86
987,67	1409,00
987,84	1443,82
988,01	1523,69
988,17	1370,09
988,34	1406,95
988,51	1492,97
988,67	1421,29
988,84	1417,19
989,01	1398,76
989,17	1413,10
989,34	1445,87
989,51	1380,33
989,67	1486,83
989,84	1419,24
990,01	1400,81
990,17	1472,49
990,34	1357,80
990,51	1423,34
990,67	1366,00
990,84	1470,44
991,01	1378,28
991,17	1300,46
991,34	1380,33
991,50	1474,54
991,67	1423,34
991,84	1331,18
992,00	1331,18
992,17	1433,58
992,34	1427,43
992,50	1409,00
992,67	1327,08
992,83	1400,81
993,00	1419,24
993,17	1458,15
993,33	1406,95
993,50	1456,11
993,66	1398,76
993,83	1492,97
994,00	1386,47
994,16	1359,85
994,33	1454,06
994,49	1411,05
994,66	1394,67
994,83	1390,57
994,99	1325,04
995,16	1472,49
995,32	1474,54
995,49	1427,43
995,66	1439,72
995,82	1333,23
995,99	1355,76
996,15	1413,10
996,32	1427,43
996,48	1384,43
996,65	1427,43
996,82	1355,76
996,98	1452,01
997,15	1396,71
997,31	1398,76
997,48	1449,96
997,64	1327,08
997,81	1447,91
997,97	1427,43
998,14	1413,10
998,31	1470,44
998,47	1325,04
998,64	1425,39
998,80	1396,71
998,97	1533,93
999,13	1452,01
999,30	1468,39
999,46	1409,00
999,63	1388,52
999,79	1427,43
999,96	1513,45
1000,12	1308,65
1000,29	1363,95
1000,45	1439,72
1000,62	1425,39
1000,79	1470,44
1000,95	1427,43
1001,12	1472,49
1001,28	1382,38
1001,45	1456,11
1001,61	1417,19
1001,78	1337,32
1001,94	1505,26
1002,11	1474,54
1002,27	1370,09
1002,44	1318,89
1002,60	1411,05
1002,77	1456,11
1002,93	1456,11
1003,10	1417,19
1003,26	1513,45
1003,43	1472,49
1003,59	1472,49
1003,76	1423,34
1003,92	1480,68
1004,09	1460,20
1004,25	1394,67
1004,41	1517,54
1004,58	1404,91
1004,74	1421,29
1004,91	1437,67
1005,07	1460,20
1005,24	1458,15
1005,40	1374,19
1005,57	1322,99
1005,73	1402,86
1005,90	1329,13
1006,06	1357,80
1006,23	1476,59
1006,39	1388,52
1006,55	1376,24
1006,72	1406,95
1006,88	1366,00
1007,05	1368,04
1007,21	1437,67
1007,38	1406,95
1007,54	1433,58
1007,71	1339,37
1007,87	1388,52
1008,03	1478,63
1008,20	1458,15
1008,36	1468,39
1008,53	1431,53
1008,69	1458,15
1008,86	1449,96
1009,02	1366,00
1009,18	1386,47
1009,35	1366,00
1009,51	1427,43
1009,68	1529,83
1009,84	1392,62
1010,01	1339,37
1010,17	1413,10
1010,33	1374,19
1010,50	1409,00
1010,66	1449,96
1010,83	1480,68
1010,99	1413,10
1011,15	1384,43
1011,32	1388,52
1011,48	1363,95
1011,65	1398,76
1011,81	1310,70
1011,97	1439,72
1012,14	1525,74
1012,30	1415,15
1012,46	1439,72
1012,63	1464,30
1012,79	1454,06
1012,96	1480,68
1013,12	1490,92
1013,28	1437,67
1013,45	1490,92
1013,61	1390,57
1013,77	1429,48
1013,94	1402,86
1014,10	1462,25
1014,26	1351,66
1014,43	1462,25
1014,59	1372,14
1014,76	1468,39
1014,92	1466,35
1015,08	1382,38
1015,25	1361,90
1015,41	1435,63
1015,57	1486,83
1015,74	1388,52
1015,90	1374,19
1016,06	1409,00
1016,23	1443,82
1016,39	1331,18
1016,55	1439,72
1016,72	1400,81
1016,88	1402,86
1017,04	1361,90
1017,21	1341,42
1017,37	1333,23
1017,53	1415,15
1017,70	1378,28
1017,86	1413,10
1018,02	1366,00
1018,19	1439,72
1018,35	1423,34
1018,51	1390,57
1018,67	1394,67
1018,84	1331,18
1019,00	1392,62
1019,16	1476,59
1019,33	1445,87
1019,49	1413,10
1019,65	1384,43
1019,82	1435,63
1019,98	1409,00
1020,14	1357,80
1020,30	1402,86
1020,47	1386,47
1020,63	1396,71
1020,79	1349,61
1020,96	1415,15
1021,12	1501,16
1021,28	1415,15
1021,44	1345,52
1021,61	1452,01
1021,77	1411,05
1021,93	1374,19
1022,09	1458,15
1022,26	1374,19
1022,42	1411,05
1022,58	1409,00
1022,74	1443,82
1022,91	1425,39
1023,07	1419,24
1023,23	1384,43
1023,39	1456,11
1023,56	1382,38
1023,72	1478,63
1023,88	1361,90
1024,04	1435,63
1024,21	1339,37
1024,37	1443,82
1024,53	1468,39
1024,69	1368,04
1024,86	1357,80
1025,02	1376,24
1025,18	1333,23
1025,34	1392,62
1025,50	1415,15
1025,67	1441,77
1025,83	1423,34
1025,99	1492,97
1026,15	1468,39
1026,32	1390,57
1026,48	1445,87
1026,64	1435,63
1026,80	1443,82
1026,96	1486,83
1027,13	1394,67
1027,29	1439,72
1027,45	1411,05
1027,61	1341,42
1027,77	1464,30
1027,94	1396,71
1028,10	1460,20
1028,26	1329,13
1028,42	1376,24
1028,58	1472,49
1028,75	1447,91
1028,91	1353,71
1029,07	1363,95
1029,23	1435,63
1029,39	1374,19
1029,55	1380,33
1029,72	1460,20
1029,88	1472,49
1030,04	1400,81
1030,20	1456,11
1030,36	1406,95
1030,52	1402,86
1030,69	1413,10
1030,85	1447,91
1031,01	1449,96
1031,17	1357,80
1031,33	1435,63
1031,49	1392,62
1031,65	1402,86
1031,82	1392,62
1031,98	1351,66
1032,14	1421,29
1032,30	1359,85
1032,46	1478,63
1032,62	1411,05
1032,78	1445,87
1032,95	1357,80
1033,11	1413,10
1033,27	1361,90
1033,43	1390,57
1033,59	1427,43
1033,75	1402,86
1033,91	1437,67
1034,07	1499,11
1034,24	1363,95
1034,40	1314,80
1034,56	1482,73
1034,72	1447,91
1034,88	1353,71
1035,04	1439,72
1035,20	1357,80
1035,36	1325,04
1035,52	1425,39
1035,68	1368,04
1035,85	1374,19
1036,01	1404,91
1036,17	1447,91
1036,33	1413,10
1036,49	1433,58
1036,65	1409,00
1036,81	1490,92
1036,97	1409,00
1037,13	1404,91
1037,29	1404,91
1037,45	1517,54
1037,61	1284,08
1037,78	1431,53
1037,94	1343,47
1038,10	1398,76
1038,26	1382,38
1038,42	1368,04
1038,58	1390,57
1038,74	1349,61
1038,90	1437,67
1039,06	1398,76
1039,22	1372,14
1039,38	1398,76
1039,54	1447,91
1039,70	1329,13
1039,86	1400,81
1040,02	1374,19
1040,18	1433,58
1040,34	1464,30
1040,50	1372,14
1040,66	1419,24
1040,83	1413,10
1040,99	1339,37
1041,15	1454,06
1041,31	1460,20
1041,47	1433,58
1041,63	1349,61
1041,79	1396,71
1041,95	1421,29
1042,11	1415,15
1042,27	1427,43
1042,43	1439,72
1042,59	1427,43
1042,75	1437,67
1042,91	1431,53
