344,25	1294,32
344,46	1294,32
344,68	1294,32
344,90	1251,31
345,12	1296,36
345,34	1411,05
345,55	1388,52
345,77	1409,00
345,99	1357,80
346,21	1357,80
346,42	1458,15
346,64	1390,57
346,86	1394,67
347,08	1382,38
347,30	1415,15
347,51	1447,91
347,73	1460,20
347,95	1411,05
348,17	1398,76
348,38	1478,63
348,60	1406,95
348,82	1374,19
349,04	1390,57
349,25	1392,62
349,47	1417,19
349,69	1449,96
349,91	1546,22
350,13	1447,91
350,34	1474,54
350,56	1325,04
350,78	1402,86
351,00	1439,72
351,21	1404,91
351,43	1372,14
351,65	1445,87
351,87	1456,11
352,08	1398,76
352,30	1402,86
352,52	1378,28
352,74	1376,24
352,95	1583,08
353,17	1443,82
353,39	1464,30
353,61	1505,26
353,82	1449,96
354,04	1404,91
354,26	1478,63
354,47	1443,82
354,69	1368,04
354,91	1443,82
355,13	1347,56
355,34	1372,14
355,56	1357,80
355,78	1447,91
356,00	1480,68
356,21	1374,19
356,43	1374,19
356,65	1443,82
356,86	1409,00
357,08	1495,02
357,30	1439,72
357,52	1366,00
357,73	1396,71
357,95	1499,11
358,17	1419,24
358,38	1458,15
358,60	1415,15
358,82	1443,82
359,04	1388,52
359,25	1556,46
359,47	1507,30
359,69	1386,47
359,90	1423,34
360,12	1497,07
360,34	1396,71
360,56	1454,06
360,77	1470,44
360,99	1546,22
361,21	1415,15
361,42	1415,15
361,64	1439,72
361,86	1431,53
362,07	1437,67
362,29	1437,67
362,51	1456,11
362,73	1447,91
362,94	1415,15
363,16	1525,74
363,38	1443,82
363,59	1443,82
363,81	1515,50
364,03	1474,54
364,24	1400,81
364,46	1484,78
364,68	1431,53
364,89	1411,05
365,11	1513,45
365,33	1472,49
365,54	1492,97
365,76	1480,68
365,98	1421,29
366,19	1519,59
366,41	1548,26
366,63	1480,68
366,84	1370,09
367,06	1515,50
367,28	1497,07
367,49	1411,05
367,71	1431,53
367,93	1380,33
368,14	1456,11
368,36	1431,53
368,58	1441,77
368,79	1359,85
369,01	1486,83
369,23	1513,45
369,44	1601,51
369,66	1449,96
369,88	1449,96
370,09	1482,73
370,31	1482,73
370,53	1495,02
370,74	1443,82
370,96	1433,58
371,18	1413,10
371,39	1490,92
371,61	1476,59
371,82	1474,54
372,04	1409,00
372,26	1437,67
372,47	1435,63
372,69	1372,14
372,91	1476,59
373,12	1466,35
373,34	1509,35
373,56	1402,86
373,77	1431,53
373,99	1472,49
374,20	1505,26
374,42	1474,54
374,64	1552,36
374,85	1400,81
375,07	1447,91
375,29	1476,59
375,50	1523,69
375,72	1390,57
375,93	1447,91
376,15	1439,72
376,37	1392,62
376,58	1452,01
376,80	1468,39
377,01	1339,37
377,23	1435,63
377,45	1486,83
377,66	1384,43
377,88	1427,43
378,10	1374,19
378,31	1382,38
378,53	1583,08
378,74	1458,15
378,96	1474,54
379,18	1472,49
379,39	1439,72
379,61	1474,54
379,82	1482,73
380,04	1439,72
380,26	1501,16
380,47	1425,39
380,69	1425,39
380,90	1431,53
381,12	1417,19
381,33	1466,35
381,55	1501,16
381,77	1466,35
381,98	1406,95
382,20	1439,72
382,41	1380,33
382,63	1464,30
382,85	1474,54
383,06	1398,76
383,28	1472,49
383,49	1484,78
383,71	1503,21
383,92	1349,61
384,14	1378,28
384,36	1382,38
384,57	1501,16
384,79	1386,47
385,00	1437,67
385,22	1433,58
385,43	1466,35
385,65	1456,11
385,87	1443,82
386,08	1357,80
386,30	1390,57
386,51	1419,24
386,73	1470,44
386,94	1384,43
387,16	1404,91
387,37	1499,11
387,59	1497,07
387,81	1425,39
388,02	1447,91
388,24	1423,34
388,45	1409,00
388,67	1386,47
388,88	1380,33
389,10	1388,52
389,31	1456,11
389,53	1507,30
389,75	1437,67
389,96	1447,91
390,18	1413,10
390,39	1404,91
390,61	1468,39
390,82	1366,00
391,04	1468,39
391,25	1468,39
391,47	1431,53
391,68	1396,71
391,90	1531,88
392,11	1359,85
392,33	1382,38
392,54	1382,38
392,76	1382,38
392,97	1523,69
393,19	1484,78
393,41	1501,16
393,62	1429,48
393,84	1472,49
394,05	1435,63
394,27	1406,95
394,48	1454,06
394,70	1548,26
394,91	1533,93
395,13	1519,59
395,34	1404,91
395,56	1417,19
395,77	1462,25
395,99	1406,95
396,20	1460,20
396,42	1445,87
396,63	1435,63
396,85	1501,16
397,06	1517,54
397,28	1421,29
397,49	1456,11
397,71	1357,80
397,92	1507,30
398,14	1527,78
398,35	1533,93
398,57	1378,28
398,78	1587,18
399,00	1564,65
399,21	1431,53
399,43	1501,16
399,64	1447,91
399,86	1443,82
400,07	1466,35
400,29	1406,95
400,50	1546,22
400,72	1468,39
400,93	1439,72
401,14	1409,00
401,36	1452,01
401,57	1482,73
401,79	1425,39
402,00	1454,06
402,22	1484,78
402,43	1464,30
402,65	1454,06
402,86	1419,24
403,08	1478,63
403,29	1443,82
403,51	1507,30
403,72	1454,06
403,94	1439,72
404,15	1513,45
404,36	1423,34
404,58	1701,86
404,79	1488,87
405,01	1486,83
405,22	1425,39
405,44	1353,71
405,65	1447,91
405,87	1435,63
406,08	1499,11
406,30	1396,71
406,51	1417,19
406,72	1429,48
406,94	1486,83
407,15	1478,63
407,37	1486,83
407,58	1400,81
407,80	1454,06
408,01	1456,11
408,23	1425,39
408,44	1470,44
408,65	1421,29
408,87	1488,87
409,08	1419,24
409,30	1484,78
409,51	1415,15
409,73	1466,35
409,94	1550,31
410,15	1515,50
410,37	1488,87
410,58	1490,92
410,80	1476,59
411,01	1470,44
411,23	1386,47
411,44	1423,34
411,65	1550,31
411,87	1470,44
412,08	1449,96
412,30	1454,06
412,51	1486,83
412,72	1550,31
412,94	1495,02
413,15	1460,20
413,37	1488,87
413,58	1480,68
413,79	1464,30
414,01	1492,97
414,22	1431,53
414,44	1515,50
414,65	1488,87
414,86	1449,96
415,08	1415,15
415,29	1380,33
415,51	1454,06
415,72	1499,11
415,93	1386,47
416,15	1429,48
416,36	1404,91
416,58	1503,21
416,79	1507,30
417,00	1421,29
417,22	1484,78
417,43	1482,73
417,65	1423,34
417,86	1517,54
418,07	1484,78
418,29	1433,58
418,50	1525,74
418,71	1417,19
418,93	1425,39
419,14	1482,73
419,36	1486,83
419,57	1454,06
419,78	1538,02
420,00	1382,38
420,21	1427,43
420,42	1429,48
420,64	1478,63
420,85	1439,72
421,06	1452,01
421,28	1452,01
421,49	1433,58
421,71	1443,82
421,92	1443,82
422,13	1490,92
422,35	1480,68
422,56	1495,02
422,77	1470,44
422,99	1456,11
423,20	1419,24
423,41	1415,15
423,63	1452,01
423,84	1433,58
424,05	1464,30
424,27	1484,78
424,48	1490,92
424,69	1439,72
424,91	1759,21
425,12	1439,72
425,33	1466,35
425,55	1443,82
425,76	1382,38
425,97	1380,33
426,19	1525,74
426,40	1439,72
426,61	1505,26
426,83	1509,35
427,04	1456,11
427,25	1525,74
427,47	1515,50
427,68	1507,30
427,89	1462,25
428,11	1454,06
428,32	1468,39
428,53	1525,74
428,75	1429,48
428,96	1501,16
429,17	1447,91
429,39	1396,71
429,60	1488,87
429,81	1472,49
430,03	1488,87
430,24	1419,24
430,45	1585,13
430,67	1480,68
430,88	1501,16
431,09	1472,49
431,30	1484,78
431,52	1458,15
431,73	1556,46
431,94	1431,53
432,16	1544,17
432,37	1478,63
432,58	1497,07
432,80	1476,59
433,01	1431,53
433,22	1388,52
433,43	1458,15
433,65	1441,77
433,86	1484,78
434,07	1433,58
434,29	1406,95
434,50	1472,49
434,71	1480,68
434,92	1533,93
435,14	1472,49
435,35	1441,77
435,56	1484,78
435,77	1390,57
435,99	1437,67
436,20	1433,58
436,41	1386,47
436,63	1431,53
436,84	1400,81
437,05	1380,33
437,26	1464,30
437,48	1476,59
437,69	1538,02
437,90	1376,24
438,11	1402,86
438,33	1390,57
438,54	1380,33
438,75	1466,35
438,96	1460,20
439,18	1368,04
439,39	1470,44
439,60	1466,35
439,82	1445,87
440,03	1454,06
440,24	1460,20
440,45	1488,87
440,67	1490,92
440,88	1402,86
441,09	1484,78
441,30	1497,07
441,51	1460,20
441,73	1374,19
441,94	1449,96
442,15	1497,07
442,36	1472,49
442,58	1429,48
442,79	1533,93
443,00	1464,30
443,21	1583,08
443,43	1421,29
443,64	1482,73
443,85	1421,29
444,06	1509,35
444,28	1429,48
444,49	1390,57
444,70	1333,23
444,91	1484,78
445,12	1443,82
445,34	1505,26
445,55	1529,83
445,76	1429,48
445,97	1507,30
446,18	1503,21
446,40	1499,11
446,61	1376,24
446,82	1472,49
447,03	1505,26
447,25	1439,72
447,46	1425,39
447,67	1492,97
447,88	1384,43
448,09	1454,06
448,31	1427,43
448,52	1490,92
448,73	1474,54
448,94	1380,33
449,15	1445,87
449,37	1431,53
449,58	1449,96
449,79	1472,49
450,00	1507,30
450,21	1427,43
450,43	1533,93
450,64	1314,80
450,85	1460,20
451,06	1476,59
451,27	1552,36
451,48	1472,49
451,70	1404,91
451,91	1370,09
452,12	1501,16
452,33	1452,01
452,54	1443,82
452,76	1509,35
452,97	1535,98
453,18	1513,45
453,39	1472,49
453,60	1499,11
453,81	1409,00
454,03	1423,34
454,24	1392,62
454,45	1417,19
454,66	1492,97
454,87	1490,92
455,08	1445,87
455,30	1443,82
455,51	1523,69
455,72	1523,69
455,93	1511,40
456,14	1533,93
456,35	1435,63
456,56	1435,63
456,78	1460,20
456,99	1556,46
457,20	1460,20
457,41	1587,18
457,62	1468,39
457,83	1480,68
458,04	1468,39
458,26	1517,54
458,47	1558,50
458,68	1429,48
458,89	1472,49
459,10	1460,20
459,31	1515,50
459,52	1515,50
459,74	1419,24
459,95	1431,53
460,16	1423,34
460,37	1456,11
460,58	1515,50
460,79	1484,78
461,00	1497,07
461,21	1470,44
461,43	1431,53
461,64	1503,21
461,85	1474,54
462,06	1361,90
462,27	1431,53
462,48	1550,31
462,69	1519,59
462,90	1476,59
463,12	1484,78
463,33	1433,58
463,54	1398,76
463,75	1587,18
463,96	1503,21
464,17	1449,96
464,38	1552,36
464,59	1476,59
464,80	1490,92
465,01	1423,34
465,23	1462,25
465,44	1466,35
465,65	1521,64
465,86	1429,48
466,07	1384,43
466,28	1511,40
466,49	1552,36
466,70	1523,69
466,91	1527,78
467,12	1437,67
467,33	1411,05
467,55	1513,45
467,76	1406,95
467,97	1437,67
468,18	1462,25
468,39	1525,74
468,60	1566,70
468,81	1474,54
469,02	1462,25
469,23	1433,58
469,44	1492,97
469,65	1449,96
469,86	1513,45
470,07	1445,87
470,29	1607,66
470,50	1394,67
470,71	1437,67
470,92	1464,30
471,13	1495,02
471,34	1538,02
471,55	1587,18
471,76	1478,63
471,97	1476,59
472,18	1519,59
472,39	1425,39
472,60	1454,06
472,81	1470,44
473,02	1454,06
473,23	1560,55
473,44	1419,24
473,65	1558,50
473,87	1449,96
474,08	1456,11
474,29	1425,39
474,50	1488,87
474,71	1472,49
474,92	1519,59
475,13	1456,11
475,34	1468,39
475,55	1517,54
475,76	1476,59
475,97	1552,36
476,18	1454,06
476,39	1392,62
476,60	1515,50
476,81	1538,02
477,02	1419,24
477,23	1499,11
477,44	1488,87
477,65	1394,67
477,86	1445,87
478,07	1519,59
478,28	1521,64
478,49	1478,63
478,70	1505,26
478,91	1404,91
479,12	1503,21
479,33	1513,45
479,54	1478,63
479,75	1503,21
479,96	1591,27
480,17	1560,55
480,38	1484,78
480,59	1449,96
480,80	1587,18
481,01	1486,83
481,22	1595,37
481,43	1423,34
481,64	1546,22
481,85	1456,11
482,06	1495,02
482,27	1546,22
482,48	1466,35
482,69	1558,50
482,90	1437,67
483,11	1533,93
483,32	1507,30
483,53	1476,59
483,74	1460,20
483,95	1468,39
484,16	1378,28
484,37	1513,45
484,58	1576,94
484,79	1533,93
485,00	1505,26
485,21	1458,15
485,42	1429,48
485,63	1548,26
485,84	1593,32
486,05	1390,57
486,26	1495,02
486,47	1652,71
486,68	1513,45
486,89	1515,50
487,10	1425,39
487,31	1503,21
487,52	1472,49
487,73	1548,26
487,94	1538,02
488,15	1466,35
488,36	1568,74
488,57	1409,00
488,77	1507,30
488,98	1476,59
489,19	1517,54
489,40	1495,02
489,61	1533,93
489,82	1460,20
490,03	1628,14
490,24	1345,52
490,45	1509,35
490,66	1452,01
490,87	1544,17
491,08	1484,78
491,29	1566,70
491,50	1413,10
491,71	1468,39
491,92	1544,17
492,13	1533,93
492,33	1456,11
492,54	1515,50
492,75	1427,43
492,96	1468,39
493,17	1511,40
493,38	1484,78
493,59	1411,05
493,80	1531,88
494,01	1574,89
494,22	1468,39
494,43	1449,96
494,64	1517,54
494,85	1572,84
495,05	1546,22
495,26	1505,26
495,47	1640,42
495,68	1523,69
495,89	1472,49
496,10	1415,15
496,31	1503,21
496,52	1544,17
496,73	1560,55
496,94	1501,16
497,15	1630,18
497,35	1587,18
497,56	1562,60
497,77	1513,45
497,98	1523,69
498,19	1535,98
498,40	1499,11
498,61	1540,07
498,82	1513,45
499,03	1572,84
499,23	1554,41
499,44	1501,16
499,65	1505,26
499,86	1503,21
500,07	1515,50
500,28	1505,26
500,49	1419,24
500,70	1427,43
500,91	1492,97
501,11	1456,11
501,32	1570,79
501,53	1523,69
501,74	1558,50
501,95	1458,15
502,16	1564,65
502,37	1478,63
502,57	1499,11
502,78	1617,90
502,99	1447,91
503,20	1546,22
503,41	1527,78
503,62	1523,69
503,83	1595,37
504,03	1527,78
504,24	1599,46
504,45	1576,94
504,66	1474,54
504,87	1529,83
505,08	1521,64
505,29	1535,98
505,49	1435,63
505,70	1507,30
505,91	1519,59
506,12	1484,78
506,33	1513,45
506,54	1525,74
506,75	1626,09
506,95	1470,44
507,16	1583,08
507,37	1525,74
507,58	1570,79
507,79	1464,30
508,00	1589,22
508,20	1454,06
508,41	1464,30
508,62	1576,94
508,83	1546,22
509,04	1468,39
509,24	1511,40
509,45	1818,60
509,66	1525,74
509,87	1484,78
510,08	1595,37
510,29	1574,89
510,49	1478,63
510,70	1427,43
510,91	1495,02
511,12	1552,36
511,33	1517,54
511,53	1458,15
511,74	1509,35
511,95	1439,72
512,16	1566,70
512,37	1603,56
512,57	1546,22
512,78	1501,16
512,99	1564,65
513,20	1597,42
513,41	1630,18
513,61	1427,43
513,82	1578,98
514,03	1542,12
514,24	1568,74
514,45	1527,78
514,65	1538,02
514,86	1480,68
515,07	1568,74
515,28	1552,36
515,49	1531,88
515,69	1560,55
515,90	1513,45
516,11	1597,42
516,32	1552,36
516,52	1517,54
516,73	1587,18
516,94	1572,84
517,15	1525,74
517,36	1538,02
517,56	1570,79
517,77	1505,26
517,98	1644,52
518,19	1554,41
518,39	1552,36
518,60	1486,83
518,81	1554,41
519,02	1503,21
519,22	1513,45
519,43	1581,03
519,64	1523,69
519,85	1466,35
520,05	1648,61
520,26	1488,87
520,47	1578,98
520,68	1447,91
520,88	1423,34
521,09	1570,79
521,30	1550,31
521,51	1523,69
521,71	1517,54
521,92	1564,65
522,13	1476,59
522,34	1535,98
522,54	1505,26
522,75	1542,12
522,96	1587,18
523,17	1533,93
523,37	1540,07
523,58	1484,78
523,79	1511,40
523,99	1531,88
524,20	1497,07
524,41	1538,02
524,62	1656,81
524,82	1617,90
525,03	1527,78
525,24	1468,39
525,45	1531,88
525,65	1476,59
525,86	1552,36
526,07	1552,36
526,27	1480,68
526,48	1527,78
526,69	1595,37
526,90	1501,16
527,10	1562,60
527,31	1507,30
527,52	1509,35
527,72	1576,94
527,93	1562,60
528,14	1519,59
528,34	1478,63
528,55	1445,87
528,76	1550,31
528,97	1458,15
529,17	1611,75
529,38	1460,20
529,59	1626,09
529,79	1515,50
530,00	1519,59
530,21	1576,94
530,41	1509,35
530,62	1509,35
530,83	1499,11
531,03	1568,74
531,24	1558,50
531,45	1533,93
531,65	1566,70
531,86	1597,42
532,07	1538,02
532,27	1505,26
532,48	1523,69
532,69	1449,96
532,89	1611,75
533,10	1484,78
533,31	1540,07
533,51	1464,30
533,72	1527,78
533,93	1525,74
534,13	1431,53
534,34	1427,43
534,55	1556,46
534,75	1525,74
534,96	1546,22
535,17	1542,12
535,37	1632,23
535,58	1572,84
535,79	1503,21
535,99	1538,02
536,20	1521,64
536,41	1484,78
536,61	1601,51
536,82	1542,12
537,03	1425,39
537,23	1472,49
537,44	1515,50
537,64	1490,92
537,85	1511,40
538,06	1540,07
538,26	1533,93
538,47	1581,03
538,68	1452,01
538,88	1558,50
539,09	1511,40
539,30	1484,78
539,50	1538,02
539,71	1515,50
539,91	1535,98
540,12	1517,54
540,33	1578,98
540,53	1499,11
540,74	1488,87
540,94	1499,11
541,15	1480,68
541,36	1429,48
541,56	1529,83
541,77	1570,79
541,98	1593,32
542,18	1542,12
542,39	1501,16
542,59	1466,35
542,80	1517,54
543,01	1427,43
543,21	1550,31
543,42	1505,26
543,62	1570,79
543,83	1484,78
544,04	1490,92
544,24	1554,41
544,45	1509,35
544,65	1492,97
544,86	1570,79
545,06	1492,97
545,27	1542,12
545,48	1490,92
545,68	1595,37
545,89	1538,02
546,09	1533,93
546,30	1468,39
546,51	1550,31
546,71	1517,54
546,92	1535,98
547,12	1488,87
547,33	1511,40
547,53	1490,92
547,74	1531,88
547,95	1419,24
548,15	1466,35
548,36	1456,11
548,56	1503,21
548,77	1486,83
548,97	1591,27
549,18	1406,95
549,39	1542,12
549,59	1562,60
549,80	1437,67
550,00	1429,48
550,21	1495,02
550,41	1478,63
550,62	1480,68
550,82	1521,64
551,03	1495,02
551,23	1525,74
551,44	1449,96
551,65	1566,70
551,85	1472,49
552,06	1484,78
552,26	1495,02
552,47	1554,41
552,67	1421,29
552,88	1507,30
553,08	1540,07
553,29	1562,60
553,49	1503,21
553,70	1517,54
553,90	1517,54
554,11	1449,96
554,32	1482,73
554,52	1521,64
554,73	1513,45
554,93	1484,78
555,14	1441,77
555,34	1521,64
555,55	1615,85
555,75	1503,21
555,96	1525,74
556,16	1464,30
556,37	1542,12
556,57	1400,81
556,78	1533,93
556,98	1517,54
557,19	1544,17
557,39	1476,59
557,60	1525,74
557,80	1452,01
558,01	1486,83
558,21	1456,11
558,42	1527,78
558,62	1521,64
558,83	1591,27
559,03	1382,38
559,24	1550,31
559,44	1462,25
559,65	1495,02
559,85	1509,35
560,06	1466,35
560,26	1513,45
560,47	1488,87
560,67	1501,16
560,88	1617,90
561,08	1583,08
561,29	1634,28
561,49	1478,63
561,70	1509,35
561,90	1535,98
562,10	1572,84
562,31	1478,63
562,51	1509,35
562,72	1501,16
562,92	1562,60
563,13	1558,50
563,33	1488,87
563,54	1572,84
563,74	1578,98
563,95	1511,40
564,15	1546,22
564,36	1499,11
564,56	1581,03
564,76	1501,16
564,97	1517,54
565,17	1552,36
565,38	1624,04
565,58	1589,22
565,79	1585,13
565,99	1497,07
566,20	1583,08
566,40	1505,26
566,60	1550,31
566,81	1562,60
567,01	1687,53
567,22	1583,08
567,42	1574,89
567,63	1523,69
567,83	1560,55
568,04	1554,41
568,24	1564,65
568,44	1660,90
568,65	1507,30
568,85	1568,74
569,06	1585,13
569,26	1570,79
569,47	1544,17
569,67	1462,25
569,87	1585,13
570,08	1619,94
570,28	1634,28
570,49	1513,45
570,69	1601,51
570,89	1656,81
571,10	1621,99
571,30	1540,07
571,51	1470,44
571,71	1578,98
571,91	1566,70
572,12	1574,89
572,32	1624,04
572,53	1515,50
572,73	1708,01
572,93	1611,75
573,14	1515,50
573,34	1566,70
573,55	1521,64
573,75	1585,13
573,95	1501,16
574,16	1550,31
574,36	1560,55
574,57	1523,69
574,77	1527,78
574,97	1576,94
575,18	1601,51
575,38	1595,37
575,59	1585,13
575,79	1486,83
575,99	1613,80
576,20	1540,07
576,40	1574,89
576,60	1597,42
576,81	1554,41
577,01	1589,22
577,22	1677,29
577,42	1505,26
577,62	1615,85
577,83	1501,16
578,03	1538,02
578,23	1583,08
578,44	1576,94
578,64	1603,56
578,84	1613,80
579,05	1550,31
579,25	1613,80
579,45	1454,06
579,66	1505,26
579,86	1501,16
580,07	1607,66
580,27	1613,80
580,47	1521,64
580,68	1411,05
580,88	1679,33
581,08	1531,88
581,29	1466,35
581,49	1527,78
581,69	1621,99
581,90	1503,21
582,10	1527,78
582,30	1519,59
582,51	1607,66
582,71	1517,54
582,91	1458,15
583,12	1554,41
583,32	1511,40
583,52	1566,70
583,73	1517,54
583,93	1550,31
584,13	1583,08
584,34	1560,55
584,54	1601,51
584,74	1595,37
584,94	1462,25
585,15	1554,41
585,35	1609,70
585,55	1603,56
585,76	1556,46
585,96	1632,23
586,16	1628,14
586,37	1470,44
586,57	1540,07
586,77	1572,84
586,98	1599,46
587,18	1560,55
587,38	1597,42
587,58	1585,13
587,79	1576,94
587,99	1603,56
588,19	1548,26
588,40	1468,39
588,60	1609,70
588,80	1486,83
589,00	1552,36
589,21	1583,08
589,41	1564,65
589,61	1652,71
589,82	1591,27
590,02	1550,31
590,22	1642,47
590,42	1613,80
590,63	1662,95
590,83	1548,26
591,03	1658,85
591,23	1593,32
591,44	1581,03
591,64	1595,37
591,84	1591,27
592,05	1605,61
592,25	1751,01
592,45	1574,89
592,65	1482,73
592,86	1566,70
593,06	1587,18
593,26	1556,46
593,46	1570,79
593,67	1603,56
593,87	1593,32
594,07	1550,31
594,27	1624,04
594,48	1540,07
594,68	1658,85
594,88	1546,22
595,08	1619,94
595,29	1619,94
595,49	1652,71
595,69	1609,70
595,89	1519,59
596,10	1667,05
596,30	1525,74
596,50	1525,74
596,70	1587,18
596,90	1597,42
597,11	1435,63
597,31	1492,97
597,51	1564,65
597,71	1628,14
597,92	1648,61
598,12	1585,13
598,32	1583,08
598,52	1566,70
598,72	1656,81
598,93	1589,22
599,13	1718,25
599,33	1562,60
599,53	1714,15
599,74	1601,51
599,94	1593,32
600,14	1574,89
600,34	1595,37
600,54	1603,56
600,75	1617,90
600,95	1513,45
601,15	1581,03
601,35	1630,18
601,55	1546,22
601,76	1583,08
601,96	1708,01
602,16	1593,32
602,36	1658,85
602,56	1523,69
602,76	1554,41
602,97	1560,55
603,17	1576,94
603,37	1597,42
603,57	1667,05
603,77	1492,97
603,98	1673,19
604,18	1546,22
604,38	1540,07
604,58	1591,27
604,78	1546,22
604,98	1505,26
605,19	1624,04
605,39	1527,78
605,59	1611,75
605,79	1607,66
605,99	1533,93
606,19	1607,66
606,40	1558,50
606,60	1640,42
606,80	1486,83
607,00	1519,59
607,20	1495,02
607,40	1529,83
607,61	1599,46
607,81	1601,51
608,01	1581,03
608,21	1626,09
608,41	1525,74
608,61	1523,69
608,81	1484,78
609,02	1437,67
609,22	1566,70
609,42	1578,98
609,62	1611,75
609,82	1519,59
610,02	1552,36
610,22	1497,07
610,43	1454,06
610,63	1519,59
610,83	1601,51
611,03	1640,42
611,23	1593,32
611,43	1589,22
611,63	1527,78
611,83	1566,70
612,04	1535,98
612,24	1644,52
612,44	1535,98
612,64	1554,41
612,84	1554,41
613,04	1546,22
613,24	1544,17
613,44	1531,88
613,64	1576,94
613,85	1626,09
614,05	1572,84
614,25	1460,20
614,45	1568,74
614,65	1691,62
614,85	1599,46
615,05	1462,25
615,25	1634,28
615,45	1611,75
615,65	1656,81
615,86	1673,19
616,06	1595,37
616,26	1595,37
616,46	1665,00
616,66	1617,90
616,86	1638,38
617,06	1621,99
617,26	1640,42
617,46	1640,42
617,66	1619,94
617,86	1673,19
618,07	1642,47
618,27	1679,33
618,47	1558,50
618,67	1640,42
618,87	1646,57
619,07	1691,62
619,27	1734,63
619,47	1615,85
619,67	1748,97
619,87	1546,22
620,07	1708,01
620,27	1677,29
620,47	1718,25
620,67	1675,24
620,87	1644,52
621,07	1705,96
621,28	1687,53
621,48	1728,49
621,68	1685,48
621,88	1677,29
622,08	1669,09
622,28	1652,71
622,48	1775,59
622,68	1710,05
622,88	1712,10
623,08	1748,97
623,28	1830,88
623,48	1658,85
623,68	1722,34
623,88	1624,04
624,08	1753,06
624,28	1662,95
624,48	1710,05
624,68	1665,00
624,88	1757,16
625,08	1787,88
625,28	1902,56
625,48	1755,11
625,68	1759,21
625,88	1701,86
626,08	1693,67
626,28	1669,09
626,48	1699,81
626,68	1699,81
626,88	1761,25
627,08	1800,16
627,28	1845,22
627,48	1644,52
627,68	1716,20
627,88	1611,75
628,08	1767,40
628,28	1679,33
628,49	1726,44
628,68	1771,49
628,88	1763,30
629,08	1785,83
629,28	1810,40
629,48	1728,49
629,68	1779,68
629,88	1775,59
630,08	1816,55
630,28	1789,92
630,48	1804,26
630,68	1816,55
630,88	1757,16
631,08	1675,24
631,28	1888,23
631,48	1775,59
631,68	1800,16
631,88	1761,25
632,08	1818,60
632,28	1800,16
632,48	1865,70
632,68	1855,46
632,88	1857,51
633,08	1724,39
633,28	1794,02
633,48	1763,30
633,68	1769,44
633,88	1812,45
634,08	1877,99
634,28	1851,36
634,48	1867,75
634,68	1705,96
634,88	1791,97
635,08	1763,30
635,28	1765,35
635,48	1703,91
635,68	1798,12
635,87	1832,93
636,07	1916,90
636,27	1767,40
636,47	1832,93
636,67	1875,94
636,87	1839,08
637,07	1902,56
637,27	1820,64
637,47	1812,45
637,67	1849,32
637,87	1746,92
638,07	1945,57
638,27	1753,06
638,47	1935,33
638,67	1777,64
638,86	1914,85
639,06	1853,41
639,26	1861,60
639,46	1898,47
639,66	1888,23
639,86	1851,36
640,06	1949,67
640,26	1882,08
640,46	1918,95
640,66	1857,51
640,86	1914,85
641,06	1794,02
641,25	1937,38
641,45	1896,42
641,65	1892,32
641,85	1939,43
642,05	1871,84
642,25	1896,42
642,45	1898,47
642,65	1943,52
642,85	1964,00
643,05	1834,98
643,24	1906,66
643,44	1900,52
643,64	1939,43
643,84	1867,75
644,04	1916,90
644,24	1933,28
644,44	1896,42
644,64	1886,18
644,84	1931,23
645,03	1947,62
645,23	1990,63
645,43	1841,12
645,63	1990,63
645,83	1961,95
646,03	2035,68
646,23	1892,32
646,42	2021,35
646,62	1906,66
646,82	1929,19
647,02	1910,75
647,22	2013,15
647,42	1890,28
647,62	1974,24
647,82	1968,10
648,01	2123,74
648,21	1966,05
648,41	2088,93
648,61	2011,11
648,81	1984,48
649,01	1976,29
649,20	1945,57
649,40	1888,23
649,60	1904,61
649,80	1910,75
650,00	1961,95
650,20	1974,24
650,40	1961,95
650,59	1898,47
650,79	1896,42
650,99	1947,62
651,19	2052,06
651,39	1927,14
651,58	2050,02
651,78	2021,35
651,98	2035,68
652,18	1976,29
652,38	1998,82
652,58	1972,19
652,77	2021,35
652,97	2025,44
653,17	2025,44
653,37	2035,68
653,57	1998,82
653,77	2004,96
653,96	2097,12
654,16	2029,54
654,36	1994,72
654,56	2021,35
654,76	2105,31
654,95	1941,47
655,15	2037,73
655,35	2072,54
655,55	2033,63
655,75	2039,78
655,94	2080,74
656,14	2078,69
656,34	2191,33
656,54	2090,98
656,73	2052,06
656,93	2062,30
657,13	2150,37
657,33	2115,55
657,53	2146,27
657,72	2127,84
657,92	2076,64
658,12	2101,22
658,32	2215,90
658,52	2045,92
658,71	2129,89
658,91	2007,01
659,11	2193,37
659,31	2125,79
659,50	2170,85
659,70	2158,56
659,90	2263,01
660,10	2162,66
660,29	2236,38
660,49	2201,57
660,69	2256,86
660,89	2224,09
661,08	2279,39
661,28	2158,56
661,48	2234,33
661,68	2209,76
661,87	2254,81
662,07	2291,68
662,27	2207,71
662,47	2230,24
662,66	2283,49
662,86	2267,10
663,06	2256,86
663,26	2201,57
663,45	2260,96
663,65	2332,64
663,85	2308,06
664,05	2193,37
664,24	2308,06
664,44	2254,81
664,64	2279,39
664,84	2238,43
665,03	2412,51
665,23	2363,36
665,43	2271,20
665,62	2297,82
665,82	2375,64
666,02	2367,45
666,22	2367,45
666,41	2271,20
666,61	2349,02
666,81	2396,12
667,00	2344,92
667,20	2193,37
667,40	2334,68
667,60	2338,78
667,79	2269,15
667,99	2273,25
668,19	2193,37
668,38	2324,44
668,58	2234,33
668,78	2303,96
668,97	2281,44
669,17	2217,95
669,37	2058,21
669,57	2156,51
669,76	2152,42
669,96	2222,05
670,16	2033,63
670,35	2043,87
670,55	1980,39
670,75	2033,63
670,94	1998,82
671,14	2101,22
671,34	2007,01
671,53	2033,63
671,73	1931,23
671,93	1927,14
672,12	1865,70
672,32	1970,15
672,52	1900,52
672,71	1961,95
672,91	1927,14
673,11	2000,87
673,30	1920,99
673,50	1779,68
673,70	1931,23
673,89	1837,03
674,09	1867,75
674,29	1980,39
674,48	1804,26
674,68	1990,63
674,88	1781,73
675,07	1794,02
675,27	1822,69
675,46	1824,74
675,66	1697,77
675,86	1800,16
676,05	1814,50
676,25	1763,30
676,45	1716,20
676,64	1959,91
676,84	1779,68
677,04	1728,49
677,23	1841,12
677,43	1746,92
677,62	1736,68
677,82	1798,12
678,02	1751,01
678,21	1869,80
678,41	1791,97
678,61	1759,21
678,80	1761,25
679,00	1812,45
679,19	1804,26
679,39	1851,36
679,59	1789,92
679,78	1914,85
679,98	1871,84
680,17	1736,68
680,37	1826,79
680,57	1886,18
680,76	1920,99
680,96	1863,65
681,16	1718,25
681,35	1808,36
681,55	1853,41
681,74	1861,60
681,94	1785,83
682,13	1939,43
682,33	1791,97
682,53	1933,28
682,72	1863,65
682,92	1859,56
683,11	1859,56
683,31	2035,68
683,51	1892,32
683,70	2019,30
683,90	1978,34
684,09	2076,64
684,29	1869,80
684,48	1957,86
684,68	1968,10
684,88	2045,92
685,07	1941,47
685,27	1943,52
685,46	1896,42
685,66	2111,46
685,85	2013,15
686,05	2275,29
686,25	2054,11
686,44	2101,22
686,64	2019,30
686,83	2170,85
687,03	2101,22
687,22	2168,80
687,42	2082,78
687,61	2549,72
687,81	2058,21
688,01	2258,91
688,20	2250,72
688,40	2320,35
688,59	2000,87
688,79	2318,30
688,98	2127,84
689,18	2324,44
689,37	2263,01
689,57	2529,24
689,76	2129,89
689,96	2578,39
690,15	2234,33
690,35	2392,03
690,54	2320,35
690,74	2531,29
690,94	2373,60
691,13	2504,67
691,33	2516,95
691,52	2576,34
691,72	2578,39
691,91	2631,64
692,11	2447,32
692,30	2639,83
692,50	2521,05
692,69	2697,17
692,89	2570,20
693,08	2588,63
693,28	2637,78
693,47	2760,66
693,67	2645,98
693,86	2703,32
694,06	2615,26
694,25	2701,27
694,45	2516,95
694,64	2631,64
694,84	2525,15
695,03	2836,44
695,23	2443,23
695,42	2717,65
695,62	2338,78
695,81	2607,06
696,01	2408,41
696,20	2506,71
696,40	2398,17
696,59	2467,80
696,78	2369,50
696,98	2381,79
697,17	2240,48
697,37	2363,36
697,56	2246,62
697,76	2340,83
697,95	2095,07
698,15	2328,54
698,34	2127,84
698,54	2101,22
698,73	2054,11
698,93	2103,26
699,12	1918,95
699,32	2004,96
699,51	1976,29
699,70	1837,03
699,90	1839,08
700,09	1933,28
700,29	1744,87
700,48	1671,14
700,68	1656,81
700,87	1769,44
701,07	1683,43
701,26	1640,42
701,45	1646,57
701,65	1710,05
701,84	1564,65
702,04	1505,26
702,23	1531,88
702,43	1574,89
702,62	1544,17
702,81	1531,88
703,01	1501,16
703,20	1685,48
703,40	1505,26
703,59	1499,11
703,79	1550,31
703,98	1505,26
704,17	1470,44
704,37	1499,11
704,56	1540,07
704,76	1544,17
704,95	1452,01
705,14	1490,92
705,34	1466,35
705,53	1423,34
705,73	1460,20
705,92	1548,26
706,11	1513,45
706,31	1390,57
706,50	1488,87
706,70	1480,68
706,89	1458,15
707,08	1460,20
707,28	1492,97
707,47	1409,00
707,67	1513,45
707,86	1474,54
708,05	1421,29
708,25	1394,67
708,44	1423,34
708,64	1372,14
708,83	1472,49
709,02	1443,82
709,22	1540,07
709,41	1402,86
709,60	1548,26
709,80	1476,59
709,99	1372,14
710,19	1376,24
710,38	1376,24
710,57	1361,90
710,77	1423,34
710,96	1400,81
711,15	1398,76
711,35	1374,19
711,54	1437,67
711,73	1368,04
711,93	1337,32
712,12	1419,24
712,31	1402,86
712,51	1404,91
712,70	1388,52
712,89	1404,91
713,09	1380,33
713,28	1345,52
713,48	1511,40
713,67	1366,00
713,86	1406,95
714,06	1406,95
714,25	1320,94
714,44	1474,54
714,64	1472,49
714,83	1384,43
715,02	1351,66
715,22	1497,07
715,41	1443,82
715,60	1406,95
715,79	1423,34
715,99	1419,24
716,18	1458,15
716,37	1452,01
716,57	1488,87
716,76	1439,72
716,95	1464,30
717,15	1443,82
717,34	1413,10
717,53	1413,10
717,73	1384,43
717,92	1402,86
718,11	1435,63
718,31	1411,05
718,50	1396,71
718,69	1400,81
718,88	1464,30
719,08	1439,72
719,27	1425,39
719,46	1488,87
719,66	1382,38
719,85	1374,19
720,04	1415,15
720,23	1423,34
720,43	1351,66
720,62	1372,14
720,81	1279,98
721,01	1396,71
721,20	1464,30
721,39	1374,19
721,58	1384,43
721,78	1419,24
721,97	1398,76
722,16	1478,63
722,35	1443,82
722,55	1394,67
722,74	1505,26
722,93	1421,29
723,13	1390,57
723,32	1402,86
723,51	1343,47
723,70	1445,87
723,90	1384,43
724,09	1372,14
724,28	1404,91
724,47	1482,73
724,67	1409,00
724,86	1368,04
725,05	1513,45
725,24	1415,15
725,44	1355,76
725,63	1429,48
725,82	1482,73
726,01	1476,59
726,21	1505,26
726,40	1384,43
726,59	1452,01
726,78	1423,34
726,97	1345,52
727,17	1394,67
727,36	1431,53
727,55	1380,33
727,74	1333,23
727,94	1421,29
728,13	1468,39
728,32	1415,15
728,51	1345,52
728,70	1376,24
728,90	1400,81
729,09	1427,43
729,28	1378,28
729,47	1396,71
729,66	1400,81
729,86	1400,81
730,05	1302,51
730,24	1454,06
730,43	1427,43
730,63	1398,76
730,82	1466,35
731,01	1419,24
731,20	1341,42
731,39	1474,54
731,58	1374,19
731,78	1447,91
731,97	1378,28
732,16	1304,56
732,35	1443,82
732,54	1445,87
732,74	1449,96
732,93	1460,20
733,12	1454,06
733,31	1398,76
733,50	1406,95
733,69	1386,47
733,89	1431,53
734,08	1439,72
734,27	1445,87
734,46	1462,25
734,65	1378,28
734,84	1474,54
735,04	1411,05
735,23	1386,47
735,42	1304,56
735,61	1363,95
735,80	1476,59
735,99	1398,76
736,19	1368,04
736,38	1382,38
736,57	1359,85
736,76	1439,72
736,95	1421,29
737,14	1331,18
737,33	1400,81
737,53	1396,71
737,72	1382,38
737,91	1341,42
738,10	1464,30
738,29	1384,43
738,48	1390,57
738,67	1417,19
738,87	1470,44
739,06	1431,53
739,25	1441,77
739,44	1372,14
739,63	1427,43
739,82	1419,24
740,01	1357,80
740,20	1425,39
740,40	1390,57
740,59	1439,72
740,78	1402,86
740,97	1390,57
741,16	1445,87
741,35	1499,11
741,54	1406,95
741,73	1406,95
741,92	1368,04
742,12	1409,00
742,31	1361,90
742,50	1540,07
742,69	1449,96
742,88	1441,77
743,07	1384,43
743,26	1419,24
743,45	1462,25
743,64	1419,24
743,83	1456,11
744,02	1390,57
744,22	1409,00
744,41	1507,30
744,60	1406,95
744,79	1470,44
744,98	1409,00
745,17	1363,95
745,36	1329,13
745,55	1445,87
745,74	1380,33
745,93	1429,48
746,12	1392,62
746,31	1388,52
746,50	1411,05
746,70	1400,81
746,89	1398,76
747,08	1431,53
747,27	1411,05
747,46	1329,13
747,65	1449,96
747,84	1443,82
748,03	1437,67
748,22	1486,83
748,41	1458,15
748,60	1441,77
748,79	1419,24
748,98	1404,91
749,17	1398,76
749,36	1447,91
749,55	1419,24
749,74	1419,24
749,93	1492,97
750,12	1388,52
750,31	1394,67
750,50	1421,29
750,70	1433,58
750,89	1486,83
751,08	1581,03
751,27	1460,20
751,46	1398,76
751,65	1437,67
751,84	1460,20
752,03	1374,19
752,22	1372,14
752,41	1396,71
752,60	1452,01
752,79	1386,47
752,98	1406,95
753,17	1519,59
753,36	1447,91
753,55	1460,20
753,74	1413,10
753,93	1460,20
754,12	1368,04
754,31	1482,73
754,50	1531,88
754,69	1443,82
754,88	1495,02
755,07	1386,47
755,26	1390,57
755,45	1372,14
755,64	1384,43
755,83	1452,01
756,02	1476,59
756,21	1351,66
756,40	1501,16
756,59	1413,10
756,78	1468,39
756,97	1423,34
757,16	1386,47
757,35	1398,76
757,54	1435,63
757,72	1513,45
757,91	1398,76
758,10	1439,72
758,29	1345,52
758,48	1527,78
758,67	1382,38
758,86	1456,11
759,05	1413,10
759,24	1546,22
759,43	1413,10
759,62	1435,63
759,81	1427,43
760,00	1542,12
760,19	1398,76
760,38	1603,56
760,57	1411,05
760,76	1421,29
760,95	1474,54
761,14	1310,70
761,33	1431,53
761,52	1478,63
761,70	1343,47
761,89	1384,43
762,08	1441,77
762,27	1474,54
762,46	1431,53
762,65	1470,44
762,84	1404,91
763,03	1363,95
763,22	1435,63
763,41	1429,48
763,60	1429,48
763,79	1458,15
763,98	1445,87
764,16	1466,35
764,35	1429,48
764,54	1464,30
764,73	1503,21
764,92	1501,16
765,11	1511,40
765,30	1452,01
765,49	1406,95
765,68	1439,72
765,87	1517,54
766,06	1351,66
766,24	1542,12
766,43	1390,57
766,62	1437,67
766,81	1427,43
767,00	1521,64
767,19	1411,05
767,38	1443,82
767,57	1370,09
767,76	1357,80
767,94	1546,22
768,13	1415,15
768,32	1431,53
768,51	1447,91
768,70	1429,48
768,89	1478,63
769,08	1431,53
769,27	1531,88
769,45	1402,86
769,64	1470,44
769,83	1415,15
770,02	1433,58
770,21	1480,68
770,40	1445,87
770,59	1384,43
770,77	1519,59
770,96	1515,50
771,15	1478,63
771,34	1400,81
771,53	1552,36
771,72	1458,15
771,91	1415,15
772,09	1482,73
772,28	1437,67
772,47	1445,87
772,66	1492,97
772,85	1415,15
773,04	1441,77
773,22	1495,02
773,41	1429,48
773,60	1445,87
773,79	1435,63
773,98	1415,15
774,17	1433,58
774,35	1435,63
774,54	1472,49
774,73	1578,98
774,92	1445,87
775,11	1447,91
775,30	1490,92
775,48	1439,72
775,67	1462,25
775,86	1411,05
776,05	1437,67
776,24	1437,67
776,42	1415,15
776,61	1505,26
776,80	1392,62
776,99	1472,49
777,18	1437,67
777,36	1357,80
777,55	1400,81
777,74	1511,40
777,93	1488,87
778,12	1476,59
778,30	1519,59
778,49	1429,48
778,68	1415,15
778,87	1478,63
779,06	1447,91
779,24	1472,49
779,43	1499,11
779,62	1449,96
779,81	1468,39
779,99	1433,58
780,18	1454,06
780,37	1497,07
780,56	1529,83
780,75	1490,92
780,93	1431,53
781,12	1435,63
781,31	1415,15
781,50	1445,87
781,68	1425,39
781,87	1495,02
782,06	1372,14
782,25	1427,43
782,43	1480,68
782,62	1456,11
782,81	1390,57
783,00	1431,53
783,18	1390,57
783,37	1445,87
783,56	1460,20
783,75	1449,96
783,93	1396,71
784,12	1361,90
784,31	1527,78
784,50	1476,59
784,68	1501,16
784,87	1427,43
785,06	1490,92
785,24	1490,92
785,43	1535,98
785,62	1519,59
785,81	1476,59
785,99	1433,58
786,18	1390,57
786,37	1435,63
786,56	1322,99
786,74	1417,19
786,93	1507,30
787,12	1433,58
787,30	1433,58
787,49	1562,60
787,68	1400,81
787,87	1474,54
788,05	1470,44
788,24	1394,67
788,43	1427,43
788,61	1474,54
788,80	1484,78
788,99	1435,63
789,17	1456,11
789,36	1458,15
789,55	1495,02
789,73	1452,01
789,92	1439,72
790,11	1505,26
790,30	1443,82
790,48	1439,72
790,67	1472,49
790,86	1460,20
791,04	1435,63
791,23	1472,49
791,42	1527,78
791,60	1425,39
791,79	1464,30
791,98	1437,67
792,16	1476,59
792,35	1488,87
792,54	1435,63
792,72	1445,87
792,91	1527,78
793,10	1466,35
793,28	1415,15
793,47	1433,58
793,66	1398,76
793,84	1460,20
794,03	1456,11
794,22	1386,47
794,40	1433,58
794,59	1435,63
794,77	1406,95
794,96	1413,10
795,15	1523,69
795,33	1402,86
795,52	1443,82
795,71	1335,28
795,89	1376,24
796,08	1466,35
796,27	1456,11
796,45	1406,95
796,64	1353,71
796,82	1429,48
797,01	1421,29
797,20	1499,11
797,38	1351,66
797,57	1386,47
797,76	1460,20
797,94	1372,14
798,13	1449,96
798,31	1392,62
798,50	1474,54
798,69	1419,24
798,87	1363,95
799,06	1437,67
799,24	1423,34
799,43	1466,35
799,62	1372,14
799,80	1460,20
799,99	1554,41
800,17	1417,19
800,36	1513,45
800,55	1386,47
800,73	1425,39
800,92	1472,49
801,10	1361,90
801,29	1441,77
801,48	1400,81
801,66	1372,14
801,85	1359,85
802,03	1409,00
802,22	1443,82
802,40	1480,68
802,59	1415,15
802,78	1337,32
802,96	1402,86
803,15	1521,64
803,33	1490,92
803,52	1388,52
803,70	1382,38
803,89	1318,89
804,08	1464,30
804,26	1441,77
804,45	1538,02
804,63	1361,90
804,82	1449,96
805,00	1445,87
805,19	1417,19
805,37	1429,48
805,56	1472,49
805,74	1404,91
805,93	1359,85
806,12	1376,24
806,30	1435,63
806,49	1460,20
806,67	1433,58
806,86	1402,86
807,04	1499,11
807,23	1388,52
807,41	1279,98
807,60	1351,66
807,78	1429,48
807,97	1726,44
808,15	1337,32
808,34	1460,20
808,52	1413,10
808,71	1392,62
808,89	1562,60
809,08	1456,11
809,27	1406,95
809,45	1341,42
809,64	1423,34
809,82	1462,25
810,01	1396,71
810,19	1486,83
810,38	1396,71
810,56	1388,52
810,75	1396,71
810,93	1370,09
811,12	1402,86
811,30	1429,48
811,49	1341,42
811,67	1540,07
811,85	1445,87
812,04	1427,43
812,22	1431,53
812,41	1435,63
812,59	1400,81
812,78	1378,28
812,96	1449,96
813,15	1443,82
813,33	1409,00
813,52	1454,06
813,70	1441,77
813,89	1439,72
814,07	1423,34
814,26	1421,29
814,44	1439,72
814,63	1486,83
814,81	1359,85
815,00	1402,86
815,18	1345,52
815,36	1425,39
815,55	1366,00
815,73	1413,10
815,92	1513,45
816,10	1454,06
816,29	1435,63
816,47	1374,19
816,66	1462,25
816,84	1456,11
817,02	1480,68
817,21	1470,44
817,39	1429,48
817,58	1372,14
817,76	1376,24
817,95	1382,38
818,13	1366,00
818,32	1419,24
818,50	1386,47
818,68	1404,91
818,87	1423,34
819,05	1396,71
819,24	1398,76
819,42	1546,22
819,60	1470,44
819,79	1470,44
819,97	1370,09
820,16	1433,58
820,34	1460,20
820,53	1345,52
820,71	1429,48
820,89	1490,92
821,08	1435,63
821,26	1400,81
821,45	1382,38
821,63	1329,13
821,81	1394,67
822,00	1400,81
822,18	1409,00
822,37	1433,58
822,55	1382,38
822,73	1427,43
822,92	1456,11
823,10	1406,95
823,28	1433,58
823,47	1425,39
823,65	1398,76
823,84	1441,77
824,02	1392,62
824,20	1466,35
824,39	1449,96
824,57	1447,91
824,75	1529,83
824,94	1415,15
825,12	1497,07
825,31	1308,65
825,49	1486,83
825,67	1394,67
825,86	1482,73
826,04	1437,67
826,22	1492,97
826,41	1427,43
826,59	1366,00
826,77	1404,91
826,96	1468,39
827,14	1413,10
827,32	1339,37
827,51	1421,29
827,69	1476,59
827,87	1386,47
828,06	1486,83
828,24	1484,78
828,42	1427,43
828,61	1468,39
828,79	1392,62
828,97	1400,81
829,16	1390,57
829,34	1468,39
829,52	1374,19
829,71	1470,44
829,89	1411,05
830,07	1390,57
830,26	1478,63
830,44	1400,81
830,62	1492,97
830,81	1431,53
830,99	1443,82
831,17	1488,87
831,36	1384,43
831,54	1443,82
831,72	1421,29
831,91	1376,24
832,09	1439,72
832,27	1372,14
832,45	1433,58
832,64	1370,09
832,82	1470,44
833,00	1390,57
833,19	1411,05
833,37	1449,96
833,55	1333,23
833,73	1429,48
833,92	1490,92
834,10	1374,19
834,28	1353,71
834,47	1533,93
834,65	1417,19
834,83	1454,06
835,01	1497,07
835,20	1415,15
835,38	1390,57
835,56	1419,24
835,74	1396,71
835,93	1445,87
836,11	1439,72
836,29	1441,77
836,47	1433,58
836,66	1452,01
836,84	1437,67
837,02	1454,06
837,21	1458,15
837,39	1472,49
837,57	1425,39
837,75	1492,97
837,94	1413,10
838,12	1398,76
838,30	1421,29
838,48	1390,57
838,66	1413,10
838,85	1497,07
839,03	1380,33
839,21	1392,62
839,39	1347,56
839,58	1433,58
839,76	1372,14
839,94	1478,63
840,12	1411,05
840,31	1497,07
840,49	1456,11
840,67	1413,10
840,85	1363,95
841,03	1423,34
841,22	1423,34
841,40	1476,59
841,58	1413,10
841,76	1353,71
841,94	1427,43
842,13	1476,59
842,31	1503,21
842,49	1433,58
842,67	1388,52
842,85	1466,35
843,04	1519,59
843,22	1435,63
843,40	1431,53
843,58	1486,83
843,76	1435,63
843,95	1499,11
844,13	1425,39
844,31	1380,33
844,49	1495,02
844,67	1372,14
844,86	1374,19
845,04	1411,05
845,22	1396,71
845,40	1437,67
845,58	1462,25
845,76	1400,81
845,95	1382,38
846,13	1392,62
846,31	1462,25
846,49	1419,24
846,67	1435,63
846,85	1413,10
847,04	1521,64
847,22	1402,86
847,40	1392,62
847,58	1454,06
847,76	1439,72
847,94	1392,62
848,12	1388,52
848,31	1445,87
848,49	1470,44
848,67	1357,80
848,85	1482,73
849,03	1490,92
849,21	1447,91
849,39	1392,62
849,58	1566,70
849,76	1486,83
849,94	1480,68
850,12	1419,24
850,30	1468,39
850,48	1503,21
850,66	1488,87
850,84	1476,59
851,03	1464,30
851,21	1517,54
851,39	1484,78
851,57	1441,77
851,75	1435,63
851,93	1478,63
852,11	1486,83
852,29	1452,01
852,47	1423,34
852,66	1445,87
852,84	1351,66
853,02	1417,19
853,20	1515,50
853,38	1529,83
853,56	1478,63
853,74	1413,10
853,92	1505,26
854,10	1378,28
854,28	1460,20
854,46	1433,58
854,65	1472,49
854,83	1433,58
855,01	1452,01
855,19	1478,63
855,37	1466,35
855,55	1490,92
855,73	1521,64
855,91	1452,01
856,09	1456,11
856,27	1472,49
856,45	1452,01
856,63	1509,35
856,81	1417,19
857,00	1507,30
857,18	1423,34
857,36	1417,19
857,54	1490,92
857,72	1525,74
857,90	1449,96
858,08	1476,59
858,26	1460,20
858,44	1454,06
858,62	1527,78
858,80	1351,66
858,98	1472,49
859,16	1366,00
859,34	1458,15
859,52	1411,05
859,70	1533,93
859,88	1474,54
860,06	1464,30
860,24	1402,86
860,42	1406,95
860,60	1437,67
860,78	1503,21
860,96	1402,86
861,14	1466,35
861,32	1435,63
861,50	1388,52
861,69	1492,97
861,87	1468,39
862,05	1458,15
862,23	1433,58
862,41	1492,97
862,59	1425,39
862,77	1452,01
862,95	1398,76
863,13	1437,67
863,31	1454,06
863,49	1390,57
863,67	1402,86
863,85	1345,52
864,03	1431,53
864,21	1421,29
864,39	1458,15
864,57	1488,87
864,75	1347,56
864,92	1492,97
865,10	1509,35
865,28	1460,20
865,46	1396,71
865,64	1396,71
865,82	1382,38
866,00	1443,82
866,18	1437,67
866,36	1392,62
866,54	1501,16
866,72	1462,25
866,90	1583,08
867,08	1497,07
867,26	1419,24
867,44	1466,35
867,62	1376,24
867,80	1466,35
867,98	1529,83
868,16	1433,58
868,34	1452,01
868,52	1433,58
868,70	1445,87
868,88	1415,15
869,06	1480,68
869,24	1466,35
869,42	1437,67
869,59	1452,01
869,77	1535,98
869,95	1415,15
870,13	1447,91
870,31	1402,86
870,49	1441,77
870,67	1380,33
870,85	1347,56
871,03	1445,87
871,21	1529,83
871,39	1523,69
871,57	1415,15
871,75	1466,35
871,92	1470,44
872,10	1429,48
872,28	1425,39
872,46	1509,35
872,64	1419,24
872,82	1456,11
873,00	1347,56
873,18	1429,48
873,36	1413,10
873,54	1406,95
873,72	1417,19
873,89	1490,92
874,07	1433,58
874,25	1564,65
874,43	1443,82
874,61	1456,11
874,79	1376,24
874,97	1411,05
875,15	1466,35
875,33	1447,91
875,50	1452,01
875,68	1452,01
875,86	1445,87
876,04	1423,34
876,22	1482,73
876,40	1474,54
876,58	1521,64
876,76	1404,91
876,93	1482,73
877,11	1409,00
877,29	1486,83
877,47	1427,43
877,65	1472,49
877,83	1449,96
878,01	1433,58
878,18	1499,11
878,36	1378,28
878,54	1449,96
878,72	1437,67
878,90	1402,86
879,08	1515,50
879,25	1452,01
879,43	1394,67
879,61	1417,19
879,79	1400,81
879,97	1415,15
880,15	1472,49
880,32	1542,12
880,50	1507,30
880,68	1427,43
880,86	1468,39
881,04	1337,32
881,22	1398,76
881,39	1409,00
881,57	1488,87
881,75	1437,67
881,93	1458,15
882,11	1441,77
882,28	1529,83
882,46	1378,28
882,64	1431,53
882,82	1425,39
883,00	1472,49
883,18	1431,53
883,35	1425,39
883,53	1409,00
883,71	1400,81
883,89	1449,96
884,07	1456,11
884,24	1439,72
884,42	1443,82
884,60	1421,29
884,78	1497,07
884,95	1427,43
885,13	1480,68
885,31	1402,86
885,49	1439,72
885,67	1411,05
885,84	1396,71
886,02	1347,56
886,20	1458,15
886,38	1425,39
886,55	1390,57
886,73	1386,47
886,91	1507,30
887,09	1353,71
887,26	1431,53
887,44	1398,76
887,62	1452,01
887,80	1353,71
887,98	1390,57
888,15	1456,11
888,33	1402,86
888,51	1490,92
888,69	1542,12
888,86	1421,29
889,04	1443,82
889,22	1312,75
889,39	1521,64
889,57	1417,19
889,75	1396,71
889,93	1406,95
890,10	1499,11
890,28	1484,78
890,46	1517,54
890,64	1402,86
890,81	1472,49
890,99	1484,78
891,17	1404,91
891,34	1503,21
891,52	1472,49
891,70	1478,63
891,88	1499,11
892,05	1525,74
892,23	1433,58
892,41	1445,87
892,58	1402,86
892,76	1556,46
892,94	1390,57
893,12	1472,49
893,29	1433,58
893,47	1476,59
893,65	1347,56
893,82	1398,76
894,00	1429,48
894,18	1388,52
894,35	1431,53
894,53	1466,35
894,71	1439,72
894,89	1417,19
895,06	1386,47
895,24	1380,33
895,42	1413,10
895,59	1449,96
895,77	1431,53
895,95	1398,76
896,12	1396,71
896,30	1445,87
896,48	1378,28
896,65	1540,07
896,83	1409,00
897,01	1411,05
897,18	1445,87
897,36	1538,02
897,54	1462,25
897,71	1411,05
897,89	1468,39
898,07	1388,52
898,24	1404,91
898,42	1456,11
898,59	1452,01
898,77	1433,58
898,95	1386,47
899,12	1447,91
899,30	1452,01
899,48	1435,63
899,65	1427,43
899,83	1394,67
900,01	1447,91
900,18	1441,77
900,36	1458,15
900,53	1445,87
900,71	1513,45
900,89	1433,58
901,06	1490,92
901,24	1337,32
901,42	1394,67
901,59	1421,29
901,77	1509,35
901,94	1445,87
902,12	1398,76
902,30	1462,25
902,47	1472,49
902,65	1376,24
902,82	1462,25
903,00	1413,10
903,18	1452,01
903,35	1437,67
903,53	1464,30
903,70	1458,15
903,88	1435,63
904,06	1419,24
904,23	1468,39
904,41	1435,63
904,58	1437,67
904,76	1435,63
904,93	1433,58
905,11	1464,30
905,29	1517,54
905,46	1390,57
905,64	1542,12
905,81	1499,11
905,99	1460,20
906,16	1470,44
906,34	1392,62
906,52	1447,91
906,69	1384,43
906,87	1443,82
907,04	1429,48
907,22	1421,29
907,39	1464,30
907,57	1433,58
907,75	1476,59
907,92	1452,01
908,10	1441,77
908,27	1445,87
908,45	1374,19
908,62	1435,63
908,80	1458,15
908,97	1406,95
909,15	1449,96
909,32	1327,08
909,50	1466,35
909,67	1368,04
909,85	1468,39
910,03	1478,63
910,20	1449,96
910,38	1476,59
910,55	1472,49
910,73	1454,06
910,90	1447,91
911,08	1529,83
911,25	1400,81
911,43	1427,43
911,60	1423,34
911,78	1384,43
911,95	1382,38
912,13	1411,05
912,30	1490,92
912,48	1460,20
912,65	1441,77
912,83	1429,48
913,00	1452,01
913,18	1472,49
913,35	1413,10
913,53	1413,10
913,70	1497,07
913,88	1349,61
914,05	1429,48
914,23	1409,00
914,40	1474,54
914,58	1435,63
914,75	1521,64
914,93	1370,09
915,10	1402,86
915,27	1462,25
915,45	1417,19
915,62	1372,14
915,80	1366,00
915,97	1366,00
916,15	1456,11
916,32	1583,08
916,50	1415,15
916,67	1380,33
916,85	1429,48
917,02	1443,82
917,20	1497,07
917,37	1470,44
917,54	1542,12
917,72	1439,72
917,89	1392,62
918,07	1501,16
918,24	1441,77
918,42	1361,90
918,59	1398,76
918,77	1406,95
918,94	1423,34
919,11	1429,48
919,29	1347,56
919,46	1460,20
919,64	1398,76
919,81	1398,76
919,99	1394,67
920,16	1560,55
920,33	1404,91
920,51	1419,24
920,68	1437,67
920,86	1466,35
921,03	1419,24
921,20	1351,66
921,38	1458,15
921,55	1359,85
921,73	1372,14
921,90	1497,07
922,07	1447,91
922,25	1447,91
922,42	1509,35
922,60	1411,05
922,77	1439,72
922,94	1478,63
923,12	1421,29
923,29	1511,40
923,47	1382,38
923,64	1411,05
923,81	1560,55
923,99	1396,71
924,16	1466,35
924,34	1429,48
924,51	1431,53
924,68	1542,12
924,86	1443,82
925,03	1419,24
925,20	1474,54
925,38	1488,87
925,55	1492,97
925,72	1492,97
925,90	1349,61
926,07	1396,71
926,25	1366,00
926,42	1447,91
926,59	1505,26
926,77	1417,19
926,94	1464,30
927,11	1423,34
927,29	1470,44
927,46	1355,76
927,63	1458,15
927,81	1480,68
927,98	1427,43
928,15	1486,83
928,33	1540,07
928,50	1402,86
928,67	1419,24
928,85	1413,10
929,02	1486,83
929,19	1425,39
929,37	1501,16
929,54	1398,76
929,71	1513,45
929,89	1398,76
930,06	1404,91
930,23	1452,01
930,41	1447,91
930,58	1437,67
930,75	1533,93
930,92	1505,26
931,10	1456,11
931,27	1394,67
931,44	1538,02
931,62	1368,04
931,79	1411,05
931,96	1415,15
932,14	1468,39
932,31	1423,34
932,48	1452,01
932,65	1460,20
932,83	1478,63
933,00	1474,54
933,17	1406,95
933,35	1480,68
933,52	1499,11
933,69	1480,68
933,86	1443,82
934,04	1331,18
934,21	1386,47
934,38	1404,91
934,55	1392,62
934,73	1411,05
934,90	1468,39
935,07	1470,44
935,25	1578,98
935,42	1361,90
935,59	1480,68
935,76	1449,96
935,94	1425,39
936,11	1509,35
936,28	1423,34
936,45	1402,86
936,63	1490,92
936,80	1392,62
936,97	1398,76
937,14	1366,00
937,31	1521,64
937,49	1531,88
937,66	1521,64
937,83	1519,59
938,00	1392,62
938,18	1452,01
938,35	1368,04
938,52	1511,40
938,69	1437,67
938,87	1466,35
939,04	1370,09
939,21	1460,20
939,38	1409,00
939,55	1435,63
939,73	1456,11
939,90	1370,09
940,07	1370,09
940,24	1417,19
940,41	1517,54
940,59	1366,00
940,76	1464,30
940,93	1423,34
941,10	1445,87
941,27	1353,71
941,45	1480,68
941,62	1478,63
941,79	1394,67
941,96	1464,30
942,13	1423,34
942,31	1429,48
942,48	1470,44
942,65	1468,39
942,82	1513,45
942,99	1425,39
943,16	1429,48
943,34	1417,19
943,51	1515,50
943,68	1411,05
943,85	1456,11
944,02	1497,07
944,19	1398,76
944,37	1411,05
944,54	1421,29
944,71	1460,20
944,88	1515,50
945,05	1363,95
945,22	1466,35
945,40	1355,76
945,57	1413,10
945,74	1413,10
945,91	1349,61
946,08	1427,43
946,25	1523,69
946,42	1411,05
946,60	1476,59
946,77	1505,26
946,94	1470,44
947,11	1531,88
947,28	1404,91
947,45	1456,11
947,62	1488,87
947,79	1490,92
947,97	1552,36
948,14	1556,46
948,31	1495,02
948,48	1439,72
948,65	1402,86
948,82	1366,00
948,99	1363,95
949,16	1425,39
949,33	1396,71
949,51	1460,20
949,68	1476,59
949,85	1464,30
950,02	1484,78
950,19	1406,95
950,36	1427,43
950,53	1437,67
950,70	1374,19
950,87	1445,87
951,04	1484,78
951,22	1507,30
951,39	1550,31
951,56	1415,15
951,73	1404,91
951,90	1339,37
952,07	1357,80
952,24	1437,67
952,41	1454,06
952,58	1499,11
952,75	1499,11
952,92	1431,53
953,09	1482,73
953,26	1394,67
953,43	1447,91
953,61	1517,54
953,78	1478,63
953,95	1462,25
954,12	1417,19
954,29	1437,67
954,46	1413,10
954,63	1394,67
954,80	1488,87
954,97	1480,68
955,14	1419,24
955,31	1398,76
955,48	1339,37
955,65	1427,43
955,82	1482,73
955,99	1468,39
956,16	1464,30
956,33	1513,45
956,50	1382,38
956,67	1353,71
956,84	1386,47
957,01	1527,78
957,18	1402,86
957,35	1351,66
957,52	1452,01
957,69	1419,24
957,86	1355,76
958,03	1398,76
958,20	1435,63
958,37	1441,77
958,54	1370,09
958,71	1333,23
958,88	1503,21
959,05	1447,91
959,22	1388,52
959,39	1542,12
959,56	1482,73
959,73	1439,72
959,90	1499,11
960,07	1413,10
960,24	1435,63
960,41	1456,11
960,58	1558,50
960,75	1490,92
960,92	1538,02
961,09	1413,10
961,26	1460,20
961,43	1435,63
961,60	1460,20
961,77	1454,06
961,94	1404,91
962,11	1417,19
962,28	1452,01
962,45	1466,35
962,62	1415,15
962,79	1511,40
962,96	1439,72
963,13	1476,59
963,30	1441,77
963,47	1499,11
963,64	1425,39
963,81	1482,73
963,98	1435,63
964,14	1417,19
964,31	1464,30
964,48	1449,96
964,65	1484,78
964,82	1402,86
964,99	1507,30
965,16	1472,49
965,33	1437,67
965,50	1427,43
965,67	1439,72
965,84	1472,49
966,01	1402,86
966,18	1433,58
966,35	1484,78
966,51	1482,73
966,68	1417,19
966,85	1427,43
967,02	1472,49
967,19	1452,01
967,36	1413,10
967,53	1486,83
967,70	1441,77
967,87	1429,48
968,04	1402,86
968,21	1433,58
968,37	1472,49
968,54	1368,04
968,71	1456,11
968,88	1452,01
969,05	1425,39
969,22	1492,97
969,39	1456,11
969,56	1460,20
969,72	1439,72
969,89	1439,72
970,06	1538,02
970,23	1435,63
970,40	1452,01
970,57	1468,39
970,74	1511,40
970,91	1392,62
971,07	1413,10
971,24	1425,39
971,41	1464,30
971,58	1409,00
971,75	1413,10
971,92	1478,63
972,09	1452,01
972,25	1372,14
972,42	1419,24
972,59	1449,96
972,76	1458,15
972,93	1435,63
973,10	1470,44
973,27	1419,24
973,43	1390,57
973,60	1378,28
973,77	1460,20
973,94	1406,95
974,11	1435,63
974,28	1456,11
974,44	1409,00
974,61	1435,63
974,78	1550,31
974,95	1404,91
975,12	1511,40
975,28	1507,30
975,45	1421,29
975,62	1353,71
975,79	1361,90
975,96	1417,19
976,12	1417,19
976,29	1433,58
976,46	1361,90
976,63	1445,87
976,80	1447,91
976,96	1443,82
977,13	1437,67
977,30	1409,00
977,47	1476,59
977,64	1478,63
977,80	1386,47
977,97	1443,82
978,14	1398,76
978,31	1468,39
978,48	1390,57
978,64	1486,83
978,81	1413,10
978,98	1443,82
979,15	1392,62
979,31	1419,24
979,48	1417,19
979,65	1439,72
979,82	1431,53
979,98	1359,85
980,15	1388,52
980,32	1558,50
980,49	1411,05
980,66	1378,28
980,82	1423,34
980,99	1406,95
981,16	1404,91
981,33	1507,30
981,49	1366,00
981,66	1394,67
981,83	1419,24
981,99	1398,76
982,16	1384,43
982,33	1390,57
982,50	1388,52
982,66	1402,86
982,83	1449,96
983,00	1423,34
983,17	1341,42
983,33	1394,67
983,50	1419,24
983,67	1511,40
983,83	1363,95
984,00	1398,76
984,17	1454,06
984,34	1447,91
984,50	1400,81
984,67	1429,48
984,84	1413,10
985,00	1382,38
985,17	1456,11
985,34	1429,48
985,51	1392,62
985,67	1433,58
985,84	1415,15
986,01	1390,57
986,17	1441,77
986,34	1476,59
986,51	1423,34
986,67	1374,19
986,84	1421,29
987,01	1409,00
987,17	1396,71
987,34	1339,37
987,51	1316,84
987,67	1525,74
987,84	1486,83
988,01	1492,97
988,17	1386,47
988,34	1427,43
988,51	1351,66
988,67	1427,43
988,84	1415,15
989,01	1355,76
989,17	1400,81
989,34	1433,58
989,51	1447,91
989,67	1466,35
989,84	1472,49
990,01	1427,43
990,17	1464,30
990,34	1394,67
990,51	1396,71
990,67	1335,28
990,84	1366,00
991,01	1343,47
991,17	1421,29
991,34	1431,53
991,50	1374,19
991,67	1378,28
991,84	1372,14
992,00	1423,34
992,17	1431,53
992,34	1492,97
992,50	1462,25
992,67	1331,18
992,83	1470,44
993,00	1384,43
993,17	1425,39
993,33	1378,28
993,50	1478,63
993,66	1464,30
993,83	1480,68
994,00	1431,53
994,16	1411,05
994,33	1382,38
994,49	1474,54
994,66	1531,88
994,83	1386,47
994,99	1386,47
995,16	1431,53
995,32	1388,52
995,49	1404,91
995,66	1439,72
995,82	1443,82
995,99	1386,47
996,15	1472,49
996,32	1355,76
996,48	1454,06
996,65	1353,71
996,82	1415,15
996,98	1378,28
997,15	1415,15
997,31	1417,19
997,48	1427,43
997,64	1415,15
997,81	1409,00
997,97	1390,57
998,14	1357,80
998,31	1404,91
998,47	1398,76
998,64	1421,29
998,80	1396,71
998,97	1366,00
999,13	1443,82
999,30	1423,34
999,46	1458,15
999,63	1366,00
999,79	1366,00
999,96	1468,39
1000,12	1441,77
1000,29	1366,00
1000,45	1468,39
1000,62	1349,61
1000,79	1435,63
1000,95	1406,95
1001,12	1533,93
1001,28	1357,80
1001,45	1472,49
1001,61	1513,45
1001,78	1398,76
1001,94	1363,95
1002,11	1564,65
1002,27	1421,29
1002,44	1366,00
1002,60	1378,28
1002,77	1425,39
1002,93	1435,63
1003,10	1468,39
1003,26	1404,91
1003,43	1495,02
1003,59	1409,00
1003,76	1400,81
1003,92	1437,67
1004,09	1427,43
1004,25	1433,58
1004,41	1480,68
1004,58	1382,38
1004,74	1439,72
1004,91	1417,19
1005,07	1404,91
1005,24	1540,07
1005,40	1431,53
1005,57	1361,90
1005,73	1386,47
1005,90	1376,24
1006,06	1402,86
1006,23	1435,63
1006,39	1425,39
1006,55	1378,28
1006,72	1368,04
1006,88	1423,34
1007,05	1478,63
1007,21	1470,44
1007,38	1449,96
1007,54	1458,15
1007,71	1368,04
1007,87	1456,11
1008,03	1349,61
1008,20	1386,47
1008,36	1435,63
1008,53	1486,83
1008,69	1398,76
1008,86	1423,34
1009,02	1398,76
1009,18	1449,96
1009,35	1390,57
1009,51	1341,42
1009,68	1443,82
1009,84	1406,95
1010,01	1449,96
1010,17	1406,95
1010,33	1452,01
1010,50	1490,92
1010,66	1525,74
1010,83	1425,39
1010,99	1486,83
1011,15	1415,15
1011,32	1429,48
1011,48	1406,95
1011,65	1458,15
1011,81	1363,95
1011,97	1402,86
1012,14	1478,63
1012,30	1386,47
1012,46	1392,62
1012,63	1433,58
1012,79	1406,95
1012,96	1456,11
1013,12	1384,43
1013,28	1394,67
1013,45	1458,15
1013,61	1363,95
1013,77	1386,47
1013,94	1413,10
1014,10	1429,48
1014,26	1423,34
1014,43	1423,34
1014,59	1292,27
1014,76	1468,39
1014,92	1495,02
1015,08	1271,79
1015,25	1347,56
1015,41	1415,15
1015,57	1435,63
1015,74	1380,33
1015,90	1404,91
1016,06	1411,05
1016,23	1480,68
1016,39	1433,58
1016,55	1374,19
1016,72	1398,76
1016,88	1333,23
1017,04	1347,56
1017,21	1396,71
1017,37	1341,42
1017,53	1409,00
1017,70	1445,87
1017,86	1382,38
1018,02	1380,33
1018,19	1425,39
1018,35	1503,21
1018,51	1466,35
1018,67	1445,87
1018,84	1333,23
1019,00	1331,18
1019,16	1486,83
1019,33	1413,10
1019,49	1413,10
1019,65	1441,77
1019,82	1433,58
1019,98	1345,52
1020,14	1345,52
1020,30	1454,06
1020,47	1343,47
1020,63	1427,43
1020,79	1402,86
1020,96	1409,00
1021,12	1400,81
1021,28	1478,63
1021,44	1404,91
1021,61	1484,78
1021,77	1390,57
1021,93	1380,33
1022,09	1421,29
1022,26	1441,77
1022,42	1460,20
1022,58	1359,85
1022,74	1406,95
1022,91	1370,09
1023,07	1421,29
1023,23	1273,84
1023,39	1447,91
1023,56	1325,04
1023,72	1411,05
1023,88	1396,71
1024,04	1421,29
1024,21	1415,15
1024,37	1472,49
1024,53	1497,07
1024,69	1333,23
1024,86	1411,05
1025,02	1433,58
1025,18	1368,04
1025,34	1376,24
1025,50	1374,19
1025,67	1384,43
1025,83	1415,15
1025,99	1466,35
1026,15	1480,68
1026,32	1394,67
1026,48	1341,42
1026,64	1548,26
1026,80	1441,77
1026,96	1400,81
1027,13	1423,34
1027,29	1427,43
1027,45	1349,61
1027,61	1353,71
1027,77	1376,24
1027,94	1441,77
1028,10	1429,48
1028,26	1368,04
1028,42	1439,72
1028,58	1433,58
1028,75	1402,86
1028,91	1370,09
1029,07	1402,86
1029,23	1468,39
1029,39	1429,48
1029,55	1357,80
1029,72	1519,59
1029,88	1466,35
1030,04	1456,11
1030,20	1492,97
1030,36	1302,51
1030,52	1406,95
1030,69	1406,95
1030,85	1482,73
1031,01	1398,76
1031,17	1406,95
1031,33	1431,53
1031,49	1544,17
1031,65	1431,53
1031,82	1419,24
1031,98	1337,32
1032,14	1427,43
1032,30	1366,00
1032,46	1454,06
1032,62	1452,01
1032,78	1415,15
1032,95	1368,04
1033,11	1454,06
1033,27	1409,00
1033,43	1445,87
1033,59	1460,20
1033,75	1359,85
1033,91	1452,01
1034,07	1478,63
1034,24	1370,09
1034,40	1329,13
1034,56	1386,47
1034,72	1429,48
1034,88	1443,82
1035,04	1372,14
1035,20	1409,00
1035,36	1333,23
1035,52	1435,63
1035,68	1366,00
1035,85	1431,53
1036,01	1402,86
1036,17	1427,43
1036,33	1497,07
1036,49	1361,90
1036,65	1394,67
1036,81	1380,33
1036,97	1384,43
1037,13	1445,87
1037,29	1409,00
1037,45	1413,10
1037,61	1433,58
1037,78	1447,91
1037,94	1421,29
1038,10	1519,59
1038,26	1378,28
1038,42	1318,89
1038,58	1445,87
1038,74	1439,72
1038,90	1464,30
1039,06	1413,10
1039,22	1390,57
1039,38	1361,90
1039,54	1409,00
1039,70	1331,18
1039,86	1433,58
1040,02	1384,43
1040,18	1429,48
1040,34	1433,58
1040,50	1402,86
1040,66	1415,15
1040,83	1388,52
1040,99	1429,48
1041,15	1449,96
1041,31	1458,15
1041,47	1409,00
1041,63	1411,05
1041,79	1361,90
1041,95	1433,58
1042,11	1439,72
1042,27	1382,38
1042,43	1335,28
1042,59	1423,34
1042,75	1411,05
1042,91	1384,43
