344,25	1255,40
344,46	1255,40
344,68	1255,40
344,90	1277,93
345,12	1320,94
345,34	1382,38
345,55	1435,63
345,77	1472,49
345,99	1374,19
346,21	1449,96
346,42	1468,39
346,64	1380,33
346,86	1398,76
347,08	1400,81
347,30	1435,63
347,51	1347,56
347,73	1388,52
347,95	1449,96
348,17	1413,10
348,38	1458,15
348,60	1388,52
348,82	1431,53
349,04	1417,19
349,25	1411,05
349,47	1419,24
349,69	1329,13
349,91	1441,77
350,13	1425,39
350,34	1476,59
350,56	1413,10
350,78	1464,30
351,00	1378,28
351,21	1402,86
351,43	1443,82
351,65	1386,47
351,87	1392,62
352,08	1497,07
352,30	1419,24
352,52	1394,67
352,74	1361,90
352,95	1359,85
353,17	1351,66
353,39	1398,76
353,61	1378,28
353,82	1370,09
354,04	1439,72
354,26	1445,87
354,47	1359,85
354,69	1429,48
354,91	1435,63
355,13	1406,95
355,34	1429,48
355,56	1333,23
355,78	1445,87
356,00	1454,06
356,21	1359,85
356,43	1466,35
356,65	1411,05
356,86	1378,28
357,08	1474,54
357,30	1490,92
357,52	1345,52
357,73	1490,92
357,95	1515,50
358,17	1351,66
358,38	1431,53
358,60	1415,15
358,82	1380,33
359,04	1460,20
359,25	1480,68
359,47	1535,98
359,69	1386,47
359,90	1400,81
360,12	1431,53
360,34	1501,16
360,56	1435,63
360,77	1554,41
360,99	1468,39
361,21	1546,22
361,42	1466,35
361,64	1421,29
361,86	1411,05
362,07	1419,24
362,29	1509,35
362,51	1523,69
362,73	1452,01
362,94	1480,68
363,16	1548,26
363,38	1335,28
363,59	1523,69
363,81	1417,19
364,03	1468,39
364,24	1513,45
364,46	1464,30
364,68	1484,78
364,89	1398,76
365,11	1480,68
365,33	1433,58
365,54	1548,26
365,76	1470,44
365,98	1538,02
366,19	1591,27
366,41	1449,96
366,63	1538,02
366,84	1421,29
367,06	1507,30
367,28	1480,68
367,49	1517,54
367,71	1505,26
367,93	1427,43
368,14	1476,59
368,36	1449,96
368,58	1468,39
368,79	1529,83
369,01	1480,68
369,23	1615,85
369,44	1431,53
369,66	1337,32
369,88	1456,11
370,09	1423,34
370,31	1452,01
370,53	1490,92
370,74	1456,11
370,96	1398,76
371,18	1427,43
371,39	1390,57
371,61	1413,10
371,82	1480,68
372,04	1447,91
372,26	1472,49
372,47	1415,15
372,69	1523,69
372,91	1529,83
373,12	1421,29
373,34	1347,56
373,56	1452,01
373,77	1417,19
373,99	1441,77
374,20	1490,92
374,42	1419,24
374,64	1519,59
374,85	1476,59
375,07	1501,16
375,29	1464,30
375,50	1464,30
375,72	1409,00
375,93	1476,59
376,15	1425,39
376,37	1452,01
376,58	1406,95
376,80	1499,11
377,01	1429,48
377,23	1419,24
377,45	1394,67
377,66	1480,68
377,88	1392,62
378,10	1554,41
378,31	1400,81
378,53	1546,22
378,74	1370,09
378,96	1511,40
379,18	1402,86
379,39	1511,40
379,61	1454,06
379,82	1466,35
380,04	1529,83
380,26	1398,76
380,47	1392,62
380,69	1484,78
380,90	1470,44
381,12	1449,96
381,33	1447,91
381,55	1478,63
381,77	1349,61
381,98	1396,71
382,20	1382,38
382,41	1386,47
382,63	1456,11
382,85	1484,78
383,06	1529,83
383,28	1484,78
383,49	1437,67
383,71	1433,58
383,92	1357,80
384,14	1433,58
384,36	1366,00
384,57	1505,26
384,79	1349,61
385,00	1466,35
385,22	1458,15
385,43	1363,95
385,65	1427,43
385,87	1454,06
386,08	1384,43
386,30	1472,49
386,51	1486,83
386,73	1329,13
386,94	1456,11
387,16	1488,87
387,37	1470,44
387,59	1454,06
387,81	1402,86
388,02	1447,91
388,24	1400,81
388,45	1411,05
388,67	1413,10
388,88	1427,43
389,10	1400,81
389,31	1495,02
389,53	1578,98
389,75	1437,67
389,96	1462,25
390,18	1447,91
390,39	1452,01
390,61	1452,01
390,82	1464,30
391,04	1462,25
391,25	1474,54
391,47	1447,91
391,68	1447,91
391,90	1509,35
392,11	1458,15
392,33	1478,63
392,54	1431,53
392,76	1478,63
392,97	1380,33
393,19	1484,78
393,41	1462,25
393,62	1435,63
393,84	1406,95
394,05	1505,26
394,27	1417,19
394,48	1478,63
394,70	1513,45
394,91	1456,11
395,13	1443,82
395,34	1400,81
395,56	1406,95
395,77	1470,44
395,99	1347,56
396,20	1511,40
396,42	1441,77
396,63	1413,10
396,85	1484,78
397,06	1460,20
397,28	1492,97
397,49	1443,82
397,71	1374,19
397,92	1484,78
398,14	1540,07
398,35	1562,60
398,57	1468,39
398,78	1515,50
399,00	1466,35
399,21	1396,71
399,43	1503,21
399,64	1384,43
399,86	1380,33
400,07	1501,16
400,29	1425,39
400,50	1560,55
400,72	1474,54
400,93	1478,63
401,14	1437,67
401,36	1441,77
401,57	1466,35
401,79	1564,65
402,00	1488,87
402,22	1417,19
402,43	1466,35
402,65	1402,86
402,86	1449,96
403,08	1533,93
403,29	1468,39
403,51	1505,26
403,72	1472,49
403,94	1486,83
404,15	1482,73
404,36	1445,87
404,58	1636,33
404,79	1495,02
405,01	1490,92
405,22	1402,86
405,44	1392,62
405,65	1484,78
405,87	1370,09
406,08	1552,36
406,30	1427,43
406,51	1449,96
406,72	1439,72
406,94	1474,54
407,15	1423,34
407,37	1513,45
407,58	1417,19
407,80	1447,91
408,01	1470,44
408,23	1486,83
408,44	1388,52
408,65	1452,01
408,87	1507,30
409,08	1452,01
409,30	1443,82
409,51	1359,85
409,73	1404,91
409,94	1468,39
410,15	1511,40
410,37	1488,87
410,58	1449,96
410,80	1488,87
411,01	1398,76
411,23	1386,47
411,44	1466,35
411,65	1519,59
411,87	1523,69
412,08	1484,78
412,30	1540,07
412,51	1411,05
412,72	1509,35
412,94	1484,78
413,15	1409,00
413,37	1566,70
413,58	1445,87
413,79	1550,31
414,01	1452,01
414,22	1419,24
414,44	1419,24
414,65	1476,59
414,86	1456,11
415,08	1488,87
415,29	1376,24
415,51	1404,91
415,72	1400,81
415,93	1423,34
416,15	1374,19
416,36	1419,24
416,58	1515,50
416,79	1454,06
417,00	1486,83
417,22	1427,43
417,43	1495,02
417,65	1468,39
417,86	1505,26
418,07	1478,63
418,29	1417,19
418,50	1511,40
418,71	1380,33
418,93	1460,20
419,14	1497,07
419,36	1396,71
419,57	1439,72
419,78	1466,35
420,00	1443,82
420,21	1550,31
420,42	1511,40
420,64	1490,92
420,85	1417,19
421,06	1478,63
421,28	1480,68
421,49	1443,82
421,71	1527,78
421,92	1415,15
422,13	1488,87
422,35	1525,74
422,56	1439,72
422,77	1449,96
422,99	1476,59
423,20	1531,88
423,41	1484,78
423,63	1421,29
423,84	1509,35
424,05	1488,87
424,27	1406,95
424,48	1388,52
424,69	1544,17
424,91	1708,01
425,12	1415,15
425,33	1486,83
425,55	1439,72
425,76	1439,72
425,97	1452,01
426,19	1521,64
426,40	1452,01
426,61	1517,54
426,83	1433,58
427,04	1505,26
427,25	1449,96
427,47	1540,07
427,68	1478,63
427,89	1402,86
428,11	1470,44
428,32	1486,83
428,53	1466,35
428,75	1474,54
428,96	1531,88
429,17	1548,26
429,39	1472,49
429,60	1525,74
429,81	1519,59
430,03	1548,26
430,24	1339,37
430,45	1447,91
430,67	1505,26
430,88	1560,55
431,09	1406,95
431,30	1398,76
431,52	1478,63
431,73	1466,35
431,94	1488,87
432,16	1458,15
432,37	1445,87
432,58	1425,39
432,80	1558,50
433,01	1533,93
433,22	1419,24
433,43	1497,07
433,65	1421,29
433,86	1427,43
434,07	1431,53
434,29	1398,76
434,50	1490,92
434,71	1480,68
434,92	1452,01
435,14	1462,25
435,35	1439,72
435,56	1409,00
435,77	1513,45
435,99	1429,48
436,20	1482,73
436,41	1366,00
436,63	1466,35
436,84	1476,59
437,05	1456,11
437,26	1454,06
437,48	1558,50
437,69	1476,59
437,90	1476,59
438,11	1425,39
438,33	1470,44
438,54	1452,01
438,75	1460,20
438,96	1511,40
439,18	1388,52
439,39	1548,26
439,60	1443,82
439,82	1409,00
440,03	1564,65
440,24	1468,39
440,45	1390,57
440,67	1449,96
440,88	1435,63
441,09	1554,41
441,30	1466,35
441,51	1492,97
441,73	1402,86
441,94	1322,99
442,15	1513,45
442,36	1517,54
442,58	1447,91
442,79	1443,82
443,00	1452,01
443,21	1533,93
443,43	1427,43
443,64	1505,26
443,85	1503,21
444,06	1431,53
444,28	1423,34
444,49	1441,77
444,70	1449,96
444,91	1478,63
445,12	1521,64
445,34	1460,20
445,55	1566,70
445,76	1490,92
445,97	1425,39
446,18	1392,62
446,40	1562,60
446,61	1486,83
446,82	1497,07
447,03	1535,98
447,25	1411,05
447,46	1476,59
447,67	1466,35
447,88	1368,04
448,09	1499,11
448,31	1474,54
448,52	1460,20
448,73	1454,06
448,94	1409,00
449,15	1466,35
449,37	1445,87
449,58	1501,16
449,79	1445,87
450,00	1503,21
450,21	1439,72
450,43	1572,84
450,64	1474,54
450,85	1472,49
451,06	1484,78
451,27	1548,26
451,48	1478,63
451,70	1425,39
451,91	1546,22
452,12	1497,07
452,33	1470,44
452,54	1462,25
452,76	1476,59
452,97	1603,56
453,18	1464,30
453,39	1519,59
453,60	1443,82
453,81	1456,11
454,03	1488,87
454,24	1478,63
454,45	1503,21
454,66	1441,77
454,87	1419,24
455,08	1456,11
455,30	1476,59
455,51	1597,42
455,72	1458,15
455,93	1478,63
456,14	1486,83
456,35	1435,63
456,56	1429,48
456,78	1554,41
456,99	1443,82
457,20	1564,65
457,41	1445,87
457,62	1482,73
457,83	1449,96
458,04	1484,78
458,26	1554,41
458,47	1456,11
458,68	1472,49
458,89	1527,78
459,10	1470,44
459,31	1431,53
459,52	1509,35
459,74	1499,11
459,95	1562,60
460,16	1441,77
460,37	1523,69
460,58	1562,60
460,79	1447,91
461,00	1538,02
461,21	1464,30
461,43	1378,28
461,64	1443,82
461,85	1400,81
462,06	1462,25
462,27	1443,82
462,48	1501,16
462,69	1515,50
462,90	1433,58
463,12	1554,41
463,33	1497,07
463,54	1439,72
463,75	1474,54
463,96	1531,88
464,17	1505,26
464,38	1521,64
464,59	1521,64
464,80	1449,96
465,01	1435,63
465,23	1421,29
465,44	1548,26
465,65	1509,35
465,86	1595,37
466,07	1531,88
466,28	1394,67
466,49	1576,94
466,70	1581,03
466,91	1531,88
467,12	1472,49
467,33	1499,11
467,55	1515,50
467,76	1521,64
467,97	1484,78
468,18	1497,07
468,39	1417,19
468,60	1521,64
468,81	1454,06
469,02	1452,01
469,23	1456,11
469,44	1490,92
469,65	1456,11
469,86	1486,83
470,07	1447,91
470,29	1521,64
470,50	1421,29
470,71	1456,11
470,92	1538,02
471,13	1427,43
471,34	1546,22
471,55	1472,49
471,76	1474,54
471,97	1505,26
472,18	1501,16
472,39	1433,58
472,60	1519,59
472,81	1486,83
473,02	1478,63
473,23	1544,17
473,44	1503,21
473,65	1521,64
473,87	1472,49
474,08	1470,44
474,29	1527,78
474,50	1488,87
474,71	1505,26
474,92	1574,89
475,13	1466,35
475,34	1503,21
475,55	1478,63
475,76	1464,30
475,97	1519,59
476,18	1519,59
476,39	1441,77
476,60	1411,05
476,81	1550,31
477,02	1503,21
477,23	1507,30
477,44	1484,78
477,65	1439,72
477,86	1617,90
478,07	1521,64
478,28	1521,64
478,49	1488,87
478,70	1499,11
478,91	1419,24
479,12	1431,53
479,33	1540,07
479,54	1470,44
479,75	1583,08
479,96	1619,94
480,17	1574,89
480,38	1517,54
480,59	1443,82
480,80	1519,59
481,01	1501,16
481,22	1492,97
481,43	1441,77
481,64	1595,37
481,85	1529,83
482,06	1423,34
482,27	1568,74
482,48	1607,66
482,69	1603,56
482,90	1509,35
483,11	1611,75
483,32	1505,26
483,53	1525,74
483,74	1517,54
483,95	1458,15
484,16	1564,65
484,37	1441,77
484,58	1544,17
484,79	1505,26
485,00	1576,94
485,21	1468,39
485,42	1499,11
485,63	1574,89
485,84	1515,50
486,05	1521,64
486,26	1533,93
486,47	1535,98
486,68	1484,78
486,89	1505,26
487,10	1587,18
487,31	1583,08
487,52	1462,25
487,73	1585,13
487,94	1525,74
488,15	1533,93
488,36	1603,56
488,57	1480,68
488,77	1478,63
488,98	1562,60
489,19	1540,07
489,40	1490,92
489,61	1503,21
489,82	1521,64
490,03	1603,56
490,24	1484,78
490,45	1542,12
490,66	1531,88
490,87	1558,50
491,08	1447,91
491,29	1544,17
491,50	1505,26
491,71	1492,97
491,92	1550,31
492,13	1497,07
492,33	1517,54
492,54	1595,37
492,75	1521,64
492,96	1642,47
493,17	1546,22
493,38	1490,92
493,59	1562,60
493,80	1572,84
494,01	1531,88
494,22	1603,56
494,43	1490,92
494,64	1519,59
494,85	1492,97
495,05	1605,61
495,26	1503,21
495,47	1585,13
495,68	1562,60
495,89	1550,31
496,10	1460,20
496,31	1611,75
496,52	1507,30
496,73	1566,70
496,94	1480,68
497,15	1603,56
497,35	1476,59
497,56	1556,46
497,77	1490,92
497,98	1593,32
498,19	1513,45
498,40	1542,12
498,61	1599,46
498,82	1492,97
499,03	1550,31
499,23	1548,26
499,44	1558,50
499,65	1619,94
499,86	1527,78
500,07	1535,98
500,28	1548,26
500,49	1505,26
500,70	1650,66
500,91	1447,91
501,11	1515,50
501,32	1621,99
501,53	1560,55
501,74	1636,33
501,95	1423,34
502,16	1560,55
502,37	1443,82
502,57	1615,85
502,78	1597,42
502,99	1607,66
503,20	1495,02
503,41	1628,14
503,62	1578,98
503,83	1560,55
504,03	1550,31
504,24	1511,40
504,45	1554,41
504,66	1492,97
504,87	1593,32
505,08	1503,21
505,29	1509,35
505,49	1519,59
505,70	1497,07
505,91	1546,22
506,12	1523,69
506,33	1611,75
506,54	1509,35
506,75	1554,41
506,95	1538,02
507,16	1621,99
507,37	1474,54
507,58	1548,26
507,79	1544,17
508,00	1550,31
508,20	1478,63
508,41	1507,30
508,62	1581,03
508,83	1480,68
509,04	1472,49
509,24	1591,27
509,45	1867,75
509,66	1617,90
509,87	1689,57
510,08	1560,55
510,29	1591,27
510,49	1712,10
510,70	1529,83
510,91	1515,50
511,12	1513,45
511,33	1513,45
511,53	1437,67
511,74	1427,43
511,95	1497,07
512,16	1677,29
512,37	1597,42
512,57	1515,50
512,78	1517,54
512,99	1646,57
513,20	1601,51
513,41	1552,36
513,61	1492,97
513,82	1517,54
514,03	1525,74
514,24	1527,78
514,45	1578,98
514,65	1503,21
514,86	1587,18
515,07	1445,87
515,28	1503,21
515,49	1562,60
515,69	1552,36
515,90	1593,32
516,11	1572,84
516,32	1507,30
516,52	1521,64
516,73	1613,80
516,94	1587,18
517,15	1558,50
517,36	1531,88
517,56	1652,71
517,77	1542,12
517,98	1609,70
518,19	1484,78
518,39	1607,66
518,60	1540,07
518,81	1576,94
519,02	1486,83
519,22	1540,07
519,43	1560,55
519,64	1499,11
519,85	1529,83
520,05	1576,94
520,26	1519,59
520,47	1669,09
520,68	1597,42
520,88	1497,07
521,09	1574,89
521,30	1550,31
521,51	1525,74
521,71	1650,66
521,92	1576,94
522,13	1533,93
522,34	1566,70
522,54	1507,30
522,75	1458,15
522,96	1456,11
523,17	1597,42
523,37	1644,52
523,58	1466,35
523,79	1525,74
523,99	1519,59
524,20	1484,78
524,41	1583,08
524,62	1615,85
524,82	1587,18
525,03	1433,58
525,24	1503,21
525,45	1611,75
525,65	1497,07
525,86	1619,94
526,07	1542,12
526,27	1525,74
526,48	1535,98
526,69	1527,78
526,90	1474,54
527,10	1574,89
527,31	1513,45
527,52	1501,16
527,72	1595,37
527,93	1578,98
528,14	1513,45
528,34	1583,08
528,55	1503,21
528,76	1646,57
528,97	1515,50
529,17	1531,88
529,38	1535,98
529,59	1593,32
529,79	1603,56
530,00	1529,83
530,21	1554,41
530,41	1566,70
530,62	1595,37
530,83	1601,51
531,03	1546,22
531,24	1552,36
531,45	1552,36
531,65	1593,32
531,86	1630,18
532,07	1566,70
532,27	1538,02
532,48	1521,64
532,69	1540,07
532,89	1587,18
533,10	1535,98
533,31	1507,30
533,51	1599,46
533,72	1609,70
533,93	1556,46
534,13	1587,18
534,34	1630,18
534,55	1609,70
534,75	1497,07
534,96	1640,42
535,17	1533,93
535,37	1564,65
535,58	1564,65
535,79	1495,02
535,99	1515,50
536,20	1607,66
536,41	1585,13
536,61	1546,22
536,82	1560,55
537,03	1593,32
537,23	1501,16
537,44	1552,36
537,64	1538,02
537,85	1550,31
538,06	1521,64
538,26	1566,70
538,47	1613,80
538,68	1480,68
538,88	1595,37
539,09	1552,36
539,30	1499,11
539,50	1589,22
539,71	1621,99
539,91	1552,36
540,12	1595,37
540,33	1601,51
540,53	1533,93
540,74	1527,78
540,94	1540,07
541,15	1593,32
541,36	1556,46
541,56	1544,17
541,77	1533,93
541,98	1572,84
542,18	1568,74
542,39	1568,74
542,59	1560,55
542,80	1576,94
543,01	1492,97
543,21	1576,94
543,42	1599,46
543,62	1593,32
543,83	1523,69
544,04	1603,56
544,24	1474,54
544,45	1474,54
544,65	1560,55
544,86	1507,30
545,06	1585,13
545,27	1521,64
545,48	1447,91
545,68	1572,84
545,89	1572,84
546,09	1429,48
546,30	1501,16
546,51	1572,84
546,71	1544,17
546,92	1529,83
547,12	1511,40
547,33	1535,98
547,53	1550,31
547,74	1527,78
547,95	1525,74
548,15	1509,35
548,36	1544,17
548,56	1484,78
548,77	1568,74
548,97	1527,78
549,18	1505,26
549,39	1501,16
549,59	1462,25
549,80	1521,64
550,00	1421,29
550,21	1517,54
550,41	1523,69
550,62	1464,30
550,82	1529,83
551,03	1435,63
551,23	1460,20
551,44	1517,54
551,65	1509,35
551,85	1570,79
552,06	1472,49
552,26	1538,02
552,47	1529,83
552,67	1499,11
552,88	1462,25
553,08	1597,42
553,29	1554,41
553,49	1589,22
553,70	1558,50
553,90	1603,56
554,11	1466,35
554,32	1546,22
554,52	1568,74
554,73	1540,07
554,93	1478,63
555,14	1523,69
555,34	1548,26
555,55	1572,84
555,75	1515,50
555,96	1517,54
556,16	1556,46
556,37	1650,66
556,57	1515,50
556,78	1642,47
556,98	1621,99
557,19	1626,09
557,39	1492,97
557,60	1531,88
557,80	1497,07
558,01	1515,50
558,21	1509,35
558,42	1566,70
558,62	1615,85
558,83	1556,46
559,03	1495,02
559,24	1576,94
559,44	1621,99
559,65	1495,02
559,85	1613,80
560,06	1597,42
560,26	1544,17
560,47	1587,18
560,67	1658,85
560,88	1464,30
561,08	1599,46
561,29	1699,81
561,49	1492,97
561,70	1476,59
561,90	1570,79
562,10	1556,46
562,31	1576,94
562,51	1525,74
562,72	1607,66
562,92	1589,22
563,13	1613,80
563,33	1574,89
563,54	1576,94
563,74	1642,47
563,95	1587,18
564,15	1595,37
564,36	1677,29
564,56	1650,66
564,76	1552,36
564,97	1568,74
565,17	1529,83
565,38	1601,51
565,58	1558,50
565,79	1716,20
565,99	1619,94
566,20	1660,90
566,40	1656,81
566,60	1742,82
566,81	1615,85
567,01	1683,43
567,22	1470,44
567,42	1517,54
567,63	1542,12
567,83	1615,85
568,04	1665,00
568,24	1570,79
568,44	1693,67
568,65	1603,56
568,85	1527,78
569,06	1683,43
569,26	1570,79
569,47	1652,71
569,67	1576,94
569,87	1634,28
570,08	1583,08
570,28	1601,51
570,49	1574,89
570,69	1716,20
570,89	1642,47
571,10	1605,61
571,30	1462,25
571,51	1624,04
571,71	1617,90
571,91	1712,10
572,12	1587,18
572,32	1576,94
572,53	1574,89
572,73	1642,47
572,93	1662,95
573,14	1667,05
573,34	1617,90
573,55	1599,46
573,75	1615,85
573,95	1640,42
574,16	1552,36
574,36	1603,56
574,57	1583,08
574,77	1611,75
574,97	1632,23
575,18	1626,09
575,38	1562,60
575,59	1591,27
575,79	1550,31
575,99	1697,77
576,20	1578,98
576,40	1654,76
576,60	1630,18
576,81	1544,17
577,01	1628,14
577,22	1617,90
577,42	1611,75
577,62	1613,80
577,83	1646,57
578,03	1599,46
578,23	1671,14
578,44	1636,33
578,64	1570,79
578,84	1599,46
579,05	1595,37
579,25	1685,48
579,45	1523,69
579,66	1548,26
579,86	1578,98
580,07	1595,37
580,27	1611,75
580,47	1552,36
580,68	1568,74
580,88	1626,09
581,08	1615,85
581,29	1544,17
581,49	1562,60
581,69	1671,14
581,90	1568,74
582,10	1607,66
582,30	1646,57
582,51	1589,22
582,71	1558,50
582,91	1482,73
583,12	1554,41
583,32	1601,51
583,52	1583,08
583,73	1554,41
583,93	1558,50
584,13	1548,26
584,34	1566,70
584,54	1687,53
584,74	1527,78
584,94	1574,89
585,15	1632,23
585,35	1658,85
585,55	1605,61
585,76	1683,43
585,96	1564,65
586,16	1640,42
586,37	1533,93
586,57	1587,18
586,77	1560,55
586,98	1669,09
587,18	1501,16
587,38	1667,05
587,58	1587,18
587,79	1679,33
587,99	1548,26
588,19	1574,89
588,40	1615,85
588,60	1667,05
588,80	1605,61
589,00	1527,78
589,21	1638,38
589,41	1628,14
589,61	1603,56
589,82	1693,67
590,02	1581,03
590,22	1759,21
590,42	1677,29
590,63	1624,04
590,83	1736,68
591,03	1634,28
591,23	1656,81
591,44	1703,91
591,64	1632,23
591,84	1603,56
592,05	1615,85
592,25	1699,81
592,45	1599,46
592,65	1632,23
592,86	1599,46
593,06	1636,33
593,26	1558,50
593,46	1665,00
593,67	1578,98
593,87	1757,16
594,07	1589,22
594,27	1767,40
594,48	1689,57
594,68	1669,09
594,88	1572,84
595,08	1630,18
595,29	1705,96
595,49	1626,09
595,69	1595,37
595,89	1665,00
596,10	1699,81
596,30	1621,99
596,50	1548,26
596,70	1753,06
596,90	1646,57
597,11	1603,56
597,31	1667,05
597,51	1636,33
597,71	1699,81
597,92	1685,48
598,12	1656,81
598,32	1683,43
598,52	1658,85
598,72	1720,29
598,93	1665,00
599,13	1759,21
599,33	1693,67
599,53	1662,95
599,74	1673,19
599,94	1624,04
600,14	1669,09
600,34	1730,53
600,54	1773,54
600,75	1693,67
600,95	1621,99
601,15	1724,39
601,35	1640,42
601,55	1615,85
601,76	1611,75
601,96	1689,57
602,16	1691,62
602,36	1665,00
602,56	1558,50
602,76	1613,80
602,97	1621,99
603,17	1628,14
603,37	1628,14
603,57	1652,71
603,77	1603,56
603,98	1697,77
604,18	1578,98
604,38	1595,37
604,58	1607,66
604,78	1621,99
604,98	1593,32
605,19	1632,23
605,39	1646,57
605,59	1703,91
605,79	1533,93
605,99	1632,23
606,19	1677,29
606,40	1570,79
606,60	1517,54
606,80	1554,41
607,00	1568,74
607,20	1550,31
607,40	1578,98
607,61	1603,56
607,81	1587,18
608,01	1667,05
608,21	1673,19
608,41	1519,59
608,61	1601,51
608,81	1570,79
609,02	1542,12
609,22	1656,81
609,42	1685,48
609,62	1566,70
609,82	1646,57
610,02	1587,18
610,22	1599,46
610,43	1519,59
610,63	1630,18
610,83	1605,61
611,03	1640,42
611,23	1595,37
611,43	1738,73
611,63	1607,66
611,83	1552,36
612,04	1611,75
612,24	1705,96
612,44	1529,83
612,64	1589,22
612,84	1566,70
613,04	1552,36
613,24	1619,94
613,44	1624,04
613,64	1558,50
613,85	1654,76
614,05	1644,52
614,25	1619,94
614,45	1611,75
614,65	1685,48
614,85	1540,07
615,05	1652,71
615,25	1712,10
615,45	1609,70
615,65	1722,34
615,86	1767,40
616,06	1705,96
616,26	1718,25
616,46	1767,40
616,66	1632,23
616,86	1775,59
617,06	1693,67
617,26	1646,57
617,46	1650,66
617,66	1765,35
617,86	1783,78
618,07	1693,67
618,27	1800,16
618,47	1740,77
618,67	1812,45
618,87	1781,73
619,07	1810,40
619,27	1910,75
619,47	1826,79
619,67	1812,45
619,87	1804,26
620,07	1822,69
620,27	1869,80
620,47	1843,17
620,67	1810,40
620,87	1849,32
621,07	1853,41
621,28	1748,97
621,48	1828,84
621,68	1949,67
621,88	1857,51
622,08	1826,79
622,28	1992,67
622,48	1882,08
622,68	1861,60
622,88	1900,52
623,08	1824,74
623,28	1900,52
623,48	1857,51
623,68	1871,84
623,88	1906,66
624,08	2064,35
624,28	1804,26
624,48	2037,73
624,68	1865,70
624,88	1935,33
625,08	2019,30
625,28	1937,38
625,48	1957,86
625,68	1986,53
625,88	1994,72
626,08	1947,62
626,28	1923,04
626,48	1990,63
626,68	1964,00
626,88	2009,06
627,08	2019,30
627,28	2062,30
627,48	2054,11
627,68	2007,01
627,88	1970,15
628,08	2082,78
628,28	2025,44
628,49	2064,35
628,68	1972,19
628,88	2023,39
629,08	2097,12
629,28	2050,02
629,48	2021,35
629,68	2039,78
629,88	2060,26
630,08	2142,18
630,28	2086,88
630,48	2054,11
630,68	2052,06
630,88	2168,80
631,08	2131,94
631,28	2201,57
631,48	2041,82
631,68	2095,07
631,88	2082,78
632,08	2209,76
632,28	2176,99
632,48	2113,50
632,68	2111,46
632,88	2185,18
633,08	2058,21
633,28	2113,50
633,48	2158,56
633,68	2170,85
633,88	2168,80
634,08	2299,87
634,28	2119,65
634,48	2211,81
634,68	2164,70
634,88	2293,72
635,08	2201,57
635,28	2213,85
635,48	2238,43
635,68	2203,61
635,87	2226,14
636,07	2314,20
636,27	2115,55
636,47	2312,16
636,67	2283,49
636,87	2336,73
637,07	2246,62
637,27	2291,68
637,47	2236,38
637,67	2303,96
637,87	2174,94
638,07	2209,76
638,27	2230,24
638,47	2287,58
638,67	2224,09
638,86	2363,36
639,06	2291,68
639,26	2385,88
639,46	2289,63
639,66	2478,04
639,86	2357,21
640,06	2424,80
640,26	2338,78
640,46	2361,31
640,66	2375,64
640,86	2553,82
641,06	2402,27
641,25	2410,46
641,45	2469,85
641,65	2461,66
641,85	2392,03
642,05	2557,91
642,25	2373,60
642,45	2514,91
642,65	2531,29
642,85	2457,56
643,05	2535,39
643,24	2594,78
643,44	2613,21
643,64	2519,00
643,84	2471,90
644,04	2615,26
644,24	2457,56
644,44	2615,26
644,64	2576,34
644,84	2602,97
645,03	2705,37
645,23	2686,94
645,43	2590,68
645,63	2652,12
645,83	2654,17
646,03	2668,50
646,23	2703,32
646,42	2766,81
646,62	2709,46
646,82	2715,61
647,02	2764,76
647,22	2721,75
647,42	2723,80
647,62	2760,66
647,82	2719,70
648,01	2873,30
648,21	2793,43
648,41	2803,67
648,61	2881,49
648,81	2846,68
649,01	2740,18
649,20	2815,96
649,40	2803,67
649,60	2895,83
649,80	2791,38
650,00	2770,90
650,20	2942,93
650,40	2899,92
650,59	2867,16
650,79	2811,86
650,99	2918,36
651,19	2930,64
651,39	2877,40
651,58	2635,74
651,78	2987,99
651,98	2885,59
652,18	2885,59
652,38	2748,37
652,58	2787,29
652,77	2752,47
652,97	2932,69
653,17	2731,99
653,37	3020,75
653,57	2664,41
653,77	2783,19
653,96	2684,89
654,16	2793,43
654,36	2752,47
654,56	2846,68
654,76	2818,00
654,95	2705,37
655,15	2645,98
655,35	2990,03
655,55	2621,40
655,75	3114,96
655,94	2961,36
656,14	3127,25
656,34	2848,72
656,54	2922,45
656,73	2807,77
656,93	3059,67
657,13	2899,92
657,33	3086,29
657,53	2883,54
657,72	3035,09
657,92	2865,11
658,12	3080,14
658,32	2959,31
658,52	3170,26
658,71	3106,77
658,91	3198,93
659,11	2912,21
659,31	3389,39
659,50	3014,61
659,70	3176,40
659,90	3280,85
660,10	3315,66
660,29	3102,67
660,49	3540,94
660,69	3270,61
660,89	3413,96
661,08	3303,37
661,28	3325,90
661,48	3516,36
661,68	3770,31
661,87	3207,12
662,07	3534,79
662,27	3454,92
662,47	3774,41
662,66	3561,42
662,86	3872,71
663,06	3332,05
663,26	3729,35
663,45	3645,38
663,65	3700,68
663,85	3487,69
664,05	3676,10
664,24	3375,05
664,44	3723,21
664,64	3391,44
664,84	3590,09
665,03	3356,62
665,23	3356,62
665,43	3356,62
665,62	3221,45
665,82	3053,52
666,02	3155,92
666,22	3166,16
666,41	3157,97
666,61	2852,82
666,81	2947,03
667,00	2723,80
667,20	2781,14
667,40	2519,00
667,60	2717,65
667,79	2422,75
667,99	2496,47
668,19	2320,35
668,38	2414,56
668,58	2121,70
668,78	2203,61
668,97	2138,08
669,17	2125,79
669,37	1947,62
669,57	1949,67
669,76	2004,96
669,96	1982,43
670,16	1736,68
670,35	1992,67
670,55	1716,20
670,75	1791,97
670,94	1716,20
671,14	1818,60
671,34	1736,68
671,53	1621,99
671,73	1712,10
671,93	1597,42
672,12	1572,84
672,32	1630,18
672,52	1640,42
672,71	1642,47
672,91	1521,64
673,11	1603,56
673,30	1624,04
673,50	1515,50
673,70	1513,45
673,89	1538,02
674,09	1574,89
674,29	1515,50
674,48	1556,46
674,68	1544,17
674,88	1535,98
675,07	1503,21
675,27	1419,24
675,46	1499,11
675,66	1488,87
675,86	1529,83
676,05	1587,18
676,25	1492,97
676,45	1437,67
676,64	1517,54
676,84	1507,30
677,04	1515,50
677,23	1591,27
677,43	1441,77
677,62	1478,63
677,82	1517,54
678,02	1472,49
678,21	1398,76
678,41	1470,44
678,61	1402,86
678,80	1460,20
679,00	1490,92
679,19	1443,82
679,39	1470,44
679,59	1492,97
679,78	1505,26
679,98	1427,43
680,17	1411,05
680,37	1466,35
680,57	1501,16
680,76	1452,01
680,96	1417,19
681,16	1466,35
681,35	1380,33
681,55	1372,14
681,74	1429,48
681,94	1466,35
682,13	1435,63
682,33	1484,78
682,53	1474,54
682,72	1406,95
682,92	1433,58
683,11	1456,11
683,31	1452,01
683,51	1474,54
683,70	1427,43
683,90	1449,96
684,09	1456,11
684,29	1472,49
684,48	1419,24
684,68	1462,25
684,88	1572,84
685,07	1431,53
685,27	1341,42
685,46	1431,53
685,66	1490,92
685,85	1482,73
686,05	1484,78
686,25	1509,35
686,44	1478,63
686,64	1488,87
686,83	1437,67
687,03	1472,49
687,22	1433,58
687,42	1402,86
687,61	1445,87
687,81	1404,91
688,01	1417,19
688,20	1447,91
688,40	1374,19
688,59	1482,73
688,79	1396,71
688,98	1431,53
689,18	1437,67
689,37	1495,02
689,57	1325,04
689,76	1454,06
689,96	1366,00
690,15	1441,77
690,35	1386,47
690,54	1562,60
690,74	1443,82
690,94	1357,80
691,13	1392,62
691,33	1437,67
691,52	1501,16
691,72	1472,49
691,91	1462,25
692,11	1503,21
692,30	1343,47
692,50	1538,02
692,69	1550,31
692,89	1449,96
693,08	1409,00
693,28	1480,68
693,47	1333,23
693,67	1519,59
693,86	1454,06
694,06	1452,01
694,25	1394,67
694,45	1406,95
694,64	1398,76
694,84	1460,20
695,03	1449,96
695,23	1415,15
695,42	1439,72
695,62	1433,58
695,81	1476,59
696,01	1404,91
696,20	1404,91
696,40	1482,73
696,59	1409,00
696,78	1466,35
696,98	1429,48
697,17	1419,24
697,37	1372,14
697,56	1456,11
697,76	1392,62
697,95	1464,30
698,15	1454,06
698,34	1433,58
698,54	1341,42
698,73	1433,58
698,93	1538,02
699,12	1380,33
699,32	1445,87
699,51	1378,28
699,70	1402,86
699,90	1468,39
700,09	1460,20
700,29	1429,48
700,48	1370,09
700,68	1413,10
700,87	1447,91
701,07	1466,35
701,26	1447,91
701,45	1472,49
701,65	1382,38
701,84	1415,15
702,04	1351,66
702,23	1423,34
702,43	1351,66
702,62	1398,76
702,81	1521,64
703,01	1415,15
703,20	1486,83
703,40	1374,19
703,59	1398,76
703,79	1413,10
703,98	1372,14
704,17	1486,83
704,37	1439,72
704,56	1406,95
704,76	1419,24
704,95	1447,91
705,14	1411,05
705,34	1437,67
705,53	1421,29
705,73	1425,39
705,92	1495,02
706,11	1535,98
706,31	1406,95
706,50	1464,30
706,70	1425,39
706,89	1449,96
707,08	1470,44
707,28	1445,87
707,47	1353,71
707,67	1312,75
707,86	1443,82
708,05	1501,16
708,25	1427,43
708,44	1454,06
708,64	1392,62
708,83	1374,19
709,02	1439,72
709,22	1474,54
709,41	1361,90
709,60	1480,68
709,80	1417,19
709,99	1370,09
710,19	1460,20
710,38	1386,47
710,57	1370,09
710,77	1421,29
710,96	1441,77
711,15	1423,34
711,35	1386,47
711,54	1452,01
711,73	1357,80
711,93	1433,58
712,12	1423,34
712,31	1345,52
712,51	1372,14
712,70	1357,80
712,89	1366,00
713,09	1415,15
713,28	1429,48
713,48	1423,34
713,67	1449,96
713,86	1388,52
714,06	1374,19
714,25	1351,66
714,44	1392,62
714,64	1447,91
714,83	1292,27
715,02	1384,43
715,22	1415,15
715,41	1447,91
715,60	1335,28
715,79	1374,19
715,99	1419,24
716,18	1427,43
716,37	1388,52
716,57	1390,57
716,76	1406,95
716,95	1394,67
717,15	1417,19
717,34	1341,42
717,53	1374,19
717,73	1447,91
717,92	1423,34
718,11	1480,68
718,31	1413,10
718,50	1435,63
718,69	1427,43
718,88	1562,60
719,08	1343,47
719,27	1402,86
719,46	1505,26
719,66	1454,06
719,85	1343,47
720,04	1447,91
720,23	1415,15
720,43	1380,33
720,62	1337,32
720,81	1402,86
721,01	1443,82
721,20	1472,49
721,39	1404,91
721,58	1398,76
721,78	1425,39
721,97	1343,47
722,16	1382,38
722,35	1427,43
722,55	1368,04
722,74	1357,80
722,93	1370,09
723,13	1417,19
723,32	1415,15
723,51	1460,20
723,70	1406,95
723,90	1353,71
724,09	1337,32
724,28	1394,67
724,47	1341,42
724,67	1431,53
724,86	1394,67
725,05	1452,01
725,24	1341,42
725,44	1466,35
725,63	1400,81
725,82	1392,62
726,01	1415,15
726,21	1431,53
726,40	1478,63
726,59	1394,67
726,78	1398,76
726,97	1439,72
727,17	1417,19
727,36	1490,92
727,55	1454,06
727,74	1402,86
727,94	1366,00
728,13	1484,78
728,32	1413,10
728,51	1402,86
728,70	1376,24
728,90	1460,20
729,09	1343,47
729,28	1390,57
729,47	1406,95
729,66	1439,72
729,86	1449,96
730,05	1402,86
730,24	1464,30
730,43	1443,82
730,63	1390,57
730,82	1423,34
731,01	1415,15
731,20	1421,29
731,39	1398,76
731,58	1279,98
731,78	1443,82
731,97	1468,39
732,16	1419,24
732,35	1486,83
732,54	1398,76
732,74	1468,39
732,93	1341,42
733,12	1368,04
733,31	1417,19
733,50	1443,82
733,69	1433,58
733,89	1433,58
734,08	1445,87
734,27	1392,62
734,46	1456,11
734,65	1429,48
734,84	1361,90
735,04	1394,67
735,23	1431,53
735,42	1431,53
735,61	1456,11
735,80	1429,48
735,99	1478,63
736,19	1460,20
736,38	1335,28
736,57	1372,14
736,76	1366,00
736,95	1490,92
737,14	1374,19
737,33	1390,57
737,53	1435,63
737,72	1312,75
737,91	1439,72
738,10	1486,83
738,29	1318,89
738,48	1370,09
738,67	1427,43
738,87	1507,30
739,06	1368,04
739,25	1396,71
739,44	1355,76
739,63	1404,91
739,82	1415,15
740,01	1466,35
740,20	1355,76
740,40	1409,00
740,59	1421,29
740,78	1470,44
740,97	1370,09
741,16	1380,33
741,35	1533,93
741,54	1441,77
741,73	1335,28
741,92	1402,86
742,12	1310,70
742,31	1458,15
742,50	1533,93
742,69	1374,19
742,88	1427,43
743,07	1322,99
743,26	1427,43
743,45	1421,29
743,64	1398,76
743,83	1411,05
744,02	1349,61
744,22	1368,04
744,41	1482,73
744,60	1396,71
744,79	1384,43
744,98	1423,34
745,17	1374,19
745,36	1411,05
745,55	1464,30
745,74	1454,06
745,93	1531,88
746,12	1384,43
746,31	1427,43
746,50	1394,67
746,70	1437,67
746,89	1345,52
747,08	1429,48
747,27	1363,95
747,46	1454,06
747,65	1466,35
747,84	1464,30
748,03	1400,81
748,22	1429,48
748,41	1439,72
748,60	1490,92
748,79	1404,91
748,98	1435,63
749,17	1351,66
749,36	1435,63
749,55	1439,72
749,74	1435,63
749,93	1376,24
750,12	1415,15
750,31	1372,14
750,50	1363,95
750,70	1460,20
750,89	1468,39
751,08	1548,26
751,27	1460,20
751,46	1413,10
751,65	1396,71
751,84	1472,49
752,03	1269,74
752,22	1392,62
752,41	1488,87
752,60	1384,43
752,79	1423,34
752,98	1392,62
753,17	1429,48
753,36	1497,07
753,55	1431,53
753,74	1400,81
753,93	1515,50
754,12	1417,19
754,31	1488,87
754,50	1478,63
754,69	1441,77
754,88	1439,72
755,07	1376,24
755,26	1423,34
755,45	1398,76
755,64	1363,95
755,83	1435,63
756,02	1427,43
756,21	1333,23
756,40	1443,82
756,59	1447,91
756,78	1523,69
756,97	1458,15
757,16	1460,20
757,35	1447,91
757,54	1466,35
757,72	1392,62
757,91	1398,76
758,10	1447,91
758,29	1363,95
758,48	1435,63
758,67	1374,19
758,86	1468,39
759,05	1468,39
759,24	1462,25
759,43	1492,97
759,62	1345,52
759,81	1484,78
760,00	1519,59
760,19	1447,91
760,38	1445,87
760,57	1466,35
760,76	1406,95
760,95	1443,82
761,14	1374,19
761,33	1435,63
761,52	1431,53
761,70	1441,77
761,89	1359,85
762,08	1431,53
762,27	1431,53
762,46	1439,72
762,65	1478,63
762,84	1456,11
763,03	1427,43
763,22	1396,71
763,41	1495,02
763,60	1394,67
763,79	1484,78
763,98	1380,33
764,16	1374,19
764,35	1474,54
764,54	1488,87
764,73	1488,87
764,92	1443,82
765,11	1554,41
765,30	1501,16
765,49	1390,57
765,68	1546,22
765,87	1546,22
766,06	1480,68
766,24	1402,86
766,43	1314,80
766,62	1409,00
766,81	1443,82
767,00	1460,20
767,19	1417,19
767,38	1423,34
767,57	1390,57
767,76	1495,02
767,94	1464,30
768,13	1509,35
768,32	1378,28
768,51	1396,71
768,70	1454,06
768,89	1525,74
769,08	1417,19
769,27	1411,05
769,45	1382,38
769,64	1552,36
769,83	1345,52
770,02	1415,15
770,21	1503,21
770,40	1488,87
770,59	1394,67
770,77	1386,47
770,96	1570,79
771,15	1486,83
771,34	1413,10
771,53	1466,35
771,72	1513,45
771,91	1515,50
772,09	1488,87
772,28	1513,45
772,47	1392,62
772,66	1486,83
772,85	1470,44
773,04	1472,49
773,22	1423,34
773,41	1458,15
773,60	1447,91
773,79	1402,86
773,98	1406,95
774,17	1513,45
774,35	1427,43
774,54	1480,68
774,73	1402,86
774,92	1470,44
775,11	1415,15
775,30	1472,49
775,48	1419,24
775,67	1474,54
775,86	1415,15
776,05	1538,02
776,24	1452,01
776,42	1460,20
776,61	1460,20
776,80	1443,82
776,99	1519,59
777,18	1404,91
777,36	1468,39
777,55	1492,97
777,74	1437,67
777,93	1400,81
778,12	1447,91
778,30	1456,11
778,49	1421,29
778,68	1515,50
778,87	1441,77
779,06	1505,26
779,24	1454,06
779,43	1449,96
779,62	1501,16
779,81	1460,20
779,99	1460,20
780,18	1398,76
780,37	1443,82
780,56	1488,87
780,75	1396,71
780,93	1505,26
781,12	1357,80
781,31	1445,87
781,50	1460,20
781,68	1423,34
781,87	1398,76
782,06	1398,76
782,25	1402,86
782,43	1492,97
782,62	1400,81
782,81	1472,49
783,00	1374,19
783,18	1417,19
783,37	1505,26
783,56	1492,97
783,75	1501,16
783,93	1449,96
784,12	1433,58
784,31	1404,91
784,50	1433,58
784,68	1423,34
784,87	1454,06
785,06	1525,74
785,24	1474,54
785,43	1433,58
785,62	1409,00
785,81	1425,39
785,99	1421,29
786,18	1460,20
786,37	1441,77
786,56	1361,90
786,74	1433,58
786,93	1535,98
787,12	1388,52
787,30	1464,30
787,49	1433,58
787,68	1409,00
787,87	1380,33
788,05	1394,67
788,24	1398,76
788,43	1355,76
788,61	1492,97
788,80	1472,49
788,99	1404,91
789,17	1445,87
789,36	1388,52
789,55	1462,25
789,73	1452,01
789,92	1363,95
790,11	1411,05
790,30	1398,76
790,48	1370,09
790,67	1447,91
790,86	1419,24
791,04	1433,58
791,23	1429,48
791,42	1431,53
791,60	1415,15
791,79	1492,97
791,98	1421,29
792,16	1425,39
792,35	1458,15
792,54	1372,14
792,72	1415,15
792,91	1445,87
793,10	1439,72
793,28	1372,14
793,47	1458,15
793,66	1480,68
793,84	1374,19
794,03	1462,25
794,22	1439,72
794,40	1470,44
794,59	1482,73
794,77	1394,67
794,96	1409,00
795,15	1456,11
795,33	1400,81
795,52	1470,44
795,71	1458,15
795,89	1363,95
796,08	1423,34
796,27	1439,72
796,45	1382,38
796,64	1419,24
796,82	1359,85
797,01	1447,91
797,20	1374,19
797,38	1406,95
797,57	1392,62
797,76	1402,86
797,94	1437,67
798,13	1470,44
798,31	1421,29
798,50	1421,29
798,69	1521,64
798,87	1443,82
799,06	1470,44
799,24	1296,36
799,43	1409,00
799,62	1472,49
799,80	1316,84
799,99	1431,53
800,17	1431,53
800,36	1519,59
800,55	1415,15
800,73	1423,34
800,92	1421,29
801,10	1300,46
801,29	1411,05
801,48	1388,52
801,66	1470,44
801,85	1388,52
802,03	1488,87
802,22	1366,00
802,40	1468,39
802,59	1306,60
802,78	1398,76
802,96	1406,95
803,15	1546,22
803,33	1447,91
803,52	1380,33
803,70	1425,39
803,89	1425,39
804,08	1398,76
804,26	1472,49
804,45	1363,95
804,63	1460,20
804,82	1433,58
805,00	1470,44
805,19	1423,34
805,37	1333,23
805,56	1482,73
805,74	1380,33
805,93	1396,71
806,12	1388,52
806,30	1357,80
806,49	1449,96
806,67	1499,11
806,86	1366,00
807,04	1423,34
807,23	1402,86
807,41	1325,04
807,60	1443,82
807,78	1366,00
807,97	1665,00
808,15	1439,72
808,34	1355,76
808,52	1476,59
808,71	1388,52
808,89	1435,63
809,08	1402,86
809,27	1435,63
809,45	1374,19
809,64	1423,34
809,82	1429,48
810,01	1474,54
810,19	1515,50
810,38	1357,80
810,56	1388,52
810,75	1376,24
810,93	1433,58
811,12	1456,11
811,30	1378,28
811,49	1433,58
811,67	1464,30
811,85	1443,82
812,04	1359,85
812,22	1392,62
812,41	1439,72
812,59	1441,77
812,78	1429,48
812,96	1384,43
813,15	1400,81
813,33	1454,06
813,52	1427,43
813,70	1439,72
813,89	1499,11
814,07	1447,91
814,26	1394,67
814,44	1355,76
814,63	1478,63
814,81	1392,62
815,00	1411,05
815,18	1474,54
815,36	1429,48
815,55	1390,57
815,73	1484,78
815,92	1439,72
816,10	1456,11
816,29	1437,67
816,47	1409,00
816,66	1443,82
816,84	1429,48
817,02	1466,35
817,21	1441,77
817,39	1433,58
817,58	1392,62
817,76	1374,19
817,95	1456,11
818,13	1357,80
818,32	1421,29
818,50	1478,63
818,68	1445,87
818,87	1443,82
819,05	1341,42
819,24	1462,25
819,42	1470,44
819,60	1322,99
819,79	1503,21
819,97	1427,43
820,16	1320,94
820,34	1425,39
820,53	1337,32
820,71	1386,47
820,89	1437,67
821,08	1396,71
821,26	1433,58
821,45	1406,95
821,63	1386,47
821,81	1443,82
822,00	1400,81
822,18	1462,25
822,37	1394,67
822,55	1366,00
822,73	1404,91
822,92	1443,82
823,10	1435,63
823,28	1411,05
823,47	1411,05
823,65	1413,10
823,84	1378,28
824,02	1492,97
824,20	1466,35
824,39	1370,09
824,57	1519,59
824,75	1497,07
824,94	1423,34
825,12	1482,73
825,31	1447,91
825,49	1409,00
825,67	1437,67
825,86	1374,19
826,04	1441,77
826,22	1486,83
826,41	1501,16
826,59	1492,97
826,77	1443,82
826,96	1413,10
827,14	1447,91
827,32	1423,34
827,51	1388,52
827,69	1497,07
827,87	1445,87
828,06	1435,63
828,24	1538,02
828,42	1447,91
828,61	1456,11
828,79	1411,05
828,97	1437,67
829,16	1425,39
829,34	1390,57
829,52	1421,29
829,71	1501,16
829,89	1511,40
830,07	1380,33
830,26	1413,10
830,44	1374,19
830,62	1480,68
830,81	1478,63
830,99	1378,28
831,17	1474,54
831,36	1429,48
831,54	1472,49
831,72	1415,15
831,91	1329,13
832,09	1402,86
832,27	1333,23
832,45	1439,72
832,64	1406,95
832,82	1478,63
833,00	1468,39
833,19	1468,39
833,37	1443,82
833,55	1468,39
833,73	1417,19
833,92	1456,11
834,10	1357,80
834,28	1390,57
834,47	1368,04
834,65	1398,76
834,83	1363,95
835,01	1456,11
835,20	1449,96
835,38	1298,41
835,56	1425,39
835,74	1431,53
835,93	1454,06
836,11	1460,20
836,29	1490,92
836,47	1329,13
836,66	1361,90
836,84	1398,76
837,02	1390,57
837,21	1513,45
837,39	1404,91
837,57	1447,91
837,75	1398,76
837,94	1376,24
838,12	1363,95
838,30	1425,39
838,48	1327,08
838,66	1480,68
838,85	1435,63
839,03	1439,72
839,21	1380,33
839,39	1380,33
839,58	1454,06
839,76	1462,25
839,94	1482,73
840,12	1474,54
840,31	1540,07
840,49	1452,01
840,67	1429,48
840,85	1339,37
841,03	1449,96
841,22	1382,38
841,40	1421,29
841,58	1478,63
841,76	1458,15
841,94	1415,15
842,13	1484,78
842,31	1411,05
842,49	1386,47
842,67	1382,38
842,85	1435,63
843,04	1478,63
843,22	1458,15
843,40	1359,85
843,58	1419,24
843,76	1452,01
843,95	1449,96
844,13	1402,86
844,31	1341,42
844,49	1417,19
844,67	1411,05
844,86	1492,97
845,04	1505,26
845,22	1386,47
845,40	1437,67
845,58	1431,53
845,76	1513,45
845,95	1398,76
846,13	1415,15
846,31	1466,35
846,49	1431,53
846,67	1439,72
846,85	1449,96
847,04	1439,72
847,22	1445,87
847,40	1359,85
847,58	1382,38
847,76	1439,72
847,94	1482,73
848,12	1484,78
848,31	1421,29
848,49	1441,77
848,67	1372,14
848,85	1431,53
849,03	1488,87
849,21	1509,35
849,39	1394,67
849,58	1482,73
849,76	1394,67
849,94	1482,73
850,12	1355,76
850,30	1429,48
850,48	1415,15
850,66	1392,62
850,84	1419,24
851,03	1505,26
851,21	1374,19
851,39	1447,91
851,57	1372,14
851,75	1374,19
851,93	1431,53
852,11	1415,15
852,29	1490,92
852,47	1417,19
852,66	1480,68
852,84	1376,24
853,02	1427,43
853,20	1464,30
853,38	1464,30
853,56	1478,63
853,74	1468,39
853,92	1413,10
854,10	1435,63
854,28	1361,90
854,46	1374,19
854,65	1529,83
854,83	1443,82
855,01	1517,54
855,19	1449,96
855,37	1363,95
855,55	1423,34
855,73	1433,58
855,91	1464,30
856,09	1470,44
856,27	1427,43
856,45	1488,87
856,63	1396,71
856,81	1464,30
857,00	1433,58
857,18	1464,30
857,36	1388,52
857,54	1519,59
857,72	1445,87
857,90	1484,78
858,08	1478,63
858,26	1357,80
858,44	1421,29
858,62	1437,67
858,80	1396,71
858,98	1503,21
859,16	1386,47
859,34	1452,01
859,52	1439,72
859,70	1470,44
859,88	1382,38
860,06	1452,01
860,24	1472,49
860,42	1388,52
860,60	1501,16
860,78	1413,10
860,96	1425,39
861,14	1449,96
861,32	1447,91
861,50	1441,77
861,69	1404,91
861,87	1417,19
862,05	1460,20
862,23	1421,29
862,41	1417,19
862,59	1490,92
862,77	1433,58
862,95	1427,43
863,13	1490,92
863,31	1497,07
863,49	1353,71
863,67	1429,48
863,85	1464,30
864,03	1546,22
864,21	1411,05
864,39	1503,21
864,57	1443,82
864,75	1406,95
864,92	1472,49
865,10	1431,53
865,28	1382,38
865,46	1415,15
865,64	1456,11
865,82	1404,91
866,00	1497,07
866,18	1370,09
866,36	1449,96
866,54	1413,10
866,72	1495,02
866,90	1415,15
867,08	1464,30
867,26	1417,19
867,44	1445,87
867,62	1484,78
867,80	1429,48
867,98	1548,26
868,16	1431,53
868,34	1507,30
868,52	1456,11
868,70	1445,87
868,88	1443,82
869,06	1411,05
869,24	1411,05
869,42	1347,56
869,59	1392,62
869,77	1452,01
869,95	1441,77
870,13	1468,39
870,31	1398,76
870,49	1468,39
870,67	1396,71
870,85	1409,00
871,03	1398,76
871,21	1480,68
871,39	1435,63
871,57	1415,15
871,75	1462,25
871,92	1472,49
872,10	1404,91
872,28	1398,76
872,46	1406,95
872,64	1474,54
872,82	1484,78
873,00	1419,24
873,18	1380,33
873,36	1445,87
873,54	1404,91
873,72	1501,16
873,89	1529,83
874,07	1497,07
874,25	1507,30
874,43	1497,07
874,61	1421,29
874,79	1425,39
874,97	1476,59
875,15	1476,59
875,33	1382,38
875,50	1406,95
875,68	1435,63
875,86	1482,73
876,04	1507,30
876,22	1466,35
876,40	1505,26
876,58	1497,07
876,76	1452,01
876,93	1529,83
877,11	1417,19
877,29	1572,84
877,47	1445,87
877,65	1441,77
877,83	1558,50
878,01	1460,20
878,18	1511,40
878,36	1433,58
878,54	1425,39
878,72	1402,86
878,90	1417,19
879,08	1523,69
879,25	1486,83
879,43	1333,23
879,61	1511,40
879,79	1419,24
879,97	1533,93
880,15	1439,72
880,32	1478,63
880,50	1552,36
880,68	1396,71
880,86	1396,71
881,04	1415,15
881,22	1533,93
881,39	1409,00
881,57	1495,02
881,75	1437,67
881,93	1452,01
882,11	1513,45
882,28	1462,25
882,46	1423,34
882,64	1441,77
882,82	1468,39
883,00	1482,73
883,18	1419,24
883,35	1361,90
883,53	1413,10
883,71	1421,29
883,89	1460,20
884,07	1396,71
884,24	1546,22
884,42	1345,52
884,60	1431,53
884,78	1538,02
884,95	1435,63
885,13	1462,25
885,31	1394,67
885,49	1372,14
885,67	1363,95
885,84	1458,15
886,02	1515,50
886,20	1497,07
886,38	1429,48
886,55	1458,15
886,73	1419,24
886,91	1497,07
887,09	1456,11
887,26	1427,43
887,44	1445,87
887,62	1525,74
887,80	1353,71
887,98	1499,11
888,15	1409,00
888,33	1423,34
888,51	1488,87
888,69	1558,50
888,86	1423,34
889,04	1382,38
889,22	1359,85
889,39	1546,22
889,57	1417,19
889,75	1392,62
889,93	1400,81
890,10	1398,76
890,28	1435,63
890,46	1503,21
890,64	1452,01
890,81	1423,34
890,99	1437,67
891,17	1449,96
891,34	1482,73
891,52	1460,20
891,70	1425,39
891,88	1468,39
892,05	1415,15
892,23	1452,01
892,41	1462,25
892,58	1435,63
892,76	1492,97
892,94	1359,85
893,12	1484,78
893,29	1400,81
893,47	1388,52
893,65	1388,52
893,82	1400,81
894,00	1474,54
894,18	1482,73
894,35	1431,53
894,53	1359,85
894,71	1513,45
894,89	1386,47
895,06	1474,54
895,24	1382,38
895,42	1378,28
895,59	1404,91
895,77	1462,25
895,95	1484,78
896,12	1433,58
896,30	1413,10
896,48	1300,46
896,65	1490,92
896,83	1406,95
897,01	1409,00
897,18	1490,92
897,36	1521,64
897,54	1435,63
897,71	1454,06
897,89	1464,30
898,07	1376,24
898,24	1357,80
898,42	1423,34
898,59	1452,01
898,77	1445,87
898,95	1425,39
899,12	1445,87
899,30	1386,47
899,48	1468,39
899,65	1421,29
899,83	1392,62
900,01	1394,67
900,18	1495,02
900,36	1437,67
900,53	1460,20
900,71	1425,39
900,89	1390,57
901,06	1398,76
901,24	1409,00
901,42	1406,95
901,59	1443,82
901,77	1449,96
901,94	1515,50
902,12	1527,78
902,30	1456,11
902,47	1386,47
902,65	1421,29
902,82	1456,11
903,00	1474,54
903,18	1517,54
903,35	1386,47
903,53	1380,33
903,70	1372,14
903,88	1478,63
904,06	1521,64
904,23	1368,04
904,41	1318,89
904,58	1435,63
904,76	1380,33
904,93	1478,63
905,11	1400,81
905,29	1501,16
905,46	1376,24
905,64	1519,59
905,81	1357,80
905,99	1509,35
906,16	1519,59
906,34	1435,63
906,52	1447,91
906,69	1388,52
906,87	1452,01
907,04	1445,87
907,22	1439,72
907,39	1484,78
907,57	1382,38
907,75	1521,64
907,92	1404,91
908,10	1445,87
908,27	1431,53
908,45	1439,72
908,62	1468,39
908,80	1435,63
908,97	1372,14
909,15	1423,34
909,32	1433,58
909,50	1435,63
909,67	1400,81
909,85	1394,67
910,03	1427,43
910,20	1515,50
910,38	1366,00
910,55	1409,00
910,73	1392,62
910,90	1460,20
911,08	1404,91
911,25	1443,82
911,43	1470,44
911,60	1368,04
911,78	1460,20
911,95	1421,29
912,13	1441,77
912,30	1454,06
912,48	1439,72
912,65	1382,38
912,83	1368,04
913,00	1359,85
913,18	1566,70
913,35	1433,58
913,53	1409,00
913,70	1505,26
913,88	1413,10
914,05	1538,02
914,23	1396,71
914,40	1511,40
914,58	1482,73
914,75	1443,82
914,93	1458,15
915,10	1372,14
915,27	1515,50
915,45	1419,24
915,62	1425,39
915,80	1427,43
915,97	1425,39
916,15	1478,63
916,32	1517,54
916,50	1425,39
916,67	1406,95
916,85	1480,68
917,02	1400,81
917,20	1439,72
917,37	1427,43
917,54	1443,82
917,72	1458,15
917,89	1439,72
918,07	1445,87
918,24	1425,39
918,42	1386,47
918,59	1357,80
918,77	1497,07
918,94	1476,59
919,11	1454,06
919,29	1417,19
919,46	1476,59
919,64	1435,63
919,81	1454,06
919,99	1386,47
920,16	1492,97
920,33	1447,91
920,51	1423,34
920,68	1515,50
920,86	1486,83
921,03	1480,68
921,20	1400,81
921,38	1452,01
921,55	1398,76
921,73	1386,47
921,90	1470,44
922,07	1458,15
922,25	1495,02
922,42	1431,53
922,60	1492,97
922,77	1456,11
922,94	1476,59
923,12	1339,37
923,29	1495,02
923,47	1423,34
923,64	1382,38
923,81	1464,30
923,99	1433,58
924,16	1425,39
924,34	1406,95
924,51	1488,87
924,68	1474,54
924,86	1417,19
925,03	1525,74
925,20	1419,24
925,38	1452,01
925,55	1427,43
925,72	1433,58
925,90	1488,87
926,07	1402,86
926,25	1413,10
926,42	1501,16
926,59	1523,69
926,77	1452,01
926,94	1497,07
927,11	1427,43
927,29	1445,87
927,46	1445,87
927,63	1452,01
927,81	1480,68
927,98	1527,78
928,15	1488,87
928,33	1515,50
928,50	1441,77
928,67	1482,73
928,85	1460,20
929,02	1472,49
929,19	1511,40
929,37	1533,93
929,54	1406,95
929,71	1484,78
929,89	1439,72
930,06	1445,87
930,23	1492,97
930,41	1433,58
930,58	1417,19
930,75	1513,45
930,92	1488,87
931,10	1474,54
931,27	1368,04
931,44	1562,60
931,62	1427,43
931,79	1398,76
931,96	1474,54
932,14	1454,06
932,31	1454,06
932,48	1568,74
932,65	1394,67
932,83	1464,30
933,00	1366,00
933,17	1542,12
933,35	1521,64
933,52	1542,12
933,69	1490,92
933,86	1495,02
934,04	1464,30
934,21	1386,47
934,38	1431,53
934,55	1445,87
934,73	1456,11
934,90	1476,59
935,07	1499,11
935,25	1511,40
935,42	1429,48
935,59	1413,10
935,76	1431,53
935,94	1435,63
936,11	1439,72
936,28	1581,03
936,45	1353,71
936,63	1474,54
936,80	1374,19
936,97	1445,87
937,14	1456,11
937,31	1519,59
937,49	1470,44
937,66	1392,62
937,83	1421,29
938,00	1445,87
938,18	1509,35
938,35	1525,74
938,52	1525,74
938,69	1452,01
938,87	1458,15
939,04	1382,38
939,21	1468,39
939,38	1441,77
939,55	1449,96
939,73	1517,54
939,90	1421,29
940,07	1490,92
940,24	1378,28
940,41	1454,06
940,59	1411,05
940,76	1394,67
940,93	1423,34
941,10	1415,15
941,27	1421,29
941,45	1542,12
941,62	1447,91
941,79	1431,53
941,96	1456,11
942,13	1488,87
942,31	1474,54
942,48	1482,73
942,65	1486,83
942,82	1474,54
942,99	1550,31
943,16	1476,59
943,34	1433,58
943,51	1503,21
943,68	1482,73
943,85	1429,48
944,02	1427,43
944,19	1378,28
944,37	1415,15
944,54	1460,20
944,71	1433,58
944,88	1478,63
945,05	1343,47
945,22	1513,45
945,40	1421,29
945,57	1421,29
945,74	1433,58
945,91	1404,91
946,08	1482,73
946,25	1509,35
946,42	1355,76
946,60	1431,53
946,77	1544,17
946,94	1474,54
947,11	1441,77
947,28	1474,54
947,45	1415,15
947,62	1425,39
947,79	1392,62
947,97	1538,02
948,14	1538,02
948,31	1429,48
948,48	1382,38
948,65	1433,58
948,82	1427,43
948,99	1464,30
949,16	1423,34
949,33	1400,81
949,51	1376,24
949,68	1429,48
949,85	1517,54
950,02	1427,43
950,19	1447,91
950,36	1404,91
950,53	1478,63
950,70	1417,19
950,87	1366,00
951,04	1435,63
951,22	1388,52
951,39	1466,35
951,56	1482,73
951,73	1470,44
951,90	1490,92
952,07	1466,35
952,24	1429,48
952,41	1503,21
952,58	1378,28
952,75	1439,72
952,92	1486,83
953,09	1404,91
953,26	1458,15
953,43	1449,96
953,61	1583,08
953,78	1460,20
953,95	1445,87
954,12	1398,76
954,29	1421,29
954,46	1357,80
954,63	1394,67
954,80	1519,59
954,97	1488,87
955,14	1439,72
955,31	1433,58
955,48	1370,09
955,65	1398,76
955,82	1413,10
955,99	1482,73
956,16	1361,90
956,33	1456,11
956,50	1454,06
956,67	1394,67
956,84	1470,44
957,01	1505,26
957,18	1441,77
957,35	1429,48
957,52	1431,53
957,69	1523,69
957,86	1392,62
958,03	1437,67
958,20	1396,71
958,37	1488,87
958,54	1507,30
958,71	1392,62
958,88	1503,21
959,05	1411,05
959,22	1404,91
959,39	1486,83
959,56	1439,72
959,73	1411,05
959,90	1464,30
960,07	1396,71
960,24	1415,15
960,41	1349,61
960,58	1488,87
960,75	1413,10
960,92	1413,10
961,09	1402,86
961,26	1507,30
961,43	1492,97
961,60	1456,11
961,77	1443,82
961,94	1402,86
962,11	1376,24
962,28	1527,78
962,45	1497,07
962,62	1357,80
962,79	1370,09
962,96	1425,39
963,13	1435,63
963,30	1497,07
963,47	1390,57
963,64	1447,91
963,81	1507,30
963,98	1413,10
964,14	1505,26
964,31	1449,96
964,48	1460,20
964,65	1427,43
964,82	1388,52
964,99	1398,76
965,16	1429,48
965,33	1441,77
965,50	1437,67
965,67	1507,30
965,84	1452,01
966,01	1347,56
966,18	1388,52
966,35	1437,67
966,51	1476,59
966,68	1499,11
966,85	1495,02
967,02	1497,07
967,19	1290,22
967,36	1492,97
967,53	1380,33
967,70	1525,74
967,87	1456,11
968,04	1480,68
968,21	1441,77
968,37	1456,11
968,54	1417,19
968,71	1464,30
968,88	1478,63
969,05	1429,48
969,22	1417,19
969,39	1499,11
969,56	1464,30
969,72	1427,43
969,89	1454,06
970,06	1482,73
970,23	1429,48
970,40	1425,39
970,57	1435,63
970,74	1527,78
970,91	1427,43
971,07	1433,58
971,24	1482,73
971,41	1472,49
971,58	1386,47
971,75	1456,11
971,92	1421,29
972,09	1394,67
972,25	1402,86
972,42	1478,63
972,59	1351,66
972,76	1421,29
972,93	1505,26
973,10	1538,02
973,27	1476,59
973,43	1423,34
973,60	1443,82
973,77	1497,07
973,94	1382,38
974,11	1454,06
974,28	1417,19
974,44	1454,06
974,61	1441,77
974,78	1447,91
974,95	1456,11
975,12	1394,67
975,28	1492,97
975,45	1380,33
975,62	1466,35
975,79	1419,24
975,96	1341,42
976,12	1458,15
976,29	1398,76
976,46	1322,99
976,63	1464,30
976,80	1452,01
976,96	1509,35
977,13	1501,16
977,30	1370,09
977,47	1425,39
977,64	1458,15
977,80	1417,19
977,97	1392,62
978,14	1445,87
978,31	1435,63
978,48	1521,64
978,64	1390,57
978,81	1406,95
978,98	1437,67
979,15	1363,95
979,31	1421,29
979,48	1495,02
979,65	1433,58
979,82	1480,68
979,98	1409,00
980,15	1386,47
980,32	1603,56
980,49	1404,91
980,66	1404,91
980,82	1452,01
980,99	1452,01
981,16	1355,76
981,33	1472,49
981,49	1404,91
981,66	1452,01
981,83	1419,24
981,99	1370,09
982,16	1388,52
982,33	1415,15
982,50	1386,47
982,66	1445,87
982,83	1431,53
983,00	1443,82
983,17	1357,80
983,33	1439,72
983,50	1443,82
983,67	1484,78
983,83	1374,19
984,00	1402,86
984,17	1462,25
984,34	1460,20
984,50	1382,38
984,67	1382,38
984,84	1417,19
985,00	1388,52
985,17	1433,58
985,34	1357,80
985,51	1515,50
985,67	1361,90
985,84	1392,62
986,01	1378,28
986,17	1421,29
986,34	1431,53
986,51	1329,13
986,67	1325,04
986,84	1433,58
987,01	1419,24
987,17	1433,58
987,34	1380,33
987,51	1353,71
987,67	1476,59
987,84	1480,68
988,01	1419,24
988,17	1447,91
988,34	1382,38
988,51	1411,05
988,67	1490,92
988,84	1431,53
989,01	1335,28
989,17	1351,66
989,34	1404,91
989,51	1406,95
989,67	1492,97
989,84	1425,39
990,01	1441,77
990,17	1474,54
990,34	1341,42
990,51	1419,24
990,67	1413,10
990,84	1343,47
991,01	1402,86
991,17	1427,43
991,34	1413,10
991,50	1370,09
991,67	1376,24
991,84	1366,00
992,00	1484,78
992,17	1335,28
992,34	1415,15
992,50	1449,96
992,67	1404,91
992,83	1433,58
993,00	1378,28
993,17	1421,29
993,33	1490,92
993,50	1454,06
993,66	1421,29
993,83	1478,63
994,00	1380,33
994,16	1411,05
994,33	1492,97
994,49	1470,44
994,66	1433,58
994,83	1400,81
994,99	1339,37
995,16	1439,72
995,32	1376,24
995,49	1441,77
995,66	1419,24
995,82	1445,87
995,99	1390,57
996,15	1421,29
996,32	1357,80
996,48	1384,43
996,65	1460,20
996,82	1394,67
996,98	1402,86
997,15	1460,20
997,31	1439,72
997,48	1413,10
997,64	1413,10
997,81	1396,71
997,97	1368,04
998,14	1398,76
998,31	1445,87
998,47	1402,86
998,64	1435,63
998,80	1445,87
998,97	1404,91
999,13	1427,43
999,30	1382,38
999,46	1445,87
999,63	1411,05
999,79	1482,73
999,96	1499,11
1000,12	1437,67
1000,29	1339,37
1000,45	1411,05
1000,62	1370,09
1000,79	1400,81
1000,95	1415,15
1001,12	1411,05
1001,28	1394,67
1001,45	1439,72
1001,61	1423,34
1001,78	1435,63
1001,94	1417,19
1002,11	1544,17
1002,27	1433,58
1002,44	1372,14
1002,60	1378,28
1002,77	1388,52
1002,93	1523,69
1003,10	1404,91
1003,26	1394,67
1003,43	1503,21
1003,59	1366,00
1003,76	1386,47
1003,92	1400,81
1004,09	1458,15
1004,25	1427,43
1004,41	1464,30
1004,58	1466,35
1004,74	1398,76
1004,91	1431,53
1005,07	1474,54
1005,24	1521,64
1005,40	1353,71
1005,57	1445,87
1005,73	1411,05
1005,90	1380,33
1006,06	1417,19
1006,23	1429,48
1006,39	1462,25
1006,55	1452,01
1006,72	1376,24
1006,88	1415,15
1007,05	1460,20
1007,21	1509,35
1007,38	1447,91
1007,54	1406,95
1007,71	1452,01
1007,87	1433,58
1008,03	1437,67
1008,20	1458,15
1008,36	1402,86
1008,53	1521,64
1008,69	1452,01
1008,86	1390,57
1009,02	1370,09
1009,18	1431,53
1009,35	1353,71
1009,51	1441,77
1009,68	1402,86
1009,84	1507,30
1010,01	1421,29
1010,17	1474,54
1010,33	1439,72
1010,50	1404,91
1010,66	1566,70
1010,83	1390,57
1010,99	1529,83
1011,15	1357,80
1011,32	1415,15
1011,48	1449,96
1011,65	1441,77
1011,81	1417,19
1011,97	1361,90
1012,14	1513,45
1012,30	1466,35
1012,46	1454,06
1012,63	1318,89
1012,79	1468,39
1012,96	1392,62
1013,12	1355,76
1013,28	1452,01
1013,45	1431,53
1013,61	1413,10
1013,77	1435,63
1013,94	1380,33
1014,10	1390,57
1014,26	1374,19
1014,43	1427,43
1014,59	1372,14
1014,76	1411,05
1014,92	1501,16
1015,08	1357,80
1015,25	1382,38
1015,41	1400,81
1015,57	1474,54
1015,74	1376,24
1015,90	1363,95
1016,06	1380,33
1016,23	1454,06
1016,39	1388,52
1016,55	1462,25
1016,72	1392,62
1016,88	1429,48
1017,04	1421,29
1017,21	1390,57
1017,37	1359,85
1017,53	1409,00
1017,70	1378,28
1017,86	1390,57
1018,02	1386,47
1018,19	1382,38
1018,35	1413,10
1018,51	1466,35
1018,67	1394,67
1018,84	1353,71
1019,00	1349,61
1019,16	1558,50
1019,33	1464,30
1019,49	1427,43
1019,65	1433,58
1019,82	1394,67
1019,98	1411,05
1020,14	1486,83
1020,30	1515,50
1020,47	1390,57
1020,63	1490,92
1020,79	1398,76
1020,96	1396,71
1021,12	1384,43
1021,28	1421,29
1021,44	1392,62
1021,61	1447,91
1021,77	1368,04
1021,93	1402,86
1022,09	1413,10
1022,26	1433,58
1022,42	1476,59
1022,58	1507,30
1022,74	1425,39
1022,91	1382,38
1023,07	1386,47
1023,23	1327,08
1023,39	1417,19
1023,56	1394,67
1023,72	1456,11
1023,88	1355,76
1024,04	1427,43
1024,21	1454,06
1024,37	1425,39
1024,53	1433,58
1024,69	1325,04
1024,86	1435,63
1025,02	1431,53
1025,18	1417,19
1025,34	1390,57
1025,50	1441,77
1025,67	1363,95
1025,83	1452,01
1025,99	1411,05
1026,15	1476,59
1026,32	1437,67
1026,48	1439,72
1026,64	1449,96
1026,80	1452,01
1026,96	1497,07
1027,13	1345,52
1027,29	1535,98
1027,45	1390,57
1027,61	1370,09
1027,77	1409,00
1027,94	1460,20
1028,10	1370,09
1028,26	1423,34
1028,42	1331,18
1028,58	1437,67
1028,75	1476,59
1028,91	1439,72
1029,07	1355,76
1029,23	1368,04
1029,39	1361,90
1029,55	1462,25
1029,72	1425,39
1029,88	1468,39
1030,04	1386,47
1030,20	1390,57
1030,36	1390,57
1030,52	1447,91
1030,69	1411,05
1030,85	1505,26
1031,01	1443,82
1031,17	1415,15
1031,33	1454,06
1031,49	1495,02
1031,65	1370,09
1031,82	1400,81
1031,98	1374,19
1032,14	1437,67
1032,30	1474,54
1032,46	1525,74
1032,62	1472,49
1032,78	1413,10
1032,95	1380,33
1033,11	1390,57
1033,27	1355,76
1033,43	1437,67
1033,59	1378,28
1033,75	1439,72
1033,91	1374,19
1034,07	1513,45
1034,24	1376,24
1034,40	1359,85
1034,56	1501,16
1034,72	1431,53
1034,88	1417,19
1035,04	1415,15
1035,20	1474,54
1035,36	1378,28
1035,52	1382,38
1035,68	1378,28
1035,85	1406,95
1036,01	1411,05
1036,17	1533,93
1036,33	1421,29
1036,49	1341,42
1036,65	1427,43
1036,81	1513,45
1036,97	1380,33
1037,13	1406,95
1037,29	1417,19
1037,45	1429,48
1037,61	1394,67
1037,78	1390,57
1037,94	1427,43
1038,10	1443,82
1038,26	1392,62
1038,42	1355,76
1038,58	1345,52
1038,74	1366,00
1038,90	1366,00
1039,06	1480,68
1039,22	1421,29
1039,38	1417,19
1039,54	1404,91
1039,70	1411,05
1039,86	1396,71
1040,02	1429,48
1040,18	1474,54
1040,34	1398,76
1040,50	1398,76
1040,66	1460,20
1040,83	1316,84
1040,99	1462,25
1041,15	1503,21
1041,31	1427,43
1041,47	1390,57
1041,63	1427,43
1041,79	1318,89
1041,95	1439,72
1042,11	1390,57
1042,27	1427,43
1042,43	1341,42
1042,59	1480,68
1042,75	1392,62
1042,91	1456,11
