344,25	1273,84
344,46	1273,84
344,68	1273,84
344,90	1300,46
345,12	1282,03
345,34	1392,62
345,55	1437,67
345,77	1406,95
345,99	1322,99
346,21	1464,30
346,42	1402,86
346,64	1447,91
346,86	1349,61
347,08	1443,82
347,30	1325,04
347,51	1415,15
347,73	1423,34
347,95	1484,78
348,17	1423,34
348,38	1472,49
348,60	1318,89
348,82	1449,96
349,04	1423,34
349,25	1427,43
349,47	1527,78
349,69	1396,71
349,91	1548,26
350,13	1409,00
350,34	1513,45
350,56	1376,24
350,78	1349,61
351,00	1458,15
351,21	1447,91
351,43	1409,00
351,65	1380,33
351,87	1376,24
352,08	1441,77
352,30	1462,25
352,52	1259,50
352,74	1353,71
352,95	1361,90
353,17	1509,35
353,39	1423,34
353,61	1482,73
353,82	1409,00
354,04	1433,58
354,26	1370,09
354,47	1421,29
354,69	1351,66
354,91	1357,80
355,13	1402,86
355,34	1437,67
355,56	1431,53
355,78	1460,20
356,00	1425,39
356,21	1390,57
356,43	1443,82
356,65	1411,05
356,86	1394,67
357,08	1433,58
357,30	1398,76
357,52	1443,82
357,73	1478,63
357,95	1331,18
358,17	1378,28
358,38	1456,11
358,60	1433,58
358,82	1427,43
359,04	1376,24
359,25	1533,93
359,47	1460,20
359,69	1382,38
359,90	1357,80
360,12	1486,83
360,34	1368,04
360,56	1482,73
360,77	1597,42
360,99	1478,63
361,21	1452,01
361,42	1327,08
361,64	1466,35
361,86	1468,39
362,07	1431,53
362,29	1478,63
362,51	1443,82
362,73	1325,04
362,94	1357,80
363,16	1486,83
363,38	1464,30
363,59	1488,87
363,81	1413,10
364,03	1458,15
364,24	1503,21
364,46	1427,43
364,68	1525,74
364,89	1390,57
365,11	1519,59
365,33	1411,05
365,54	1419,24
365,76	1400,81
365,98	1458,15
366,19	1454,06
366,41	1550,31
366,63	1505,26
366,84	1372,14
367,06	1460,20
367,28	1439,72
367,49	1452,01
367,71	1439,72
367,93	1441,77
368,14	1433,58
368,36	1400,81
368,58	1484,78
368,79	1470,44
369,01	1437,67
369,23	1415,15
369,44	1433,58
369,66	1357,80
369,88	1445,87
370,09	1394,67
370,31	1484,78
370,53	1507,30
370,74	1386,47
370,96	1462,25
371,18	1433,58
371,39	1460,20
371,61	1523,69
371,82	1468,39
372,04	1419,24
372,26	1380,33
372,47	1466,35
372,69	1482,73
372,91	1470,44
373,12	1433,58
373,34	1466,35
373,56	1316,84
373,77	1458,15
373,99	1376,24
374,20	1464,30
374,42	1353,71
374,64	1540,07
374,85	1396,71
375,07	1492,97
375,29	1406,95
375,50	1437,67
375,72	1400,81
375,93	1402,86
376,15	1404,91
376,37	1431,53
376,58	1458,15
376,80	1437,67
377,01	1351,66
377,23	1497,07
377,45	1437,67
377,66	1417,19
377,88	1425,39
378,10	1431,53
378,31	1335,28
378,53	1525,74
378,74	1351,66
378,96	1466,35
379,18	1374,19
379,39	1386,47
379,61	1402,86
379,82	1454,06
380,04	1413,10
380,26	1433,58
380,47	1376,24
380,69	1509,35
380,90	1515,50
381,12	1456,11
381,33	1421,29
381,55	1449,96
381,77	1478,63
381,98	1466,35
382,20	1382,38
382,41	1472,49
382,63	1478,63
382,85	1431,53
383,06	1460,20
383,28	1466,35
383,49	1445,87
383,71	1525,74
383,92	1425,39
384,14	1316,84
384,36	1394,67
384,57	1431,53
384,79	1357,80
385,00	1513,45
385,22	1411,05
385,43	1409,00
385,65	1470,44
385,87	1402,86
386,08	1394,67
386,30	1454,06
386,51	1435,63
386,73	1466,35
386,94	1509,35
387,16	1464,30
387,37	1480,68
387,59	1388,52
387,81	1402,86
388,02	1468,39
388,24	1333,23
388,45	1388,52
388,67	1368,04
388,88	1454,06
389,10	1386,47
389,31	1417,19
389,53	1523,69
389,75	1384,43
389,96	1400,81
390,18	1339,37
390,39	1378,28
390,61	1443,82
390,82	1396,71
391,04	1497,07
391,25	1488,87
391,47	1449,96
391,68	1398,76
391,90	1454,06
392,11	1435,63
392,33	1292,27
392,54	1441,77
392,76	1413,10
392,97	1386,47
393,19	1492,97
393,41	1476,59
393,62	1482,73
393,84	1462,25
394,05	1439,72
394,27	1425,39
394,48	1411,05
394,70	1505,26
394,91	1488,87
395,13	1425,39
395,34	1476,59
395,56	1409,00
395,77	1468,39
395,99	1441,77
396,20	1458,15
396,42	1374,19
396,63	1409,00
396,85	1396,71
397,06	1357,80
397,28	1421,29
397,49	1419,24
397,71	1355,76
397,92	1480,68
398,14	1517,54
398,35	1546,22
398,57	1488,87
398,78	1513,45
399,00	1492,97
399,21	1400,81
399,43	1366,00
399,64	1366,00
399,86	1435,63
400,07	1435,63
400,29	1370,09
400,50	1484,78
400,72	1390,57
400,93	1462,25
401,14	1449,96
401,36	1439,72
401,57	1425,39
401,79	1433,58
402,00	1449,96
402,22	1413,10
402,43	1433,58
402,65	1443,82
402,86	1415,15
403,08	1488,87
403,29	1437,67
403,51	1495,02
403,72	1490,92
403,94	1437,67
404,15	1474,54
404,36	1382,38
404,58	1681,38
404,79	1478,63
405,01	1415,15
405,22	1431,53
405,44	1419,24
405,65	1468,39
405,87	1413,10
406,08	1429,48
406,30	1476,59
406,51	1427,43
406,72	1468,39
406,94	1505,26
407,15	1427,43
407,37	1521,64
407,58	1396,71
407,80	1495,02
408,01	1441,77
408,23	1456,11
408,44	1456,11
408,65	1406,95
408,87	1501,16
409,08	1402,86
409,30	1433,58
409,51	1490,92
409,73	1443,82
409,94	1374,19
410,15	1468,39
410,37	1384,43
410,58	1456,11
410,80	1456,11
411,01	1478,63
411,23	1443,82
411,44	1394,67
411,65	1492,97
411,87	1482,73
412,08	1456,11
412,30	1427,43
412,51	1519,59
412,72	1554,41
412,94	1443,82
413,15	1433,58
413,37	1454,06
413,58	1396,71
413,79	1468,39
414,01	1474,54
414,22	1445,87
414,44	1509,35
414,65	1359,85
414,86	1384,43
415,08	1441,77
415,29	1421,29
415,51	1458,15
415,72	1484,78
415,93	1439,72
416,15	1411,05
416,36	1474,54
416,58	1472,49
416,79	1413,10
417,00	1429,48
417,22	1484,78
417,43	1472,49
417,65	1478,63
417,86	1501,16
418,07	1454,06
418,29	1435,63
418,50	1394,67
418,71	1394,67
418,93	1433,58
419,14	1415,15
419,36	1423,34
419,57	1376,24
419,78	1482,73
420,00	1312,75
420,21	1439,72
420,42	1447,91
420,64	1525,74
420,85	1378,28
421,06	1470,44
421,28	1478,63
421,49	1429,48
421,71	1464,30
421,92	1503,21
422,13	1431,53
422,35	1443,82
422,56	1394,67
422,77	1392,62
422,99	1431,53
423,20	1521,64
423,41	1431,53
423,63	1472,49
423,84	1433,58
424,05	1490,92
424,27	1359,85
424,48	1492,97
424,69	1406,95
424,91	1761,25
425,12	1427,43
425,33	1419,24
425,55	1406,95
425,76	1400,81
425,97	1419,24
426,19	1480,68
426,40	1357,80
426,61	1460,20
426,83	1486,83
427,04	1562,60
427,25	1333,23
427,47	1470,44
427,68	1392,62
427,89	1488,87
428,11	1472,49
428,32	1509,35
428,53	1517,54
428,75	1413,10
428,96	1390,57
429,17	1443,82
429,39	1345,52
429,60	1433,58
429,81	1488,87
430,03	1437,67
430,24	1427,43
430,45	1499,11
430,67	1443,82
430,88	1529,83
431,09	1435,63
431,30	1513,45
431,52	1433,58
431,73	1417,19
431,94	1394,67
432,16	1417,19
432,37	1533,93
432,58	1423,34
432,80	1517,54
433,01	1415,15
433,22	1480,68
433,43	1439,72
433,65	1417,19
433,86	1388,52
434,07	1423,34
434,29	1400,81
434,50	1355,76
434,71	1445,87
434,92	1472,49
435,14	1413,10
435,35	1406,95
435,56	1456,11
435,77	1398,76
435,99	1374,19
436,20	1402,86
436,41	1439,72
436,63	1456,11
436,84	1413,10
437,05	1390,57
437,26	1464,30
437,48	1480,68
437,69	1421,29
437,90	1380,33
438,11	1460,20
438,33	1458,15
438,54	1462,25
438,75	1468,39
438,96	1370,09
439,18	1370,09
439,39	1413,10
439,60	1349,61
439,82	1363,95
440,03	1490,92
440,24	1570,79
440,45	1411,05
440,67	1449,96
440,88	1449,96
441,09	1505,26
441,30	1380,33
441,51	1509,35
441,73	1310,70
441,94	1435,63
442,15	1425,39
442,36	1548,26
442,58	1449,96
442,79	1419,24
443,00	1388,52
443,21	1511,40
443,43	1470,44
443,64	1378,28
443,85	1468,39
444,06	1509,35
444,28	1480,68
444,49	1402,86
444,70	1417,19
444,91	1548,26
445,12	1476,59
445,34	1390,57
445,55	1513,45
445,76	1470,44
445,97	1468,39
446,18	1447,91
446,40	1474,54
446,61	1419,24
446,82	1392,62
447,03	1468,39
447,25	1423,34
447,46	1439,72
447,67	1413,10
447,88	1431,53
448,09	1421,29
448,31	1474,54
448,52	1470,44
448,73	1511,40
448,94	1394,67
449,15	1509,35
449,37	1353,71
449,58	1447,91
449,79	1523,69
450,00	1495,02
450,21	1421,29
450,43	1423,34
450,64	1441,77
450,85	1384,43
451,06	1574,89
451,27	1464,30
451,48	1425,39
451,70	1458,15
451,91	1357,80
452,12	1417,19
452,33	1492,97
452,54	1406,95
452,76	1501,16
452,97	1535,98
453,18	1452,01
453,39	1411,05
453,60	1492,97
453,81	1480,68
454,03	1439,72
454,24	1409,00
454,45	1368,04
454,66	1458,15
454,87	1378,28
455,08	1488,87
455,30	1472,49
455,51	1501,16
455,72	1486,83
455,93	1413,10
456,14	1415,15
456,35	1460,20
456,56	1554,41
456,78	1447,91
456,99	1480,68
457,20	1409,00
457,41	1523,69
457,62	1392,62
457,83	1490,92
458,04	1464,30
458,26	1505,26
458,47	1497,07
458,68	1423,34
458,89	1441,77
459,10	1409,00
459,31	1439,72
459,52	1452,01
459,74	1390,57
459,95	1458,15
460,16	1423,34
460,37	1525,74
460,58	1503,21
460,79	1482,73
461,00	1527,78
461,21	1470,44
461,43	1464,30
461,64	1474,54
461,85	1439,72
462,06	1443,82
462,27	1318,89
462,48	1523,69
462,69	1511,40
462,90	1452,01
463,12	1462,25
463,33	1396,71
463,54	1454,06
463,75	1394,67
463,96	1423,34
464,17	1394,67
464,38	1447,91
464,59	1488,87
464,80	1370,09
465,01	1343,47
465,23	1484,78
465,44	1425,39
465,65	1417,19
465,86	1482,73
466,07	1392,62
466,28	1519,59
466,49	1488,87
466,70	1478,63
466,91	1497,07
467,12	1425,39
467,33	1386,47
467,55	1533,93
467,76	1443,82
467,97	1454,06
468,18	1452,01
468,39	1470,44
468,60	1517,54
468,81	1482,73
469,02	1466,35
469,23	1380,33
469,44	1472,49
469,65	1327,08
469,86	1495,02
470,07	1452,01
470,29	1564,65
470,50	1376,24
470,71	1431,53
470,92	1445,87
471,13	1413,10
471,34	1388,52
471,55	1497,07
471,76	1515,50
471,97	1456,11
472,18	1413,10
472,39	1366,00
472,60	1454,06
472,81	1474,54
473,02	1417,19
473,23	1482,73
473,44	1447,91
473,65	1427,43
473,87	1374,19
474,08	1482,73
474,29	1458,15
474,50	1411,05
474,71	1472,49
474,92	1509,35
475,13	1406,95
475,34	1439,72
475,55	1425,39
475,76	1406,95
475,97	1507,30
476,18	1404,91
476,39	1402,86
476,60	1519,59
476,81	1509,35
477,02	1525,74
477,23	1431,53
477,44	1529,83
477,65	1372,14
477,86	1406,95
478,07	1458,15
478,28	1456,11
478,49	1464,30
478,70	1437,67
478,91	1398,76
479,12	1388,52
479,33	1447,91
479,54	1468,39
479,75	1470,44
479,96	1562,60
480,17	1464,30
480,38	1390,57
480,59	1484,78
480,80	1517,54
481,01	1429,48
481,22	1433,58
481,43	1417,19
481,64	1501,16
481,85	1409,00
482,06	1435,63
482,27	1435,63
482,48	1456,11
482,69	1538,02
482,90	1488,87
483,11	1517,54
483,32	1460,20
483,53	1443,82
483,74	1548,26
483,95	1406,95
484,16	1474,54
484,37	1433,58
484,58	1501,16
484,79	1413,10
485,00	1470,44
485,21	1456,11
485,42	1480,68
485,63	1560,55
485,84	1439,72
486,05	1433,58
486,26	1353,71
486,47	1583,08
486,68	1394,67
486,89	1435,63
487,10	1466,35
487,31	1488,87
487,52	1425,39
487,73	1550,31
487,94	1411,05
488,15	1394,67
488,36	1509,35
488,57	1409,00
488,77	1462,25
488,98	1468,39
489,19	1501,16
489,40	1431,53
489,61	1462,25
489,82	1468,39
490,03	1470,44
490,24	1345,52
490,45	1480,68
490,66	1406,95
490,87	1529,83
491,08	1366,00
491,29	1499,11
491,50	1359,85
491,71	1406,95
491,92	1505,26
492,13	1503,21
492,33	1425,39
492,54	1464,30
492,75	1423,34
492,96	1411,05
493,17	1523,69
493,38	1464,30
493,59	1437,67
493,80	1499,11
494,01	1529,83
494,22	1535,98
494,43	1394,67
494,64	1427,43
494,85	1476,59
495,05	1490,92
495,26	1488,87
495,47	1548,26
495,68	1439,72
495,89	1581,03
496,10	1335,28
496,31	1464,30
496,52	1419,24
496,73	1525,74
496,94	1503,21
497,15	1628,14
497,35	1439,72
497,56	1445,87
497,77	1443,82
497,98	1449,96
498,19	1460,20
498,40	1478,63
498,61	1525,74
498,82	1423,34
499,03	1441,77
499,23	1421,29
499,44	1441,77
499,65	1509,35
499,86	1482,73
500,07	1456,11
500,28	1413,10
500,49	1413,10
500,70	1439,72
500,91	1357,80
501,11	1411,05
501,32	1511,40
501,53	1501,16
501,74	1439,72
501,95	1513,45
502,16	1456,11
502,37	1425,39
502,57	1515,50
502,78	1568,74
502,99	1474,54
503,20	1439,72
503,41	1472,49
503,62	1472,49
503,83	1386,47
504,03	1427,43
504,24	1478,63
504,45	1495,02
504,66	1454,06
504,87	1470,44
505,08	1419,24
505,29	1433,58
505,49	1517,54
505,70	1570,79
505,91	1415,15
506,12	1507,30
506,33	1527,78
506,54	1452,01
506,75	1482,73
506,95	1490,92
507,16	1570,79
507,37	1464,30
507,58	1529,83
507,79	1542,12
508,00	1495,02
508,20	1394,67
508,41	1411,05
508,62	1447,91
508,83	1462,25
509,04	1398,76
509,24	1468,39
509,45	1771,49
509,66	1437,67
509,87	1435,63
510,08	1437,67
510,29	1445,87
510,49	1523,69
510,70	1361,90
510,91	1486,83
511,12	1505,26
511,33	1417,19
511,53	1488,87
511,74	1382,38
511,95	1411,05
512,16	1411,05
512,37	1466,35
512,57	1390,57
512,78	1425,39
512,99	1409,00
513,20	1525,74
513,41	1495,02
513,61	1503,21
513,82	1443,82
514,03	1343,47
514,24	1470,44
514,45	1550,31
514,65	1456,11
514,86	1406,95
515,07	1488,87
515,28	1452,01
515,49	1445,87
515,69	1423,34
515,90	1357,80
516,11	1478,63
516,32	1503,21
516,52	1454,06
516,73	1490,92
516,94	1429,48
517,15	1472,49
517,36	1470,44
517,56	1460,20
517,77	1527,78
517,98	1511,40
518,19	1429,48
518,39	1501,16
518,60	1343,47
518,81	1574,89
519,02	1452,01
519,22	1460,20
519,43	1462,25
519,64	1521,64
519,85	1484,78
520,05	1484,78
520,26	1441,77
520,47	1515,50
520,68	1484,78
520,88	1394,67
521,09	1550,31
521,30	1513,45
521,51	1492,97
521,71	1486,83
521,92	1495,02
522,13	1427,43
522,34	1429,48
522,54	1435,63
522,75	1357,80
522,96	1411,05
523,17	1486,83
523,37	1484,78
523,58	1499,11
523,79	1443,82
523,99	1523,69
524,20	1417,19
524,41	1511,40
524,62	1558,50
524,82	1441,77
525,03	1507,30
525,24	1417,19
525,45	1447,91
525,65	1419,24
525,86	1464,30
526,07	1415,15
526,27	1529,83
526,48	1513,45
526,69	1492,97
526,90	1427,43
527,10	1482,73
527,31	1452,01
527,52	1421,29
527,72	1509,35
527,93	1456,11
528,14	1472,49
528,34	1478,63
528,55	1402,86
528,76	1429,48
528,97	1404,91
529,17	1458,15
529,38	1474,54
529,59	1470,44
529,79	1488,87
530,00	1501,16
530,21	1599,46
530,41	1499,11
530,62	1462,25
530,83	1505,26
531,03	1468,39
531,24	1437,67
531,45	1527,78
531,65	1460,20
531,86	1515,50
532,07	1478,63
532,27	1454,06
532,48	1454,06
532,69	1476,59
532,89	1519,59
533,10	1406,95
533,31	1484,78
533,51	1329,13
533,72	1343,47
533,93	1488,87
534,13	1482,73
534,34	1458,15
534,55	1505,26
534,75	1445,87
534,96	1478,63
535,17	1343,47
535,37	1527,78
535,58	1533,93
535,79	1497,07
535,99	1460,20
536,20	1472,49
536,41	1474,54
536,61	1474,54
536,82	1468,39
537,03	1421,29
537,23	1454,06
537,44	1447,91
537,64	1468,39
537,85	1445,87
538,06	1509,35
538,26	1499,11
538,47	1472,49
538,68	1439,72
538,88	1550,31
539,09	1464,30
539,30	1445,87
539,50	1468,39
539,71	1542,12
539,91	1595,37
540,12	1497,07
540,33	1456,11
540,53	1449,96
540,74	1476,59
540,94	1425,39
541,15	1454,06
541,36	1404,91
541,56	1519,59
541,77	1456,11
541,98	1470,44
542,18	1464,30
542,39	1476,59
542,59	1560,55
542,80	1480,68
543,01	1376,24
543,21	1425,39
543,42	1488,87
543,62	1482,73
543,83	1415,15
544,04	1519,59
544,24	1452,01
544,45	1454,06
544,65	1558,50
544,86	1497,07
545,06	1429,48
545,27	1411,05
545,48	1468,39
545,68	1511,40
545,89	1439,72
546,09	1482,73
546,30	1394,67
546,51	1564,65
546,71	1488,87
546,92	1538,02
547,12	1480,68
547,33	1509,35
547,53	1372,14
547,74	1507,30
547,95	1505,26
548,15	1447,91
548,36	1533,93
548,56	1492,97
548,77	1476,59
548,97	1558,50
549,18	1400,81
549,39	1478,63
549,59	1460,20
549,80	1490,92
550,00	1425,39
550,21	1468,39
550,41	1409,00
550,62	1499,11
550,82	1458,15
551,03	1495,02
551,23	1492,97
551,44	1458,15
551,65	1443,82
551,85	1480,68
552,06	1560,55
552,26	1464,30
552,47	1413,10
552,67	1460,20
552,88	1357,80
553,08	1425,39
553,29	1535,98
553,49	1456,11
553,70	1484,78
553,90	1570,79
554,11	1380,33
554,32	1525,74
554,52	1488,87
554,73	1382,38
554,93	1351,66
555,14	1458,15
555,34	1488,87
555,55	1470,44
555,75	1478,63
555,96	1431,53
556,16	1429,48
556,37	1535,98
556,57	1474,54
556,78	1339,37
556,98	1609,70
557,19	1480,68
557,39	1488,87
557,60	1464,30
557,80	1462,25
558,01	1511,40
558,21	1470,44
558,42	1474,54
558,62	1492,97
558,83	1519,59
559,03	1390,57
559,24	1511,40
559,44	1552,36
559,65	1406,95
559,85	1423,34
560,06	1558,50
560,26	1482,73
560,47	1419,24
560,67	1507,30
560,88	1449,96
561,08	1484,78
561,29	1548,26
561,49	1476,59
561,70	1452,01
561,90	1400,81
562,10	1515,50
562,31	1488,87
562,51	1409,00
562,72	1382,38
562,92	1462,25
563,13	1566,70
563,33	1476,59
563,54	1488,87
563,74	1470,44
563,95	1445,87
564,15	1470,44
564,36	1597,42
564,56	1529,83
564,76	1468,39
564,97	1447,91
565,17	1431,53
565,38	1437,67
565,58	1417,19
565,79	1519,59
565,99	1501,16
566,20	1529,83
566,40	1443,82
566,60	1519,59
566,81	1548,26
567,01	1572,84
567,22	1486,83
567,42	1462,25
567,63	1488,87
567,83	1433,58
568,04	1548,26
568,24	1503,21
568,44	1476,59
568,65	1497,07
568,85	1505,26
569,06	1413,10
569,26	1499,11
569,47	1566,70
569,67	1443,82
569,87	1482,73
570,08	1482,73
570,28	1480,68
570,49	1480,68
570,69	1470,44
570,89	1505,26
571,10	1538,02
571,30	1529,83
571,51	1482,73
571,71	1472,49
571,91	1507,30
572,12	1460,20
572,32	1429,48
572,53	1466,35
572,73	1527,78
572,93	1581,03
573,14	1466,35
573,34	1484,78
573,55	1474,54
573,75	1546,22
573,95	1474,54
574,16	1521,64
574,36	1466,35
574,57	1531,88
574,77	1525,74
574,97	1413,10
575,18	1497,07
575,38	1419,24
575,59	1474,54
575,79	1417,19
575,99	1488,87
576,20	1490,92
576,40	1492,97
576,60	1497,07
576,81	1435,63
577,01	1570,79
577,22	1509,35
577,42	1468,39
577,62	1468,39
577,83	1480,68
578,03	1478,63
578,23	1591,27
578,44	1548,26
578,64	1511,40
578,84	1519,59
579,05	1497,07
579,25	1642,47
579,45	1466,35
579,66	1406,95
579,86	1419,24
580,07	1495,02
580,27	1464,30
580,47	1464,30
580,68	1437,67
580,88	1468,39
581,08	1472,49
581,29	1478,63
581,49	1505,26
581,69	1548,26
581,90	1470,44
582,10	1464,30
582,30	1386,47
582,51	1513,45
582,71	1388,52
582,91	1413,10
583,12	1427,43
583,32	1484,78
583,52	1425,39
583,73	1478,63
583,93	1470,44
584,13	1495,02
584,34	1507,30
584,54	1447,91
584,74	1429,48
584,94	1497,07
585,15	1517,54
585,35	1472,49
585,55	1470,44
585,76	1564,65
585,96	1482,73
586,16	1523,69
586,37	1384,43
586,57	1394,67
586,77	1427,43
586,98	1456,11
587,18	1458,15
587,38	1478,63
587,58	1396,71
587,79	1472,49
587,99	1488,87
588,19	1460,20
588,40	1437,67
588,60	1564,65
588,80	1452,01
589,00	1449,96
589,21	1443,82
589,41	1507,30
589,61	1431,53
589,82	1529,83
590,02	1511,40
590,22	1464,30
590,42	1454,06
590,63	1501,16
590,83	1458,15
591,03	1488,87
591,23	1583,08
591,44	1560,55
591,64	1568,74
591,84	1439,72
592,05	1497,07
592,25	1511,40
592,45	1482,73
592,65	1490,92
592,86	1456,11
593,06	1492,97
593,26	1476,59
593,46	1544,17
593,67	1411,05
593,87	1519,59
594,07	1499,11
594,27	1478,63
594,48	1447,91
594,68	1540,07
594,88	1527,78
595,08	1400,81
595,29	1464,30
595,49	1421,29
595,69	1439,72
595,89	1447,91
596,10	1560,55
596,30	1521,64
596,50	1376,24
596,70	1472,49
596,90	1419,24
597,11	1445,87
597,31	1578,98
597,51	1452,01
597,71	1470,44
597,92	1521,64
598,12	1472,49
598,32	1513,45
598,52	1366,00
598,72	1490,92
598,93	1497,07
599,13	1601,51
599,33	1431,53
599,53	1519,59
599,74	1499,11
599,94	1421,29
600,14	1497,07
600,34	1505,26
600,54	1505,26
600,75	1517,54
600,95	1433,58
601,15	1443,82
601,35	1413,10
601,55	1353,71
601,76	1468,39
601,96	1562,60
602,16	1413,10
602,36	1517,54
602,56	1460,20
602,76	1429,48
602,97	1452,01
603,17	1474,54
603,37	1505,26
603,57	1486,83
603,77	1454,06
603,98	1544,17
604,18	1402,86
604,38	1558,50
604,58	1486,83
604,78	1468,39
604,98	1452,01
605,19	1462,25
605,39	1337,32
605,59	1544,17
605,79	1554,41
605,99	1542,12
606,19	1501,16
606,40	1435,63
606,60	1417,19
606,80	1445,87
607,00	1550,31
607,20	1472,49
607,40	1456,11
607,61	1509,35
607,81	1527,78
608,01	1505,26
608,21	1456,11
608,41	1503,21
608,61	1406,95
608,81	1464,30
609,02	1372,14
609,22	1488,87
609,42	1517,54
609,62	1519,59
609,82	1464,30
610,02	1568,74
610,22	1513,45
610,43	1400,81
610,63	1554,41
610,83	1495,02
611,03	1531,88
611,23	1472,49
611,43	1503,21
611,63	1501,16
611,83	1427,43
612,04	1517,54
612,24	1533,93
612,44	1521,64
612,64	1478,63
612,84	1386,47
613,04	1472,49
613,24	1572,84
613,44	1484,78
613,64	1443,82
613,85	1587,18
614,05	1560,55
614,25	1452,01
614,45	1437,67
614,65	1550,31
614,85	1482,73
615,05	1437,67
615,25	1568,74
615,45	1415,15
615,65	1445,87
615,86	1443,82
616,06	1478,63
616,26	1482,73
616,46	1527,78
616,66	1433,58
616,86	1441,77
617,06	1503,21
617,26	1521,64
617,46	1490,92
617,66	1476,59
617,86	1513,45
618,07	1470,44
618,27	1464,30
618,47	1429,48
618,67	1597,42
618,87	1439,72
619,07	1474,54
619,27	1566,70
619,47	1521,64
619,67	1544,17
619,87	1380,33
620,07	1517,54
620,27	1572,84
620,47	1499,11
620,67	1456,11
620,87	1535,98
621,07	1462,25
621,28	1499,11
621,48	1632,23
621,68	1525,74
621,88	1447,91
622,08	1503,21
622,28	1552,36
622,48	1542,12
622,68	1499,11
622,88	1564,65
623,08	1533,93
623,28	1468,39
623,48	1509,35
623,68	1423,34
623,88	1468,39
624,08	1574,89
624,28	1490,92
624,48	1460,20
624,68	1476,59
624,88	1486,83
625,08	1531,88
625,28	1517,54
625,48	1531,88
625,68	1437,67
625,88	1509,35
626,08	1488,87
626,28	1535,98
626,48	1441,77
626,68	1523,69
626,88	1497,07
627,08	1564,65
627,28	1540,07
627,48	1445,87
627,68	1486,83
627,88	1468,39
628,08	1497,07
628,28	1482,73
628,49	1546,22
628,68	1505,26
628,88	1478,63
629,08	1488,87
629,28	1550,31
629,48	1492,97
629,68	1581,03
629,88	1570,79
630,08	1560,55
630,28	1562,60
630,48	1490,92
630,68	1533,93
630,88	1540,07
631,08	1488,87
631,28	1527,78
631,48	1488,87
631,68	1576,94
631,88	1439,72
632,08	1546,22
632,28	1523,69
632,48	1535,98
632,68	1452,01
632,88	1538,02
633,08	1488,87
633,28	1564,65
633,48	1415,15
633,68	1529,83
633,88	1503,21
634,08	1576,94
634,28	1476,59
634,48	1517,54
634,68	1439,72
634,88	1566,70
635,08	1429,48
635,28	1538,02
635,48	1488,87
635,68	1509,35
635,87	1540,07
636,07	1517,54
636,27	1470,44
636,47	1535,98
636,67	1552,36
636,87	1591,27
637,07	1570,79
637,27	1449,96
637,47	1523,69
637,67	1509,35
637,87	1501,16
638,07	1552,36
638,27	1394,67
638,47	1533,93
638,67	1409,00
638,86	1632,23
639,06	1568,74
639,26	1472,49
639,46	1423,34
639,66	1513,45
639,86	1548,26
640,06	1519,59
640,26	1523,69
640,46	1515,50
640,66	1503,21
640,86	1538,02
641,06	1456,11
641,25	1621,99
641,45	1552,36
641,65	1578,98
641,85	1452,01
642,05	1517,54
642,25	1454,06
642,45	1515,50
642,65	1513,45
642,85	1456,11
643,05	1452,01
643,24	1529,83
643,44	1484,78
643,64	1552,36
643,84	1394,67
644,04	1486,83
644,24	1613,80
644,44	1482,73
644,64	1454,06
644,84	1515,50
645,03	1554,41
645,23	1562,60
645,43	1482,73
645,63	1564,65
645,83	1509,35
646,03	1523,69
646,23	1564,65
646,42	1591,27
646,62	1546,22
646,82	1562,60
647,02	1433,58
647,22	1505,26
647,42	1546,22
647,62	1544,17
647,82	1486,83
648,01	1726,44
648,21	1472,49
648,41	1501,16
648,61	1533,93
648,81	1597,42
649,01	1525,74
649,20	1470,44
649,40	1468,39
649,60	1472,49
649,80	1445,87
650,00	1554,41
650,20	1503,21
650,40	1550,31
650,59	1505,26
650,79	1621,99
650,99	1527,78
651,19	1406,95
651,39	1546,22
651,58	1484,78
651,78	1538,02
651,98	1517,54
652,18	1546,22
652,38	1578,98
652,58	1464,30
652,77	1505,26
652,97	1599,46
653,17	1525,74
653,37	1636,33
653,57	1533,93
653,77	1482,73
653,96	1562,60
654,16	1435,63
654,36	1492,97
654,56	1511,40
654,76	1517,54
654,95	1552,36
655,15	1609,70
655,35	1566,70
655,55	1482,73
655,75	1523,69
655,94	1478,63
656,14	1456,11
656,34	1552,36
656,54	1476,59
656,73	1527,78
656,93	1535,98
657,13	1570,79
657,33	1570,79
657,53	1492,97
657,72	1558,50
657,92	1486,83
658,12	1587,18
658,32	1558,50
658,52	1544,17
658,71	1488,87
658,91	1435,63
659,11	1611,75
659,31	1568,74
659,50	1570,79
659,70	1576,94
659,90	1576,94
660,10	1406,95
660,29	1511,40
660,49	1484,78
660,69	1628,14
660,89	1585,13
661,08	1527,78
661,28	1486,83
661,48	1509,35
661,68	1441,77
661,87	1503,21
662,07	1497,07
662,27	1531,88
662,47	1538,02
662,66	1609,70
662,86	1540,07
663,06	1501,16
663,26	1478,63
663,45	1560,55
663,65	1603,56
663,85	1488,87
664,05	1523,69
664,24	1578,98
664,44	1490,92
664,64	1507,30
664,84	1605,61
665,03	1578,98
665,23	1671,14
665,43	1550,31
665,62	1492,97
665,82	1511,40
666,02	1542,12
666,22	1525,74
666,41	1468,39
666,61	1640,42
666,81	1474,54
667,00	1548,26
667,20	1511,40
667,40	1538,02
667,60	1474,54
667,79	1513,45
667,99	1562,60
668,19	1413,10
668,38	1513,45
668,58	1568,74
668,78	1503,21
668,97	1556,46
669,17	1515,50
669,37	1505,26
669,57	1474,54
669,76	1501,16
669,96	1511,40
670,16	1527,78
670,35	1505,26
670,55	1488,87
670,75	1542,12
670,94	1531,88
671,14	1558,50
671,34	1595,37
671,53	1468,39
671,73	1497,07
671,93	1486,83
672,12	1415,15
672,32	1558,50
672,52	1605,61
672,71	1511,40
672,91	1519,59
673,11	1484,78
673,30	1523,69
673,50	1495,02
673,70	1521,64
673,89	1517,54
674,09	1554,41
674,29	1560,55
674,48	1523,69
674,68	1529,83
674,88	1525,74
675,07	1507,30
675,27	1478,63
675,46	1531,88
675,66	1548,26
675,86	1529,83
676,05	1476,59
676,25	1486,83
676,45	1478,63
676,64	1552,36
676,84	1554,41
677,04	1476,59
677,23	1560,55
677,43	1519,59
677,62	1595,37
677,82	1478,63
678,02	1472,49
678,21	1576,94
678,41	1501,16
678,61	1499,11
678,80	1527,78
679,00	1413,10
679,19	1542,12
679,39	1578,98
679,59	1558,50
679,78	1468,39
679,98	1474,54
680,17	1480,68
680,37	1621,99
680,57	1488,87
680,76	1552,36
680,96	1570,79
681,16	1474,54
681,35	1388,52
681,55	1492,97
681,74	1460,20
681,94	1476,59
682,13	1513,45
682,33	1601,51
682,53	1462,25
682,72	1429,48
682,92	1423,34
683,11	1437,67
683,31	1558,50
683,51	1517,54
683,70	1527,78
683,90	1525,74
684,09	1460,20
684,29	1462,25
684,48	1452,01
684,68	1529,83
684,88	1626,09
685,07	1472,49
685,27	1564,65
685,46	1458,15
685,66	1513,45
685,85	1548,26
686,05	1619,94
686,25	1556,46
686,44	1552,36
686,64	1630,18
686,83	1562,60
687,03	1511,40
687,22	1484,78
687,42	1495,02
687,61	1568,74
687,81	1482,73
688,01	1513,45
688,20	1411,05
688,40	1540,07
688,59	1513,45
688,79	1560,55
688,98	1546,22
689,18	1552,36
689,37	1476,59
689,57	1591,27
689,76	1562,60
689,96	1484,78
690,15	1581,03
690,35	1441,77
690,54	1587,18
690,74	1452,01
690,94	1527,78
691,13	1568,74
691,33	1566,70
691,52	1554,41
691,72	1497,07
691,91	1540,07
692,11	1587,18
692,30	1484,78
692,50	1593,32
692,69	1587,18
692,89	1515,50
693,08	1513,45
693,28	1599,46
693,47	1488,87
693,67	1636,33
693,86	1460,20
694,06	1503,21
694,25	1499,11
694,45	1529,83
694,64	1523,69
694,84	1519,59
695,03	1601,51
695,23	1546,22
695,42	1439,72
695,62	1497,07
695,81	1564,65
696,01	1587,18
696,20	1437,67
696,40	1587,18
696,59	1507,30
696,78	1527,78
696,98	1538,02
697,17	1505,26
697,37	1478,63
697,56	1513,45
697,76	1439,72
697,95	1564,65
698,15	1587,18
698,34	1546,22
698,54	1501,16
698,73	1593,32
698,93	1552,36
699,12	1507,30
699,32	1472,49
699,51	1476,59
699,70	1392,62
699,90	1558,50
700,09	1634,28
700,29	1525,74
700,48	1548,26
700,68	1521,64
700,87	1454,06
701,07	1515,50
701,26	1443,82
701,45	1470,44
701,65	1501,16
701,84	1562,60
702,04	1486,83
702,23	1507,30
702,43	1454,06
702,62	1517,54
702,81	1435,63
703,01	1445,87
703,20	1589,22
703,40	1429,48
703,59	1509,35
703,79	1482,73
703,98	1433,58
704,17	1429,48
704,37	1468,39
704,56	1480,68
704,76	1433,58
704,95	1415,15
705,14	1429,48
705,34	1476,59
705,53	1374,19
705,73	1433,58
705,92	1488,87
706,11	1470,44
706,31	1495,02
706,50	1427,43
706,70	1462,25
706,89	1507,30
707,08	1445,87
707,28	1497,07
707,47	1486,83
707,67	1413,10
707,86	1388,52
708,05	1458,15
708,25	1445,87
708,44	1452,01
708,64	1400,81
708,83	1454,06
709,02	1400,81
709,22	1519,59
709,41	1415,15
709,60	1492,97
709,80	1517,54
709,99	1398,76
710,19	1378,28
710,38	1431,53
710,57	1388,52
710,77	1429,48
710,96	1466,35
711,15	1454,06
711,35	1413,10
711,54	1447,91
711,73	1372,14
711,93	1402,86
712,12	1394,67
712,31	1460,20
712,51	1390,57
712,70	1390,57
712,89	1372,14
713,09	1388,52
713,28	1378,28
713,48	1439,72
713,67	1402,86
713,86	1372,14
714,06	1499,11
714,25	1454,06
714,44	1384,43
714,64	1417,19
714,83	1392,62
715,02	1400,81
715,22	1544,17
715,41	1366,00
715,60	1394,67
715,79	1386,47
715,99	1372,14
716,18	1482,73
716,37	1437,67
716,57	1429,48
716,76	1400,81
716,95	1419,24
717,15	1449,96
717,34	1382,38
717,53	1353,71
717,73	1386,47
717,92	1441,77
718,11	1558,50
718,31	1437,67
718,50	1445,87
718,69	1421,29
718,88	1486,83
719,08	1402,86
719,27	1429,48
719,46	1488,87
719,66	1435,63
719,85	1452,01
720,04	1458,15
720,23	1382,38
720,43	1357,80
720,62	1406,95
720,81	1341,42
721,01	1484,78
721,20	1449,96
721,39	1458,15
721,58	1406,95
721,78	1441,77
721,97	1384,43
722,16	1331,18
722,35	1492,97
722,55	1343,47
722,74	1382,38
722,93	1359,85
723,13	1409,00
723,32	1335,28
723,51	1409,00
723,70	1445,87
723,90	1384,43
724,09	1439,72
724,28	1359,85
724,47	1402,86
724,67	1456,11
724,86	1435,63
725,05	1433,58
725,24	1411,05
725,44	1392,62
725,63	1368,04
725,82	1386,47
726,01	1378,28
726,21	1427,43
726,40	1370,09
726,59	1437,67
726,78	1392,62
726,97	1372,14
727,17	1449,96
727,36	1363,95
727,55	1415,15
727,74	1429,48
727,94	1361,90
728,13	1458,15
728,32	1435,63
728,51	1353,71
728,70	1394,67
728,90	1402,86
729,09	1443,82
729,28	1474,54
729,47	1449,96
729,66	1386,47
729,86	1392,62
730,05	1406,95
730,24	1384,43
730,43	1386,47
730,63	1406,95
730,82	1538,02
731,01	1292,27
731,20	1413,10
731,39	1431,53
731,58	1374,19
731,78	1497,07
731,97	1380,33
732,16	1363,95
732,35	1370,09
732,54	1431,53
732,74	1480,68
732,93	1394,67
733,12	1343,47
733,31	1409,00
733,50	1370,09
733,69	1409,00
733,89	1435,63
734,08	1388,52
734,27	1406,95
734,46	1392,62
734,65	1417,19
734,84	1357,80
735,04	1421,29
735,23	1421,29
735,42	1447,91
735,61	1398,76
735,80	1533,93
735,99	1398,76
736,19	1370,09
736,38	1443,82
736,57	1421,29
736,76	1366,00
736,95	1519,59
737,14	1376,24
737,33	1435,63
737,53	1423,34
737,72	1425,39
737,91	1441,77
738,10	1415,15
738,29	1341,42
738,48	1415,15
738,67	1419,24
738,87	1370,09
739,06	1310,70
739,25	1423,34
739,44	1325,04
739,63	1402,86
739,82	1378,28
740,01	1445,87
740,20	1415,15
740,40	1347,56
740,59	1400,81
740,78	1460,20
740,97	1433,58
741,16	1456,11
741,35	1443,82
741,54	1419,24
741,73	1398,76
741,92	1433,58
742,12	1400,81
742,31	1423,34
742,50	1482,73
742,69	1503,21
742,88	1462,25
743,07	1400,81
743,26	1384,43
743,45	1560,55
743,64	1357,80
743,83	1499,11
744,02	1421,29
744,22	1427,43
744,41	1427,43
744,60	1474,54
744,79	1423,34
744,98	1552,36
745,17	1429,48
745,36	1406,95
745,55	1470,44
745,74	1452,01
745,93	1441,77
746,12	1443,82
746,31	1415,15
746,50	1406,95
746,70	1437,67
746,89	1456,11
747,08	1372,14
747,27	1411,05
747,46	1394,67
747,65	1435,63
747,84	1439,72
748,03	1386,47
748,22	1419,24
748,41	1376,24
748,60	1394,67
748,79	1390,57
748,98	1386,47
749,17	1423,34
749,36	1486,83
749,55	1361,90
749,74	1433,58
749,93	1439,72
750,12	1421,29
750,31	1462,25
750,50	1425,39
750,70	1464,30
750,89	1456,11
751,08	1488,87
751,27	1472,49
751,46	1490,92
751,65	1452,01
751,84	1427,43
752,03	1402,86
752,22	1495,02
752,41	1421,29
752,60	1507,30
752,79	1517,54
752,98	1357,80
753,17	1497,07
753,36	1476,59
753,55	1470,44
753,74	1472,49
753,93	1527,78
754,12	1378,28
754,31	1478,63
754,50	1529,83
754,69	1466,35
754,88	1490,92
755,07	1447,91
755,26	1411,05
755,45	1343,47
755,64	1488,87
755,83	1488,87
756,02	1519,59
756,21	1474,54
756,40	1597,42
756,59	1478,63
756,78	1452,01
756,97	1519,59
757,16	1501,16
757,35	1538,02
757,54	1460,20
757,72	1488,87
757,91	1505,26
758,10	1376,24
758,29	1499,11
758,48	1476,59
758,67	1449,96
758,86	1497,07
759,05	1535,98
759,24	1527,78
759,43	1611,75
759,62	1503,21
759,81	1492,97
760,00	1535,98
760,19	1355,76
760,38	1482,73
760,57	1474,54
760,76	1468,39
760,95	1546,22
761,14	1431,53
761,33	1439,72
761,52	1423,34
761,70	1495,02
761,89	1513,45
762,08	1548,26
762,27	1495,02
762,46	1443,82
762,65	1544,17
762,84	1501,16
763,03	1439,72
763,22	1501,16
763,41	1464,30
763,60	1476,59
763,79	1533,93
763,98	1497,07
764,16	1527,78
764,35	1566,70
764,54	1542,12
764,73	1546,22
764,92	1507,30
765,11	1570,79
765,30	1480,68
765,49	1507,30
765,68	1515,50
765,87	1464,30
766,06	1572,84
766,24	1593,32
766,43	1488,87
766,62	1535,98
766,81	1482,73
767,00	1662,95
767,19	1482,73
767,38	1587,18
767,57	1533,93
767,76	1478,63
767,94	1542,12
768,13	1548,26
768,32	1515,50
768,51	1495,02
768,70	1540,07
768,89	1570,79
769,08	1515,50
769,27	1538,02
769,45	1542,12
769,64	1642,47
769,83	1519,59
770,02	1531,88
770,21	1578,98
770,40	1601,51
770,59	1556,46
770,77	1570,79
770,96	1617,90
771,15	1486,83
771,34	1482,73
771,53	1583,08
771,72	1595,37
771,91	1490,92
772,09	1513,45
772,28	1593,32
772,47	1413,10
772,66	1642,47
772,85	1548,26
773,04	1570,79
773,22	1544,17
773,41	1560,55
773,60	1554,41
773,79	1511,40
773,98	1617,90
774,17	1552,36
774,35	1542,12
774,54	1509,35
774,73	1552,36
774,92	1566,70
775,11	1505,26
775,30	1601,51
775,48	1509,35
775,67	1556,46
775,86	1554,41
776,05	1648,61
776,24	1581,03
776,42	1626,09
776,61	1544,17
776,80	1470,44
776,99	1562,60
777,18	1574,89
777,36	1603,56
777,55	1587,18
777,74	1548,26
777,93	1554,41
778,12	1591,27
778,30	1566,70
778,49	1533,93
778,68	1566,70
778,87	1558,50
779,06	1607,66
779,24	1589,22
779,43	1570,79
779,62	1562,60
779,81	1613,80
779,99	1546,22
780,18	1538,02
780,37	1558,50
780,56	1634,28
780,75	1513,45
780,93	1595,37
781,12	1515,50
781,31	1566,70
781,50	1587,18
781,68	1533,93
781,87	1550,31
782,06	1593,32
782,25	1660,90
782,43	1447,91
782,62	1546,22
782,81	1517,54
783,00	1495,02
783,18	1521,64
783,37	1548,26
783,56	1501,16
783,75	1591,27
783,93	1525,74
784,12	1511,40
784,31	1638,38
784,50	1513,45
784,68	1593,32
784,87	1507,30
785,06	1673,19
785,24	1542,12
785,43	1599,46
785,62	1558,50
785,81	1538,02
785,99	1554,41
786,18	1505,26
786,37	1552,36
786,56	1492,97
786,74	1501,16
786,93	1492,97
787,12	1583,08
787,30	1437,67
787,49	1560,55
787,68	1525,74
787,87	1535,98
788,05	1492,97
788,24	1472,49
788,43	1380,33
788,61	1574,89
788,80	1519,59
788,99	1480,68
789,17	1474,54
789,36	1462,25
789,55	1488,87
789,73	1490,92
789,92	1480,68
790,11	1370,09
790,30	1439,72
790,48	1433,58
790,67	1538,02
790,86	1533,93
791,04	1433,58
791,23	1554,41
791,42	1544,17
791,60	1347,56
791,79	1488,87
791,98	1468,39
792,16	1523,69
792,35	1445,87
792,54	1431,53
792,72	1501,16
792,91	1515,50
793,10	1359,85
793,28	1411,05
793,47	1429,48
793,66	1355,76
793,84	1482,73
794,03	1449,96
794,22	1439,72
794,40	1505,26
794,59	1466,35
794,77	1374,19
794,96	1435,63
795,15	1482,73
795,33	1318,89
795,52	1509,35
795,71	1447,91
795,89	1456,11
796,08	1499,11
796,27	1447,91
796,45	1435,63
796,64	1411,05
796,82	1419,24
797,01	1372,14
797,20	1462,25
797,38	1415,15
797,57	1335,28
797,76	1445,87
797,94	1497,07
798,13	1472,49
798,31	1413,10
798,50	1396,71
798,69	1527,78
798,87	1452,01
799,06	1400,81
799,24	1406,95
799,43	1503,21
799,62	1411,05
799,80	1390,57
799,99	1558,50
800,17	1396,71
800,36	1421,29
800,55	1460,20
800,73	1409,00
800,92	1466,35
801,10	1402,86
801,29	1435,63
801,48	1398,76
801,66	1402,86
801,85	1427,43
802,03	1382,38
802,22	1554,41
802,40	1411,05
802,59	1380,33
802,78	1382,38
802,96	1435,63
803,15	1544,17
803,33	1447,91
803,52	1454,06
803,70	1495,02
803,89	1470,44
804,08	1449,96
804,26	1452,01
804,45	1484,78
804,63	1509,35
804,82	1509,35
805,00	1441,77
805,19	1417,19
805,37	1368,04
805,56	1472,49
805,74	1400,81
805,93	1427,43
806,12	1458,15
806,30	1492,97
806,49	1423,34
806,67	1447,91
806,86	1392,62
807,04	1529,83
807,23	1376,24
807,41	1466,35
807,60	1441,77
807,78	1404,91
807,97	1738,73
808,15	1437,67
808,34	1409,00
808,52	1411,05
808,71	1402,86
808,89	1456,11
809,08	1425,39
809,27	1449,96
809,45	1384,43
809,64	1388,52
809,82	1404,91
810,01	1425,39
810,19	1480,68
810,38	1435,63
810,56	1439,72
810,75	1392,62
810,93	1415,15
811,12	1423,34
811,30	1583,08
811,49	1499,11
811,67	1380,33
811,85	1441,77
812,04	1425,39
812,22	1495,02
812,41	1404,91
812,59	1456,11
812,78	1429,48
812,96	1398,76
813,15	1484,78
813,33	1421,29
813,52	1550,31
813,70	1507,30
813,89	1452,01
814,07	1595,37
814,26	1480,68
814,44	1433,58
814,63	1501,16
814,81	1447,91
815,00	1392,62
815,18	1445,87
815,36	1443,82
815,55	1390,57
815,73	1490,92
815,92	1406,95
816,10	1513,45
816,29	1474,54
816,47	1388,52
816,66	1394,67
816,84	1423,34
817,02	1501,16
817,21	1417,19
817,39	1433,58
817,58	1466,35
817,76	1406,95
817,95	1480,68
818,13	1316,84
818,32	1374,19
818,50	1456,11
818,68	1460,20
818,87	1415,15
819,05	1433,58
819,24	1454,06
819,42	1474,54
819,60	1464,30
819,79	1366,00
819,97	1431,53
820,16	1425,39
820,34	1449,96
820,53	1462,25
820,71	1425,39
820,89	1458,15
821,08	1480,68
821,26	1413,10
821,45	1433,58
821,63	1447,91
821,81	1554,41
822,00	1513,45
822,18	1476,59
822,37	1550,31
822,55	1419,24
822,73	1495,02
822,92	1509,35
823,10	1449,96
823,28	1447,91
823,47	1505,26
823,65	1429,48
823,84	1404,91
824,02	1452,01
824,20	1466,35
824,39	1462,25
824,57	1564,65
824,75	1497,07
824,94	1492,97
825,12	1591,27
825,31	1468,39
825,49	1439,72
825,67	1578,98
825,86	1476,59
826,04	1476,59
826,22	1589,22
826,41	1632,23
826,59	1439,72
826,77	1513,45
826,96	1478,63
827,14	1462,25
827,32	1449,96
827,51	1501,16
827,69	1535,98
827,87	1548,26
828,06	1574,89
828,24	1462,25
828,42	1513,45
828,61	1533,93
828,79	1441,77
828,97	1568,74
829,16	1615,85
829,34	1542,12
829,52	1521,64
829,71	1540,07
829,89	1525,74
830,07	1454,06
830,26	1556,46
830,44	1513,45
830,62	1615,85
830,81	1480,68
830,99	1466,35
831,17	1445,87
831,36	1540,07
831,54	1540,07
831,72	1505,26
831,91	1492,97
832,09	1525,74
832,27	1519,59
832,45	1538,02
832,64	1538,02
832,82	1513,45
833,00	1439,72
833,19	1552,36
833,37	1447,91
833,55	1626,09
833,73	1462,25
833,92	1478,63
834,10	1429,48
834,28	1511,40
834,47	1531,88
834,65	1497,07
834,83	1525,74
835,01	1574,89
835,20	1566,70
835,38	1546,22
835,56	1566,70
835,74	1609,70
835,93	1630,18
836,11	1495,02
836,29	1566,70
836,47	1710,05
836,66	1513,45
836,84	1613,80
837,02	1566,70
837,21	1705,96
837,39	1492,97
837,57	1550,31
837,75	1658,85
837,94	1562,60
838,12	1574,89
838,30	1517,54
838,48	1501,16
838,66	1523,69
838,85	1607,66
839,03	1599,46
839,21	1509,35
839,39	1466,35
839,58	1585,13
839,76	1562,60
839,94	1587,18
840,12	1519,59
840,31	1695,72
840,49	1507,30
840,67	1626,09
840,85	1548,26
841,03	1552,36
841,22	1568,74
841,40	1642,47
841,58	1585,13
841,76	1554,41
841,94	1605,61
842,13	1636,33
842,31	1591,27
842,49	1621,99
842,67	1529,83
842,85	1540,07
843,04	1621,99
843,22	1572,84
843,40	1626,09
843,58	1593,32
843,76	1515,50
843,95	1568,74
844,13	1535,98
844,31	1562,60
844,49	1572,84
844,67	1617,90
844,86	1562,60
845,04	1492,97
845,22	1550,31
845,40	1521,64
845,58	1636,33
845,76	1581,03
845,95	1636,33
846,13	1630,18
846,31	1636,33
846,49	1572,84
846,67	1560,55
846,85	1712,10
847,04	1640,42
847,22	1660,90
847,40	1591,27
847,58	1538,02
847,76	1617,90
847,94	1611,75
848,12	1605,61
848,31	1607,66
848,49	1626,09
848,67	1603,56
848,85	1617,90
849,03	1681,38
849,21	1748,97
849,39	1624,04
849,58	1570,79
849,76	1652,71
849,94	1677,29
850,12	1599,46
850,30	1601,51
850,48	1619,94
850,66	1718,25
850,84	1578,98
851,03	1675,24
851,21	1601,51
851,39	1583,08
851,57	1660,90
851,75	1599,46
851,93	1640,42
852,11	1593,32
852,29	1621,99
852,47	1679,33
852,66	1662,95
852,84	1589,22
853,02	1583,08
853,20	1701,86
853,38	1669,09
853,56	1708,01
853,74	1683,43
853,92	1646,57
854,10	1593,32
854,28	1638,38
854,46	1685,48
854,65	1597,42
854,83	1560,55
855,01	1669,09
855,19	1583,08
855,37	1611,75
855,55	1746,92
855,73	1753,06
855,91	1753,06
856,09	1619,94
856,27	1640,42
856,45	1685,48
856,63	1619,94
856,81	1681,38
857,00	1701,86
857,18	1632,23
857,36	1658,85
857,54	1710,05
857,72	1644,52
857,90	1656,81
858,08	1681,38
858,26	1617,90
858,44	1654,76
858,62	1615,85
858,80	1527,78
858,98	1730,53
859,16	1630,18
859,34	1628,14
859,52	1718,25
859,70	1679,33
859,88	1654,76
860,06	1636,33
860,24	1593,32
860,42	1572,84
860,60	1665,00
860,78	1697,77
860,96	1662,95
861,14	1621,99
861,32	1665,00
861,50	1667,05
861,69	1683,43
861,87	1671,14
862,05	1564,65
862,23	1624,04
862,41	1685,48
862,59	1589,22
862,77	1587,18
862,95	1665,00
863,13	1671,14
863,31	1603,56
863,49	1574,89
863,67	1667,05
863,85	1632,23
864,03	1650,66
864,21	1638,38
864,39	1648,61
864,57	1640,42
864,75	1607,66
864,92	1685,48
865,10	1644,52
865,28	1548,26
865,46	1609,70
865,64	1589,22
865,82	1634,28
866,00	1593,32
866,18	1687,53
866,36	1632,23
866,54	1675,24
866,72	1656,81
866,90	1597,42
867,08	1619,94
867,26	1599,46
867,44	1570,79
867,62	1687,53
867,80	1597,42
867,98	1763,30
868,16	1554,41
868,34	1669,09
868,52	1619,94
868,70	1593,32
868,88	1619,94
869,06	1656,81
869,24	1638,38
869,42	1519,59
869,59	1630,18
869,77	1712,10
869,95	1736,68
870,13	1570,79
870,31	1626,09
870,49	1662,95
870,67	1646,57
870,85	1583,08
871,03	1730,53
871,21	1851,36
871,39	1656,81
871,57	1660,90
871,75	1652,71
871,92	1642,47
872,10	1556,46
872,28	1587,18
872,46	1650,66
872,64	1712,10
872,82	1595,37
873,00	1634,28
873,18	1570,79
873,36	1591,27
873,54	1587,18
873,72	1576,94
873,89	1595,37
874,07	1603,56
874,25	1660,90
874,43	1716,20
874,61	1695,72
874,79	1667,05
874,97	1665,00
875,15	1624,04
875,33	1654,76
875,50	1605,61
875,68	1669,09
875,86	1677,29
876,04	1654,76
876,22	1624,04
876,40	1570,79
876,58	1581,03
876,76	1656,81
876,93	1665,00
877,11	1576,94
877,29	1630,18
877,47	1640,42
877,65	1644,52
877,83	1613,80
878,01	1654,76
878,18	1650,66
878,36	1576,94
878,54	1550,31
878,72	1652,71
878,90	1558,50
879,08	1656,81
879,25	1691,62
879,43	1540,07
879,61	1615,85
879,79	1619,94
879,97	1617,90
880,15	1652,71
880,32	1576,94
880,50	1626,09
880,68	1640,42
880,86	1669,09
881,04	1673,19
881,22	1613,80
881,39	1656,81
881,57	1685,48
881,75	1599,46
881,93	1634,28
882,11	1658,85
882,28	1677,29
882,46	1636,33
882,64	1570,79
882,82	1554,41
883,00	1665,00
883,18	1648,61
883,35	1701,86
883,53	1619,94
883,71	1566,70
883,89	1720,29
884,07	1648,61
884,24	1660,90
884,42	1538,02
884,60	1634,28
884,78	1646,57
884,95	1656,81
885,13	1599,46
885,31	1601,51
885,49	1548,26
885,67	1646,57
885,84	1603,56
886,02	1646,57
886,20	1609,70
886,38	1640,42
886,55	1615,85
886,73	1587,18
886,91	1619,94
887,09	1550,31
887,26	1683,43
887,44	1597,42
887,62	1621,99
887,80	1556,46
887,98	1621,99
888,15	1601,51
888,33	1558,50
888,51	1642,47
888,69	1681,38
888,86	1587,18
889,04	1599,46
889,22	1640,42
889,39	1693,67
889,57	1632,23
889,75	1619,94
889,93	1564,65
890,10	1587,18
890,28	1632,23
890,46	1613,80
890,64	1705,96
890,81	1601,51
890,99	1601,51
891,17	1660,90
891,34	1646,57
891,52	1523,69
891,70	1640,42
891,88	1630,18
892,05	1540,07
892,23	1499,11
892,41	1578,98
892,58	1550,31
892,76	1671,14
892,94	1499,11
893,12	1654,76
893,29	1587,18
893,47	1605,61
893,65	1499,11
893,82	1558,50
894,00	1566,70
894,18	1472,49
894,35	1550,31
894,53	1597,42
894,71	1583,08
894,89	1546,22
895,06	1546,22
895,24	1499,11
895,42	1519,59
895,59	1519,59
895,77	1513,45
895,95	1656,81
896,12	1529,83
896,30	1550,31
896,48	1472,49
896,65	1490,92
896,83	1562,60
897,01	1497,07
897,18	1542,12
897,36	1517,54
897,54	1501,16
897,71	1505,26
897,89	1511,40
898,07	1476,59
898,24	1519,59
898,42	1476,59
898,59	1599,46
898,77	1503,21
898,95	1480,68
899,12	1609,70
899,30	1538,02
899,48	1525,74
899,65	1552,36
899,83	1509,35
900,01	1456,11
900,18	1562,60
900,36	1449,96
900,53	1525,74
900,71	1585,13
900,89	1685,48
901,06	1531,88
901,24	1511,40
901,42	1605,61
901,59	1460,20
901,77	1574,89
901,94	1447,91
902,12	1570,79
902,30	1509,35
902,47	1482,73
902,65	1437,67
902,82	1529,83
903,00	1587,18
903,18	1587,18
903,35	1482,73
903,53	1513,45
903,70	1560,55
903,88	1458,15
904,06	1490,92
904,23	1476,59
904,41	1501,16
904,58	1525,74
904,76	1542,12
904,93	1488,87
905,11	1523,69
905,29	1468,39
905,46	1480,68
905,64	1513,45
905,81	1425,39
905,99	1497,07
906,16	1562,60
906,34	1447,91
906,52	1419,24
906,69	1484,78
906,87	1636,33
907,04	1525,74
907,22	1456,11
907,39	1476,59
907,57	1431,53
907,75	1583,08
907,92	1497,07
908,10	1679,33
908,27	1505,26
908,45	1488,87
908,62	1556,46
908,80	1509,35
908,97	1497,07
909,15	1521,64
909,32	1548,26
909,50	1523,69
909,67	1492,97
909,85	1505,26
910,03	1482,73
910,20	1525,74
910,38	1558,50
910,55	1478,63
910,73	1564,65
910,90	1497,07
911,08	1603,56
911,25	1519,59
911,43	1646,57
911,60	1503,21
911,78	1591,27
911,95	1599,46
912,13	1542,12
912,30	1447,91
912,48	1587,18
912,65	1556,46
912,83	1546,22
913,00	1507,30
913,18	1650,66
913,35	1552,36
913,53	1517,54
913,70	1595,37
913,88	1572,84
914,05	1529,83
914,23	1476,59
914,40	1619,94
914,58	1538,02
914,75	1531,88
914,93	1550,31
915,10	1538,02
915,27	1716,20
915,45	1597,42
915,62	1578,98
915,80	1613,80
915,97	1601,51
916,15	1562,60
916,32	1648,61
916,50	1599,46
916,67	1544,17
916,85	1558,50
917,02	1583,08
917,20	1589,22
917,37	1615,85
917,54	1650,66
917,72	1648,61
917,89	1650,66
918,07	1605,61
918,24	1576,94
918,42	1601,51
918,59	1488,87
918,77	1671,14
918,94	1550,31
919,11	1482,73
919,29	1583,08
919,46	1650,66
919,64	1548,26
919,81	1538,02
919,99	1621,99
920,16	1675,24
920,33	1576,94
920,51	1587,18
920,68	1662,95
920,86	1662,95
921,03	1634,28
921,20	1578,98
921,38	1693,67
921,55	1718,25
921,73	1581,03
921,90	1554,41
922,07	1603,56
922,25	1652,71
922,42	1535,98
922,60	1665,00
922,77	1611,75
922,94	1630,18
923,12	1583,08
923,29	1701,86
923,47	1599,46
923,64	1689,57
923,81	1572,84
923,99	1656,81
924,16	1642,47
924,34	1650,66
924,51	1673,19
924,68	1753,06
924,86	1513,45
925,03	1589,22
925,20	1585,13
925,38	1742,82
925,55	1611,75
925,72	1665,00
925,90	1603,56
926,07	1636,33
926,25	1730,53
926,42	1699,81
926,59	1583,08
926,77	1658,85
926,94	1632,23
927,11	1568,74
927,29	1597,42
927,46	1632,23
927,63	1652,71
927,81	1642,47
927,98	1675,24
928,15	1693,67
928,33	1705,96
928,50	1624,04
928,67	1626,09
928,85	1679,33
929,02	1648,61
929,19	1658,85
929,37	1599,46
929,54	1718,25
929,71	1708,01
929,89	1603,56
930,06	1630,18
930,23	1712,10
930,41	1693,67
930,58	1578,98
930,75	1624,04
930,92	1751,01
931,10	1615,85
931,27	1648,61
931,44	1789,92
931,62	1730,53
931,79	1593,32
931,96	1718,25
932,14	1648,61
932,31	1728,49
932,48	1640,42
932,65	1671,14
932,83	1712,10
933,00	1681,38
933,17	1742,82
933,35	1695,72
933,52	1822,69
933,69	1714,15
933,86	1703,91
934,04	1701,86
934,21	1697,77
934,38	1763,30
934,55	1728,49
934,73	1636,33
934,90	1677,29
935,07	1630,18
935,25	1865,70
935,42	1650,66
935,59	1667,05
935,76	1679,33
935,94	1710,05
936,11	1695,72
936,28	1658,85
936,45	1730,53
936,63	1538,02
936,80	1574,89
936,97	1771,49
937,14	1818,60
937,31	1691,62
937,49	1781,73
937,66	1638,38
937,83	1656,81
938,00	1648,61
938,18	1703,91
938,35	1716,20
938,52	1730,53
938,69	1681,38
938,87	1718,25
939,04	1683,43
939,21	1630,18
939,38	1693,67
939,55	1761,25
939,73	1710,05
939,90	1662,95
940,07	1593,32
940,24	1683,43
940,41	1798,12
940,59	1630,18
940,76	1619,94
940,93	1603,56
941,10	1650,66
941,27	1691,62
941,45	1751,01
941,62	1722,34
941,79	1679,33
941,96	1689,57
942,13	1724,39
942,31	1755,11
942,48	1748,97
942,65	1863,65
942,82	1757,16
942,99	1738,73
943,16	1773,54
943,34	1804,26
943,51	1714,15
943,68	1740,77
943,85	1609,70
944,02	1703,91
944,19	1626,09
944,37	1732,58
944,54	1675,24
944,71	1765,35
944,88	1716,20
945,05	1783,78
945,22	1587,18
945,40	1578,98
945,57	1693,67
945,74	1738,73
945,91	1624,04
946,08	1679,33
946,25	1665,00
946,42	1660,90
946,60	1703,91
946,77	1740,77
946,94	1781,73
947,11	1714,15
947,28	1535,98
947,45	1630,18
947,62	1697,77
947,79	1730,53
947,97	1767,40
948,14	1771,49
948,31	1697,77
948,48	1648,61
948,65	1589,22
948,82	1562,60
948,99	1677,29
949,16	1703,91
949,33	1546,22
949,51	1665,00
949,68	1646,57
949,85	1712,10
950,02	1552,36
950,19	1609,70
950,36	1701,86
950,53	1626,09
950,70	1603,56
950,87	1736,68
951,04	1581,03
951,22	1601,51
951,39	1665,00
951,56	1710,05
951,73	1619,94
951,90	1636,33
952,07	1636,33
952,24	1638,38
952,41	1679,33
952,58	1628,14
952,75	1581,03
952,92	1665,00
953,09	1603,56
953,26	1611,75
953,43	1708,01
953,61	1738,73
953,78	1607,66
953,95	1624,04
954,12	1591,27
954,29	1609,70
954,46	1613,80
954,63	1689,57
954,80	1593,32
954,97	1554,41
955,14	1542,12
955,31	1624,04
955,48	1574,89
955,65	1619,94
955,82	1495,02
955,99	1667,05
956,16	1519,59
956,33	1703,91
956,50	1550,31
956,67	1638,38
956,84	1613,80
957,01	1521,64
957,18	1581,03
957,35	1554,41
957,52	1589,22
957,69	1658,85
957,86	1607,66
958,03	1546,22
958,20	1587,18
958,37	1544,17
958,54	1480,68
958,71	1527,78
958,88	1650,66
959,05	1572,84
959,22	1556,46
959,39	1665,00
959,56	1492,97
959,73	1589,22
959,90	1593,32
960,07	1540,07
960,24	1507,30
960,41	1548,26
960,58	1589,22
960,75	1566,70
960,92	1636,33
961,09	1519,59
961,26	1665,00
961,43	1611,75
961,60	1529,83
961,77	1603,56
961,94	1550,31
962,11	1527,78
962,28	1570,79
962,45	1564,65
962,62	1576,94
962,79	1603,56
962,96	1566,70
963,13	1605,61
963,30	1578,98
963,47	1480,68
963,64	1542,12
963,81	1624,04
963,98	1486,83
964,14	1529,83
964,31	1488,87
964,48	1572,84
964,65	1601,51
964,82	1533,93
964,99	1499,11
965,16	1482,73
965,33	1509,35
965,50	1521,64
965,67	1552,36
965,84	1585,13
966,01	1421,29
966,18	1431,53
966,35	1542,12
966,51	1507,30
966,68	1564,65
966,85	1511,40
967,02	1576,94
967,19	1472,49
967,36	1480,68
967,53	1411,05
967,70	1458,15
967,87	1423,34
968,04	1509,35
968,21	1562,60
968,37	1538,02
968,54	1497,07
968,71	1409,00
968,88	1468,39
969,05	1550,31
969,22	1363,95
969,39	1538,02
969,56	1527,78
969,72	1441,77
969,89	1413,10
970,06	1525,74
970,23	1544,17
970,40	1421,29
970,57	1452,01
970,74	1501,16
970,91	1439,72
971,07	1484,78
971,24	1447,91
971,41	1411,05
971,58	1617,90
971,75	1492,97
971,92	1454,06
972,09	1511,40
972,25	1501,16
972,42	1421,29
972,59	1445,87
972,76	1431,53
972,93	1437,67
973,10	1423,34
973,27	1509,35
973,43	1406,95
973,60	1427,43
973,77	1511,40
973,94	1380,33
974,11	1482,73
974,28	1476,59
974,44	1488,87
974,61	1497,07
974,78	1435,63
974,95	1394,67
975,12	1474,54
975,28	1484,78
975,45	1447,91
975,62	1521,64
975,79	1501,16
975,96	1400,81
976,12	1554,41
976,29	1464,30
976,46	1468,39
976,63	1490,92
976,80	1462,25
976,96	1452,01
977,13	1447,91
977,30	1400,81
977,47	1476,59
977,64	1509,35
977,80	1476,59
977,97	1417,19
978,14	1572,84
978,31	1501,16
978,48	1484,78
978,64	1523,69
978,81	1449,96
978,98	1419,24
979,15	1425,39
979,31	1521,64
979,48	1497,07
979,65	1439,72
979,82	1456,11
979,98	1370,09
980,15	1325,04
980,32	1540,07
980,49	1464,30
980,66	1388,52
980,82	1431,53
980,99	1478,63
981,16	1472,49
981,33	1452,01
981,49	1449,96
981,66	1406,95
981,83	1454,06
981,99	1406,95
982,16	1449,96
982,33	1425,39
982,50	1425,39
982,66	1466,35
982,83	1341,42
983,00	1452,01
983,17	1392,62
983,33	1435,63
983,50	1458,15
983,67	1456,11
983,83	1386,47
984,00	1421,29
984,17	1572,84
984,34	1437,67
984,50	1400,81
984,67	1411,05
984,84	1419,24
985,00	1429,48
985,17	1445,87
985,34	1464,30
985,51	1421,29
985,67	1409,00
985,84	1454,06
986,01	1378,28
986,17	1449,96
986,34	1423,34
986,51	1329,13
986,67	1419,24
986,84	1361,90
987,01	1392,62
987,17	1431,53
987,34	1384,43
987,51	1343,47
987,67	1495,02
987,84	1443,82
988,01	1458,15
988,17	1400,81
988,34	1349,61
988,51	1441,77
988,67	1488,87
988,84	1413,10
989,01	1433,58
989,17	1433,58
989,34	1427,43
989,51	1431,53
989,67	1419,24
989,84	1394,67
990,01	1394,67
990,17	1462,25
990,34	1435,63
990,51	1433,58
990,67	1429,48
990,84	1472,49
991,01	1363,95
991,17	1400,81
991,34	1435,63
991,50	1433,58
991,67	1464,30
991,84	1337,32
992,00	1396,71
992,17	1384,43
992,34	1454,06
992,50	1462,25
992,67	1353,71
992,83	1484,78
993,00	1466,35
993,17	1406,95
993,33	1421,29
993,50	1415,15
993,66	1413,10
993,83	1423,34
994,00	1476,59
994,16	1411,05
994,33	1374,19
994,49	1515,50
994,66	1390,57
994,83	1482,73
994,99	1452,01
995,16	1464,30
995,32	1472,49
995,49	1513,45
995,66	1394,67
995,82	1374,19
995,99	1427,43
996,15	1482,73
996,32	1398,76
996,48	1400,81
996,65	1404,91
996,82	1372,14
996,98	1443,82
997,15	1384,43
997,31	1417,19
997,48	1402,86
997,64	1419,24
997,81	1488,87
997,97	1394,67
998,14	1357,80
998,31	1472,49
998,47	1386,47
998,64	1499,11
998,80	1308,65
998,97	1468,39
999,13	1495,02
999,30	1349,61
999,46	1443,82
999,63	1421,29
999,79	1443,82
999,96	1437,67
1000,12	1406,95
1000,29	1495,02
1000,45	1425,39
1000,62	1351,66
1000,79	1419,24
1000,95	1437,67
1001,12	1406,95
1001,28	1394,67
1001,45	1400,81
1001,61	1394,67
1001,78	1445,87
1001,94	1409,00
1002,11	1558,50
1002,27	1497,07
1002,44	1376,24
1002,60	1415,15
1002,77	1423,34
1002,93	1519,59
1003,10	1290,22
1003,26	1413,10
1003,43	1437,67
1003,59	1468,39
1003,76	1464,30
1003,92	1380,33
1004,09	1421,29
1004,25	1396,71
1004,41	1484,78
1004,58	1409,00
1004,74	1394,67
1004,91	1413,10
1005,07	1421,29
1005,24	1472,49
1005,40	1398,76
1005,57	1345,52
1005,73	1435,63
1005,90	1376,24
1006,06	1437,67
1006,23	1406,95
1006,39	1398,76
1006,55	1394,67
1006,72	1443,82
1006,88	1372,14
1007,05	1497,07
1007,21	1359,85
1007,38	1370,09
1007,54	1357,80
1007,71	1421,29
1007,87	1386,47
1008,03	1417,19
1008,20	1433,58
1008,36	1312,75
1008,53	1423,34
1008,69	1435,63
1008,86	1390,57
1009,02	1335,28
1009,18	1474,54
1009,35	1452,01
1009,51	1370,09
1009,68	1462,25
1009,84	1431,53
1010,01	1433,58
1010,17	1320,94
1010,33	1392,62
1010,50	1429,48
1010,66	1521,64
1010,83	1411,05
1010,99	1443,82
1011,15	1325,04
1011,32	1429,48
1011,48	1443,82
1011,65	1404,91
1011,81	1329,13
1011,97	1437,67
1012,14	1482,73
1012,30	1396,71
1012,46	1411,05
1012,63	1396,71
1012,79	1349,61
1012,96	1404,91
1013,12	1392,62
1013,28	1392,62
1013,45	1347,56
1013,61	1288,17
1013,77	1482,73
1013,94	1390,57
1014,10	1421,29
1014,26	1439,72
1014,43	1409,00
1014,59	1384,43
1014,76	1468,39
1014,92	1431,53
1015,08	1333,23
1015,25	1445,87
1015,41	1431,53
1015,57	1452,01
1015,74	1433,58
1015,90	1460,20
1016,06	1435,63
1016,23	1472,49
1016,39	1417,19
1016,55	1423,34
1016,72	1366,00
1016,88	1454,06
1017,04	1378,28
1017,21	1413,10
1017,37	1388,52
1017,53	1472,49
1017,70	1396,71
1017,86	1433,58
1018,02	1447,91
1018,19	1388,52
1018,35	1361,90
1018,51	1409,00
1018,67	1437,67
1018,84	1372,14
1019,00	1320,94
1019,16	1425,39
1019,33	1378,28
1019,49	1361,90
1019,65	1495,02
1019,82	1429,48
1019,98	1427,43
1020,14	1384,43
1020,30	1458,15
1020,47	1337,32
1020,63	1435,63
1020,79	1372,14
1020,96	1382,38
1021,12	1396,71
1021,28	1540,07
1021,44	1361,90
1021,61	1456,11
1021,77	1484,78
1021,93	1363,95
1022,09	1437,67
1022,26	1476,59
1022,42	1482,73
1022,58	1468,39
1022,74	1439,72
1022,91	1425,39
1023,07	1437,67
1023,23	1366,00
1023,39	1460,20
1023,56	1363,95
1023,72	1454,06
1023,88	1376,24
1024,04	1433,58
1024,21	1443,82
1024,37	1343,47
1024,53	1505,26
1024,69	1349,61
1024,86	1470,44
1025,02	1468,39
1025,18	1370,09
1025,34	1345,52
1025,50	1492,97
1025,67	1353,71
1025,83	1476,59
1025,99	1445,87
1026,15	1482,73
1026,32	1417,19
1026,48	1382,38
1026,64	1540,07
1026,80	1425,39
1026,96	1378,28
1027,13	1433,58
1027,29	1460,20
1027,45	1380,33
1027,61	1361,90
1027,77	1415,15
1027,94	1456,11
1028,10	1441,77
1028,26	1415,15
1028,42	1421,29
1028,58	1445,87
1028,75	1513,45
1028,91	1406,95
1029,07	1400,81
1029,23	1454,06
1029,39	1419,24
1029,55	1374,19
1029,72	1388,52
1029,88	1515,50
1030,04	1425,39
1030,20	1388,52
1030,36	1366,00
1030,52	1390,57
1030,69	1501,16
1030,85	1347,56
1031,01	1359,85
1031,17	1433,58
1031,33	1351,66
1031,49	1439,72
1031,65	1464,30
1031,82	1394,67
1031,98	1404,91
1032,14	1429,48
1032,30	1415,15
1032,46	1417,19
1032,62	1478,63
1032,78	1478,63
1032,95	1396,71
1033,11	1437,67
1033,27	1411,05
1033,43	1359,85
1033,59	1378,28
1033,75	1435,63
1033,91	1431,53
1034,07	1431,53
1034,24	1447,91
1034,40	1343,47
1034,56	1447,91
1034,72	1421,29
1034,88	1445,87
1035,04	1390,57
1035,20	1390,57
1035,36	1413,10
1035,52	1490,92
1035,68	1363,95
1035,85	1417,19
1036,01	1456,11
1036,17	1482,73
1036,33	1445,87
1036,49	1390,57
1036,65	1396,71
1036,81	1400,81
1036,97	1335,28
1037,13	1392,62
1037,29	1378,28
1037,45	1484,78
1037,61	1345,52
1037,78	1411,05
1037,94	1433,58
1038,10	1382,38
1038,26	1394,67
1038,42	1417,19
1038,58	1404,91
1038,74	1339,37
1038,90	1382,38
1039,06	1400,81
1039,22	1378,28
1039,38	1376,24
1039,54	1384,43
1039,70	1454,06
1039,86	1398,76
1040,02	1351,66
1040,18	1507,30
1040,34	1449,96
1040,50	1392,62
1040,66	1423,34
1040,83	1429,48
1040,99	1380,33
1041,15	1421,29
1041,31	1472,49
1041,47	1472,49
1041,63	1476,59
1041,79	1466,35
1041,95	1402,86
1042,11	1409,00
1042,27	1390,57
1042,43	1447,91
1042,59	1423,34
1042,75	1349,61
1042,91	1421,29
