344,25	1312,75
344,46	1312,75
344,68	1312,75
344,90	1210,35
345,12	1294,32
345,34	1480,68
345,55	1503,21
345,77	1347,56
345,99	1351,66
346,21	1398,76
346,42	1431,53
346,64	1452,01
346,86	1339,37
347,08	1503,21
347,30	1382,38
347,51	1443,82
347,73	1359,85
347,95	1437,67
348,17	1366,00
348,38	1454,06
348,60	1370,09
348,82	1353,71
349,04	1357,80
349,25	1474,54
349,47	1464,30
349,69	1454,06
349,91	1421,29
350,13	1433,58
350,34	1431,53
350,56	1386,47
350,78	1394,67
351,00	1380,33
351,21	1490,92
351,43	1447,91
351,65	1382,38
351,87	1419,24
352,08	1505,26
352,30	1357,80
352,52	1357,80
352,74	1368,04
352,95	1456,11
353,17	1466,35
353,39	1421,29
353,61	1482,73
353,82	1464,30
354,04	1429,48
354,26	1521,64
354,47	1466,35
354,69	1390,57
354,91	1380,33
355,13	1386,47
355,34	1415,15
355,56	1468,39
355,78	1449,96
356,00	1449,96
356,21	1347,56
356,43	1476,59
356,65	1505,26
356,86	1439,72
357,08	1466,35
357,30	1554,41
357,52	1415,15
357,73	1497,07
357,95	1423,34
358,17	1427,43
358,38	1466,35
358,60	1460,20
358,82	1505,26
359,04	1423,34
359,25	1566,70
359,47	1441,77
359,69	1433,58
359,90	1447,91
360,12	1578,98
360,34	1603,56
360,56	1507,30
360,77	1570,79
360,99	1617,90
361,21	1566,70
361,42	1566,70
361,64	1591,27
361,86	1662,95
362,07	1650,66
362,29	1632,23
362,51	1581,03
362,73	1593,32
362,94	1634,28
363,16	1667,05
363,38	1568,74
363,59	1619,94
363,81	1648,61
364,03	1564,65
364,24	1695,72
364,46	1638,38
364,68	1619,94
364,89	1535,98
365,11	1720,29
365,33	1613,80
365,54	1636,33
365,76	1611,75
365,98	1710,05
366,19	1681,38
366,41	1779,68
366,63	1607,66
366,84	1712,10
367,06	1570,79
367,28	1675,24
367,49	1624,04
367,71	1597,42
367,93	1570,79
368,14	1722,34
368,36	1660,90
368,58	1718,25
368,79	1722,34
369,01	1658,85
369,23	1701,86
369,44	1775,59
369,66	1642,47
369,88	1687,53
370,09	1626,09
370,31	1673,19
370,53	1652,71
370,74	1665,00
370,96	1578,98
371,18	1687,53
371,39	1564,65
371,61	1728,49
371,82	1669,09
372,04	1581,03
372,26	1675,24
372,47	1595,37
372,69	1634,28
372,91	1708,01
373,12	1593,32
373,34	1521,64
373,56	1550,31
373,77	1617,90
373,99	1564,65
374,20	1544,17
374,42	1642,47
374,64	1724,39
374,85	1578,98
375,07	1695,72
375,29	1570,79
375,50	1529,83
375,72	1449,96
375,93	1595,37
376,15	1492,97
376,37	1533,93
376,58	1538,02
376,80	1609,70
377,01	1521,64
377,23	1662,95
377,45	1519,59
377,66	1538,02
377,88	1531,88
378,10	1480,68
378,31	1419,24
378,53	1673,19
378,74	1503,21
378,96	1562,60
379,18	1490,92
379,39	1488,87
379,61	1535,98
379,82	1531,88
380,04	1505,26
380,26	1607,66
380,47	1482,73
380,69	1542,12
380,90	1566,70
381,12	1421,29
381,33	1468,39
381,55	1484,78
381,77	1505,26
381,98	1535,98
382,20	1419,24
382,41	1464,30
382,63	1433,58
382,85	1492,97
383,06	1568,74
383,28	1585,13
383,49	1492,97
383,71	1456,11
383,92	1540,07
384,14	1357,80
384,36	1433,58
384,57	1406,95
384,79	1437,67
385,00	1470,44
385,22	1511,40
385,43	1386,47
385,65	1468,39
385,87	1482,73
386,08	1425,39
386,30	1480,68
386,51	1435,63
386,73	1392,62
386,94	1454,06
387,16	1443,82
387,37	1460,20
387,59	1392,62
387,81	1454,06
388,02	1507,30
388,24	1447,91
388,45	1394,67
388,67	1478,63
388,88	1470,44
389,10	1431,53
389,31	1556,46
389,53	1535,98
389,75	1554,41
389,96	1429,48
390,18	1478,63
390,39	1409,00
390,61	1501,16
390,82	1460,20
391,04	1511,40
391,25	1480,68
391,47	1431,53
391,68	1513,45
391,90	1474,54
392,11	1478,63
392,33	1437,67
392,54	1413,10
392,76	1464,30
392,97	1484,78
393,19	1609,70
393,41	1482,73
393,62	1521,64
393,84	1472,49
394,05	1513,45
394,27	1441,77
394,48	1449,96
394,70	1572,84
394,91	1546,22
395,13	1509,35
395,34	1542,12
395,56	1476,59
395,77	1533,93
395,99	1474,54
396,20	1566,70
396,42	1546,22
396,63	1503,21
396,85	1525,74
397,06	1464,30
397,28	1542,12
397,49	1562,60
397,71	1435,63
397,92	1509,35
398,14	1593,32
398,35	1695,72
398,57	1474,54
398,78	1628,14
399,00	1558,50
399,21	1558,50
399,43	1568,74
399,64	1544,17
399,86	1452,01
400,07	1505,26
400,29	1587,18
400,50	1662,95
400,72	1599,46
400,93	1570,79
401,14	1568,74
401,36	1521,64
401,57	1564,65
401,79	1660,90
402,00	1607,66
402,22	1603,56
402,43	1513,45
402,65	1523,69
402,86	1505,26
403,08	1570,79
403,29	1626,09
403,51	1681,38
403,72	1603,56
403,94	1609,70
404,15	1611,75
404,36	1542,12
404,58	1834,98
404,79	1630,18
405,01	1492,97
405,22	1591,27
405,44	1572,84
405,65	1665,00
405,87	1495,02
406,08	1652,71
406,30	1517,54
406,51	1521,64
406,72	1591,27
406,94	1478,63
407,15	1632,23
407,37	1603,56
407,58	1538,02
407,80	1568,74
408,01	1511,40
408,23	1533,93
408,44	1634,28
408,65	1540,07
408,87	1562,60
409,08	1628,14
409,30	1570,79
409,51	1531,88
409,73	1619,94
409,94	1581,03
410,15	1662,95
410,37	1615,85
410,58	1548,26
410,80	1511,40
411,01	1480,68
411,23	1468,39
411,44	1486,83
411,65	1615,85
411,87	1507,30
412,08	1533,93
412,30	1566,70
412,51	1488,87
412,72	1574,89
412,94	1595,37
413,15	1480,68
413,37	1550,31
413,58	1542,12
413,79	1597,42
414,01	1548,26
414,22	1513,45
414,44	1550,31
414,65	1511,40
414,86	1497,07
415,08	1542,12
415,29	1542,12
415,51	1546,22
415,72	1636,33
415,93	1525,74
416,15	1458,15
416,36	1642,47
416,58	1628,14
416,79	1568,74
417,00	1626,09
417,22	1538,02
417,43	1552,36
417,65	1495,02
417,86	1611,75
418,07	1587,18
418,29	1486,83
418,50	1574,89
418,71	1609,70
418,93	1589,22
419,14	1535,98
419,36	1607,66
419,57	1630,18
419,78	1646,57
420,00	1646,57
420,21	1615,85
420,42	1568,74
420,64	1601,51
420,85	1562,60
421,06	1619,94
421,28	1656,81
421,49	1564,65
421,71	1662,95
421,92	1570,79
422,13	1621,99
422,35	1691,62
422,56	1607,66
422,77	1597,42
422,99	1636,33
423,20	1644,52
423,41	1703,91
423,63	1599,46
423,84	1634,28
424,05	1748,97
424,27	1665,00
424,48	1632,23
424,69	1648,61
424,91	2101,22
425,12	1550,31
425,33	1679,33
425,55	1638,38
425,76	1656,81
425,97	1691,62
426,19	1656,81
426,40	1681,38
426,61	1654,76
426,83	1673,19
427,04	1699,81
427,25	1759,21
427,47	1695,72
427,68	1681,38
427,89	1724,39
428,11	1714,15
428,32	1667,05
428,53	1660,90
428,75	1759,21
428,96	1693,67
429,17	1699,81
429,39	1624,04
429,60	1767,40
429,81	1806,31
430,03	1728,49
430,24	1703,91
430,45	1634,28
430,67	1662,95
430,88	1654,76
431,09	1605,61
431,30	1685,48
431,52	1601,51
431,73	1652,71
431,94	1632,23
432,16	1611,75
432,37	1665,00
432,58	1658,85
432,80	1677,29
433,01	1619,94
433,22	1564,65
433,43	1599,46
433,65	1593,32
433,86	1566,70
434,07	1636,33
434,29	1679,33
434,50	1552,36
434,71	1669,09
434,92	1605,61
435,14	1570,79
435,35	1621,99
435,56	1587,18
435,77	1550,31
435,99	1568,74
436,20	1568,74
436,41	1609,70
436,63	1488,87
436,84	1540,07
437,05	1548,26
437,26	1552,36
437,48	1691,62
437,69	1552,36
437,90	1556,46
438,11	1523,69
438,33	1376,24
438,54	1513,45
438,75	1628,14
438,96	1621,99
439,18	1540,07
439,39	1624,04
439,60	1578,98
439,82	1634,28
440,03	1609,70
440,24	1599,46
440,45	1482,73
440,67	1546,22
440,88	1546,22
441,09	1546,22
441,30	1599,46
441,51	1538,02
441,73	1468,39
441,94	1544,17
442,15	1630,18
442,36	1519,59
442,58	1462,25
442,79	1554,41
443,00	1554,41
443,21	1554,41
443,43	1621,99
443,64	1613,80
443,85	1542,12
444,06	1615,85
444,28	1554,41
444,49	1615,85
444,70	1527,78
444,91	1738,73
445,12	1599,46
445,34	1564,65
445,55	1757,16
445,76	1691,62
445,97	1640,42
446,18	1578,98
446,40	1716,20
446,61	1578,98
446,82	1673,19
447,03	1693,67
447,25	1583,08
447,46	1646,57
447,67	1677,29
447,88	1619,94
448,09	1648,61
448,31	1728,49
448,52	1728,49
448,73	1705,96
448,94	1646,57
449,15	1693,67
449,37	1753,06
449,58	1615,85
449,79	1736,68
450,00	1935,33
450,21	1722,34
450,43	1755,11
450,64	1791,97
450,85	1755,11
451,06	1957,86
451,27	1810,40
451,48	1751,01
451,70	1791,97
451,91	1787,88
452,12	1781,73
452,33	1978,34
452,54	1804,26
452,76	1994,72
452,97	2066,40
453,18	1941,47
453,39	1978,34
453,60	2107,36
453,81	2002,91
454,03	1976,29
454,24	2007,01
454,45	2029,54
454,66	2004,96
454,87	2017,25
455,08	1951,71
455,30	2174,94
455,51	1966,05
455,72	2043,87
455,93	2115,55
456,14	2035,68
456,35	1955,81
456,56	2414,56
456,78	1918,95
456,99	2179,04
457,20	2011,11
457,41	2131,94
457,62	2019,30
457,83	2303,96
458,04	1984,48
458,26	2199,52
458,47	1994,72
458,68	2052,06
458,89	1916,90
459,10	1959,91
459,31	2013,15
459,52	2152,42
459,74	1996,77
459,95	2076,64
460,16	1918,95
460,37	2066,40
460,58	1890,28
460,79	1888,23
461,00	1931,23
461,21	1861,60
461,43	1824,74
461,64	1841,12
461,85	1730,53
462,06	1798,12
462,27	1748,97
462,48	1912,80
462,69	1808,36
462,90	1810,40
463,12	1906,66
463,33	1785,83
463,54	1619,94
463,75	1765,35
463,96	1779,68
464,17	1775,59
464,38	1654,76
464,59	1794,02
464,80	1662,95
465,01	1628,14
465,23	1648,61
465,44	1734,63
465,65	1578,98
465,86	1581,03
466,07	1660,90
466,28	1574,89
466,49	1636,33
466,70	1636,33
466,91	1740,77
467,12	1671,14
467,33	1615,85
467,55	1621,99
467,76	1542,12
467,97	1667,05
468,18	1662,95
468,39	1581,03
468,60	1708,01
468,81	1585,13
469,02	1566,70
469,23	1566,70
469,44	1603,56
469,65	1509,35
469,86	1533,93
470,07	1542,12
470,29	1660,90
470,50	1634,28
470,71	1599,46
470,92	1585,13
471,13	1669,09
471,34	1556,46
471,55	1566,70
471,76	1513,45
471,97	1548,26
472,18	1531,88
472,39	1558,50
472,60	1562,60
472,81	1572,84
473,02	1572,84
473,23	1572,84
473,44	1552,36
473,65	1538,02
473,87	1583,08
474,08	1552,36
474,29	1544,17
474,50	1574,89
474,71	1552,36
474,92	1632,23
475,13	1583,08
475,34	1568,74
475,55	1462,25
475,76	1495,02
475,97	1497,07
476,18	1501,16
476,39	1603,56
476,60	1484,78
476,81	1593,32
477,02	1599,46
477,23	1507,30
477,44	1480,68
477,65	1507,30
477,86	1503,21
478,07	1546,22
478,28	1513,45
478,49	1456,11
478,70	1542,12
478,91	1554,41
479,12	1499,11
479,33	1435,63
479,54	1472,49
479,75	1607,66
479,96	1525,74
480,17	1538,02
480,38	1429,48
480,59	1484,78
480,80	1513,45
481,01	1507,30
481,22	1562,60
481,43	1492,97
481,64	1472,49
481,85	1458,15
482,06	1480,68
482,27	1497,07
482,48	1458,15
482,69	1503,21
482,90	1486,83
483,11	1544,17
483,32	1503,21
483,53	1458,15
483,74	1538,02
483,95	1423,34
484,16	1435,63
484,37	1390,57
484,58	1480,68
484,79	1423,34
485,00	1501,16
485,21	1449,96
485,42	1486,83
485,63	1601,51
485,84	1470,44
486,05	1454,06
486,26	1472,49
486,47	1552,36
486,68	1476,59
486,89	1585,13
487,10	1482,73
487,31	1482,73
487,52	1468,39
487,73	1615,85
487,94	1490,92
488,15	1445,87
488,36	1433,58
488,57	1415,15
488,77	1482,73
488,98	1476,59
489,19	1515,50
489,40	1511,40
489,61	1501,16
489,82	1497,07
490,03	1513,45
490,24	1394,67
490,45	1554,41
490,66	1454,06
490,87	1515,50
491,08	1386,47
491,29	1478,63
491,50	1386,47
491,71	1439,72
491,92	1497,07
492,13	1437,67
492,33	1423,34
492,54	1382,38
492,75	1419,24
492,96	1470,44
493,17	1435,63
493,38	1439,72
493,59	1437,67
493,80	1519,59
494,01	1527,78
494,22	1443,82
494,43	1503,21
494,64	1433,58
494,85	1468,39
495,05	1474,54
495,26	1456,11
495,47	1521,64
495,68	1464,30
495,89	1439,72
496,10	1380,33
496,31	1425,39
496,52	1486,83
496,73	1431,53
496,94	1390,57
497,15	1478,63
497,35	1497,07
497,56	1492,97
497,77	1400,81
497,98	1497,07
498,19	1452,01
498,40	1511,40
498,61	1558,50
498,82	1464,30
499,03	1456,11
499,23	1429,48
499,44	1546,22
499,65	1480,68
499,86	1511,40
500,07	1462,25
500,28	1427,43
500,49	1398,76
500,70	1466,35
500,91	1445,87
501,11	1470,44
501,32	1492,97
501,53	1458,15
501,74	1525,74
501,95	1445,87
502,16	1521,64
502,37	1402,86
502,57	1472,49
502,78	1452,01
502,99	1501,16
503,20	1411,05
503,41	1386,47
503,62	1380,33
503,83	1462,25
504,03	1478,63
504,24	1439,72
504,45	1423,34
504,66	1470,44
504,87	1421,29
505,08	1449,96
505,29	1415,15
505,49	1423,34
505,70	1415,15
505,91	1374,19
506,12	1486,83
506,33	1499,11
506,54	1507,30
506,75	1394,67
506,95	1431,53
507,16	1558,50
507,37	1439,72
507,58	1447,91
507,79	1435,63
508,00	1464,30
508,20	1478,63
508,41	1380,33
508,62	1503,21
508,83	1421,29
509,04	1425,39
509,24	1566,70
509,45	1740,77
509,66	1503,21
509,87	1558,50
510,08	1406,95
510,29	1521,64
510,49	1458,15
510,70	1370,09
510,91	1460,20
511,12	1441,77
511,33	1445,87
511,53	1431,53
511,74	1507,30
511,95	1415,15
512,16	1511,40
512,37	1492,97
512,57	1464,30
512,78	1499,11
512,99	1484,78
513,20	1540,07
513,41	1425,39
513,61	1458,15
513,82	1484,78
514,03	1427,43
514,24	1437,67
514,45	1447,91
514,65	1366,00
514,86	1492,97
515,07	1343,47
515,28	1470,44
515,49	1437,67
515,69	1503,21
515,90	1431,53
516,11	1523,69
516,32	1540,07
516,52	1452,01
516,73	1458,15
516,94	1490,92
517,15	1458,15
517,36	1425,39
517,56	1544,17
517,77	1445,87
517,98	1507,30
518,19	1437,67
518,39	1421,29
518,60	1398,76
518,81	1507,30
519,02	1445,87
519,22	1423,34
519,43	1476,59
519,64	1402,86
519,85	1435,63
520,05	1470,44
520,26	1456,11
520,47	1488,87
520,68	1402,86
520,88	1460,20
521,09	1423,34
521,30	1443,82
521,51	1464,30
521,71	1466,35
521,92	1513,45
522,13	1413,10
522,34	1437,67
522,54	1439,72
522,75	1423,34
522,96	1443,82
523,17	1447,91
523,37	1525,74
523,58	1404,91
523,79	1437,67
523,99	1468,39
524,20	1484,78
524,41	1456,11
524,62	1474,54
524,82	1462,25
525,03	1400,81
525,24	1411,05
525,45	1433,58
525,65	1413,10
525,86	1544,17
526,07	1507,30
526,27	1462,25
526,48	1384,43
526,69	1519,59
526,90	1404,91
527,10	1447,91
527,31	1452,01
527,52	1355,76
527,72	1478,63
527,93	1406,95
528,14	1429,48
528,34	1382,38
528,55	1374,19
528,76	1394,67
528,97	1433,58
529,17	1449,96
529,38	1427,43
529,59	1497,07
529,79	1431,53
530,00	1452,01
530,21	1501,16
530,41	1513,45
530,62	1490,92
530,83	1476,59
531,03	1554,41
531,24	1499,11
531,45	1464,30
531,65	1466,35
531,86	1423,34
532,07	1376,24
532,27	1394,67
532,48	1495,02
532,69	1492,97
532,89	1449,96
533,10	1404,91
533,31	1320,94
533,51	1392,62
533,72	1464,30
533,93	1460,20
534,13	1456,11
534,34	1333,23
534,55	1413,10
534,75	1486,83
534,96	1568,74
535,17	1415,15
535,37	1468,39
535,58	1519,59
535,79	1521,64
535,99	1349,61
536,20	1495,02
536,41	1488,87
536,61	1435,63
536,82	1482,73
537,03	1454,06
537,23	1394,67
537,44	1419,24
537,64	1464,30
537,85	1417,19
538,06	1517,54
538,26	1486,83
538,47	1521,64
538,68	1445,87
538,88	1478,63
539,09	1392,62
539,30	1398,76
539,50	1570,79
539,71	1468,39
539,91	1462,25
540,12	1509,35
540,33	1449,96
540,53	1486,83
540,74	1443,82
540,94	1458,15
541,15	1429,48
541,36	1396,71
541,56	1478,63
541,77	1460,20
541,98	1529,83
542,18	1474,54
542,39	1472,49
542,59	1484,78
542,80	1507,30
543,01	1368,04
543,21	1505,26
543,42	1411,05
543,62	1558,50
543,83	1437,67
544,04	1406,95
544,24	1437,67
544,45	1445,87
544,65	1472,49
544,86	1439,72
545,06	1443,82
545,27	1482,73
545,48	1423,34
545,68	1538,02
545,89	1466,35
546,09	1370,09
546,30	1546,22
546,51	1509,35
546,71	1415,15
546,92	1480,68
547,12	1413,10
547,33	1486,83
547,53	1415,15
547,74	1460,20
547,95	1474,54
548,15	1474,54
548,36	1495,02
548,56	1474,54
548,77	1406,95
548,97	1413,10
549,18	1439,72
549,39	1415,15
549,59	1449,96
549,80	1357,80
550,00	1497,07
550,21	1394,67
550,41	1384,43
550,62	1447,91
550,82	1454,06
551,03	1388,52
551,23	1390,57
551,44	1460,20
551,65	1533,93
551,85	1437,67
552,06	1302,51
552,26	1456,11
552,47	1425,39
552,67	1466,35
552,88	1400,81
553,08	1552,36
553,29	1425,39
553,49	1411,05
553,70	1464,30
553,90	1546,22
554,11	1484,78
554,32	1525,74
554,52	1460,20
554,73	1423,34
554,93	1406,95
555,14	1427,43
555,34	1425,39
555,55	1519,59
555,75	1409,00
555,96	1372,14
556,16	1415,15
556,37	1513,45
556,57	1386,47
556,78	1447,91
556,98	1472,49
557,19	1505,26
557,39	1411,05
557,60	1472,49
557,80	1460,20
558,01	1435,63
558,21	1398,76
558,42	1404,91
558,62	1472,49
558,83	1499,11
559,03	1359,85
559,24	1437,67
559,44	1492,97
559,65	1538,02
559,85	1431,53
560,06	1423,34
560,26	1462,25
560,47	1466,35
560,67	1478,63
560,88	1355,76
561,08	1443,82
561,29	1533,93
561,49	1452,01
561,70	1464,30
561,90	1378,28
562,10	1413,10
562,31	1413,10
562,51	1474,54
562,72	1363,95
562,92	1398,76
563,13	1513,45
563,33	1423,34
563,54	1527,78
563,74	1449,96
563,95	1443,82
564,15	1425,39
564,36	1460,20
564,56	1466,35
564,76	1456,11
564,97	1343,47
565,17	1423,34
565,38	1519,59
565,58	1398,76
565,79	1456,11
565,99	1468,39
566,20	1478,63
566,40	1452,01
566,60	1503,21
566,81	1454,06
567,01	1427,43
567,22	1452,01
567,42	1425,39
567,63	1398,76
567,83	1431,53
568,04	1525,74
568,24	1507,30
568,44	1548,26
568,65	1445,87
568,85	1492,97
569,06	1529,83
569,26	1372,14
569,47	1544,17
569,67	1415,15
569,87	1456,11
570,08	1452,01
570,28	1409,00
570,49	1433,58
570,69	1480,68
570,89	1443,82
571,10	1456,11
571,30	1454,06
571,51	1484,78
571,71	1398,76
571,91	1495,02
572,12	1525,74
572,32	1497,07
572,53	1427,43
572,73	1492,97
572,93	1437,67
573,14	1468,39
573,34	1519,59
573,55	1400,81
573,75	1525,74
573,95	1456,11
574,16	1535,98
574,36	1433,58
574,57	1529,83
574,77	1421,29
574,97	1427,43
575,18	1472,49
575,38	1411,05
575,59	1452,01
575,79	1361,90
575,99	1417,19
576,20	1456,11
576,40	1468,39
576,60	1521,64
576,81	1507,30
577,01	1505,26
577,22	1499,11
577,42	1402,86
577,62	1433,58
577,83	1482,73
578,03	1538,02
578,23	1505,26
578,44	1449,96
578,64	1441,77
578,84	1447,91
579,05	1406,95
579,25	1439,72
579,45	1320,94
579,66	1400,81
579,86	1421,29
580,07	1417,19
580,27	1501,16
580,47	1353,71
580,68	1409,00
580,88	1505,26
581,08	1431,53
581,29	1398,76
581,49	1402,86
581,69	1466,35
581,90	1484,78
582,10	1439,72
582,30	1470,44
582,51	1427,43
582,71	1435,63
582,91	1404,91
583,12	1421,29
583,32	1378,28
583,52	1368,04
583,73	1413,10
583,93	1427,43
584,13	1482,73
584,34	1535,98
584,54	1376,24
584,74	1433,58
584,94	1433,58
585,15	1460,20
585,35	1476,59
585,55	1447,91
585,76	1421,29
585,96	1454,06
586,16	1511,40
586,37	1400,81
586,57	1390,57
586,77	1378,28
586,98	1431,53
587,18	1490,92
587,38	1474,54
587,58	1466,35
587,79	1515,50
587,99	1441,77
588,19	1478,63
588,40	1388,52
588,60	1460,20
588,80	1357,80
589,00	1417,19
589,21	1447,91
589,41	1406,95
589,61	1423,34
589,82	1478,63
590,02	1366,00
590,22	1480,68
590,42	1449,96
590,63	1470,44
590,83	1482,73
591,03	1490,92
591,23	1490,92
591,44	1533,93
591,64	1476,59
591,84	1452,01
592,05	1449,96
592,25	1525,74
592,45	1486,83
592,65	1511,40
592,86	1421,29
593,06	1484,78
593,26	1380,33
593,46	1472,49
593,67	1433,58
593,87	1535,98
594,07	1482,73
594,27	1458,15
594,48	1452,01
594,68	1482,73
594,88	1454,06
595,08	1486,83
595,29	1490,92
595,49	1499,11
595,69	1372,14
595,89	1394,67
596,10	1558,50
596,30	1562,60
596,50	1415,15
596,70	1533,93
596,90	1495,02
597,11	1423,34
597,31	1452,01
597,51	1439,72
597,71	1466,35
597,92	1507,30
598,12	1513,45
598,32	1527,78
598,52	1468,39
598,72	1519,59
598,93	1466,35
599,13	1468,39
599,33	1409,00
599,53	1552,36
599,74	1415,15
599,94	1460,20
600,14	1495,02
600,34	1402,86
600,54	1546,22
600,75	1497,07
600,95	1458,15
601,15	1492,97
601,35	1415,15
601,55	1392,62
601,76	1437,67
601,96	1519,59
602,16	1380,33
602,36	1468,39
602,56	1427,43
602,76	1505,26
602,97	1374,19
603,17	1439,72
603,37	1388,52
603,57	1466,35
603,77	1517,54
603,98	1435,63
604,18	1398,76
604,38	1478,63
604,58	1454,06
604,78	1435,63
604,98	1486,83
605,19	1484,78
605,39	1484,78
605,59	1558,50
605,79	1445,87
605,99	1443,82
606,19	1501,16
606,40	1437,67
606,60	1394,67
606,80	1441,77
607,00	1488,87
607,20	1441,77
607,40	1429,48
607,61	1468,39
607,81	1454,06
608,01	1484,78
608,21	1462,25
608,41	1394,67
608,61	1437,67
608,81	1431,53
609,02	1396,71
609,22	1382,38
609,42	1419,24
609,62	1466,35
609,82	1411,05
610,02	1540,07
610,22	1452,01
610,43	1486,83
610,63	1400,81
610,83	1499,11
611,03	1511,40
611,23	1462,25
611,43	1466,35
611,63	1460,20
611,83	1425,39
612,04	1478,63
612,24	1533,93
612,44	1443,82
612,64	1441,77
612,84	1515,50
613,04	1452,01
613,24	1538,02
613,44	1378,28
613,64	1501,16
613,85	1511,40
614,05	1460,20
614,25	1505,26
614,45	1402,86
614,65	1429,48
614,85	1388,52
615,05	1464,30
615,25	1556,46
615,45	1429,48
615,65	1460,20
615,86	1482,73
616,06	1466,35
616,26	1501,16
616,46	1486,83
616,66	1366,00
616,86	1515,50
617,06	1419,24
617,26	1495,02
617,46	1464,30
617,66	1423,34
617,86	1466,35
618,07	1347,56
618,27	1505,26
618,47	1431,53
618,67	1501,16
618,87	1413,10
619,07	1484,78
619,27	1476,59
619,47	1472,49
619,67	1572,84
619,87	1357,80
620,07	1515,50
620,27	1525,74
620,47	1372,14
620,67	1435,63
620,87	1409,00
621,07	1533,93
621,28	1429,48
621,48	1503,21
621,68	1357,80
621,88	1474,54
622,08	1415,15
622,28	1476,59
622,48	1462,25
622,68	1417,19
622,88	1507,30
623,08	1468,39
623,28	1507,30
623,48	1372,14
623,68	1456,11
623,88	1464,30
624,08	1570,79
624,28	1382,38
624,48	1474,54
624,68	1458,15
624,88	1427,43
625,08	1505,26
625,28	1466,35
625,48	1513,45
625,68	1423,34
625,88	1476,59
626,08	1419,24
626,28	1495,02
626,48	1331,18
626,68	1476,59
626,88	1437,67
627,08	1478,63
627,28	1578,98
627,48	1486,83
627,68	1472,49
627,88	1417,19
628,08	1519,59
628,28	1495,02
628,49	1462,25
628,68	1400,81
628,88	1468,39
629,08	1396,71
629,28	1421,29
629,48	1519,59
629,68	1497,07
629,88	1503,21
630,08	1533,93
630,28	1499,11
630,48	1499,11
630,68	1368,04
630,88	1460,20
631,08	1458,15
631,28	1533,93
631,48	1427,43
631,68	1480,68
631,88	1445,87
632,08	1470,44
632,28	1490,92
632,48	1447,91
632,68	1521,64
632,88	1503,21
633,08	1443,82
633,28	1470,44
633,48	1456,11
633,68	1425,39
633,88	1478,63
634,08	1517,54
634,28	1499,11
634,48	1511,40
634,68	1468,39
634,88	1470,44
635,08	1443,82
635,28	1447,91
635,48	1429,48
635,68	1484,78
635,87	1538,02
636,07	1472,49
636,27	1409,00
636,47	1542,12
636,67	1533,93
636,87	1497,07
637,07	1593,32
637,27	1431,53
637,47	1390,57
637,67	1435,63
637,87	1492,97
638,07	1499,11
638,27	1464,30
638,47	1521,64
638,67	1497,07
638,86	1470,44
639,06	1404,91
639,26	1548,26
639,46	1372,14
639,66	1542,12
639,86	1449,96
640,06	1490,92
640,26	1439,72
640,46	1421,29
640,66	1439,72
640,86	1497,07
641,06	1411,05
641,25	1470,44
641,45	1484,78
641,65	1409,00
641,85	1417,19
642,05	1476,59
642,25	1413,10
642,45	1431,53
642,65	1437,67
642,85	1374,19
643,05	1433,58
643,24	1478,63
643,44	1515,50
643,64	1460,20
643,84	1415,15
644,04	1445,87
644,24	1474,54
644,44	1437,67
644,64	1452,01
644,84	1458,15
645,03	1533,93
645,23	1497,07
645,43	1509,35
645,63	1531,88
645,83	1429,48
646,03	1400,81
646,23	1460,20
646,42	1490,92
646,62	1390,57
646,82	1562,60
647,02	1380,33
647,22	1501,16
647,42	1474,54
647,62	1441,77
647,82	1443,82
648,01	1683,43
648,21	1404,91
648,41	1452,01
648,61	1486,83
648,81	1497,07
649,01	1445,87
649,20	1386,47
649,40	1476,59
649,60	1497,07
649,80	1497,07
650,00	1382,38
650,20	1456,11
650,40	1478,63
650,59	1390,57
650,79	1433,58
650,99	1476,59
651,19	1484,78
651,39	1505,26
651,58	1499,11
651,78	1476,59
651,98	1452,01
652,18	1435,63
652,38	1445,87
652,58	1519,59
652,77	1478,63
652,97	1509,35
653,17	1439,72
653,37	1589,22
653,57	1445,87
653,77	1505,26
653,96	1458,15
654,16	1474,54
654,36	1523,69
654,56	1540,07
654,76	1501,16
654,95	1421,29
655,15	1421,29
655,35	1447,91
655,55	1466,35
655,75	1505,26
655,94	1454,06
656,14	1482,73
656,34	1550,31
656,54	1398,76
656,73	1447,91
656,93	1550,31
657,13	1413,10
657,33	1488,87
657,53	1538,02
657,72	1509,35
657,92	1423,34
658,12	1368,04
658,32	1458,15
658,52	1497,07
658,71	1429,48
658,91	1468,39
659,11	1507,30
659,31	1486,83
659,50	1415,15
659,70	1478,63
659,90	1531,88
660,10	1525,74
660,29	1527,78
660,49	1396,71
660,69	1460,20
660,89	1499,11
661,08	1466,35
661,28	1384,43
661,48	1431,53
661,68	1484,78
661,87	1421,29
662,07	1480,68
662,27	1386,47
662,47	1486,83
662,66	1484,78
662,86	1529,83
663,06	1441,77
663,26	1411,05
663,45	1515,50
663,65	1443,82
663,85	1523,69
664,05	1443,82
664,24	1484,78
664,44	1456,11
664,64	1597,42
664,84	1445,87
665,03	1593,32
665,23	1468,39
665,43	1505,26
665,62	1388,52
665,82	1443,82
666,02	1376,24
666,22	1525,74
666,41	1439,72
666,61	1472,49
666,81	1472,49
667,00	1423,34
667,20	1460,20
667,40	1456,11
667,60	1382,38
667,79	1484,78
667,99	1419,24
668,19	1490,92
668,38	1445,87
668,58	1486,83
668,78	1378,28
668,97	1513,45
669,17	1433,58
669,37	1429,48
669,57	1427,43
669,76	1447,91
669,96	1468,39
670,16	1454,06
670,35	1511,40
670,55	1495,02
670,75	1392,62
670,94	1503,21
671,14	1531,88
671,34	1497,07
671,53	1480,68
671,73	1406,95
671,93	1531,88
672,12	1445,87
672,32	1490,92
672,52	1433,58
672,71	1540,07
672,91	1538,02
673,11	1521,64
673,30	1527,78
673,50	1503,21
673,70	1482,73
673,89	1492,97
674,09	1499,11
674,29	1478,63
674,48	1531,88
674,68	1468,39
674,88	1396,71
675,07	1482,73
675,27	1470,44
675,46	1507,30
675,66	1472,49
675,86	1447,91
676,05	1492,97
676,25	1449,96
676,45	1417,19
676,64	1402,86
676,84	1480,68
677,04	1462,25
677,23	1486,83
677,43	1527,78
677,62	1507,30
677,82	1449,96
678,02	1398,76
678,21	1466,35
678,41	1437,67
678,61	1419,24
678,80	1415,15
679,00	1392,62
679,19	1531,88
679,39	1464,30
679,59	1452,01
679,78	1439,72
679,98	1402,86
680,17	1390,57
680,37	1452,01
680,57	1388,52
680,76	1505,26
680,96	1470,44
681,16	1462,25
681,35	1447,91
681,55	1488,87
681,74	1415,15
681,94	1540,07
682,13	1447,91
682,33	1521,64
682,53	1478,63
682,72	1492,97
682,92	1417,19
683,11	1492,97
683,31	1507,30
683,51	1464,30
683,70	1433,58
683,90	1495,02
684,09	1507,30
684,29	1533,93
684,48	1421,29
684,68	1447,91
684,88	1552,36
685,07	1462,25
685,27	1452,01
685,46	1488,87
685,66	1505,26
685,85	1480,68
686,05	1538,02
686,25	1411,05
686,44	1484,78
686,64	1490,92
686,83	1464,30
687,03	1550,31
687,22	1452,01
687,42	1423,34
687,61	1437,67
687,81	1417,19
688,01	1456,11
688,20	1447,91
688,40	1445,87
688,59	1468,39
688,79	1470,44
688,98	1511,40
689,18	1388,52
689,37	1486,83
689,57	1495,02
689,76	1474,54
689,96	1425,39
690,15	1437,67
690,35	1462,25
690,54	1480,68
690,74	1531,88
690,94	1476,59
691,13	1519,59
691,33	1447,91
691,52	1591,27
691,72	1566,70
691,91	1452,01
692,11	1484,78
692,30	1417,19
692,50	1433,58
692,69	1478,63
692,89	1456,11
693,08	1478,63
693,28	1511,40
693,47	1413,10
693,67	1583,08
693,86	1396,71
694,06	1482,73
694,25	1495,02
694,45	1511,40
694,64	1456,11
694,84	1470,44
695,03	1488,87
695,23	1402,86
695,42	1540,07
695,62	1413,10
695,81	1499,11
696,01	1486,83
696,20	1339,37
696,40	1452,01
696,59	1388,52
696,78	1445,87
696,98	1511,40
697,17	1486,83
697,37	1474,54
697,56	1472,49
697,76	1474,54
697,95	1492,97
698,15	1425,39
698,34	1476,59
698,54	1447,91
698,73	1607,66
698,93	1349,61
699,12	1435,63
699,32	1370,09
699,51	1503,21
699,70	1411,05
699,90	1558,50
700,09	1454,06
700,29	1452,01
700,48	1382,38
700,68	1458,15
700,87	1409,00
701,07	1417,19
701,26	1488,87
701,45	1505,26
701,65	1466,35
701,84	1351,66
702,04	1503,21
702,23	1464,30
702,43	1386,47
702,62	1462,25
702,81	1406,95
703,01	1443,82
703,20	1486,83
703,40	1427,43
703,59	1427,43
703,79	1423,34
703,98	1472,49
704,17	1456,11
704,37	1423,34
704,56	1484,78
704,76	1542,12
704,95	1370,09
705,14	1417,19
705,34	1488,87
705,53	1449,96
705,73	1413,10
705,92	1499,11
706,11	1447,91
706,31	1435,63
706,50	1462,25
706,70	1429,48
706,89	1402,86
707,08	1443,82
707,28	1513,45
707,47	1470,44
707,67	1359,85
707,86	1392,62
708,05	1503,21
708,25	1390,57
708,44	1452,01
708,64	1386,47
708,83	1443,82
709,02	1449,96
709,22	1492,97
709,41	1454,06
709,60	1472,49
709,80	1439,72
709,99	1384,43
710,19	1425,39
710,38	1490,92
710,57	1357,80
710,77	1366,00
710,96	1398,76
711,15	1382,38
711,35	1435,63
711,54	1488,87
711,73	1380,33
711,93	1447,91
712,12	1452,01
712,31	1361,90
712,51	1351,66
712,70	1439,72
712,89	1425,39
713,09	1474,54
713,28	1456,11
713,48	1396,71
713,67	1347,56
713,86	1343,47
714,06	1466,35
714,25	1382,38
714,44	1398,76
714,64	1441,77
714,83	1366,00
715,02	1302,51
715,22	1521,64
715,41	1488,87
715,60	1452,01
715,79	1384,43
715,99	1417,19
716,18	1456,11
716,37	1333,23
716,57	1425,39
716,76	1521,64
716,95	1417,19
717,15	1349,61
717,34	1372,14
717,53	1478,63
717,73	1419,24
717,92	1474,54
718,11	1452,01
718,31	1466,35
718,50	1431,53
718,69	1380,33
718,88	1458,15
719,08	1447,91
719,27	1429,48
719,46	1435,63
719,66	1429,48
719,85	1392,62
720,04	1396,71
720,23	1351,66
720,43	1437,67
720,62	1357,80
720,81	1359,85
721,01	1452,01
721,20	1460,20
721,39	1329,13
721,58	1423,34
721,78	1462,25
721,97	1343,47
722,16	1382,38
722,35	1415,15
722,55	1343,47
722,74	1400,81
722,93	1431,53
723,13	1370,09
723,32	1329,13
723,51	1322,99
723,70	1386,47
723,90	1456,11
724,09	1392,62
724,28	1359,85
724,47	1396,71
724,67	1425,39
724,86	1386,47
725,05	1363,95
725,24	1380,33
725,44	1478,63
725,63	1312,75
725,82	1372,14
726,01	1425,39
726,21	1441,77
726,40	1331,18
726,59	1384,43
726,78	1394,67
726,97	1384,43
727,17	1409,00
727,36	1382,38
727,55	1376,24
727,74	1382,38
727,94	1447,91
728,13	1386,47
728,32	1462,25
728,51	1386,47
728,70	1353,71
728,90	1394,67
729,09	1445,87
729,28	1380,33
729,47	1404,91
729,66	1439,72
729,86	1439,72
730,05	1468,39
730,24	1370,09
730,43	1439,72
730,63	1415,15
730,82	1509,35
731,01	1437,67
731,20	1439,72
731,39	1378,28
731,58	1445,87
731,78	1443,82
731,97	1398,76
732,16	1464,30
732,35	1388,52
732,54	1447,91
732,74	1437,67
732,93	1458,15
733,12	1409,00
733,31	1439,72
733,50	1363,95
733,69	1404,91
733,89	1460,20
734,08	1439,72
734,27	1452,01
734,46	1472,49
734,65	1322,99
734,84	1325,04
735,04	1400,81
735,23	1384,43
735,42	1322,99
735,61	1361,90
735,80	1486,83
735,99	1382,38
736,19	1376,24
736,38	1460,20
736,57	1431,53
736,76	1325,04
736,95	1384,43
737,14	1402,86
737,33	1456,11
737,53	1452,01
737,72	1341,42
737,91	1404,91
738,10	1509,35
738,29	1366,00
738,48	1437,67
738,67	1482,73
738,87	1341,42
739,06	1439,72
739,25	1398,76
739,44	1392,62
739,63	1460,20
739,82	1429,48
740,01	1419,24
740,20	1386,47
740,40	1439,72
740,59	1382,38
740,78	1437,67
740,97	1380,33
741,16	1400,81
741,35	1454,06
741,54	1439,72
741,73	1374,19
741,92	1345,52
742,12	1435,63
742,31	1437,67
742,50	1529,83
742,69	1511,40
742,88	1423,34
743,07	1409,00
743,26	1478,63
743,45	1425,39
743,64	1370,09
743,83	1413,10
744,02	1417,19
744,22	1439,72
744,41	1443,82
744,60	1396,71
744,79	1435,63
744,98	1511,40
745,17	1419,24
745,36	1400,81
745,55	1460,20
745,74	1384,43
745,93	1384,43
746,12	1421,29
746,31	1409,00
746,50	1464,30
746,70	1398,76
746,89	1398,76
747,08	1439,72
747,27	1423,34
747,46	1427,43
747,65	1499,11
747,84	1474,54
748,03	1525,74
748,22	1396,71
748,41	1419,24
748,60	1484,78
748,79	1464,30
748,98	1366,00
749,17	1474,54
749,36	1519,59
749,55	1425,39
749,74	1363,95
749,93	1482,73
750,12	1343,47
750,31	1425,39
750,50	1480,68
750,70	1511,40
750,89	1497,07
751,08	1480,68
751,27	1376,24
751,46	1421,29
751,65	1370,09
751,84	1497,07
752,03	1368,04
752,22	1533,93
752,41	1452,01
752,60	1466,35
752,79	1435,63
752,98	1394,67
753,17	1411,05
753,36	1480,68
753,55	1462,25
753,74	1413,10
753,93	1468,39
754,12	1445,87
754,31	1519,59
754,50	1474,54
754,69	1441,77
754,88	1429,48
755,07	1476,59
755,26	1406,95
755,45	1353,71
755,64	1511,40
755,83	1419,24
756,02	1488,87
756,21	1382,38
756,40	1490,92
756,59	1445,87
756,78	1517,54
756,97	1447,91
757,16	1454,06
757,35	1521,64
757,54	1454,06
757,72	1357,80
757,91	1437,67
758,10	1435,63
758,29	1386,47
758,48	1417,19
758,67	1345,52
758,86	1458,15
759,05	1470,44
759,24	1503,21
759,43	1583,08
759,62	1392,62
759,81	1398,76
760,00	1515,50
760,19	1458,15
760,38	1519,59
760,57	1456,11
760,76	1347,56
760,95	1562,60
761,14	1417,19
761,33	1400,81
761,52	1392,62
761,70	1470,44
761,89	1353,71
762,08	1425,39
762,27	1409,00
762,46	1478,63
762,65	1519,59
762,84	1431,53
763,03	1456,11
763,22	1521,64
763,41	1519,59
763,60	1384,43
763,79	1476,59
763,98	1486,83
764,16	1458,15
764,35	1527,78
764,54	1548,26
764,73	1454,06
764,92	1538,02
765,11	1578,98
765,30	1552,36
765,49	1363,95
765,68	1556,46
765,87	1460,20
766,06	1562,60
766,24	1470,44
766,43	1431,53
766,62	1466,35
766,81	1441,77
767,00	1482,73
767,19	1413,10
767,38	1437,67
767,57	1452,01
767,76	1419,24
767,94	1476,59
768,13	1443,82
768,32	1456,11
768,51	1501,16
768,70	1484,78
768,89	1550,31
769,08	1447,91
769,27	1445,87
769,45	1406,95
769,64	1585,13
769,83	1497,07
770,02	1470,44
770,21	1452,01
770,40	1570,79
770,59	1472,49
770,77	1443,82
770,96	1513,45
771,15	1470,44
771,34	1490,92
771,53	1611,75
771,72	1470,44
771,91	1478,63
772,09	1558,50
772,28	1511,40
772,47	1423,34
772,66	1574,89
772,85	1466,35
773,04	1470,44
773,22	1472,49
773,41	1609,70
773,60	1449,96
773,79	1476,59
773,98	1519,59
774,17	1503,21
774,35	1488,87
774,54	1531,88
774,73	1507,30
774,92	1474,54
775,11	1482,73
775,30	1540,07
775,48	1470,44
775,67	1497,07
775,86	1503,21
776,05	1550,31
776,24	1486,83
776,42	1476,59
776,61	1488,87
776,80	1431,53
776,99	1439,72
777,18	1607,66
777,36	1564,65
777,55	1476,59
777,74	1460,20
777,93	1578,98
778,12	1548,26
778,30	1507,30
778,49	1480,68
778,68	1501,16
778,87	1472,49
779,06	1564,65
779,24	1439,72
779,43	1548,26
779,62	1497,07
779,81	1464,30
779,99	1423,34
780,18	1531,88
780,37	1490,92
780,56	1570,79
780,75	1490,92
780,93	1540,07
781,12	1439,72
781,31	1560,55
781,50	1449,96
781,68	1419,24
781,87	1437,67
782,06	1529,83
782,25	1427,43
782,43	1464,30
782,62	1497,07
782,81	1517,54
783,00	1531,88
783,18	1449,96
783,37	1419,24
783,56	1499,11
783,75	1486,83
783,93	1480,68
784,12	1486,83
784,31	1501,16
784,50	1542,12
784,68	1525,74
784,87	1449,96
785,06	1472,49
785,24	1398,76
785,43	1519,59
785,62	1497,07
785,81	1505,26
785,99	1486,83
786,18	1439,72
786,37	1474,54
786,56	1482,73
786,74	1417,19
786,93	1449,96
787,12	1503,21
787,30	1429,48
787,49	1511,40
787,68	1488,87
787,87	1384,43
788,05	1523,69
788,24	1542,12
788,43	1439,72
788,61	1554,41
788,80	1509,35
788,99	1392,62
789,17	1519,59
789,36	1484,78
789,55	1468,39
789,73	1478,63
789,92	1492,97
790,11	1454,06
790,30	1409,00
790,48	1454,06
790,67	1433,58
790,86	1413,10
791,04	1468,39
791,23	1435,63
791,42	1486,83
791,60	1331,18
791,79	1441,77
791,98	1355,76
792,16	1476,59
792,35	1431,53
792,54	1415,15
792,72	1490,92
792,91	1474,54
793,10	1468,39
793,28	1384,43
793,47	1488,87
793,66	1447,91
793,84	1443,82
794,03	1386,47
794,22	1546,22
794,40	1470,44
794,59	1492,97
794,77	1382,38
794,96	1413,10
795,15	1431,53
795,33	1318,89
795,52	1423,34
795,71	1419,24
795,89	1406,95
796,08	1474,54
796,27	1464,30
796,45	1398,76
796,64	1419,24
796,82	1374,19
797,01	1351,66
797,20	1452,01
797,38	1435,63
797,57	1409,00
797,76	1456,11
797,94	1456,11
798,13	1413,10
798,31	1361,90
798,50	1437,67
798,69	1527,78
798,87	1359,85
799,06	1445,87
799,24	1419,24
799,43	1433,58
799,62	1417,19
799,80	1333,23
799,99	1470,44
800,17	1411,05
800,36	1423,34
800,55	1452,01
800,73	1443,82
800,92	1398,76
801,10	1431,53
801,29	1419,24
801,48	1427,43
801,66	1437,67
801,85	1333,23
802,03	1419,24
802,22	1445,87
802,40	1478,63
802,59	1411,05
802,78	1366,00
802,96	1382,38
803,15	1490,92
803,33	1464,30
803,52	1476,59
803,70	1380,33
803,89	1429,48
804,08	1384,43
804,26	1452,01
804,45	1388,52
804,63	1443,82
804,82	1515,50
805,00	1470,44
805,19	1441,77
805,37	1433,58
805,56	1431,53
805,74	1447,91
805,93	1454,06
806,12	1495,02
806,30	1341,42
806,49	1404,91
806,67	1472,49
806,86	1343,47
807,04	1478,63
807,23	1357,80
807,41	1413,10
807,60	1484,78
807,78	1409,00
807,97	1783,78
808,15	1370,09
808,34	1386,47
808,52	1386,47
808,71	1415,15
808,89	1437,67
809,08	1374,19
809,27	1361,90
809,45	1312,75
809,64	1394,67
809,82	1417,19
810,01	1417,19
810,19	1548,26
810,38	1497,07
810,56	1468,39
810,75	1409,00
810,93	1454,06
811,12	1386,47
811,30	1449,96
811,49	1349,61
811,67	1476,59
811,85	1339,37
812,04	1341,42
812,22	1505,26
812,41	1435,63
812,59	1406,95
812,78	1331,18
812,96	1464,30
813,15	1400,81
813,33	1398,76
813,52	1443,82
813,70	1431,53
813,89	1478,63
814,07	1409,00
814,26	1460,20
814,44	1449,96
814,63	1374,19
814,81	1435,63
815,00	1345,52
815,18	1497,07
815,36	1372,14
815,55	1384,43
815,73	1470,44
815,92	1462,25
816,10	1492,97
816,29	1435,63
816,47	1452,01
816,66	1484,78
816,84	1519,59
817,02	1492,97
817,21	1433,58
817,39	1421,29
817,58	1374,19
817,76	1411,05
817,95	1556,46
818,13	1480,68
818,32	1409,00
818,50	1390,57
818,68	1413,10
818,87	1443,82
819,05	1396,71
819,24	1497,07
819,42	1486,83
819,60	1419,24
819,79	1429,48
819,97	1525,74
820,16	1400,81
820,34	1452,01
820,53	1341,42
820,71	1433,58
820,89	1409,00
821,08	1431,53
821,26	1474,54
821,45	1390,57
821,63	1466,35
821,81	1474,54
822,00	1445,87
822,18	1460,20
822,37	1478,63
822,55	1417,19
822,73	1437,67
822,92	1456,11
823,10	1423,34
823,28	1349,61
823,47	1396,71
823,65	1437,67
823,84	1449,96
824,02	1531,88
824,20	1427,43
824,39	1404,91
824,57	1427,43
824,75	1525,74
824,94	1445,87
825,12	1466,35
825,31	1359,85
825,49	1470,44
825,67	1429,48
825,86	1513,45
826,04	1492,97
826,22	1591,27
826,41	1527,78
826,59	1519,59
826,77	1519,59
826,96	1468,39
827,14	1419,24
827,32	1470,44
827,51	1421,29
827,69	1437,67
827,87	1404,91
828,06	1470,44
828,24	1441,77
828,42	1370,09
828,61	1468,39
828,79	1533,93
828,97	1497,07
829,16	1464,30
829,34	1366,00
829,52	1355,76
829,71	1521,64
829,89	1550,31
830,07	1492,97
830,26	1439,72
830,44	1507,30
830,62	1486,83
830,81	1503,21
830,99	1443,82
831,17	1456,11
831,36	1441,77
831,54	1490,92
831,72	1468,39
831,91	1421,29
832,09	1527,78
832,27	1415,15
832,45	1486,83
832,64	1452,01
832,82	1437,67
833,00	1443,82
833,19	1417,19
833,37	1460,20
833,55	1431,53
833,73	1349,61
833,92	1456,11
834,10	1413,10
834,28	1470,44
834,47	1515,50
834,65	1505,26
834,83	1492,97
835,01	1499,11
835,20	1398,76
835,38	1449,96
835,56	1447,91
835,74	1521,64
835,93	1462,25
836,11	1503,21
836,29	1484,78
836,47	1581,03
836,66	1429,48
836,84	1505,26
837,02	1431,53
837,21	1595,37
837,39	1472,49
837,57	1513,45
837,75	1466,35
837,94	1505,26
838,12	1607,66
838,30	1437,67
838,48	1431,53
838,66	1527,78
838,85	1484,78
839,03	1419,24
839,21	1454,06
839,39	1406,95
839,58	1554,41
839,76	1423,34
839,94	1499,11
840,12	1486,83
840,31	1589,22
840,49	1505,26
840,67	1486,83
840,85	1427,43
841,03	1533,93
841,22	1460,20
841,40	1538,02
841,58	1495,02
841,76	1417,19
841,94	1470,44
842,13	1619,94
842,31	1484,78
842,49	1456,11
842,67	1445,87
842,85	1503,21
843,04	1535,98
843,22	1525,74
843,40	1495,02
843,58	1460,20
843,76	1490,92
843,95	1517,54
844,13	1452,01
844,31	1437,67
844,49	1492,97
844,67	1482,73
844,86	1447,91
845,04	1460,20
845,22	1466,35
845,40	1456,11
845,58	1476,59
845,76	1499,11
845,95	1525,74
846,13	1490,92
846,31	1554,41
846,49	1546,22
846,67	1431,53
846,85	1490,92
847,04	1482,73
847,22	1431,53
847,40	1486,83
847,58	1503,21
847,76	1558,50
847,94	1435,63
848,12	1617,90
848,31	1488,87
848,49	1464,30
848,67	1531,88
848,85	1583,08
849,03	1521,64
849,21	1560,55
849,39	1411,05
849,58	1497,07
849,76	1468,39
849,94	1495,02
850,12	1507,30
850,30	1550,31
850,48	1456,11
850,66	1574,89
850,84	1495,02
851,03	1523,69
851,21	1421,29
851,39	1482,73
851,57	1456,11
851,75	1554,41
851,93	1546,22
852,11	1476,59
852,29	1544,17
852,47	1531,88
852,66	1544,17
852,84	1472,49
853,02	1492,97
853,20	1587,18
853,38	1550,31
853,56	1529,83
853,74	1456,11
853,92	1464,30
854,10	1433,58
854,28	1568,74
854,46	1480,68
854,65	1468,39
854,83	1490,92
855,01	1449,96
855,19	1486,83
855,37	1476,59
855,55	1513,45
855,73	1511,40
855,91	1529,83
856,09	1595,37
856,27	1519,59
856,45	1519,59
856,63	1529,83
856,81	1492,97
857,00	1503,21
857,18	1548,26
857,36	1484,78
857,54	1546,22
857,72	1452,01
857,90	1515,50
858,08	1501,16
858,26	1497,07
858,44	1466,35
858,62	1552,36
858,80	1484,78
858,98	1593,32
859,16	1402,86
859,34	1472,49
859,52	1550,31
859,70	1556,46
859,88	1484,78
860,06	1501,16
860,24	1497,07
860,42	1509,35
860,60	1593,32
860,78	1554,41
860,96	1523,69
861,14	1595,37
861,32	1560,55
861,50	1556,46
861,69	1560,55
861,87	1486,83
862,05	1492,97
862,23	1517,54
862,41	1570,79
862,59	1529,83
862,77	1488,87
862,95	1474,54
863,13	1435,63
863,31	1521,64
863,49	1445,87
863,67	1509,35
863,85	1509,35
864,03	1464,30
864,21	1486,83
864,39	1462,25
864,57	1515,50
864,75	1499,11
864,92	1587,18
865,10	1519,59
865,28	1488,87
865,46	1492,97
865,64	1484,78
865,82	1581,03
866,00	1484,78
866,18	1527,78
866,36	1431,53
866,54	1542,12
866,72	1441,77
866,90	1501,16
867,08	1542,12
867,26	1452,01
867,44	1460,20
867,62	1495,02
867,80	1542,12
867,98	1474,54
868,16	1535,98
868,34	1501,16
868,52	1458,15
868,70	1406,95
868,88	1538,02
869,06	1503,21
869,24	1468,39
869,42	1425,39
869,59	1535,98
869,77	1605,61
869,95	1533,93
870,13	1497,07
870,31	1460,20
870,49	1542,12
870,67	1560,55
870,85	1441,77
871,03	1439,72
871,21	1638,38
871,39	1519,59
871,57	1431,53
871,75	1499,11
871,92	1556,46
872,10	1544,17
872,28	1492,97
872,46	1501,16
872,64	1456,11
872,82	1449,96
873,00	1509,35
873,18	1540,07
873,36	1456,11
873,54	1427,43
873,72	1523,69
873,89	1507,30
874,07	1501,16
874,25	1523,69
874,43	1441,77
874,61	1525,74
874,79	1484,78
874,97	1488,87
875,15	1531,88
875,33	1492,97
875,50	1519,59
875,68	1503,21
875,86	1503,21
876,04	1568,74
876,22	1480,68
876,40	1464,30
876,58	1480,68
876,76	1583,08
876,93	1411,05
877,11	1452,01
877,29	1546,22
877,47	1503,21
877,65	1521,64
877,83	1431,53
878,01	1460,20
878,18	1478,63
878,36	1439,72
878,54	1509,35
878,72	1423,34
878,90	1441,77
879,08	1562,60
879,25	1554,41
879,43	1456,11
879,61	1490,92
879,79	1505,26
879,97	1406,95
880,15	1570,79
880,32	1519,59
880,50	1505,26
880,68	1513,45
880,86	1499,11
881,04	1538,02
881,22	1525,74
881,39	1542,12
881,57	1611,75
881,75	1505,26
881,93	1472,49
882,11	1562,60
882,28	1503,21
882,46	1472,49
882,64	1535,98
882,82	1425,39
883,00	1607,66
883,18	1523,69
883,35	1404,91
883,53	1447,91
883,71	1476,59
883,89	1419,24
884,07	1533,93
884,24	1488,87
884,42	1443,82
884,60	1411,05
884,78	1509,35
884,95	1411,05
885,13	1513,45
885,31	1501,16
885,49	1406,95
885,67	1492,97
885,84	1505,26
886,02	1404,91
886,20	1519,59
886,38	1482,73
886,55	1427,43
886,73	1519,59
886,91	1521,64
887,09	1474,54
887,26	1515,50
887,44	1513,45
887,62	1519,59
887,80	1484,78
887,98	1556,46
888,15	1431,53
888,33	1562,60
888,51	1525,74
888,69	1585,13
888,86	1501,16
889,04	1523,69
889,22	1515,50
889,39	1574,89
889,57	1568,74
889,75	1472,49
889,93	1490,92
890,10	1546,22
890,28	1429,48
890,46	1632,23
890,64	1503,21
890,81	1523,69
890,99	1495,02
891,17	1490,92
891,34	1558,50
891,52	1503,21
891,70	1464,30
891,88	1466,35
892,05	1452,01
892,23	1456,11
892,41	1560,55
892,58	1486,83
892,76	1488,87
892,94	1511,40
893,12	1521,64
893,29	1486,83
893,47	1476,59
893,65	1466,35
893,82	1501,16
894,00	1505,26
894,18	1499,11
894,35	1447,91
894,53	1503,21
894,71	1533,93
894,89	1472,49
895,06	1478,63
895,24	1484,78
895,42	1441,77
895,59	1447,91
895,77	1517,54
895,95	1542,12
896,12	1445,87
896,30	1513,45
896,48	1472,49
896,65	1511,40
896,83	1439,72
897,01	1423,34
897,18	1529,83
897,36	1599,46
897,54	1460,20
897,71	1525,74
897,89	1482,73
898,07	1439,72
898,24	1458,15
898,42	1468,39
898,59	1507,30
898,77	1511,40
898,95	1478,63
899,12	1449,96
899,30	1472,49
899,48	1515,50
899,65	1492,97
899,83	1464,30
900,01	1423,34
900,18	1449,96
900,36	1527,78
900,53	1421,29
900,71	1460,20
900,89	1505,26
901,06	1472,49
901,24	1400,81
901,42	1519,59
901,59	1466,35
901,77	1566,70
901,94	1472,49
902,12	1419,24
902,30	1503,21
902,47	1472,49
902,65	1390,57
902,82	1488,87
903,00	1439,72
903,18	1495,02
903,35	1456,11
903,53	1456,11
903,70	1423,34
903,88	1437,67
904,06	1519,59
904,23	1515,50
904,41	1515,50
904,58	1433,58
904,76	1456,11
904,93	1552,36
905,11	1439,72
905,29	1505,26
905,46	1484,78
905,64	1513,45
905,81	1456,11
905,99	1525,74
906,16	1507,30
906,34	1413,10
906,52	1439,72
906,69	1538,02
906,87	1433,58
907,04	1478,63
907,22	1509,35
907,39	1458,15
907,57	1425,39
907,75	1488,87
907,92	1488,87
908,10	1519,59
908,27	1509,35
908,45	1464,30
908,62	1556,46
908,80	1400,81
908,97	1390,57
909,15	1464,30
909,32	1492,97
909,50	1554,41
909,67	1443,82
909,85	1415,15
910,03	1441,77
910,20	1433,58
910,38	1468,39
910,55	1400,81
910,73	1548,26
910,90	1546,22
911,08	1470,44
911,25	1464,30
911,43	1492,97
911,60	1402,86
911,78	1464,30
911,95	1505,26
912,13	1427,43
912,30	1470,44
912,48	1505,26
912,65	1425,39
912,83	1406,95
913,00	1456,11
913,18	1509,35
913,35	1490,92
913,53	1396,71
913,70	1499,11
913,88	1476,59
914,05	1507,30
914,23	1433,58
914,40	1535,98
914,58	1474,54
914,75	1554,41
914,93	1472,49
915,10	1441,77
915,27	1554,41
915,45	1449,96
915,62	1456,11
915,80	1495,02
915,97	1464,30
916,15	1431,53
916,32	1601,51
916,50	1490,92
916,67	1484,78
916,85	1468,39
917,02	1406,95
917,20	1509,35
917,37	1540,07
917,54	1583,08
917,72	1511,40
917,89	1503,21
918,07	1570,79
918,24	1589,22
918,42	1429,48
918,59	1517,54
918,77	1462,25
918,94	1574,89
919,11	1454,06
919,29	1527,78
919,46	1484,78
919,64	1495,02
919,81	1468,39
919,99	1437,67
920,16	1550,31
920,33	1587,18
920,51	1480,68
920,68	1495,02
920,86	1546,22
921,03	1486,83
921,20	1394,67
921,38	1540,07
921,55	1552,36
921,73	1521,64
921,90	1458,15
922,07	1433,58
922,25	1546,22
922,42	1476,59
922,60	1509,35
922,77	1562,60
922,94	1505,26
923,12	1452,01
923,29	1486,83
923,47	1484,78
923,64	1404,91
923,81	1542,12
923,99	1435,63
924,16	1488,87
924,34	1509,35
924,51	1601,51
924,68	1587,18
924,86	1474,54
925,03	1472,49
925,20	1542,12
925,38	1464,30
925,55	1486,83
925,72	1558,50
925,90	1370,09
926,07	1441,77
926,25	1548,26
926,42	1515,50
926,59	1519,59
926,77	1525,74
926,94	1554,41
927,11	1415,15
927,29	1472,49
927,46	1449,96
927,63	1589,22
927,81	1458,15
927,98	1456,11
928,15	1554,41
928,33	1603,56
928,50	1554,41
928,67	1562,60
928,85	1497,07
929,02	1558,50
929,19	1492,97
929,37	1456,11
929,54	1505,26
929,71	1521,64
929,89	1468,39
930,06	1431,53
930,23	1548,26
930,41	1527,78
930,58	1394,67
930,75	1503,21
930,92	1517,54
931,10	1529,83
931,27	1427,43
931,44	1615,85
931,62	1458,15
931,79	1413,10
931,96	1431,53
932,14	1546,22
932,31	1603,56
932,48	1511,40
932,65	1513,45
932,83	1507,30
933,00	1507,30
933,17	1519,59
933,35	1531,88
933,52	1576,94
933,69	1529,83
933,86	1527,78
934,04	1511,40
934,21	1443,82
934,38	1566,70
934,55	1574,89
934,73	1521,64
934,90	1511,40
935,07	1486,83
935,25	1535,98
935,42	1435,63
935,59	1478,63
935,76	1501,16
935,94	1480,68
936,11	1589,22
936,28	1572,84
936,45	1511,40
936,63	1527,78
936,80	1433,58
936,97	1478,63
937,14	1497,07
937,31	1570,79
937,49	1556,46
937,66	1523,69
937,83	1507,30
938,00	1521,64
938,18	1574,89
938,35	1439,72
938,52	1538,02
938,69	1535,98
938,87	1566,70
939,04	1433,58
939,21	1488,87
939,38	1495,02
939,55	1540,07
939,73	1597,42
939,90	1460,20
940,07	1509,35
940,24	1435,63
940,41	1572,84
940,59	1540,07
940,76	1476,59
940,93	1595,37
941,10	1411,05
941,27	1452,01
941,45	1417,19
941,62	1427,43
941,79	1466,35
941,96	1576,94
942,13	1523,69
942,31	1505,26
942,48	1626,09
942,65	1578,98
942,82	1570,79
942,99	1515,50
943,16	1499,11
943,34	1486,83
943,51	1578,98
943,68	1503,21
943,85	1437,67
944,02	1507,30
944,19	1402,86
944,37	1558,50
944,54	1535,98
944,71	1476,59
944,88	1566,70
945,05	1439,72
945,22	1503,21
945,40	1568,74
945,57	1427,43
945,74	1636,33
945,91	1533,93
946,08	1558,50
946,25	1554,41
946,42	1523,69
946,60	1511,40
946,77	1607,66
946,94	1564,65
947,11	1441,77
947,28	1511,40
947,45	1488,87
947,62	1488,87
947,79	1630,18
947,97	1535,98
948,14	1517,54
948,31	1589,22
948,48	1544,17
948,65	1499,11
948,82	1554,41
948,99	1533,93
949,16	1497,07
949,33	1548,26
949,51	1548,26
949,68	1601,51
949,85	1591,27
950,02	1515,50
950,19	1488,87
950,36	1497,07
950,53	1472,49
950,70	1515,50
950,87	1499,11
951,04	1447,91
951,22	1460,20
951,39	1531,88
951,56	1517,54
951,73	1472,49
951,90	1433,58
952,07	1449,96
952,24	1531,88
952,41	1507,30
952,58	1472,49
952,75	1550,31
952,92	1507,30
953,09	1517,54
953,26	1515,50
953,43	1513,45
953,61	1513,45
953,78	1546,22
953,95	1552,36
954,12	1501,16
954,29	1456,11
954,46	1431,53
954,63	1458,15
954,80	1544,17
954,97	1447,91
955,14	1503,21
955,31	1505,26
955,48	1427,43
955,65	1492,97
955,82	1433,58
955,99	1630,18
956,16	1544,17
956,33	1568,74
956,50	1468,39
956,67	1531,88
956,84	1507,30
957,01	1488,87
957,18	1468,39
957,35	1439,72
957,52	1513,45
957,69	1488,87
957,86	1472,49
958,03	1546,22
958,20	1609,70
958,37	1529,83
958,54	1486,83
958,71	1443,82
958,88	1515,50
959,05	1437,67
959,22	1554,41
959,39	1488,87
959,56	1507,30
959,73	1486,83
959,90	1626,09
960,07	1443,82
960,24	1433,58
960,41	1449,96
960,58	1497,07
960,75	1423,34
960,92	1513,45
961,09	1533,93
961,26	1523,69
961,43	1484,78
961,60	1476,59
961,77	1544,17
961,94	1503,21
962,11	1480,68
962,28	1540,07
962,45	1529,83
962,62	1429,48
962,79	1488,87
962,96	1437,67
963,13	1421,29
963,30	1480,68
963,47	1550,31
963,64	1501,16
963,81	1515,50
963,98	1505,26
964,14	1476,59
964,31	1499,11
964,48	1497,07
964,65	1495,02
964,82	1466,35
964,99	1525,74
965,16	1501,16
965,33	1443,82
965,50	1505,26
965,67	1488,87
965,84	1497,07
966,01	1452,01
966,18	1406,95
966,35	1468,39
966,51	1466,35
966,68	1599,46
966,85	1419,24
967,02	1497,07
967,19	1421,29
967,36	1492,97
967,53	1437,67
967,70	1458,15
967,87	1503,21
968,04	1466,35
968,21	1511,40
968,37	1515,50
968,54	1318,89
968,71	1431,53
968,88	1443,82
969,05	1433,58
969,22	1437,67
969,39	1497,07
969,56	1499,11
969,72	1411,05
969,89	1466,35
970,06	1468,39
970,23	1501,16
970,40	1478,63
970,57	1376,24
970,74	1501,16
970,91	1497,07
971,07	1462,25
971,24	1447,91
971,41	1519,59
971,58	1417,19
971,75	1402,86
971,92	1441,77
972,09	1452,01
972,25	1431,53
972,42	1538,02
972,59	1513,45
972,76	1529,83
972,93	1550,31
973,10	1468,39
973,27	1482,73
973,43	1411,05
973,60	1445,87
973,77	1456,11
973,94	1402,86
974,11	1458,15
974,28	1456,11
974,44	1406,95
974,61	1452,01
974,78	1503,21
974,95	1398,76
975,12	1472,49
975,28	1449,96
975,45	1368,04
975,62	1423,34
975,79	1421,29
975,96	1380,33
976,12	1398,76
976,29	1499,11
976,46	1499,11
976,63	1447,91
976,80	1454,06
976,96	1470,44
977,13	1398,76
977,30	1423,34
977,47	1378,28
977,64	1484,78
977,80	1425,39
977,97	1402,86
978,14	1400,81
978,31	1478,63
978,48	1396,71
978,64	1505,26
978,81	1402,86
978,98	1464,30
979,15	1443,82
979,31	1566,70
979,48	1468,39
979,65	1435,63
979,82	1538,02
979,98	1435,63
980,15	1460,20
980,32	1521,64
980,49	1396,71
980,66	1366,00
980,82	1443,82
980,99	1443,82
981,16	1392,62
981,33	1437,67
981,49	1423,34
981,66	1421,29
981,83	1464,30
981,99	1462,25
982,16	1464,30
982,33	1409,00
982,50	1400,81
982,66	1472,49
982,83	1398,76
983,00	1452,01
983,17	1337,32
983,33	1402,86
983,50	1476,59
983,67	1402,86
983,83	1468,39
984,00	1372,14
984,17	1533,93
984,34	1409,00
984,50	1368,04
984,67	1415,15
984,84	1431,53
985,00	1417,19
985,17	1386,47
985,34	1427,43
985,51	1345,52
985,67	1535,98
985,84	1437,67
986,01	1386,47
986,17	1460,20
986,34	1441,77
986,51	1406,95
986,67	1388,52
986,84	1372,14
987,01	1343,47
987,17	1396,71
987,34	1409,00
987,51	1366,00
987,67	1411,05
987,84	1482,73
988,01	1411,05
988,17	1441,77
988,34	1460,20
988,51	1429,48
988,67	1464,30
988,84	1368,04
989,01	1445,87
989,17	1421,29
989,34	1476,59
989,51	1472,49
989,67	1404,91
989,84	1421,29
990,01	1370,09
990,17	1462,25
990,34	1415,15
990,51	1439,72
990,67	1413,10
990,84	1392,62
991,01	1406,95
991,17	1435,63
991,34	1484,78
991,50	1382,38
991,67	1437,67
991,84	1386,47
992,00	1392,62
992,17	1404,91
992,34	1558,50
992,50	1449,96
992,67	1400,81
992,83	1433,58
993,00	1419,24
993,17	1433,58
993,33	1390,57
993,50	1431,53
993,66	1394,67
993,83	1452,01
994,00	1398,76
994,16	1357,80
994,33	1378,28
994,49	1443,82
994,66	1454,06
994,83	1386,47
994,99	1419,24
995,16	1468,39
995,32	1400,81
995,49	1452,01
995,66	1492,97
995,82	1409,00
995,99	1368,04
996,15	1445,87
996,32	1458,15
996,48	1357,80
996,65	1366,00
996,82	1468,39
996,98	1417,19
997,15	1400,81
997,31	1380,33
997,48	1558,50
997,64	1345,52
997,81	1486,83
997,97	1386,47
998,14	1345,52
998,31	1419,24
998,47	1353,71
998,64	1503,21
998,80	1411,05
998,97	1398,76
999,13	1460,20
999,30	1495,02
999,46	1423,34
999,63	1335,28
999,79	1447,91
999,96	1474,54
1000,12	1521,64
1000,29	1480,68
1000,45	1468,39
1000,62	1355,76
1000,79	1507,30
1000,95	1441,77
1001,12	1380,33
1001,28	1337,32
1001,45	1294,32
1001,61	1417,19
1001,78	1427,43
1001,94	1382,38
1002,11	1513,45
1002,27	1433,58
1002,44	1427,43
1002,60	1501,16
1002,77	1501,16
1002,93	1501,16
1003,10	1470,44
1003,26	1376,24
1003,43	1499,11
1003,59	1454,06
1003,76	1402,86
1003,92	1347,56
1004,09	1425,39
1004,25	1406,95
1004,41	1484,78
1004,58	1417,19
1004,74	1374,19
1004,91	1492,97
1005,07	1413,10
1005,24	1527,78
1005,40	1454,06
1005,57	1378,28
1005,73	1419,24
1005,90	1347,56
1006,06	1380,33
1006,23	1449,96
1006,39	1429,48
1006,55	1400,81
1006,72	1458,15
1006,88	1486,83
1007,05	1409,00
1007,21	1441,77
1007,38	1435,63
1007,54	1380,33
1007,71	1429,48
1007,87	1343,47
1008,03	1501,16
1008,20	1462,25
1008,36	1394,67
1008,53	1423,34
1008,69	1417,19
1008,86	1449,96
1009,02	1363,95
1009,18	1427,43
1009,35	1363,95
1009,51	1413,10
1009,68	1488,87
1009,84	1499,11
1010,01	1386,47
1010,17	1464,30
1010,33	1415,15
1010,50	1386,47
1010,66	1540,07
1010,83	1429,48
1010,99	1490,92
1011,15	1429,48
1011,32	1441,77
1011,48	1474,54
1011,65	1398,76
1011,81	1486,83
1011,97	1374,19
1012,14	1501,16
1012,30	1423,34
1012,46	1417,19
1012,63	1400,81
1012,79	1419,24
1012,96	1499,11
1013,12	1384,43
1013,28	1411,05
1013,45	1376,24
1013,61	1357,80
1013,77	1359,85
1013,94	1419,24
1014,10	1402,86
1014,26	1409,00
1014,43	1349,61
1014,59	1398,76
1014,76	1402,86
1014,92	1499,11
1015,08	1337,32
1015,25	1318,89
1015,41	1431,53
1015,57	1425,39
1015,74	1361,90
1015,90	1349,61
1016,06	1419,24
1016,23	1378,28
1016,39	1441,77
1016,55	1435,63
1016,72	1331,18
1016,88	1464,30
1017,04	1312,75
1017,21	1429,48
1017,37	1359,85
1017,53	1439,72
1017,70	1386,47
1017,86	1437,67
1018,02	1402,86
1018,19	1437,67
1018,35	1466,35
1018,51	1427,43
1018,67	1429,48
1018,84	1388,52
1019,00	1374,19
1019,16	1462,25
1019,33	1406,95
1019,49	1454,06
1019,65	1384,43
1019,82	1421,29
1019,98	1458,15
1020,14	1390,57
1020,30	1501,16
1020,47	1306,60
1020,63	1484,78
1020,79	1437,67
1020,96	1400,81
1021,12	1355,76
1021,28	1464,30
1021,44	1402,86
1021,61	1361,90
1021,77	1361,90
1021,93	1378,28
1022,09	1447,91
1022,26	1456,11
1022,42	1351,66
1022,58	1492,97
1022,74	1363,95
1022,91	1396,71
1023,07	1460,20
1023,23	1388,52
1023,39	1406,95
1023,56	1370,09
1023,72	1423,34
1023,88	1406,95
1024,04	1380,33
1024,21	1429,48
1024,37	1419,24
1024,53	1470,44
1024,69	1351,66
1024,86	1447,91
1025,02	1458,15
1025,18	1347,56
1025,34	1366,00
1025,50	1415,15
1025,67	1320,94
1025,83	1443,82
1025,99	1406,95
1026,15	1392,62
1026,32	1357,80
1026,48	1372,14
1026,64	1454,06
1026,80	1396,71
1026,96	1435,63
1027,13	1437,67
1027,29	1435,63
1027,45	1382,38
1027,61	1413,10
1027,77	1402,86
1027,94	1390,57
1028,10	1359,85
1028,26	1349,61
1028,42	1472,49
1028,58	1421,29
1028,75	1445,87
1028,91	1404,91
1029,07	1460,20
1029,23	1503,21
1029,39	1435,63
1029,55	1435,63
1029,72	1435,63
1029,88	1378,28
1030,04	1366,00
1030,20	1435,63
1030,36	1390,57
1030,52	1333,23
1030,69	1372,14
1030,85	1490,92
1031,01	1413,10
1031,17	1353,71
1031,33	1390,57
1031,49	1566,70
1031,65	1372,14
1031,82	1378,28
1031,98	1327,08
1032,14	1400,81
1032,30	1476,59
1032,46	1417,19
1032,62	1445,87
1032,78	1417,19
1032,95	1421,29
1033,11	1361,90
1033,27	1314,80
1033,43	1445,87
1033,59	1353,71
1033,75	1423,34
1033,91	1394,67
1034,07	1466,35
1034,24	1499,11
1034,40	1445,87
1034,56	1392,62
1034,72	1374,19
1034,88	1398,76
1035,04	1396,71
1035,20	1437,67
1035,36	1409,00
1035,52	1398,76
1035,68	1341,42
1035,85	1402,86
1036,01	1435,63
1036,17	1468,39
1036,33	1384,43
1036,49	1398,76
1036,65	1376,24
1036,81	1439,72
1036,97	1363,95
1037,13	1390,57
1037,29	1413,10
1037,45	1445,87
1037,61	1388,52
1037,78	1357,80
1037,94	1419,24
1038,10	1411,05
1038,26	1415,15
1038,42	1433,58
1038,58	1415,15
1038,74	1366,00
1038,90	1462,25
1039,06	1443,82
1039,22	1437,67
1039,38	1322,99
1039,54	1441,77
1039,70	1337,32
1039,86	1474,54
1040,02	1435,63
1040,18	1503,21
1040,34	1400,81
1040,50	1423,34
1040,66	1443,82
1040,83	1384,43
1040,99	1419,24
1041,15	1492,97
1041,31	1472,49
1041,47	1382,38
1041,63	1476,59
1041,79	1353,71
1041,95	1425,39
1042,11	1411,05
1042,27	1404,91
1042,43	1413,10
1042,59	1447,91
1042,75	1384,43
1042,91	1402,86
