344,25	1241,07
344,46	1241,07
344,68	1241,07
344,90	1361,90
345,12	1288,17
345,34	1431,53
345,55	1452,01
345,77	1329,13
345,99	1431,53
346,21	1437,67
346,42	1374,19
346,64	1415,15
346,86	1402,86
347,08	1402,86
347,30	1345,52
347,51	1423,34
347,73	1415,15
347,95	1425,39
348,17	1357,80
348,38	1462,25
348,60	1366,00
348,82	1376,24
349,04	1449,96
349,25	1413,10
349,47	1404,91
349,69	1372,14
349,91	1437,67
350,13	1402,86
350,34	1462,25
350,56	1312,75
350,78	1458,15
351,00	1519,59
351,21	1413,10
351,43	1515,50
351,65	1435,63
351,87	1406,95
352,08	1376,24
352,30	1443,82
352,52	1411,05
352,74	1472,49
352,95	1443,82
353,17	1445,87
353,39	1357,80
353,61	1425,39
353,82	1456,11
354,04	1376,24
354,26	1427,43
354,47	1497,07
354,69	1468,39
354,91	1327,08
355,13	1398,76
355,34	1478,63
355,56	1349,61
355,78	1462,25
356,00	1445,87
356,21	1376,24
356,43	1427,43
356,65	1368,04
356,86	1439,72
357,08	1452,01
357,30	1454,06
357,52	1390,57
357,73	1433,58
357,95	1449,96
358,17	1380,33
358,38	1462,25
358,60	1380,33
358,82	1486,83
359,04	1478,63
359,25	1507,30
359,47	1538,02
359,69	1511,40
359,90	1361,90
360,12	1542,12
360,34	1417,19
360,56	1413,10
360,77	1507,30
360,99	1490,92
361,21	1466,35
361,42	1492,97
361,64	1509,35
361,86	1515,50
362,07	1390,57
362,29	1452,01
362,51	1482,73
362,73	1452,01
362,94	1427,43
363,16	1441,77
363,38	1468,39
363,59	1499,11
363,81	1454,06
364,03	1531,88
364,24	1449,96
364,46	1429,48
364,68	1517,54
364,89	1456,11
365,11	1449,96
365,33	1556,46
365,54	1554,41
365,76	1542,12
365,98	1456,11
366,19	1538,02
366,41	1597,42
366,63	1433,58
366,84	1462,25
367,06	1396,71
367,28	1507,30
367,49	1441,77
367,71	1523,69
367,93	1388,52
368,14	1433,58
368,36	1423,34
368,58	1538,02
368,79	1392,62
369,01	1478,63
369,23	1476,59
369,44	1523,69
369,66	1452,01
369,88	1570,79
370,09	1443,82
370,31	1466,35
370,53	1550,31
370,74	1458,15
370,96	1445,87
371,18	1443,82
371,39	1452,01
371,61	1519,59
371,82	1523,69
372,04	1460,20
372,26	1423,34
372,47	1533,93
372,69	1458,15
372,91	1548,26
373,12	1423,34
373,34	1523,69
373,56	1374,19
373,77	1480,68
373,99	1392,62
374,20	1472,49
374,42	1419,24
374,64	1533,93
374,85	1425,39
375,07	1497,07
375,29	1472,49
375,50	1425,39
375,72	1425,39
375,93	1458,15
376,15	1427,43
376,37	1548,26
376,58	1470,44
376,80	1456,11
377,01	1382,38
377,23	1445,87
377,45	1492,97
377,66	1478,63
377,88	1503,21
378,10	1404,91
378,31	1501,16
378,53	1617,90
378,74	1447,91
378,96	1458,15
379,18	1521,64
379,39	1456,11
379,61	1505,26
379,82	1454,06
380,04	1445,87
380,26	1437,67
380,47	1492,97
380,69	1452,01
380,90	1519,59
381,12	1382,38
381,33	1486,83
381,55	1490,92
381,77	1468,39
381,98	1486,83
382,20	1415,15
382,41	1417,19
382,63	1474,54
382,85	1460,20
383,06	1474,54
383,28	1497,07
383,49	1470,44
383,71	1421,29
383,92	1374,19
384,14	1423,34
384,36	1404,91
384,57	1454,06
384,79	1404,91
385,00	1413,10
385,22	1466,35
385,43	1423,34
385,65	1443,82
385,87	1480,68
386,08	1390,57
386,30	1443,82
386,51	1421,29
386,73	1474,54
386,94	1454,06
387,16	1464,30
387,37	1433,58
387,59	1456,11
387,81	1464,30
388,02	1507,30
388,24	1478,63
388,45	1427,43
388,67	1400,81
388,88	1452,01
389,10	1447,91
389,31	1540,07
389,53	1435,63
389,75	1533,93
389,96	1429,48
390,18	1394,67
390,39	1339,37
390,61	1460,20
390,82	1415,15
391,04	1423,34
391,25	1431,53
391,47	1429,48
391,68	1476,59
391,90	1415,15
392,11	1396,71
392,33	1429,48
392,54	1402,86
392,76	1427,43
392,97	1357,80
393,19	1492,97
393,41	1497,07
393,62	1474,54
393,84	1443,82
394,05	1398,76
394,27	1431,53
394,48	1490,92
394,70	1472,49
394,91	1413,10
395,13	1429,48
395,34	1462,25
395,56	1480,68
395,77	1476,59
395,99	1439,72
396,20	1542,12
396,42	1431,53
396,63	1478,63
396,85	1499,11
397,06	1499,11
397,28	1439,72
397,49	1501,16
397,71	1411,05
397,92	1499,11
398,14	1499,11
398,35	1574,89
398,57	1517,54
398,78	1519,59
399,00	1527,78
399,21	1441,77
399,43	1480,68
399,64	1456,11
399,86	1466,35
400,07	1458,15
400,29	1521,64
400,50	1503,21
400,72	1406,95
400,93	1486,83
401,14	1398,76
401,36	1476,59
401,57	1417,19
401,79	1515,50
402,00	1402,86
402,22	1443,82
402,43	1423,34
402,65	1439,72
402,86	1449,96
403,08	1531,88
403,29	1462,25
403,51	1507,30
403,72	1443,82
403,94	1427,43
404,15	1435,63
404,36	1492,97
404,58	1642,47
404,79	1552,36
405,01	1533,93
405,22	1456,11
405,44	1396,71
405,65	1558,50
405,87	1386,47
406,08	1445,87
406,30	1413,10
406,51	1564,65
406,72	1501,16
406,94	1564,65
407,15	1460,20
407,37	1513,45
407,58	1429,48
407,80	1478,63
408,01	1492,97
408,23	1497,07
408,44	1505,26
408,65	1390,57
408,87	1511,40
409,08	1495,02
409,30	1505,26
409,51	1419,24
409,73	1523,69
409,94	1529,83
410,15	1570,79
410,37	1523,69
410,58	1468,39
410,80	1454,06
411,01	1427,43
411,23	1519,59
411,44	1435,63
411,65	1621,99
411,87	1517,54
412,08	1452,01
412,30	1460,20
412,51	1509,35
412,72	1517,54
412,94	1449,96
413,15	1404,91
413,37	1513,45
413,58	1497,07
413,79	1478,63
414,01	1492,97
414,22	1525,74
414,44	1476,59
414,65	1531,88
414,86	1507,30
415,08	1484,78
415,29	1454,06
415,51	1384,43
415,72	1484,78
415,93	1466,35
416,15	1501,16
416,36	1482,73
416,58	1460,20
416,79	1482,73
417,00	1443,82
417,22	1542,12
417,43	1476,59
417,65	1439,72
417,86	1564,65
418,07	1423,34
418,29	1505,26
418,50	1540,07
418,71	1474,54
418,93	1513,45
419,14	1464,30
419,36	1378,28
419,57	1404,91
419,78	1499,11
420,00	1452,01
420,21	1492,97
420,42	1505,26
420,64	1574,89
420,85	1443,82
421,06	1521,64
421,28	1476,59
421,49	1466,35
421,71	1480,68
421,92	1464,30
422,13	1509,35
422,35	1574,89
422,56	1445,87
422,77	1437,67
422,99	1480,68
423,20	1464,30
423,41	1445,87
423,63	1454,06
423,84	1468,39
424,05	1513,45
424,27	1441,77
424,48	1517,54
424,69	1499,11
424,91	1820,64
425,12	1462,25
425,33	1398,76
425,55	1490,92
425,76	1394,67
425,97	1529,83
426,19	1427,43
426,40	1454,06
426,61	1501,16
426,83	1546,22
427,04	1486,83
427,25	1462,25
427,47	1488,87
427,68	1542,12
427,89	1515,50
428,11	1417,19
428,32	1460,20
428,53	1419,24
428,75	1429,48
428,96	1576,94
429,17	1488,87
429,39	1423,34
429,60	1488,87
429,81	1492,97
430,03	1523,69
430,24	1431,53
430,45	1478,63
430,67	1501,16
430,88	1568,74
431,09	1513,45
431,30	1519,59
431,52	1515,50
431,73	1466,35
431,94	1568,74
432,16	1525,74
432,37	1552,36
432,58	1429,48
432,80	1470,44
433,01	1515,50
433,22	1411,05
433,43	1568,74
433,65	1445,87
433,86	1380,33
434,07	1437,67
434,29	1558,50
434,50	1378,28
434,71	1517,54
434,92	1484,78
435,14	1476,59
435,35	1411,05
435,56	1462,25
435,77	1486,83
435,99	1458,15
436,20	1398,76
436,41	1488,87
436,63	1480,68
436,84	1443,82
437,05	1353,71
437,26	1445,87
437,48	1505,26
437,69	1521,64
437,90	1490,92
438,11	1449,96
438,33	1452,01
438,54	1437,67
438,75	1460,20
438,96	1398,76
439,18	1427,43
439,39	1435,63
439,60	1472,49
439,82	1499,11
440,03	1509,35
440,24	1515,50
440,45	1335,28
440,67	1587,18
440,88	1472,49
441,09	1505,26
441,30	1499,11
441,51	1613,80
441,73	1411,05
441,94	1386,47
442,15	1398,76
442,36	1497,07
442,58	1499,11
442,79	1361,90
443,00	1394,67
443,21	1578,98
443,43	1437,67
443,64	1509,35
443,85	1406,95
444,06	1388,52
444,28	1417,19
444,49	1497,07
444,70	1501,16
444,91	1503,21
445,12	1519,59
445,34	1501,16
445,55	1568,74
445,76	1513,45
445,97	1503,21
446,18	1550,31
446,40	1521,64
446,61	1470,44
446,82	1456,11
447,03	1499,11
447,25	1478,63
447,46	1464,30
447,67	1488,87
447,88	1439,72
448,09	1435,63
448,31	1546,22
448,52	1466,35
448,73	1544,17
448,94	1476,59
449,15	1513,45
449,37	1441,77
449,58	1456,11
449,79	1472,49
450,00	1542,12
450,21	1394,67
450,43	1476,59
450,64	1406,95
450,85	1492,97
451,06	1464,30
451,27	1482,73
451,48	1433,58
451,70	1454,06
451,91	1499,11
452,12	1452,01
452,33	1462,25
452,54	1468,39
452,76	1519,59
452,97	1589,22
453,18	1488,87
453,39	1454,06
453,60	1486,83
453,81	1505,26
454,03	1521,64
454,24	1497,07
454,45	1411,05
454,66	1509,35
454,87	1443,82
455,08	1454,06
455,30	1533,93
455,51	1572,84
455,72	1540,07
455,93	1519,59
456,14	1525,74
456,35	1521,64
456,56	1591,27
456,78	1482,73
456,99	1501,16
457,20	1558,50
457,41	1511,40
457,62	1501,16
457,83	1611,75
458,04	1544,17
458,26	1458,15
458,47	1552,36
458,68	1507,30
458,89	1478,63
459,10	1462,25
459,31	1507,30
459,52	1554,41
459,74	1587,18
459,95	1509,35
460,16	1497,07
460,37	1578,98
460,58	1527,78
460,79	1484,78
461,00	1636,33
461,21	1484,78
461,43	1566,70
461,64	1470,44
461,85	1488,87
462,06	1482,73
462,27	1480,68
462,48	1503,21
462,69	1546,22
462,90	1454,06
463,12	1531,88
463,33	1507,30
463,54	1437,67
463,75	1574,89
463,96	1544,17
464,17	1544,17
464,38	1468,39
464,59	1585,13
464,80	1511,40
465,01	1488,87
465,23	1535,98
465,44	1492,97
465,65	1480,68
465,86	1523,69
466,07	1464,30
466,28	1480,68
466,49	1538,02
466,70	1533,93
466,91	1576,94
467,12	1638,38
467,33	1548,26
467,55	1515,50
467,76	1497,07
467,97	1583,08
468,18	1566,70
468,39	1533,93
468,60	1636,33
468,81	1572,84
469,02	1495,02
469,23	1474,54
469,44	1503,21
469,65	1419,24
469,86	1519,59
470,07	1497,07
470,29	1691,62
470,50	1484,78
470,71	1544,17
470,92	1564,65
471,13	1550,31
471,34	1482,73
471,55	1490,92
471,76	1499,11
471,97	1497,07
472,18	1499,11
472,39	1548,26
472,60	1556,46
472,81	1511,40
473,02	1521,64
473,23	1562,60
473,44	1538,02
473,65	1624,04
473,87	1492,97
474,08	1517,54
474,29	1546,22
474,50	1533,93
474,71	1486,83
474,92	1599,46
475,13	1527,78
475,34	1607,66
475,55	1509,35
475,76	1523,69
475,97	1521,64
476,18	1593,32
476,39	1488,87
476,60	1548,26
476,81	1599,46
477,02	1574,89
477,23	1546,22
477,44	1613,80
477,65	1492,97
477,86	1605,61
478,07	1605,61
478,28	1619,94
478,49	1499,11
478,70	1581,03
478,91	1527,78
479,12	1462,25
479,33	1556,46
479,54	1484,78
479,75	1648,61
479,96	1548,26
480,17	1578,98
480,38	1538,02
480,59	1474,54
480,80	1552,36
481,01	1611,75
481,22	1550,31
481,43	1497,07
481,64	1585,13
481,85	1503,21
482,06	1544,17
482,27	1513,45
482,48	1599,46
482,69	1699,81
482,90	1519,59
483,11	1597,42
483,32	1562,60
483,53	1564,65
483,74	1578,98
483,95	1550,31
484,16	1519,59
484,37	1572,84
484,58	1585,13
484,79	1595,37
485,00	1587,18
485,21	1525,74
485,42	1634,28
485,63	1599,46
485,84	1591,27
486,05	1574,89
486,26	1585,13
486,47	1609,70
486,68	1550,31
486,89	1619,94
487,10	1540,07
487,31	1648,61
487,52	1621,99
487,73	1652,71
487,94	1488,87
488,15	1615,85
488,36	1591,27
488,57	1503,21
488,77	1544,17
488,98	1519,59
489,19	1591,27
489,40	1574,89
489,61	1607,66
489,82	1626,09
490,03	1611,75
490,24	1560,55
490,45	1679,33
490,66	1621,99
490,87	1667,05
491,08	1488,87
491,29	1636,33
491,50	1556,46
491,71	1617,90
491,92	1613,80
492,13	1605,61
492,33	1462,25
492,54	1628,14
492,75	1619,94
492,96	1632,23
493,17	1626,09
493,38	1652,71
493,59	1447,91
493,80	1626,09
494,01	1533,93
494,22	1591,27
494,43	1535,98
494,64	1683,43
494,85	1603,56
495,05	1558,50
495,26	1613,80
495,47	1677,29
495,68	1619,94
495,89	1474,54
496,10	1548,26
496,31	1556,46
496,52	1599,46
496,73	1597,42
496,94	1542,12
497,15	1665,00
497,35	1566,70
497,56	1621,99
497,77	1581,03
497,98	1669,09
498,19	1679,33
498,40	1691,62
498,61	1662,95
498,82	1636,33
499,03	1546,22
499,23	1546,22
499,44	1599,46
499,65	1724,39
499,86	1667,05
500,07	1634,28
500,28	1636,33
500,49	1599,46
500,70	1603,56
500,91	1550,31
501,11	1660,90
501,32	1656,81
501,53	1611,75
501,74	1583,08
501,95	1564,65
502,16	1640,42
502,37	1505,26
502,57	1603,56
502,78	1681,38
502,99	1556,46
503,20	1640,42
503,41	1650,66
503,62	1609,70
503,83	1695,72
504,03	1589,22
504,24	1609,70
504,45	1591,27
504,66	1734,63
504,87	1601,51
505,08	1626,09
505,29	1617,90
505,49	1576,94
505,70	1675,24
505,91	1599,46
506,12	1611,75
506,33	1662,95
506,54	1611,75
506,75	1683,43
506,95	1644,52
507,16	1781,73
507,37	1576,94
507,58	1675,24
507,79	1675,24
508,00	1669,09
508,20	1540,07
508,41	1552,36
508,62	1667,05
508,83	1650,66
509,04	1583,08
509,24	1658,85
509,45	1910,75
509,66	1656,81
509,87	1687,53
510,08	1742,82
510,29	1677,29
510,49	1685,48
510,70	1581,03
510,91	1691,62
511,12	1607,66
511,33	1658,85
511,53	1597,42
511,74	1648,61
511,95	1595,37
512,16	1679,33
512,37	1605,61
512,57	1619,94
512,78	1654,76
512,99	1607,66
513,20	1683,43
513,41	1675,24
513,61	1558,50
513,82	1753,06
514,03	1607,66
514,24	1669,09
514,45	1693,67
514,65	1662,95
514,86	1595,37
515,07	1619,94
515,28	1556,46
515,49	1681,38
515,69	1679,33
515,90	1646,57
516,11	1660,90
516,32	1609,70
516,52	1621,99
516,73	1568,74
516,94	1714,15
517,15	1632,23
517,36	1665,00
517,56	1665,00
517,77	1597,42
517,98	1699,81
518,19	1728,49
518,39	1669,09
518,60	1597,42
518,81	1800,16
519,02	1529,83
519,22	1609,70
519,43	1603,56
519,64	1628,14
519,85	1587,18
520,05	1632,23
520,26	1544,17
520,47	1677,29
520,68	1605,61
520,88	1679,33
521,09	1691,62
521,30	1642,47
521,51	1605,61
521,71	1660,90
521,92	1595,37
522,13	1652,71
522,34	1589,22
522,54	1611,75
522,75	1581,03
522,96	1619,94
523,17	1710,05
523,37	1703,91
523,58	1621,99
523,79	1675,24
523,99	1560,55
524,20	1607,66
524,41	1683,43
524,62	1679,33
524,82	1708,01
525,03	1640,42
525,24	1626,09
525,45	1701,86
525,65	1613,80
525,86	1667,05
526,07	1675,24
526,27	1646,57
526,48	1599,46
526,69	1615,85
526,90	1566,70
527,10	1644,52
527,31	1581,03
527,52	1617,90
527,72	1617,90
527,93	1722,34
528,14	1603,56
528,34	1638,38
528,55	1511,40
528,76	1648,61
528,97	1632,23
529,17	1593,32
529,38	1558,50
529,59	1654,76
529,79	1667,05
530,00	1732,58
530,21	1650,66
530,41	1673,19
530,62	1611,75
530,83	1687,53
531,03	1763,30
531,24	1636,33
531,45	1662,95
531,65	1660,90
531,86	1671,14
532,07	1593,32
532,27	1603,56
532,48	1689,57
532,69	1546,22
532,89	1581,03
533,10	1626,09
533,31	1695,72
533,51	1658,85
533,72	1660,90
533,93	1638,38
534,13	1718,25
534,34	1607,66
534,55	1718,25
534,75	1607,66
534,96	1697,77
535,17	1636,33
535,37	1636,33
535,58	1542,12
535,79	1589,22
535,99	1540,07
536,20	1640,42
536,41	1597,42
536,61	1732,58
536,82	1628,14
537,03	1613,80
537,23	1656,81
537,44	1615,85
537,64	1595,37
537,85	1677,29
538,06	1683,43
538,26	1710,05
538,47	1558,50
538,68	1640,42
538,88	1630,18
539,09	1630,18
539,30	1654,76
539,50	1681,38
539,71	1589,22
539,91	1759,21
540,12	1630,18
540,33	1634,28
540,53	1601,51
540,74	1568,74
540,94	1677,29
541,15	1642,47
541,36	1595,37
541,56	1708,01
541,77	1648,61
541,98	1691,62
542,18	1732,58
542,39	1726,44
542,59	1662,95
542,80	1546,22
543,01	1546,22
543,21	1599,46
543,42	1626,09
543,62	1638,38
543,83	1564,65
544,04	1636,33
544,24	1615,85
544,45	1548,26
544,65	1710,05
544,86	1710,05
545,06	1564,65
545,27	1611,75
545,48	1611,75
545,68	1660,90
545,89	1605,61
546,09	1679,33
546,30	1630,18
546,51	1703,91
546,71	1476,59
546,92	1669,09
547,12	1615,85
547,33	1613,80
547,53	1626,09
547,74	1562,60
547,95	1636,33
548,15	1578,98
548,36	1621,99
548,56	1687,53
548,77	1619,94
548,97	1642,47
549,18	1615,85
549,39	1562,60
549,59	1613,80
549,80	1519,59
550,00	1544,17
550,21	1583,08
550,41	1574,89
550,62	1593,32
550,82	1599,46
551,03	1595,37
551,23	1568,74
551,44	1615,85
551,65	1652,71
551,85	1572,84
552,06	1566,70
552,26	1650,66
552,47	1515,50
552,67	1630,18
552,88	1501,16
553,08	1603,56
553,29	1574,89
553,49	1619,94
553,70	1595,37
553,90	1607,66
554,11	1574,89
554,32	1632,23
554,52	1603,56
554,73	1613,80
554,93	1525,74
555,14	1597,42
555,34	1576,94
555,55	1652,71
555,75	1609,70
555,96	1652,71
556,16	1517,54
556,37	1617,90
556,57	1515,50
556,78	1576,94
556,98	1781,73
557,19	1685,48
557,39	1638,38
557,60	1605,61
557,80	1486,83
558,01	1552,36
558,21	1578,98
558,42	1751,01
558,62	1611,75
558,83	1712,10
559,03	1558,50
559,24	1599,46
559,44	1630,18
559,65	1558,50
559,85	1550,31
560,06	1638,38
560,26	1716,20
560,47	1675,24
560,67	1742,82
560,88	1665,00
561,08	1644,52
561,29	1738,73
561,49	1640,42
561,70	1677,29
561,90	1718,25
562,10	1673,19
562,31	1728,49
562,51	1722,34
562,72	1685,48
562,92	1560,55
563,13	1734,63
563,33	1685,48
563,54	1736,68
563,74	1683,43
563,95	1732,58
564,15	1767,40
564,36	1718,25
564,56	1742,82
564,76	1679,33
564,97	1714,15
565,17	1771,49
565,38	1800,16
565,58	1705,96
565,79	1722,34
565,99	1787,88
566,20	1773,54
566,40	1751,01
566,60	1783,78
566,81	1732,58
567,01	1861,60
567,22	1673,19
567,42	1806,31
567,63	1806,31
567,83	1851,36
568,04	1767,40
568,24	1830,88
568,44	1816,55
568,65	1810,40
568,85	1781,73
569,06	1781,73
569,26	1714,15
569,47	1781,73
569,67	1765,35
569,87	1861,60
570,08	1841,12
570,28	1845,22
570,49	1814,50
570,69	1861,60
570,89	1902,56
571,10	1830,88
571,30	1740,77
571,51	1785,83
571,71	1828,84
571,91	1849,32
572,12	1843,17
572,32	1898,47
572,53	1769,44
572,73	1865,70
572,93	1839,08
573,14	1820,64
573,34	1841,12
573,55	1796,07
573,75	1814,50
573,95	1841,12
574,16	1837,03
574,36	1843,17
574,57	1875,94
574,77	1861,60
574,97	1796,07
575,18	1816,55
575,38	1849,32
575,59	1806,31
575,79	1804,26
575,99	1839,08
576,20	1773,54
576,40	1814,50
576,60	1906,66
576,81	1853,41
577,01	1826,79
577,22	1834,98
577,42	1896,42
577,62	1794,02
577,83	1822,69
578,03	1937,38
578,23	1832,93
578,44	1855,46
578,64	1822,69
578,84	1896,42
579,05	1834,98
579,25	1935,33
579,45	1765,35
579,66	1816,55
579,86	1845,22
580,07	1814,50
580,27	1865,70
580,47	1802,21
580,68	1777,64
580,88	1875,94
581,08	1816,55
581,29	1820,64
581,49	1810,40
581,69	1847,27
581,90	1767,40
582,10	1837,03
582,30	1794,02
582,51	1773,54
582,71	1851,36
582,91	1740,77
583,12	1845,22
583,32	1816,55
583,52	1791,97
583,73	1794,02
583,93	1765,35
584,13	1894,37
584,34	1810,40
584,54	1734,63
584,74	1867,75
584,94	1851,36
585,15	1966,05
585,35	1800,16
585,55	1882,08
585,76	1826,79
585,96	1832,93
586,16	1871,84
586,37	1820,64
586,57	1884,13
586,77	1894,37
586,98	1861,60
587,18	1880,04
587,38	1923,04
587,58	1857,51
587,79	1957,86
587,99	1841,12
588,19	1849,32
588,40	1892,32
588,60	1955,81
588,80	1933,28
589,00	1898,47
589,21	1951,71
589,41	2011,11
589,61	1957,86
589,82	2009,06
590,02	1984,48
590,22	2056,16
590,42	1906,66
590,63	2054,11
590,83	1959,91
591,03	2052,06
591,23	2011,11
591,44	2129,89
591,64	2004,96
591,84	1980,39
592,05	2009,06
592,25	2041,82
592,45	2037,73
592,65	2082,78
592,86	1923,04
593,06	2070,50
593,26	1964,00
593,46	2093,02
593,67	2000,87
593,87	2117,60
594,07	1953,76
594,27	2154,46
594,48	2017,25
594,68	2107,36
594,88	1974,24
595,08	2152,42
595,29	2164,70
595,49	2068,45
595,69	2047,97
595,89	2093,02
596,10	2054,11
596,30	2127,84
596,50	1980,39
596,70	2146,27
596,90	2054,11
597,11	1986,53
597,31	2004,96
597,51	2105,31
597,71	2117,60
597,92	2197,47
598,12	2111,46
598,32	2195,42
598,52	2148,32
598,72	2117,60
598,93	2095,07
599,13	2222,05
599,33	2109,41
599,53	2168,80
599,74	2121,70
599,94	2125,79
600,14	2050,02
600,34	2107,36
600,54	2064,35
600,75	2101,22
600,95	2041,82
601,15	1986,53
601,35	2039,78
601,55	2043,87
601,76	2000,87
601,96	2088,93
602,16	1953,76
602,36	1953,76
602,56	1927,14
602,76	1961,95
602,97	1970,15
603,17	1888,23
603,37	1970,15
603,57	1800,16
603,77	1845,22
603,98	1888,23
604,18	1820,64
604,38	1839,08
604,58	1769,44
604,78	1751,01
604,98	1886,18
605,19	1765,35
605,39	1798,12
605,59	1800,16
605,79	1871,84
605,99	1714,15
606,19	1748,97
606,40	1789,92
606,60	1695,72
606,80	1605,61
607,00	1652,71
607,20	1687,53
607,40	1683,43
607,61	1642,47
607,81	1722,34
608,01	1673,19
608,21	1665,00
608,41	1705,96
608,61	1642,47
608,81	1554,41
609,02	1583,08
609,22	1640,42
609,42	1677,29
609,62	1595,37
609,82	1718,25
610,02	1660,90
610,22	1603,56
610,43	1570,79
610,63	1632,23
610,83	1640,42
611,03	1638,38
611,23	1638,38
611,43	1761,25
611,63	1636,33
611,83	1556,46
612,04	1609,70
612,24	1771,49
612,44	1605,61
612,64	1599,46
612,84	1626,09
613,04	1675,24
613,24	1632,23
613,44	1570,79
613,64	1595,37
613,85	1699,81
614,05	1716,20
614,25	1701,86
614,45	1605,61
614,65	1783,78
614,85	1683,43
615,05	1783,78
615,25	1746,92
615,45	1679,33
615,65	1748,97
615,86	1820,64
616,06	1687,53
616,26	1753,06
616,46	1791,97
616,66	1787,88
616,86	1890,28
617,06	1896,42
617,26	1769,44
617,46	1961,95
617,66	1861,60
617,86	1988,58
618,07	1894,37
618,27	2027,49
618,47	1886,18
618,67	2009,06
618,87	1884,13
619,07	2146,27
619,27	2123,74
619,47	2201,57
619,67	2148,32
619,87	2041,82
620,07	2142,18
620,27	2363,36
620,47	2082,78
620,67	2308,06
620,87	2240,48
621,07	2598,87
621,28	2164,70
621,48	2410,46
621,68	2211,81
621,88	2609,11
622,08	2451,42
622,28	2672,60
622,48	2439,13
622,68	2834,39
622,88	2623,45
623,08	2734,04
623,28	2596,82
623,48	2949,08
623,68	2820,05
623,88	3014,61
624,08	2822,10
624,28	2891,73
624,48	2775,00
624,68	3037,14
624,88	2865,11
625,08	3291,09
625,28	3219,41
625,48	3454,92
625,68	3334,09
625,88	3626,95
626,08	3272,65
626,28	3778,50
626,48	3557,32
626,68	3735,50
626,88	3612,62
627,08	3991,49
627,28	4061,12
627,48	3991,49
627,68	3698,63
627,88	4032,45
628,08	4032,45
628,28	4149,18
628,49	3993,54
628,68	4349,89
628,88	3891,14
629,08	4259,78
629,28	4167,62
629,48	4390,84
629,68	4081,60
629,88	4356,03
630,08	4163,52
630,28	4247,49
630,48	3983,30
630,68	4134,85
630,88	3798,98
631,08	4102,08
631,28	3590,09
631,48	3876,80
631,68	3559,37
631,88	3612,62
632,08	3463,12
632,28	3547,08
632,48	3203,02
632,68	3258,32
632,88	3049,43
633,08	3002,32
633,28	2813,91
633,48	3004,37
633,68	2637,78
633,88	2686,94
634,08	2400,22
634,28	2504,67
634,48	2283,49
634,68	2303,96
634,88	2144,22
635,08	2207,71
635,28	2064,35
635,48	2017,25
635,68	2004,96
635,87	1931,23
636,07	1882,08
636,27	1859,56
636,47	1808,36
636,67	1884,13
636,87	1785,83
637,07	1697,77
637,27	1662,95
637,47	1791,97
637,67	1673,19
637,87	1558,50
638,07	1673,19
638,27	1578,98
638,47	1632,23
638,67	1679,33
638,86	1564,65
639,06	1587,18
639,26	1609,70
639,46	1519,59
639,66	1597,42
639,86	1556,46
640,06	1587,18
640,26	1535,98
640,46	1546,22
640,66	1542,12
640,86	1523,69
641,06	1521,64
641,25	1527,78
641,45	1572,84
641,65	1478,63
641,85	1654,76
642,05	1478,63
642,25	1411,05
642,45	1523,69
642,65	1495,02
642,85	1409,00
643,05	1533,93
643,24	1417,19
643,44	1585,13
643,64	1570,79
643,84	1484,78
644,04	1447,91
644,24	1486,83
644,44	1484,78
644,64	1353,71
644,84	1468,39
645,03	1484,78
645,23	1548,26
645,43	1431,53
645,63	1570,79
645,83	1433,58
646,03	1398,76
646,23	1435,63
646,42	1548,26
646,62	1490,92
646,82	1490,92
647,02	1517,54
647,22	1449,96
647,42	1413,10
647,62	1458,15
647,82	1388,52
648,01	1617,90
648,21	1402,86
648,41	1464,30
648,61	1538,02
648,81	1519,59
649,01	1490,92
649,20	1400,81
649,40	1478,63
649,60	1476,59
649,80	1452,01
650,00	1488,87
650,20	1497,07
650,40	1503,21
650,59	1439,72
650,79	1460,20
650,99	1492,97
651,19	1406,95
651,39	1382,38
651,58	1454,06
651,78	1466,35
651,98	1505,26
652,18	1452,01
652,38	1394,67
652,58	1439,72
652,77	1443,82
652,97	1542,12
653,17	1486,83
653,37	1482,73
653,57	1470,44
653,77	1402,86
653,96	1462,25
654,16	1413,10
654,36	1409,00
654,56	1499,11
654,76	1427,43
654,95	1390,57
655,15	1441,77
655,35	1429,48
655,55	1501,16
655,75	1456,11
655,94	1492,97
656,14	1435,63
656,34	1542,12
656,54	1437,67
656,73	1460,20
656,93	1433,58
657,13	1488,87
657,33	1398,76
657,53	1507,30
657,72	1505,26
657,92	1488,87
658,12	1398,76
658,32	1447,91
658,52	1382,38
658,71	1452,01
658,91	1492,97
659,11	1509,35
659,31	1386,47
659,50	1458,15
659,70	1411,05
659,90	1476,59
660,10	1509,35
660,29	1443,82
660,49	1482,73
660,69	1396,71
660,89	1431,53
661,08	1413,10
661,28	1472,49
661,48	1417,19
661,68	1388,52
661,87	1376,24
662,07	1392,62
662,27	1419,24
662,47	1388,52
662,66	1474,54
662,86	1398,76
663,06	1337,32
663,26	1425,39
663,45	1423,34
663,65	1464,30
663,85	1464,30
664,05	1394,67
664,24	1476,59
664,44	1472,49
664,64	1431,53
664,84	1415,15
665,03	1546,22
665,23	1449,96
665,43	1386,47
665,62	1443,82
665,82	1437,67
666,02	1439,72
666,22	1421,29
666,41	1417,19
666,61	1560,55
666,81	1441,77
667,00	1470,44
667,20	1429,48
667,40	1439,72
667,60	1411,05
667,79	1499,11
667,99	1427,43
668,19	1474,54
668,38	1411,05
668,58	1419,24
668,78	1462,25
668,97	1462,25
669,17	1392,62
669,37	1433,58
669,57	1452,01
669,76	1525,74
669,96	1538,02
670,16	1368,04
670,35	1449,96
670,55	1464,30
670,75	1480,68
670,94	1478,63
671,14	1456,11
671,34	1409,00
671,53	1417,19
671,73	1425,39
671,93	1443,82
672,12	1476,59
672,32	1437,67
672,52	1445,87
672,71	1427,43
672,91	1474,54
673,11	1480,68
673,30	1443,82
673,50	1411,05
673,70	1351,66
673,89	1402,86
674,09	1419,24
674,29	1452,01
674,48	1449,96
674,68	1525,74
674,88	1492,97
675,07	1466,35
675,27	1447,91
675,46	1419,24
675,66	1439,72
675,86	1396,71
676,05	1419,24
676,25	1400,81
676,45	1466,35
676,64	1441,77
676,84	1519,59
677,04	1427,43
677,23	1439,72
677,43	1355,76
677,62	1492,97
677,82	1431,53
678,02	1423,34
678,21	1400,81
678,41	1462,25
678,61	1345,52
678,80	1470,44
679,00	1478,63
679,19	1476,59
679,39	1495,02
679,59	1445,87
679,78	1480,68
679,98	1413,10
680,17	1394,67
680,37	1497,07
680,57	1370,09
680,76	1519,59
680,96	1488,87
681,16	1398,76
681,35	1452,01
681,55	1386,47
681,74	1386,47
681,94	1449,96
682,13	1447,91
682,33	1476,59
682,53	1488,87
682,72	1458,15
682,92	1462,25
683,11	1431,53
683,31	1492,97
683,51	1427,43
683,70	1431,53
683,90	1515,50
684,09	1484,78
684,29	1474,54
684,48	1468,39
684,68	1480,68
684,88	1456,11
685,07	1445,87
685,27	1433,58
685,46	1478,63
685,66	1425,39
685,85	1437,67
686,05	1437,67
686,25	1445,87
686,44	1402,86
686,64	1443,82
686,83	1449,96
687,03	1507,30
687,22	1296,36
687,42	1431,53
687,61	1400,81
687,81	1366,00
688,01	1423,34
688,20	1439,72
688,40	1439,72
688,59	1423,34
688,79	1460,20
688,98	1439,72
689,18	1458,15
689,37	1533,93
689,57	1517,54
689,76	1486,83
689,96	1456,11
690,15	1417,19
690,35	1425,39
690,54	1482,73
690,74	1411,05
690,94	1314,80
691,13	1538,02
691,33	1419,24
691,52	1341,42
691,72	1531,88
691,91	1423,34
692,11	1466,35
692,30	1441,77
692,50	1490,92
692,69	1474,54
692,89	1472,49
693,08	1435,63
693,28	1462,25
693,47	1466,35
693,67	1562,60
693,86	1361,90
694,06	1433,58
694,25	1470,44
694,45	1439,72
694,64	1425,39
694,84	1429,48
695,03	1449,96
695,23	1454,06
695,42	1452,01
695,62	1435,63
695,81	1458,15
696,01	1470,44
696,20	1292,27
696,40	1400,81
696,59	1499,11
696,78	1468,39
696,98	1460,20
697,17	1368,04
697,37	1392,62
697,56	1417,19
697,76	1474,54
697,95	1474,54
698,15	1427,43
698,34	1474,54
698,54	1400,81
698,73	1515,50
698,93	1388,52
699,12	1417,19
699,32	1427,43
699,51	1495,02
699,70	1349,61
699,90	1439,72
700,09	1525,74
700,29	1380,33
700,48	1345,52
700,68	1445,87
700,87	1388,52
701,07	1419,24
701,26	1445,87
701,45	1314,80
701,65	1406,95
701,84	1370,09
702,04	1390,57
702,23	1351,66
702,43	1304,56
702,62	1449,96
702,81	1327,08
703,01	1466,35
703,20	1445,87
703,40	1361,90
703,59	1429,48
703,79	1447,91
703,98	1484,78
704,17	1409,00
704,37	1425,39
704,56	1351,66
704,76	1409,00
704,95	1390,57
705,14	1359,85
705,34	1435,63
705,53	1402,86
705,73	1384,43
705,92	1492,97
706,11	1507,30
706,31	1355,76
706,50	1431,53
706,70	1447,91
706,89	1441,77
707,08	1495,02
707,28	1527,78
707,47	1499,11
707,67	1452,01
707,86	1454,06
708,05	1478,63
708,25	1427,43
708,44	1499,11
708,64	1417,19
708,83	1425,39
709,02	1406,95
709,22	1363,95
709,41	1380,33
709,60	1378,28
709,80	1468,39
709,99	1363,95
710,19	1386,47
710,38	1339,37
710,57	1302,51
710,77	1468,39
710,96	1388,52
711,15	1402,86
711,35	1429,48
711,54	1402,86
711,73	1386,47
711,93	1384,43
712,12	1452,01
712,31	1447,91
712,51	1396,71
712,70	1429,48
712,89	1343,47
713,09	1429,48
713,28	1335,28
713,48	1392,62
713,67	1345,52
713,86	1437,67
714,06	1417,19
714,25	1388,52
714,44	1433,58
714,64	1454,06
714,83	1359,85
715,02	1400,81
715,22	1531,88
715,41	1435,63
715,60	1415,15
715,79	1443,82
715,99	1419,24
716,18	1462,25
716,37	1366,00
716,57	1445,87
716,76	1484,78
716,95	1443,82
717,15	1443,82
717,34	1390,57
717,53	1372,14
717,73	1429,48
717,92	1406,95
718,11	1484,78
718,31	1394,67
718,50	1443,82
718,69	1339,37
718,88	1484,78
719,08	1427,43
719,27	1411,05
719,46	1513,45
719,66	1427,43
719,85	1386,47
720,04	1441,77
720,23	1380,33
720,43	1370,09
720,62	1419,24
720,81	1388,52
721,01	1439,72
721,20	1486,83
721,39	1443,82
721,58	1392,62
721,78	1427,43
721,97	1433,58
722,16	1458,15
722,35	1431,53
722,55	1374,19
722,74	1472,49
722,93	1497,07
723,13	1447,91
723,32	1484,78
723,51	1349,61
723,70	1363,95
723,90	1447,91
724,09	1441,77
724,28	1374,19
724,47	1382,38
724,67	1384,43
724,86	1390,57
725,05	1374,19
725,24	1394,67
725,44	1396,71
725,63	1396,71
725,82	1353,71
726,01	1294,32
726,21	1380,33
726,40	1390,57
726,59	1435,63
726,78	1361,90
726,97	1445,87
727,17	1447,91
727,36	1390,57
727,55	1423,34
727,74	1449,96
727,94	1460,20
728,13	1480,68
728,32	1333,23
728,51	1413,10
728,70	1435,63
728,90	1384,43
729,09	1411,05
729,28	1396,71
729,47	1363,95
729,66	1368,04
729,86	1415,15
730,05	1394,67
730,24	1458,15
730,43	1456,11
730,63	1396,71
730,82	1486,83
731,01	1320,94
731,20	1441,77
731,39	1449,96
731,58	1476,59
731,78	1368,04
731,97	1421,29
732,16	1404,91
732,35	1556,46
732,54	1437,67
732,74	1486,83
732,93	1425,39
733,12	1386,47
733,31	1402,86
733,50	1368,04
733,69	1411,05
733,89	1484,78
734,08	1443,82
734,27	1454,06
734,46	1458,15
734,65	1427,43
734,84	1388,52
735,04	1368,04
735,23	1468,39
735,42	1460,20
735,61	1402,86
735,80	1396,71
735,99	1384,43
736,19	1386,47
736,38	1445,87
736,57	1511,40
736,76	1339,37
736,95	1409,00
737,14	1421,29
737,33	1390,57
737,53	1468,39
737,72	1357,80
737,91	1411,05
738,10	1452,01
738,29	1396,71
738,48	1376,24
738,67	1423,34
738,87	1458,15
739,06	1318,89
739,25	1476,59
739,44	1392,62
739,63	1445,87
739,82	1480,68
740,01	1425,39
740,20	1380,33
740,40	1425,39
740,59	1386,47
740,78	1462,25
740,97	1359,85
741,16	1521,64
741,35	1527,78
741,54	1497,07
741,73	1357,80
741,92	1368,04
742,12	1521,64
742,31	1437,67
742,50	1427,43
742,69	1376,24
742,88	1431,53
743,07	1503,21
743,26	1390,57
743,45	1460,20
743,64	1425,39
743,83	1427,43
744,02	1413,10
744,22	1368,04
744,41	1411,05
744,60	1415,15
744,79	1458,15
744,98	1509,35
745,17	1382,38
745,36	1386,47
745,55	1437,67
745,74	1417,19
745,93	1462,25
746,12	1439,72
746,31	1499,11
746,50	1355,76
746,70	1357,80
746,89	1370,09
747,08	1347,56
747,27	1390,57
747,46	1372,14
747,65	1474,54
747,84	1511,40
748,03	1411,05
748,22	1419,24
748,41	1521,64
748,60	1435,63
748,79	1382,38
748,98	1390,57
749,17	1433,58
749,36	1419,24
749,55	1402,86
749,74	1488,87
749,93	1519,59
750,12	1341,42
750,31	1366,00
750,50	1402,86
750,70	1499,11
750,89	1538,02
751,08	1605,61
751,27	1417,19
751,46	1351,66
751,65	1447,91
751,84	1521,64
752,03	1292,27
752,22	1425,39
752,41	1439,72
752,60	1359,85
752,79	1419,24
752,98	1484,78
753,17	1382,38
753,36	1521,64
753,55	1449,96
753,74	1382,38
753,93	1492,97
754,12	1388,52
754,31	1480,68
754,50	1484,78
754,69	1458,15
754,88	1445,87
755,07	1406,95
755,26	1359,85
755,45	1329,13
755,64	1484,78
755,83	1460,20
756,02	1454,06
756,21	1423,34
756,40	1492,97
756,59	1357,80
756,78	1462,25
756,97	1560,55
757,16	1435,63
757,35	1505,26
757,54	1429,48
757,72	1429,48
757,91	1409,00
758,10	1417,19
758,29	1359,85
758,48	1425,39
758,67	1439,72
758,86	1488,87
759,05	1497,07
759,24	1462,25
759,43	1439,72
759,62	1404,91
759,81	1484,78
760,00	1484,78
760,19	1409,00
760,38	1415,15
760,57	1495,02
760,76	1384,43
760,95	1501,16
761,14	1456,11
761,33	1445,87
761,52	1406,95
761,70	1431,53
761,89	1390,57
762,08	1437,67
762,27	1406,95
762,46	1415,15
762,65	1472,49
762,84	1415,15
763,03	1357,80
763,22	1462,25
763,41	1423,34
763,60	1507,30
763,79	1443,82
763,98	1415,15
764,16	1380,33
764,35	1472,49
764,54	1376,24
764,73	1570,79
764,92	1519,59
765,11	1525,74
765,30	1470,44
765,49	1349,61
765,68	1517,54
765,87	1505,26
766,06	1411,05
766,24	1415,15
766,43	1476,59
766,62	1464,30
766,81	1400,81
767,00	1492,97
767,19	1427,43
767,38	1492,97
767,57	1404,91
767,76	1415,15
767,94	1507,30
768,13	1382,38
768,32	1447,91
768,51	1439,72
768,70	1435,63
768,89	1570,79
769,08	1396,71
769,27	1443,82
769,45	1421,29
769,64	1507,30
769,83	1439,72
770,02	1382,38
770,21	1447,91
770,40	1456,11
770,59	1378,28
770,77	1513,45
770,96	1443,82
771,15	1409,00
771,34	1476,59
771,53	1517,54
771,72	1466,35
771,91	1351,66
772,09	1351,66
772,28	1490,92
772,47	1447,91
772,66	1460,20
772,85	1466,35
773,04	1468,39
773,22	1433,58
773,41	1476,59
773,60	1456,11
773,79	1488,87
773,98	1505,26
774,17	1427,43
774,35	1431,53
774,54	1443,82
774,73	1435,63
774,92	1554,41
775,11	1466,35
775,30	1578,98
775,48	1398,76
775,67	1474,54
775,86	1423,34
776,05	1554,41
776,24	1439,72
776,42	1462,25
776,61	1488,87
776,80	1425,39
776,99	1452,01
777,18	1501,16
777,36	1429,48
777,55	1437,67
777,74	1449,96
777,93	1488,87
778,12	1468,39
778,30	1517,54
778,49	1468,39
778,68	1456,11
778,87	1499,11
779,06	1501,16
779,24	1445,87
779,43	1400,81
779,62	1361,90
779,81	1523,69
779,99	1429,48
780,18	1472,49
780,37	1454,06
780,56	1521,64
780,75	1441,77
780,93	1546,22
781,12	1423,34
781,31	1480,68
781,50	1443,82
781,68	1374,19
781,87	1421,29
782,06	1355,76
782,25	1478,63
782,43	1449,96
782,62	1445,87
782,81	1468,39
783,00	1460,20
783,18	1325,04
783,37	1517,54
783,56	1466,35
783,75	1464,30
783,93	1488,87
784,12	1429,48
784,31	1492,97
784,50	1525,74
784,68	1460,20
784,87	1501,16
785,06	1511,40
785,24	1390,57
785,43	1458,15
785,62	1501,16
785,81	1566,70
785,99	1386,47
786,18	1406,95
786,37	1386,47
786,56	1396,71
786,74	1454,06
786,93	1449,96
787,12	1495,02
787,30	1517,54
787,49	1433,58
787,68	1396,71
787,87	1474,54
788,05	1388,52
788,24	1417,19
788,43	1452,01
788,61	1464,30
788,80	1439,72
788,99	1394,67
789,17	1460,20
789,36	1423,34
789,55	1482,73
789,73	1370,09
789,92	1368,04
790,11	1476,59
790,30	1419,24
790,48	1398,76
790,67	1472,49
790,86	1464,30
791,04	1523,69
791,23	1525,74
791,42	1443,82
791,60	1398,76
791,79	1482,73
791,98	1433,58
792,16	1478,63
792,35	1478,63
792,54	1402,86
792,72	1509,35
792,91	1507,30
793,10	1400,81
793,28	1421,29
793,47	1458,15
793,66	1497,07
793,84	1396,71
794,03	1351,66
794,22	1474,54
794,40	1357,80
794,59	1484,78
794,77	1370,09
794,96	1404,91
795,15	1452,01
795,33	1394,67
795,52	1492,97
795,71	1400,81
795,89	1333,23
796,08	1472,49
796,27	1464,30
796,45	1400,81
796,64	1376,24
796,82	1458,15
797,01	1423,34
797,20	1456,11
797,38	1413,10
797,57	1396,71
797,76	1452,01
797,94	1503,21
798,13	1470,44
798,31	1411,05
798,50	1423,34
798,69	1458,15
798,87	1423,34
799,06	1398,76
799,24	1378,28
799,43	1441,77
799,62	1431,53
799,80	1431,53
799,99	1570,79
800,17	1449,96
800,36	1484,78
800,55	1411,05
800,73	1404,91
800,92	1286,12
801,10	1351,66
801,29	1413,10
801,48	1445,87
801,66	1458,15
801,85	1306,60
802,03	1390,57
802,22	1499,11
802,40	1472,49
802,59	1382,38
802,78	1394,67
802,96	1404,91
803,15	1445,87
803,33	1351,66
803,52	1433,58
803,70	1452,01
803,89	1406,95
804,08	1427,43
804,26	1406,95
804,45	1380,33
804,63	1439,72
804,82	1419,24
805,00	1406,95
805,19	1452,01
805,37	1435,63
805,56	1413,10
805,74	1480,68
805,93	1466,35
806,12	1452,01
806,30	1417,19
806,49	1382,38
806,67	1388,52
806,86	1482,73
807,04	1429,48
807,23	1445,87
807,41	1357,80
807,60	1394,67
807,78	1445,87
807,97	1673,19
808,15	1427,43
808,34	1441,77
808,52	1435,63
808,71	1415,15
808,89	1505,26
809,08	1390,57
809,27	1406,95
809,45	1347,56
809,64	1413,10
809,82	1472,49
810,01	1411,05
810,19	1521,64
810,38	1296,36
810,56	1415,15
810,75	1398,76
810,93	1449,96
811,12	1327,08
811,30	1411,05
811,49	1468,39
811,67	1398,76
811,85	1535,98
812,04	1447,91
812,22	1425,39
812,41	1429,48
812,59	1462,25
812,78	1406,95
812,96	1413,10
813,15	1374,19
813,33	1427,43
813,52	1458,15
813,70	1439,72
813,89	1460,20
814,07	1437,67
814,26	1507,30
814,44	1458,15
814,63	1413,10
814,81	1413,10
815,00	1298,41
815,18	1509,35
815,36	1462,25
815,55	1366,00
815,73	1400,81
815,92	1417,19
816,10	1435,63
816,29	1460,20
816,47	1333,23
816,66	1363,95
816,84	1517,54
817,02	1437,67
817,21	1437,67
817,39	1472,49
817,58	1411,05
817,76	1423,34
817,95	1400,81
818,13	1466,35
818,32	1413,10
818,50	1396,71
818,68	1429,48
818,87	1462,25
819,05	1417,19
819,24	1431,53
819,42	1378,28
819,60	1404,91
819,79	1404,91
819,97	1359,85
820,16	1363,95
820,34	1431,53
820,53	1384,43
820,71	1419,24
820,89	1392,62
821,08	1423,34
821,26	1384,43
821,45	1314,80
821,63	1388,52
821,81	1429,48
822,00	1456,11
822,18	1396,71
822,37	1501,16
822,55	1392,62
822,73	1392,62
822,92	1503,21
823,10	1404,91
823,28	1351,66
823,47	1464,30
823,65	1392,62
823,84	1419,24
824,02	1433,58
824,20	1382,38
824,39	1519,59
824,57	1433,58
824,75	1466,35
824,94	1435,63
825,12	1490,92
825,31	1484,78
825,49	1464,30
825,67	1447,91
825,86	1409,00
826,04	1464,30
826,22	1460,20
826,41	1466,35
826,59	1472,49
826,77	1427,43
826,96	1392,62
827,14	1394,67
827,32	1409,00
827,51	1390,57
827,69	1492,97
827,87	1443,82
828,06	1529,83
828,24	1394,67
828,42	1462,25
828,61	1478,63
828,79	1421,29
828,97	1359,85
829,16	1497,07
829,34	1460,20
829,52	1468,39
829,71	1454,06
829,89	1429,48
830,07	1376,24
830,26	1486,83
830,44	1458,15
830,62	1470,44
830,81	1466,35
830,99	1425,39
831,17	1460,20
831,36	1470,44
831,54	1484,78
831,72	1431,53
831,91	1454,06
832,09	1452,01
832,27	1386,47
832,45	1388,52
832,64	1431,53
832,82	1488,87
833,00	1406,95
833,19	1347,56
833,37	1402,86
833,55	1423,34
833,73	1417,19
833,92	1437,67
834,10	1345,52
834,28	1529,83
834,47	1437,67
834,65	1490,92
834,83	1464,30
835,01	1421,29
835,20	1413,10
835,38	1435,63
835,56	1380,33
835,74	1501,16
835,93	1433,58
836,11	1535,98
836,29	1445,87
836,47	1513,45
836,66	1355,76
836,84	1449,96
837,02	1452,01
837,21	1517,54
837,39	1366,00
837,57	1486,83
837,75	1437,67
837,94	1396,71
838,12	1472,49
838,30	1404,91
838,48	1374,19
838,66	1427,43
838,85	1460,20
839,03	1396,71
839,21	1423,34
839,39	1376,24
839,58	1409,00
839,76	1396,71
839,94	1437,67
840,12	1454,06
840,31	1419,24
840,49	1423,34
840,67	1486,83
840,85	1411,05
841,03	1437,67
841,22	1378,28
841,40	1513,45
841,58	1454,06
841,76	1404,91
841,94	1409,00
842,13	1509,35
842,31	1439,72
842,49	1456,11
842,67	1372,14
842,85	1449,96
843,04	1472,49
843,22	1460,20
843,40	1406,95
843,58	1505,26
843,76	1413,10
843,95	1392,62
844,13	1363,95
844,31	1456,11
844,49	1398,76
844,67	1464,30
844,86	1374,19
845,04	1507,30
845,22	1437,67
845,40	1318,89
845,58	1441,77
845,76	1425,39
845,95	1452,01
846,13	1425,39
846,31	1464,30
846,49	1474,54
846,67	1454,06
846,85	1368,04
847,04	1474,54
847,22	1413,10
847,40	1404,91
847,58	1409,00
847,76	1488,87
847,94	1456,11
848,12	1531,88
848,31	1419,24
848,49	1394,67
848,67	1484,78
848,85	1400,81
849,03	1501,16
849,21	1503,21
849,39	1415,15
849,58	1445,87
849,76	1392,62
849,94	1460,20
850,12	1341,42
850,30	1517,54
850,48	1447,91
850,66	1464,30
850,84	1470,44
851,03	1447,91
851,21	1458,15
851,39	1409,00
851,57	1406,95
851,75	1423,34
851,93	1437,67
852,11	1458,15
852,29	1439,72
852,47	1515,50
852,66	1476,59
852,84	1378,28
853,02	1478,63
853,20	1525,74
853,38	1382,38
853,56	1533,93
853,74	1478,63
853,92	1425,39
854,10	1478,63
854,28	1392,62
854,46	1376,24
854,65	1411,05
854,83	1417,19
855,01	1484,78
855,19	1433,58
855,37	1431,53
855,55	1466,35
855,73	1482,73
855,91	1421,29
856,09	1497,07
856,27	1452,01
856,45	1488,87
856,63	1411,05
856,81	1384,43
857,00	1501,16
857,18	1447,91
857,36	1421,29
857,54	1474,54
857,72	1474,54
857,90	1517,54
858,08	1521,64
858,26	1452,01
858,44	1447,91
858,62	1535,98
858,80	1419,24
858,98	1574,89
859,16	1437,67
859,34	1409,00
859,52	1452,01
859,70	1554,41
859,88	1449,96
860,06	1402,86
860,24	1363,95
860,42	1392,62
860,60	1476,59
860,78	1480,68
860,96	1492,97
861,14	1419,24
861,32	1472,49
861,50	1447,91
861,69	1411,05
861,87	1415,15
862,05	1466,35
862,23	1396,71
862,41	1540,07
862,59	1390,57
862,77	1503,21
862,95	1396,71
863,13	1443,82
863,31	1499,11
863,49	1419,24
863,67	1527,78
863,85	1327,08
864,03	1437,67
864,21	1505,26
864,39	1437,67
864,57	1509,35
864,75	1411,05
864,92	1533,93
865,10	1503,21
865,28	1441,77
865,46	1437,67
865,64	1482,73
865,82	1437,67
866,00	1406,95
866,18	1466,35
866,36	1386,47
866,54	1495,02
866,72	1470,44
866,90	1462,25
867,08	1439,72
867,26	1447,91
867,44	1429,48
867,62	1452,01
867,80	1419,24
867,98	1456,11
868,16	1492,97
868,34	1519,59
868,52	1452,01
868,70	1380,33
868,88	1452,01
869,06	1378,28
869,24	1464,30
869,42	1384,43
869,59	1382,38
869,77	1478,63
869,95	1435,63
870,13	1386,47
870,31	1402,86
870,49	1425,39
870,67	1470,44
870,85	1439,72
871,03	1517,54
871,21	1497,07
871,39	1593,32
871,57	1404,91
871,75	1437,67
871,92	1447,91
872,10	1361,90
872,28	1406,95
872,46	1423,34
872,64	1484,78
872,82	1552,36
873,00	1441,77
873,18	1492,97
873,36	1374,19
873,54	1431,53
873,72	1390,57
873,89	1472,49
874,07	1439,72
874,25	1550,31
874,43	1476,59
874,61	1480,68
874,79	1458,15
874,97	1484,78
875,15	1554,41
875,33	1486,83
875,50	1439,72
875,68	1447,91
875,86	1538,02
876,04	1452,01
876,22	1478,63
876,40	1394,67
876,58	1370,09
876,76	1449,96
876,93	1480,68
877,11	1378,28
877,29	1441,77
877,47	1507,30
877,65	1484,78
877,83	1521,64
878,01	1474,54
878,18	1413,10
878,36	1478,63
878,54	1415,15
878,72	1406,95
878,90	1443,82
879,08	1482,73
879,25	1503,21
879,43	1384,43
879,61	1386,47
879,79	1462,25
879,97	1425,39
880,15	1466,35
880,32	1456,11
880,50	1619,94
880,68	1462,25
880,86	1501,16
881,04	1517,54
881,22	1452,01
881,39	1492,97
881,57	1562,60
881,75	1452,01
881,93	1464,30
882,11	1458,15
882,28	1476,59
882,46	1359,85
882,64	1521,64
882,82	1429,48
883,00	1519,59
883,18	1474,54
883,35	1480,68
883,53	1488,87
883,71	1460,20
883,89	1447,91
884,07	1404,91
884,24	1519,59
884,42	1443,82
884,60	1357,80
884,78	1462,25
884,95	1441,77
885,13	1478,63
885,31	1480,68
885,49	1345,52
885,67	1454,06
885,84	1437,67
886,02	1411,05
886,20	1417,19
886,38	1484,78
886,55	1490,92
886,73	1382,38
886,91	1396,71
887,09	1456,11
887,26	1462,25
887,44	1525,74
887,62	1417,19
887,80	1337,32
887,98	1406,95
888,15	1409,00
888,33	1425,39
888,51	1447,91
888,69	1490,92
888,86	1374,19
889,04	1503,21
889,22	1441,77
889,39	1501,16
889,57	1370,09
889,75	1435,63
889,93	1445,87
890,10	1413,10
890,28	1427,43
890,46	1447,91
890,64	1505,26
890,81	1415,15
890,99	1384,43
891,17	1462,25
891,34	1531,88
891,52	1380,33
891,70	1370,09
891,88	1390,57
892,05	1490,92
892,23	1486,83
892,41	1509,35
892,58	1382,38
892,76	1548,26
892,94	1425,39
893,12	1454,06
893,29	1511,40
893,47	1386,47
893,65	1433,58
893,82	1447,91
894,00	1501,16
894,18	1423,34
894,35	1398,76
894,53	1435,63
894,71	1562,60
894,89	1497,07
895,06	1464,30
895,24	1431,53
895,42	1454,06
895,59	1497,07
895,77	1425,39
895,95	1400,81
896,12	1480,68
896,30	1441,77
896,48	1472,49
896,65	1447,91
896,83	1396,71
897,01	1378,28
897,18	1458,15
897,36	1460,20
897,54	1439,72
897,71	1521,64
897,89	1449,96
898,07	1372,14
898,24	1374,19
898,42	1458,15
898,59	1509,35
898,77	1384,43
898,95	1366,00
899,12	1484,78
899,30	1357,80
899,48	1427,43
899,65	1431,53
899,83	1396,71
900,01	1388,52
900,18	1443,82
900,36	1390,57
900,53	1363,95
900,71	1456,11
900,89	1505,26
901,06	1470,44
901,24	1417,19
901,42	1449,96
901,59	1404,91
901,77	1466,35
901,94	1499,11
902,12	1472,49
902,30	1456,11
902,47	1406,95
902,65	1333,23
902,82	1435,63
903,00	1523,69
903,18	1413,10
903,35	1396,71
903,53	1341,42
903,70	1435,63
903,88	1394,67
904,06	1507,30
904,23	1470,44
904,41	1406,95
904,58	1404,91
904,76	1447,91
904,93	1505,26
905,11	1413,10
905,29	1552,36
905,46	1396,71
905,64	1550,31
905,81	1419,24
905,99	1445,87
906,16	1464,30
906,34	1435,63
906,52	1443,82
906,69	1447,91
906,87	1488,87
907,04	1413,10
907,22	1445,87
907,39	1486,83
907,57	1480,68
907,75	1548,26
907,92	1425,39
908,10	1509,35
908,27	1368,04
908,45	1445,87
908,62	1404,91
908,80	1359,85
908,97	1456,11
909,15	1472,49
909,32	1382,38
909,50	1437,67
909,67	1439,72
909,85	1415,15
910,03	1353,71
910,20	1411,05
910,38	1355,76
910,55	1472,49
910,73	1431,53
910,90	1380,33
911,08	1429,48
911,25	1480,68
911,43	1458,15
911,60	1370,09
911,78	1384,43
911,95	1456,11
912,13	1411,05
912,30	1480,68
912,48	1519,59
912,65	1413,10
912,83	1488,87
913,00	1431,53
913,18	1386,47
913,35	1417,19
913,53	1386,47
913,70	1501,16
913,88	1470,44
914,05	1488,87
914,23	1421,29
914,40	1443,82
914,58	1415,15
914,75	1456,11
914,93	1394,67
915,10	1421,29
915,27	1433,58
915,45	1423,34
915,62	1378,28
915,80	1441,77
915,97	1441,77
916,15	1480,68
916,32	1578,98
916,50	1490,92
916,67	1384,43
916,85	1411,05
917,02	1476,59
917,20	1470,44
917,37	1421,29
917,54	1576,94
917,72	1388,52
917,89	1456,11
918,07	1472,49
918,24	1404,91
918,42	1409,00
918,59	1357,80
918,77	1474,54
918,94	1476,59
919,11	1423,34
919,29	1366,00
919,46	1415,15
919,64	1484,78
919,81	1396,71
919,99	1409,00
920,16	1509,35
920,33	1441,77
920,51	1419,24
920,68	1390,57
920,86	1441,77
921,03	1466,35
921,20	1458,15
921,38	1505,26
921,55	1492,97
921,73	1421,29
921,90	1464,30
922,07	1515,50
922,25	1460,20
922,42	1468,39
922,60	1452,01
922,77	1484,78
922,94	1458,15
923,12	1439,72
923,29	1466,35
923,47	1345,52
923,64	1411,05
923,81	1509,35
923,99	1447,91
924,16	1478,63
924,34	1386,47
924,51	1521,64
924,68	1464,30
924,86	1347,56
925,03	1449,96
925,20	1503,21
925,38	1486,83
925,55	1449,96
925,72	1394,67
925,90	1423,34
926,07	1425,39
926,25	1476,59
926,42	1511,40
926,59	1482,73
926,77	1435,63
926,94	1486,83
927,11	1441,77
927,29	1570,79
927,46	1462,25
927,63	1507,30
927,81	1445,87
927,98	1490,92
928,15	1509,35
928,33	1501,16
928,50	1443,82
928,67	1540,07
928,85	1363,95
929,02	1386,47
929,19	1470,44
929,37	1425,39
929,54	1417,19
929,71	1554,41
929,89	1458,15
930,06	1484,78
930,23	1554,41
930,41	1437,67
930,58	1411,05
930,75	1464,30
930,92	1419,24
931,10	1449,96
931,27	1443,82
931,44	1476,59
931,62	1390,57
931,79	1456,11
931,96	1419,24
932,14	1447,91
932,31	1423,34
932,48	1419,24
932,65	1452,01
932,83	1523,69
933,00	1443,82
933,17	1476,59
933,35	1439,72
933,52	1499,11
933,69	1501,16
933,86	1566,70
934,04	1415,15
934,21	1511,40
934,38	1480,68
934,55	1431,53
934,73	1406,95
934,90	1445,87
935,07	1478,63
935,25	1560,55
935,42	1374,19
935,59	1449,96
935,76	1347,56
935,94	1456,11
936,11	1470,44
936,28	1497,07
936,45	1413,10
936,63	1476,59
936,80	1435,63
936,97	1404,91
937,14	1484,78
937,31	1513,45
937,49	1466,35
937,66	1486,83
937,83	1378,28
938,00	1488,87
938,18	1548,26
938,35	1486,83
938,52	1507,30
938,69	1513,45
938,87	1431,53
939,04	1439,72
939,21	1433,58
939,38	1476,59
939,55	1398,76
939,73	1484,78
939,90	1406,95
940,07	1400,81
940,24	1431,53
940,41	1449,96
940,59	1433,58
940,76	1431,53
940,93	1443,82
941,10	1431,53
941,27	1419,24
941,45	1468,39
941,62	1400,81
941,79	1443,82
941,96	1527,78
942,13	1490,92
942,31	1390,57
942,48	1558,50
942,65	1462,25
942,82	1435,63
942,99	1456,11
943,16	1476,59
943,34	1480,68
943,51	1490,92
943,68	1425,39
943,85	1366,00
944,02	1460,20
944,19	1411,05
944,37	1452,01
944,54	1484,78
944,71	1443,82
944,88	1523,69
945,05	1460,20
945,22	1413,10
945,40	1439,72
945,57	1478,63
945,74	1363,95
945,91	1351,66
946,08	1570,79
946,25	1462,25
946,42	1439,72
946,60	1454,06
946,77	1488,87
946,94	1443,82
947,11	1449,96
947,28	1486,83
947,45	1466,35
947,62	1464,30
947,79	1394,67
947,97	1495,02
948,14	1574,89
948,31	1466,35
948,48	1449,96
948,65	1435,63
948,82	1357,80
948,99	1521,64
949,16	1454,06
949,33	1427,43
949,51	1535,98
949,68	1439,72
949,85	1503,21
950,02	1464,30
950,19	1478,63
950,36	1488,87
950,53	1466,35
950,70	1433,58
950,87	1554,41
951,04	1452,01
951,22	1519,59
951,39	1499,11
951,56	1447,91
951,73	1482,73
951,90	1501,16
952,07	1519,59
952,24	1343,47
952,41	1521,64
952,58	1437,67
952,75	1435,63
952,92	1437,67
953,09	1460,20
953,26	1411,05
953,43	1396,71
953,61	1497,07
953,78	1478,63
953,95	1439,72
954,12	1443,82
954,29	1423,34
954,46	1443,82
954,63	1413,10
954,80	1546,22
954,97	1388,52
955,14	1515,50
955,31	1476,59
955,48	1402,86
955,65	1380,33
955,82	1449,96
955,99	1509,35
956,16	1497,07
956,33	1513,45
956,50	1447,91
956,67	1456,11
956,84	1396,71
957,01	1470,44
957,18	1486,83
957,35	1466,35
957,52	1452,01
957,69	1452,01
957,86	1423,34
958,03	1374,19
958,20	1497,07
958,37	1380,33
958,54	1464,30
958,71	1406,95
958,88	1513,45
959,05	1417,19
959,22	1466,35
959,39	1390,57
959,56	1357,80
959,73	1454,06
959,90	1466,35
960,07	1404,91
960,24	1454,06
960,41	1488,87
960,58	1515,50
960,75	1427,43
960,92	1482,73
961,09	1392,62
961,26	1443,82
961,43	1449,96
961,60	1441,77
961,77	1474,54
961,94	1351,66
962,11	1288,17
962,28	1495,02
962,45	1411,05
962,62	1480,68
962,79	1439,72
962,96	1482,73
963,13	1456,11
963,30	1501,16
963,47	1439,72
963,64	1394,67
963,81	1538,02
963,98	1406,95
964,14	1376,24
964,31	1488,87
964,48	1486,83
964,65	1460,20
964,82	1433,58
964,99	1515,50
965,16	1413,10
965,33	1437,67
965,50	1478,63
965,67	1466,35
965,84	1402,86
966,01	1406,95
966,18	1415,15
966,35	1423,34
966,51	1378,28
966,68	1484,78
966,85	1433,58
967,02	1388,52
967,19	1460,20
967,36	1439,72
967,53	1433,58
967,70	1497,07
967,87	1454,06
968,04	1521,64
968,21	1413,10
968,37	1449,96
968,54	1376,24
968,71	1370,09
968,88	1460,20
969,05	1409,00
969,22	1402,86
969,39	1454,06
969,56	1372,14
969,72	1386,47
969,89	1445,87
970,06	1470,44
970,23	1366,00
970,40	1470,44
970,57	1392,62
970,74	1415,15
970,91	1433,58
971,07	1406,95
971,24	1458,15
971,41	1468,39
971,58	1400,81
971,75	1447,91
971,92	1423,34
972,09	1443,82
972,25	1435,63
972,42	1394,67
972,59	1378,28
972,76	1472,49
972,93	1406,95
973,10	1460,20
973,27	1413,10
973,43	1329,13
973,60	1411,05
973,77	1478,63
973,94	1417,19
974,11	1406,95
974,28	1474,54
974,44	1386,47
974,61	1472,49
974,78	1462,25
974,95	1396,71
975,12	1411,05
975,28	1454,06
975,45	1447,91
975,62	1460,20
975,79	1333,23
975,96	1368,04
976,12	1527,78
976,29	1562,60
976,46	1429,48
976,63	1427,43
976,80	1357,80
976,96	1368,04
977,13	1470,44
977,30	1447,91
977,47	1347,56
977,64	1443,82
977,80	1409,00
977,97	1443,82
978,14	1386,47
978,31	1429,48
978,48	1427,43
978,64	1462,25
978,81	1386,47
978,98	1417,19
979,15	1349,61
979,31	1578,98
979,48	1542,12
979,65	1380,33
979,82	1517,54
979,98	1390,57
980,15	1488,87
980,32	1501,16
980,49	1425,39
980,66	1329,13
980,82	1464,30
980,99	1484,78
981,16	1345,52
981,33	1347,56
981,49	1509,35
981,66	1443,82
981,83	1320,94
981,99	1392,62
982,16	1363,95
982,33	1460,20
982,50	1431,53
982,66	1452,01
982,83	1421,29
983,00	1431,53
983,17	1402,86
983,33	1454,06
983,50	1415,15
983,67	1423,34
983,83	1533,93
984,00	1374,19
984,17	1490,92
984,34	1490,92
984,50	1400,81
984,67	1402,86
984,84	1417,19
985,00	1382,38
985,17	1423,34
985,34	1380,33
985,51	1439,72
985,67	1378,28
985,84	1462,25
986,01	1382,38
986,17	1343,47
986,34	1452,01
986,51	1378,28
986,67	1368,04
986,84	1390,57
987,01	1361,90
987,17	1474,54
987,34	1372,14
987,51	1415,15
987,67	1492,97
987,84	1419,24
988,01	1398,76
988,17	1400,81
988,34	1333,23
988,51	1355,76
988,67	1431,53
988,84	1460,20
989,01	1472,49
989,17	1335,28
989,34	1429,48
989,51	1400,81
989,67	1415,15
989,84	1411,05
990,01	1382,38
990,17	1490,92
990,34	1382,38
990,51	1456,11
990,67	1288,17
990,84	1343,47
991,01	1394,67
991,17	1361,90
991,34	1357,80
991,50	1370,09
991,67	1349,61
991,84	1361,90
992,00	1435,63
992,17	1394,67
992,34	1466,35
992,50	1456,11
992,67	1437,67
992,83	1396,71
993,00	1449,96
993,17	1441,77
993,33	1505,26
993,50	1425,39
993,66	1417,19
993,83	1435,63
994,00	1378,28
994,16	1458,15
994,33	1413,10
994,49	1441,77
994,66	1390,57
994,83	1515,50
994,99	1415,15
995,16	1431,53
995,32	1396,71
995,49	1374,19
995,66	1466,35
995,82	1425,39
995,99	1386,47
996,15	1409,00
996,32	1382,38
996,48	1374,19
996,65	1345,52
996,82	1372,14
996,98	1382,38
997,15	1415,15
997,31	1398,76
997,48	1355,76
997,64	1331,18
997,81	1470,44
997,97	1333,23
998,14	1419,24
998,31	1468,39
998,47	1380,33
998,64	1554,41
998,80	1433,58
998,97	1396,71
999,13	1495,02
999,30	1458,15
999,46	1382,38
999,63	1349,61
999,79	1464,30
999,96	1529,83
1000,12	1427,43
1000,29	1433,58
1000,45	1445,87
1000,62	1372,14
1000,79	1480,68
1000,95	1437,67
1001,12	1402,86
1001,28	1476,59
1001,45	1423,34
1001,61	1464,30
1001,78	1472,49
1001,94	1409,00
1002,11	1427,43
1002,27	1464,30
1002,44	1439,72
1002,60	1388,52
1002,77	1449,96
1002,93	1476,59
1003,10	1456,11
1003,26	1392,62
1003,43	1495,02
1003,59	1462,25
1003,76	1366,00
1003,92	1400,81
1004,09	1437,67
1004,25	1423,34
1004,41	1468,39
1004,58	1503,21
1004,74	1417,19
1004,91	1445,87
1005,07	1445,87
1005,24	1466,35
1005,40	1427,43
1005,57	1343,47
1005,73	1460,20
1005,90	1441,77
1006,06	1339,37
1006,23	1484,78
1006,39	1396,71
1006,55	1376,24
1006,72	1394,67
1006,88	1353,71
1007,05	1419,24
1007,21	1437,67
1007,38	1363,95
1007,54	1392,62
1007,71	1400,81
1007,87	1374,19
1008,03	1445,87
1008,20	1404,91
1008,36	1402,86
1008,53	1466,35
1008,69	1394,67
1008,86	1456,11
1009,02	1431,53
1009,18	1454,06
1009,35	1396,71
1009,51	1366,00
1009,68	1411,05
1009,84	1398,76
1010,01	1382,38
1010,17	1327,08
1010,33	1441,77
1010,50	1443,82
1010,66	1433,58
1010,83	1349,61
1010,99	1474,54
1011,15	1388,52
1011,32	1409,00
1011,48	1441,77
1011,65	1478,63
1011,81	1386,47
1011,97	1368,04
1012,14	1425,39
1012,30	1431,53
1012,46	1396,71
1012,63	1384,43
1012,79	1445,87
1012,96	1435,63
1013,12	1374,19
1013,28	1380,33
1013,45	1345,52
1013,61	1378,28
1013,77	1394,67
1013,94	1394,67
1014,10	1452,01
1014,26	1384,43
1014,43	1400,81
1014,59	1409,00
1014,76	1452,01
1014,92	1595,37
1015,08	1370,09
1015,25	1372,14
1015,41	1421,29
1015,57	1443,82
1015,74	1372,14
1015,90	1345,52
1016,06	1452,01
1016,23	1472,49
1016,39	1370,09
1016,55	1456,11
1016,72	1366,00
1016,88	1382,38
1017,04	1361,90
1017,21	1355,76
1017,37	1349,61
1017,53	1404,91
1017,70	1464,30
1017,86	1439,72
1018,02	1370,09
1018,19	1402,86
1018,35	1400,81
1018,51	1398,76
1018,67	1419,24
1018,84	1353,71
1019,00	1335,28
1019,16	1441,77
1019,33	1415,15
1019,49	1445,87
1019,65	1384,43
1019,82	1363,95
1019,98	1423,34
1020,14	1437,67
1020,30	1470,44
1020,47	1349,61
1020,63	1402,86
1020,79	1347,56
1020,96	1347,56
1021,12	1409,00
1021,28	1388,52
1021,44	1437,67
1021,61	1454,06
1021,77	1333,23
1021,93	1394,67
1022,09	1419,24
1022,26	1431,53
1022,42	1427,43
1022,58	1466,35
1022,74	1404,91
1022,91	1396,71
1023,07	1398,76
1023,23	1382,38
1023,39	1441,77
1023,56	1300,46
1023,72	1581,03
1023,88	1396,71
1024,04	1409,00
1024,21	1396,71
1024,37	1447,91
1024,53	1417,19
1024,69	1388,52
1024,86	1441,77
1025,02	1452,01
1025,18	1386,47
1025,34	1357,80
1025,50	1488,87
1025,67	1388,52
1025,83	1363,95
1025,99	1501,16
1026,15	1509,35
1026,32	1443,82
1026,48	1370,09
1026,64	1386,47
1026,80	1468,39
1026,96	1466,35
1027,13	1437,67
1027,29	1431,53
1027,45	1343,47
1027,61	1400,81
1027,77	1406,95
1027,94	1449,96
1028,10	1380,33
1028,26	1363,95
1028,42	1419,24
1028,58	1325,04
1028,75	1349,61
1028,91	1398,76
1029,07	1447,91
1029,23	1402,86
1029,39	1468,39
1029,55	1447,91
1029,72	1380,33
1029,88	1464,30
1030,04	1433,58
1030,20	1458,15
1030,36	1355,76
1030,52	1372,14
1030,69	1437,67
1030,85	1509,35
1031,01	1318,89
1031,17	1456,11
1031,33	1378,28
1031,49	1429,48
1031,65	1361,90
1031,82	1456,11
1031,98	1370,09
1032,14	1421,29
1032,30	1431,53
1032,46	1431,53
1032,62	1429,48
1032,78	1482,73
1032,95	1415,15
1033,11	1443,82
1033,27	1302,51
1033,43	1413,10
1033,59	1398,76
1033,75	1400,81
1033,91	1357,80
1034,07	1505,26
1034,24	1433,58
1034,40	1386,47
1034,56	1398,76
1034,72	1374,19
1034,88	1378,28
1035,04	1456,11
1035,20	1349,61
1035,36	1386,47
1035,52	1415,15
1035,68	1366,00
1035,85	1394,67
1036,01	1384,43
1036,17	1435,63
1036,33	1435,63
1036,49	1443,82
1036,65	1435,63
1036,81	1454,06
1036,97	1415,15
1037,13	1386,47
1037,29	1325,04
1037,45	1443,82
1037,61	1447,91
1037,78	1368,04
1037,94	1423,34
1038,10	1462,25
1038,26	1437,67
1038,42	1380,33
1038,58	1431,53
1038,74	1353,71
1038,90	1380,33
1039,06	1439,72
1039,22	1355,76
1039,38	1359,85
1039,54	1394,67
1039,70	1366,00
1039,86	1431,53
1040,02	1380,33
1040,18	1445,87
1040,34	1437,67
1040,50	1404,91
1040,66	1476,59
1040,83	1419,24
1040,99	1343,47
1041,15	1544,17
1041,31	1378,28
1041,47	1411,05
1041,63	1435,63
1041,79	1429,48
1041,95	1480,68
1042,11	1374,19
1042,27	1368,04
1042,43	1417,19
1042,59	1320,94
1042,75	1415,15
1042,91	1413,10
