344,25	1189,87
344,46	1189,87
344,68	1189,87
344,90	1226,73
345,12	1374,19
345,34	1398,76
345,55	1468,39
345,77	1386,47
345,99	1368,04
346,21	1392,62
346,42	1396,71
346,64	1411,05
346,86	1380,33
347,08	1447,91
347,30	1400,81
347,51	1320,94
347,73	1372,14
347,95	1509,35
348,17	1366,00
348,38	1370,09
348,60	1374,19
348,82	1384,43
349,04	1421,29
349,25	1482,73
349,47	1488,87
349,69	1429,48
349,91	1525,74
350,13	1425,39
350,34	1421,29
350,56	1404,91
350,78	1462,25
351,00	1427,43
351,21	1445,87
351,43	1425,39
351,65	1310,70
351,87	1390,57
352,08	1382,38
352,30	1454,06
352,52	1431,53
352,74	1468,39
352,95	1388,52
353,17	1396,71
353,39	1325,04
353,61	1431,53
353,82	1452,01
354,04	1482,73
354,26	1406,95
354,47	1316,84
354,69	1409,00
354,91	1413,10
355,13	1357,80
355,34	1427,43
355,56	1372,14
355,78	1470,44
356,00	1548,26
356,21	1341,42
356,43	1398,76
356,65	1419,24
356,86	1419,24
357,08	1429,48
357,30	1437,67
357,52	1456,11
357,73	1433,58
357,95	1449,96
358,17	1370,09
358,38	1468,39
358,60	1394,67
358,82	1394,67
359,04	1456,11
359,25	1535,98
359,47	1484,78
359,69	1423,34
359,90	1349,61
360,12	1460,20
360,34	1470,44
360,56	1462,25
360,77	1585,13
360,99	1472,49
361,21	1460,20
361,42	1415,15
361,64	1433,58
361,86	1521,64
362,07	1562,60
362,29	1480,68
362,51	1458,15
362,73	1460,20
362,94	1413,10
363,16	1474,54
363,38	1445,87
363,59	1533,93
363,81	1404,91
364,03	1546,22
364,24	1562,60
364,46	1525,74
364,68	1529,83
364,89	1406,95
365,11	1538,02
365,33	1542,12
365,54	1427,43
365,76	1507,30
365,98	1521,64
366,19	1560,55
366,41	1665,00
366,63	1484,78
366,84	1490,92
367,06	1482,73
367,28	1544,17
367,49	1486,83
367,71	1595,37
367,93	1462,25
368,14	1587,18
368,36	1445,87
368,58	1544,17
368,79	1484,78
369,01	1546,22
369,23	1599,46
369,44	1495,02
369,66	1486,83
369,88	1490,92
370,09	1490,92
370,31	1441,77
370,53	1566,70
370,74	1511,40
370,96	1519,59
371,18	1492,97
371,39	1482,73
371,61	1490,92
371,82	1552,36
372,04	1513,45
372,26	1550,31
372,47	1464,30
372,69	1454,06
372,91	1478,63
373,12	1499,11
373,34	1466,35
373,56	1452,01
373,77	1521,64
373,99	1454,06
374,20	1472,49
374,42	1533,93
374,64	1542,12
374,85	1406,95
375,07	1468,39
375,29	1501,16
375,50	1476,59
375,72	1382,38
375,93	1464,30
376,15	1511,40
376,37	1449,96
376,58	1447,91
376,80	1501,16
377,01	1390,57
377,23	1544,17
377,45	1497,07
377,66	1497,07
377,88	1470,44
378,10	1517,54
378,31	1495,02
378,53	1542,12
378,74	1476,59
378,96	1456,11
379,18	1456,11
379,39	1425,39
379,61	1417,19
379,82	1482,73
380,04	1523,69
380,26	1466,35
380,47	1441,77
380,69	1454,06
380,90	1462,25
381,12	1466,35
381,33	1433,58
381,55	1406,95
381,77	1507,30
381,98	1406,95
382,20	1441,77
382,41	1425,39
382,63	1394,67
382,85	1437,67
383,06	1499,11
383,28	1513,45
383,49	1449,96
383,71	1476,59
383,92	1417,19
384,14	1433,58
384,36	1339,37
384,57	1464,30
384,79	1421,29
385,00	1398,76
385,22	1411,05
385,43	1388,52
385,65	1497,07
385,87	1482,73
386,08	1388,52
386,30	1478,63
386,51	1443,82
386,73	1447,91
386,94	1386,47
387,16	1449,96
387,37	1556,46
387,59	1402,86
387,81	1386,47
388,02	1468,39
388,24	1456,11
388,45	1390,57
388,67	1376,24
388,88	1521,64
389,10	1390,57
389,31	1478,63
389,53	1456,11
389,75	1454,06
389,96	1460,20
390,18	1441,77
390,39	1452,01
390,61	1503,21
390,82	1521,64
391,04	1454,06
391,25	1384,43
391,47	1402,86
391,68	1441,77
391,90	1542,12
392,11	1482,73
392,33	1454,06
392,54	1445,87
392,76	1488,87
392,97	1439,72
393,19	1511,40
393,41	1441,77
393,62	1443,82
393,84	1546,22
394,05	1517,54
394,27	1464,30
394,48	1476,59
394,70	1519,59
394,91	1538,02
395,13	1413,10
395,34	1509,35
395,56	1415,15
395,77	1492,97
395,99	1382,38
396,20	1515,50
396,42	1402,86
396,63	1472,49
396,85	1441,77
397,06	1535,98
397,28	1443,82
397,49	1386,47
397,71	1380,33
397,92	1441,77
398,14	1509,35
398,35	1576,94
398,57	1462,25
398,78	1462,25
399,00	1513,45
399,21	1437,67
399,43	1419,24
399,64	1456,11
399,86	1411,05
400,07	1538,02
400,29	1519,59
400,50	1497,07
400,72	1445,87
400,93	1624,04
401,14	1482,73
401,36	1435,63
401,57	1466,35
401,79	1544,17
402,00	1552,36
402,22	1503,21
402,43	1538,02
402,65	1525,74
402,86	1462,25
403,08	1525,74
403,29	1503,21
403,51	1550,31
403,72	1484,78
403,94	1456,11
404,15	1472,49
404,36	1517,54
404,58	1779,68
404,79	1480,68
405,01	1556,46
405,22	1474,54
405,44	1298,41
405,65	1531,88
405,87	1468,39
406,08	1544,17
406,30	1449,96
406,51	1490,92
406,72	1525,74
406,94	1472,49
407,15	1501,16
407,37	1517,54
407,58	1460,20
407,80	1480,68
408,01	1441,77
408,23	1447,91
408,44	1480,68
408,65	1486,83
408,87	1503,21
409,08	1501,16
409,30	1603,56
409,51	1462,25
409,73	1423,34
409,94	1396,71
410,15	1574,89
410,37	1488,87
410,58	1443,82
410,80	1531,88
411,01	1378,28
411,23	1521,64
411,44	1423,34
411,65	1642,47
411,87	1542,12
412,08	1511,40
412,30	1548,26
412,51	1472,49
412,72	1495,02
412,94	1576,94
413,15	1472,49
413,37	1486,83
413,58	1486,83
413,79	1490,92
414,01	1507,30
414,22	1525,74
414,44	1470,44
414,65	1578,98
414,86	1466,35
415,08	1454,06
415,29	1513,45
415,51	1445,87
415,72	1542,12
415,93	1445,87
416,15	1472,49
416,36	1542,12
416,58	1509,35
416,79	1501,16
417,00	1435,63
417,22	1431,53
417,43	1482,73
417,65	1456,11
417,86	1466,35
418,07	1507,30
418,29	1486,83
418,50	1482,73
418,71	1419,24
418,93	1433,58
419,14	1427,43
419,36	1402,86
419,57	1513,45
419,78	1531,88
420,00	1402,86
420,21	1466,35
420,42	1417,19
420,64	1476,59
420,85	1525,74
421,06	1447,91
421,28	1423,34
421,49	1441,77
421,71	1640,42
421,92	1482,73
422,13	1447,91
422,35	1572,84
422,56	1470,44
422,77	1556,46
422,99	1587,18
423,20	1488,87
423,41	1474,54
423,63	1525,74
423,84	1497,07
424,05	1499,11
424,27	1468,39
424,48	1540,07
424,69	1460,20
424,91	1699,81
425,12	1423,34
425,33	1525,74
425,55	1480,68
425,76	1429,48
425,97	1486,83
426,19	1593,32
426,40	1456,11
426,61	1544,17
426,83	1546,22
427,04	1509,35
427,25	1490,92
427,47	1646,57
427,68	1409,00
427,89	1490,92
428,11	1488,87
428,32	1511,40
428,53	1517,54
428,75	1501,16
428,96	1595,37
429,17	1513,45
429,39	1509,35
429,60	1429,48
429,81	1527,78
430,03	1527,78
430,24	1523,69
430,45	1538,02
430,67	1542,12
430,88	1542,12
431,09	1533,93
431,30	1486,83
431,52	1513,45
431,73	1445,87
431,94	1540,07
432,16	1566,70
432,37	1533,93
432,58	1552,36
432,80	1462,25
433,01	1642,47
433,22	1517,54
433,43	1566,70
433,65	1431,53
433,86	1406,95
434,07	1433,58
434,29	1437,67
434,50	1480,68
434,71	1533,93
434,92	1595,37
435,14	1454,06
435,35	1517,54
435,56	1497,07
435,77	1466,35
435,99	1533,93
436,20	1529,83
436,41	1474,54
436,63	1482,73
436,84	1439,72
437,05	1421,29
437,26	1513,45
437,48	1501,16
437,69	1507,30
437,90	1472,49
438,11	1490,92
438,33	1576,94
438,54	1529,83
438,75	1427,43
438,96	1535,98
439,18	1507,30
439,39	1556,46
439,60	1460,20
439,82	1505,26
440,03	1435,63
440,24	1583,08
440,45	1392,62
440,67	1535,98
440,88	1466,35
441,09	1546,22
441,30	1462,25
441,51	1525,74
441,73	1398,76
441,94	1427,43
442,15	1439,72
442,36	1554,41
442,58	1445,87
442,79	1513,45
443,00	1538,02
443,21	1615,85
443,43	1550,31
443,64	1527,78
443,85	1544,17
444,06	1527,78
444,28	1540,07
444,49	1527,78
444,70	1429,48
444,91	1505,26
445,12	1562,60
445,34	1501,16
445,55	1589,22
445,76	1535,98
445,97	1525,74
446,18	1507,30
446,40	1533,93
446,61	1507,30
446,82	1476,59
447,03	1531,88
447,25	1503,21
447,46	1452,01
447,67	1554,41
447,88	1464,30
448,09	1515,50
448,31	1533,93
448,52	1517,54
448,73	1589,22
448,94	1515,50
449,15	1535,98
449,37	1550,31
449,58	1488,87
449,79	1562,60
450,00	1677,29
450,21	1402,86
450,43	1521,64
450,64	1388,52
450,85	1488,87
451,06	1630,18
451,27	1599,46
451,48	1497,07
451,70	1476,59
451,91	1486,83
452,12	1628,14
452,33	1529,83
452,54	1503,21
452,76	1589,22
452,97	1535,98
453,18	1581,03
453,39	1585,13
453,60	1513,45
453,81	1554,41
454,03	1525,74
454,24	1554,41
454,45	1507,30
454,66	1517,54
454,87	1587,18
455,08	1499,11
455,30	1603,56
455,51	1597,42
455,72	1550,31
455,93	1540,07
456,14	1544,17
456,35	1515,50
456,56	1581,03
456,78	1572,84
456,99	1558,50
457,20	1617,90
457,41	1525,74
457,62	1605,61
457,83	1619,94
458,04	1458,15
458,26	1490,92
458,47	1597,42
458,68	1578,98
458,89	1611,75
459,10	1454,06
459,31	1574,89
459,52	1558,50
459,74	1529,83
459,95	1525,74
460,16	1574,89
460,37	1607,66
460,58	1619,94
460,79	1482,73
461,00	1636,33
461,21	1513,45
461,43	1535,98
461,64	1533,93
461,85	1550,31
462,06	1538,02
462,27	1525,74
462,48	1560,55
462,69	1589,22
462,90	1556,46
463,12	1603,56
463,33	1601,51
463,54	1505,26
463,75	1572,84
463,96	1544,17
464,17	1554,41
464,38	1607,66
464,59	1548,26
464,80	1538,02
465,01	1576,94
465,23	1495,02
465,44	1535,98
465,65	1546,22
465,86	1566,70
466,07	1484,78
466,28	1517,54
466,49	1499,11
466,70	1591,27
466,91	1607,66
467,12	1589,22
467,33	1630,18
467,55	1548,26
467,76	1562,60
467,97	1513,45
468,18	1642,47
468,39	1570,79
468,60	1665,00
468,81	1615,85
469,02	1632,23
469,23	1533,93
469,44	1509,35
469,65	1486,83
469,86	1515,50
470,07	1531,88
470,29	1634,28
470,50	1570,79
470,71	1587,18
470,92	1617,90
471,13	1585,13
471,34	1587,18
471,55	1548,26
471,76	1593,32
471,97	1531,88
472,18	1578,98
472,39	1581,03
472,60	1693,67
472,81	1701,86
473,02	1603,56
473,23	1662,95
473,44	1587,18
473,65	1544,17
473,87	1556,46
474,08	1638,38
474,29	1642,47
474,50	1611,75
474,71	1521,64
474,92	1697,77
475,13	1613,80
475,34	1652,71
475,55	1697,77
475,76	1626,09
475,97	1755,11
476,18	1570,79
476,39	1595,37
476,60	1587,18
476,81	1619,94
477,02	1675,24
477,23	1615,85
477,44	1591,27
477,65	1644,52
477,86	1628,14
478,07	1708,01
478,28	1617,90
478,49	1619,94
478,70	1718,25
478,91	1687,53
479,12	1535,98
479,33	1554,41
479,54	1630,18
479,75	1740,77
479,96	1638,38
480,17	1576,94
480,38	1697,77
480,59	1634,28
480,80	1714,15
481,01	1699,81
481,22	1705,96
481,43	1652,71
481,64	1726,44
481,85	1650,66
482,06	1634,28
482,27	1609,70
482,48	1773,54
482,69	1689,57
482,90	1585,13
483,11	1787,88
483,32	1718,25
483,53	1691,62
483,74	1781,73
483,95	1685,48
484,16	1679,33
484,37	1570,79
484,58	1757,16
484,79	1695,72
485,00	1757,16
485,21	1665,00
485,42	1769,44
485,63	1859,56
485,84	1673,19
486,05	1695,72
486,26	1652,71
486,47	1726,44
486,68	1753,06
486,89	1726,44
487,10	1701,86
487,31	1763,30
487,52	1677,29
487,73	1673,19
487,94	1800,16
488,15	1789,92
488,36	1810,40
488,57	1609,70
488,77	1718,25
488,98	1765,35
489,19	1771,49
489,40	1753,06
489,61	1732,58
489,82	1722,34
490,03	1818,60
490,24	1748,97
490,45	1777,64
490,66	1800,16
490,87	1832,93
491,08	1734,63
491,29	1679,33
491,50	1744,87
491,71	1755,11
491,92	1691,62
492,13	1830,88
492,33	1744,87
492,54	1771,49
492,75	1708,01
492,96	1757,16
493,17	1744,87
493,38	1708,01
493,59	1705,96
493,80	1865,70
494,01	1773,54
494,22	1746,92
494,43	1703,91
494,64	1716,20
494,85	1828,84
495,05	1812,45
495,26	1859,56
495,47	1812,45
495,68	1839,08
495,89	1894,37
496,10	1763,30
496,31	1830,88
496,52	1822,69
496,73	1896,42
496,94	1771,49
497,15	1929,19
497,35	1839,08
497,56	1855,46
497,77	1761,25
497,98	1857,51
498,19	1865,70
498,40	1902,56
498,61	1982,43
498,82	1773,54
499,03	1783,78
499,23	1863,65
499,44	1912,80
499,65	1886,18
499,86	1880,04
500,07	1945,57
500,28	1853,41
500,49	1964,00
500,70	1867,75
500,91	1900,52
501,11	1875,94
501,32	1935,33
501,53	1896,42
501,74	1902,56
501,95	1916,90
502,16	1896,42
502,37	1892,32
502,57	1937,38
502,78	1929,19
502,99	1918,95
503,20	1867,75
503,41	1877,99
503,62	1935,33
503,83	2033,63
504,03	1929,19
504,24	1900,52
504,45	1955,81
504,66	1966,05
504,87	1955,81
505,08	1949,67
505,29	1931,23
505,49	1882,08
505,70	1951,71
505,91	2019,30
506,12	1976,29
506,33	1961,95
506,54	1882,08
506,75	2025,44
506,95	1920,99
507,16	1992,67
507,37	1914,85
507,58	2007,01
507,79	1959,91
508,00	2004,96
508,20	1937,38
508,41	1937,38
508,62	1968,10
508,83	2058,21
509,04	1961,95
509,24	1929,19
509,45	2232,29
509,66	2037,73
509,87	2007,01
510,08	1966,05
510,29	1980,39
510,49	2119,65
510,70	1920,99
510,91	2086,88
511,12	1978,34
511,33	2025,44
511,53	1980,39
511,74	1988,58
511,95	2023,39
512,16	2017,25
512,37	1996,77
512,57	1964,00
512,78	1916,90
512,99	2002,91
513,20	2035,68
513,41	2088,93
513,61	1961,95
513,82	2041,82
514,03	1961,95
514,24	2095,07
514,45	2027,49
514,65	1970,15
514,86	1953,76
515,07	2058,21
515,28	1953,76
515,49	2041,82
515,69	1986,53
515,90	1968,10
516,11	1941,47
516,32	2088,93
516,52	1957,86
516,73	2064,35
516,94	2127,84
517,15	2064,35
517,36	2027,49
517,56	2156,51
517,77	2009,06
517,98	2047,97
518,19	1966,05
518,39	1996,77
518,60	1970,15
518,81	2062,30
519,02	1931,23
519,22	2025,44
519,43	1947,62
519,64	1992,67
519,85	1896,42
520,05	1980,39
520,26	2011,11
520,47	2105,31
520,68	1890,28
520,88	2090,98
521,09	2000,87
521,30	2080,74
521,51	1916,90
521,71	2088,93
521,92	2000,87
522,13	2015,20
522,34	2086,88
522,54	2004,96
522,75	2009,06
522,96	2099,17
523,17	2027,49
523,37	2056,16
523,58	1945,57
523,79	2004,96
523,99	1984,48
524,20	2015,20
524,41	1961,95
524,62	2043,87
524,82	2033,63
525,03	1996,77
525,24	2013,15
525,45	2066,40
525,65	1892,32
525,86	2082,78
526,07	1943,52
526,27	2054,11
526,48	1929,19
526,69	2142,18
526,90	1877,99
527,10	2060,26
527,31	1910,75
527,52	2009,06
527,72	1970,15
527,93	2103,26
528,14	1955,81
528,34	2033,63
528,55	1937,38
528,76	2021,35
528,97	1904,61
529,17	2056,16
529,38	1951,71
529,59	2027,49
529,79	2000,87
530,00	2000,87
530,21	1961,95
530,41	2058,21
530,62	2029,54
530,83	2007,01
531,03	2002,91
531,24	2047,97
531,45	1916,90
531,65	1980,39
531,86	1982,43
532,07	2070,50
532,27	1935,33
532,48	1978,34
532,69	1869,80
532,89	2047,97
533,10	2095,07
533,31	2007,01
533,51	1918,95
533,72	1955,81
533,93	1927,14
534,13	2004,96
534,34	1949,67
534,55	2000,87
534,75	1959,91
534,96	2009,06
535,17	1890,28
535,37	2052,06
535,58	1859,56
535,79	1959,91
535,99	1904,61
536,20	1890,28
536,41	1900,52
536,61	1941,47
536,82	1959,91
537,03	2045,92
537,23	1839,08
537,44	1939,43
537,64	1990,63
537,85	1875,94
538,06	2050,02
538,26	1937,38
538,47	1918,95
538,68	1867,75
538,88	1882,08
539,09	1935,33
539,30	1908,71
539,50	1970,15
539,71	1972,19
539,91	1916,90
540,12	1892,32
540,33	1908,71
540,53	1853,41
540,74	1920,99
540,94	1892,32
541,15	1882,08
541,36	1845,22
541,56	1923,04
541,77	1832,93
541,98	1920,99
542,18	1898,47
542,39	1964,00
542,59	1888,23
542,80	1849,32
543,01	1791,97
543,21	1777,64
543,42	1871,84
543,62	1839,08
543,83	1800,16
544,04	1828,84
544,24	1908,71
544,45	1728,49
544,65	1832,93
544,86	1812,45
545,06	1947,62
545,27	1818,60
545,48	1859,56
545,68	1912,80
545,89	1771,49
546,09	1800,16
546,30	1791,97
546,51	1832,93
546,71	1806,31
546,92	1822,69
547,12	1767,40
547,33	1775,59
547,53	1861,60
547,74	1777,64
547,95	1837,03
548,15	1767,40
548,36	1837,03
548,56	1742,82
548,77	1828,84
548,97	1802,21
549,18	1761,25
549,39	1791,97
549,59	1673,19
549,80	1726,44
550,00	1755,11
550,21	1740,77
550,41	1705,96
550,62	1804,26
550,82	1710,05
551,03	1673,19
551,23	1757,16
551,44	1679,33
551,65	1779,68
551,85	1751,01
552,06	1751,01
552,26	1802,21
552,47	1669,09
552,67	1716,20
552,88	1705,96
553,08	1671,14
553,29	1689,57
553,49	1751,01
553,70	1710,05
553,90	1738,73
554,11	1714,15
554,32	1777,64
554,52	1734,63
554,73	1755,11
554,93	1677,29
555,14	1683,43
555,34	1759,21
555,55	1763,30
555,75	1814,50
555,96	1761,25
556,16	1871,84
556,37	1775,59
556,57	1794,02
556,78	1693,67
556,98	1867,75
557,19	1791,97
557,39	1949,67
557,60	1689,57
557,80	1791,97
558,01	1765,35
558,21	1728,49
558,42	1718,25
558,62	1902,56
558,83	1882,08
559,03	1832,93
559,24	1843,17
559,44	1949,67
559,65	1900,52
559,85	1912,80
560,06	1927,14
560,26	1988,58
560,47	1904,61
560,67	2045,92
560,88	2058,21
561,08	2312,16
561,29	2154,46
561,49	2009,06
561,70	2031,58
561,90	2283,49
562,10	2107,36
562,31	2220,00
562,51	2093,02
562,72	2230,24
562,92	2168,80
563,13	2428,89
563,33	2310,11
563,54	2504,67
563,74	2617,30
563,95	2578,39
564,15	2482,14
564,36	2799,57
564,56	2551,77
564,76	2848,72
564,97	2512,86
565,17	3026,90
565,38	2760,66
565,58	3061,71
565,79	2807,77
565,99	3254,22
566,20	3336,14
566,40	3311,57
566,60	3211,22
566,81	3612,62
567,01	3641,29
567,22	3721,16
567,42	3459,02
567,63	3874,76
567,83	3749,83
568,04	4224,96
568,24	3887,04
568,44	4521,92
568,65	4089,79
568,85	4495,29
569,06	4448,19
569,26	4663,22
569,47	4554,68
569,67	4804,53
569,87	4935,60
570,08	5074,87
570,28	5185,46
570,49	5181,36
570,69	5132,21
570,89	5795,75
571,10	5214,13
571,30	5580,71
571,51	5441,45
571,71	5906,34
571,91	5521,32
572,12	6080,42
572,32	5785,51
572,53	6172,58
572,73	5855,14
572,93	6191,01
573,14	6070,18
573,34	6530,97
573,55	6072,23
573,75	6053,80
573,95	5998,50
574,16	6154,15
574,36	5711,78
574,57	6012,84
574,77	5406,64
574,97	5769,13
575,18	5373,87
575,38	5744,55
575,59	5031,86
575,79	5144,50
575,99	4861,88
576,20	5040,05
576,40	4495,29
576,60	4687,80
576,81	4124,61
577,01	4181,95
577,22	3741,64
577,42	3936,20
577,62	3336,14
577,83	3692,49
578,03	3170,26
578,23	3319,76
578,44	2887,64
578,64	3016,66
578,84	2639,83
579,05	2717,65
579,25	2443,23
579,45	2521,05
579,66	2058,21
579,86	2293,72
580,07	2258,91
580,27	2168,80
580,47	1912,80
580,68	1923,04
580,88	1896,42
581,08	2047,97
581,29	1779,68
581,49	1759,21
581,69	1839,08
581,90	1718,25
582,10	1650,66
582,30	1718,25
582,51	1656,81
582,71	1720,29
582,91	1570,79
583,12	1669,09
583,32	1597,42
583,52	1658,85
583,73	1554,41
583,93	1578,98
584,13	1552,36
584,34	1546,22
584,54	1515,50
584,74	1564,65
584,94	1521,64
585,15	1572,84
585,35	1578,98
585,55	1587,18
585,76	1542,12
585,96	1533,93
586,16	1538,02
586,37	1476,59
586,57	1452,01
586,77	1425,39
586,98	1484,78
587,18	1495,02
587,38	1583,08
587,58	1495,02
587,79	1470,44
587,99	1511,40
588,19	1427,43
588,40	1390,57
588,60	1488,87
588,80	1513,45
589,00	1486,83
589,21	1480,68
589,41	1452,01
589,61	1468,39
589,82	1501,16
590,02	1462,25
590,22	1476,59
590,42	1533,93
590,63	1488,87
590,83	1452,01
591,03	1460,20
591,23	1464,30
591,44	1540,07
591,64	1456,11
591,84	1435,63
592,05	1447,91
592,25	1472,49
592,45	1486,83
592,65	1478,63
592,86	1511,40
593,06	1511,40
593,26	1478,63
593,46	1435,63
593,67	1435,63
593,87	1492,97
594,07	1452,01
594,27	1456,11
594,48	1472,49
594,68	1474,54
594,88	1392,62
595,08	1472,49
595,29	1535,98
595,49	1472,49
595,69	1445,87
595,89	1433,58
596,10	1458,15
596,30	1484,78
596,50	1431,53
596,70	1413,10
596,90	1486,83
597,11	1421,29
597,31	1396,71
597,51	1404,91
597,71	1427,43
597,92	1544,17
598,12	1486,83
598,32	1458,15
598,52	1404,91
598,72	1382,38
598,93	1441,77
599,13	1556,46
599,33	1437,67
599,53	1472,49
599,74	1404,91
599,94	1409,00
600,14	1497,07
600,34	1488,87
600,54	1515,50
600,75	1468,39
600,95	1433,58
601,15	1529,83
601,35	1464,30
601,55	1495,02
601,76	1359,85
601,96	1538,02
602,16	1390,57
602,36	1533,93
602,56	1331,18
602,76	1454,06
602,97	1406,95
603,17	1472,49
603,37	1478,63
603,57	1425,39
603,77	1390,57
603,98	1476,59
604,18	1521,64
604,38	1425,39
604,58	1386,47
604,78	1546,22
604,98	1445,87
605,19	1531,88
605,39	1480,68
605,59	1519,59
605,79	1388,52
605,99	1484,78
606,19	1429,48
606,40	1484,78
606,60	1398,76
606,80	1421,29
607,00	1359,85
607,20	1476,59
607,40	1439,72
607,61	1431,53
607,81	1394,67
608,01	1400,81
608,21	1470,44
608,41	1488,87
608,61	1490,92
608,81	1439,72
609,02	1363,95
609,22	1423,34
609,42	1398,76
609,62	1452,01
609,82	1390,57
610,02	1433,58
610,22	1357,80
610,43	1419,24
610,63	1454,06
610,83	1423,34
611,03	1452,01
611,23	1449,96
611,43	1558,50
611,63	1447,91
611,83	1388,52
612,04	1411,05
612,24	1486,83
612,44	1454,06
612,64	1454,06
612,84	1413,10
613,04	1415,15
613,24	1431,53
613,44	1435,63
613,64	1421,29
613,85	1521,64
614,05	1419,24
614,25	1378,28
614,45	1413,10
614,65	1449,96
614,85	1366,00
615,05	1439,72
615,25	1523,69
615,45	1433,58
615,65	1435,63
615,86	1480,68
616,06	1458,15
616,26	1550,31
616,46	1460,20
616,66	1433,58
616,86	1503,21
617,06	1382,38
617,26	1466,35
617,46	1449,96
617,66	1462,25
617,86	1476,59
618,07	1415,15
618,27	1437,67
618,47	1447,91
618,67	1519,59
618,87	1425,39
619,07	1417,19
619,27	1423,34
619,47	1460,20
619,67	1509,35
619,87	1386,47
620,07	1480,68
620,27	1454,06
620,47	1482,73
620,67	1376,24
620,87	1378,28
621,07	1464,30
621,28	1501,16
621,48	1509,35
621,68	1404,91
621,88	1411,05
622,08	1456,11
622,28	1462,25
622,48	1484,78
622,68	1472,49
622,88	1423,34
623,08	1499,11
623,28	1452,01
623,48	1423,34
623,68	1417,19
623,88	1499,11
624,08	1538,02
624,28	1433,58
624,48	1492,97
624,68	1456,11
624,88	1413,10
625,08	1472,49
625,28	1533,93
625,48	1433,58
625,68	1447,91
625,88	1484,78
626,08	1370,09
626,28	1476,59
626,48	1396,71
626,68	1374,19
626,88	1492,97
627,08	1443,82
627,28	1550,31
627,48	1441,77
627,68	1400,81
627,88	1372,14
628,08	1482,73
628,28	1419,24
628,49	1497,07
628,68	1474,54
628,88	1431,53
629,08	1398,76
629,28	1466,35
629,48	1394,67
629,68	1462,25
629,88	1525,74
630,08	1478,63
630,28	1525,74
630,48	1460,20
630,68	1339,37
630,88	1366,00
631,08	1445,87
631,28	1435,63
631,48	1372,14
631,68	1495,02
631,88	1476,59
632,08	1484,78
632,28	1499,11
632,48	1535,98
632,68	1406,95
632,88	1431,53
633,08	1396,71
633,28	1419,24
633,48	1423,34
633,68	1425,39
633,88	1452,01
634,08	1531,88
634,28	1544,17
634,48	1439,72
634,68	1476,59
634,88	1441,77
635,08	1490,92
635,28	1478,63
635,48	1429,48
635,68	1439,72
635,87	1423,34
636,07	1454,06
636,27	1495,02
636,47	1445,87
636,67	1531,88
636,87	1458,15
637,07	1488,87
637,27	1425,39
637,47	1441,77
637,67	1396,71
637,87	1388,52
638,07	1538,02
638,27	1443,82
638,47	1343,47
638,67	1388,52
638,86	1433,58
639,06	1425,39
639,26	1486,83
639,46	1386,47
639,66	1482,73
639,86	1372,14
640,06	1468,39
640,26	1310,70
640,46	1429,48
640,66	1474,54
640,86	1527,78
641,06	1325,04
641,25	1468,39
641,45	1452,01
641,65	1406,95
641,85	1366,00
642,05	1468,39
642,25	1447,91
642,45	1527,78
642,65	1456,11
642,85	1476,59
643,05	1482,73
643,24	1458,15
643,44	1398,76
643,64	1452,01
643,84	1425,39
644,04	1413,10
644,24	1439,72
644,44	1366,00
644,64	1437,67
644,84	1458,15
645,03	1374,19
645,23	1513,45
645,43	1478,63
645,63	1429,48
645,83	1363,95
646,03	1435,63
646,23	1435,63
646,42	1576,94
646,62	1433,58
646,82	1486,83
647,02	1449,96
647,22	1380,33
647,42	1370,09
647,62	1370,09
647,82	1482,73
648,01	1654,76
648,21	1386,47
648,41	1484,78
648,61	1538,02
648,81	1562,60
649,01	1513,45
649,20	1423,34
649,40	1402,86
649,60	1447,91
649,80	1449,96
650,00	1511,40
650,20	1452,01
650,40	1476,59
650,59	1417,19
650,79	1542,12
650,99	1390,57
651,19	1427,43
651,39	1452,01
651,58	1431,53
651,78	1456,11
651,98	1482,73
652,18	1396,71
652,38	1456,11
652,58	1349,61
652,77	1394,67
652,97	1464,30
653,17	1411,05
653,37	1503,21
653,57	1392,62
653,77	1476,59
653,96	1392,62
654,16	1474,54
654,36	1501,16
654,56	1474,54
654,76	1454,06
654,95	1452,01
655,15	1503,21
655,35	1439,72
655,55	1431,53
655,75	1439,72
655,94	1464,30
656,14	1495,02
656,34	1478,63
656,54	1411,05
656,73	1472,49
656,93	1472,49
657,13	1492,97
657,33	1406,95
657,53	1406,95
657,72	1445,87
657,92	1390,57
658,12	1372,14
658,32	1437,67
658,52	1443,82
658,71	1380,33
658,91	1431,53
659,11	1427,43
659,31	1419,24
659,50	1441,77
659,70	1449,96
659,90	1478,63
660,10	1445,87
660,29	1423,34
660,49	1411,05
660,69	1566,70
660,89	1435,63
661,08	1423,34
661,28	1404,91
661,48	1437,67
661,68	1474,54
661,87	1435,63
662,07	1435,63
662,27	1347,56
662,47	1499,11
662,66	1460,20
662,86	1404,91
663,06	1476,59
663,26	1425,39
663,45	1544,17
663,65	1484,78
663,85	1402,86
664,05	1443,82
664,24	1409,00
664,44	1435,63
664,64	1398,76
664,84	1447,91
665,03	1449,96
665,23	1454,06
665,43	1400,81
665,62	1433,58
665,82	1355,76
666,02	1480,68
666,22	1501,16
666,41	1388,52
666,61	1431,53
666,81	1454,06
667,00	1421,29
667,20	1368,04
667,40	1384,43
667,60	1370,09
667,79	1419,24
667,99	1411,05
668,19	1501,16
668,38	1429,48
668,58	1392,62
668,78	1439,72
668,97	1464,30
669,17	1406,95
669,37	1433,58
669,57	1359,85
669,76	1490,92
669,96	1535,98
670,16	1413,10
670,35	1452,01
670,55	1445,87
670,75	1425,39
670,94	1456,11
671,14	1476,59
671,34	1433,58
671,53	1413,10
671,73	1406,95
671,93	1437,67
672,12	1495,02
672,32	1495,02
672,52	1443,82
672,71	1472,49
672,91	1454,06
673,11	1458,15
673,30	1456,11
673,50	1361,90
673,70	1452,01
673,89	1423,34
674,09	1400,81
674,29	1427,43
674,48	1525,74
674,68	1587,18
674,88	1529,83
675,07	1521,64
675,27	1480,68
675,46	1366,00
675,66	1452,01
675,86	1404,91
676,05	1478,63
676,25	1501,16
676,45	1398,76
676,64	1482,73
676,84	1490,92
677,04	1462,25
677,23	1552,36
677,43	1390,57
677,62	1499,11
677,82	1386,47
678,02	1392,62
678,21	1409,00
678,41	1452,01
678,61	1480,68
678,80	1472,49
679,00	1507,30
679,19	1452,01
679,39	1515,50
679,59	1429,48
679,78	1372,14
679,98	1351,66
680,17	1304,56
680,37	1480,68
680,57	1396,71
680,76	1449,96
680,96	1503,21
681,16	1337,32
681,35	1316,84
681,55	1445,87
681,74	1384,43
681,94	1417,19
682,13	1300,46
682,33	1423,34
682,53	1419,24
682,72	1454,06
682,92	1339,37
683,11	1423,34
683,31	1439,72
683,51	1535,98
683,70	1421,29
683,90	1439,72
684,09	1474,54
684,29	1484,78
684,48	1447,91
684,68	1413,10
684,88	1546,22
685,07	1505,26
685,27	1394,67
685,46	1437,67
685,66	1466,35
685,85	1566,70
686,05	1456,11
686,25	1445,87
686,44	1425,39
686,64	1490,92
686,83	1445,87
687,03	1468,39
687,22	1396,71
687,42	1501,16
687,61	1482,73
687,81	1409,00
688,01	1433,58
688,20	1423,34
688,40	1384,43
688,59	1497,07
688,79	1423,34
688,98	1474,54
689,18	1433,58
689,37	1386,47
689,57	1490,92
689,76	1372,14
689,96	1417,19
690,15	1474,54
690,35	1478,63
690,54	1431,53
690,74	1404,91
690,94	1449,96
691,13	1478,63
691,33	1474,54
691,52	1394,67
691,72	1486,83
691,91	1435,63
692,11	1578,98
692,30	1411,05
692,50	1476,59
692,69	1515,50
692,89	1413,10
693,08	1413,10
693,28	1398,76
693,47	1396,71
693,67	1578,98
693,86	1449,96
694,06	1482,73
694,25	1339,37
694,45	1437,67
694,64	1417,19
694,84	1433,58
695,03	1540,07
695,23	1456,11
695,42	1468,39
695,62	1404,91
695,81	1505,26
696,01	1501,16
696,20	1327,08
696,40	1456,11
696,59	1398,76
696,78	1441,77
696,98	1531,88
697,17	1443,82
697,37	1546,22
697,56	1404,91
697,76	1466,35
697,95	1505,26
698,15	1427,43
698,34	1470,44
698,54	1460,20
698,73	1566,70
698,93	1437,67
699,12	1335,28
699,32	1417,19
699,51	1402,86
699,70	1394,67
699,90	1492,97
700,09	1458,15
700,29	1419,24
700,48	1443,82
700,68	1419,24
700,87	1437,67
701,07	1406,95
701,26	1443,82
701,45	1390,57
701,65	1427,43
701,84	1452,01
702,04	1347,56
702,23	1478,63
702,43	1339,37
702,62	1470,44
702,81	1409,00
703,01	1363,95
703,20	1476,59
703,40	1411,05
703,59	1449,96
703,79	1406,95
703,98	1439,72
704,17	1411,05
704,37	1495,02
704,56	1386,47
704,76	1384,43
704,95	1423,34
705,14	1341,42
705,34	1402,86
705,53	1439,72
705,73	1345,52
705,92	1452,01
706,11	1515,50
706,31	1353,71
706,50	1423,34
706,70	1347,56
706,89	1396,71
707,08	1472,49
707,28	1411,05
707,47	1417,19
707,67	1386,47
707,86	1380,33
708,05	1470,44
708,25	1449,96
708,44	1398,76
708,64	1378,28
708,83	1458,15
709,02	1411,05
709,22	1437,67
709,41	1386,47
709,60	1486,83
709,80	1474,54
709,99	1443,82
710,19	1419,24
710,38	1402,86
710,57	1316,84
710,77	1425,39
710,96	1378,28
711,15	1327,08
711,35	1347,56
711,54	1470,44
711,73	1382,38
711,93	1435,63
712,12	1390,57
712,31	1396,71
712,51	1341,42
712,70	1441,77
712,89	1429,48
713,09	1320,94
713,28	1439,72
713,48	1486,83
713,67	1429,48
713,86	1464,30
714,06	1386,47
714,25	1501,16
714,44	1458,15
714,64	1439,72
714,83	1429,48
715,02	1433,58
715,22	1495,02
715,41	1413,10
715,60	1386,47
715,79	1402,86
715,99	1431,53
716,18	1435,63
716,37	1351,66
716,57	1447,91
716,76	1499,11
716,95	1406,95
717,15	1423,34
717,34	1357,80
717,53	1396,71
717,73	1456,11
717,92	1429,48
718,11	1492,97
718,31	1392,62
718,50	1400,81
718,69	1372,14
718,88	1499,11
719,08	1427,43
719,27	1449,96
719,46	1460,20
719,66	1409,00
719,85	1380,33
720,04	1464,30
720,23	1366,00
720,43	1298,41
720,62	1386,47
720,81	1374,19
721,01	1419,24
721,20	1437,67
721,39	1447,91
721,58	1431,53
721,78	1460,20
721,97	1370,09
722,16	1396,71
722,35	1468,39
722,55	1394,67
722,74	1476,59
722,93	1460,20
723,13	1404,91
723,32	1429,48
723,51	1359,85
723,70	1400,81
723,90	1370,09
724,09	1419,24
724,28	1452,01
724,47	1404,91
724,67	1441,77
724,86	1421,29
725,05	1423,34
725,24	1363,95
725,44	1454,06
725,63	1382,38
725,82	1384,43
726,01	1415,15
726,21	1509,35
726,40	1509,35
726,59	1538,02
726,78	1388,52
726,97	1286,12
727,17	1406,95
727,36	1492,97
727,55	1427,43
727,74	1310,70
727,94	1435,63
728,13	1411,05
728,32	1415,15
728,51	1374,19
728,70	1357,80
728,90	1402,86
729,09	1435,63
729,28	1478,63
729,47	1482,73
729,66	1368,04
729,86	1472,49
730,05	1400,81
730,24	1447,91
730,43	1370,09
730,63	1382,38
730,82	1476,59
731,01	1388,52
731,20	1419,24
731,39	1382,38
731,58	1331,18
731,78	1441,77
731,97	1302,51
732,16	1355,76
732,35	1488,87
732,54	1406,95
732,74	1501,16
732,93	1435,63
733,12	1337,32
733,31	1384,43
733,50	1353,71
733,69	1394,67
733,89	1417,19
734,08	1431,53
734,27	1429,48
734,46	1429,48
734,65	1437,67
734,84	1439,72
735,04	1398,76
735,23	1378,28
735,42	1398,76
735,61	1394,67
735,80	1546,22
735,99	1394,67
736,19	1460,20
736,38	1353,71
736,57	1415,15
736,76	1402,86
736,95	1435,63
737,14	1458,15
737,33	1429,48
737,53	1501,16
737,72	1431,53
737,91	1417,19
738,10	1464,30
738,29	1325,04
738,48	1447,91
738,67	1406,95
738,87	1404,91
739,06	1388,52
739,25	1437,67
739,44	1392,62
739,63	1443,82
739,82	1466,35
740,01	1415,15
740,20	1433,58
740,40	1486,83
740,59	1458,15
740,78	1456,11
740,97	1406,95
741,16	1392,62
741,35	1392,62
741,54	1456,11
741,73	1429,48
741,92	1347,56
742,12	1488,87
742,31	1409,00
742,50	1388,52
742,69	1490,92
742,88	1384,43
743,07	1374,19
743,26	1384,43
743,45	1431,53
743,64	1372,14
743,83	1445,87
744,02	1394,67
744,22	1441,77
744,41	1419,24
744,60	1441,77
744,79	1472,49
744,98	1484,78
745,17	1400,81
745,36	1351,66
745,55	1445,87
745,74	1292,27
745,93	1468,39
746,12	1411,05
746,31	1396,71
746,50	1449,96
746,70	1378,28
746,89	1353,71
747,08	1296,36
747,27	1376,24
747,46	1445,87
747,65	1433,58
747,84	1472,49
748,03	1368,04
748,22	1423,34
748,41	1443,82
748,60	1406,95
748,79	1394,67
748,98	1460,20
749,17	1421,29
749,36	1413,10
749,55	1404,91
749,74	1398,76
749,93	1495,02
750,12	1370,09
750,31	1425,39
750,50	1523,69
750,70	1437,67
750,89	1464,30
751,08	1562,60
751,27	1458,15
751,46	1433,58
751,65	1382,38
751,84	1517,54
752,03	1470,44
752,22	1472,49
752,41	1386,47
752,60	1435,63
752,79	1413,10
752,98	1423,34
753,17	1480,68
753,36	1433,58
753,55	1464,30
753,74	1302,51
753,93	1478,63
754,12	1425,39
754,31	1503,21
754,50	1433,58
754,69	1363,95
754,88	1402,86
755,07	1396,71
755,26	1443,82
755,45	1361,90
755,64	1411,05
755,83	1458,15
756,02	1492,97
756,21	1443,82
756,40	1482,73
756,59	1361,90
756,78	1433,58
756,97	1400,81
757,16	1419,24
757,35	1544,17
757,54	1411,05
757,72	1449,96
757,91	1429,48
758,10	1398,76
758,29	1376,24
758,48	1495,02
758,67	1404,91
758,86	1468,39
759,05	1415,15
759,24	1585,13
759,43	1507,30
759,62	1394,67
759,81	1456,11
760,00	1468,39
760,19	1507,30
760,38	1425,39
760,57	1466,35
760,76	1470,44
760,95	1501,16
761,14	1409,00
761,33	1388,52
761,52	1417,19
761,70	1417,19
761,89	1478,63
762,08	1488,87
762,27	1423,34
762,46	1464,30
762,65	1499,11
762,84	1429,48
763,03	1437,67
763,22	1486,83
763,41	1437,67
763,60	1357,80
763,79	1458,15
763,98	1488,87
764,16	1429,48
764,35	1378,28
764,54	1427,43
764,73	1490,92
764,92	1439,72
765,11	1558,50
765,30	1476,59
765,49	1454,06
765,68	1470,44
765,87	1462,25
766,06	1503,21
766,24	1441,77
766,43	1394,67
766,62	1470,44
766,81	1441,77
767,00	1476,59
767,19	1439,72
767,38	1538,02
767,57	1349,61
767,76	1474,54
767,94	1515,50
768,13	1490,92
768,32	1607,66
768,51	1443,82
768,70	1478,63
768,89	1456,11
769,08	1429,48
769,27	1466,35
769,45	1439,72
769,64	1538,02
769,83	1402,86
770,02	1406,95
770,21	1443,82
770,40	1460,20
770,59	1480,68
770,77	1464,30
770,96	1533,93
771,15	1370,09
771,34	1425,39
771,53	1523,69
771,72	1497,07
771,91	1372,14
772,09	1462,25
772,28	1460,20
772,47	1431,53
772,66	1513,45
772,85	1478,63
773,04	1527,78
773,22	1460,20
773,41	1521,64
773,60	1505,26
773,79	1474,54
773,98	1542,12
774,17	1400,81
774,35	1449,96
774,54	1449,96
774,73	1591,27
774,92	1413,10
775,11	1462,25
775,30	1564,65
775,48	1427,43
775,67	1425,39
775,86	1366,00
776,05	1517,54
776,24	1437,67
776,42	1417,19
776,61	1470,44
776,80	1439,72
776,99	1507,30
777,18	1449,96
777,36	1404,91
777,55	1466,35
777,74	1499,11
777,93	1490,92
778,12	1495,02
778,30	1478,63
778,49	1482,73
778,68	1591,27
778,87	1429,48
779,06	1503,21
779,24	1468,39
779,43	1431,53
779,62	1415,15
779,81	1470,44
779,99	1468,39
780,18	1525,74
780,37	1460,20
780,56	1478,63
780,75	1484,78
780,93	1531,88
781,12	1484,78
781,31	1529,83
781,50	1531,88
781,68	1333,23
781,87	1378,28
782,06	1427,43
782,25	1468,39
782,43	1437,67
782,62	1472,49
782,81	1415,15
783,00	1472,49
783,18	1378,28
783,37	1460,20
783,56	1523,69
783,75	1523,69
783,93	1507,30
784,12	1419,24
784,31	1495,02
784,50	1443,82
784,68	1482,73
784,87	1443,82
785,06	1454,06
785,24	1394,67
785,43	1538,02
785,62	1449,96
785,81	1404,91
785,99	1497,07
786,18	1388,52
786,37	1447,91
786,56	1433,58
786,74	1449,96
786,93	1472,49
787,12	1460,20
787,30	1427,43
787,49	1478,63
787,68	1431,53
787,87	1452,01
788,05	1400,81
788,24	1400,81
788,43	1406,95
788,61	1507,30
788,80	1376,24
788,99	1357,80
789,17	1417,19
789,36	1353,71
789,55	1470,44
789,73	1443,82
789,92	1363,95
790,11	1417,19
790,30	1499,11
790,48	1439,72
790,67	1406,95
790,86	1495,02
791,04	1437,67
791,23	1419,24
791,42	1488,87
791,60	1353,71
791,79	1468,39
791,98	1464,30
792,16	1525,74
792,35	1486,83
792,54	1486,83
792,72	1468,39
792,91	1513,45
793,10	1386,47
793,28	1382,38
793,47	1488,87
793,66	1445,87
793,84	1333,23
794,03	1449,96
794,22	1468,39
794,40	1376,24
794,59	1439,72
794,77	1382,38
794,96	1384,43
795,15	1474,54
795,33	1396,71
795,52	1439,72
795,71	1423,34
795,89	1392,62
796,08	1419,24
796,27	1425,39
796,45	1384,43
796,64	1427,43
796,82	1449,96
797,01	1486,83
797,20	1431,53
797,38	1404,91
797,57	1484,78
797,76	1382,38
797,94	1400,81
798,13	1513,45
798,31	1427,43
798,50	1368,04
798,69	1411,05
798,87	1470,44
799,06	1458,15
799,24	1421,29
799,43	1511,40
799,62	1363,95
799,80	1394,67
799,99	1519,59
800,17	1370,09
800,36	1404,91
800,55	1431,53
800,73	1452,01
800,92	1382,38
801,10	1390,57
801,29	1347,56
801,48	1472,49
801,66	1398,76
801,85	1447,91
802,03	1427,43
802,22	1476,59
802,40	1409,00
802,59	1454,06
802,78	1415,15
802,96	1441,77
803,15	1499,11
803,33	1398,76
803,52	1431,53
803,70	1443,82
803,89	1447,91
804,08	1501,16
804,26	1388,52
804,45	1431,53
804,63	1406,95
804,82	1390,57
805,00	1398,76
805,19	1431,53
805,37	1402,86
805,56	1517,54
805,74	1454,06
805,93	1470,44
806,12	1476,59
806,30	1452,01
806,49	1421,29
806,67	1492,97
806,86	1419,24
807,04	1480,68
807,23	1339,37
807,41	1411,05
807,60	1443,82
807,78	1331,18
807,97	1705,96
808,15	1355,76
808,34	1456,11
808,52	1372,14
808,71	1372,14
808,89	1392,62
809,08	1486,83
809,27	1449,96
809,45	1384,43
809,64	1406,95
809,82	1429,48
810,01	1433,58
810,19	1398,76
810,38	1411,05
810,56	1437,67
810,75	1374,19
810,93	1392,62
811,12	1429,48
811,30	1409,00
811,49	1392,62
811,67	1490,92
811,85	1437,67
812,04	1411,05
812,22	1368,04
812,41	1447,91
812,59	1482,73
812,78	1345,52
812,96	1417,19
813,15	1466,35
813,33	1435,63
813,52	1462,25
813,70	1396,71
813,89	1462,25
814,07	1429,48
814,26	1488,87
814,44	1396,71
814,63	1452,01
814,81	1449,96
815,00	1392,62
815,18	1452,01
815,36	1388,52
815,55	1400,81
815,73	1345,52
815,92	1409,00
816,10	1507,30
816,29	1406,95
816,47	1402,86
816,66	1392,62
816,84	1421,29
817,02	1507,30
817,21	1433,58
817,39	1482,73
817,58	1380,33
817,76	1478,63
817,95	1439,72
818,13	1376,24
818,32	1394,67
818,50	1439,72
818,68	1423,34
818,87	1404,91
819,05	1423,34
819,24	1417,19
819,42	1486,83
819,60	1357,80
819,79	1460,20
819,97	1507,30
820,16	1413,10
820,34	1402,86
820,53	1396,71
820,71	1433,58
820,89	1435,63
821,08	1370,09
821,26	1423,34
821,45	1392,62
821,63	1409,00
821,81	1431,53
822,00	1505,26
822,18	1415,15
822,37	1458,15
822,55	1415,15
822,73	1363,95
822,92	1421,29
823,10	1284,08
823,28	1394,67
823,47	1429,48
823,65	1454,06
823,84	1431,53
824,02	1355,76
824,20	1327,08
824,39	1441,77
824,57	1497,07
824,75	1468,39
824,94	1490,92
825,12	1525,74
825,31	1415,15
825,49	1406,95
825,67	1447,91
825,86	1404,91
826,04	1497,07
826,22	1542,12
826,41	1538,02
826,59	1476,59
826,77	1419,24
826,96	1437,67
827,14	1433,58
827,32	1492,97
827,51	1374,19
827,69	1492,97
827,87	1505,26
828,06	1439,72
828,24	1421,29
828,42	1433,58
828,61	1499,11
828,79	1400,81
828,97	1495,02
829,16	1560,55
829,34	1435,63
829,52	1372,14
829,71	1486,83
829,89	1521,64
830,07	1503,21
830,26	1390,57
830,44	1497,07
830,62	1505,26
830,81	1507,30
830,99	1402,86
831,17	1406,95
831,36	1372,14
831,54	1437,67
831,72	1501,16
831,91	1470,44
832,09	1411,05
832,27	1429,48
832,45	1431,53
832,64	1460,20
832,82	1470,44
833,00	1437,67
833,19	1394,67
833,37	1484,78
833,55	1433,58
833,73	1445,87
833,92	1417,19
834,10	1419,24
834,28	1419,24
834,47	1492,97
834,65	1400,81
834,83	1511,40
835,01	1456,11
835,20	1445,87
835,38	1511,40
835,56	1507,30
835,74	1458,15
835,93	1419,24
836,11	1476,59
836,29	1415,15
836,47	1486,83
836,66	1406,95
836,84	1488,87
837,02	1419,24
837,21	1546,22
837,39	1394,67
837,57	1527,78
837,75	1423,34
837,94	1435,63
838,12	1472,49
838,30	1402,86
838,48	1380,33
838,66	1445,87
838,85	1556,46
839,03	1357,80
839,21	1437,67
839,39	1443,82
839,58	1456,11
839,76	1486,83
839,94	1535,98
840,12	1419,24
840,31	1544,17
840,49	1425,39
840,67	1443,82
840,85	1458,15
841,03	1413,10
841,22	1374,19
841,40	1388,52
841,58	1458,15
841,76	1363,95
841,94	1462,25
842,13	1527,78
842,31	1462,25
842,49	1437,67
842,67	1398,76
842,85	1421,29
843,04	1429,48
843,22	1488,87
843,40	1411,05
843,58	1458,15
843,76	1480,68
843,95	1519,59
844,13	1449,96
844,31	1452,01
844,49	1390,57
844,67	1363,95
844,86	1476,59
845,04	1402,86
845,22	1443,82
845,40	1386,47
845,58	1501,16
845,76	1443,82
845,95	1468,39
846,13	1384,43
846,31	1466,35
846,49	1470,44
846,67	1443,82
846,85	1386,47
847,04	1441,77
847,22	1394,67
847,40	1376,24
847,58	1390,57
847,76	1447,91
847,94	1388,52
848,12	1511,40
848,31	1486,83
848,49	1427,43
848,67	1499,11
848,85	1474,54
849,03	1542,12
849,21	1533,93
849,39	1433,58
849,58	1452,01
849,76	1474,54
849,94	1488,87
850,12	1382,38
850,30	1413,10
850,48	1429,48
850,66	1474,54
850,84	1482,73
851,03	1447,91
851,21	1464,30
851,39	1497,07
851,57	1472,49
851,75	1456,11
851,93	1417,19
852,11	1468,39
852,29	1435,63
852,47	1533,93
852,66	1562,60
852,84	1423,34
853,02	1437,67
853,20	1523,69
853,38	1507,30
853,56	1556,46
853,74	1521,64
853,92	1540,07
854,10	1490,92
854,28	1466,35
854,46	1329,13
854,65	1423,34
854,83	1449,96
855,01	1486,83
855,19	1460,20
855,37	1482,73
855,55	1425,39
855,73	1492,97
855,91	1427,43
856,09	1452,01
856,27	1460,20
856,45	1546,22
856,63	1411,05
856,81	1441,77
857,00	1470,44
857,18	1488,87
857,36	1400,81
857,54	1503,21
857,72	1462,25
857,90	1449,96
858,08	1513,45
858,26	1486,83
858,44	1406,95
858,62	1519,59
858,80	1382,38
858,98	1527,78
859,16	1505,26
859,34	1470,44
859,52	1484,78
859,70	1503,21
859,88	1525,74
860,06	1505,26
860,24	1417,19
860,42	1425,39
860,60	1468,39
860,78	1505,26
860,96	1468,39
861,14	1521,64
861,32	1486,83
861,50	1449,96
861,69	1458,15
861,87	1509,35
862,05	1517,54
862,23	1437,67
862,41	1427,43
862,59	1419,24
862,77	1413,10
862,95	1413,10
863,13	1509,35
863,31	1439,72
863,49	1355,76
863,67	1492,97
863,85	1484,78
864,03	1503,21
864,21	1427,43
864,39	1423,34
864,57	1447,91
864,75	1431,53
864,92	1492,97
865,10	1509,35
865,28	1392,62
865,46	1472,49
865,64	1507,30
865,82	1431,53
866,00	1480,68
866,18	1476,59
866,36	1411,05
866,54	1499,11
866,72	1495,02
866,90	1476,59
867,08	1511,40
867,26	1445,87
867,44	1456,11
867,62	1456,11
867,80	1429,48
867,98	1495,02
868,16	1517,54
868,34	1495,02
868,52	1417,19
868,70	1431,53
868,88	1460,20
869,06	1470,44
869,24	1449,96
869,42	1439,72
869,59	1435,63
869,77	1490,92
869,95	1484,78
870,13	1476,59
870,31	1349,61
870,49	1511,40
870,67	1482,73
870,85	1478,63
871,03	1433,58
871,21	1529,83
871,39	1425,39
871,57	1433,58
871,75	1495,02
871,92	1468,39
872,10	1484,78
872,28	1392,62
872,46	1449,96
872,64	1462,25
872,82	1435,63
873,00	1427,43
873,18	1435,63
873,36	1527,78
873,54	1382,38
873,72	1417,19
873,89	1503,21
874,07	1482,73
874,25	1531,88
874,43	1468,39
874,61	1462,25
874,79	1417,19
874,97	1460,20
875,15	1499,11
875,33	1497,07
875,50	1546,22
875,68	1482,73
875,86	1562,60
876,04	1484,78
876,22	1474,54
876,40	1445,87
876,58	1480,68
876,76	1437,67
876,93	1425,39
877,11	1406,95
877,29	1513,45
877,47	1515,50
877,65	1366,00
877,83	1431,53
878,01	1499,11
878,18	1452,01
878,36	1318,89
878,54	1423,34
878,72	1384,43
878,90	1386,47
879,08	1505,26
879,25	1456,11
879,43	1421,29
879,61	1437,67
879,79	1542,12
879,97	1400,81
880,15	1517,54
880,32	1474,54
880,50	1523,69
880,68	1433,58
880,86	1478,63
881,04	1576,94
881,22	1499,11
881,39	1419,24
881,57	1538,02
881,75	1488,87
881,93	1542,12
882,11	1558,50
882,28	1488,87
882,46	1486,83
882,64	1419,24
882,82	1325,04
883,00	1456,11
883,18	1525,74
883,35	1449,96
883,53	1486,83
883,71	1423,34
883,89	1525,74
884,07	1460,20
884,24	1495,02
884,42	1527,78
884,60	1447,91
884,78	1527,78
884,95	1447,91
885,13	1374,19
885,31	1560,55
885,49	1376,24
885,67	1495,02
885,84	1466,35
886,02	1449,96
886,20	1439,72
886,38	1478,63
886,55	1378,28
886,73	1417,19
886,91	1435,63
887,09	1441,77
887,26	1447,91
887,44	1484,78
887,62	1501,16
887,80	1386,47
887,98	1478,63
888,15	1452,01
888,33	1447,91
888,51	1480,68
888,69	1497,07
888,86	1515,50
889,04	1441,77
889,22	1378,28
889,39	1521,64
889,57	1447,91
889,75	1374,19
889,93	1439,72
890,10	1470,44
890,28	1398,76
890,46	1484,78
890,64	1501,16
890,81	1468,39
890,99	1378,28
891,17	1447,91
891,34	1513,45
891,52	1386,47
891,70	1427,43
891,88	1468,39
892,05	1456,11
892,23	1509,35
892,41	1519,59
892,58	1437,67
892,76	1486,83
892,94	1449,96
893,12	1535,98
893,29	1505,26
893,47	1419,24
893,65	1472,49
893,82	1398,76
894,00	1482,73
894,18	1435,63
894,35	1411,05
894,53	1458,15
894,71	1525,74
894,89	1394,67
895,06	1441,77
895,24	1415,15
895,42	1380,33
895,59	1433,58
895,77	1462,25
895,95	1472,49
896,12	1454,06
896,30	1472,49
896,48	1370,09
896,65	1558,50
896,83	1525,74
897,01	1392,62
897,18	1396,71
897,36	1566,70
897,54	1548,26
897,71	1470,44
897,89	1417,19
898,07	1376,24
898,24	1464,30
898,42	1386,47
898,59	1386,47
898,77	1443,82
898,95	1462,25
899,12	1531,88
899,30	1419,24
899,48	1441,77
899,65	1421,29
899,83	1415,15
900,01	1353,71
900,18	1525,74
900,36	1497,07
900,53	1431,53
900,71	1529,83
900,89	1484,78
901,06	1495,02
901,24	1386,47
901,42	1509,35
901,59	1454,06
901,77	1478,63
901,94	1413,10
902,12	1480,68
902,30	1435,63
902,47	1394,67
902,65	1427,43
902,82	1521,64
903,00	1370,09
903,18	1435,63
903,35	1468,39
903,53	1427,43
903,70	1435,63
903,88	1478,63
904,06	1427,43
904,23	1431,53
904,41	1427,43
904,58	1464,30
904,76	1363,95
904,93	1519,59
905,11	1390,57
905,29	1492,97
905,46	1427,43
905,64	1505,26
905,81	1404,91
905,99	1388,52
906,16	1529,83
906,34	1441,77
906,52	1376,24
906,69	1386,47
906,87	1554,41
907,04	1361,90
907,22	1427,43
907,39	1460,20
907,57	1386,47
907,75	1411,05
907,92	1368,04
908,10	1517,54
908,27	1472,49
908,45	1466,35
908,62	1382,38
908,80	1419,24
908,97	1398,76
909,15	1499,11
909,32	1406,95
909,50	1417,19
909,67	1333,23
909,85	1425,39
910,03	1421,29
910,20	1394,67
910,38	1392,62
910,55	1409,00
910,73	1443,82
910,90	1462,25
911,08	1472,49
911,25	1482,73
911,43	1411,05
911,60	1445,87
911,78	1468,39
911,95	1515,50
912,13	1376,24
912,30	1341,42
912,48	1472,49
912,65	1415,15
912,83	1419,24
913,00	1435,63
913,18	1415,15
913,35	1456,11
913,53	1380,33
913,70	1429,48
913,88	1505,26
914,05	1439,72
914,23	1423,34
914,40	1447,91
914,58	1402,86
914,75	1445,87
914,93	1396,71
915,10	1478,63
915,27	1470,44
915,45	1449,96
915,62	1429,48
915,80	1507,30
915,97	1411,05
916,15	1415,15
916,32	1529,83
916,50	1533,93
916,67	1419,24
916,85	1462,25
917,02	1390,57
917,20	1495,02
917,37	1415,15
917,54	1497,07
917,72	1488,87
917,89	1456,11
918,07	1488,87
918,24	1558,50
918,42	1419,24
918,59	1480,68
918,77	1533,93
918,94	1431,53
919,11	1454,06
919,29	1396,71
919,46	1550,31
919,64	1439,72
919,81	1419,24
919,99	1386,47
920,16	1474,54
920,33	1505,26
920,51	1449,96
920,68	1439,72
920,86	1447,91
921,03	1476,59
921,20	1462,25
921,38	1456,11
921,55	1460,20
921,73	1452,01
921,90	1390,57
922,07	1486,83
922,25	1468,39
922,42	1535,98
922,60	1462,25
922,77	1454,06
922,94	1486,83
923,12	1452,01
923,29	1558,50
923,47	1433,58
923,64	1501,16
923,81	1417,19
923,99	1370,09
924,16	1513,45
924,34	1404,91
924,51	1478,63
924,68	1470,44
924,86	1427,43
925,03	1533,93
925,20	1531,88
925,38	1406,95
925,55	1464,30
925,72	1421,29
925,90	1431,53
926,07	1482,73
926,25	1488,87
926,42	1466,35
926,59	1447,91
926,77	1492,97
926,94	1499,11
927,11	1409,00
927,29	1441,77
927,46	1462,25
927,63	1546,22
927,81	1411,05
927,98	1478,63
928,15	1454,06
928,33	1556,46
928,50	1480,68
928,67	1460,20
928,85	1464,30
929,02	1404,91
929,19	1464,30
929,37	1458,15
929,54	1347,56
929,71	1550,31
929,89	1509,35
930,06	1413,10
930,23	1507,30
930,41	1531,88
930,58	1421,29
930,75	1462,25
930,92	1460,20
931,10	1413,10
931,27	1435,63
931,44	1542,12
931,62	1423,34
931,79	1425,39
931,96	1468,39
932,14	1462,25
932,31	1525,74
932,48	1509,35
932,65	1396,71
932,83	1576,94
933,00	1449,96
933,17	1505,26
933,35	1466,35
933,52	1464,30
933,69	1552,36
933,86	1472,49
934,04	1445,87
934,21	1452,01
934,38	1409,00
934,55	1540,07
934,73	1497,07
934,90	1480,68
935,07	1398,76
935,25	1611,75
935,42	1419,24
935,59	1437,67
935,76	1447,91
935,94	1452,01
936,11	1429,48
936,28	1433,58
936,45	1435,63
936,63	1468,39
936,80	1411,05
936,97	1433,58
937,14	1441,77
937,31	1529,83
937,49	1495,02
937,66	1400,81
937,83	1492,97
938,00	1423,34
938,18	1538,02
938,35	1417,19
938,52	1488,87
938,69	1423,34
938,87	1519,59
939,04	1404,91
939,21	1378,28
939,38	1445,87
939,55	1413,10
939,73	1476,59
939,90	1421,29
940,07	1425,39
940,24	1456,11
940,41	1437,67
940,59	1460,20
940,76	1443,82
940,93	1396,71
941,10	1404,91
941,27	1402,86
941,45	1429,48
941,62	1419,24
941,79	1423,34
941,96	1439,72
942,13	1482,73
942,31	1460,20
942,48	1482,73
942,65	1566,70
942,82	1388,52
942,99	1535,98
943,16	1521,64
943,34	1568,74
943,51	1474,54
943,68	1388,52
943,85	1409,00
944,02	1505,26
944,19	1411,05
944,37	1529,83
944,54	1544,17
944,71	1470,44
944,88	1503,21
945,05	1433,58
945,22	1531,88
945,40	1359,85
945,57	1437,67
945,74	1441,77
945,91	1470,44
946,08	1507,30
946,25	1372,14
946,42	1488,87
946,60	1505,26
946,77	1466,35
946,94	1454,06
947,11	1540,07
947,28	1343,47
947,45	1458,15
947,62	1482,73
947,79	1472,49
947,97	1552,36
948,14	1484,78
948,31	1484,78
948,48	1368,04
948,65	1421,29
948,82	1435,63
948,99	1421,29
949,16	1423,34
949,33	1421,29
949,51	1509,35
949,68	1441,77
949,85	1482,73
950,02	1406,95
950,19	1525,74
950,36	1484,78
950,53	1419,24
950,70	1495,02
950,87	1484,78
951,04	1490,92
951,22	1507,30
951,39	1495,02
951,56	1447,91
951,73	1495,02
951,90	1413,10
952,07	1449,96
952,24	1488,87
952,41	1495,02
952,58	1366,00
952,75	1462,25
952,92	1443,82
953,09	1474,54
953,26	1460,20
953,43	1419,24
953,61	1452,01
953,78	1443,82
953,95	1488,87
954,12	1441,77
954,29	1394,67
954,46	1445,87
954,63	1388,52
954,80	1513,45
954,97	1443,82
955,14	1443,82
955,31	1456,11
955,48	1425,39
955,65	1443,82
955,82	1398,76
955,99	1439,72
956,16	1503,21
956,33	1527,78
956,50	1441,77
956,67	1468,39
956,84	1538,02
957,01	1458,15
957,18	1454,06
957,35	1533,93
957,52	1425,39
957,69	1423,34
957,86	1427,43
958,03	1353,71
958,20	1421,29
958,37	1392,62
958,54	1492,97
958,71	1382,38
958,88	1511,40
959,05	1351,66
959,22	1468,39
959,39	1492,97
959,56	1447,91
959,73	1499,11
959,90	1562,60
960,07	1454,06
960,24	1443,82
960,41	1482,73
960,58	1521,64
960,75	1523,69
960,92	1456,11
961,09	1368,04
961,26	1466,35
961,43	1462,25
961,60	1423,34
961,77	1484,78
961,94	1439,72
962,11	1472,49
962,28	1511,40
962,45	1515,50
962,62	1435,63
962,79	1458,15
962,96	1452,01
963,13	1480,68
963,30	1427,43
963,47	1454,06
963,64	1423,34
963,81	1593,32
963,98	1437,67
964,14	1486,83
964,31	1435,63
964,48	1497,07
964,65	1552,36
964,82	1349,61
964,99	1431,53
965,16	1435,63
965,33	1439,72
965,50	1466,35
965,67	1507,30
965,84	1443,82
966,01	1384,43
966,18	1366,00
966,35	1402,86
966,51	1368,04
966,68	1460,20
966,85	1433,58
967,02	1484,78
967,19	1351,66
967,36	1417,19
967,53	1456,11
967,70	1382,38
967,87	1548,26
968,04	1474,54
968,21	1396,71
968,37	1439,72
968,54	1449,96
968,71	1587,18
968,88	1409,00
969,05	1462,25
969,22	1413,10
969,39	1421,29
969,56	1429,48
969,72	1456,11
969,89	1492,97
970,06	1449,96
970,23	1490,92
970,40	1501,16
970,57	1372,14
970,74	1499,11
970,91	1347,56
971,07	1480,68
971,24	1431,53
971,41	1396,71
971,58	1437,67
971,75	1423,34
971,92	1380,33
972,09	1390,57
972,25	1474,54
972,42	1443,82
972,59	1427,43
972,76	1400,81
972,93	1409,00
973,10	1468,39
973,27	1474,54
973,43	1433,58
973,60	1335,28
973,77	1517,54
973,94	1439,72
974,11	1495,02
974,28	1445,87
974,44	1386,47
974,61	1396,71
974,78	1454,06
974,95	1370,09
975,12	1435,63
975,28	1454,06
975,45	1460,20
975,62	1396,71
975,79	1386,47
975,96	1443,82
976,12	1482,73
976,29	1476,59
976,46	1423,34
976,63	1380,33
976,80	1495,02
976,96	1411,05
977,13	1374,19
977,30	1411,05
977,47	1476,59
977,64	1433,58
977,80	1406,95
977,97	1363,95
978,14	1488,87
978,31	1415,15
978,48	1425,39
978,64	1501,16
978,81	1386,47
978,98	1501,16
979,15	1423,34
979,31	1439,72
979,48	1484,78
979,65	1413,10
979,82	1460,20
979,98	1345,52
980,15	1542,12
980,32	1554,41
980,49	1478,63
980,66	1337,32
980,82	1437,67
980,99	1492,97
981,16	1333,23
981,33	1406,95
981,49	1433,58
981,66	1449,96
981,83	1390,57
981,99	1456,11
982,16	1370,09
982,33	1392,62
982,50	1427,43
982,66	1417,19
982,83	1411,05
983,00	1376,24
983,17	1378,28
983,33	1390,57
983,50	1501,16
983,67	1441,77
983,83	1341,42
984,00	1390,57
984,17	1562,60
984,34	1417,19
984,50	1427,43
984,67	1476,59
984,84	1449,96
985,00	1359,85
985,17	1363,95
985,34	1478,63
985,51	1421,29
985,67	1380,33
985,84	1431,53
986,01	1413,10
986,17	1359,85
986,34	1343,47
986,51	1433,58
986,67	1308,65
986,84	1384,43
987,01	1398,76
987,17	1349,61
987,34	1411,05
987,51	1355,76
987,67	1472,49
987,84	1394,67
988,01	1486,83
988,17	1374,19
988,34	1415,15
988,51	1456,11
988,67	1441,77
988,84	1439,72
989,01	1421,29
989,17	1374,19
989,34	1439,72
989,51	1474,54
989,67	1421,29
989,84	1456,11
990,01	1388,52
990,17	1492,97
990,34	1390,57
990,51	1452,01
990,67	1482,73
990,84	1368,04
991,01	1325,04
991,17	1464,30
991,34	1366,00
991,50	1366,00
991,67	1382,38
991,84	1386,47
992,00	1417,19
992,17	1427,43
992,34	1439,72
992,50	1449,96
992,67	1419,24
992,83	1409,00
993,00	1339,37
993,17	1460,20
993,33	1462,25
993,50	1345,52
993,66	1376,24
993,83	1474,54
994,00	1472,49
994,16	1396,71
994,33	1355,76
994,49	1456,11
994,66	1497,07
994,83	1439,72
994,99	1382,38
995,16	1503,21
995,32	1390,57
995,49	1507,30
995,66	1417,19
995,82	1351,66
995,99	1300,46
996,15	1394,67
996,32	1435,63
996,48	1363,95
996,65	1443,82
996,82	1456,11
996,98	1449,96
997,15	1419,24
997,31	1370,09
997,48	1392,62
997,64	1417,19
997,81	1476,59
997,97	1349,61
998,14	1380,33
998,31	1370,09
998,47	1415,15
998,64	1480,68
998,80	1447,91
998,97	1474,54
999,13	1415,15
999,30	1427,43
999,46	1343,47
999,63	1411,05
999,79	1372,14
999,96	1396,71
1000,12	1372,14
1000,29	1339,37
1000,45	1429,48
1000,62	1404,91
1000,79	1505,26
1000,95	1396,71
1001,12	1443,82
1001,28	1320,94
1001,45	1366,00
1001,61	1439,72
1001,78	1419,24
1001,94	1409,00
1002,11	1495,02
1002,27	1454,06
1002,44	1392,62
1002,60	1318,89
1002,77	1454,06
1002,93	1445,87
1003,10	1427,43
1003,26	1396,71
1003,43	1499,11
1003,59	1402,86
1003,76	1435,63
1003,92	1509,35
1004,09	1374,19
1004,25	1419,24
1004,41	1437,67
1004,58	1443,82
1004,74	1456,11
1004,91	1372,14
1005,07	1439,72
1005,24	1429,48
1005,40	1415,15
1005,57	1368,04
1005,73	1404,91
1005,90	1388,52
1006,06	1458,15
1006,23	1441,77
1006,39	1472,49
1006,55	1343,47
1006,72	1353,71
1006,88	1390,57
1007,05	1372,14
1007,21	1538,02
1007,38	1456,11
1007,54	1406,95
1007,71	1452,01
1007,87	1390,57
1008,03	1394,67
1008,20	1476,59
1008,36	1433,58
1008,53	1392,62
1008,69	1366,00
1008,86	1384,43
1009,02	1382,38
1009,18	1478,63
1009,35	1394,67
1009,51	1378,28
1009,68	1445,87
1009,84	1402,86
1010,01	1353,71
1010,17	1388,52
1010,33	1431,53
1010,50	1386,47
1010,66	1511,40
1010,83	1302,51
1010,99	1423,34
1011,15	1310,70
1011,32	1454,06
1011,48	1458,15
1011,65	1501,16
1011,81	1409,00
1011,97	1452,01
1012,14	1480,68
1012,30	1413,10
1012,46	1439,72
1012,63	1476,59
1012,79	1425,39
1012,96	1382,38
1013,12	1376,24
1013,28	1394,67
1013,45	1423,34
1013,61	1419,24
1013,77	1427,43
1013,94	1427,43
1014,10	1460,20
1014,26	1427,43
1014,43	1468,39
1014,59	1366,00
1014,76	1470,44
1014,92	1533,93
1015,08	1351,66
1015,25	1374,19
1015,41	1372,14
1015,57	1472,49
1015,74	1482,73
1015,90	1341,42
1016,06	1431,53
1016,23	1441,77
1016,39	1361,90
1016,55	1445,87
1016,72	1435,63
1016,88	1396,71
1017,04	1357,80
1017,21	1339,37
1017,37	1378,28
1017,53	1462,25
1017,70	1462,25
1017,86	1339,37
1018,02	1372,14
1018,19	1447,91
1018,35	1368,04
1018,51	1421,29
1018,67	1464,30
1018,84	1417,19
1019,00	1398,76
1019,16	1470,44
1019,33	1413,10
1019,49	1517,54
1019,65	1458,15
1019,82	1359,85
1019,98	1437,67
1020,14	1333,23
1020,30	1402,86
1020,47	1335,28
1020,63	1384,43
1020,79	1370,09
1020,96	1392,62
1021,12	1464,30
1021,28	1456,11
1021,44	1402,86
1021,61	1443,82
1021,77	1337,32
1021,93	1351,66
1022,09	1482,73
1022,26	1415,15
1022,42	1456,11
1022,58	1384,43
1022,74	1378,28
1022,91	1439,72
1023,07	1433,58
1023,23	1331,18
1023,39	1478,63
1023,56	1402,86
1023,72	1476,59
1023,88	1380,33
1024,04	1470,44
1024,21	1392,62
1024,37	1386,47
1024,53	1511,40
1024,69	1296,36
1024,86	1423,34
1025,02	1380,33
1025,18	1388,52
1025,34	1431,53
1025,50	1476,59
1025,67	1435,63
1025,83	1439,72
1025,99	1427,43
1026,15	1409,00
1026,32	1370,09
1026,48	1466,35
1026,64	1495,02
1026,80	1427,43
1026,96	1396,71
1027,13	1447,91
1027,29	1458,15
1027,45	1345,52
1027,61	1349,61
1027,77	1345,52
1027,94	1351,66
1028,10	1499,11
1028,26	1390,57
1028,42	1351,66
1028,58	1486,83
1028,75	1419,24
1028,91	1464,30
1029,07	1314,80
1029,23	1490,92
1029,39	1402,86
1029,55	1421,29
1029,72	1404,91
1029,88	1533,93
1030,04	1333,23
1030,20	1409,00
1030,36	1396,71
1030,52	1363,95
1030,69	1421,29
1030,85	1519,59
1031,01	1443,82
1031,17	1402,86
1031,33	1419,24
1031,49	1464,30
1031,65	1394,67
1031,82	1392,62
1031,98	1384,43
1032,14	1462,25
1032,30	1402,86
1032,46	1366,00
1032,62	1447,91
1032,78	1404,91
1032,95	1415,15
1033,11	1456,11
1033,27	1484,78
1033,43	1429,48
1033,59	1411,05
1033,75	1497,07
1033,91	1388,52
1034,07	1466,35
1034,24	1462,25
1034,40	1343,47
1034,56	1370,09
1034,72	1445,87
1034,88	1454,06
1035,04	1380,33
1035,20	1445,87
1035,36	1456,11
1035,52	1398,76
1035,68	1320,94
1035,85	1425,39
1036,01	1441,77
1036,17	1525,74
1036,33	1435,63
1036,49	1347,56
1036,65	1482,73
1036,81	1406,95
1036,97	1370,09
1037,13	1390,57
1037,29	1400,81
1037,45	1507,30
1037,61	1400,81
1037,78	1411,05
1037,94	1396,71
1038,10	1398,76
1038,26	1411,05
1038,42	1302,51
1038,58	1441,77
1038,74	1447,91
1038,90	1392,62
1039,06	1380,33
1039,22	1404,91
1039,38	1380,33
1039,54	1398,76
1039,70	1443,82
1039,86	1447,91
1040,02	1390,57
1040,18	1404,91
1040,34	1437,67
1040,50	1431,53
1040,66	1468,39
1040,83	1275,88
1040,99	1361,90
1041,15	1546,22
1041,31	1449,96
1041,47	1417,19
1041,63	1447,91
1041,79	1374,19
1041,95	1431,53
1042,11	1386,47
1042,27	1394,67
1042,43	1427,43
1042,59	1431,53
1042,75	1417,19
1042,91	1384,43
