344,25	1273,84
344,46	1273,84
344,68	1273,84
344,90	1304,56
345,12	1312,75
345,34	1339,37
345,55	1366,00
345,77	1413,10
345,99	1331,18
346,21	1320,94
346,42	1423,34
346,64	1409,00
346,86	1398,76
347,08	1462,25
347,30	1329,13
347,51	1417,19
347,73	1499,11
347,95	1501,16
348,17	1398,76
348,38	1490,92
348,60	1413,10
348,82	1372,14
349,04	1322,99
349,25	1523,69
349,47	1419,24
349,69	1384,43
349,91	1452,01
350,13	1419,24
350,34	1437,67
350,56	1345,52
350,78	1372,14
351,00	1388,52
351,21	1490,92
351,43	1429,48
351,65	1341,42
351,87	1413,10
352,08	1390,57
352,30	1392,62
352,52	1384,43
352,74	1392,62
352,95	1490,92
353,17	1443,82
353,39	1421,29
353,61	1492,97
353,82	1445,87
354,04	1423,34
354,26	1445,87
354,47	1411,05
354,69	1390,57
354,91	1427,43
355,13	1345,52
355,34	1402,86
355,56	1425,39
355,78	1458,15
356,00	1386,47
356,21	1335,28
356,43	1394,67
356,65	1406,95
356,86	1421,29
357,08	1452,01
357,30	1411,05
357,52	1409,00
357,73	1454,06
357,95	1431,53
358,17	1388,52
358,38	1359,85
358,60	1417,19
358,82	1454,06
359,04	1406,95
359,25	1540,07
359,47	1474,54
359,69	1376,24
359,90	1404,91
360,12	1470,44
360,34	1382,38
360,56	1353,71
360,77	1523,69
360,99	1490,92
361,21	1468,39
361,42	1415,15
361,64	1384,43
361,86	1406,95
362,07	1390,57
362,29	1439,72
362,51	1503,21
362,73	1370,09
362,94	1413,10
363,16	1513,45
363,38	1386,47
363,59	1564,65
363,81	1456,11
364,03	1357,80
364,24	1505,26
364,46	1396,71
364,68	1507,30
364,89	1501,16
365,11	1388,52
365,33	1443,82
365,54	1390,57
365,76	1447,91
365,98	1437,67
366,19	1540,07
366,41	1490,92
366,63	1413,10
366,84	1409,00
367,06	1394,67
367,28	1480,68
367,49	1452,01
367,71	1460,20
367,93	1357,80
368,14	1460,20
368,36	1331,18
368,58	1398,76
368,79	1431,53
369,01	1476,59
369,23	1468,39
369,44	1419,24
369,66	1425,39
369,88	1456,11
370,09	1388,52
370,31	1437,67
370,53	1499,11
370,74	1411,05
370,96	1390,57
371,18	1417,19
371,39	1390,57
371,61	1497,07
371,82	1458,15
372,04	1398,76
372,26	1480,68
372,47	1454,06
372,69	1468,39
372,91	1449,96
373,12	1441,77
373,34	1464,30
373,56	1423,34
373,77	1386,47
373,99	1454,06
374,20	1460,20
374,42	1464,30
374,64	1529,83
374,85	1406,95
375,07	1499,11
375,29	1423,34
375,50	1492,97
375,72	1427,43
375,93	1411,05
376,15	1472,49
376,37	1433,58
376,58	1382,38
376,80	1452,01
377,01	1406,95
377,23	1427,43
377,45	1417,19
377,66	1413,10
377,88	1384,43
378,10	1390,57
378,31	1466,35
378,53	1640,42
378,74	1474,54
378,96	1558,50
379,18	1417,19
379,39	1472,49
379,61	1439,72
379,82	1443,82
380,04	1480,68
380,26	1515,50
380,47	1435,63
380,69	1505,26
380,90	1501,16
381,12	1427,43
381,33	1462,25
381,55	1468,39
381,77	1396,71
381,98	1484,78
382,20	1347,56
382,41	1517,54
382,63	1363,95
382,85	1482,73
383,06	1419,24
383,28	1519,59
383,49	1488,87
383,71	1507,30
383,92	1394,67
384,14	1406,95
384,36	1372,14
384,57	1447,91
384,79	1372,14
385,00	1472,49
385,22	1486,83
385,43	1320,94
385,65	1380,33
385,87	1429,48
386,08	1427,43
386,30	1427,43
386,51	1462,25
386,73	1439,72
386,94	1445,87
387,16	1376,24
387,37	1507,30
387,59	1462,25
387,81	1370,09
388,02	1497,07
388,24	1312,75
388,45	1435,63
388,67	1437,67
388,88	1466,35
389,10	1417,19
389,31	1527,78
389,53	1437,67
389,75	1492,97
389,96	1466,35
390,18	1368,04
390,39	1351,66
390,61	1452,01
390,82	1413,10
391,04	1443,82
391,25	1441,77
391,47	1439,72
391,68	1390,57
391,90	1445,87
392,11	1425,39
392,33	1435,63
392,54	1325,04
392,76	1495,02
392,97	1409,00
393,19	1474,54
393,41	1363,95
393,62	1378,28
393,84	1431,53
394,05	1505,26
394,27	1460,20
394,48	1433,58
394,70	1505,26
394,91	1415,15
395,13	1445,87
395,34	1343,47
395,56	1404,91
395,77	1445,87
395,99	1427,43
396,20	1437,67
396,42	1406,95
396,63	1400,81
396,85	1423,34
397,06	1454,06
397,28	1462,25
397,49	1472,49
397,71	1452,01
397,92	1409,00
398,14	1402,86
398,35	1587,18
398,57	1409,00
398,78	1513,45
399,00	1441,77
399,21	1447,91
399,43	1427,43
399,64	1406,95
399,86	1345,52
400,07	1409,00
400,29	1400,81
400,50	1492,97
400,72	1409,00
400,93	1484,78
401,14	1396,71
401,36	1372,14
401,57	1437,67
401,79	1492,97
402,00	1454,06
402,22	1562,60
402,43	1445,87
402,65	1480,68
402,86	1411,05
403,08	1492,97
403,29	1427,43
403,51	1472,49
403,72	1449,96
403,94	1433,58
404,15	1388,52
404,36	1445,87
404,58	1699,81
404,79	1466,35
405,01	1452,01
405,22	1492,97
405,44	1433,58
405,65	1456,11
405,87	1460,20
406,08	1357,80
406,30	1388,52
406,51	1492,97
406,72	1499,11
406,94	1417,19
407,15	1447,91
407,37	1497,07
407,58	1458,15
407,80	1468,39
408,01	1394,67
408,23	1431,53
408,44	1484,78
408,65	1413,10
408,87	1439,72
409,08	1523,69
409,30	1423,34
409,51	1447,91
409,73	1464,30
409,94	1452,01
410,15	1517,54
410,37	1523,69
410,58	1439,72
410,80	1409,00
411,01	1441,77
411,23	1435,63
411,44	1409,00
411,65	1472,49
411,87	1497,07
412,08	1474,54
412,30	1503,21
412,51	1464,30
412,72	1517,54
412,94	1462,25
413,15	1411,05
413,37	1449,96
413,58	1474,54
413,79	1492,97
414,01	1390,57
414,22	1527,78
414,44	1441,77
414,65	1464,30
414,86	1474,54
415,08	1435,63
415,29	1439,72
415,51	1421,29
415,72	1441,77
415,93	1415,15
416,15	1466,35
416,36	1411,05
416,58	1501,16
416,79	1415,15
417,00	1378,28
417,22	1411,05
417,43	1421,29
417,65	1503,21
417,86	1472,49
418,07	1425,39
418,29	1433,58
418,50	1425,39
418,71	1488,87
418,93	1462,25
419,14	1394,67
419,36	1366,00
419,57	1472,49
419,78	1495,02
420,00	1380,33
420,21	1454,06
420,42	1474,54
420,64	1421,29
420,85	1431,53
421,06	1527,78
421,28	1419,24
421,49	1443,82
421,71	1566,70
421,92	1406,95
422,13	1462,25
422,35	1421,29
422,56	1523,69
422,77	1511,40
422,99	1468,39
423,20	1400,81
423,41	1419,24
423,63	1474,54
423,84	1378,28
424,05	1550,31
424,27	1425,39
424,48	1460,20
424,69	1501,16
424,91	1740,77
425,12	1376,24
425,33	1423,34
425,55	1503,21
425,76	1413,10
425,97	1460,20
426,19	1384,43
426,40	1480,68
426,61	1456,11
426,83	1366,00
427,04	1488,87
427,25	1527,78
427,47	1538,02
427,68	1423,34
427,89	1382,38
428,11	1513,45
428,32	1503,21
428,53	1460,20
428,75	1406,95
428,96	1435,63
429,17	1337,32
429,39	1425,39
429,60	1445,87
429,81	1478,63
430,03	1431,53
430,24	1353,71
430,45	1406,95
430,67	1425,39
430,88	1454,06
431,09	1423,34
431,30	1419,24
431,52	1462,25
431,73	1433,58
431,94	1439,72
432,16	1468,39
432,37	1425,39
432,58	1443,82
432,80	1492,97
433,01	1554,41
433,22	1443,82
433,43	1462,25
433,65	1449,96
433,86	1419,24
434,07	1398,76
434,29	1437,67
434,50	1327,08
434,71	1533,93
434,92	1433,58
435,14	1458,15
435,35	1458,15
435,56	1433,58
435,77	1488,87
435,99	1402,86
436,20	1419,24
436,41	1519,59
436,63	1353,71
436,84	1445,87
437,05	1464,30
437,26	1486,83
437,48	1460,20
437,69	1501,16
437,90	1460,20
438,11	1435,63
438,33	1417,19
438,54	1441,77
438,75	1417,19
438,96	1513,45
439,18	1353,71
439,39	1509,35
439,60	1458,15
439,82	1351,66
440,03	1484,78
440,24	1488,87
440,45	1454,06
440,67	1425,39
440,88	1460,20
441,09	1435,63
441,30	1468,39
441,51	1523,69
441,73	1431,53
441,94	1347,56
442,15	1435,63
442,36	1449,96
442,58	1443,82
442,79	1353,71
443,00	1441,77
443,21	1531,88
443,43	1454,06
443,64	1437,67
443,85	1466,35
444,06	1486,83
444,28	1519,59
444,49	1454,06
444,70	1505,26
444,91	1462,25
445,12	1429,48
445,34	1425,39
445,55	1521,64
445,76	1437,67
445,97	1413,10
446,18	1425,39
446,40	1443,82
446,61	1435,63
446,82	1394,67
447,03	1521,64
447,25	1445,87
447,46	1429,48
447,67	1388,52
447,88	1380,33
448,09	1464,30
448,31	1431,53
448,52	1439,72
448,73	1464,30
448,94	1488,87
449,15	1452,01
449,37	1476,59
449,58	1535,98
449,79	1423,34
450,00	1527,78
450,21	1452,01
450,43	1466,35
450,64	1378,28
450,85	1329,13
451,06	1497,07
451,27	1462,25
451,48	1423,34
451,70	1470,44
451,91	1439,72
452,12	1538,02
452,33	1488,87
452,54	1415,15
452,76	1495,02
452,97	1474,54
453,18	1409,00
453,39	1443,82
453,60	1460,20
453,81	1427,43
454,03	1478,63
454,24	1366,00
454,45	1447,91
454,66	1372,14
454,87	1472,49
455,08	1464,30
455,30	1447,91
455,51	1439,72
455,72	1456,11
455,93	1511,40
456,14	1441,77
456,35	1511,40
456,56	1458,15
456,78	1435,63
456,99	1568,74
457,20	1454,06
457,41	1462,25
457,62	1497,07
457,83	1513,45
458,04	1468,39
458,26	1439,72
458,47	1456,11
458,68	1378,28
458,89	1406,95
459,10	1456,11
459,31	1527,78
459,52	1478,63
459,74	1439,72
459,95	1484,78
460,16	1357,80
460,37	1525,74
460,58	1497,07
460,79	1468,39
461,00	1566,70
461,21	1351,66
461,43	1445,87
461,64	1411,05
461,85	1470,44
462,06	1370,09
462,27	1402,86
462,48	1507,30
462,69	1439,72
462,90	1472,49
463,12	1529,83
463,33	1423,34
463,54	1423,34
463,75	1437,67
463,96	1486,83
464,17	1529,83
464,38	1456,11
464,59	1458,15
464,80	1474,54
465,01	1462,25
465,23	1505,26
465,44	1376,24
465,65	1429,48
465,86	1492,97
466,07	1458,15
466,28	1409,00
466,49	1548,26
466,70	1564,65
466,91	1452,01
467,12	1433,58
467,33	1417,19
467,55	1376,24
467,76	1380,33
467,97	1427,43
468,18	1417,19
468,39	1452,01
468,60	1513,45
468,81	1468,39
469,02	1488,87
469,23	1472,49
469,44	1513,45
469,65	1388,52
469,86	1425,39
470,07	1447,91
470,29	1552,36
470,50	1388,52
470,71	1511,40
470,92	1423,34
471,13	1417,19
471,34	1488,87
471,55	1454,06
471,76	1462,25
471,97	1433,58
472,18	1497,07
472,39	1366,00
472,60	1492,97
472,81	1517,54
473,02	1454,06
473,23	1540,07
473,44	1398,76
473,65	1513,45
473,87	1404,91
474,08	1486,83
474,29	1366,00
474,50	1390,57
474,71	1497,07
474,92	1538,02
475,13	1439,72
475,34	1462,25
475,55	1433,58
475,76	1433,58
475,97	1531,88
476,18	1398,76
476,39	1464,30
476,60	1470,44
476,81	1511,40
477,02	1495,02
477,23	1486,83
477,44	1554,41
477,65	1441,77
477,86	1482,73
478,07	1576,94
478,28	1456,11
478,49	1521,64
478,70	1460,20
478,91	1298,41
479,12	1462,25
479,33	1390,57
479,54	1400,81
479,75	1525,74
479,96	1544,17
480,17	1472,49
480,38	1333,23
480,59	1402,86
480,80	1527,78
481,01	1374,19
481,22	1495,02
481,43	1435,63
481,64	1464,30
481,85	1421,29
482,06	1501,16
482,27	1540,07
482,48	1411,05
482,69	1515,50
482,90	1472,49
483,11	1550,31
483,32	1445,87
483,53	1423,34
483,74	1531,88
483,95	1488,87
484,16	1382,38
484,37	1417,19
484,58	1435,63
484,79	1419,24
485,00	1435,63
485,21	1394,67
485,42	1445,87
485,63	1525,74
485,84	1411,05
486,05	1435,63
486,26	1476,59
486,47	1521,64
486,68	1441,77
486,89	1480,68
487,10	1499,11
487,31	1437,67
487,52	1474,54
487,73	1570,79
487,94	1558,50
488,15	1409,00
488,36	1505,26
488,57	1380,33
488,77	1447,91
488,98	1417,19
489,19	1468,39
489,40	1470,44
489,61	1447,91
489,82	1462,25
490,03	1468,39
490,24	1374,19
490,45	1431,53
490,66	1437,67
490,87	1435,63
491,08	1454,06
491,29	1480,68
491,50	1427,43
491,71	1468,39
491,92	1454,06
492,13	1454,06
492,33	1388,52
492,54	1404,91
492,75	1427,43
492,96	1374,19
493,17	1466,35
493,38	1458,15
493,59	1480,68
493,80	1499,11
494,01	1472,49
494,22	1445,87
494,43	1472,49
494,64	1454,06
494,85	1529,83
495,05	1456,11
495,26	1441,77
495,47	1429,48
495,68	1458,15
495,89	1486,83
496,10	1447,91
496,31	1431,53
496,52	1411,05
496,73	1486,83
496,94	1396,71
497,15	1515,50
497,35	1564,65
497,56	1507,30
497,77	1488,87
497,98	1411,05
498,19	1454,06
498,40	1447,91
498,61	1533,93
498,82	1353,71
499,03	1433,58
499,23	1437,67
499,44	1425,39
499,65	1560,55
499,86	1476,59
500,07	1478,63
500,28	1419,24
500,49	1503,21
500,70	1435,63
500,91	1406,95
501,11	1574,89
501,32	1456,11
501,53	1423,34
501,74	1464,30
501,95	1447,91
502,16	1556,46
502,37	1419,24
502,57	1460,20
502,78	1521,64
502,99	1447,91
503,20	1439,72
503,41	1488,87
503,62	1476,59
503,83	1495,02
504,03	1439,72
504,24	1390,57
504,45	1521,64
504,66	1476,59
504,87	1583,08
505,08	1413,10
505,29	1460,20
505,49	1470,44
505,70	1529,83
505,91	1554,41
506,12	1447,91
506,33	1507,30
506,54	1521,64
506,75	1458,15
506,95	1427,43
507,16	1554,41
507,37	1394,67
507,58	1499,11
507,79	1501,16
508,00	1533,93
508,20	1386,47
508,41	1439,72
508,62	1411,05
508,83	1521,64
509,04	1382,38
509,24	1486,83
509,45	1816,55
509,66	1501,16
509,87	1503,21
510,08	1462,25
510,29	1470,44
510,49	1492,97
510,70	1421,29
510,91	1488,87
511,12	1517,54
511,33	1437,67
511,53	1472,49
511,74	1497,07
511,95	1386,47
512,16	1505,26
512,37	1519,59
512,57	1402,86
512,78	1495,02
512,99	1396,71
513,20	1509,35
513,41	1556,46
513,61	1447,91
513,82	1492,97
514,03	1431,53
514,24	1456,11
514,45	1507,30
514,65	1517,54
514,86	1562,60
515,07	1495,02
515,28	1482,73
515,49	1380,33
515,69	1550,31
515,90	1486,83
516,11	1462,25
516,32	1464,30
516,52	1452,01
516,73	1492,97
516,94	1550,31
517,15	1486,83
517,36	1454,06
517,56	1531,88
517,77	1404,91
517,98	1472,49
518,19	1404,91
518,39	1458,15
518,60	1417,19
518,81	1554,41
519,02	1468,39
519,22	1474,54
519,43	1484,78
519,64	1429,48
519,85	1462,25
520,05	1486,83
520,26	1409,00
520,47	1519,59
520,68	1468,39
520,88	1382,38
521,09	1462,25
521,30	1480,68
521,51	1458,15
521,71	1544,17
521,92	1382,38
522,13	1499,11
522,34	1458,15
522,54	1417,19
522,75	1390,57
522,96	1474,54
523,17	1560,55
523,37	1527,78
523,58	1449,96
523,79	1452,01
523,99	1492,97
524,20	1511,40
524,41	1495,02
524,62	1456,11
524,82	1533,93
525,03	1464,30
525,24	1531,88
525,45	1464,30
525,65	1398,76
525,86	1474,54
526,07	1490,92
526,27	1458,15
526,48	1443,82
526,69	1589,22
526,90	1415,15
527,10	1515,50
527,31	1509,35
527,52	1429,48
527,72	1513,45
527,93	1492,97
528,14	1470,44
528,34	1456,11
528,55	1390,57
528,76	1458,15
528,97	1509,35
529,17	1421,29
529,38	1406,95
529,59	1546,22
529,79	1454,06
530,00	1497,07
530,21	1490,92
530,41	1452,01
530,62	1470,44
530,83	1488,87
531,03	1527,78
531,24	1507,30
531,45	1513,45
531,65	1540,07
531,86	1400,81
532,07	1486,83
532,27	1456,11
532,48	1515,50
532,69	1480,68
532,89	1447,91
533,10	1402,86
533,31	1464,30
533,51	1464,30
533,72	1441,77
533,93	1396,71
534,13	1466,35
534,34	1472,49
534,55	1476,59
534,75	1533,93
534,96	1482,73
535,17	1421,29
535,37	1546,22
535,58	1480,68
535,79	1542,12
535,99	1398,76
536,20	1472,49
536,41	1501,16
536,61	1427,43
536,82	1501,16
537,03	1437,67
537,23	1464,30
537,44	1480,68
537,64	1470,44
537,85	1497,07
538,06	1523,69
538,26	1523,69
538,47	1437,67
538,68	1449,96
538,88	1462,25
539,09	1476,59
539,30	1406,95
539,50	1548,26
539,71	1388,52
539,91	1546,22
540,12	1456,11
540,33	1415,15
540,53	1466,35
540,74	1456,11
540,94	1521,64
541,15	1542,12
541,36	1513,45
541,56	1488,87
541,77	1464,30
541,98	1521,64
542,18	1546,22
542,39	1554,41
542,59	1423,34
542,80	1429,48
543,01	1372,14
543,21	1472,49
543,42	1546,22
543,62	1538,02
543,83	1411,05
544,04	1421,29
544,24	1468,39
544,45	1423,34
544,65	1503,21
544,86	1517,54
545,06	1449,96
545,27	1456,11
545,48	1433,58
545,68	1492,97
545,89	1396,71
546,09	1398,76
546,30	1495,02
546,51	1542,12
546,71	1468,39
546,92	1394,67
547,12	1482,73
547,33	1353,71
547,53	1486,83
547,74	1437,67
547,95	1505,26
548,15	1480,68
548,36	1472,49
548,56	1492,97
548,77	1466,35
548,97	1472,49
549,18	1302,51
549,39	1454,06
549,59	1474,54
549,80	1482,73
550,00	1431,53
550,21	1509,35
550,41	1452,01
550,62	1474,54
550,82	1480,68
551,03	1363,95
551,23	1411,05
551,44	1452,01
551,65	1476,59
551,85	1439,72
552,06	1466,35
552,26	1421,29
552,47	1413,10
552,67	1443,82
552,88	1404,91
553,08	1468,39
553,29	1447,91
553,49	1488,87
553,70	1478,63
553,90	1474,54
554,11	1417,19
554,32	1566,70
554,52	1394,67
554,73	1413,10
554,93	1402,86
555,14	1398,76
555,34	1406,95
555,55	1566,70
555,75	1441,77
555,96	1523,69
556,16	1419,24
556,37	1613,80
556,57	1476,59
556,78	1460,20
556,98	1456,11
557,19	1566,70
557,39	1474,54
557,60	1470,44
557,80	1421,29
558,01	1464,30
558,21	1435,63
558,42	1466,35
558,62	1392,62
558,83	1560,55
559,03	1429,48
559,24	1382,38
559,44	1464,30
559,65	1435,63
559,85	1419,24
560,06	1421,29
560,26	1548,26
560,47	1499,11
560,67	1552,36
560,88	1404,91
561,08	1589,22
561,29	1527,78
561,49	1429,48
561,70	1484,78
561,90	1519,59
562,10	1464,30
562,31	1458,15
562,51	1384,43
562,72	1417,19
562,92	1427,43
563,13	1527,78
563,33	1478,63
563,54	1513,45
563,74	1507,30
563,95	1497,07
564,15	1423,34
564,36	1380,33
564,56	1503,21
564,76	1435,63
564,97	1429,48
565,17	1519,59
565,38	1538,02
565,58	1466,35
565,79	1431,53
565,99	1476,59
566,20	1484,78
566,40	1419,24
566,60	1572,84
566,81	1533,93
567,01	1581,03
567,22	1476,59
567,42	1470,44
567,63	1456,11
567,83	1488,87
568,04	1497,07
568,24	1476,59
568,44	1552,36
568,65	1468,39
568,85	1468,39
569,06	1550,31
569,26	1449,96
569,47	1507,30
569,67	1355,76
569,87	1421,29
570,08	1470,44
570,28	1529,83
570,49	1413,10
570,69	1617,90
570,89	1525,74
571,10	1488,87
571,30	1423,34
571,51	1495,02
571,71	1454,06
571,91	1542,12
572,12	1550,31
572,32	1523,69
572,53	1441,77
572,73	1521,64
572,93	1515,50
573,14	1511,40
573,34	1449,96
573,55	1454,06
573,75	1425,39
573,95	1484,78
574,16	1546,22
574,36	1570,79
574,57	1558,50
574,77	1425,39
574,97	1425,39
575,18	1484,78
575,38	1419,24
575,59	1507,30
575,79	1538,02
575,99	1460,20
576,20	1495,02
576,40	1507,30
576,60	1562,60
576,81	1454,06
577,01	1470,44
577,22	1519,59
577,42	1437,67
577,62	1394,67
577,83	1513,45
578,03	1472,49
578,23	1490,92
578,44	1535,98
578,64	1468,39
578,84	1458,15
579,05	1454,06
579,25	1495,02
579,45	1505,26
579,66	1495,02
579,86	1378,28
580,07	1484,78
580,27	1521,64
580,47	1449,96
580,68	1490,92
580,88	1456,11
581,08	1370,09
581,29	1513,45
581,49	1415,15
581,69	1556,46
581,90	1492,97
582,10	1415,15
582,30	1458,15
582,51	1470,44
582,71	1431,53
582,91	1404,91
583,12	1478,63
583,32	1443,82
583,52	1425,39
583,73	1423,34
583,93	1402,86
584,13	1445,87
584,34	1447,91
584,54	1484,78
584,74	1511,40
584,94	1521,64
585,15	1425,39
585,35	1578,98
585,55	1515,50
585,76	1521,64
585,96	1441,77
586,16	1505,26
586,37	1468,39
586,57	1435,63
586,77	1507,30
586,98	1447,91
587,18	1435,63
587,38	1550,31
587,58	1466,35
587,79	1452,01
587,99	1427,43
588,19	1462,25
588,40	1378,28
588,60	1497,07
588,80	1499,11
589,00	1458,15
589,21	1482,73
589,41	1443,82
589,61	1460,20
589,82	1523,69
590,02	1474,54
590,22	1583,08
590,42	1517,54
590,63	1490,92
590,83	1546,22
591,03	1531,88
591,23	1509,35
591,44	1439,72
591,64	1460,20
591,84	1488,87
592,05	1525,74
592,25	1515,50
592,45	1433,58
592,65	1533,93
592,86	1421,29
593,06	1484,78
593,26	1443,82
593,46	1554,41
593,67	1359,85
593,87	1533,93
594,07	1468,39
594,27	1435,63
594,48	1421,29
594,68	1482,73
594,88	1474,54
595,08	1503,21
595,29	1425,39
595,49	1548,26
595,69	1392,62
595,89	1468,39
596,10	1519,59
596,30	1488,87
596,50	1447,91
596,70	1456,11
596,90	1488,87
597,11	1411,05
597,31	1384,43
597,51	1474,54
597,71	1505,26
597,92	1566,70
598,12	1472,49
598,32	1492,97
598,52	1454,06
598,72	1452,01
598,93	1474,54
599,13	1548,26
599,33	1462,25
599,53	1546,22
599,74	1435,63
599,94	1476,59
600,14	1511,40
600,34	1421,29
600,54	1562,60
600,75	1406,95
600,95	1447,91
601,15	1546,22
601,35	1484,78
601,55	1546,22
601,76	1470,44
601,96	1621,99
602,16	1490,92
602,36	1529,83
602,56	1413,10
602,76	1443,82
602,97	1462,25
603,17	1488,87
603,37	1470,44
603,57	1525,74
603,77	1519,59
603,98	1439,72
604,18	1431,53
604,38	1499,11
604,58	1409,00
604,78	1466,35
604,98	1384,43
605,19	1501,16
605,39	1521,64
605,59	1546,22
605,79	1521,64
605,99	1409,00
606,19	1478,63
606,40	1454,06
606,60	1431,53
606,80	1423,34
607,00	1421,29
607,20	1433,58
607,40	1470,44
607,61	1525,74
607,81	1435,63
608,01	1538,02
608,21	1513,45
608,41	1476,59
608,61	1488,87
608,81	1433,58
609,02	1406,95
609,22	1392,62
609,42	1433,58
609,62	1431,53
609,82	1458,15
610,02	1624,04
610,22	1437,67
610,43	1402,86
610,63	1521,64
610,83	1513,45
611,03	1454,06
611,23	1466,35
611,43	1400,81
611,63	1478,63
611,83	1429,48
612,04	1513,45
612,24	1538,02
612,44	1515,50
612,64	1511,40
612,84	1390,57
613,04	1394,67
613,24	1484,78
613,44	1402,86
613,64	1513,45
613,85	1638,38
614,05	1476,59
614,25	1499,11
614,45	1476,59
614,65	1413,10
614,85	1472,49
615,05	1447,91
615,25	1452,01
615,45	1515,50
615,65	1394,67
615,86	1515,50
616,06	1452,01
616,26	1482,73
616,46	1550,31
616,66	1482,73
616,86	1505,26
617,06	1460,20
617,26	1533,93
617,46	1460,20
617,66	1542,12
617,86	1542,12
618,07	1456,11
618,27	1544,17
618,47	1470,44
618,67	1499,11
618,87	1431,53
619,07	1529,83
619,27	1454,06
619,47	1470,44
619,67	1548,26
619,87	1511,40
620,07	1558,50
620,27	1554,41
620,47	1546,22
620,67	1460,20
620,87	1468,39
621,07	1570,79
621,28	1421,29
621,48	1431,53
621,68	1439,72
621,88	1550,31
622,08	1454,06
622,28	1544,17
622,48	1564,65
622,68	1486,83
622,88	1529,83
623,08	1480,68
623,28	1490,92
623,48	1492,97
623,68	1460,20
623,88	1423,34
624,08	1595,37
624,28	1398,76
624,48	1542,12
624,68	1449,96
624,88	1527,78
625,08	1558,50
625,28	1449,96
625,48	1484,78
625,68	1554,41
625,88	1538,02
626,08	1415,15
626,28	1525,74
626,48	1472,49
626,68	1406,95
626,88	1521,64
627,08	1542,12
627,28	1583,08
627,48	1445,87
627,68	1488,87
627,88	1503,21
628,08	1548,26
628,28	1452,01
628,49	1570,79
628,68	1464,30
628,88	1570,79
629,08	1492,97
629,28	1505,26
629,48	1470,44
629,68	1476,59
629,88	1492,97
630,08	1527,78
630,28	1464,30
630,48	1478,63
630,68	1482,73
630,88	1538,02
631,08	1404,91
631,28	1544,17
631,48	1433,58
631,68	1488,87
631,88	1519,59
632,08	1538,02
632,28	1527,78
632,48	1482,73
632,68	1423,34
632,88	1552,36
633,08	1456,11
633,28	1499,11
633,48	1515,50
633,68	1443,82
633,88	1433,58
634,08	1562,60
634,28	1517,54
634,48	1488,87
634,68	1501,16
634,88	1495,02
635,08	1462,25
635,28	1523,69
635,48	1503,21
635,68	1478,63
635,87	1472,49
636,07	1521,64
636,27	1478,63
636,47	1574,89
636,67	1525,74
636,87	1519,59
637,07	1550,31
637,27	1509,35
637,47	1531,88
637,67	1591,27
637,87	1384,43
638,07	1624,04
638,27	1421,29
638,47	1511,40
638,67	1531,88
638,86	1626,09
639,06	1509,35
639,26	1540,07
639,46	1433,58
639,66	1554,41
639,86	1511,40
640,06	1540,07
640,26	1480,68
640,46	1550,31
640,66	1501,16
640,86	1519,59
641,06	1507,30
641,25	1521,64
641,45	1478,63
641,65	1501,16
641,85	1478,63
642,05	1490,92
642,25	1525,74
642,45	1474,54
642,65	1535,98
642,85	1507,30
643,05	1583,08
643,24	1517,54
643,44	1357,80
643,64	1560,55
643,84	1478,63
644,04	1474,54
644,24	1572,84
644,44	1542,12
644,64	1472,49
644,84	1544,17
645,03	1560,55
645,23	1525,74
645,43	1447,91
645,63	1525,74
645,83	1552,36
646,03	1468,39
646,23	1527,78
646,42	1572,84
646,62	1550,31
646,82	1548,26
647,02	1452,01
647,22	1583,08
647,42	1583,08
647,62	1517,54
647,82	1548,26
648,01	1662,95
648,21	1425,39
648,41	1507,30
648,61	1564,65
648,81	1595,37
649,01	1470,44
649,20	1464,30
649,40	1574,89
649,60	1511,40
649,80	1454,06
650,00	1546,22
650,20	1533,93
650,40	1546,22
650,59	1447,91
650,79	1538,02
650,99	1572,84
651,19	1503,21
651,39	1583,08
651,58	1583,08
651,78	1564,65
651,98	1601,51
652,18	1361,90
652,38	1476,59
652,58	1523,69
652,77	1513,45
652,97	1591,27
653,17	1501,16
653,37	1525,74
653,57	1554,41
653,77	1556,46
653,96	1513,45
654,16	1497,07
654,36	1488,87
654,56	1601,51
654,76	1513,45
654,95	1409,00
655,15	1482,73
655,35	1576,94
655,55	1427,43
655,75	1486,83
655,94	1533,93
656,14	1503,21
656,34	1513,45
656,54	1468,39
656,73	1495,02
656,93	1535,98
657,13	1599,46
657,33	1548,26
657,53	1503,21
657,72	1505,26
657,92	1529,83
658,12	1566,70
658,32	1685,48
658,52	1400,81
658,71	1501,16
658,91	1460,20
659,11	1501,16
659,31	1558,50
659,50	1529,83
659,70	1497,07
659,90	1566,70
660,10	1484,78
660,29	1480,68
660,49	1462,25
660,69	1660,90
660,89	1607,66
661,08	1533,93
661,28	1480,68
661,48	1544,17
661,68	1472,49
661,87	1484,78
662,07	1568,74
662,27	1540,07
662,47	1583,08
662,66	1531,88
662,86	1458,15
663,06	1495,02
663,26	1466,35
663,45	1564,65
663,65	1564,65
663,85	1517,54
664,05	1480,68
664,24	1509,35
664,44	1456,11
664,64	1554,41
664,84	1468,39
665,03	1638,38
665,23	1554,41
665,43	1535,98
665,62	1437,67
665,82	1433,58
666,02	1492,97
666,22	1486,83
666,41	1558,50
666,61	1624,04
666,81	1642,47
667,00	1433,58
667,20	1472,49
667,40	1486,83
667,60	1538,02
667,79	1562,60
667,99	1505,26
668,19	1587,18
668,38	1488,87
668,58	1497,07
668,78	1468,39
668,97	1568,74
669,17	1511,40
669,37	1568,74
669,57	1501,16
669,76	1538,02
669,96	1501,16
670,16	1568,74
670,35	1533,93
670,55	1525,74
670,75	1523,69
670,94	1499,11
671,14	1554,41
671,34	1619,94
671,53	1470,44
671,73	1578,98
671,93	1478,63
672,12	1558,50
672,32	1535,98
672,52	1495,02
672,71	1542,12
672,91	1570,79
673,11	1568,74
673,30	1544,17
673,50	1531,88
673,70	1488,87
673,89	1460,20
674,09	1527,78
674,29	1466,35
674,48	1560,55
674,68	1495,02
674,88	1568,74
675,07	1490,92
675,27	1482,73
675,46	1505,26
675,66	1531,88
675,86	1437,67
676,05	1564,65
676,25	1525,74
676,45	1548,26
676,64	1519,59
676,84	1509,35
677,04	1454,06
677,23	1472,49
677,43	1525,74
677,62	1634,28
677,82	1550,31
678,02	1480,68
678,21	1452,01
678,41	1460,20
678,61	1437,67
678,80	1517,54
679,00	1533,93
679,19	1525,74
679,39	1595,37
679,59	1525,74
679,78	1519,59
679,98	1505,26
680,17	1466,35
680,37	1488,87
680,57	1511,40
680,76	1613,80
680,96	1519,59
681,16	1443,82
681,35	1433,58
681,55	1540,07
681,74	1517,54
681,94	1509,35
682,13	1488,87
682,33	1490,92
682,53	1458,15
682,72	1587,18
682,92	1527,78
683,11	1478,63
683,31	1568,74
683,51	1488,87
683,70	1501,16
683,90	1521,64
684,09	1546,22
684,29	1472,49
684,48	1529,83
684,68	1509,35
684,88	1632,23
685,07	1497,07
685,27	1429,48
685,46	1548,26
685,66	1531,88
685,85	1495,02
686,05	1634,28
686,25	1503,21
686,44	1470,44
686,64	1513,45
686,83	1521,64
687,03	1583,08
687,22	1505,26
687,42	1513,45
687,61	1570,79
687,81	1566,70
688,01	1552,36
688,20	1472,49
688,40	1544,17
688,59	1517,54
688,79	1564,65
688,98	1511,40
689,18	1558,50
689,37	1552,36
689,57	1585,13
689,76	1578,98
689,96	1542,12
690,15	1533,93
690,35	1439,72
690,54	1519,59
690,74	1527,78
690,94	1521,64
691,13	1495,02
691,33	1587,18
691,52	1609,70
691,72	1611,75
691,91	1503,21
692,11	1523,69
692,30	1525,74
692,50	1607,66
692,69	1552,36
692,89	1542,12
693,08	1523,69
693,28	1476,59
693,47	1570,79
693,67	1601,51
693,86	1454,06
694,06	1601,51
694,25	1503,21
694,45	1533,93
694,64	1474,54
694,84	1519,59
695,03	1603,56
695,23	1538,02
695,42	1593,32
695,62	1560,55
695,81	1583,08
696,01	1570,79
696,20	1437,67
696,40	1544,17
696,59	1361,90
696,78	1486,83
696,98	1509,35
697,17	1486,83
697,37	1552,36
697,56	1527,78
697,76	1568,74
697,95	1519,59
698,15	1523,69
698,34	1587,18
698,54	1476,59
698,73	1621,99
698,93	1595,37
699,12	1484,78
699,32	1566,70
699,51	1509,35
699,70	1447,91
699,90	1568,74
700,09	1484,78
700,29	1492,97
700,48	1452,01
700,68	1468,39
700,87	1468,39
701,07	1497,07
701,26	1505,26
701,45	1562,60
701,65	1470,44
701,84	1454,06
702,04	1456,11
702,23	1505,26
702,43	1449,96
702,62	1501,16
702,81	1462,25
703,01	1441,77
703,20	1531,88
703,40	1423,34
703,59	1470,44
703,79	1456,11
703,98	1435,63
704,17	1505,26
704,37	1394,67
704,56	1460,20
704,76	1480,68
704,95	1497,07
705,14	1400,81
705,34	1454,06
705,53	1488,87
705,73	1404,91
705,92	1445,87
706,11	1415,15
706,31	1423,34
706,50	1472,49
706,70	1400,81
706,89	1445,87
707,08	1464,30
707,28	1497,07
707,47	1427,43
707,67	1423,34
707,86	1433,58
708,05	1439,72
708,25	1425,39
708,44	1351,66
708,64	1404,91
708,83	1431,53
709,02	1433,58
709,22	1503,21
709,41	1454,06
709,60	1507,30
709,80	1423,34
709,99	1462,25
710,19	1396,71
710,38	1419,24
710,57	1382,38
710,77	1417,19
710,96	1433,58
711,15	1406,95
711,35	1421,29
711,54	1411,05
711,73	1443,82
711,93	1427,43
712,12	1429,48
712,31	1429,48
712,51	1429,48
712,70	1415,15
712,89	1318,89
713,09	1449,96
713,28	1452,01
713,48	1464,30
713,67	1378,28
713,86	1413,10
714,06	1380,33
714,25	1390,57
714,44	1419,24
714,64	1421,29
714,83	1406,95
715,02	1411,05
715,22	1464,30
715,41	1427,43
715,60	1382,38
715,79	1447,91
715,99	1476,59
716,18	1470,44
716,37	1345,52
716,57	1421,29
716,76	1505,26
716,95	1390,57
717,15	1423,34
717,34	1402,86
717,53	1298,41
717,73	1441,77
717,92	1351,66
718,11	1542,12
718,31	1433,58
718,50	1521,64
718,69	1343,47
718,88	1542,12
719,08	1413,10
719,27	1363,95
719,46	1437,67
719,66	1425,39
719,85	1421,29
720,04	1443,82
720,23	1409,00
720,43	1441,77
720,62	1335,28
720,81	1343,47
721,01	1460,20
721,20	1445,87
721,39	1488,87
721,58	1435,63
721,78	1376,24
721,97	1392,62
722,16	1404,91
722,35	1400,81
722,55	1341,42
722,74	1419,24
722,93	1474,54
723,13	1429,48
723,32	1466,35
723,51	1349,61
723,70	1374,19
723,90	1435,63
724,09	1452,01
724,28	1396,71
724,47	1351,66
724,67	1423,34
724,86	1368,04
725,05	1378,28
725,24	1419,24
725,44	1325,04
725,63	1327,08
725,82	1359,85
726,01	1400,81
726,21	1409,00
726,40	1400,81
726,59	1497,07
726,78	1425,39
726,97	1376,24
727,17	1396,71
727,36	1492,97
727,55	1452,01
727,74	1325,04
727,94	1378,28
728,13	1400,81
728,32	1417,19
728,51	1503,21
728,70	1427,43
728,90	1374,19
729,09	1406,95
729,28	1390,57
729,47	1433,58
729,66	1472,49
729,86	1495,02
730,05	1406,95
730,24	1462,25
730,43	1411,05
730,63	1415,15
730,82	1472,49
731,01	1406,95
731,20	1396,71
731,39	1402,86
731,58	1370,09
731,78	1333,23
731,97	1449,96
732,16	1447,91
732,35	1492,97
732,54	1472,49
732,74	1495,02
732,93	1419,24
733,12	1398,76
733,31	1480,68
733,50	1357,80
733,69	1363,95
733,89	1413,10
734,08	1439,72
734,27	1474,54
734,46	1445,87
734,65	1347,56
734,84	1382,38
735,04	1394,67
735,23	1484,78
735,42	1388,52
735,61	1370,09
735,80	1349,61
735,99	1302,51
736,19	1390,57
736,38	1370,09
736,57	1386,47
736,76	1337,32
736,95	1443,82
737,14	1374,19
737,33	1460,20
737,53	1495,02
737,72	1386,47
737,91	1411,05
738,10	1458,15
738,29	1339,37
738,48	1372,14
738,67	1423,34
738,87	1411,05
739,06	1361,90
739,25	1390,57
739,44	1392,62
739,63	1363,95
739,82	1392,62
740,01	1384,43
740,20	1366,00
740,40	1409,00
740,59	1398,76
740,78	1478,63
740,97	1419,24
741,16	1411,05
741,35	1437,67
741,54	1495,02
741,73	1380,33
741,92	1402,86
742,12	1452,01
742,31	1447,91
742,50	1462,25
742,69	1447,91
742,88	1478,63
743,07	1400,81
743,26	1419,24
743,45	1423,34
743,64	1419,24
743,83	1468,39
744,02	1449,96
744,22	1476,59
744,41	1445,87
744,60	1478,63
744,79	1429,48
744,98	1443,82
745,17	1433,58
745,36	1419,24
745,55	1480,68
745,74	1439,72
745,93	1509,35
746,12	1437,67
746,31	1421,29
746,50	1419,24
746,70	1439,72
746,89	1441,77
747,08	1404,91
747,27	1370,09
747,46	1396,71
747,65	1462,25
747,84	1495,02
748,03	1421,29
748,22	1466,35
748,41	1411,05
748,60	1492,97
748,79	1445,87
748,98	1429,48
749,17	1458,15
749,36	1447,91
749,55	1488,87
749,74	1392,62
749,93	1529,83
750,12	1398,76
750,31	1466,35
750,50	1456,11
750,70	1490,92
750,89	1546,22
751,08	1605,61
751,27	1447,91
751,46	1384,43
751,65	1462,25
751,84	1501,16
752,03	1419,24
752,22	1509,35
752,41	1478,63
752,60	1339,37
752,79	1456,11
752,98	1370,09
753,17	1423,34
753,36	1456,11
753,55	1413,10
753,74	1472,49
753,93	1435,63
754,12	1423,34
754,31	1447,91
754,50	1472,49
754,69	1482,73
754,88	1472,49
755,07	1413,10
755,26	1386,47
755,45	1452,01
755,64	1458,15
755,83	1398,76
756,02	1452,01
756,21	1433,58
756,40	1507,30
756,59	1492,97
756,78	1515,50
756,97	1462,25
757,16	1470,44
757,35	1464,30
757,54	1378,28
757,72	1452,01
757,91	1454,06
758,10	1507,30
758,29	1509,35
758,48	1462,25
758,67	1425,39
758,86	1509,35
759,05	1464,30
759,24	1505,26
759,43	1478,63
759,62	1449,96
759,81	1474,54
760,00	1587,18
760,19	1437,67
760,38	1486,83
760,57	1421,29
760,76	1525,74
760,95	1564,65
761,14	1501,16
761,33	1409,00
761,52	1458,15
761,70	1435,63
761,89	1452,01
762,08	1501,16
762,27	1513,45
762,46	1544,17
762,65	1476,59
762,84	1454,06
763,03	1517,54
763,22	1513,45
763,41	1535,98
763,60	1486,83
763,79	1484,78
763,98	1497,07
764,16	1495,02
764,35	1501,16
764,54	1554,41
764,73	1466,35
764,92	1568,74
765,11	1591,27
765,30	1585,13
765,49	1503,21
765,68	1572,84
765,87	1497,07
766,06	1466,35
766,24	1581,03
766,43	1517,54
766,62	1540,07
766,81	1527,78
767,00	1523,69
767,19	1472,49
767,38	1560,55
767,57	1484,78
767,76	1531,88
767,94	1521,64
768,13	1488,87
768,32	1595,37
768,51	1433,58
768,70	1456,11
768,89	1613,80
769,08	1507,30
769,27	1564,65
769,45	1470,44
769,64	1564,65
769,83	1462,25
770,02	1490,92
770,21	1519,59
770,40	1535,98
770,59	1601,51
770,77	1525,74
770,96	1587,18
771,15	1581,03
771,34	1558,50
771,53	1615,85
771,72	1540,07
771,91	1486,83
772,09	1499,11
772,28	1523,69
772,47	1443,82
772,66	1581,03
772,85	1540,07
773,04	1505,26
773,22	1513,45
773,41	1542,12
773,60	1474,54
773,79	1587,18
773,98	1540,07
774,17	1562,60
774,35	1525,74
774,54	1525,74
774,73	1593,32
774,92	1562,60
775,11	1495,02
775,30	1601,51
775,48	1525,74
775,67	1546,22
775,86	1531,88
776,05	1644,52
776,24	1507,30
776,42	1531,88
776,61	1564,65
776,80	1617,90
776,99	1601,51
777,18	1595,37
777,36	1576,94
777,55	1521,64
777,74	1624,04
777,93	1560,55
778,12	1574,89
778,30	1544,17
778,49	1662,95
778,68	1650,66
778,87	1609,70
779,06	1568,74
779,24	1574,89
779,43	1538,02
779,62	1593,32
779,81	1605,61
779,99	1519,59
780,18	1552,36
780,37	1589,22
780,56	1665,00
780,75	1562,60
780,93	1535,98
781,12	1574,89
781,31	1667,05
781,50	1511,40
781,68	1568,74
781,87	1597,42
782,06	1521,64
782,25	1523,69
782,43	1497,07
782,62	1474,54
782,81	1609,70
783,00	1519,59
783,18	1505,26
783,37	1615,85
783,56	1593,32
783,75	1650,66
783,93	1556,46
784,12	1560,55
784,31	1636,33
784,50	1464,30
784,68	1556,46
784,87	1490,92
785,06	1523,69
785,24	1540,07
785,43	1554,41
785,62	1538,02
785,81	1566,70
785,99	1591,27
786,18	1527,78
786,37	1540,07
786,56	1578,98
786,74	1509,35
786,93	1437,67
787,12	1525,74
787,30	1458,15
787,49	1593,32
787,68	1521,64
787,87	1507,30
788,05	1464,30
788,24	1443,82
788,43	1503,21
788,61	1509,35
788,80	1505,26
788,99	1468,39
789,17	1513,45
789,36	1452,01
789,55	1540,07
789,73	1527,78
789,92	1386,47
790,11	1476,59
790,30	1466,35
790,48	1449,96
790,67	1505,26
790,86	1550,31
791,04	1499,11
791,23	1468,39
791,42	1548,26
791,60	1421,29
791,79	1540,07
791,98	1423,34
792,16	1587,18
792,35	1495,02
792,54	1480,68
792,72	1509,35
792,91	1437,67
793,10	1353,71
793,28	1386,47
793,47	1464,30
793,66	1558,50
793,84	1429,48
794,03	1396,71
794,22	1488,87
794,40	1429,48
794,59	1515,50
794,77	1390,57
794,96	1368,04
795,15	1478,63
795,33	1441,77
795,52	1484,78
795,71	1488,87
795,89	1404,91
796,08	1406,95
796,27	1419,24
796,45	1394,67
796,64	1411,05
796,82	1419,24
797,01	1449,96
797,20	1523,69
797,38	1423,34
797,57	1454,06
797,76	1468,39
797,94	1433,58
798,13	1488,87
798,31	1458,15
798,50	1386,47
798,69	1521,64
798,87	1335,28
799,06	1415,15
799,24	1462,25
799,43	1511,40
799,62	1355,76
799,80	1419,24
799,99	1533,93
800,17	1363,95
800,36	1452,01
800,55	1431,53
800,73	1347,56
800,92	1527,78
801,10	1396,71
801,29	1435,63
801,48	1421,29
801,66	1366,00
801,85	1376,24
802,03	1423,34
802,22	1404,91
802,40	1337,32
802,59	1378,28
802,78	1409,00
802,96	1437,67
803,15	1497,07
803,33	1499,11
803,52	1415,15
803,70	1437,67
803,89	1484,78
804,08	1423,34
804,26	1476,59
804,45	1411,05
804,63	1507,30
804,82	1468,39
805,00	1443,82
805,19	1394,67
805,37	1417,19
805,56	1423,34
805,74	1347,56
805,93	1429,48
806,12	1535,98
806,30	1386,47
806,49	1505,26
806,67	1466,35
806,86	1439,72
807,04	1423,34
807,23	1427,43
807,41	1355,76
807,60	1437,67
807,78	1421,29
807,97	1742,82
808,15	1333,23
808,34	1495,02
808,52	1394,67
808,71	1335,28
808,89	1402,86
809,08	1437,67
809,27	1472,49
809,45	1435,63
809,64	1398,76
809,82	1443,82
810,01	1456,11
810,19	1478,63
810,38	1413,10
810,56	1363,95
810,75	1398,76
810,93	1345,52
811,12	1398,76
811,30	1456,11
811,49	1413,10
811,67	1372,14
811,85	1392,62
812,04	1421,29
812,22	1392,62
812,41	1458,15
812,59	1484,78
812,78	1357,80
812,96	1390,57
813,15	1482,73
813,33	1509,35
813,52	1431,53
813,70	1525,74
813,89	1433,58
814,07	1421,29
814,26	1415,15
814,44	1476,59
814,63	1423,34
814,81	1415,15
815,00	1341,42
815,18	1406,95
815,36	1478,63
815,55	1423,34
815,73	1421,29
815,92	1523,69
816,10	1560,55
816,29	1525,74
816,47	1349,61
816,66	1394,67
816,84	1427,43
817,02	1394,67
817,21	1435,63
817,39	1482,73
817,58	1468,39
817,76	1449,96
817,95	1435,63
818,13	1460,20
818,32	1499,11
818,50	1394,67
818,68	1427,43
818,87	1458,15
819,05	1351,66
819,24	1452,01
819,42	1382,38
819,60	1454,06
819,79	1476,59
819,97	1443,82
820,16	1425,39
820,34	1566,70
820,53	1423,34
820,71	1423,34
820,89	1378,28
821,08	1392,62
821,26	1492,97
821,45	1503,21
821,63	1468,39
821,81	1400,81
822,00	1476,59
822,18	1464,30
822,37	1439,72
822,55	1462,25
822,73	1462,25
822,92	1447,91
823,10	1417,19
823,28	1486,83
823,47	1445,87
823,65	1452,01
823,84	1421,29
824,02	1490,92
824,20	1417,19
824,39	1492,97
824,57	1468,39
824,75	1533,93
824,94	1490,92
825,12	1628,14
825,31	1435,63
825,49	1515,50
825,67	1482,73
825,86	1531,88
826,04	1480,68
826,22	1437,67
826,41	1548,26
826,59	1517,54
826,77	1501,16
826,96	1458,15
827,14	1495,02
827,32	1505,26
827,51	1470,44
827,69	1452,01
827,87	1503,21
828,06	1562,60
828,24	1458,15
828,42	1427,43
828,61	1466,35
828,79	1570,79
828,97	1552,36
829,16	1554,41
829,34	1398,76
829,52	1454,06
829,71	1515,50
829,89	1507,30
830,07	1521,64
830,26	1523,69
830,44	1476,59
830,62	1570,79
830,81	1558,50
830,99	1523,69
831,17	1511,40
831,36	1474,54
831,54	1529,83
831,72	1474,54
831,91	1521,64
832,09	1443,82
832,27	1527,78
832,45	1460,20
832,64	1460,20
832,82	1509,35
833,00	1531,88
833,19	1460,20
833,37	1507,30
833,55	1509,35
833,73	1538,02
833,92	1587,18
834,10	1449,96
834,28	1570,79
834,47	1544,17
834,65	1591,27
834,83	1603,56
835,01	1492,97
835,20	1509,35
835,38	1556,46
835,56	1558,50
835,74	1601,51
835,93	1587,18
836,11	1554,41
836,29	1544,17
836,47	1609,70
836,66	1525,74
836,84	1525,74
837,02	1482,73
837,21	1681,38
837,39	1462,25
837,57	1648,61
837,75	1574,89
837,94	1585,13
838,12	1550,31
838,30	1464,30
838,48	1583,08
838,66	1568,74
838,85	1583,08
839,03	1548,26
839,21	1466,35
839,39	1556,46
839,58	1558,50
839,76	1617,90
839,94	1505,26
840,12	1578,98
840,31	1611,75
840,49	1574,89
840,67	1562,60
840,85	1568,74
841,03	1630,18
841,22	1605,61
841,40	1652,71
841,58	1562,60
841,76	1525,74
841,94	1599,46
842,13	1619,94
842,31	1544,17
842,49	1519,59
842,67	1427,43
842,85	1540,07
843,04	1601,51
843,22	1568,74
843,40	1609,70
843,58	1644,52
843,76	1560,55
843,95	1652,71
844,13	1576,94
844,31	1621,99
844,49	1578,98
844,67	1533,93
844,86	1675,24
845,04	1605,61
845,22	1552,36
845,40	1667,05
845,58	1667,05
845,76	1523,69
845,95	1609,70
846,13	1683,43
846,31	1564,65
846,49	1652,71
846,67	1578,98
846,85	1634,28
847,04	1599,46
847,22	1640,42
847,40	1609,70
847,58	1636,33
847,76	1613,80
847,94	1607,66
848,12	1716,20
848,31	1572,84
848,49	1691,62
848,67	1628,14
848,85	1628,14
849,03	1714,15
849,21	1683,43
849,39	1697,77
849,58	1628,14
849,76	1638,38
849,94	1701,86
850,12	1658,85
850,30	1521,64
850,48	1685,48
850,66	1681,38
850,84	1648,61
851,03	1746,92
851,21	1550,31
851,39	1667,05
851,57	1654,76
851,75	1581,03
851,93	1654,76
852,11	1712,10
852,29	1679,33
852,47	1705,96
852,66	1601,51
852,84	1615,85
853,02	1755,11
853,20	1667,05
853,38	1640,42
853,56	1576,94
853,74	1673,19
853,92	1648,61
854,10	1505,26
854,28	1589,22
854,46	1576,94
854,65	1558,50
854,83	1554,41
855,01	1626,09
855,19	1626,09
855,37	1576,94
855,55	1640,42
855,73	1685,48
855,91	1632,23
856,09	1599,46
856,27	1650,66
856,45	1642,47
856,63	1693,67
856,81	1648,61
857,00	1638,38
857,18	1751,01
857,36	1619,94
857,54	1679,33
857,72	1695,72
857,90	1730,53
858,08	1650,66
858,26	1648,61
858,44	1648,61
858,62	1705,96
858,80	1576,94
858,98	1744,87
859,16	1730,53
859,34	1724,39
859,52	1636,33
859,70	1738,73
859,88	1628,14
860,06	1675,24
860,24	1570,79
860,42	1585,13
860,60	1613,80
860,78	1615,85
860,96	1646,57
861,14	1613,80
861,32	1660,90
861,50	1677,29
861,69	1673,19
861,87	1679,33
862,05	1689,57
862,23	1624,04
862,41	1603,56
862,59	1566,70
862,77	1675,24
862,95	1644,52
863,13	1679,33
863,31	1685,48
863,49	1568,74
863,67	1585,13
863,85	1542,12
864,03	1732,58
864,21	1718,25
864,39	1673,19
864,57	1593,32
864,75	1675,24
864,92	1771,49
865,10	1679,33
865,28	1632,23
865,46	1587,18
865,64	1546,22
865,82	1697,77
866,00	1650,66
866,18	1591,27
866,36	1646,57
866,54	1681,38
866,72	1630,18
866,90	1699,81
867,08	1693,67
867,26	1607,66
867,44	1597,42
867,62	1617,90
867,80	1599,46
867,98	1724,39
868,16	1697,77
868,34	1708,01
868,52	1552,36
868,70	1654,76
868,88	1712,10
869,06	1595,37
869,24	1710,05
869,42	1521,64
869,59	1650,66
869,77	1669,09
869,95	1732,58
870,13	1648,61
870,31	1656,81
870,49	1648,61
870,67	1619,94
870,85	1615,85
871,03	1605,61
871,21	1802,21
871,39	1665,00
871,57	1605,61
871,75	1552,36
871,92	1640,42
872,10	1611,75
872,28	1578,98
872,46	1607,66
872,64	1675,24
872,82	1665,00
873,00	1628,14
873,18	1599,46
873,36	1681,38
873,54	1540,07
873,72	1562,60
873,89	1548,26
874,07	1574,89
874,25	1716,20
874,43	1585,13
874,61	1609,70
874,79	1648,61
874,97	1710,05
875,15	1617,90
875,33	1658,85
875,50	1630,18
875,68	1554,41
875,86	1714,15
876,04	1599,46
876,22	1611,75
876,40	1621,99
876,58	1626,09
876,76	1634,28
876,93	1693,67
877,11	1619,94
877,29	1736,68
877,47	1656,81
877,65	1705,96
877,83	1603,56
878,01	1632,23
878,18	1636,33
878,36	1654,76
878,54	1585,13
878,72	1564,65
878,90	1652,71
879,08	1568,74
879,25	1652,71
879,43	1607,66
879,61	1632,23
879,79	1611,75
879,97	1589,22
880,15	1660,90
880,32	1511,40
880,50	1617,90
880,68	1603,56
880,86	1607,66
881,04	1636,33
881,22	1607,66
881,39	1644,52
881,57	1683,43
881,75	1640,42
881,93	1726,44
882,11	1630,18
882,28	1601,51
882,46	1642,47
882,64	1609,70
882,82	1570,79
883,00	1634,28
883,18	1687,53
883,35	1656,81
883,53	1687,53
883,71	1708,01
883,89	1712,10
884,07	1527,78
884,24	1621,99
884,42	1646,57
884,60	1708,01
884,78	1759,21
884,95	1554,41
885,13	1603,56
885,31	1632,23
885,49	1599,46
885,67	1607,66
885,84	1630,18
886,02	1626,09
886,20	1578,98
886,38	1535,98
886,55	1603,56
886,73	1529,83
886,91	1613,80
887,09	1587,18
887,26	1650,66
887,44	1630,18
887,62	1587,18
887,80	1583,08
887,98	1605,61
888,15	1634,28
888,33	1576,94
888,51	1628,14
888,69	1628,14
888,86	1634,28
889,04	1630,18
889,22	1568,74
889,39	1681,38
889,57	1599,46
889,75	1554,41
889,93	1570,79
890,10	1576,94
890,28	1642,47
890,46	1535,98
890,64	1667,05
890,81	1488,87
890,99	1513,45
891,17	1566,70
891,34	1626,09
891,52	1527,78
891,70	1550,31
891,88	1585,13
892,05	1576,94
892,23	1576,94
892,41	1607,66
892,58	1507,30
892,76	1574,89
892,94	1425,39
893,12	1683,43
893,29	1603,56
893,47	1486,83
893,65	1546,22
893,82	1665,00
894,00	1593,32
894,18	1499,11
894,35	1476,59
894,53	1527,78
894,71	1529,83
894,89	1507,30
895,06	1560,55
895,24	1550,31
895,42	1497,07
895,59	1490,92
895,77	1452,01
895,95	1527,78
896,12	1576,94
896,30	1640,42
896,48	1441,77
896,65	1564,65
896,83	1495,02
897,01	1466,35
897,18	1593,32
897,36	1523,69
897,54	1488,87
897,71	1445,87
897,89	1587,18
898,07	1449,96
898,24	1460,20
898,42	1452,01
898,59	1562,60
898,77	1556,46
898,95	1589,22
899,12	1554,41
899,30	1589,22
899,48	1542,12
899,65	1505,26
899,83	1599,46
900,01	1507,30
900,18	1525,74
900,36	1497,07
900,53	1589,22
900,71	1558,50
900,89	1533,93
901,06	1505,26
901,24	1458,15
901,42	1546,22
901,59	1476,59
901,77	1636,33
901,94	1611,75
902,12	1538,02
902,30	1533,93
902,47	1548,26
902,65	1470,44
902,82	1482,73
903,00	1535,98
903,18	1492,97
903,35	1503,21
903,53	1519,59
903,70	1570,79
903,88	1523,69
904,06	1515,50
904,23	1525,74
904,41	1509,35
904,58	1468,39
904,76	1472,49
904,93	1552,36
905,11	1531,88
905,29	1513,45
905,46	1583,08
905,64	1509,35
905,81	1484,78
905,99	1535,98
906,16	1517,54
906,34	1488,87
906,52	1452,01
906,69	1513,45
906,87	1499,11
907,04	1492,97
907,22	1404,91
907,39	1511,40
907,57	1499,11
907,75	1578,98
907,92	1499,11
908,10	1671,14
908,27	1427,43
908,45	1531,88
908,62	1406,95
908,80	1482,73
908,97	1503,21
909,15	1509,35
909,32	1501,16
909,50	1613,80
909,67	1484,78
909,85	1472,49
910,03	1521,64
910,20	1540,07
910,38	1601,51
910,55	1484,78
910,73	1517,54
910,90	1542,12
911,08	1665,00
911,25	1562,60
911,43	1607,66
911,60	1574,89
911,78	1531,88
911,95	1533,93
912,13	1511,40
912,30	1607,66
912,48	1484,78
912,65	1497,07
912,83	1695,72
913,00	1615,85
913,18	1738,73
913,35	1527,78
913,53	1527,78
913,70	1628,14
913,88	1556,46
914,05	1544,17
914,23	1513,45
914,40	1609,70
914,58	1548,26
914,75	1556,46
914,93	1603,56
915,10	1568,74
915,27	1652,71
915,45	1574,89
915,62	1554,41
915,80	1558,50
915,97	1556,46
916,15	1613,80
916,32	1681,38
916,50	1581,03
916,67	1558,50
916,85	1578,98
917,02	1587,18
917,20	1558,50
917,37	1560,55
917,54	1624,04
917,72	1703,91
917,89	1697,77
918,07	1597,42
918,24	1636,33
918,42	1585,13
918,59	1605,61
918,77	1560,55
918,94	1628,14
919,11	1511,40
919,29	1736,68
919,46	1615,85
919,64	1527,78
919,81	1583,08
919,99	1554,41
920,16	1644,52
920,33	1611,75
920,51	1587,18
920,68	1578,98
920,86	1697,77
921,03	1581,03
921,20	1609,70
921,38	1585,13
921,55	1699,81
921,73	1562,60
921,90	1591,27
922,07	1644,52
922,25	1601,51
922,42	1589,22
922,60	1687,53
922,77	1638,38
922,94	1624,04
923,12	1693,67
923,29	1744,87
923,47	1566,70
923,64	1613,80
923,81	1566,70
923,99	1669,09
924,16	1677,29
924,34	1628,14
924,51	1640,42
924,68	1740,77
924,86	1599,46
925,03	1640,42
925,20	1658,85
925,38	1693,67
925,55	1544,17
925,72	1728,49
925,90	1529,83
926,07	1589,22
926,25	1570,79
926,42	1685,48
926,59	1628,14
926,77	1621,99
926,94	1718,25
927,11	1628,14
927,29	1685,48
927,46	1587,18
927,63	1685,48
927,81	1646,57
927,98	1679,33
928,15	1730,53
928,33	1757,16
928,50	1726,44
928,67	1654,76
928,85	1669,09
929,02	1673,19
929,19	1769,44
929,37	1724,39
929,54	1691,62
929,71	1654,76
929,89	1699,81
930,06	1583,08
930,23	1755,11
930,41	1636,33
930,58	1599,46
930,75	1581,03
930,92	1759,21
931,10	1615,85
931,27	1638,38
931,44	1710,05
931,62	1613,80
931,79	1583,08
931,96	1871,84
932,14	1609,70
932,31	1640,42
932,48	1703,91
932,65	1675,24
932,83	1673,19
933,00	1656,81
933,17	1615,85
933,35	1697,77
933,52	1562,60
933,69	1771,49
933,86	1677,29
934,04	1648,61
934,21	1597,42
934,38	1753,06
934,55	1626,09
934,73	1595,37
934,90	1574,89
935,07	1699,81
935,25	1751,01
935,42	1679,33
935,59	1548,26
935,76	1605,61
935,94	1652,71
936,11	1728,49
936,28	1628,14
936,45	1656,81
936,63	1658,85
936,80	1648,61
936,97	1671,14
937,14	1712,10
937,31	1785,83
937,49	1726,44
937,66	1732,58
937,83	1746,92
938,00	1654,76
938,18	1746,92
938,35	1708,01
938,52	1826,79
938,69	1619,94
938,87	1613,80
939,04	1624,04
939,21	1617,90
939,38	1669,09
939,55	1624,04
939,73	1751,01
939,90	1687,53
940,07	1595,37
940,24	1652,71
940,41	1675,24
940,59	1714,15
940,76	1648,61
940,93	1626,09
941,10	1636,33
941,27	1638,38
941,45	1753,06
941,62	1814,50
941,79	1712,10
941,96	1665,00
942,13	1726,44
942,31	1732,58
942,48	1783,78
942,65	1886,18
942,82	1699,81
942,99	1675,24
943,16	1660,90
943,34	1787,88
943,51	1712,10
943,68	1660,90
943,85	1652,71
944,02	1689,57
944,19	1599,46
944,37	1753,06
944,54	1648,61
944,71	1578,98
944,88	1716,20
945,05	1671,14
945,22	1681,38
945,40	1708,01
945,57	1654,76
945,74	1708,01
945,91	1632,23
946,08	1728,49
946,25	1693,67
946,42	1775,59
946,60	1720,29
946,77	1732,58
946,94	1785,83
947,11	1751,01
947,28	1613,80
947,45	1638,38
947,62	1681,38
947,79	1765,35
947,97	1757,16
948,14	1734,63
948,31	1679,33
948,48	1607,66
948,65	1619,94
948,82	1638,38
948,99	1646,57
949,16	1660,90
949,33	1595,37
949,51	1673,19
949,68	1619,94
949,85	1669,09
950,02	1681,38
950,19	1636,33
950,36	1656,81
950,53	1708,01
950,70	1591,27
950,87	1574,89
951,04	1617,90
951,22	1697,77
951,39	1685,48
951,56	1652,71
951,73	1693,67
951,90	1650,66
952,07	1636,33
952,24	1648,61
952,41	1697,77
952,58	1630,18
952,75	1630,18
952,92	1601,51
953,09	1550,31
953,26	1708,01
953,43	1634,28
953,61	1728,49
953,78	1615,85
953,95	1650,66
954,12	1576,94
954,29	1603,56
954,46	1560,55
954,63	1609,70
954,80	1613,80
954,97	1638,38
955,14	1585,13
955,31	1675,24
955,48	1601,51
955,65	1615,85
955,82	1519,59
955,99	1734,63
956,16	1505,26
956,33	1658,85
956,50	1513,45
956,67	1693,67
956,84	1599,46
957,01	1642,47
957,18	1538,02
957,35	1538,02
957,52	1665,00
957,69	1673,19
957,86	1578,98
958,03	1556,46
958,20	1572,84
958,37	1660,90
958,54	1568,74
958,71	1511,40
958,88	1656,81
959,05	1570,79
959,22	1568,74
959,39	1630,18
959,56	1560,55
959,73	1585,13
959,90	1583,08
960,07	1566,70
960,24	1566,70
960,41	1527,78
960,58	1599,46
960,75	1550,31
960,92	1613,80
961,09	1593,32
961,26	1636,33
961,43	1505,26
961,60	1601,51
961,77	1572,84
961,94	1511,40
962,11	1554,41
962,28	1609,70
962,45	1550,31
962,62	1515,50
962,79	1499,11
962,96	1519,59
963,13	1544,17
963,30	1558,50
963,47	1578,98
963,64	1552,36
963,81	1585,13
963,98	1486,83
964,14	1540,07
964,31	1533,93
964,48	1521,64
964,65	1636,33
964,82	1406,95
964,99	1548,26
965,16	1515,50
965,33	1499,11
965,50	1538,02
965,67	1492,97
965,84	1533,93
966,01	1515,50
966,18	1495,02
966,35	1531,88
966,51	1570,79
966,68	1609,70
966,85	1546,22
967,02	1507,30
967,19	1503,21
967,36	1488,87
967,53	1511,40
967,70	1486,83
967,87	1554,41
968,04	1521,64
968,21	1523,69
968,37	1583,08
968,54	1431,53
968,71	1548,26
968,88	1482,73
969,05	1517,54
969,22	1447,91
969,39	1474,54
969,56	1605,61
969,72	1488,87
969,89	1589,22
970,06	1474,54
970,23	1538,02
970,40	1515,50
970,57	1503,21
970,74	1603,56
970,91	1433,58
971,07	1566,70
971,24	1538,02
971,41	1443,82
971,58	1509,35
971,75	1495,02
971,92	1452,01
972,09	1472,49
972,25	1406,95
972,42	1531,88
972,59	1466,35
972,76	1535,98
972,93	1517,54
973,10	1456,11
973,27	1535,98
973,43	1492,97
973,60	1488,87
973,77	1462,25
973,94	1390,57
974,11	1507,30
974,28	1425,39
974,44	1402,86
974,61	1533,93
974,78	1497,07
974,95	1443,82
975,12	1503,21
975,28	1525,74
975,45	1357,80
975,62	1517,54
975,79	1439,72
975,96	1519,59
976,12	1390,57
976,29	1540,07
976,46	1431,53
976,63	1511,40
976,80	1531,88
976,96	1484,78
977,13	1435,63
977,30	1423,34
977,47	1439,72
977,64	1505,26
977,80	1325,04
977,97	1447,91
978,14	1447,91
978,31	1472,49
978,48	1466,35
978,64	1431,53
978,81	1456,11
978,98	1474,54
979,15	1447,91
979,31	1490,92
979,48	1509,35
979,65	1394,67
979,82	1460,20
979,98	1439,72
980,15	1452,01
980,32	1572,84
980,49	1523,69
980,66	1361,90
980,82	1335,28
980,99	1468,39
981,16	1441,77
981,33	1495,02
981,49	1503,21
981,66	1490,92
981,83	1423,34
981,99	1460,20
982,16	1427,43
982,33	1452,01
982,50	1478,63
982,66	1509,35
982,83	1394,67
983,00	1505,26
983,17	1388,52
983,33	1431,53
983,50	1427,43
983,67	1449,96
983,83	1392,62
984,00	1415,15
984,17	1501,16
984,34	1439,72
984,50	1429,48
984,67	1370,09
984,84	1437,67
985,00	1347,56
985,17	1339,37
985,34	1441,77
985,51	1486,83
985,67	1505,26
985,84	1419,24
986,01	1404,91
986,17	1314,80
986,34	1433,58
986,51	1357,80
986,67	1394,67
986,84	1443,82
987,01	1449,96
987,17	1378,28
987,34	1337,32
987,51	1331,18
987,67	1386,47
987,84	1353,71
988,01	1372,14
988,17	1382,38
988,34	1347,56
988,51	1439,72
988,67	1468,39
988,84	1429,48
989,01	1437,67
989,17	1413,10
989,34	1421,29
989,51	1488,87
989,67	1402,86
989,84	1423,34
990,01	1468,39
990,17	1441,77
990,34	1361,90
990,51	1456,11
990,67	1419,24
990,84	1460,20
991,01	1421,29
991,17	1392,62
991,34	1427,43
991,50	1384,43
991,67	1382,38
991,84	1322,99
992,00	1443,82
992,17	1388,52
992,34	1495,02
992,50	1503,21
992,67	1396,71
992,83	1427,43
993,00	1452,01
993,17	1425,39
993,33	1449,96
993,50	1425,39
993,66	1409,00
993,83	1531,88
994,00	1331,18
994,16	1435,63
994,33	1390,57
994,49	1503,21
994,66	1480,68
994,83	1386,47
994,99	1419,24
995,16	1427,43
995,32	1445,87
995,49	1497,07
995,66	1423,34
995,82	1353,71
995,99	1341,42
996,15	1468,39
996,32	1372,14
996,48	1425,39
996,65	1384,43
996,82	1406,95
996,98	1435,63
997,15	1368,04
997,31	1392,62
997,48	1398,76
997,64	1413,10
997,81	1501,16
997,97	1406,95
998,14	1427,43
998,31	1411,05
998,47	1290,22
998,64	1499,11
998,80	1384,43
998,97	1411,05
999,13	1396,71
999,30	1445,87
999,46	1458,15
999,63	1378,28
999,79	1478,63
999,96	1538,02
1000,12	1398,76
1000,29	1423,34
1000,45	1429,48
1000,62	1468,39
1000,79	1437,67
1000,95	1406,95
1001,12	1445,87
1001,28	1429,48
1001,45	1415,15
1001,61	1464,30
1001,78	1452,01
1001,94	1482,73
1002,11	1474,54
1002,27	1378,28
1002,44	1417,19
1002,60	1452,01
1002,77	1533,93
1002,93	1433,58
1003,10	1437,67
1003,26	1460,20
1003,43	1525,74
1003,59	1445,87
1003,76	1366,00
1003,92	1427,43
1004,09	1406,95
1004,25	1370,09
1004,41	1486,83
1004,58	1439,72
1004,74	1484,78
1004,91	1419,24
1005,07	1421,29
1005,24	1490,92
1005,40	1423,34
1005,57	1374,19
1005,73	1382,38
1005,90	1372,14
1006,06	1423,34
1006,23	1472,49
1006,39	1452,01
1006,55	1398,76
1006,72	1292,27
1006,88	1419,24
1007,05	1456,11
1007,21	1447,91
1007,38	1325,04
1007,54	1396,71
1007,71	1439,72
1007,87	1400,81
1008,03	1423,34
1008,20	1345,52
1008,36	1464,30
1008,53	1505,26
1008,69	1404,91
1008,86	1398,76
1009,02	1386,47
1009,18	1482,73
1009,35	1396,71
1009,51	1378,28
1009,68	1400,81
1009,84	1439,72
1010,01	1454,06
1010,17	1376,24
1010,33	1441,77
1010,50	1484,78
1010,66	1495,02
1010,83	1406,95
1010,99	1499,11
1011,15	1374,19
1011,32	1447,91
1011,48	1421,29
1011,65	1441,77
1011,81	1413,10
1011,97	1404,91
1012,14	1456,11
1012,30	1380,33
1012,46	1404,91
1012,63	1478,63
1012,79	1396,71
1012,96	1454,06
1013,12	1333,23
1013,28	1425,39
1013,45	1458,15
1013,61	1390,57
1013,77	1423,34
1013,94	1345,52
1014,10	1390,57
1014,26	1396,71
1014,43	1480,68
1014,59	1394,67
1014,76	1460,20
1014,92	1454,06
1015,08	1376,24
1015,25	1325,04
1015,41	1443,82
1015,57	1421,29
1015,74	1402,86
1015,90	1366,00
1016,06	1347,56
1016,23	1445,87
1016,39	1423,34
1016,55	1554,41
1016,72	1519,59
1016,88	1390,57
1017,04	1419,24
1017,21	1394,67
1017,37	1406,95
1017,53	1316,84
1017,70	1441,77
1017,86	1417,19
1018,02	1435,63
1018,19	1435,63
1018,35	1404,91
1018,51	1419,24
1018,67	1406,95
1018,84	1359,85
1019,00	1378,28
1019,16	1466,35
1019,33	1439,72
1019,49	1486,83
1019,65	1484,78
1019,82	1310,70
1019,98	1429,48
1020,14	1366,00
1020,30	1521,64
1020,47	1423,34
1020,63	1404,91
1020,79	1435,63
1020,96	1468,39
1021,12	1419,24
1021,28	1517,54
1021,44	1312,75
1021,61	1445,87
1021,77	1441,77
1021,93	1419,24
1022,09	1394,67
1022,26	1417,19
1022,42	1404,91
1022,58	1544,17
1022,74	1441,77
1022,91	1392,62
1023,07	1394,67
1023,23	1329,13
1023,39	1394,67
1023,56	1376,24
1023,72	1439,72
1023,88	1363,95
1024,04	1470,44
1024,21	1335,28
1024,37	1398,76
1024,53	1503,21
1024,69	1337,32
1024,86	1466,35
1025,02	1472,49
1025,18	1370,09
1025,34	1341,42
1025,50	1441,77
1025,67	1435,63
1025,83	1419,24
1025,99	1396,71
1026,15	1443,82
1026,32	1406,95
1026,48	1443,82
1026,64	1513,45
1026,80	1325,04
1026,96	1464,30
1027,13	1423,34
1027,29	1384,43
1027,45	1366,00
1027,61	1402,86
1027,77	1400,81
1027,94	1429,48
1028,10	1421,29
1028,26	1378,28
1028,42	1380,33
1028,58	1402,86
1028,75	1384,43
1028,91	1411,05
1029,07	1304,56
1029,23	1472,49
1029,39	1447,91
1029,55	1454,06
1029,72	1392,62
1029,88	1517,54
1030,04	1368,04
1030,20	1388,52
1030,36	1433,58
1030,52	1359,85
1030,69	1445,87
1030,85	1374,19
1031,01	1429,48
1031,17	1456,11
1031,33	1353,71
1031,49	1480,68
1031,65	1402,86
1031,82	1437,67
1031,98	1335,28
1032,14	1382,38
1032,30	1411,05
1032,46	1415,15
1032,62	1429,48
1032,78	1392,62
1032,95	1363,95
1033,11	1454,06
1033,27	1447,91
1033,43	1413,10
1033,59	1361,90
1033,75	1480,68
1033,91	1411,05
1034,07	1490,92
1034,24	1425,39
1034,40	1394,67
1034,56	1456,11
1034,72	1511,40
1034,88	1339,37
1035,04	1343,47
1035,20	1411,05
1035,36	1402,86
1035,52	1406,95
1035,68	1314,80
1035,85	1400,81
1036,01	1466,35
1036,17	1533,93
1036,33	1388,52
1036,49	1390,57
1036,65	1409,00
1036,81	1427,43
1036,97	1357,80
1037,13	1413,10
1037,29	1378,28
1037,45	1460,20
1037,61	1366,00
1037,78	1312,75
1037,94	1421,29
1038,10	1404,91
1038,26	1445,87
1038,42	1378,28
1038,58	1425,39
1038,74	1400,81
1038,90	1443,82
1039,06	1357,80
1039,22	1374,19
1039,38	1357,80
1039,54	1349,61
1039,70	1347,56
1039,86	1415,15
1040,02	1480,68
1040,18	1417,19
1040,34	1466,35
1040,50	1341,42
1040,66	1400,81
1040,83	1482,73
1040,99	1427,43
1041,15	1478,63
1041,31	1437,67
1041,47	1435,63
1041,63	1501,16
1041,79	1320,94
1041,95	1355,76
1042,11	1398,76
1042,27	1454,06
1042,43	1429,48
1042,59	1507,30
1042,75	1447,91
1042,91	1427,43
