344,25	1290,22
344,46	1290,22
344,68	1290,22
344,90	1253,36
345,12	1304,56
345,34	1353,71
345,55	1357,80
345,77	1435,63
345,99	1331,18
346,21	1437,67
346,42	1349,61
346,64	1429,48
346,86	1400,81
347,08	1359,85
347,30	1406,95
347,51	1384,43
347,73	1390,57
347,95	1409,00
348,17	1312,75
348,38	1415,15
348,60	1419,24
348,82	1443,82
349,04	1341,42
349,25	1413,10
349,47	1474,54
349,69	1423,34
349,91	1490,92
350,13	1425,39
350,34	1384,43
350,56	1370,09
350,78	1331,18
351,00	1419,24
351,21	1335,28
351,43	1476,59
351,65	1378,28
351,87	1474,54
352,08	1474,54
352,30	1376,24
352,52	1419,24
352,74	1409,00
352,95	1466,35
353,17	1447,91
353,39	1394,67
353,61	1452,01
353,82	1386,47
354,04	1415,15
354,26	1351,66
354,47	1411,05
354,69	1396,71
354,91	1435,63
355,13	1382,38
355,34	1476,59
355,56	1353,71
355,78	1325,04
356,00	1488,87
356,21	1394,67
356,43	1409,00
356,65	1474,54
356,86	1353,71
357,08	1411,05
357,30	1421,29
357,52	1400,81
357,73	1413,10
357,95	1409,00
358,17	1437,67
358,38	1505,26
358,60	1480,68
358,82	1503,21
359,04	1394,67
359,25	1468,39
359,47	1466,35
359,69	1378,28
359,90	1452,01
360,12	1447,91
360,34	1472,49
360,56	1409,00
360,77	1486,83
360,99	1425,39
361,21	1509,35
361,42	1406,95
361,64	1419,24
361,86	1435,63
362,07	1478,63
362,29	1458,15
362,51	1411,05
362,73	1425,39
362,94	1452,01
363,16	1427,43
363,38	1468,39
363,59	1359,85
363,81	1353,71
364,03	1390,57
364,24	1456,11
364,46	1427,43
364,68	1507,30
364,89	1429,48
365,11	1583,08
365,33	1435,63
365,54	1490,92
365,76	1460,20
365,98	1562,60
366,19	1476,59
366,41	1546,22
366,63	1492,97
366,84	1398,76
367,06	1425,39
367,28	1452,01
367,49	1527,78
367,71	1406,95
367,93	1359,85
368,14	1449,96
368,36	1359,85
368,58	1392,62
368,79	1439,72
369,01	1433,58
369,23	1509,35
369,44	1550,31
369,66	1404,91
369,88	1439,72
370,09	1396,71
370,31	1409,00
370,53	1501,16
370,74	1357,80
370,96	1331,18
371,18	1492,97
371,39	1482,73
371,61	1482,73
371,82	1488,87
372,04	1447,91
372,26	1484,78
372,47	1492,97
372,69	1415,15
372,91	1411,05
373,12	1447,91
373,34	1482,73
373,56	1374,19
373,77	1447,91
373,99	1398,76
374,20	1515,50
374,42	1474,54
374,64	1548,26
374,85	1378,28
375,07	1521,64
375,29	1470,44
375,50	1449,96
375,72	1411,05
375,93	1415,15
376,15	1439,72
376,37	1525,74
376,58	1482,73
376,80	1519,59
377,01	1386,47
377,23	1466,35
377,45	1470,44
377,66	1501,16
377,88	1495,02
378,10	1427,43
378,31	1361,90
378,53	1507,30
378,74	1468,39
378,96	1499,11
379,18	1443,82
379,39	1482,73
379,61	1415,15
379,82	1431,53
380,04	1480,68
380,26	1421,29
380,47	1525,74
380,69	1472,49
380,90	1472,49
381,12	1445,87
381,33	1492,97
381,55	1437,67
381,77	1488,87
381,98	1454,06
382,20	1370,09
382,41	1443,82
382,63	1452,01
382,85	1488,87
383,06	1406,95
383,28	1464,30
383,49	1368,04
383,71	1449,96
383,92	1404,91
384,14	1454,06
384,36	1327,08
384,57	1462,25
384,79	1351,66
385,00	1497,07
385,22	1345,52
385,43	1320,94
385,65	1366,00
385,87	1372,14
386,08	1413,10
386,30	1462,25
386,51	1497,07
386,73	1458,15
386,94	1470,44
387,16	1447,91
387,37	1511,40
387,59	1447,91
387,81	1361,90
388,02	1411,05
388,24	1425,39
388,45	1380,33
388,67	1388,52
388,88	1437,67
389,10	1398,76
389,31	1501,16
389,53	1376,24
389,75	1488,87
389,96	1458,15
390,18	1452,01
390,39	1415,15
390,61	1462,25
390,82	1318,89
391,04	1495,02
391,25	1433,58
391,47	1351,66
391,68	1431,53
391,90	1447,91
392,11	1439,72
392,33	1447,91
392,54	1423,34
392,76	1464,30
392,97	1449,96
393,19	1531,88
393,41	1488,87
393,62	1464,30
393,84	1552,36
394,05	1392,62
394,27	1449,96
394,48	1372,14
394,70	1515,50
394,91	1509,35
395,13	1415,15
395,34	1380,33
395,56	1415,15
395,77	1478,63
395,99	1411,05
396,20	1462,25
396,42	1490,92
396,63	1445,87
396,85	1335,28
397,06	1378,28
397,28	1366,00
397,49	1456,11
397,71	1404,91
397,92	1343,47
398,14	1497,07
398,35	1581,03
398,57	1409,00
398,78	1603,56
399,00	1390,57
399,21	1447,91
399,43	1597,42
399,64	1445,87
399,86	1390,57
400,07	1441,77
400,29	1413,10
400,50	1488,87
400,72	1474,54
400,93	1456,11
401,14	1452,01
401,36	1411,05
401,57	1421,29
401,79	1540,07
402,00	1427,43
402,22	1445,87
402,43	1398,76
402,65	1486,83
402,86	1404,91
403,08	1431,53
403,29	1497,07
403,51	1460,20
403,72	1452,01
403,94	1394,67
404,15	1425,39
404,36	1376,24
404,58	1669,09
404,79	1443,82
405,01	1427,43
405,22	1452,01
405,44	1398,76
405,65	1497,07
405,87	1400,81
406,08	1435,63
406,30	1456,11
406,51	1449,96
406,72	1421,29
406,94	1447,91
407,15	1509,35
407,37	1478,63
407,58	1488,87
407,80	1550,31
408,01	1421,29
408,23	1458,15
408,44	1382,38
408,65	1384,43
408,87	1505,26
409,08	1472,49
409,30	1515,50
409,51	1415,15
409,73	1406,95
409,94	1466,35
410,15	1449,96
410,37	1527,78
410,58	1488,87
410,80	1464,30
411,01	1458,15
411,23	1396,71
411,44	1384,43
411,65	1591,27
411,87	1529,83
412,08	1353,71
412,30	1470,44
412,51	1488,87
412,72	1542,12
412,94	1497,07
413,15	1388,52
413,37	1509,35
413,58	1361,90
413,79	1521,64
414,01	1454,06
414,22	1423,34
414,44	1474,54
414,65	1421,29
414,86	1388,52
415,08	1396,71
415,29	1476,59
415,51	1480,68
415,72	1449,96
415,93	1382,38
416,15	1427,43
416,36	1458,15
416,58	1492,97
416,79	1492,97
417,00	1374,19
417,22	1396,71
417,43	1513,45
417,65	1470,44
417,86	1476,59
418,07	1525,74
418,29	1443,82
418,50	1415,15
418,71	1468,39
418,93	1404,91
419,14	1425,39
419,36	1423,34
419,57	1443,82
419,78	1441,77
420,00	1470,44
420,21	1511,40
420,42	1449,96
420,64	1409,00
420,85	1433,58
421,06	1454,06
421,28	1456,11
421,49	1515,50
421,71	1529,83
421,92	1445,87
422,13	1380,33
422,35	1546,22
422,56	1437,67
422,77	1443,82
422,99	1441,77
423,20	1378,28
423,41	1460,20
423,63	1398,76
423,84	1439,72
424,05	1492,97
424,27	1460,20
424,48	1501,16
424,69	1406,95
424,91	1679,33
425,12	1396,71
425,33	1466,35
425,55	1392,62
425,76	1386,47
425,97	1464,30
426,19	1435,63
426,40	1474,54
426,61	1447,91
426,83	1415,15
427,04	1443,82
427,25	1529,83
427,47	1546,22
427,68	1495,02
427,89	1466,35
428,11	1433,58
428,32	1392,62
428,53	1452,01
428,75	1441,77
428,96	1488,87
429,17	1386,47
429,39	1433,58
429,60	1443,82
429,81	1415,15
430,03	1449,96
430,24	1380,33
430,45	1497,07
430,67	1488,87
430,88	1425,39
431,09	1400,81
431,30	1447,91
431,52	1466,35
431,73	1374,19
431,94	1447,91
432,16	1501,16
432,37	1437,67
432,58	1454,06
432,80	1462,25
433,01	1439,72
433,22	1443,82
433,43	1382,38
433,65	1343,47
433,86	1452,01
434,07	1509,35
434,29	1468,39
434,50	1370,09
434,71	1552,36
434,92	1384,43
435,14	1390,57
435,35	1460,20
435,56	1439,72
435,77	1468,39
435,99	1380,33
436,20	1445,87
436,41	1421,29
436,63	1361,90
436,84	1384,43
437,05	1380,33
437,26	1472,49
437,48	1511,40
437,69	1492,97
437,90	1363,95
438,11	1427,43
438,33	1427,43
438,54	1490,92
438,75	1535,98
438,96	1497,07
439,18	1429,48
439,39	1505,26
439,60	1421,29
439,82	1415,15
440,03	1388,52
440,24	1484,78
440,45	1378,28
440,67	1474,54
440,88	1374,19
441,09	1449,96
441,30	1513,45
441,51	1507,30
441,73	1419,24
441,94	1472,49
442,15	1419,24
442,36	1548,26
442,58	1433,58
442,79	1427,43
443,00	1378,28
443,21	1525,74
443,43	1417,19
443,64	1413,10
443,85	1437,67
444,06	1517,54
444,28	1458,15
444,49	1429,48
444,70	1529,83
444,91	1480,68
445,12	1449,96
445,34	1484,78
445,55	1538,02
445,76	1456,11
445,97	1423,34
446,18	1406,95
446,40	1521,64
446,61	1431,53
446,82	1474,54
447,03	1472,49
447,25	1470,44
447,46	1411,05
447,67	1499,11
447,88	1388,52
448,09	1439,72
448,31	1441,77
448,52	1419,24
448,73	1476,59
448,94	1439,72
449,15	1460,20
449,37	1404,91
449,58	1497,07
449,79	1482,73
450,00	1531,88
450,21	1456,11
450,43	1517,54
450,64	1376,24
450,85	1478,63
451,06	1542,12
451,27	1464,30
451,48	1372,14
451,70	1462,25
451,91	1460,20
452,12	1406,95
452,33	1370,09
452,54	1447,91
452,76	1515,50
452,97	1521,64
453,18	1458,15
453,39	1452,01
453,60	1570,79
453,81	1423,34
454,03	1449,96
454,24	1454,06
454,45	1423,34
454,66	1513,45
454,87	1458,15
455,08	1490,92
455,30	1406,95
455,51	1513,45
455,72	1511,40
455,93	1503,21
456,14	1433,58
456,35	1460,20
456,56	1464,30
456,78	1538,02
456,99	1482,73
457,20	1411,05
457,41	1482,73
457,62	1468,39
457,83	1511,40
458,04	1501,16
458,26	1474,54
458,47	1468,39
458,68	1478,63
458,89	1519,59
459,10	1437,67
459,31	1517,54
459,52	1472,49
459,74	1449,96
459,95	1509,35
460,16	1386,47
460,37	1619,94
460,58	1572,84
460,79	1441,77
461,00	1560,55
461,21	1454,06
461,43	1497,07
461,64	1470,44
461,85	1425,39
462,06	1505,26
462,27	1333,23
462,48	1406,95
462,69	1443,82
462,90	1427,43
463,12	1505,26
463,33	1468,39
463,54	1540,07
463,75	1523,69
463,96	1452,01
464,17	1480,68
464,38	1523,69
464,59	1458,15
464,80	1398,76
465,01	1456,11
465,23	1443,82
465,44	1431,53
465,65	1443,82
465,86	1392,62
466,07	1533,93
466,28	1499,11
466,49	1492,97
466,70	1492,97
466,91	1531,88
467,12	1435,63
467,33	1402,86
467,55	1452,01
467,76	1445,87
467,97	1497,07
468,18	1466,35
468,39	1447,91
468,60	1525,74
468,81	1447,91
469,02	1484,78
469,23	1456,11
469,44	1466,35
469,65	1361,90
469,86	1429,48
470,07	1402,86
470,29	1507,30
470,50	1468,39
470,71	1445,87
470,92	1505,26
471,13	1431,53
471,34	1482,73
471,55	1562,60
471,76	1449,96
471,97	1460,20
472,18	1495,02
472,39	1484,78
472,60	1464,30
472,81	1470,44
473,02	1452,01
473,23	1497,07
473,44	1437,67
473,65	1458,15
473,87	1476,59
474,08	1435,63
474,29	1423,34
474,50	1445,87
474,71	1456,11
474,92	1509,35
475,13	1419,24
475,34	1470,44
475,55	1531,88
475,76	1431,53
475,97	1562,60
476,18	1495,02
476,39	1439,72
476,60	1499,11
476,81	1488,87
477,02	1515,50
477,23	1427,43
477,44	1488,87
477,65	1456,11
477,86	1495,02
478,07	1431,53
478,28	1507,30
478,49	1409,00
478,70	1501,16
478,91	1376,24
479,12	1517,54
479,33	1492,97
479,54	1419,24
479,75	1517,54
479,96	1501,16
480,17	1527,78
480,38	1490,92
480,59	1427,43
480,80	1548,26
481,01	1488,87
481,22	1458,15
481,43	1456,11
481,64	1474,54
481,85	1427,43
482,06	1474,54
482,27	1480,68
482,48	1540,07
482,69	1552,36
482,90	1558,50
483,11	1511,40
483,32	1495,02
483,53	1499,11
483,74	1464,30
483,95	1462,25
484,16	1374,19
484,37	1386,47
484,58	1546,22
484,79	1513,45
485,00	1476,59
485,21	1398,76
485,42	1503,21
485,63	1597,42
485,84	1421,29
486,05	1497,07
486,26	1525,74
486,47	1499,11
486,68	1462,25
486,89	1419,24
487,10	1409,00
487,31	1460,20
487,52	1417,19
487,73	1511,40
487,94	1484,78
488,15	1472,49
488,36	1486,83
488,57	1384,43
488,77	1441,77
488,98	1497,07
489,19	1429,48
489,40	1519,59
489,61	1558,50
489,82	1499,11
490,03	1523,69
490,24	1425,39
490,45	1488,87
490,66	1560,55
490,87	1578,98
491,08	1431,53
491,29	1525,74
491,50	1447,91
491,71	1454,06
491,92	1495,02
492,13	1484,78
492,33	1370,09
492,54	1425,39
492,75	1533,93
492,96	1449,96
493,17	1452,01
493,38	1478,63
493,59	1535,98
493,80	1544,17
494,01	1464,30
494,22	1548,26
494,43	1509,35
494,64	1503,21
494,85	1509,35
495,05	1529,83
495,26	1550,31
495,47	1482,73
495,68	1490,92
495,89	1490,92
496,10	1417,19
496,31	1423,34
496,52	1464,30
496,73	1492,97
496,94	1499,11
497,15	1538,02
497,35	1505,26
497,56	1501,16
497,77	1441,77
497,98	1480,68
498,19	1550,31
498,40	1495,02
498,61	1482,73
498,82	1425,39
499,03	1433,58
499,23	1458,15
499,44	1523,69
499,65	1568,74
499,86	1484,78
500,07	1445,87
500,28	1376,24
500,49	1439,72
500,70	1443,82
500,91	1423,34
501,11	1468,39
501,32	1554,41
501,53	1497,07
501,74	1517,54
501,95	1449,96
502,16	1433,58
502,37	1474,54
502,57	1515,50
502,78	1558,50
502,99	1480,68
503,20	1439,72
503,41	1517,54
503,62	1501,16
503,83	1505,26
504,03	1527,78
504,24	1466,35
504,45	1464,30
504,66	1431,53
504,87	1488,87
505,08	1460,20
505,29	1472,49
505,49	1449,96
505,70	1468,39
505,91	1544,17
506,12	1529,83
506,33	1558,50
506,54	1480,68
506,75	1548,26
506,95	1437,67
507,16	1562,60
507,37	1558,50
507,58	1515,50
507,79	1550,31
508,00	1509,35
508,20	1447,91
508,41	1476,59
508,62	1523,69
508,83	1509,35
509,04	1441,77
509,24	1560,55
509,45	1771,49
509,66	1501,16
509,87	1513,45
510,08	1542,12
510,29	1521,64
510,49	1505,26
510,70	1509,35
510,91	1427,43
511,12	1454,06
511,33	1390,57
511,53	1421,29
511,74	1478,63
511,95	1472,49
512,16	1437,67
512,37	1578,98
512,57	1382,38
512,78	1404,91
512,99	1488,87
513,20	1505,26
513,41	1585,13
513,61	1437,67
513,82	1468,39
514,03	1413,10
514,24	1533,93
514,45	1486,83
514,65	1476,59
514,86	1468,39
515,07	1431,53
515,28	1452,01
515,49	1552,36
515,69	1476,59
515,90	1523,69
516,11	1521,64
516,32	1445,87
516,52	1443,82
516,73	1466,35
516,94	1576,94
517,15	1435,63
517,36	1492,97
517,56	1535,98
517,77	1474,54
517,98	1476,59
518,19	1417,19
518,39	1533,93
518,60	1423,34
518,81	1617,90
519,02	1468,39
519,22	1507,30
519,43	1474,54
519,64	1462,25
519,85	1388,52
520,05	1454,06
520,26	1443,82
520,47	1581,03
520,68	1538,02
520,88	1462,25
521,09	1482,73
521,30	1497,07
521,51	1427,43
521,71	1460,20
521,92	1552,36
522,13	1468,39
522,34	1499,11
522,54	1470,44
522,75	1411,05
522,96	1423,34
523,17	1542,12
523,37	1546,22
523,58	1478,63
523,79	1529,83
523,99	1495,02
524,20	1484,78
524,41	1452,01
524,62	1601,51
524,82	1587,18
525,03	1501,16
525,24	1415,15
525,45	1431,53
525,65	1466,35
525,86	1546,22
526,07	1437,67
526,27	1462,25
526,48	1431,53
526,69	1589,22
526,90	1435,63
527,10	1490,92
527,31	1476,59
527,52	1548,26
527,72	1560,55
527,93	1527,78
528,14	1478,63
528,34	1478,63
528,55	1447,91
528,76	1609,70
528,97	1409,00
529,17	1640,42
529,38	1476,59
529,59	1488,87
529,79	1464,30
530,00	1509,35
530,21	1509,35
530,41	1458,15
530,62	1515,50
530,83	1523,69
531,03	1548,26
531,24	1566,70
531,45	1492,97
531,65	1466,35
531,86	1632,23
532,07	1548,26
532,27	1468,39
532,48	1509,35
532,69	1370,09
532,89	1538,02
533,10	1447,91
533,31	1529,83
533,51	1476,59
533,72	1482,73
533,93	1542,12
534,13	1480,68
534,34	1484,78
534,55	1480,68
534,75	1499,11
534,96	1658,85
535,17	1484,78
535,37	1531,88
535,58	1501,16
535,79	1474,54
535,99	1417,19
536,20	1376,24
536,41	1435,63
536,61	1507,30
536,82	1591,27
537,03	1542,12
537,23	1378,28
537,44	1517,54
537,64	1527,78
537,85	1478,63
538,06	1527,78
538,26	1523,69
538,47	1499,11
538,68	1513,45
538,88	1468,39
539,09	1464,30
539,30	1470,44
539,50	1585,13
539,71	1525,74
539,91	1470,44
540,12	1497,07
540,33	1484,78
540,53	1484,78
540,74	1474,54
540,94	1511,40
541,15	1466,35
541,36	1466,35
541,56	1517,54
541,77	1507,30
541,98	1462,25
542,18	1466,35
542,39	1552,36
542,59	1478,63
542,80	1441,77
543,01	1376,24
543,21	1513,45
543,42	1548,26
543,62	1482,73
543,83	1437,67
544,04	1449,96
544,24	1445,87
544,45	1460,20
544,65	1484,78
544,86	1486,83
545,06	1486,83
545,27	1478,63
545,48	1466,35
545,68	1470,44
545,89	1542,12
546,09	1443,82
546,30	1454,06
546,51	1552,36
546,71	1497,07
546,92	1495,02
547,12	1374,19
547,33	1484,78
547,53	1542,12
547,74	1527,78
547,95	1460,20
548,15	1515,50
548,36	1505,26
548,56	1445,87
548,77	1499,11
548,97	1554,41
549,18	1429,48
549,39	1538,02
549,59	1472,49
549,80	1456,11
550,00	1458,15
550,21	1517,54
550,41	1609,70
550,62	1517,54
550,82	1427,43
551,03	1472,49
551,23	1476,59
551,44	1447,91
551,65	1517,54
551,85	1476,59
552,06	1431,53
552,26	1513,45
552,47	1523,69
552,67	1521,64
552,88	1427,43
553,08	1468,39
553,29	1513,45
553,49	1535,98
553,70	1419,24
553,90	1566,70
554,11	1431,53
554,32	1558,50
554,52	1562,60
554,73	1488,87
554,93	1392,62
555,14	1413,10
555,34	1468,39
555,55	1527,78
555,75	1499,11
555,96	1443,82
556,16	1474,54
556,37	1568,74
556,57	1427,43
556,78	1517,54
556,98	1509,35
557,19	1480,68
557,39	1492,97
557,60	1466,35
557,80	1378,28
558,01	1456,11
558,21	1449,96
558,42	1523,69
558,62	1497,07
558,83	1535,98
559,03	1486,83
559,24	1458,15
559,44	1581,03
559,65	1462,25
559,85	1482,73
560,06	1456,11
560,26	1535,98
560,47	1464,30
560,67	1554,41
560,88	1435,63
561,08	1435,63
561,29	1552,36
561,49	1499,11
561,70	1490,92
561,90	1521,64
562,10	1497,07
562,31	1554,41
562,51	1439,72
562,72	1433,58
562,92	1474,54
563,13	1558,50
563,33	1517,54
563,54	1521,64
563,74	1499,11
563,95	1404,91
564,15	1521,64
564,36	1552,36
564,56	1468,39
564,76	1447,91
564,97	1427,43
565,17	1468,39
565,38	1521,64
565,58	1411,05
565,79	1509,35
565,99	1447,91
566,20	1544,17
566,40	1423,34
566,60	1513,45
566,81	1572,84
567,01	1593,32
567,22	1501,16
567,42	1472,49
567,63	1529,83
567,83	1486,83
568,04	1533,93
568,24	1515,50
568,44	1593,32
568,65	1488,87
568,85	1519,59
569,06	1497,07
569,26	1572,84
569,47	1533,93
569,67	1501,16
569,87	1552,36
570,08	1486,83
570,28	1550,31
570,49	1439,72
570,69	1527,78
570,89	1667,05
571,10	1603,56
571,30	1495,02
571,51	1497,07
571,71	1546,22
571,91	1531,88
572,12	1515,50
572,32	1472,49
572,53	1429,48
572,73	1527,78
572,93	1548,26
573,14	1460,20
573,34	1578,98
573,55	1437,67
573,75	1482,73
573,95	1509,35
574,16	1476,59
574,36	1478,63
574,57	1437,67
574,77	1497,07
574,97	1505,26
575,18	1515,50
575,38	1499,11
575,59	1490,92
575,79	1515,50
575,99	1495,02
576,20	1628,14
576,40	1560,55
576,60	1466,35
576,81	1587,18
577,01	1445,87
577,22	1529,83
577,42	1556,46
577,62	1538,02
577,83	1476,59
578,03	1574,89
578,23	1566,70
578,44	1585,13
578,64	1548,26
578,84	1417,19
579,05	1454,06
579,25	1548,26
579,45	1396,71
579,66	1482,73
579,86	1497,07
580,07	1484,78
580,27	1521,64
580,47	1525,74
580,68	1519,59
580,88	1460,20
581,08	1470,44
581,29	1490,92
581,49	1564,65
581,69	1595,37
581,90	1452,01
582,10	1552,36
582,30	1511,40
582,51	1546,22
582,71	1423,34
582,91	1394,67
583,12	1550,31
583,32	1585,13
583,52	1521,64
583,73	1486,83
583,93	1466,35
584,13	1538,02
584,34	1476,59
584,54	1538,02
584,74	1562,60
584,94	1560,55
585,15	1501,16
585,35	1558,50
585,55	1476,59
585,76	1470,44
585,96	1538,02
586,16	1583,08
586,37	1517,54
586,57	1499,11
586,77	1476,59
586,98	1421,29
587,18	1490,92
587,38	1497,07
587,58	1462,25
587,79	1466,35
587,99	1515,50
588,19	1466,35
588,40	1433,58
588,60	1591,27
588,80	1484,78
589,00	1576,94
589,21	1525,74
589,41	1470,44
589,61	1458,15
589,82	1515,50
590,02	1484,78
590,22	1507,30
590,42	1527,78
590,63	1572,84
590,83	1501,16
591,03	1550,31
591,23	1468,39
591,44	1546,22
591,64	1464,30
591,84	1546,22
592,05	1603,56
592,25	1552,36
592,45	1501,16
592,65	1523,69
592,86	1550,31
593,06	1517,54
593,26	1554,41
593,46	1472,49
593,67	1466,35
593,87	1578,98
594,07	1495,02
594,27	1544,17
594,48	1449,96
594,68	1515,50
594,88	1542,12
595,08	1568,74
595,29	1548,26
595,49	1617,90
595,69	1486,83
595,89	1515,50
596,10	1640,42
596,30	1554,41
596,50	1548,26
596,70	1554,41
596,90	1591,27
597,11	1490,92
597,31	1515,50
597,51	1527,78
597,71	1593,32
597,92	1542,12
598,12	1548,26
598,32	1589,22
598,52	1501,16
598,72	1515,50
598,93	1447,91
599,13	1607,66
599,33	1515,50
599,53	1656,81
599,74	1452,01
599,94	1521,64
600,14	1519,59
600,34	1509,35
600,54	1535,98
600,75	1521,64
600,95	1509,35
601,15	1517,54
601,35	1468,39
601,55	1470,44
601,76	1568,74
601,96	1597,42
602,16	1556,46
602,36	1497,07
602,56	1376,24
602,76	1507,30
602,97	1533,93
603,17	1548,26
603,37	1558,50
603,57	1542,12
603,77	1538,02
603,98	1474,54
604,18	1560,55
604,38	1558,50
604,58	1468,39
604,78	1521,64
604,98	1507,30
605,19	1497,07
605,39	1476,59
605,59	1552,36
605,79	1566,70
605,99	1599,46
606,19	1531,88
606,40	1495,02
606,60	1515,50
606,80	1413,10
607,00	1439,72
607,20	1394,67
607,40	1585,13
607,61	1492,97
607,81	1531,88
608,01	1499,11
608,21	1535,98
608,41	1519,59
608,61	1509,35
608,81	1464,30
609,02	1478,63
609,22	1478,63
609,42	1454,06
609,62	1525,74
609,82	1468,39
610,02	1527,78
610,22	1523,69
610,43	1507,30
610,63	1525,74
610,83	1435,63
611,03	1509,35
611,23	1503,21
611,43	1597,42
611,63	1470,44
611,83	1472,49
612,04	1552,36
612,24	1554,41
612,44	1513,45
612,64	1531,88
612,84	1550,31
613,04	1478,63
613,24	1574,89
613,44	1476,59
613,64	1449,96
613,85	1574,89
614,05	1595,37
614,25	1521,64
614,45	1505,26
614,65	1587,18
614,85	1497,07
615,05	1550,31
615,25	1546,22
615,45	1507,30
615,65	1523,69
615,86	1564,65
616,06	1497,07
616,26	1544,17
616,46	1574,89
616,66	1562,60
616,86	1613,80
617,06	1454,06
617,26	1572,84
617,46	1521,64
617,66	1624,04
617,86	1550,31
618,07	1517,54
618,27	1574,89
618,47	1562,60
618,67	1597,42
618,87	1591,27
619,07	1570,79
619,27	1542,12
619,47	1574,89
619,67	1642,47
619,87	1552,36
620,07	1624,04
620,27	1624,04
620,47	1449,96
620,67	1554,41
620,87	1544,17
621,07	1613,80
621,28	1560,55
621,48	1544,17
621,68	1560,55
621,88	1564,65
622,08	1550,31
622,28	1589,22
622,48	1601,51
622,68	1576,94
622,88	1615,85
623,08	1617,90
623,28	1624,04
623,48	1564,65
623,68	1546,22
623,88	1548,26
624,08	1607,66
624,28	1478,63
624,48	1607,66
624,68	1538,02
624,88	1597,42
625,08	1693,67
625,28	1595,37
625,48	1525,74
625,68	1589,22
625,88	1550,31
626,08	1513,45
626,28	1642,47
626,48	1544,17
626,68	1499,11
626,88	1589,22
627,08	1607,66
627,28	1693,67
627,48	1634,28
627,68	1619,94
627,88	1484,78
628,08	1554,41
628,28	1587,18
628,49	1556,46
628,68	1550,31
628,88	1621,99
629,08	1619,94
629,28	1544,17
629,48	1581,03
629,68	1613,80
629,88	1562,60
630,08	1656,81
630,28	1617,90
630,48	1591,27
630,68	1519,59
630,88	1626,09
631,08	1630,18
631,28	1683,43
631,48	1609,70
631,68	1546,22
631,88	1525,74
632,08	1554,41
632,28	1556,46
632,48	1591,27
632,68	1576,94
632,88	1624,04
633,08	1548,26
633,28	1617,90
633,48	1638,38
633,68	1628,14
633,88	1535,98
634,08	1595,37
634,28	1562,60
634,48	1654,76
634,68	1556,46
634,88	1632,23
635,08	1599,46
635,28	1603,56
635,48	1509,35
635,68	1585,13
635,87	1591,27
636,07	1603,56
636,27	1560,55
636,47	1730,53
636,67	1615,85
636,87	1595,37
637,07	1630,18
637,27	1638,38
637,47	1601,51
637,67	1628,14
637,87	1511,40
638,07	1646,57
638,27	1511,40
638,47	1607,66
638,67	1679,33
638,86	1728,49
639,06	1544,17
639,26	1679,33
639,46	1513,45
639,66	1619,94
639,86	1595,37
640,06	1685,48
640,26	1628,14
640,46	1587,18
640,66	1546,22
640,86	1648,61
641,06	1527,78
641,25	1634,28
641,45	1619,94
641,65	1554,41
641,85	1562,60
642,05	1675,24
642,25	1554,41
642,45	1599,46
642,65	1550,31
642,85	1652,71
643,05	1644,52
643,24	1681,38
643,44	1628,14
643,64	1570,79
643,84	1624,04
644,04	1619,94
644,24	1574,89
644,44	1626,09
644,64	1599,46
644,84	1603,56
645,03	1681,38
645,23	1619,94
645,43	1568,74
645,63	1621,99
645,83	1630,18
646,03	1636,33
646,23	1593,32
646,42	1726,44
646,62	1574,89
646,82	1665,00
647,02	1570,79
647,22	1675,24
647,42	1632,23
647,62	1658,85
647,82	1570,79
648,01	1796,07
648,21	1607,66
648,41	1712,10
648,61	1683,43
648,81	1742,82
649,01	1658,85
649,20	1599,46
649,40	1634,28
649,60	1611,75
649,80	1624,04
650,00	1570,79
650,20	1708,01
650,40	1662,95
650,59	1578,98
650,79	1656,81
650,99	1603,56
651,19	1662,95
651,39	1628,14
651,58	1656,81
651,78	1626,09
651,98	1603,56
652,18	1636,33
652,38	1703,91
652,58	1687,53
652,77	1566,70
652,97	1673,19
653,17	1624,04
653,37	1751,01
653,57	1634,28
653,77	1611,75
653,96	1697,77
654,16	1585,13
654,36	1648,61
654,56	1611,75
654,76	1691,62
654,95	1585,13
655,15	1630,18
655,35	1679,33
655,55	1667,05
655,75	1652,71
655,94	1632,23
656,14	1642,47
656,34	1738,73
656,54	1521,64
656,73	1634,28
656,93	1619,94
657,13	1626,09
657,33	1662,95
657,53	1650,66
657,72	1662,95
657,92	1613,80
658,12	1554,41
658,32	1716,20
658,52	1589,22
658,71	1630,18
658,91	1636,33
659,11	1665,00
659,31	1728,49
659,50	1601,51
659,70	1687,53
659,90	1742,82
660,10	1605,61
660,29	1652,71
660,49	1722,34
660,69	1773,54
660,89	1644,52
661,08	1578,98
661,28	1638,38
661,48	1630,18
661,68	1613,80
661,87	1685,48
662,07	1669,09
662,27	1648,61
662,47	1615,85
662,66	1703,91
662,86	1675,24
663,06	1679,33
663,26	1578,98
663,45	1669,09
663,65	1669,09
663,85	1693,67
664,05	1621,99
664,24	1732,58
664,44	1646,57
664,64	1669,09
664,84	1683,43
665,03	1705,96
665,23	1724,39
665,43	1667,05
665,62	1568,74
665,82	1669,09
666,02	1652,71
666,22	1740,77
666,41	1660,90
666,61	1722,34
666,81	1685,48
667,00	1605,61
667,20	1589,22
667,40	1742,82
667,60	1624,04
667,79	1599,46
667,99	1699,81
668,19	1593,32
668,38	1656,81
668,58	1691,62
668,78	1642,47
668,97	1687,53
669,17	1687,53
669,37	1724,39
669,57	1587,18
669,76	1654,76
669,96	1685,48
670,16	1613,80
670,35	1636,33
670,55	1712,10
670,75	1570,79
670,94	1646,57
671,14	1734,63
671,34	1630,18
671,53	1558,50
671,73	1665,00
671,93	1648,61
672,12	1615,85
672,32	1624,04
672,52	1607,66
672,71	1593,32
672,91	1660,90
673,11	1624,04
673,30	1619,94
673,50	1578,98
673,70	1464,30
673,89	1578,98
674,09	1611,75
674,29	1624,04
674,48	1624,04
674,68	1662,95
674,88	1482,73
675,07	1566,70
675,27	1650,66
675,46	1562,60
675,66	1560,55
675,86	1656,81
676,05	1636,33
676,25	1642,47
676,45	1566,70
676,64	1529,83
676,84	1636,33
677,04	1527,78
677,23	1679,33
677,43	1587,18
677,62	1656,81
677,82	1613,80
678,02	1474,54
678,21	1527,78
678,41	1626,09
678,61	1568,74
678,80	1671,14
679,00	1650,66
679,19	1693,67
679,39	1785,83
679,59	1619,94
679,78	1519,59
679,98	1570,79
680,17	1525,74
680,37	1660,90
680,57	1574,89
680,76	1650,66
680,96	1701,86
681,16	1607,66
681,35	1511,40
681,55	1626,09
681,74	1523,69
681,94	1613,80
682,13	1644,52
682,33	1660,90
682,53	1566,70
682,72	1601,51
682,92	1599,46
683,11	1607,66
683,31	1689,57
683,51	1560,55
683,70	1599,46
683,90	1654,76
684,09	1605,61
684,29	1667,05
684,48	1632,23
684,68	1560,55
684,88	1724,39
685,07	1587,18
685,27	1601,51
685,46	1644,52
685,66	1630,18
685,85	1669,09
686,05	1742,82
686,25	1742,82
686,44	1718,25
686,64	1726,44
686,83	1648,61
687,03	1802,21
687,22	1656,81
687,42	1603,56
687,61	1714,15
687,81	1636,33
688,01	1679,33
688,20	1662,95
688,40	1644,52
688,59	1683,43
688,79	1742,82
688,98	1665,00
689,18	1708,01
689,37	1675,24
689,57	1687,53
689,76	1628,14
689,96	1638,38
690,15	1640,42
690,35	1710,05
690,54	1681,38
690,74	1636,33
690,94	1613,80
691,13	1685,48
691,33	1677,29
691,52	1710,05
691,72	1783,78
691,91	1578,98
692,11	1755,11
692,30	1660,90
692,50	1724,39
692,69	1732,58
692,89	1724,39
693,08	1605,61
693,28	1656,81
693,47	1673,19
693,67	1693,67
693,86	1660,90
694,06	1669,09
694,25	1665,00
694,45	1804,26
694,64	1677,29
694,84	1648,61
695,03	1691,62
695,23	1757,16
695,42	1714,15
695,62	1728,49
695,81	1685,48
696,01	1810,40
696,20	1619,94
696,40	1716,20
696,59	1703,91
696,78	1636,33
696,98	1640,42
697,17	1624,04
697,37	1658,85
697,56	1648,61
697,76	1783,78
697,95	1740,77
698,15	1660,90
698,34	1685,48
698,54	1621,99
698,73	1703,91
698,93	1624,04
699,12	1654,76
699,32	1566,70
699,51	1679,33
699,70	1511,40
699,90	1591,27
700,09	1675,24
700,29	1552,36
700,48	1558,50
700,68	1525,74
700,87	1556,46
701,07	1562,60
701,26	1636,33
701,45	1468,39
701,65	1521,64
701,84	1540,07
702,04	1488,87
702,23	1581,03
702,43	1521,64
702,62	1513,45
702,81	1550,31
703,01	1466,35
703,20	1621,99
703,40	1468,39
703,59	1509,35
703,79	1435,63
703,98	1523,69
704,17	1445,87
704,37	1525,74
704,56	1445,87
704,76	1488,87
704,95	1394,67
705,14	1417,19
705,34	1392,62
705,53	1419,24
705,73	1390,57
705,92	1382,38
706,11	1443,82
706,31	1409,00
706,50	1509,35
706,70	1517,54
706,89	1384,43
707,08	1529,83
707,28	1501,16
707,47	1327,08
707,67	1495,02
707,86	1521,64
708,05	1349,61
708,25	1402,86
708,44	1372,14
708,64	1427,43
708,83	1454,06
709,02	1406,95
709,22	1400,81
709,41	1380,33
709,60	1497,07
709,80	1470,44
709,99	1423,34
710,19	1462,25
710,38	1505,26
710,57	1355,76
710,77	1402,86
710,96	1443,82
711,15	1351,66
711,35	1429,48
711,54	1415,15
711,73	1462,25
711,93	1460,20
712,12	1435,63
712,31	1390,57
712,51	1406,95
712,70	1376,24
712,89	1355,76
713,09	1380,33
713,28	1464,30
713,48	1419,24
713,67	1454,06
713,86	1427,43
714,06	1484,78
714,25	1392,62
714,44	1384,43
714,64	1466,35
714,83	1357,80
715,02	1402,86
715,22	1406,95
715,41	1402,86
715,60	1437,67
715,79	1384,43
715,99	1415,15
716,18	1374,19
716,37	1388,52
716,57	1368,04
716,76	1431,53
716,95	1488,87
717,15	1357,80
717,34	1363,95
717,53	1337,32
717,73	1488,87
717,92	1386,47
718,11	1433,58
718,31	1447,91
718,50	1460,20
718,69	1398,76
718,88	1488,87
719,08	1427,43
719,27	1390,57
719,46	1454,06
719,66	1488,87
719,85	1355,76
720,04	1411,05
720,23	1427,43
720,43	1431,53
720,62	1339,37
720,81	1353,71
721,01	1400,81
721,20	1497,07
721,39	1415,15
721,58	1341,42
721,78	1382,38
721,97	1466,35
722,16	1378,28
722,35	1380,33
722,55	1409,00
722,74	1470,44
722,93	1421,29
723,13	1419,24
723,32	1370,09
723,51	1357,80
723,70	1439,72
723,90	1437,67
724,09	1396,71
724,28	1443,82
724,47	1411,05
724,67	1480,68
724,86	1392,62
725,05	1437,67
725,24	1335,28
725,44	1419,24
725,63	1353,71
725,82	1368,04
726,01	1417,19
726,21	1468,39
726,40	1404,91
726,59	1462,25
726,78	1423,34
726,97	1409,00
727,17	1427,43
727,36	1394,67
727,55	1421,29
727,74	1386,47
727,94	1452,01
728,13	1435,63
728,32	1394,67
728,51	1406,95
728,70	1435,63
728,90	1390,57
729,09	1388,52
729,28	1411,05
729,47	1503,21
729,66	1404,91
729,86	1415,15
730,05	1384,43
730,24	1411,05
730,43	1445,87
730,63	1472,49
730,82	1519,59
731,01	1456,11
731,20	1431,53
731,39	1400,81
731,58	1409,00
731,78	1458,15
731,97	1484,78
732,16	1409,00
732,35	1345,52
732,54	1374,19
732,74	1511,40
732,93	1409,00
733,12	1370,09
733,31	1413,10
733,50	1363,95
733,69	1470,44
733,89	1454,06
734,08	1468,39
734,27	1423,34
734,46	1443,82
734,65	1441,77
734,84	1478,63
735,04	1497,07
735,23	1388,52
735,42	1388,52
735,61	1357,80
735,80	1509,35
735,99	1400,81
736,19	1355,76
736,38	1433,58
736,57	1406,95
736,76	1366,00
736,95	1447,91
737,14	1390,57
737,33	1396,71
737,53	1523,69
737,72	1402,86
737,91	1411,05
738,10	1413,10
738,29	1431,53
738,48	1425,39
738,67	1454,06
738,87	1454,06
739,06	1449,96
739,25	1425,39
739,44	1388,52
739,63	1497,07
739,82	1445,87
740,01	1447,91
740,20	1363,95
740,40	1415,15
740,59	1388,52
740,78	1425,39
740,97	1396,71
741,16	1413,10
741,35	1468,39
741,54	1503,21
741,73	1488,87
741,92	1423,34
742,12	1419,24
742,31	1388,52
742,50	1466,35
742,69	1468,39
742,88	1437,67
743,07	1376,24
743,26	1349,61
743,45	1490,92
743,64	1466,35
743,83	1445,87
744,02	1439,72
744,22	1384,43
744,41	1464,30
744,60	1439,72
744,79	1476,59
744,98	1452,01
745,17	1325,04
745,36	1425,39
745,55	1546,22
745,74	1378,28
745,93	1484,78
746,12	1464,30
746,31	1347,56
746,50	1384,43
746,70	1368,04
746,89	1415,15
747,08	1347,56
747,27	1429,48
747,46	1415,15
747,65	1490,92
747,84	1507,30
748,03	1486,83
748,22	1429,48
748,41	1384,43
748,60	1462,25
748,79	1544,17
748,98	1466,35
749,17	1345,52
749,36	1482,73
749,55	1394,67
749,74	1353,71
749,93	1484,78
750,12	1454,06
750,31	1464,30
750,50	1509,35
750,70	1464,30
750,89	1558,50
751,08	1540,07
751,27	1433,58
751,46	1452,01
751,65	1511,40
751,84	1472,49
752,03	1372,14
752,22	1425,39
752,41	1433,58
752,60	1447,91
752,79	1511,40
752,98	1472,49
753,17	1447,91
753,36	1513,45
753,55	1443,82
753,74	1505,26
753,93	1511,40
754,12	1449,96
754,31	1466,35
754,50	1529,83
754,69	1449,96
754,88	1513,45
755,07	1468,39
755,26	1452,01
755,45	1390,57
755,64	1492,97
755,83	1564,65
756,02	1466,35
756,21	1509,35
756,40	1538,02
756,59	1359,85
756,78	1521,64
756,97	1525,74
757,16	1484,78
757,35	1527,78
757,54	1462,25
757,72	1486,83
757,91	1425,39
758,10	1406,95
758,29	1378,28
758,48	1456,11
758,67	1464,30
758,86	1566,70
759,05	1538,02
759,24	1533,93
759,43	1603,56
759,62	1519,59
759,81	1454,06
760,00	1603,56
760,19	1503,21
760,38	1507,30
760,57	1478,63
760,76	1595,37
760,95	1589,22
761,14	1476,59
761,33	1519,59
761,52	1589,22
761,70	1484,78
761,89	1542,12
762,08	1564,65
762,27	1517,54
762,46	1505,26
762,65	1531,88
762,84	1499,11
763,03	1589,22
763,22	1609,70
763,41	1544,17
763,60	1490,92
763,79	1607,66
763,98	1572,84
764,16	1558,50
764,35	1583,08
764,54	1566,70
764,73	1619,94
764,92	1587,18
765,11	1619,94
765,30	1562,60
765,49	1478,63
765,68	1626,09
765,87	1632,23
766,06	1568,74
766,24	1572,84
766,43	1531,88
766,62	1589,22
766,81	1593,32
767,00	1585,13
767,19	1585,13
767,38	1656,81
767,57	1517,54
767,76	1589,22
767,94	1568,74
768,13	1626,09
768,32	1716,20
768,51	1611,75
768,70	1703,91
768,89	1550,31
769,08	1566,70
769,27	1488,87
769,45	1634,28
769,64	1726,44
769,83	1630,18
770,02	1642,47
770,21	1644,52
770,40	1652,71
770,59	1761,25
770,77	1660,90
770,96	1640,42
771,15	1673,19
771,34	1658,85
771,53	1822,69
771,72	1777,64
771,91	1636,33
772,09	1679,33
772,28	1640,42
772,47	1669,09
772,66	1716,20
772,85	1716,20
773,04	1726,44
773,22	1771,49
773,41	1693,67
773,60	1665,00
773,79	1738,73
773,98	1736,68
774,17	1736,68
774,35	1730,53
774,54	1714,15
774,73	1755,11
774,92	1687,53
775,11	1753,06
775,30	1775,59
775,48	1755,11
775,67	1693,67
775,86	1839,08
776,05	1841,12
776,24	1755,11
776,42	1787,88
776,61	1808,36
776,80	1767,40
776,99	1849,32
777,18	1765,35
777,36	1837,03
777,55	1771,49
777,74	1777,64
777,93	1761,25
778,12	1722,34
778,30	1851,36
778,49	1816,55
778,68	1849,32
778,87	1765,35
779,06	1787,88
779,24	1783,78
779,43	1798,12
779,62	1822,69
779,81	1794,02
779,99	1771,49
780,18	1814,50
780,37	1820,64
780,56	1781,73
780,75	1765,35
780,93	1802,21
781,12	1851,36
781,31	1669,09
781,50	1763,30
781,68	1759,21
781,87	1662,95
782,06	1693,67
782,25	1665,00
782,43	1710,05
782,62	1740,77
782,81	1781,73
783,00	1703,91
783,18	1716,20
783,37	1619,94
783,56	1720,29
783,75	1781,73
783,93	1744,87
784,12	1705,96
784,31	1798,12
784,50	1728,49
784,68	1673,19
784,87	1679,33
785,06	1665,00
785,24	1736,68
785,43	1613,80
785,62	1628,14
785,81	1701,86
785,99	1650,66
786,18	1519,59
786,37	1648,61
786,56	1492,97
786,74	1640,42
786,93	1570,79
787,12	1589,22
787,30	1525,74
787,49	1615,85
787,68	1564,65
787,87	1542,12
788,05	1628,14
788,24	1501,16
788,43	1566,70
788,61	1626,09
788,80	1554,41
788,99	1570,79
789,17	1449,96
789,36	1482,73
789,55	1492,97
789,73	1585,13
789,92	1501,16
790,11	1443,82
790,30	1558,50
790,48	1470,44
790,67	1503,21
790,86	1509,35
791,04	1554,41
791,23	1560,55
791,42	1490,92
791,60	1456,11
791,79	1482,73
791,98	1435,63
792,16	1542,12
792,35	1445,87
792,54	1456,11
792,72	1529,83
792,91	1486,83
793,10	1507,30
793,28	1437,67
793,47	1529,83
793,66	1447,91
793,84	1402,86
794,03	1466,35
794,22	1562,60
794,40	1454,06
794,59	1468,39
794,77	1368,04
794,96	1368,04
795,15	1464,30
795,33	1396,71
795,52	1497,07
795,71	1394,67
795,89	1411,05
796,08	1521,64
796,27	1402,86
796,45	1404,91
796,64	1454,06
796,82	1433,58
797,01	1409,00
797,20	1384,43
797,38	1445,87
797,57	1415,15
797,76	1423,34
797,94	1456,11
798,13	1419,24
798,31	1433,58
798,50	1402,86
798,69	1464,30
798,87	1458,15
799,06	1460,20
799,24	1384,43
799,43	1501,16
799,62	1372,14
799,80	1421,29
799,99	1591,27
800,17	1359,85
800,36	1501,16
800,55	1447,91
800,73	1468,39
800,92	1380,33
801,10	1423,34
801,29	1445,87
801,48	1368,04
801,66	1417,19
801,85	1464,30
802,03	1482,73
802,22	1497,07
802,40	1374,19
802,59	1384,43
802,78	1357,80
802,96	1548,26
803,15	1429,48
803,33	1521,64
803,52	1447,91
803,70	1433,58
803,89	1406,95
804,08	1361,90
804,26	1388,52
804,45	1415,15
804,63	1458,15
804,82	1507,30
805,00	1411,05
805,19	1443,82
805,37	1472,49
805,56	1415,15
805,74	1484,78
805,93	1396,71
806,12	1421,29
806,30	1478,63
806,49	1437,67
806,67	1431,53
806,86	1400,81
807,04	1460,20
807,23	1423,34
807,41	1380,33
807,60	1427,43
807,78	1380,33
807,97	1773,54
808,15	1468,39
808,34	1437,67
808,52	1421,29
808,71	1521,64
808,89	1366,00
809,08	1499,11
809,27	1437,67
809,45	1380,33
809,64	1497,07
809,82	1431,53
810,01	1402,86
810,19	1460,20
810,38	1406,95
810,56	1382,38
810,75	1419,24
810,93	1439,72
811,12	1390,57
811,30	1458,15
811,49	1329,13
811,67	1492,97
811,85	1470,44
812,04	1374,19
812,22	1509,35
812,41	1454,06
812,59	1431,53
812,78	1468,39
812,96	1388,52
813,15	1435,63
813,33	1456,11
813,52	1427,43
813,70	1449,96
813,89	1431,53
814,07	1425,39
814,26	1445,87
814,44	1433,58
814,63	1452,01
814,81	1435,63
815,00	1374,19
815,18	1464,30
815,36	1501,16
815,55	1443,82
815,73	1497,07
815,92	1497,07
816,10	1560,55
816,29	1566,70
816,47	1370,09
816,66	1431,53
816,84	1515,50
817,02	1460,20
817,21	1427,43
817,39	1363,95
817,58	1484,78
817,76	1460,20
817,95	1413,10
818,13	1439,72
818,32	1411,05
818,50	1460,20
818,68	1476,59
818,87	1497,07
819,05	1464,30
819,24	1437,67
819,42	1431,53
819,60	1441,77
819,79	1488,87
819,97	1388,52
820,16	1468,39
820,34	1468,39
820,53	1366,00
820,71	1376,24
820,89	1464,30
821,08	1521,64
821,26	1421,29
821,45	1357,80
821,63	1452,01
821,81	1445,87
822,00	1517,54
822,18	1523,69
822,37	1525,74
822,55	1419,24
822,73	1454,06
822,92	1456,11
823,10	1503,21
823,28	1406,95
823,47	1478,63
823,65	1376,24
823,84	1431,53
824,02	1533,93
824,20	1501,16
824,39	1482,73
824,57	1538,02
824,75	1544,17
824,94	1535,98
825,12	1484,78
825,31	1454,06
825,49	1468,39
825,67	1509,35
825,86	1462,25
826,04	1523,69
826,22	1484,78
826,41	1585,13
826,59	1507,30
826,77	1540,07
826,96	1486,83
827,14	1511,40
827,32	1470,44
827,51	1486,83
827,69	1540,07
827,87	1570,79
828,06	1570,79
828,24	1492,97
828,42	1456,11
828,61	1562,60
828,79	1519,59
828,97	1566,70
829,16	1546,22
829,34	1468,39
829,52	1486,83
829,71	1601,51
829,89	1472,49
830,07	1472,49
830,26	1542,12
830,44	1546,22
830,62	1572,84
830,81	1550,31
830,99	1468,39
831,17	1497,07
831,36	1456,11
831,54	1593,32
831,72	1540,07
831,91	1437,67
832,09	1394,67
832,27	1519,59
832,45	1626,09
832,64	1548,26
832,82	1581,03
833,00	1576,94
833,19	1439,72
833,37	1578,98
833,55	1501,16
833,73	1556,46
833,92	1599,46
834,10	1517,54
834,28	1525,74
834,47	1607,66
834,65	1548,26
834,83	1550,31
835,01	1578,98
835,20	1533,93
835,38	1519,59
835,56	1497,07
835,74	1540,07
835,93	1583,08
836,11	1581,03
836,29	1558,50
836,47	1644,52
836,66	1484,78
836,84	1576,94
837,02	1552,36
837,21	1578,98
837,39	1525,74
837,57	1644,52
837,75	1716,20
837,94	1525,74
838,12	1525,74
838,30	1505,26
838,48	1568,74
838,66	1538,02
838,85	1660,90
839,03	1578,98
839,21	1603,56
839,39	1535,98
839,58	1429,48
839,76	1703,91
839,94	1665,00
840,12	1572,84
840,31	1652,71
840,49	1540,07
840,67	1589,22
840,85	1525,74
841,03	1660,90
841,22	1552,36
841,40	1767,40
841,58	1576,94
841,76	1597,42
841,94	1677,29
842,13	1726,44
842,31	1603,56
842,49	1640,42
842,67	1583,08
842,85	1683,43
843,04	1736,68
843,22	1673,19
843,40	1662,95
843,58	1746,92
843,76	1564,65
843,95	1691,62
844,13	1751,01
844,31	1642,47
844,49	1673,19
844,67	1578,98
844,86	1578,98
845,04	1703,91
845,22	1527,78
845,40	1714,15
845,58	1611,75
845,76	1660,90
845,95	1665,00
846,13	1759,21
846,31	1667,05
846,49	1712,10
846,67	1576,94
846,85	1685,48
847,04	1689,57
847,22	1812,45
847,40	1525,74
847,58	1640,42
847,76	1740,77
847,94	1726,44
848,12	1642,47
848,31	1742,82
848,49	1621,99
848,67	1761,25
848,85	1734,63
849,03	1738,73
849,21	1767,40
849,39	1748,97
849,58	1691,62
849,76	1667,05
849,94	1738,73
850,12	1679,33
850,30	1636,33
850,48	1734,63
850,66	1701,86
850,84	1712,10
851,03	1626,09
851,21	1677,29
851,39	1642,47
851,57	1708,01
851,75	1615,85
851,93	1722,34
852,11	1636,33
852,29	1877,99
852,47	1703,91
852,66	1767,40
852,84	1665,00
853,02	1791,97
853,20	1851,36
853,38	1841,12
853,56	1658,85
853,74	1771,49
853,92	1673,19
854,10	1642,47
854,28	1644,52
854,46	1718,25
854,65	1734,63
854,83	1677,29
855,01	1712,10
855,19	1730,53
855,37	1720,29
855,55	1859,56
855,73	1669,09
855,91	1746,92
856,09	1767,40
856,27	1789,92
856,45	1755,11
856,63	1683,43
856,81	1615,85
857,00	1658,85
857,18	1662,95
857,36	1640,42
857,54	1712,10
857,72	1648,61
857,90	1613,80
858,08	1759,21
858,26	1708,01
858,44	1781,73
858,62	1687,53
858,80	1665,00
858,98	1730,53
859,16	1679,33
859,34	1691,62
859,52	1716,20
859,70	1660,90
859,88	1665,00
860,06	1660,90
860,24	1632,23
860,42	1599,46
860,60	1675,24
860,78	1529,83
860,96	1697,77
861,14	1636,33
861,32	1718,25
861,50	1615,85
861,69	1652,71
861,87	1683,43
862,05	1576,94
862,23	1527,78
862,41	1654,76
862,59	1634,28
862,77	1597,42
862,95	1621,99
863,13	1566,70
863,31	1521,64
863,49	1531,88
863,67	1535,98
863,85	1574,89
864,03	1613,80
864,21	1507,30
864,39	1570,79
864,57	1587,18
864,75	1572,84
864,92	1617,90
865,10	1566,70
865,28	1482,73
865,46	1570,79
865,64	1531,88
865,82	1507,30
866,00	1474,54
866,18	1492,97
866,36	1626,09
866,54	1546,22
866,72	1517,54
866,90	1519,59
867,08	1478,63
867,26	1460,20
867,44	1525,74
867,62	1513,45
867,80	1466,35
867,98	1581,03
868,16	1568,74
868,34	1499,11
868,52	1413,10
868,70	1464,30
868,88	1456,11
869,06	1509,35
869,24	1560,55
869,42	1472,49
869,59	1495,02
869,77	1511,40
869,95	1519,59
870,13	1429,48
870,31	1427,43
870,49	1499,11
870,67	1390,57
870,85	1423,34
871,03	1466,35
871,21	1589,22
871,39	1480,68
871,57	1462,25
871,75	1503,21
871,92	1460,20
872,10	1429,48
872,28	1372,14
872,46	1505,26
872,64	1478,63
872,82	1441,77
873,00	1433,58
873,18	1445,87
873,36	1392,62
873,54	1447,91
873,72	1421,29
873,89	1515,50
874,07	1445,87
874,25	1521,64
874,43	1497,07
874,61	1495,02
874,79	1449,96
874,97	1409,00
875,15	1443,82
875,33	1470,44
875,50	1413,10
875,68	1443,82
875,86	1554,41
876,04	1501,16
876,22	1488,87
876,40	1433,58
876,58	1497,07
876,76	1462,25
876,93	1441,77
877,11	1445,87
877,29	1478,63
877,47	1456,11
877,65	1501,16
877,83	1552,36
878,01	1380,33
878,18	1366,00
878,36	1462,25
878,54	1396,71
878,72	1404,91
878,90	1368,04
879,08	1521,64
879,25	1484,78
879,43	1423,34
879,61	1474,54
879,79	1523,69
879,97	1441,77
880,15	1546,22
880,32	1409,00
880,50	1466,35
880,68	1372,14
880,86	1497,07
881,04	1492,97
881,22	1484,78
881,39	1486,83
881,57	1552,36
881,75	1421,29
881,93	1441,77
882,11	1429,48
882,28	1449,96
882,46	1429,48
882,64	1449,96
882,82	1421,29
883,00	1445,87
883,18	1513,45
883,35	1437,67
883,53	1415,15
883,71	1447,91
883,89	1402,86
884,07	1427,43
884,24	1386,47
884,42	1456,11
884,60	1353,71
884,78	1501,16
884,95	1423,34
885,13	1466,35
885,31	1357,80
885,49	1366,00
885,67	1427,43
885,84	1406,95
886,02	1404,91
886,20	1464,30
886,38	1413,10
886,55	1484,78
886,73	1400,81
886,91	1431,53
887,09	1437,67
887,26	1464,30
887,44	1472,49
887,62	1466,35
887,80	1406,95
887,98	1535,98
888,15	1384,43
888,33	1357,80
888,51	1439,72
888,69	1384,43
888,86	1441,77
889,04	1413,10
889,22	1351,66
889,39	1421,29
889,57	1429,48
889,75	1378,28
889,93	1456,11
890,10	1413,10
890,28	1433,58
890,46	1519,59
890,64	1468,39
890,81	1363,95
890,99	1411,05
891,17	1388,52
891,34	1456,11
891,52	1478,63
891,70	1452,01
891,88	1398,76
892,05	1353,71
892,23	1456,11
892,41	1439,72
892,58	1325,04
892,76	1468,39
892,94	1437,67
893,12	1505,26
893,29	1390,57
893,47	1425,39
893,65	1423,34
893,82	1419,24
894,00	1460,20
894,18	1359,85
894,35	1447,91
894,53	1460,20
894,71	1476,59
894,89	1380,33
895,06	1374,19
895,24	1404,91
895,42	1337,32
895,59	1361,90
895,77	1443,82
895,95	1513,45
896,12	1456,11
896,30	1435,63
896,48	1421,29
896,65	1460,20
896,83	1466,35
897,01	1384,43
897,18	1456,11
897,36	1466,35
897,54	1458,15
897,71	1376,24
897,89	1437,67
898,07	1372,14
898,24	1476,59
898,42	1366,00
898,59	1501,16
898,77	1421,29
898,95	1413,10
899,12	1482,73
899,30	1343,47
899,48	1449,96
899,65	1507,30
899,83	1427,43
900,01	1456,11
900,18	1458,15
900,36	1427,43
900,53	1421,29
900,71	1470,44
900,89	1484,78
901,06	1452,01
901,24	1445,87
901,42	1435,63
901,59	1376,24
901,77	1452,01
901,94	1464,30
902,12	1439,72
902,30	1456,11
902,47	1468,39
902,65	1419,24
902,82	1460,20
903,00	1421,29
903,18	1497,07
903,35	1431,53
903,53	1462,25
903,70	1454,06
903,88	1333,23
904,06	1454,06
904,23	1456,11
904,41	1382,38
904,58	1415,15
904,76	1361,90
904,93	1495,02
905,11	1411,05
905,29	1460,20
905,46	1349,61
905,64	1439,72
905,81	1402,86
905,99	1415,15
906,16	1484,78
906,34	1437,67
906,52	1384,43
906,69	1433,58
906,87	1497,07
907,04	1421,29
907,22	1308,65
907,39	1419,24
907,57	1312,75
907,75	1458,15
907,92	1443,82
908,10	1513,45
908,27	1406,95
908,45	1394,67
908,62	1396,71
908,80	1411,05
908,97	1382,38
909,15	1445,87
909,32	1427,43
909,50	1501,16
909,67	1390,57
909,85	1447,91
910,03	1402,86
910,20	1529,83
910,38	1390,57
910,55	1484,78
910,73	1429,48
910,90	1421,29
911,08	1413,10
911,25	1452,01
911,43	1427,43
911,60	1447,91
911,78	1423,34
911,95	1409,00
912,13	1370,09
912,30	1503,21
912,48	1402,86
912,65	1363,95
912,83	1413,10
913,00	1368,04
913,18	1474,54
913,35	1488,87
913,53	1353,71
913,70	1449,96
913,88	1423,34
914,05	1507,30
914,23	1470,44
914,40	1468,39
914,58	1396,71
914,75	1382,38
914,93	1398,76
915,10	1335,28
915,27	1472,49
915,45	1427,43
915,62	1476,59
915,80	1460,20
915,97	1400,81
916,15	1388,52
916,32	1507,30
916,50	1429,48
916,67	1484,78
916,85	1441,77
917,02	1411,05
917,20	1484,78
917,37	1421,29
917,54	1466,35
917,72	1505,26
917,89	1542,12
918,07	1433,58
918,24	1529,83
918,42	1415,15
918,59	1452,01
918,77	1570,79
918,94	1546,22
919,11	1443,82
919,29	1402,86
919,46	1513,45
919,64	1409,00
919,81	1460,20
919,99	1445,87
920,16	1423,34
920,33	1456,11
920,51	1392,62
920,68	1423,34
920,86	1406,95
921,03	1423,34
921,20	1312,75
921,38	1492,97
921,55	1492,97
921,73	1435,63
921,90	1374,19
922,07	1454,06
922,25	1423,34
922,42	1507,30
922,60	1437,67
922,77	1425,39
922,94	1421,29
923,12	1396,71
923,29	1417,19
923,47	1357,80
923,64	1425,39
923,81	1511,40
923,99	1382,38
924,16	1501,16
924,34	1386,47
924,51	1472,49
924,68	1466,35
924,86	1429,48
925,03	1406,95
925,20	1546,22
925,38	1353,71
925,55	1454,06
925,72	1456,11
925,90	1419,24
926,07	1370,09
926,25	1370,09
926,42	1433,58
926,59	1417,19
926,77	1384,43
926,94	1466,35
927,11	1425,39
927,29	1441,77
927,46	1392,62
927,63	1521,64
927,81	1441,77
927,98	1419,24
928,15	1435,63
928,33	1480,68
928,50	1447,91
928,67	1525,74
928,85	1372,14
929,02	1454,06
929,19	1492,97
929,37	1497,07
929,54	1398,76
929,71	1380,33
929,89	1413,10
930,06	1398,76
930,23	1390,57
930,41	1460,20
930,58	1337,32
930,75	1413,10
930,92	1431,53
931,10	1417,19
931,27	1409,00
931,44	1503,21
931,62	1394,67
931,79	1335,28
931,96	1431,53
932,14	1495,02
932,31	1394,67
932,48	1439,72
932,65	1386,47
932,83	1472,49
933,00	1384,43
933,17	1509,35
933,35	1552,36
933,52	1521,64
933,69	1517,54
933,86	1411,05
934,04	1468,39
934,21	1402,86
934,38	1499,11
934,55	1429,48
934,73	1361,90
934,90	1490,92
935,07	1413,10
935,25	1521,64
935,42	1421,29
935,59	1366,00
935,76	1392,62
935,94	1495,02
936,11	1423,34
936,28	1554,41
936,45	1437,67
936,63	1415,15
936,80	1398,76
936,97	1476,59
937,14	1476,59
937,31	1484,78
937,49	1411,05
937,66	1527,78
937,83	1443,82
938,00	1472,49
938,18	1429,48
938,35	1501,16
938,52	1443,82
938,69	1425,39
938,87	1435,63
939,04	1349,61
939,21	1390,57
939,38	1421,29
939,55	1388,52
939,73	1511,40
939,90	1488,87
940,07	1452,01
940,24	1425,39
940,41	1447,91
940,59	1363,95
940,76	1441,77
940,93	1388,52
941,10	1478,63
941,27	1452,01
941,45	1476,59
941,62	1429,48
941,79	1374,19
941,96	1380,33
942,13	1427,43
942,31	1404,91
942,48	1374,19
942,65	1480,68
942,82	1439,72
942,99	1396,71
943,16	1447,91
943,34	1466,35
943,51	1505,26
943,68	1507,30
943,85	1406,95
944,02	1474,54
944,19	1380,33
944,37	1429,48
944,54	1466,35
944,71	1492,97
944,88	1445,87
945,05	1337,32
945,22	1462,25
945,40	1402,86
945,57	1480,68
945,74	1492,97
945,91	1474,54
946,08	1474,54
946,25	1427,43
946,42	1468,39
946,60	1431,53
946,77	1507,30
946,94	1449,96
947,11	1464,30
947,28	1329,13
947,45	1402,86
947,62	1443,82
947,79	1454,06
947,97	1503,21
948,14	1458,15
948,31	1515,50
948,48	1435,63
948,65	1474,54
948,82	1329,13
948,99	1484,78
949,16	1454,06
949,33	1384,43
949,51	1370,09
949,68	1427,43
949,85	1525,74
950,02	1427,43
950,19	1437,67
950,36	1368,04
950,53	1423,34
950,70	1370,09
950,87	1433,58
951,04	1398,76
951,22	1441,77
951,39	1462,25
951,56	1488,87
951,73	1447,91
951,90	1431,53
952,07	1429,48
952,24	1392,62
952,41	1447,91
952,58	1402,86
952,75	1503,21
952,92	1402,86
953,09	1433,58
953,26	1449,96
953,43	1472,49
953,61	1533,93
953,78	1413,10
953,95	1490,92
954,12	1400,81
954,29	1409,00
954,46	1452,01
954,63	1462,25
954,80	1478,63
954,97	1468,39
955,14	1501,16
955,31	1507,30
955,48	1308,65
955,65	1394,67
955,82	1353,71
955,99	1554,41
956,16	1452,01
956,33	1546,22
956,50	1398,76
956,67	1445,87
956,84	1507,30
957,01	1386,47
957,18	1409,00
957,35	1449,96
957,52	1437,67
957,69	1413,10
957,86	1384,43
958,03	1349,61
958,20	1421,29
958,37	1425,39
958,54	1431,53
958,71	1435,63
958,88	1527,78
959,05	1427,43
959,22	1396,71
959,39	1464,30
959,56	1355,76
959,73	1441,77
959,90	1421,29
960,07	1331,18
960,24	1443,82
960,41	1374,19
960,58	1394,67
960,75	1398,76
960,92	1445,87
961,09	1398,76
961,26	1429,48
961,43	1427,43
961,60	1413,10
961,77	1419,24
961,94	1472,49
962,11	1421,29
962,28	1570,79
962,45	1406,95
962,62	1425,39
962,79	1392,62
962,96	1355,76
963,13	1382,38
963,30	1357,80
963,47	1421,29
963,64	1398,76
963,81	1509,35
963,98	1439,72
964,14	1347,56
964,31	1462,25
964,48	1396,71
964,65	1425,39
964,82	1445,87
964,99	1476,59
965,16	1423,34
965,33	1409,00
965,50	1382,38
965,67	1419,24
965,84	1417,19
966,01	1398,76
966,18	1357,80
966,35	1415,15
966,51	1460,20
966,68	1355,76
966,85	1427,43
967,02	1468,39
967,19	1474,54
967,36	1413,10
967,53	1417,19
967,70	1470,44
967,87	1423,34
968,04	1443,82
968,21	1460,20
968,37	1413,10
968,54	1396,71
968,71	1404,91
968,88	1409,00
969,05	1368,04
969,22	1392,62
969,39	1445,87
969,56	1441,77
969,72	1423,34
969,89	1578,98
970,06	1488,87
970,23	1482,73
970,40	1529,83
970,57	1392,62
970,74	1513,45
970,91	1427,43
971,07	1398,76
971,24	1466,35
971,41	1460,20
971,58	1488,87
971,75	1456,11
971,92	1347,56
972,09	1443,82
972,25	1331,18
972,42	1447,91
972,59	1374,19
972,76	1433,58
972,93	1435,63
973,10	1415,15
973,27	1441,77
973,43	1429,48
973,60	1466,35
973,77	1472,49
973,94	1380,33
974,11	1388,52
974,28	1501,16
974,44	1404,91
974,61	1492,97
974,78	1542,12
974,95	1421,29
975,12	1447,91
975,28	1482,73
975,45	1382,38
975,62	1478,63
975,79	1411,05
975,96	1386,47
976,12	1427,43
976,29	1452,01
976,46	1357,80
976,63	1406,95
976,80	1488,87
976,96	1386,47
977,13	1439,72
977,30	1316,84
977,47	1402,86
977,64	1406,95
977,80	1511,40
977,97	1409,00
978,14	1472,49
978,31	1398,76
978,48	1429,48
978,64	1413,10
978,81	1378,28
978,98	1437,67
979,15	1415,15
979,31	1443,82
979,48	1390,57
979,65	1458,15
979,82	1425,39
979,98	1335,28
980,15	1439,72
980,32	1525,74
980,49	1339,37
980,66	1443,82
980,82	1390,57
980,99	1374,19
981,16	1406,95
981,33	1380,33
981,49	1384,43
981,66	1368,04
981,83	1419,24
981,99	1325,04
982,16	1423,34
982,33	1347,56
982,50	1372,14
982,66	1447,91
982,83	1353,71
983,00	1482,73
983,17	1390,57
983,33	1480,68
983,50	1464,30
983,67	1509,35
983,83	1417,19
984,00	1374,19
984,17	1523,69
984,34	1437,67
984,50	1439,72
984,67	1437,67
984,84	1417,19
985,00	1415,15
985,17	1460,20
985,34	1419,24
985,51	1462,25
985,67	1366,00
985,84	1353,71
986,01	1361,90
986,17	1429,48
986,34	1464,30
986,51	1337,32
986,67	1294,32
986,84	1417,19
987,01	1409,00
987,17	1439,72
987,34	1402,86
987,51	1372,14
987,67	1382,38
987,84	1521,64
988,01	1445,87
988,17	1404,91
988,34	1447,91
988,51	1396,71
988,67	1499,11
988,84	1452,01
989,01	1384,43
989,17	1429,48
989,34	1347,56
989,51	1341,42
989,67	1402,86
989,84	1386,47
990,01	1427,43
990,17	1472,49
990,34	1392,62
990,51	1447,91
990,67	1431,53
990,84	1411,05
991,01	1435,63
991,17	1384,43
991,34	1382,38
991,50	1427,43
991,67	1359,85
991,84	1382,38
992,00	1406,95
992,17	1413,10
992,34	1409,00
992,50	1390,57
992,67	1402,86
992,83	1400,81
993,00	1384,43
993,17	1466,35
993,33	1417,19
993,50	1384,43
993,66	1421,29
993,83	1492,97
994,00	1409,00
994,16	1515,50
994,33	1396,71
994,49	1535,98
994,66	1382,38
994,83	1419,24
994,99	1355,76
995,16	1443,82
995,32	1474,54
995,49	1456,11
995,66	1447,91
995,82	1439,72
995,99	1306,60
996,15	1466,35
996,32	1435,63
996,48	1400,81
996,65	1333,23
996,82	1355,76
996,98	1386,47
997,15	1456,11
997,31	1458,15
997,48	1460,20
997,64	1341,42
997,81	1454,06
997,97	1417,19
998,14	1398,76
998,31	1443,82
998,47	1421,29
998,64	1417,19
998,80	1394,67
998,97	1441,77
999,13	1488,87
999,30	1439,72
999,46	1376,24
999,63	1404,91
999,79	1355,76
999,96	1464,30
1000,12	1417,19
1000,29	1480,68
1000,45	1425,39
1000,62	1314,80
1000,79	1554,41
1000,95	1415,15
1001,12	1437,67
1001,28	1380,33
1001,45	1351,66
1001,61	1406,95
1001,78	1447,91
1001,94	1488,87
1002,11	1540,07
1002,27	1372,14
1002,44	1406,95
1002,60	1447,91
1002,77	1470,44
1002,93	1437,67
1003,10	1452,01
1003,26	1468,39
1003,43	1497,07
1003,59	1484,78
1003,76	1417,19
1003,92	1353,71
1004,09	1402,86
1004,25	1427,43
1004,41	1386,47
1004,58	1464,30
1004,74	1497,07
1004,91	1376,24
1005,07	1366,00
1005,24	1394,67
1005,40	1433,58
1005,57	1374,19
1005,73	1409,00
1005,90	1316,84
1006,06	1427,43
1006,23	1478,63
1006,39	1435,63
1006,55	1456,11
1006,72	1456,11
1006,88	1447,91
1007,05	1454,06
1007,21	1472,49
1007,38	1445,87
1007,54	1363,95
1007,71	1456,11
1007,87	1380,33
1008,03	1445,87
1008,20	1462,25
1008,36	1421,29
1008,53	1421,29
1008,69	1386,47
1008,86	1402,86
1009,02	1402,86
1009,18	1423,34
1009,35	1409,00
1009,51	1366,00
1009,68	1472,49
1009,84	1431,53
1010,01	1380,33
1010,17	1376,24
1010,33	1462,25
1010,50	1486,83
1010,66	1470,44
1010,83	1312,75
1010,99	1454,06
1011,15	1363,95
1011,32	1474,54
1011,48	1419,24
1011,65	1337,32
1011,81	1415,15
1011,97	1415,15
1012,14	1454,06
1012,30	1413,10
1012,46	1449,96
1012,63	1378,28
1012,79	1417,19
1012,96	1431,53
1013,12	1529,83
1013,28	1478,63
1013,45	1445,87
1013,61	1372,14
1013,77	1449,96
1013,94	1296,36
1014,10	1476,59
1014,26	1390,57
1014,43	1523,69
1014,59	1390,57
1014,76	1439,72
1014,92	1525,74
1015,08	1378,28
1015,25	1437,67
1015,41	1421,29
1015,57	1484,78
1015,74	1449,96
1015,90	1363,95
1016,06	1435,63
1016,23	1464,30
1016,39	1466,35
1016,55	1398,76
1016,72	1392,62
1016,88	1347,56
1017,04	1378,28
1017,21	1415,15
1017,37	1351,66
1017,53	1411,05
1017,70	1400,81
1017,86	1394,67
1018,02	1417,19
1018,19	1388,52
1018,35	1423,34
1018,51	1466,35
1018,67	1345,52
1018,84	1351,66
1019,00	1419,24
1019,16	1501,16
1019,33	1499,11
1019,49	1460,20
1019,65	1417,19
1019,82	1312,75
1019,98	1419,24
1020,14	1466,35
1020,30	1472,49
1020,47	1394,67
1020,63	1449,96
1020,79	1425,39
1020,96	1386,47
1021,12	1421,29
1021,28	1454,06
1021,44	1351,66
1021,61	1425,39
1021,77	1439,72
1021,93	1380,33
1022,09	1419,24
1022,26	1476,59
1022,42	1384,43
1022,58	1454,06
1022,74	1417,19
1022,91	1357,80
1023,07	1376,24
1023,23	1390,57
1023,39	1454,06
1023,56	1333,23
1023,72	1499,11
1023,88	1464,30
1024,04	1431,53
1024,21	1327,08
1024,37	1447,91
1024,53	1480,68
1024,69	1458,15
1024,86	1460,20
1025,02	1300,46
1025,18	1441,77
1025,34	1390,57
1025,50	1435,63
1025,67	1431,53
1025,83	1396,71
1025,99	1462,25
1026,15	1466,35
1026,32	1384,43
1026,48	1368,04
1026,64	1427,43
1026,80	1406,95
1026,96	1413,10
1027,13	1386,47
1027,29	1460,20
1027,45	1390,57
1027,61	1363,95
1027,77	1462,25
1027,94	1443,82
1028,10	1429,48
1028,26	1331,18
1028,42	1392,62
1028,58	1460,20
1028,75	1337,32
1028,91	1460,20
1029,07	1441,77
1029,23	1460,20
1029,39	1427,43
1029,55	1435,63
1029,72	1413,10
1029,88	1482,73
1030,04	1419,24
1030,20	1413,10
1030,36	1468,39
1030,52	1409,00
1030,69	1492,97
1030,85	1505,26
1031,01	1419,24
1031,17	1396,71
1031,33	1480,68
1031,49	1460,20
1031,65	1357,80
1031,82	1472,49
1031,98	1452,01
1032,14	1443,82
1032,30	1333,23
1032,46	1478,63
1032,62	1384,43
1032,78	1388,52
1032,95	1400,81
1033,11	1472,49
1033,27	1402,86
1033,43	1411,05
1033,59	1359,85
1033,75	1488,87
1033,91	1441,77
1034,07	1480,68
1034,24	1425,39
1034,40	1497,07
1034,56	1380,33
1034,72	1347,56
1034,88	1390,57
1035,04	1374,19
1035,20	1376,24
1035,36	1396,71
1035,52	1390,57
1035,68	1347,56
1035,85	1413,10
1036,01	1492,97
1036,17	1452,01
1036,33	1470,44
1036,49	1425,39
1036,65	1398,76
1036,81	1400,81
1036,97	1460,20
1037,13	1325,04
1037,29	1488,87
1037,45	1402,86
1037,61	1435,63
1037,78	1390,57
1037,94	1417,19
1038,10	1404,91
1038,26	1417,19
1038,42	1398,76
1038,58	1439,72
1038,74	1349,61
1038,90	1468,39
1039,06	1337,32
1039,22	1413,10
1039,38	1355,76
1039,54	1343,47
1039,70	1366,00
1039,86	1445,87
1040,02	1419,24
1040,18	1435,63
1040,34	1482,73
1040,50	1499,11
1040,66	1454,06
1040,83	1361,90
1040,99	1421,29
1041,15	1488,87
1041,31	1429,48
1041,47	1470,44
1041,63	1460,20
1041,79	1357,80
1041,95	1435,63
1042,11	1363,95
1042,27	1470,44
1042,43	1437,67
1042,59	1433,58
1042,75	1370,09
1042,91	1392,62
