344,25	1304,56
344,46	1304,56
344,68	1304,56
344,90	1234,93
345,12	1331,18
345,34	1380,33
345,55	1300,46
345,77	1374,19
345,99	1329,13
346,21	1437,67
346,42	1406,95
346,64	1357,80
346,86	1372,14
347,08	1470,44
347,30	1437,67
347,51	1425,39
347,73	1454,06
347,95	1484,78
348,17	1374,19
348,38	1443,82
348,60	1447,91
348,82	1361,90
349,04	1466,35
349,25	1394,67
349,47	1392,62
349,69	1458,15
349,91	1533,93
350,13	1454,06
350,34	1503,21
350,56	1353,71
350,78	1370,09
351,00	1431,53
351,21	1456,11
351,43	1449,96
351,65	1435,63
351,87	1460,20
352,08	1411,05
352,30	1540,07
352,52	1449,96
352,74	1464,30
352,95	1538,02
353,17	1427,43
353,39	1425,39
353,61	1359,85
353,82	1501,16
354,04	1359,85
354,26	1398,76
354,47	1458,15
354,69	1458,15
354,91	1374,19
355,13	1456,11
355,34	1333,23
355,56	1390,57
355,78	1447,91
356,00	1445,87
356,21	1413,10
356,43	1337,32
356,65	1458,15
356,86	1533,93
357,08	1460,20
357,30	1529,83
357,52	1486,83
357,73	1458,15
357,95	1390,57
358,17	1431,53
358,38	1495,02
358,60	1425,39
358,82	1472,49
359,04	1402,86
359,25	1556,46
359,47	1531,88
359,69	1466,35
359,90	1425,39
360,12	1523,69
360,34	1466,35
360,56	1423,34
360,77	1509,35
360,99	1570,79
361,21	1460,20
361,42	1495,02
361,64	1517,54
361,86	1583,08
362,07	1519,59
362,29	1540,07
362,51	1525,74
362,73	1488,87
362,94	1468,39
363,16	1587,18
363,38	1443,82
363,59	1574,89
363,81	1486,83
364,03	1562,60
364,24	1591,27
364,46	1468,39
364,68	1613,80
364,89	1540,07
365,11	1507,30
365,33	1546,22
365,54	1538,02
365,76	1497,07
365,98	1529,83
366,19	1562,60
366,41	1615,85
366,63	1468,39
366,84	1535,98
367,06	1636,33
367,28	1626,09
367,49	1538,02
367,71	1560,55
367,93	1462,25
368,14	1503,21
368,36	1429,48
368,58	1552,36
368,79	1546,22
369,01	1515,50
369,23	1605,61
369,44	1503,21
369,66	1456,11
369,88	1617,90
370,09	1556,46
370,31	1462,25
370,53	1458,15
370,74	1576,94
370,96	1509,35
371,18	1529,83
371,39	1490,92
371,61	1568,74
371,82	1605,61
372,04	1554,41
372,26	1480,68
372,47	1601,51
372,69	1433,58
372,91	1552,36
373,12	1470,44
373,34	1568,74
373,56	1488,87
373,77	1495,02
373,99	1568,74
374,20	1556,46
374,42	1511,40
374,64	1593,32
374,85	1525,74
375,07	1564,65
375,29	1490,92
375,50	1456,11
375,72	1464,30
375,93	1519,59
376,15	1474,54
376,37	1476,59
376,58	1433,58
376,80	1484,78
377,01	1521,64
377,23	1492,97
377,45	1531,88
377,66	1542,12
377,88	1431,53
378,10	1492,97
378,31	1476,59
378,53	1529,83
378,74	1521,64
378,96	1548,26
379,18	1488,87
379,39	1533,93
379,61	1441,77
379,82	1396,71
380,04	1503,21
380,26	1507,30
380,47	1415,15
380,69	1423,34
380,90	1497,07
381,12	1447,91
381,33	1486,83
381,55	1441,77
381,77	1443,82
381,98	1486,83
382,20	1396,71
382,41	1425,39
382,63	1458,15
382,85	1552,36
383,06	1533,93
383,28	1513,45
383,49	1507,30
383,71	1505,26
383,92	1419,24
384,14	1417,19
384,36	1382,38
384,57	1495,02
384,79	1415,15
385,00	1497,07
385,22	1413,10
385,43	1480,68
385,65	1439,72
385,87	1347,56
386,08	1419,24
386,30	1425,39
386,51	1415,15
386,73	1478,63
386,94	1462,25
387,16	1386,47
387,37	1554,41
387,59	1400,81
387,81	1470,44
388,02	1515,50
388,24	1445,87
388,45	1478,63
388,67	1443,82
388,88	1454,06
389,10	1454,06
389,31	1488,87
389,53	1466,35
389,75	1470,44
389,96	1466,35
390,18	1433,58
390,39	1335,28
390,61	1468,39
390,82	1478,63
391,04	1439,72
391,25	1492,97
391,47	1378,28
391,68	1476,59
391,90	1445,87
392,11	1499,11
392,33	1406,95
392,54	1437,67
392,76	1464,30
392,97	1501,16
393,19	1460,20
393,41	1464,30
393,62	1497,07
393,84	1509,35
394,05	1533,93
394,27	1488,87
394,48	1533,93
394,70	1523,69
394,91	1531,88
395,13	1490,92
395,34	1415,15
395,56	1529,83
395,77	1509,35
395,99	1421,29
396,20	1511,40
396,42	1497,07
396,63	1505,26
396,85	1499,11
397,06	1431,53
397,28	1476,59
397,49	1497,07
397,71	1449,96
397,92	1472,49
398,14	1486,83
398,35	1538,02
398,57	1447,91
398,78	1542,12
399,00	1484,78
399,21	1423,34
399,43	1525,74
399,64	1519,59
399,86	1499,11
400,07	1480,68
400,29	1439,72
400,50	1519,59
400,72	1484,78
400,93	1523,69
401,14	1486,83
401,36	1546,22
401,57	1529,83
401,79	1570,79
402,00	1527,78
402,22	1472,49
402,43	1507,30
402,65	1472,49
402,86	1472,49
403,08	1583,08
403,29	1527,78
403,51	1597,42
403,72	1511,40
403,94	1447,91
404,15	1454,06
404,36	1507,30
404,58	1701,86
404,79	1578,98
405,01	1513,45
405,22	1558,50
405,44	1492,97
405,65	1521,64
405,87	1404,91
406,08	1480,68
406,30	1447,91
406,51	1501,16
406,72	1533,93
406,94	1542,12
407,15	1587,18
407,37	1535,98
407,58	1503,21
407,80	1640,42
408,01	1501,16
408,23	1447,91
408,44	1507,30
408,65	1509,35
408,87	1548,26
409,08	1449,96
409,30	1578,98
409,51	1439,72
409,73	1449,96
409,94	1519,59
410,15	1525,74
410,37	1495,02
410,58	1484,78
410,80	1562,60
411,01	1439,72
411,23	1533,93
411,44	1431,53
411,65	1597,42
411,87	1476,59
412,08	1525,74
412,30	1505,26
412,51	1468,39
412,72	1587,18
412,94	1550,31
413,15	1486,83
413,37	1445,87
413,58	1472,49
413,79	1452,01
414,01	1509,35
414,22	1570,79
414,44	1454,06
414,65	1462,25
414,86	1429,48
415,08	1607,66
415,29	1525,74
415,51	1533,93
415,72	1474,54
415,93	1474,54
416,15	1554,41
416,36	1523,69
416,58	1454,06
416,79	1505,26
417,00	1501,16
417,22	1576,94
417,43	1484,78
417,65	1460,20
417,86	1505,26
418,07	1587,18
418,29	1517,54
418,50	1556,46
418,71	1480,68
418,93	1470,44
419,14	1468,39
419,36	1499,11
419,57	1523,69
419,78	1544,17
420,00	1507,30
420,21	1507,30
420,42	1490,92
420,64	1574,89
420,85	1507,30
421,06	1511,40
421,28	1562,60
421,49	1595,37
421,71	1542,12
421,92	1574,89
422,13	1519,59
422,35	1570,79
422,56	1572,84
422,77	1601,51
422,99	1503,21
423,20	1495,02
423,41	1509,35
423,63	1464,30
423,84	1556,46
424,05	1488,87
424,27	1519,59
424,48	1503,21
424,69	1525,74
424,91	1785,83
425,12	1558,50
425,33	1548,26
425,55	1615,85
425,76	1531,88
425,97	1552,36
426,19	1538,02
426,40	1589,22
426,61	1527,78
426,83	1499,11
427,04	1544,17
427,25	1521,64
427,47	1499,11
427,68	1519,59
427,89	1488,87
428,11	1593,32
428,32	1597,42
428,53	1619,94
428,75	1515,50
428,96	1552,36
429,17	1509,35
429,39	1550,31
429,60	1578,98
429,81	1597,42
430,03	1507,30
430,24	1421,29
430,45	1613,80
430,67	1482,73
430,88	1552,36
431,09	1490,92
431,30	1523,69
431,52	1533,93
431,73	1513,45
431,94	1511,40
432,16	1632,23
432,37	1535,98
432,58	1572,84
432,80	1513,45
433,01	1548,26
433,22	1562,60
433,43	1476,59
433,65	1560,55
433,86	1492,97
434,07	1476,59
434,29	1626,09
434,50	1449,96
434,71	1617,90
434,92	1564,65
435,14	1546,22
435,35	1533,93
435,56	1492,97
435,77	1447,91
435,99	1521,64
436,20	1472,49
436,41	1474,54
436,63	1456,11
436,84	1535,98
437,05	1460,20
437,26	1542,12
437,48	1552,36
437,69	1488,87
437,90	1499,11
438,11	1462,25
438,33	1513,45
438,54	1458,15
438,75	1525,74
438,96	1478,63
439,18	1488,87
439,39	1603,56
439,60	1396,71
439,82	1521,64
440,03	1535,98
440,24	1605,61
440,45	1392,62
440,67	1517,54
440,88	1587,18
441,09	1634,28
441,30	1531,88
441,51	1521,64
441,73	1490,92
441,94	1484,78
442,15	1540,07
442,36	1574,89
442,58	1468,39
442,79	1439,72
443,00	1482,73
443,21	1552,36
443,43	1581,03
443,64	1546,22
443,85	1591,27
444,06	1626,09
444,28	1540,07
444,49	1505,26
444,70	1591,27
444,91	1558,50
445,12	1562,60
445,34	1529,83
445,55	1642,47
445,76	1538,02
445,97	1472,49
446,18	1578,98
446,40	1595,37
446,61	1527,78
446,82	1490,92
447,03	1619,94
447,25	1550,31
447,46	1558,50
447,67	1593,32
447,88	1533,93
448,09	1599,46
448,31	1607,66
448,52	1607,66
448,73	1642,47
448,94	1558,50
449,15	1603,56
449,37	1552,36
449,58	1566,70
449,79	1624,04
450,00	1718,25
450,21	1452,01
450,43	1613,80
450,64	1595,37
450,85	1570,79
451,06	1685,48
451,27	1705,96
451,48	1540,07
451,70	1548,26
451,91	1544,17
452,12	1554,41
452,33	1589,22
452,54	1552,36
452,76	1677,29
452,97	1644,52
453,18	1523,69
453,39	1550,31
453,60	1556,46
453,81	1642,47
454,03	1611,75
454,24	1613,80
454,45	1578,98
454,66	1609,70
454,87	1671,14
455,08	1714,15
455,30	1638,38
455,51	1693,67
455,72	1665,00
455,93	1603,56
456,14	1525,74
456,35	1687,53
456,56	1691,62
456,78	1652,71
456,99	1615,85
457,20	1615,85
457,41	1656,81
457,62	1624,04
457,83	1726,44
458,04	1585,13
458,26	1708,01
458,47	1679,33
458,68	1542,12
458,89	1652,71
459,10	1591,27
459,31	1654,76
459,52	1634,28
459,74	1658,85
459,95	1669,09
460,16	1689,57
460,37	1802,21
460,58	1638,38
460,79	1597,42
461,00	1796,07
461,21	1531,88
461,43	1593,32
461,64	1705,96
461,85	1662,95
462,06	1624,04
462,27	1632,23
462,48	1685,48
462,69	1728,49
462,90	1574,89
463,12	1695,72
463,33	1615,85
463,54	1689,57
463,75	1654,76
463,96	1626,09
464,17	1648,61
464,38	1624,04
464,59	1691,62
464,80	1673,19
465,01	1671,14
465,23	1740,77
465,44	1554,41
465,65	1699,81
465,86	1701,86
466,07	1617,90
466,28	1634,28
466,49	1722,34
466,70	1705,96
466,91	1753,06
467,12	1572,84
467,33	1621,99
467,55	1628,14
467,76	1693,67
467,97	1673,19
468,18	1814,50
468,39	1736,68
468,60	1859,56
468,81	1662,95
469,02	1693,67
469,23	1728,49
469,44	1802,21
469,65	1615,85
469,86	1734,63
470,07	1777,64
470,29	1773,54
470,50	1716,20
470,71	1849,32
470,92	1718,25
471,13	1781,73
471,34	1791,97
471,55	1806,31
471,76	1703,91
471,97	1800,16
472,18	1855,46
472,39	1722,34
472,60	1789,92
472,81	1798,12
473,02	1806,31
473,23	1906,66
473,44	1794,02
473,65	1855,46
473,87	1791,97
474,08	1853,41
474,29	1767,40
474,50	1822,69
474,71	1751,01
474,92	1908,71
475,13	1832,93
475,34	1886,18
475,55	1796,07
475,76	1800,16
475,97	1767,40
476,18	1898,47
476,39	1894,37
476,60	1863,65
476,81	1894,37
477,02	2000,87
477,23	1892,32
477,44	1920,99
477,65	1859,56
477,86	1882,08
478,07	1990,63
478,28	1984,48
478,49	1972,19
478,70	1959,91
478,91	1898,47
479,12	1943,52
479,33	2076,64
479,54	1976,29
479,75	2078,69
479,96	2047,97
480,17	1931,23
480,38	2041,82
480,59	2019,30
480,80	1970,15
481,01	1964,00
481,22	2084,83
481,43	2070,50
481,64	2041,82
481,85	2086,88
482,06	2123,74
482,27	2066,40
482,48	2144,22
482,69	2133,98
482,90	2140,13
483,11	2215,90
483,32	2115,55
483,53	2097,12
483,74	2197,47
483,95	2052,06
484,16	2088,93
484,37	2197,47
484,58	2211,81
484,79	2211,81
485,00	2187,23
485,21	2185,18
485,42	2172,89
485,63	2418,65
485,84	2269,15
486,05	2232,29
486,26	2359,26
486,47	2422,75
486,68	2318,30
486,89	2303,96
487,10	2340,83
487,31	2396,12
487,52	2392,03
487,73	2385,88
487,94	2306,01
488,15	2465,75
488,36	2471,90
488,57	2426,84
488,77	2467,80
488,98	2504,67
489,19	2445,27
489,40	2508,76
489,61	2547,67
489,82	2437,08
490,03	2465,75
490,24	2420,70
490,45	2566,10
490,66	2521,05
490,87	2582,49
491,08	2449,37
491,29	2469,85
491,50	2572,25
491,71	2551,77
491,92	2609,11
492,13	2684,89
492,33	2666,46
492,54	2602,97
492,75	2658,26
492,96	2609,11
493,17	2662,36
493,38	2619,35
493,59	2641,88
493,80	2611,16
494,01	2719,70
494,22	2619,35
494,43	2684,89
494,64	2615,26
494,85	2633,69
495,05	2572,25
495,26	2592,73
495,47	2645,98
495,68	2609,11
495,89	2686,94
496,10	2645,98
496,31	2609,11
496,52	2674,65
496,73	2617,30
496,94	2719,70
497,15	2688,98
497,35	2742,23
497,56	2527,19
497,77	2711,51
497,98	2557,91
498,19	2641,88
498,40	2660,31
498,61	2791,38
498,82	2525,15
499,03	2670,55
499,23	2643,93
499,44	2904,02
499,65	2723,80
499,86	2799,57
500,07	2703,32
500,28	2777,05
500,49	2764,76
500,70	2824,15
500,91	2607,06
501,11	2828,24
501,32	2674,65
501,53	2832,34
501,74	2781,14
501,95	2871,25
502,16	2754,52
502,37	2863,06
502,57	2807,77
502,78	2938,84
502,99	2752,47
503,20	2801,62
503,41	2848,72
503,62	2754,52
503,83	2910,16
504,03	2920,40
504,24	2723,80
504,45	2985,94
504,66	2813,91
504,87	2957,27
505,08	2783,19
505,29	2963,41
505,49	2832,34
505,70	2908,12
505,91	2873,30
506,12	3080,14
506,33	3020,75
506,54	3084,24
506,75	2990,03
506,95	3160,02
507,16	2987,99
507,37	3055,57
507,58	2983,89
507,79	3250,13
508,00	3127,25
508,20	3096,53
508,41	3051,47
508,62	3319,76
508,83	3233,74
509,04	3205,07
509,24	3254,22
509,45	3676,10
509,66	3123,15
509,87	3319,76
510,08	3291,09
510,29	3461,07
510,49	3358,67
510,70	3409,87
510,91	3299,28
511,12	3551,18
511,33	3301,33
511,53	3485,64
511,74	3358,67
511,95	3473,36
512,16	3446,73
512,37	3758,02
512,57	3278,80
512,78	3534,79
512,99	3594,19
513,20	3651,53
513,41	3471,31
513,61	3588,04
513,82	3561,42
514,03	3581,90
514,24	3430,35
514,45	3735,50
514,65	3424,20
514,86	3698,63
515,07	3442,64
515,28	3631,05
515,49	3502,03
515,69	3805,13
515,90	3467,21
516,11	3704,78
516,32	3284,94
516,52	3717,06
516,73	3534,79
516,94	3690,44
517,15	3442,64
517,36	3698,63
517,56	3538,89
517,77	3596,23
517,98	3499,98
518,19	3637,19
518,39	3524,55
518,60	3542,99
518,81	3473,36
519,02	3596,23
519,22	3295,18
519,43	3612,62
519,64	3409,87
519,85	3323,85
520,05	3463,12
520,26	3299,28
520,47	3311,57
520,68	3332,05
520,88	3213,26
521,09	3440,59
521,30	3217,36
521,51	3309,52
521,71	3080,14
521,92	3272,65
522,13	3114,96
522,34	3246,03
522,54	2912,21
522,75	3311,57
522,96	2949,08
523,17	3059,67
523,37	3039,19
523,58	3043,28
523,79	2856,92
523,99	3022,80
524,20	2799,57
524,41	3096,53
524,62	2799,57
524,82	2877,40
525,03	2809,81
525,24	2826,20
525,45	2625,50
525,65	2803,67
525,86	2652,12
526,07	2828,24
526,27	2703,32
526,48	2742,23
526,69	2721,75
526,90	2531,29
527,10	2502,62
527,31	2584,54
527,52	2383,84
527,72	2605,02
527,93	2349,02
528,14	2451,42
528,34	2406,36
528,55	2435,03
528,76	2439,13
528,97	2410,46
529,17	2287,58
529,38	2504,67
529,59	2379,74
529,79	2473,95
530,00	2201,57
530,21	2430,94
530,41	2119,65
530,62	2213,85
530,83	2426,84
531,03	2445,27
531,24	2146,27
531,45	2357,21
531,65	2172,89
531,86	2303,96
532,07	2228,19
532,27	2138,08
532,48	2068,45
532,69	2103,26
532,89	2019,30
533,10	2045,92
533,31	2045,92
533,51	2013,15
533,72	1968,10
533,93	2013,15
534,13	2007,01
534,34	1982,43
534,55	1929,19
534,75	1912,80
534,96	1986,53
535,17	1882,08
535,37	2066,40
535,58	1947,62
535,79	1931,23
535,99	1912,80
536,20	1929,19
536,41	1822,69
536,61	1794,02
536,82	2009,06
537,03	1869,80
537,23	1830,88
537,44	1789,92
537,64	1753,06
537,85	1882,08
538,06	1871,84
538,26	1771,49
538,47	1794,02
538,68	1763,30
538,88	1687,53
539,09	1660,90
539,30	1759,21
539,50	1806,31
539,71	1808,36
539,91	1757,16
540,12	1808,36
540,33	1718,25
540,53	1810,40
540,74	1716,20
540,94	1703,91
541,15	1716,20
541,36	1724,39
541,56	1632,23
541,77	1755,11
541,98	1748,97
542,18	1744,87
542,39	1744,87
542,59	1667,05
542,80	1753,06
543,01	1591,27
543,21	1640,42
543,42	1701,86
543,62	1726,44
543,83	1605,61
544,04	1677,29
544,24	1740,77
544,45	1585,13
544,65	1638,38
544,86	1667,05
545,06	1570,79
545,27	1581,03
545,48	1644,52
545,68	1619,94
545,89	1585,13
546,09	1632,23
546,30	1540,07
546,51	1624,04
546,71	1611,75
546,92	1488,87
547,12	1548,26
547,33	1566,70
547,53	1568,74
547,74	1501,16
547,95	1583,08
548,15	1542,12
548,36	1665,00
548,56	1581,03
548,77	1593,32
548,97	1495,02
549,18	1517,54
549,39	1581,03
549,59	1624,04
549,80	1452,01
550,00	1445,87
550,21	1513,45
550,41	1445,87
550,62	1595,37
550,82	1525,74
551,03	1456,11
551,23	1515,50
551,44	1474,54
551,65	1480,68
551,85	1566,70
552,06	1490,92
552,26	1525,74
552,47	1525,74
552,67	1533,93
552,88	1523,69
553,08	1396,71
553,29	1490,92
553,49	1587,18
553,70	1466,35
553,90	1626,09
554,11	1515,50
554,32	1570,79
554,52	1591,27
554,73	1474,54
554,93	1406,95
555,14	1396,71
555,34	1538,02
555,55	1478,63
555,75	1480,68
555,96	1449,96
556,16	1454,06
556,37	1535,98
556,57	1497,07
556,78	1488,87
556,98	1515,50
557,19	1523,69
557,39	1544,17
557,60	1472,49
557,80	1449,96
558,01	1538,02
558,21	1474,54
558,42	1533,93
558,62	1513,45
558,83	1603,56
559,03	1417,19
559,24	1452,01
559,44	1460,20
559,65	1462,25
559,85	1495,02
560,06	1525,74
560,26	1505,26
560,47	1460,20
560,67	1648,61
560,88	1456,11
561,08	1531,88
561,29	1492,97
561,49	1400,81
561,70	1513,45
561,90	1409,00
562,10	1447,91
562,31	1515,50
562,51	1366,00
562,72	1411,05
562,92	1431,53
563,13	1535,98
563,33	1519,59
563,54	1456,11
563,74	1535,98
563,95	1439,72
564,15	1542,12
564,36	1499,11
564,56	1464,30
564,76	1497,07
564,97	1376,24
565,17	1460,20
565,38	1517,54
565,58	1470,44
565,79	1406,95
565,99	1435,63
566,20	1527,78
566,40	1425,39
566,60	1435,63
566,81	1433,58
567,01	1495,02
567,22	1441,77
567,42	1556,46
567,63	1540,07
567,83	1464,30
568,04	1511,40
568,24	1443,82
568,44	1507,30
568,65	1462,25
568,85	1529,83
569,06	1404,91
569,26	1521,64
569,47	1472,49
569,67	1476,59
569,87	1421,29
570,08	1497,07
570,28	1511,40
570,49	1435,63
570,69	1495,02
570,89	1564,65
571,10	1484,78
571,30	1482,73
571,51	1425,39
571,71	1429,48
571,91	1398,76
572,12	1464,30
572,32	1576,94
572,53	1433,58
572,73	1554,41
572,93	1468,39
573,14	1456,11
573,34	1472,49
573,55	1447,91
573,75	1505,26
573,95	1466,35
574,16	1382,38
574,36	1527,78
574,57	1505,26
574,77	1413,10
574,97	1429,48
575,18	1484,78
575,38	1488,87
575,59	1476,59
575,79	1501,16
575,99	1411,05
576,20	1484,78
576,40	1548,26
576,60	1521,64
576,81	1452,01
577,01	1466,35
577,22	1560,55
577,42	1466,35
577,62	1409,00
577,83	1396,71
578,03	1460,20
578,23	1439,72
578,44	1386,47
578,64	1472,49
578,84	1413,10
579,05	1386,47
579,25	1515,50
579,45	1400,81
579,66	1431,53
579,86	1445,87
580,07	1447,91
580,27	1456,11
580,47	1372,14
580,68	1409,00
580,88	1497,07
581,08	1394,67
581,29	1429,48
581,49	1468,39
581,69	1535,98
581,90	1380,33
582,10	1404,91
582,30	1429,48
582,51	1482,73
582,71	1415,15
582,91	1411,05
583,12	1406,95
583,32	1464,30
583,52	1445,87
583,73	1366,00
583,93	1357,80
584,13	1429,48
584,34	1445,87
584,54	1415,15
584,74	1495,02
584,94	1454,06
585,15	1449,96
585,35	1566,70
585,55	1427,43
585,76	1384,43
585,96	1431,53
586,16	1509,35
586,37	1429,48
586,57	1427,43
586,77	1460,20
586,98	1429,48
587,18	1447,91
587,38	1458,15
587,58	1378,28
587,79	1470,44
587,99	1437,67
588,19	1480,68
588,40	1431,53
588,60	1472,49
588,80	1411,05
589,00	1419,24
589,21	1431,53
589,41	1439,72
589,61	1482,73
589,82	1445,87
590,02	1400,81
590,22	1472,49
590,42	1464,30
590,63	1445,87
590,83	1527,78
591,03	1472,49
591,23	1425,39
591,44	1456,11
591,64	1388,52
591,84	1376,24
592,05	1533,93
592,25	1521,64
592,45	1409,00
592,65	1372,14
592,86	1445,87
593,06	1486,83
593,26	1411,05
593,46	1462,25
593,67	1390,57
593,87	1486,83
594,07	1390,57
594,27	1456,11
594,48	1490,92
594,68	1470,44
594,88	1509,35
595,08	1398,76
595,29	1454,06
595,49	1374,19
595,69	1351,66
595,89	1406,95
596,10	1454,06
596,30	1423,34
596,50	1441,77
596,70	1445,87
596,90	1495,02
597,11	1419,24
597,31	1454,06
597,51	1495,02
597,71	1474,54
597,92	1542,12
598,12	1378,28
598,32	1490,92
598,52	1533,93
598,72	1429,48
598,93	1513,45
599,13	1413,10
599,33	1501,16
599,53	1452,01
599,74	1363,95
599,94	1376,24
600,14	1425,39
600,34	1454,06
600,54	1544,17
600,75	1374,19
600,95	1396,71
601,15	1466,35
601,35	1374,19
601,55	1476,59
601,76	1470,44
601,96	1542,12
602,16	1490,92
602,36	1413,10
602,56	1441,77
602,76	1433,58
602,97	1368,04
603,17	1503,21
603,37	1482,73
603,57	1472,49
603,77	1495,02
603,98	1429,48
604,18	1417,19
604,38	1417,19
604,58	1370,09
604,78	1505,26
604,98	1402,86
605,19	1472,49
605,39	1423,34
605,59	1521,64
605,79	1400,81
605,99	1415,15
606,19	1431,53
606,40	1454,06
606,60	1460,20
606,80	1452,01
607,00	1349,61
607,20	1425,39
607,40	1343,47
607,61	1501,16
607,81	1482,73
608,01	1431,53
608,21	1423,34
608,41	1470,44
608,61	1503,21
608,81	1435,63
609,02	1357,80
609,22	1486,83
609,42	1488,87
609,62	1445,87
609,82	1458,15
610,02	1492,97
610,22	1478,63
610,43	1400,81
610,63	1472,49
610,83	1390,57
611,03	1513,45
611,23	1433,58
611,43	1550,31
611,63	1431,53
611,83	1325,04
612,04	1431,53
612,24	1466,35
612,44	1462,25
612,64	1425,39
612,84	1382,38
613,04	1456,11
613,24	1468,39
613,44	1462,25
613,64	1402,86
613,85	1452,01
614,05	1474,54
614,25	1499,11
614,45	1447,91
614,65	1470,44
614,85	1419,24
615,05	1402,86
615,25	1478,63
615,45	1386,47
615,65	1409,00
615,86	1449,96
616,06	1499,11
616,26	1474,54
616,46	1495,02
616,66	1400,81
616,86	1431,53
617,06	1378,28
617,26	1462,25
617,46	1562,60
617,66	1636,33
617,86	1439,72
618,07	1402,86
618,27	1466,35
618,47	1460,20
618,67	1511,40
618,87	1452,01
619,07	1404,91
619,27	1495,02
619,47	1470,44
619,67	1548,26
619,87	1396,71
620,07	1484,78
620,27	1468,39
620,47	1497,07
620,67	1394,67
620,87	1376,24
621,07	1476,59
621,28	1406,95
621,48	1515,50
621,68	1382,38
621,88	1443,82
622,08	1421,29
622,28	1398,76
622,48	1462,25
622,68	1384,43
622,88	1501,16
623,08	1452,01
623,28	1404,91
623,48	1384,43
623,68	1492,97
623,88	1402,86
624,08	1406,95
624,28	1382,38
624,48	1468,39
624,68	1431,53
624,88	1380,33
625,08	1499,11
625,28	1411,05
625,48	1497,07
625,68	1462,25
625,88	1509,35
626,08	1396,71
626,28	1501,16
626,48	1419,24
626,68	1480,68
626,88	1513,45
627,08	1527,78
627,28	1529,83
627,48	1488,87
627,68	1417,19
627,88	1404,91
628,08	1445,87
628,28	1417,19
628,49	1443,82
628,68	1435,63
628,88	1484,78
629,08	1544,17
629,28	1488,87
629,48	1511,40
629,68	1439,72
629,88	1499,11
630,08	1486,83
630,28	1519,59
630,48	1472,49
630,68	1402,86
630,88	1482,73
631,08	1402,86
631,28	1439,72
631,48	1458,15
631,68	1429,48
631,88	1423,34
632,08	1464,30
632,28	1447,91
632,48	1478,63
632,68	1398,76
632,88	1480,68
633,08	1427,43
633,28	1466,35
633,48	1429,48
633,68	1468,39
633,88	1441,77
634,08	1492,97
634,28	1550,31
634,48	1480,68
634,68	1464,30
634,88	1398,76
635,08	1431,53
635,28	1490,92
635,48	1454,06
635,68	1398,76
635,87	1441,77
636,07	1499,11
636,27	1462,25
636,47	1521,64
636,67	1472,49
636,87	1423,34
637,07	1474,54
637,27	1402,86
637,47	1445,87
637,67	1443,82
637,87	1468,39
638,07	1507,30
638,27	1478,63
638,47	1458,15
638,67	1513,45
638,86	1443,82
639,06	1380,33
639,26	1513,45
639,46	1378,28
639,66	1470,44
639,86	1470,44
640,06	1476,59
640,26	1452,01
640,46	1406,95
640,66	1345,52
640,86	1470,44
641,06	1415,15
641,25	1499,11
641,45	1439,72
641,65	1402,86
641,85	1372,14
642,05	1562,60
642,25	1411,05
642,45	1521,64
642,65	1462,25
642,85	1454,06
643,05	1472,49
643,24	1456,11
643,44	1472,49
643,64	1480,68
643,84	1458,15
644,04	1529,83
644,24	1433,58
644,44	1363,95
644,64	1404,91
644,84	1449,96
645,03	1456,11
645,23	1478,63
645,43	1478,63
645,63	1507,30
645,83	1470,44
646,03	1462,25
646,23	1409,00
646,42	1538,02
646,62	1482,73
646,82	1492,97
647,02	1429,48
647,22	1454,06
647,42	1439,72
647,62	1462,25
647,82	1447,91
648,01	1593,32
648,21	1329,13
648,41	1468,39
648,61	1525,74
648,81	1583,08
649,01	1466,35
649,20	1355,76
649,40	1476,59
649,60	1388,52
649,80	1456,11
650,00	1394,67
650,20	1470,44
650,40	1435,63
650,59	1384,43
650,79	1415,15
650,99	1431,53
651,19	1419,24
651,39	1404,91
651,58	1382,38
651,78	1521,64
651,98	1472,49
652,18	1394,67
652,38	1376,24
652,58	1378,28
652,77	1454,06
652,97	1490,92
653,17	1429,48
653,37	1470,44
653,57	1460,20
653,77	1398,76
653,96	1521,64
654,16	1390,57
654,36	1439,72
654,56	1501,16
654,76	1413,10
654,95	1449,96
655,15	1380,33
655,35	1406,95
655,55	1443,82
655,75	1478,63
655,94	1495,02
656,14	1374,19
656,34	1503,21
656,54	1406,95
656,73	1525,74
656,93	1423,34
657,13	1472,49
657,33	1404,91
657,53	1519,59
657,72	1497,07
657,92	1454,06
658,12	1372,14
658,32	1499,11
658,52	1419,24
658,71	1396,71
658,91	1439,72
659,11	1515,50
659,31	1507,30
659,50	1431,53
659,70	1433,58
659,90	1517,54
660,10	1447,91
660,29	1490,92
660,49	1447,91
660,69	1511,40
660,89	1415,15
661,08	1458,15
661,28	1476,59
661,48	1417,19
661,68	1421,29
661,87	1345,52
662,07	1456,11
662,27	1511,40
662,47	1517,54
662,66	1490,92
662,86	1427,43
663,06	1441,77
663,26	1398,76
663,45	1523,69
663,65	1554,41
663,85	1406,95
664,05	1421,29
664,24	1411,05
664,44	1437,67
664,64	1454,06
664,84	1460,20
665,03	1587,18
665,23	1443,82
665,43	1388,52
665,62	1452,01
665,82	1429,48
666,02	1452,01
666,22	1495,02
666,41	1447,91
666,61	1589,22
666,81	1499,11
667,00	1452,01
667,20	1439,72
667,40	1449,96
667,60	1468,39
667,79	1439,72
667,99	1398,76
668,19	1464,30
668,38	1322,99
668,58	1456,11
668,78	1460,20
668,97	1495,02
669,17	1382,38
669,37	1495,02
669,57	1357,80
669,76	1495,02
669,96	1505,26
670,16	1458,15
670,35	1409,00
670,55	1486,83
670,75	1427,43
670,94	1474,54
671,14	1564,65
671,34	1466,35
671,53	1431,53
671,73	1529,83
671,93	1421,29
672,12	1423,34
672,32	1490,92
672,52	1546,22
672,71	1423,34
672,91	1513,45
673,11	1482,73
673,30	1468,39
673,50	1462,25
673,70	1521,64
673,89	1499,11
674,09	1411,05
674,29	1501,16
674,48	1546,22
674,68	1456,11
674,88	1480,68
675,07	1492,97
675,27	1398,76
675,46	1419,24
675,66	1468,39
675,86	1388,52
676,05	1505,26
676,25	1452,01
676,45	1531,88
676,64	1478,63
676,84	1419,24
677,04	1396,71
677,23	1460,20
677,43	1406,95
677,62	1492,97
677,82	1421,29
678,02	1392,62
678,21	1456,11
678,41	1413,10
678,61	1435,63
678,80	1538,02
679,00	1431,53
679,19	1529,83
679,39	1447,91
679,59	1460,20
679,78	1476,59
679,98	1402,86
680,17	1355,76
680,37	1484,78
680,57	1429,48
680,76	1425,39
680,96	1411,05
681,16	1392,62
681,35	1390,57
681,55	1417,19
681,74	1474,54
681,94	1454,06
682,13	1437,67
682,33	1490,92
682,53	1431,53
682,72	1497,07
682,92	1447,91
683,11	1431,53
683,31	1447,91
683,51	1458,15
683,70	1476,59
683,90	1355,76
684,09	1460,20
684,29	1503,21
684,48	1421,29
684,68	1427,43
684,88	1560,55
685,07	1445,87
685,27	1443,82
685,46	1421,29
685,66	1423,34
685,85	1546,22
686,05	1497,07
686,25	1564,65
686,44	1480,68
686,64	1468,39
686,83	1396,71
687,03	1601,51
687,22	1441,77
687,42	1452,01
687,61	1507,30
687,81	1433,58
688,01	1480,68
688,20	1372,14
688,40	1466,35
688,59	1382,38
688,79	1478,63
688,98	1447,91
689,18	1558,50
689,37	1511,40
689,57	1507,30
689,76	1476,59
689,96	1505,26
690,15	1404,91
690,35	1429,48
690,54	1472,49
690,74	1425,39
690,94	1423,34
691,13	1540,07
691,33	1501,16
691,52	1490,92
691,72	1433,58
691,91	1423,34
692,11	1423,34
692,30	1392,62
692,50	1460,20
692,69	1548,26
692,89	1460,20
693,08	1335,28
693,28	1484,78
693,47	1402,86
693,67	1542,12
693,86	1484,78
694,06	1435,63
694,25	1466,35
694,45	1474,54
694,64	1439,72
694,84	1427,43
695,03	1472,49
695,23	1398,76
695,42	1488,87
695,62	1441,77
695,81	1513,45
696,01	1433,58
696,20	1409,00
696,40	1431,53
696,59	1423,34
696,78	1425,39
696,98	1482,73
697,17	1458,15
697,37	1433,58
697,56	1486,83
697,76	1456,11
697,95	1558,50
698,15	1409,00
698,34	1535,98
698,54	1392,62
698,73	1548,26
698,93	1462,25
699,12	1429,48
699,32	1507,30
699,51	1419,24
699,70	1417,19
699,90	1542,12
700,09	1419,24
700,29	1429,48
700,48	1421,29
700,68	1398,76
700,87	1386,47
701,07	1460,20
701,26	1431,53
701,45	1456,11
701,65	1406,95
701,84	1476,59
702,04	1486,83
702,23	1462,25
702,43	1366,00
702,62	1423,34
702,81	1423,34
703,01	1445,87
703,20	1435,63
703,40	1425,39
703,59	1435,63
703,79	1497,07
703,98	1402,86
704,17	1476,59
704,37	1439,72
704,56	1460,20
704,76	1447,91
704,95	1351,66
705,14	1370,09
705,34	1394,67
705,53	1425,39
705,73	1333,23
705,92	1441,77
706,11	1486,83
706,31	1392,62
706,50	1429,48
706,70	1558,50
706,89	1484,78
707,08	1433,58
707,28	1484,78
707,47	1392,62
707,67	1404,91
707,86	1468,39
708,05	1478,63
708,25	1314,80
708,44	1427,43
708,64	1396,71
708,83	1431,53
709,02	1359,85
709,22	1363,95
709,41	1359,85
709,60	1558,50
709,80	1382,38
709,99	1378,28
710,19	1402,86
710,38	1437,67
710,57	1421,29
710,77	1456,11
710,96	1402,86
711,15	1374,19
711,35	1396,71
711,54	1411,05
711,73	1374,19
711,93	1349,61
712,12	1433,58
712,31	1431,53
712,51	1445,87
712,70	1357,80
712,89	1417,19
713,09	1476,59
713,28	1509,35
713,48	1509,35
713,67	1406,95
713,86	1361,90
714,06	1427,43
714,25	1351,66
714,44	1333,23
714,64	1474,54
714,83	1345,52
715,02	1288,17
715,22	1484,78
715,41	1429,48
715,60	1333,23
715,79	1417,19
715,99	1433,58
716,18	1441,77
716,37	1355,76
716,57	1470,44
716,76	1517,54
716,95	1490,92
717,15	1476,59
717,34	1355,76
717,53	1411,05
717,73	1411,05
717,92	1374,19
718,11	1509,35
718,31	1466,35
718,50	1439,72
718,69	1368,04
718,88	1423,34
719,08	1423,34
719,27	1388,52
719,46	1417,19
719,66	1460,20
719,85	1366,00
720,04	1423,34
720,23	1378,28
720,43	1376,24
720,62	1368,04
720,81	1366,00
721,01	1384,43
721,20	1497,07
721,39	1404,91
721,58	1441,77
721,78	1452,01
721,97	1368,04
722,16	1366,00
722,35	1476,59
722,55	1427,43
722,74	1417,19
722,93	1357,80
723,13	1390,57
723,32	1396,71
723,51	1339,37
723,70	1431,53
723,90	1400,81
724,09	1437,67
724,28	1357,80
724,47	1409,00
724,67	1413,10
724,86	1452,01
725,05	1355,76
725,24	1462,25
725,44	1431,53
725,63	1492,97
725,82	1363,95
726,01	1390,57
726,21	1380,33
726,40	1357,80
726,59	1460,20
726,78	1359,85
726,97	1427,43
727,17	1423,34
727,36	1503,21
727,55	1396,71
727,74	1384,43
727,94	1433,58
728,13	1398,76
728,32	1411,05
728,51	1382,38
728,70	1337,32
728,90	1374,19
729,09	1366,00
729,28	1372,14
729,47	1425,39
729,66	1435,63
729,86	1470,44
730,05	1398,76
730,24	1406,95
730,43	1427,43
730,63	1449,96
730,82	1484,78
731,01	1390,57
731,20	1384,43
731,39	1378,28
731,58	1400,81
731,78	1441,77
731,97	1388,52
732,16	1404,91
732,35	1443,82
732,54	1425,39
732,74	1431,53
732,93	1445,87
733,12	1462,25
733,31	1433,58
733,50	1363,95
733,69	1542,12
733,89	1474,54
734,08	1419,24
734,27	1368,04
734,46	1390,57
734,65	1392,62
734,84	1390,57
735,04	1435,63
735,23	1435,63
735,42	1429,48
735,61	1372,14
735,80	1449,96
735,99	1382,38
736,19	1413,10
736,38	1378,28
736,57	1464,30
736,76	1341,42
736,95	1460,20
737,14	1441,77
737,33	1478,63
737,53	1409,00
737,72	1398,76
737,91	1380,33
738,10	1466,35
738,29	1341,42
738,48	1449,96
738,67	1480,68
738,87	1417,19
739,06	1366,00
739,25	1431,53
739,44	1398,76
739,63	1443,82
739,82	1335,28
740,01	1439,72
740,20	1441,77
740,40	1480,68
740,59	1439,72
740,78	1400,81
740,97	1384,43
741,16	1441,77
741,35	1439,72
741,54	1468,39
741,73	1308,65
741,92	1339,37
742,12	1394,67
742,31	1363,95
742,50	1501,16
742,69	1404,91
742,88	1398,76
743,07	1386,47
743,26	1368,04
743,45	1406,95
743,64	1386,47
743,83	1378,28
744,02	1378,28
744,22	1411,05
744,41	1452,01
744,60	1368,04
744,79	1456,11
744,98	1460,20
745,17	1382,38
745,36	1402,86
745,55	1445,87
745,74	1382,38
745,93	1449,96
746,12	1411,05
746,31	1513,45
746,50	1462,25
746,70	1384,43
746,89	1363,95
747,08	1368,04
747,27	1421,29
747,46	1394,67
747,65	1478,63
747,84	1468,39
748,03	1406,95
748,22	1384,43
748,41	1409,00
748,60	1499,11
748,79	1433,58
748,98	1470,44
749,17	1415,15
749,36	1433,58
749,55	1406,95
749,74	1347,56
749,93	1452,01
750,12	1392,62
750,31	1470,44
750,50	1431,53
750,70	1370,09
750,89	1501,16
751,08	1574,89
751,27	1484,78
751,46	1382,38
751,65	1454,06
751,84	1447,91
752,03	1402,86
752,22	1460,20
752,41	1452,01
752,60	1431,53
752,79	1464,30
752,98	1421,29
753,17	1456,11
753,36	1507,30
753,55	1419,24
753,74	1427,43
753,93	1499,11
754,12	1415,15
754,31	1415,15
754,50	1470,44
754,69	1466,35
754,88	1490,92
755,07	1400,81
755,26	1427,43
755,45	1411,05
755,64	1449,96
755,83	1488,87
756,02	1419,24
756,21	1439,72
756,40	1503,21
756,59	1468,39
756,78	1413,10
756,97	1390,57
757,16	1497,07
757,35	1456,11
757,54	1363,95
757,72	1413,10
757,91	1413,10
758,10	1509,35
758,29	1501,16
758,48	1394,67
758,67	1439,72
758,86	1476,59
759,05	1419,24
759,24	1468,39
759,43	1441,77
759,62	1400,81
759,81	1474,54
760,00	1554,41
760,19	1380,33
760,38	1521,64
760,57	1406,95
760,76	1431,53
760,95	1531,88
761,14	1392,62
761,33	1454,06
761,52	1447,91
761,70	1406,95
761,89	1376,24
762,08	1425,39
762,27	1439,72
762,46	1513,45
762,65	1415,15
762,84	1441,77
763,03	1460,20
763,22	1480,68
763,41	1476,59
763,60	1503,21
763,79	1427,43
763,98	1470,44
764,16	1458,15
764,35	1472,49
764,54	1447,91
764,73	1427,43
764,92	1445,87
765,11	1595,37
765,30	1482,73
765,49	1374,19
765,68	1490,92
765,87	1452,01
766,06	1329,13
766,24	1484,78
766,43	1406,95
766,62	1472,49
766,81	1417,19
767,00	1472,49
767,19	1386,47
767,38	1490,92
767,57	1390,57
767,76	1357,80
767,94	1538,02
768,13	1550,31
768,32	1525,74
768,51	1368,04
768,70	1445,87
768,89	1515,50
769,08	1443,82
769,27	1349,61
769,45	1478,63
769,64	1501,16
769,83	1415,15
770,02	1421,29
770,21	1578,98
770,40	1478,63
770,59	1443,82
770,77	1454,06
770,96	1574,89
771,15	1447,91
771,34	1390,57
771,53	1603,56
771,72	1538,02
771,91	1443,82
772,09	1384,43
772,28	1478,63
772,47	1392,62
772,66	1490,92
772,85	1378,28
773,04	1556,46
773,22	1464,30
773,41	1548,26
773,60	1470,44
773,79	1501,16
773,98	1462,25
774,17	1566,70
774,35	1452,01
774,54	1417,19
774,73	1443,82
774,92	1495,02
775,11	1398,76
775,30	1513,45
775,48	1517,54
775,67	1574,89
775,86	1497,07
776,05	1542,12
776,24	1540,07
776,42	1441,77
776,61	1538,02
776,80	1513,45
776,99	1464,30
777,18	1492,97
777,36	1495,02
777,55	1525,74
777,74	1480,68
777,93	1486,83
778,12	1499,11
778,30	1503,21
778,49	1421,29
778,68	1476,59
778,87	1431,53
779,06	1562,60
779,24	1538,02
779,43	1425,39
779,62	1439,72
779,81	1503,21
779,99	1435,63
780,18	1495,02
780,37	1517,54
780,56	1578,98
780,75	1431,53
780,93	1509,35
781,12	1474,54
781,31	1535,98
781,50	1474,54
781,68	1447,91
781,87	1404,91
782,06	1456,11
782,25	1568,74
782,43	1515,50
782,62	1376,24
782,81	1503,21
783,00	1406,95
783,18	1445,87
783,37	1452,01
783,56	1492,97
783,75	1460,20
783,93	1529,83
784,12	1472,49
784,31	1499,11
784,50	1484,78
784,68	1437,67
784,87	1505,26
785,06	1484,78
785,24	1521,64
785,43	1435,63
785,62	1499,11
785,81	1474,54
785,99	1452,01
786,18	1441,77
786,37	1476,59
786,56	1437,67
786,74	1452,01
786,93	1486,83
787,12	1419,24
787,30	1423,34
787,49	1480,68
787,68	1497,07
787,87	1398,76
788,05	1421,29
788,24	1378,28
788,43	1456,11
788,61	1503,21
788,80	1456,11
788,99	1368,04
789,17	1470,44
789,36	1374,19
789,55	1488,87
789,73	1409,00
789,92	1439,72
790,11	1454,06
790,30	1452,01
790,48	1466,35
790,67	1355,76
790,86	1458,15
791,04	1460,20
791,23	1550,31
791,42	1482,73
791,60	1443,82
791,79	1449,96
791,98	1437,67
792,16	1517,54
792,35	1462,25
792,54	1425,39
792,72	1499,11
792,91	1382,38
793,10	1417,19
793,28	1421,29
793,47	1452,01
793,66	1415,15
793,84	1382,38
794,03	1374,19
794,22	1492,97
794,40	1431,53
794,59	1525,74
794,77	1439,72
794,96	1433,58
795,15	1406,95
795,33	1368,04
795,52	1492,97
795,71	1329,13
795,89	1378,28
796,08	1492,97
796,27	1488,87
796,45	1409,00
796,64	1382,38
796,82	1370,09
797,01	1421,29
797,20	1400,81
797,38	1441,77
797,57	1415,15
797,76	1404,91
797,94	1492,97
798,13	1435,63
798,31	1415,15
798,50	1470,44
798,69	1538,02
798,87	1400,81
799,06	1380,33
799,24	1357,80
799,43	1458,15
799,62	1404,91
799,80	1439,72
799,99	1558,50
800,17	1501,16
800,36	1480,68
800,55	1411,05
800,73	1486,83
800,92	1353,71
801,10	1363,95
801,29	1376,24
801,48	1454,06
801,66	1423,34
801,85	1345,52
802,03	1441,77
802,22	1404,91
802,40	1468,39
802,59	1314,80
802,78	1349,61
802,96	1437,67
803,15	1443,82
803,33	1439,72
803,52	1443,82
803,70	1366,00
803,89	1380,33
804,08	1423,34
804,26	1386,47
804,45	1427,43
804,63	1466,35
804,82	1443,82
805,00	1368,04
805,19	1488,87
805,37	1425,39
805,56	1505,26
805,74	1417,19
805,93	1382,38
806,12	1439,72
806,30	1419,24
806,49	1445,87
806,67	1439,72
806,86	1376,24
807,04	1443,82
807,23	1363,95
807,41	1441,77
807,60	1417,19
807,78	1390,57
807,97	1642,47
808,15	1388,52
808,34	1413,10
808,52	1374,19
808,71	1409,00
808,89	1454,06
809,08	1472,49
809,27	1392,62
809,45	1316,84
809,64	1382,38
809,82	1421,29
810,01	1439,72
810,19	1482,73
810,38	1366,00
810,56	1452,01
810,75	1472,49
810,93	1431,53
811,12	1398,76
811,30	1439,72
811,49	1351,66
811,67	1443,82
811,85	1400,81
812,04	1404,91
812,22	1409,00
812,41	1470,44
812,59	1480,68
812,78	1400,81
812,96	1370,09
813,15	1437,67
813,33	1378,28
813,52	1427,43
813,70	1458,15
813,89	1386,47
814,07	1480,68
814,26	1458,15
814,44	1378,28
814,63	1480,68
814,81	1423,34
815,00	1458,15
815,18	1421,29
815,36	1411,05
815,55	1355,76
815,73	1435,63
815,92	1404,91
816,10	1542,12
816,29	1497,07
816,47	1378,28
816,66	1492,97
816,84	1439,72
817,02	1431,53
817,21	1394,67
817,39	1476,59
817,58	1390,57
817,76	1445,87
817,95	1519,59
818,13	1370,09
818,32	1400,81
818,50	1415,15
818,68	1454,06
818,87	1488,87
819,05	1452,01
819,24	1484,78
819,42	1421,29
819,60	1433,58
819,79	1380,33
819,97	1378,28
820,16	1431,53
820,34	1445,87
820,53	1370,09
820,71	1351,66
820,89	1388,52
821,08	1388,52
821,26	1415,15
821,45	1406,95
821,63	1429,48
821,81	1468,39
822,00	1380,33
822,18	1456,11
822,37	1480,68
822,55	1460,20
822,73	1386,47
822,92	1439,72
823,10	1445,87
823,28	1402,86
823,47	1441,77
823,65	1386,47
823,84	1374,19
824,02	1540,07
824,20	1513,45
824,39	1456,11
824,57	1519,59
824,75	1472,49
824,94	1406,95
825,12	1472,49
825,31	1460,20
825,49	1490,92
825,67	1427,43
825,86	1423,34
826,04	1406,95
826,22	1486,83
826,41	1433,58
826,59	1378,28
826,77	1398,76
826,96	1490,92
827,14	1406,95
827,32	1488,87
827,51	1404,91
827,69	1499,11
827,87	1454,06
828,06	1513,45
828,24	1503,21
828,42	1345,52
828,61	1437,67
828,79	1460,20
828,97	1435,63
829,16	1474,54
829,34	1433,58
829,52	1392,62
829,71	1501,16
829,89	1456,11
830,07	1382,38
830,26	1484,78
830,44	1476,59
830,62	1525,74
830,81	1464,30
830,99	1472,49
831,17	1361,90
831,36	1427,43
831,54	1478,63
831,72	1458,15
831,91	1435,63
832,09	1394,67
832,27	1470,44
832,45	1470,44
832,64	1404,91
832,82	1482,73
833,00	1429,48
833,19	1468,39
833,37	1443,82
833,55	1443,82
833,73	1415,15
833,92	1400,81
834,10	1435,63
834,28	1462,25
834,47	1447,91
834,65	1423,34
834,83	1533,93
835,01	1449,96
835,20	1466,35
835,38	1495,02
835,56	1388,52
835,74	1497,07
835,93	1409,00
836,11	1515,50
836,29	1458,15
836,47	1495,02
836,66	1433,58
836,84	1533,93
837,02	1417,19
837,21	1529,83
837,39	1419,24
837,57	1470,44
837,75	1486,83
837,94	1378,28
838,12	1452,01
838,30	1511,40
838,48	1439,72
838,66	1415,15
838,85	1458,15
839,03	1406,95
839,21	1431,53
839,39	1353,71
839,58	1509,35
839,76	1478,63
839,94	1472,49
840,12	1466,35
840,31	1533,93
840,49	1499,11
840,67	1511,40
840,85	1435,63
841,03	1454,06
841,22	1476,59
841,40	1458,15
841,58	1511,40
841,76	1482,73
841,94	1415,15
842,13	1529,83
842,31	1437,67
842,49	1441,77
842,67	1398,76
842,85	1466,35
843,04	1507,30
843,22	1513,45
843,40	1466,35
843,58	1433,58
843,76	1437,67
843,95	1509,35
844,13	1462,25
844,31	1470,44
844,49	1476,59
844,67	1454,06
844,86	1505,26
845,04	1464,30
845,22	1402,86
845,40	1433,58
845,58	1511,40
845,76	1470,44
845,95	1486,83
846,13	1406,95
846,31	1466,35
846,49	1433,58
846,67	1468,39
846,85	1452,01
847,04	1511,40
847,22	1409,00
847,40	1429,48
847,58	1378,28
847,76	1437,67
847,94	1394,67
848,12	1449,96
848,31	1425,39
848,49	1433,58
848,67	1437,67
848,85	1505,26
849,03	1519,59
849,21	1554,41
849,39	1458,15
849,58	1527,78
849,76	1490,92
849,94	1470,44
850,12	1402,86
850,30	1482,73
850,48	1462,25
850,66	1492,97
850,84	1431,53
851,03	1456,11
851,21	1456,11
851,39	1482,73
851,57	1501,16
851,75	1482,73
851,93	1472,49
852,11	1533,93
852,29	1499,11
852,47	1503,21
852,66	1515,50
852,84	1384,43
853,02	1572,84
853,20	1523,69
853,38	1482,73
853,56	1519,59
853,74	1499,11
853,92	1472,49
854,10	1411,05
854,28	1486,83
854,46	1540,07
854,65	1462,25
854,83	1441,77
855,01	1468,39
855,19	1445,87
855,37	1529,83
855,55	1574,89
855,73	1578,98
855,91	1462,25
856,09	1503,21
856,27	1505,26
856,45	1392,62
856,63	1503,21
856,81	1468,39
857,00	1462,25
857,18	1476,59
857,36	1447,91
857,54	1548,26
857,72	1486,83
857,90	1486,83
858,08	1505,26
858,26	1593,32
858,44	1402,86
858,62	1531,88
858,80	1411,05
858,98	1492,97
859,16	1476,59
859,34	1402,86
859,52	1468,39
859,70	1581,03
859,88	1505,26
860,06	1443,82
860,24	1470,44
860,42	1538,02
860,60	1570,79
860,78	1527,78
860,96	1492,97
861,14	1449,96
861,32	1538,02
861,50	1497,07
861,69	1427,43
861,87	1521,64
862,05	1476,59
862,23	1468,39
862,41	1435,63
862,59	1466,35
862,77	1513,45
862,95	1468,39
863,13	1529,83
863,31	1409,00
863,49	1363,95
863,67	1492,97
863,85	1501,16
864,03	1421,29
864,21	1421,29
864,39	1499,11
864,57	1488,87
864,75	1468,39
864,92	1482,73
865,10	1456,11
865,28	1378,28
865,46	1427,43
865,64	1443,82
865,82	1501,16
866,00	1431,53
866,18	1474,54
866,36	1533,93
866,54	1513,45
866,72	1454,06
866,90	1413,10
867,08	1509,35
867,26	1431,53
867,44	1468,39
867,62	1501,16
867,80	1454,06
867,98	1591,27
868,16	1558,50
868,34	1458,15
868,52	1472,49
868,70	1517,54
868,88	1583,08
869,06	1368,04
869,24	1486,83
869,42	1376,24
869,59	1466,35
869,77	1511,40
869,95	1488,87
870,13	1452,01
870,31	1406,95
870,49	1554,41
870,67	1443,82
870,85	1470,44
871,03	1484,78
871,21	1538,02
871,39	1462,25
871,57	1464,30
871,75	1419,24
871,92	1497,07
872,10	1482,73
872,28	1439,72
872,46	1486,83
872,64	1550,31
872,82	1550,31
873,00	1478,63
873,18	1464,30
873,36	1454,06
873,54	1476,59
873,72	1386,47
873,89	1517,54
874,07	1452,01
874,25	1593,32
874,43	1527,78
874,61	1476,59
874,79	1484,78
874,97	1513,45
875,15	1474,54
875,33	1484,78
875,50	1533,93
875,68	1499,11
875,86	1429,48
876,04	1517,54
876,22	1492,97
876,40	1484,78
876,58	1423,34
876,76	1456,11
876,93	1482,73
877,11	1431,53
877,29	1572,84
877,47	1435,63
877,65	1480,68
877,83	1542,12
878,01	1470,44
878,18	1468,39
878,36	1511,40
878,54	1474,54
878,72	1413,10
878,90	1363,95
879,08	1429,48
879,25	1548,26
879,43	1472,49
879,61	1472,49
879,79	1427,43
879,97	1431,53
880,15	1472,49
880,32	1445,87
880,50	1538,02
880,68	1478,63
880,86	1538,02
881,04	1501,16
881,22	1445,87
881,39	1388,52
881,57	1521,64
881,75	1533,93
881,93	1488,87
882,11	1486,83
882,28	1441,77
882,46	1466,35
882,64	1370,09
882,82	1439,72
883,00	1441,77
883,18	1470,44
883,35	1394,67
883,53	1468,39
883,71	1570,79
883,89	1435,63
884,07	1427,43
884,24	1499,11
884,42	1388,52
884,60	1511,40
884,78	1546,22
884,95	1421,29
885,13	1382,38
885,31	1515,50
885,49	1431,53
885,67	1449,96
885,84	1474,54
886,02	1419,24
886,20	1525,74
886,38	1394,67
886,55	1378,28
886,73	1509,35
886,91	1501,16
887,09	1447,91
887,26	1476,59
887,44	1486,83
887,62	1497,07
887,80	1421,29
887,98	1431,53
888,15	1447,91
888,33	1386,47
888,51	1466,35
888,69	1542,12
888,86	1546,22
889,04	1462,25
889,22	1425,39
889,39	1576,94
889,57	1443,82
889,75	1470,44
889,93	1443,82
890,10	1370,09
890,28	1499,11
890,46	1476,59
890,64	1497,07
890,81	1361,90
890,99	1437,67
891,17	1425,39
891,34	1517,54
891,52	1398,76
891,70	1468,39
891,88	1497,07
892,05	1525,74
892,23	1441,77
892,41	1529,83
892,58	1533,93
892,76	1464,30
892,94	1413,10
893,12	1533,93
893,29	1441,77
893,47	1454,06
893,65	1333,23
893,82	1406,95
894,00	1509,35
894,18	1447,91
894,35	1427,43
894,53	1499,11
894,71	1470,44
894,89	1482,73
895,06	1431,53
895,24	1417,19
895,42	1398,76
895,59	1435,63
895,77	1474,54
895,95	1470,44
896,12	1419,24
896,30	1439,72
896,48	1388,52
896,65	1507,30
896,83	1421,29
897,01	1406,95
897,18	1462,25
897,36	1507,30
897,54	1449,96
897,71	1495,02
897,89	1456,11
898,07	1384,43
898,24	1437,67
898,42	1452,01
898,59	1542,12
898,77	1488,87
898,95	1464,30
899,12	1341,42
899,30	1398,76
899,48	1452,01
899,65	1507,30
899,83	1398,76
900,01	1568,74
900,18	1519,59
900,36	1423,34
900,53	1378,28
900,71	1378,28
900,89	1490,92
901,06	1472,49
901,24	1380,33
901,42	1460,20
901,59	1443,82
901,77	1564,65
901,94	1425,39
902,12	1435,63
902,30	1480,68
902,47	1470,44
902,65	1370,09
902,82	1478,63
903,00	1507,30
903,18	1435,63
903,35	1388,52
903,53	1300,46
903,70	1488,87
903,88	1482,73
904,06	1433,58
904,23	1402,86
904,41	1507,30
904,58	1439,72
904,76	1437,67
904,93	1462,25
905,11	1409,00
905,29	1488,87
905,46	1370,09
905,64	1492,97
905,81	1402,86
905,99	1460,20
906,16	1443,82
906,34	1404,91
906,52	1443,82
906,69	1421,29
906,87	1495,02
907,04	1474,54
907,22	1458,15
907,39	1513,45
907,57	1417,19
907,75	1501,16
907,92	1423,34
908,10	1511,40
908,27	1439,72
908,45	1472,49
908,62	1396,71
908,80	1417,19
908,97	1458,15
909,15	1505,26
909,32	1417,19
909,50	1492,97
909,67	1409,00
909,85	1406,95
910,03	1419,24
910,20	1492,97
910,38	1452,01
910,55	1441,77
910,73	1423,34
910,90	1372,14
911,08	1486,83
911,25	1413,10
911,43	1501,16
911,60	1460,20
911,78	1439,72
911,95	1429,48
912,13	1474,54
912,30	1466,35
912,48	1456,11
912,65	1439,72
912,83	1355,76
913,00	1435,63
913,18	1513,45
913,35	1486,83
913,53	1427,43
913,70	1488,87
913,88	1495,02
914,05	1460,20
914,23	1488,87
914,40	1511,40
914,58	1443,82
914,75	1474,54
914,93	1439,72
915,10	1484,78
915,27	1527,78
915,45	1429,48
915,62	1501,16
915,80	1458,15
915,97	1503,21
916,15	1474,54
916,32	1517,54
916,50	1439,72
916,67	1458,15
916,85	1427,43
917,02	1427,43
917,20	1503,21
917,37	1456,11
917,54	1488,87
917,72	1507,30
917,89	1497,07
918,07	1517,54
918,24	1503,21
918,42	1435,63
918,59	1458,15
918,77	1490,92
918,94	1505,26
919,11	1380,33
919,29	1435,63
919,46	1482,73
919,64	1562,60
919,81	1482,73
919,99	1404,91
920,16	1433,58
920,33	1488,87
920,51	1503,21
920,68	1456,11
920,86	1499,11
921,03	1482,73
921,20	1417,19
921,38	1415,15
921,55	1527,78
921,73	1501,16
921,90	1411,05
922,07	1497,07
922,25	1599,46
922,42	1531,88
922,60	1492,97
922,77	1482,73
922,94	1435,63
923,12	1462,25
923,29	1562,60
923,47	1478,63
923,64	1480,68
923,81	1529,83
923,99	1472,49
924,16	1566,70
924,34	1415,15
924,51	1521,64
924,68	1568,74
924,86	1484,78
925,03	1421,29
925,20	1449,96
925,38	1449,96
925,55	1435,63
925,72	1538,02
925,90	1400,81
926,07	1495,02
926,25	1468,39
926,42	1482,73
926,59	1435,63
926,77	1466,35
926,94	1486,83
927,11	1464,30
927,29	1531,88
927,46	1378,28
927,63	1521,64
927,81	1503,21
927,98	1476,59
928,15	1527,78
928,33	1497,07
928,50	1433,58
928,67	1558,50
928,85	1452,01
929,02	1468,39
929,19	1570,79
929,37	1435,63
929,54	1478,63
929,71	1568,74
929,89	1492,97
930,06	1470,44
930,23	1478,63
930,41	1470,44
930,58	1411,05
930,75	1497,07
930,92	1527,78
931,10	1476,59
931,27	1374,19
931,44	1497,07
931,62	1468,39
931,79	1492,97
931,96	1527,78
932,14	1464,30
932,31	1490,92
932,48	1476,59
932,65	1460,20
932,83	1482,73
933,00	1484,78
933,17	1597,42
933,35	1449,96
933,52	1505,26
933,69	1435,63
933,86	1478,63
934,04	1482,73
934,21	1472,49
934,38	1509,35
934,55	1437,67
934,73	1517,54
934,90	1427,43
935,07	1476,59
935,25	1572,84
935,42	1421,29
935,59	1447,91
935,76	1447,91
935,94	1470,44
936,11	1515,50
936,28	1503,21
936,45	1488,87
936,63	1413,10
936,80	1357,80
936,97	1521,64
937,14	1492,97
937,31	1488,87
937,49	1499,11
937,66	1482,73
937,83	1447,91
938,00	1521,64
938,18	1587,18
938,35	1542,12
938,52	1546,22
938,69	1454,06
938,87	1525,74
939,04	1445,87
939,21	1423,34
939,38	1495,02
939,55	1439,72
939,73	1427,43
939,90	1458,15
940,07	1466,35
940,24	1482,73
940,41	1445,87
940,59	1376,24
940,76	1458,15
940,93	1503,21
941,10	1470,44
941,27	1458,15
941,45	1521,64
941,62	1452,01
941,79	1449,96
941,96	1482,73
942,13	1486,83
942,31	1378,28
942,48	1488,87
942,65	1515,50
942,82	1439,72
942,99	1466,35
943,16	1470,44
943,34	1523,69
943,51	1538,02
943,68	1456,11
943,85	1456,11
944,02	1501,16
944,19	1443,82
944,37	1472,49
944,54	1490,92
944,71	1513,45
944,88	1603,56
945,05	1476,59
945,22	1523,69
945,40	1554,41
945,57	1470,44
945,74	1409,00
945,91	1439,72
946,08	1499,11
946,25	1441,77
946,42	1548,26
946,60	1492,97
946,77	1558,50
946,94	1513,45
947,11	1488,87
947,28	1439,72
947,45	1458,15
947,62	1445,87
947,79	1454,06
947,97	1533,93
948,14	1595,37
948,31	1535,98
948,48	1454,06
948,65	1341,42
948,82	1454,06
948,99	1470,44
949,16	1415,15
949,33	1464,30
949,51	1507,30
949,68	1417,19
949,85	1454,06
950,02	1316,84
950,19	1535,98
950,36	1486,83
950,53	1474,54
950,70	1503,21
950,87	1533,93
951,04	1462,25
951,22	1566,70
951,39	1435,63
951,56	1445,87
951,73	1402,86
951,90	1449,96
952,07	1523,69
952,24	1505,26
952,41	1583,08
952,58	1421,29
952,75	1521,64
952,92	1447,91
953,09	1466,35
953,26	1390,57
953,43	1431,53
953,61	1560,55
953,78	1574,89
953,95	1499,11
954,12	1454,06
954,29	1531,88
954,46	1515,50
954,63	1409,00
954,80	1492,97
954,97	1476,59
955,14	1529,83
955,31	1425,39
955,48	1441,77
955,65	1417,19
955,82	1415,15
955,99	1476,59
956,16	1386,47
956,33	1513,45
956,50	1425,39
956,67	1456,11
956,84	1484,78
957,01	1427,43
957,18	1515,50
957,35	1421,29
957,52	1538,02
957,69	1499,11
957,86	1456,11
958,03	1400,81
958,20	1492,97
958,37	1435,63
958,54	1427,43
958,71	1376,24
958,88	1519,59
959,05	1517,54
959,22	1447,91
959,39	1359,85
959,56	1454,06
959,73	1464,30
959,90	1456,11
960,07	1404,91
960,24	1400,81
960,41	1421,29
960,58	1552,36
960,75	1370,09
960,92	1476,59
961,09	1445,87
961,26	1484,78
961,43	1394,67
961,60	1472,49
961,77	1382,38
961,94	1497,07
962,11	1392,62
962,28	1454,06
962,45	1470,44
962,62	1417,19
962,79	1402,86
962,96	1505,26
963,13	1488,87
963,30	1476,59
963,47	1497,07
963,64	1449,96
963,81	1515,50
963,98	1366,00
964,14	1472,49
964,31	1538,02
964,48	1486,83
964,65	1482,73
964,82	1411,05
964,99	1490,92
965,16	1470,44
965,33	1462,25
965,50	1511,40
965,67	1476,59
965,84	1519,59
966,01	1435,63
966,18	1462,25
966,35	1427,43
966,51	1464,30
966,68	1478,63
966,85	1464,30
967,02	1411,05
967,19	1503,21
967,36	1445,87
967,53	1452,01
967,70	1513,45
967,87	1433,58
968,04	1429,48
968,21	1441,77
968,37	1411,05
968,54	1421,29
968,71	1409,00
968,88	1482,73
969,05	1464,30
969,22	1419,24
969,39	1497,07
969,56	1353,71
969,72	1468,39
969,89	1482,73
970,06	1468,39
970,23	1433,58
970,40	1492,97
970,57	1419,24
970,74	1531,88
970,91	1441,77
971,07	1460,20
971,24	1515,50
971,41	1454,06
971,58	1464,30
971,75	1429,48
971,92	1470,44
972,09	1423,34
972,25	1435,63
972,42	1540,07
972,59	1380,33
972,76	1488,87
972,93	1411,05
973,10	1488,87
973,27	1497,07
973,43	1429,48
973,60	1437,67
973,77	1454,06
973,94	1421,29
974,11	1447,91
974,28	1386,47
974,44	1382,38
974,61	1460,20
974,78	1505,26
974,95	1402,86
975,12	1560,55
975,28	1488,87
975,45	1409,00
975,62	1480,68
975,79	1454,06
975,96	1435,63
976,12	1505,26
976,29	1431,53
976,46	1378,28
976,63	1511,40
976,80	1400,81
976,96	1478,63
977,13	1409,00
977,30	1423,34
977,47	1396,71
977,64	1378,28
977,80	1406,95
977,97	1343,47
978,14	1476,59
978,31	1351,66
978,48	1533,93
978,64	1363,95
978,81	1400,81
978,98	1411,05
979,15	1390,57
979,31	1480,68
979,48	1413,10
979,65	1486,83
979,82	1415,15
979,98	1429,48
980,15	1341,42
980,32	1474,54
980,49	1431,53
980,66	1409,00
980,82	1427,43
980,99	1447,91
981,16	1366,00
981,33	1357,80
981,49	1486,83
981,66	1447,91
981,83	1464,30
981,99	1454,06
982,16	1406,95
982,33	1447,91
982,50	1443,82
982,66	1433,58
982,83	1366,00
983,00	1421,29
983,17	1435,63
983,33	1404,91
983,50	1435,63
983,67	1384,43
983,83	1396,71
984,00	1380,33
984,17	1527,78
984,34	1386,47
984,50	1329,13
984,67	1384,43
984,84	1472,49
985,00	1368,04
985,17	1445,87
985,34	1456,11
985,51	1501,16
985,67	1452,01
985,84	1470,44
986,01	1374,19
986,17	1439,72
986,34	1429,48
986,51	1351,66
986,67	1378,28
986,84	1411,05
987,01	1382,38
987,17	1486,83
987,34	1382,38
987,51	1413,10
987,67	1435,63
987,84	1409,00
988,01	1480,68
988,17	1333,23
988,34	1447,91
988,51	1423,34
988,67	1427,43
988,84	1468,39
989,01	1347,56
989,17	1423,34
989,34	1443,82
989,51	1398,76
989,67	1398,76
989,84	1439,72
990,01	1423,34
990,17	1437,67
990,34	1368,04
990,51	1470,44
990,67	1382,38
990,84	1388,52
991,01	1366,00
991,17	1474,54
991,34	1361,90
991,50	1357,80
991,67	1378,28
991,84	1347,56
992,00	1427,43
992,17	1406,95
992,34	1462,25
992,50	1411,05
992,67	1433,58
992,83	1433,58
993,00	1292,27
993,17	1384,43
993,33	1404,91
993,50	1466,35
993,66	1359,85
993,83	1429,48
994,00	1501,16
994,16	1431,53
994,33	1435,63
994,49	1466,35
994,66	1390,57
994,83	1370,09
994,99	1439,72
995,16	1497,07
995,32	1415,15
995,49	1517,54
995,66	1447,91
995,82	1419,24
995,99	1413,10
996,15	1425,39
996,32	1384,43
996,48	1413,10
996,65	1427,43
996,82	1413,10
996,98	1382,38
997,15	1449,96
997,31	1398,76
997,48	1449,96
997,64	1427,43
997,81	1505,26
997,97	1437,67
998,14	1427,43
998,31	1411,05
998,47	1380,33
998,64	1462,25
998,80	1363,95
998,97	1456,11
999,13	1476,59
999,30	1447,91
999,46	1470,44
999,63	1427,43
999,79	1462,25
999,96	1523,69
1000,12	1443,82
1000,29	1413,10
1000,45	1472,49
1000,62	1349,61
1000,79	1460,20
1000,95	1482,73
1001,12	1431,53
1001,28	1374,19
1001,45	1421,29
1001,61	1392,62
1001,78	1431,53
1001,94	1452,01
1002,11	1431,53
1002,27	1404,91
1002,44	1452,01
1002,60	1501,16
1002,77	1462,25
1002,93	1523,69
1003,10	1458,15
1003,26	1417,19
1003,43	1480,68
1003,59	1398,76
1003,76	1429,48
1003,92	1359,85
1004,09	1419,24
1004,25	1394,67
1004,41	1419,24
1004,58	1421,29
1004,74	1351,66
1004,91	1482,73
1005,07	1419,24
1005,24	1527,78
1005,40	1456,11
1005,57	1425,39
1005,73	1452,01
1005,90	1439,72
1006,06	1411,05
1006,23	1427,43
1006,39	1435,63
1006,55	1322,99
1006,72	1392,62
1006,88	1366,00
1007,05	1431,53
1007,21	1402,86
1007,38	1390,57
1007,54	1515,50
1007,71	1443,82
1007,87	1409,00
1008,03	1460,20
1008,20	1409,00
1008,36	1449,96
1008,53	1445,87
1008,69	1386,47
1008,86	1343,47
1009,02	1386,47
1009,18	1466,35
1009,35	1482,73
1009,51	1417,19
1009,68	1507,30
1009,84	1476,59
1010,01	1447,91
1010,17	1474,54
1010,33	1419,24
1010,50	1468,39
1010,66	1470,44
1010,83	1429,48
1010,99	1556,46
1011,15	1370,09
1011,32	1445,87
1011,48	1396,71
1011,65	1429,48
1011,81	1406,95
1011,97	1421,29
1012,14	1484,78
1012,30	1476,59
1012,46	1445,87
1012,63	1429,48
1012,79	1392,62
1012,96	1460,20
1013,12	1329,13
1013,28	1429,48
1013,45	1325,04
1013,61	1441,77
1013,77	1372,14
1013,94	1380,33
1014,10	1415,15
1014,26	1388,52
1014,43	1466,35
1014,59	1454,06
1014,76	1480,68
1014,92	1507,30
1015,08	1327,08
1015,25	1402,86
1015,41	1521,64
1015,57	1488,87
1015,74	1368,04
1015,90	1394,67
1016,06	1411,05
1016,23	1417,19
1016,39	1460,20
1016,55	1427,43
1016,72	1372,14
1016,88	1370,09
1017,04	1392,62
1017,21	1374,19
1017,37	1359,85
1017,53	1392,62
1017,70	1382,38
1017,86	1466,35
1018,02	1406,95
1018,19	1439,72
1018,35	1521,64
1018,51	1353,71
1018,67	1396,71
1018,84	1302,51
1019,00	1345,52
1019,16	1470,44
1019,33	1427,43
1019,49	1419,24
1019,65	1419,24
1019,82	1409,00
1019,98	1460,20
1020,14	1404,91
1020,30	1472,49
1020,47	1353,71
1020,63	1464,30
1020,79	1406,95
1020,96	1349,61
1021,12	1433,58
1021,28	1419,24
1021,44	1392,62
1021,61	1441,77
1021,77	1372,14
1021,93	1355,76
1022,09	1417,19
1022,26	1511,40
1022,42	1333,23
1022,58	1417,19
1022,74	1427,43
1022,91	1294,32
1023,07	1409,00
1023,23	1419,24
1023,39	1490,92
1023,56	1458,15
1023,72	1449,96
1023,88	1415,15
1024,04	1441,77
1024,21	1380,33
1024,37	1421,29
1024,53	1529,83
1024,69	1361,90
1024,86	1382,38
1025,02	1427,43
1025,18	1331,18
1025,34	1298,41
1025,50	1402,86
1025,67	1359,85
1025,83	1417,19
1025,99	1370,09
1026,15	1447,91
1026,32	1476,59
1026,48	1452,01
1026,64	1542,12
1026,80	1429,48
1026,96	1474,54
1027,13	1343,47
1027,29	1419,24
1027,45	1378,28
1027,61	1351,66
1027,77	1480,68
1027,94	1452,01
1028,10	1406,95
1028,26	1368,04
1028,42	1363,95
1028,58	1437,67
1028,75	1357,80
1028,91	1413,10
1029,07	1423,34
1029,23	1431,53
1029,39	1425,39
1029,55	1429,48
1029,72	1464,30
1029,88	1552,36
1030,04	1378,28
1030,20	1357,80
1030,36	1359,85
1030,52	1423,34
1030,69	1423,34
1030,85	1458,15
1031,01	1411,05
1031,17	1470,44
1031,33	1433,58
1031,49	1538,02
1031,65	1415,15
1031,82	1423,34
1031,98	1392,62
1032,14	1398,76
1032,30	1468,39
1032,46	1480,68
1032,62	1376,24
1032,78	1359,85
1032,95	1378,28
1033,11	1419,24
1033,27	1474,54
1033,43	1480,68
1033,59	1429,48
1033,75	1415,15
1033,91	1439,72
1034,07	1484,78
1034,24	1435,63
1034,40	1300,46
1034,56	1486,83
1034,72	1452,01
1034,88	1443,82
1035,04	1374,19
1035,20	1384,43
1035,36	1441,77
1035,52	1406,95
1035,68	1388,52
1035,85	1413,10
1036,01	1464,30
1036,17	1548,26
1036,33	1374,19
1036,49	1347,56
1036,65	1419,24
1036,81	1406,95
1036,97	1388,52
1037,13	1388,52
1037,29	1406,95
1037,45	1441,77
1037,61	1423,34
1037,78	1466,35
1037,94	1470,44
1038,10	1411,05
1038,26	1368,04
1038,42	1351,66
1038,58	1359,85
1038,74	1306,60
1038,90	1384,43
1039,06	1320,94
1039,22	1376,24
1039,38	1429,48
1039,54	1368,04
1039,70	1392,62
1039,86	1370,09
1040,02	1404,91
1040,18	1456,11
1040,34	1419,24
1040,50	1390,57
1040,66	1499,11
1040,83	1398,76
1040,99	1404,91
1041,15	1445,87
1041,31	1341,42
1041,47	1411,05
1041,63	1388,52
1041,79	1404,91
1041,95	1458,15
1042,11	1423,34
1042,27	1445,87
1042,43	1425,39
1042,59	1404,91
1042,75	1409,00
1042,91	1404,91
