344,25	1247,21
344,46	1247,21
344,68	1247,21
344,90	1302,51
345,12	1234,93
345,34	1439,72
345,55	1394,67
345,77	1361,90
345,99	1370,09
346,21	1394,67
346,42	1538,02
346,64	1447,91
346,86	1409,00
347,08	1452,01
347,30	1435,63
347,51	1435,63
347,73	1488,87
347,95	1529,83
348,17	1433,58
348,38	1411,05
348,60	1409,00
348,82	1419,24
349,04	1386,47
349,25	1492,97
349,47	1474,54
349,69	1435,63
349,91	1529,83
350,13	1472,49
350,34	1441,77
350,56	1306,60
350,78	1421,29
351,00	1431,53
351,21	1439,72
351,43	1427,43
351,65	1431,53
351,87	1429,48
352,08	1460,20
352,30	1490,92
352,52	1378,28
352,74	1449,96
352,95	1525,74
353,17	1443,82
353,39	1366,00
353,61	1413,10
353,82	1406,95
354,04	1447,91
354,26	1386,47
354,47	1404,91
354,69	1437,67
354,91	1384,43
355,13	1382,38
355,34	1445,87
355,56	1488,87
355,78	1353,71
356,00	1433,58
356,21	1359,85
356,43	1384,43
356,65	1351,66
356,86	1341,42
357,08	1404,91
357,30	1552,36
357,52	1433,58
357,73	1431,53
357,95	1394,67
358,17	1380,33
358,38	1435,63
358,60	1523,69
358,82	1355,76
359,04	1413,10
359,25	1499,11
359,47	1472,49
359,69	1398,76
359,90	1343,47
360,12	1497,07
360,34	1449,96
360,56	1419,24
360,77	1490,92
360,99	1599,46
361,21	1413,10
361,42	1386,47
361,64	1421,29
361,86	1435,63
362,07	1421,29
362,29	1429,48
362,51	1443,82
362,73	1384,43
362,94	1402,86
363,16	1433,58
363,38	1331,18
363,59	1435,63
363,81	1441,77
364,03	1452,01
364,24	1484,78
364,46	1437,67
364,68	1480,68
364,89	1392,62
365,11	1460,20
365,33	1437,67
365,54	1398,76
365,76	1419,24
365,98	1437,67
366,19	1554,41
366,41	1546,22
366,63	1421,29
366,84	1349,61
367,06	1460,20
367,28	1486,83
367,49	1392,62
367,71	1449,96
367,93	1406,95
368,14	1482,73
368,36	1437,67
368,58	1404,91
368,79	1386,47
369,01	1495,02
369,23	1533,93
369,44	1495,02
369,66	1378,28
369,88	1411,05
370,09	1380,33
370,31	1437,67
370,53	1437,67
370,74	1429,48
370,96	1406,95
371,18	1427,43
371,39	1533,93
371,61	1484,78
371,82	1464,30
372,04	1368,04
372,26	1472,49
372,47	1396,71
372,69	1378,28
372,91	1456,11
373,12	1447,91
373,34	1429,48
373,56	1415,15
373,77	1439,72
373,99	1400,81
374,20	1447,91
374,42	1476,59
374,64	1511,40
374,85	1447,91
375,07	1447,91
375,29	1470,44
375,50	1466,35
375,72	1462,25
375,93	1464,30
376,15	1478,63
376,37	1443,82
376,58	1501,16
376,80	1497,07
377,01	1372,14
377,23	1421,29
377,45	1361,90
377,66	1492,97
377,88	1480,68
378,10	1404,91
378,31	1437,67
378,53	1468,39
378,74	1460,20
378,96	1462,25
379,18	1441,77
379,39	1470,44
379,61	1411,05
379,82	1445,87
380,04	1482,73
380,26	1476,59
380,47	1370,09
380,69	1452,01
380,90	1423,34
381,12	1435,63
381,33	1441,77
381,55	1503,21
381,77	1357,80
381,98	1490,92
382,20	1345,52
382,41	1456,11
382,63	1396,71
382,85	1402,86
383,06	1480,68
383,28	1472,49
383,49	1507,30
383,71	1482,73
383,92	1327,08
384,14	1384,43
384,36	1419,24
384,57	1437,67
384,79	1378,28
385,00	1447,91
385,22	1339,37
385,43	1419,24
385,65	1499,11
385,87	1386,47
386,08	1423,34
386,30	1396,71
386,51	1425,39
386,73	1433,58
386,94	1462,25
387,16	1464,30
387,37	1472,49
387,59	1421,29
387,81	1482,73
388,02	1456,11
388,24	1441,77
388,45	1472,49
388,67	1499,11
388,88	1402,86
389,10	1472,49
389,31	1515,50
389,53	1466,35
389,75	1409,00
389,96	1433,58
390,18	1435,63
390,39	1355,76
390,61	1472,49
390,82	1439,72
391,04	1482,73
391,25	1462,25
391,47	1366,00
391,68	1472,49
391,90	1468,39
392,11	1411,05
392,33	1447,91
392,54	1456,11
392,76	1472,49
392,97	1415,15
393,19	1568,74
393,41	1531,88
393,62	1425,39
393,84	1431,53
394,05	1470,44
394,27	1415,15
394,48	1404,91
394,70	1525,74
394,91	1363,95
395,13	1517,54
395,34	1384,43
395,56	1390,57
395,77	1384,43
395,99	1445,87
396,20	1372,14
396,42	1503,21
396,63	1458,15
396,85	1460,20
397,06	1421,29
397,28	1359,85
397,49	1368,04
397,71	1339,37
397,92	1411,05
398,14	1452,01
398,35	1529,83
398,57	1452,01
398,78	1433,58
399,00	1458,15
399,21	1400,81
399,43	1388,52
399,64	1390,57
399,86	1378,28
400,07	1355,76
400,29	1411,05
400,50	1488,87
400,72	1456,11
400,93	1380,33
401,14	1435,63
401,36	1476,59
401,57	1478,63
401,79	1509,35
402,00	1427,43
402,22	1460,20
402,43	1419,24
402,65	1433,58
402,86	1374,19
403,08	1454,06
403,29	1468,39
403,51	1476,59
403,72	1488,87
403,94	1384,43
404,15	1523,69
404,36	1462,25
404,58	1662,95
404,79	1431,53
405,01	1415,15
405,22	1456,11
405,44	1384,43
405,65	1519,59
405,87	1417,19
406,08	1417,19
406,30	1443,82
406,51	1490,92
406,72	1497,07
406,94	1413,10
407,15	1435,63
407,37	1456,11
407,58	1456,11
407,80	1484,78
408,01	1458,15
408,23	1427,43
408,44	1411,05
408,65	1462,25
408,87	1482,73
409,08	1503,21
409,30	1460,20
409,51	1353,71
409,73	1406,95
409,94	1443,82
410,15	1511,40
410,37	1482,73
410,58	1464,30
410,80	1482,73
411,01	1370,09
411,23	1478,63
411,44	1421,29
411,65	1468,39
411,87	1476,59
412,08	1456,11
412,30	1558,50
412,51	1505,26
412,72	1593,32
412,94	1515,50
413,15	1447,91
413,37	1474,54
413,58	1394,67
413,79	1464,30
414,01	1427,43
414,22	1478,63
414,44	1468,39
414,65	1443,82
414,86	1447,91
415,08	1456,11
415,29	1404,91
415,51	1380,33
415,72	1447,91
415,93	1478,63
416,15	1413,10
416,36	1413,10
416,58	1435,63
416,79	1431,53
417,00	1458,15
417,22	1527,78
417,43	1376,24
417,65	1439,72
417,86	1476,59
418,07	1454,06
418,29	1437,67
418,50	1525,74
418,71	1431,53
418,93	1386,47
419,14	1400,81
419,36	1374,19
419,57	1406,95
419,78	1509,35
420,00	1398,76
420,21	1482,73
420,42	1533,93
420,64	1419,24
420,85	1415,15
421,06	1443,82
421,28	1509,35
421,49	1423,34
421,71	1578,98
421,92	1482,73
422,13	1531,88
422,35	1515,50
422,56	1454,06
422,77	1388,52
422,99	1486,83
423,20	1382,38
423,41	1421,29
423,63	1429,48
423,84	1370,09
424,05	1497,07
424,27	1460,20
424,48	1417,19
424,69	1466,35
424,91	1683,43
425,12	1370,09
425,33	1464,30
425,55	1462,25
425,76	1425,39
425,97	1441,77
426,19	1460,20
426,40	1468,39
426,61	1443,82
426,83	1427,43
427,04	1464,30
427,25	1484,78
427,47	1488,87
427,68	1476,59
427,89	1531,88
428,11	1470,44
428,32	1468,39
428,53	1402,86
428,75	1376,24
428,96	1402,86
429,17	1445,87
429,39	1402,86
429,60	1470,44
429,81	1396,71
430,03	1464,30
430,24	1378,28
430,45	1497,07
430,67	1513,45
430,88	1523,69
431,09	1456,11
431,30	1443,82
431,52	1458,15
431,73	1378,28
431,94	1425,39
432,16	1505,26
432,37	1449,96
432,58	1355,76
432,80	1421,29
433,01	1390,57
433,22	1445,87
433,43	1409,00
433,65	1445,87
433,86	1380,33
434,07	1341,42
434,29	1466,35
434,50	1400,81
434,71	1478,63
434,92	1501,16
435,14	1474,54
435,35	1452,01
435,56	1429,48
435,77	1433,58
435,99	1402,86
436,20	1445,87
436,41	1480,68
436,63	1423,34
436,84	1484,78
437,05	1441,77
437,26	1441,77
437,48	1505,26
437,69	1476,59
437,90	1431,53
438,11	1482,73
438,33	1386,47
438,54	1497,07
438,75	1333,23
438,96	1519,59
439,18	1376,24
439,39	1437,67
439,60	1443,82
439,82	1349,61
440,03	1437,67
440,24	1431,53
440,45	1394,67
440,67	1466,35
440,88	1476,59
441,09	1435,63
441,30	1435,63
441,51	1505,26
441,73	1384,43
441,94	1409,00
442,15	1447,91
442,36	1464,30
442,58	1445,87
442,79	1456,11
443,00	1447,91
443,21	1566,70
443,43	1468,39
443,64	1439,72
443,85	1488,87
444,06	1462,25
444,28	1443,82
444,49	1449,96
444,70	1423,34
444,91	1546,22
445,12	1576,94
445,34	1359,85
445,55	1525,74
445,76	1392,62
445,97	1447,91
446,18	1460,20
446,40	1511,40
446,61	1390,57
446,82	1353,71
447,03	1437,67
447,25	1398,76
447,46	1447,91
447,67	1406,95
447,88	1470,44
448,09	1464,30
448,31	1482,73
448,52	1376,24
448,73	1566,70
448,94	1417,19
449,15	1527,78
449,37	1447,91
449,58	1470,44
449,79	1419,24
450,00	1591,27
450,21	1486,83
450,43	1495,02
450,64	1449,96
450,85	1423,34
451,06	1525,74
451,27	1550,31
451,48	1378,28
451,70	1402,86
451,91	1439,72
452,12	1427,43
452,33	1488,87
452,54	1488,87
452,76	1462,25
452,97	1462,25
453,18	1476,59
453,39	1472,49
453,60	1554,41
453,81	1425,39
454,03	1396,71
454,24	1464,30
454,45	1337,32
454,66	1402,86
454,87	1419,24
455,08	1431,53
455,30	1531,88
455,51	1495,02
455,72	1472,49
455,93	1478,63
456,14	1425,39
456,35	1404,91
456,56	1449,96
456,78	1396,71
456,99	1501,16
457,20	1503,21
457,41	1374,19
457,62	1456,11
457,83	1533,93
458,04	1413,10
458,26	1437,67
458,47	1507,30
458,68	1415,15
458,89	1462,25
459,10	1302,51
459,31	1517,54
459,52	1501,16
459,74	1435,63
459,95	1447,91
460,16	1435,63
460,37	1523,69
460,58	1503,21
460,79	1404,91
461,00	1527,78
461,21	1398,76
461,43	1554,41
461,64	1452,01
461,85	1419,24
462,06	1490,92
462,27	1402,86
462,48	1468,39
462,69	1531,88
462,90	1439,72
463,12	1454,06
463,33	1507,30
463,54	1486,83
463,75	1562,60
463,96	1521,64
464,17	1476,59
464,38	1435,63
464,59	1488,87
464,80	1415,15
465,01	1392,62
465,23	1402,86
465,44	1413,10
465,65	1482,73
465,86	1413,10
466,07	1355,76
466,28	1488,87
466,49	1611,75
466,70	1538,02
466,91	1476,59
467,12	1409,00
467,33	1456,11
467,55	1460,20
467,76	1503,21
467,97	1470,44
468,18	1411,05
468,39	1402,86
468,60	1499,11
468,81	1492,97
469,02	1404,91
469,23	1435,63
469,44	1349,61
469,65	1396,71
469,86	1431,53
470,07	1398,76
470,29	1507,30
470,50	1423,34
470,71	1511,40
470,92	1538,02
471,13	1474,54
471,34	1443,82
471,55	1478,63
471,76	1406,95
471,97	1443,82
472,18	1503,21
472,39	1499,11
472,60	1474,54
472,81	1499,11
473,02	1400,81
473,23	1429,48
473,44	1443,82
473,65	1495,02
473,87	1458,15
474,08	1394,67
474,29	1388,52
474,50	1525,74
474,71	1486,83
474,92	1564,65
475,13	1417,19
475,34	1531,88
475,55	1472,49
475,76	1452,01
475,97	1538,02
476,18	1417,19
476,39	1421,29
476,60	1509,35
476,81	1486,83
477,02	1441,77
477,23	1482,73
477,44	1521,64
477,65	1488,87
477,86	1495,02
478,07	1480,68
478,28	1443,82
478,49	1468,39
478,70	1581,03
478,91	1425,39
479,12	1441,77
479,33	1413,10
479,54	1497,07
479,75	1554,41
479,96	1460,20
480,17	1505,26
480,38	1400,81
480,59	1402,86
480,80	1513,45
481,01	1456,11
481,22	1384,43
481,43	1535,98
481,64	1533,93
481,85	1495,02
482,06	1460,20
482,27	1419,24
482,48	1490,92
482,69	1513,45
482,90	1517,54
483,11	1505,26
483,32	1562,60
483,53	1456,11
483,74	1488,87
483,95	1439,72
484,16	1423,34
484,37	1427,43
484,58	1456,11
484,79	1480,68
485,00	1472,49
485,21	1411,05
485,42	1497,07
485,63	1523,69
485,84	1462,25
486,05	1454,06
486,26	1390,57
486,47	1570,79
486,68	1480,68
486,89	1452,01
487,10	1523,69
487,31	1513,45
487,52	1464,30
487,73	1540,07
487,94	1468,39
488,15	1458,15
488,36	1476,59
488,57	1406,95
488,77	1503,21
488,98	1492,97
489,19	1525,74
489,40	1513,45
489,61	1499,11
489,82	1527,78
490,03	1499,11
490,24	1357,80
490,45	1460,20
490,66	1454,06
490,87	1482,73
491,08	1417,19
491,29	1482,73
491,50	1452,01
491,71	1437,67
491,92	1419,24
492,13	1466,35
492,33	1413,10
492,54	1468,39
492,75	1435,63
492,96	1435,63
493,17	1529,83
493,38	1441,77
493,59	1480,68
493,80	1599,46
494,01	1366,00
494,22	1538,02
494,43	1435,63
494,64	1452,01
494,85	1456,11
495,05	1392,62
495,26	1533,93
495,47	1501,16
495,68	1441,77
495,89	1492,97
496,10	1456,11
496,31	1492,97
496,52	1495,02
496,73	1535,98
496,94	1447,91
497,15	1503,21
497,35	1527,78
497,56	1490,92
497,77	1390,57
497,98	1466,35
498,19	1460,20
498,40	1464,30
498,61	1492,97
498,82	1429,48
499,03	1423,34
499,23	1474,54
499,44	1507,30
499,65	1535,98
499,86	1429,48
500,07	1429,48
500,28	1482,73
500,49	1425,39
500,70	1507,30
500,91	1490,92
501,11	1452,01
501,32	1540,07
501,53	1501,16
501,74	1482,73
501,95	1476,59
502,16	1490,92
502,37	1423,34
502,57	1423,34
502,78	1550,31
502,99	1488,87
503,20	1474,54
503,41	1425,39
503,62	1443,82
503,83	1558,50
504,03	1566,70
504,24	1454,06
504,45	1447,91
504,66	1398,76
504,87	1486,83
505,08	1462,25
505,29	1421,29
505,49	1400,81
505,70	1501,16
505,91	1464,30
506,12	1474,54
506,33	1585,13
506,54	1447,91
506,75	1546,22
506,95	1378,28
507,16	1519,59
507,37	1449,96
507,58	1546,22
507,79	1462,25
508,00	1419,24
508,20	1468,39
508,41	1454,06
508,62	1474,54
508,83	1521,64
509,04	1409,00
509,24	1552,36
509,45	1775,59
509,66	1517,54
509,87	1382,38
510,08	1488,87
510,29	1568,74
510,49	1552,36
510,70	1462,25
510,91	1388,52
511,12	1470,44
511,33	1439,72
511,53	1452,01
511,74	1474,54
511,95	1449,96
512,16	1542,12
512,37	1499,11
512,57	1363,95
512,78	1464,30
512,99	1429,48
513,20	1572,84
513,41	1515,50
513,61	1400,81
513,82	1525,74
514,03	1495,02
514,24	1488,87
514,45	1495,02
514,65	1470,44
514,86	1456,11
515,07	1392,62
515,28	1470,44
515,49	1542,12
515,69	1540,07
515,90	1400,81
516,11	1548,26
516,32	1535,98
516,52	1431,53
516,73	1492,97
516,94	1527,78
517,15	1558,50
517,36	1439,72
517,56	1513,45
517,77	1476,59
517,98	1535,98
518,19	1449,96
518,39	1523,69
518,60	1476,59
518,81	1501,16
519,02	1400,81
519,22	1398,76
519,43	1554,41
519,64	1458,15
519,85	1392,62
520,05	1564,65
520,26	1409,00
520,47	1509,35
520,68	1359,85
520,88	1509,35
521,09	1468,39
521,30	1601,51
521,51	1449,96
521,71	1486,83
521,92	1427,43
522,13	1462,25
522,34	1525,74
522,54	1460,20
522,75	1462,25
522,96	1509,35
523,17	1447,91
523,37	1540,07
523,58	1495,02
523,79	1525,74
523,99	1523,69
524,20	1466,35
524,41	1458,15
524,62	1597,42
524,82	1525,74
525,03	1406,95
525,24	1419,24
525,45	1441,77
525,65	1472,49
525,86	1544,17
526,07	1460,20
526,27	1511,40
526,48	1474,54
526,69	1480,68
526,90	1484,78
527,10	1482,73
527,31	1468,39
527,52	1490,92
527,72	1513,45
527,93	1495,02
528,14	1345,52
528,34	1431,53
528,55	1339,37
528,76	1503,21
528,97	1435,63
529,17	1466,35
529,38	1470,44
529,59	1486,83
529,79	1423,34
530,00	1495,02
530,21	1478,63
530,41	1466,35
530,62	1386,47
530,83	1583,08
531,03	1554,41
531,24	1464,30
531,45	1456,11
531,65	1562,60
531,86	1452,01
532,07	1574,89
532,27	1456,11
532,48	1472,49
532,69	1531,88
532,89	1454,06
533,10	1533,93
533,31	1488,87
533,51	1406,95
533,72	1413,10
533,93	1454,06
534,13	1540,07
534,34	1437,67
534,55	1544,17
534,75	1468,39
534,96	1546,22
535,17	1386,47
535,37	1433,58
535,58	1482,73
535,79	1468,39
535,99	1433,58
536,20	1505,26
536,41	1484,78
536,61	1486,83
536,82	1521,64
537,03	1427,43
537,23	1468,39
537,44	1474,54
537,64	1376,24
537,85	1462,25
538,06	1523,69
538,26	1486,83
538,47	1501,16
538,68	1509,35
538,88	1431,53
539,09	1437,67
539,30	1443,82
539,50	1538,02
539,71	1542,12
539,91	1482,73
540,12	1468,39
540,33	1492,97
540,53	1529,83
540,74	1386,47
540,94	1546,22
541,15	1449,96
541,36	1351,66
541,56	1480,68
541,77	1517,54
541,98	1542,12
542,18	1492,97
542,39	1554,41
542,59	1495,02
542,80	1486,83
543,01	1419,24
543,21	1501,16
543,42	1398,76
543,62	1474,54
543,83	1411,05
544,04	1503,21
544,24	1433,58
544,45	1468,39
544,65	1456,11
544,86	1513,45
545,06	1509,35
545,27	1476,59
545,48	1400,81
545,68	1482,73
545,89	1447,91
546,09	1454,06
546,30	1562,60
546,51	1490,92
546,71	1454,06
546,92	1435,63
547,12	1456,11
547,33	1472,49
547,53	1402,86
547,74	1517,54
547,95	1417,19
548,15	1509,35
548,36	1527,78
548,56	1548,26
548,77	1425,39
548,97	1525,74
549,18	1419,24
549,39	1458,15
549,59	1486,83
549,80	1482,73
550,00	1431,53
550,21	1464,30
550,41	1476,59
550,62	1480,68
550,82	1437,67
551,03	1417,19
551,23	1429,48
551,44	1484,78
551,65	1435,63
551,85	1486,83
552,06	1443,82
552,26	1480,68
552,47	1427,43
552,67	1458,15
552,88	1447,91
553,08	1421,29
553,29	1527,78
553,49	1476,59
553,70	1464,30
553,90	1581,03
554,11	1464,30
554,32	1464,30
554,52	1558,50
554,73	1511,40
554,93	1454,06
555,14	1466,35
555,34	1480,68
555,55	1505,26
555,75	1509,35
555,96	1535,98
556,16	1456,11
556,37	1542,12
556,57	1409,00
556,78	1499,11
556,98	1515,50
557,19	1470,44
557,39	1437,67
557,60	1437,67
557,80	1382,38
558,01	1476,59
558,21	1576,94
558,42	1443,82
558,62	1445,87
558,83	1505,26
559,03	1396,71
559,24	1501,16
559,44	1468,39
559,65	1449,96
559,85	1476,59
560,06	1503,21
560,26	1394,67
560,47	1486,83
560,67	1583,08
560,88	1482,73
561,08	1503,21
561,29	1560,55
561,49	1439,72
561,70	1523,69
561,90	1386,47
562,10	1472,49
562,31	1509,35
562,51	1423,34
562,72	1419,24
562,92	1531,88
563,13	1449,96
563,33	1468,39
563,54	1443,82
563,74	1576,94
563,95	1413,10
564,15	1513,45
564,36	1468,39
564,56	1388,52
564,76	1380,33
564,97	1466,35
565,17	1472,49
565,38	1474,54
565,58	1441,77
565,79	1468,39
565,99	1531,88
566,20	1454,06
566,40	1495,02
566,60	1529,83
566,81	1570,79
567,01	1488,87
567,22	1497,07
567,42	1472,49
567,63	1513,45
567,83	1458,15
568,04	1507,30
568,24	1492,97
568,44	1552,36
568,65	1505,26
568,85	1478,63
569,06	1501,16
569,26	1552,36
569,47	1488,87
569,67	1437,67
569,87	1468,39
570,08	1482,73
570,28	1535,98
570,49	1427,43
570,69	1437,67
570,89	1554,41
571,10	1480,68
571,30	1511,40
571,51	1484,78
571,71	1482,73
571,91	1605,61
572,12	1468,39
572,32	1564,65
572,53	1519,59
572,73	1419,24
572,93	1517,54
573,14	1542,12
573,34	1492,97
573,55	1466,35
573,75	1497,07
573,95	1478,63
574,16	1556,46
574,36	1488,87
574,57	1533,93
574,77	1497,07
574,97	1515,50
575,18	1462,25
575,38	1449,96
575,59	1501,16
575,79	1439,72
575,99	1492,97
576,20	1574,89
576,40	1509,35
576,60	1482,73
576,81	1499,11
577,01	1515,50
577,22	1564,65
577,42	1488,87
577,62	1499,11
577,83	1464,30
578,03	1525,74
578,23	1357,80
578,44	1497,07
578,64	1544,17
578,84	1478,63
579,05	1411,05
579,25	1546,22
579,45	1452,01
579,66	1443,82
579,86	1476,59
580,07	1409,00
580,27	1527,78
580,47	1431,53
580,68	1488,87
580,88	1523,69
581,08	1361,90
581,29	1482,73
581,49	1507,30
581,69	1464,30
581,90	1499,11
582,10	1501,16
582,30	1562,60
582,51	1478,63
582,71	1447,91
582,91	1419,24
583,12	1492,97
583,32	1472,49
583,52	1429,48
583,73	1499,11
583,93	1540,07
584,13	1464,30
584,34	1394,67
584,54	1486,83
584,74	1492,97
584,94	1503,21
585,15	1406,95
585,35	1523,69
585,55	1488,87
585,76	1476,59
585,96	1452,01
586,16	1509,35
586,37	1439,72
586,57	1394,67
586,77	1447,91
586,98	1535,98
587,18	1468,39
587,38	1509,35
587,58	1400,81
587,79	1509,35
587,99	1497,07
588,19	1452,01
588,40	1482,73
588,60	1490,92
588,80	1472,49
589,00	1515,50
589,21	1466,35
589,41	1515,50
589,61	1462,25
589,82	1523,69
590,02	1464,30
590,22	1478,63
590,42	1456,11
590,63	1531,88
590,83	1478,63
591,03	1462,25
591,23	1529,83
591,44	1499,11
591,64	1513,45
591,84	1441,77
592,05	1548,26
592,25	1597,42
592,45	1499,11
592,65	1576,94
592,86	1486,83
593,06	1499,11
593,26	1523,69
593,46	1507,30
593,67	1468,39
593,87	1474,54
594,07	1556,46
594,27	1478,63
594,48	1476,59
594,68	1492,97
594,88	1535,98
595,08	1486,83
595,29	1581,03
595,49	1458,15
595,69	1505,26
595,89	1466,35
596,10	1544,17
596,30	1519,59
596,50	1470,44
596,70	1441,77
596,90	1499,11
597,11	1374,19
597,31	1402,86
597,51	1429,48
597,71	1542,12
597,92	1542,12
598,12	1466,35
598,32	1562,60
598,52	1425,39
598,72	1540,07
598,93	1509,35
599,13	1558,50
599,33	1533,93
599,53	1560,55
599,74	1474,54
599,94	1484,78
600,14	1484,78
600,34	1429,48
600,54	1521,64
600,75	1525,74
600,95	1472,49
601,15	1454,06
601,35	1452,01
601,55	1415,15
601,76	1488,87
601,96	1605,61
602,16	1460,20
602,36	1578,98
602,56	1433,58
602,76	1341,42
602,97	1474,54
603,17	1529,83
603,37	1462,25
603,57	1419,24
603,77	1421,29
603,98	1503,21
604,18	1488,87
604,38	1511,40
604,58	1386,47
604,78	1454,06
604,98	1513,45
605,19	1538,02
605,39	1490,92
605,59	1591,27
605,79	1490,92
605,99	1517,54
606,19	1484,78
606,40	1509,35
606,60	1519,59
606,80	1505,26
607,00	1490,92
607,20	1484,78
607,40	1525,74
607,61	1509,35
607,81	1523,69
608,01	1525,74
608,21	1517,54
608,41	1509,35
608,61	1456,11
608,81	1386,47
609,02	1415,15
609,22	1562,60
609,42	1517,54
609,62	1484,78
609,82	1554,41
610,02	1501,16
610,22	1439,72
610,43	1470,44
610,63	1445,87
610,83	1540,07
611,03	1513,45
611,23	1517,54
611,43	1634,28
611,63	1513,45
611,83	1398,76
612,04	1503,21
612,24	1570,79
612,44	1533,93
612,64	1499,11
612,84	1437,67
613,04	1544,17
613,24	1497,07
613,44	1511,40
613,64	1488,87
613,85	1552,36
614,05	1548,26
614,25	1443,82
614,45	1501,16
614,65	1521,64
614,85	1466,35
615,05	1421,29
615,25	1578,98
615,45	1402,86
615,65	1406,95
615,86	1593,32
616,06	1558,50
616,26	1531,88
616,46	1542,12
616,66	1431,53
616,86	1517,54
617,06	1439,72
617,26	1533,93
617,46	1552,36
617,66	1480,68
617,86	1501,16
618,07	1425,39
618,27	1548,26
618,47	1492,97
618,67	1501,16
618,87	1509,35
619,07	1517,54
619,27	1517,54
619,47	1415,15
619,67	1511,40
619,87	1497,07
620,07	1574,89
620,27	1585,13
620,47	1484,78
620,67	1499,11
620,87	1560,55
621,07	1564,65
621,28	1531,88
621,48	1517,54
621,68	1511,40
621,88	1507,30
622,08	1470,44
622,28	1468,39
622,48	1556,46
622,68	1533,93
622,88	1482,73
623,08	1593,32
623,28	1609,70
623,48	1464,30
623,68	1499,11
623,88	1525,74
624,08	1568,74
624,28	1431,53
624,48	1533,93
624,68	1419,24
624,88	1503,21
625,08	1521,64
625,28	1601,51
625,48	1546,22
625,68	1490,92
625,88	1525,74
626,08	1495,02
626,28	1552,36
626,48	1447,91
626,68	1419,24
626,88	1470,44
627,08	1548,26
627,28	1609,70
627,48	1558,50
627,68	1499,11
627,88	1464,30
628,08	1404,91
628,28	1501,16
628,49	1591,27
628,68	1519,59
628,88	1525,74
629,08	1542,12
629,28	1574,89
629,48	1499,11
629,68	1529,83
629,88	1538,02
630,08	1550,31
630,28	1529,83
630,48	1591,27
630,68	1492,97
630,88	1513,45
631,08	1415,15
631,28	1615,85
631,48	1458,15
631,68	1564,65
631,88	1535,98
632,08	1535,98
632,28	1513,45
632,48	1572,84
632,68	1624,04
632,88	1556,46
633,08	1558,50
633,28	1511,40
633,48	1488,87
633,68	1568,74
633,88	1550,31
634,08	1628,14
634,28	1495,02
634,48	1521,64
634,68	1488,87
634,88	1562,60
635,08	1513,45
635,28	1617,90
635,48	1578,98
635,68	1492,97
635,87	1519,59
636,07	1519,59
636,27	1599,46
636,47	1525,74
636,67	1472,49
636,87	1560,55
637,07	1558,50
637,27	1628,14
637,47	1538,02
637,67	1521,64
637,87	1447,91
638,07	1593,32
638,27	1515,50
638,47	1646,57
638,67	1476,59
638,86	1617,90
639,06	1468,39
639,26	1562,60
639,46	1492,97
639,66	1597,42
639,86	1601,51
640,06	1546,22
640,26	1589,22
640,46	1495,02
640,66	1538,02
640,86	1521,64
641,06	1488,87
641,25	1548,26
641,45	1566,70
641,65	1435,63
641,85	1484,78
642,05	1570,79
642,25	1488,87
642,45	1523,69
642,65	1548,26
642,85	1472,49
643,05	1458,15
643,24	1578,98
643,44	1564,65
643,64	1558,50
643,84	1474,54
644,04	1599,46
644,24	1484,78
644,44	1585,13
644,64	1517,54
644,84	1517,54
645,03	1456,11
645,23	1562,60
645,43	1525,74
645,63	1587,18
645,83	1482,73
646,03	1492,97
646,23	1497,07
646,42	1685,48
646,62	1550,31
646,82	1480,68
647,02	1560,55
647,22	1517,54
647,42	1497,07
647,62	1552,36
647,82	1429,48
648,01	1665,00
648,21	1550,31
648,41	1597,42
648,61	1607,66
648,81	1673,19
649,01	1466,35
649,20	1533,93
649,40	1538,02
649,60	1583,08
649,80	1460,20
650,00	1529,83
650,20	1511,40
650,40	1558,50
650,59	1529,83
650,79	1535,98
650,99	1521,64
651,19	1574,89
651,39	1458,15
651,58	1546,22
651,78	1597,42
651,98	1568,74
652,18	1513,45
652,38	1529,83
652,58	1495,02
652,77	1497,07
652,97	1638,38
653,17	1619,94
653,37	1593,32
653,57	1554,41
653,77	1484,78
653,96	1574,89
654,16	1523,69
654,36	1595,37
654,56	1540,07
654,76	1595,37
654,95	1464,30
655,15	1538,02
655,35	1542,12
655,55	1533,93
655,75	1568,74
655,94	1521,64
656,14	1472,49
656,34	1583,08
656,54	1562,60
656,73	1554,41
656,93	1574,89
657,13	1685,48
657,33	1566,70
657,53	1611,75
657,72	1587,18
657,92	1587,18
658,12	1458,15
658,32	1554,41
658,52	1478,63
658,71	1548,26
658,91	1533,93
659,11	1587,18
659,31	1619,94
659,50	1542,12
659,70	1533,93
659,90	1621,99
660,10	1554,41
660,29	1527,78
660,49	1626,09
660,69	1523,69
660,89	1613,80
661,08	1562,60
661,28	1488,87
661,48	1583,08
661,68	1480,68
661,87	1562,60
662,07	1558,50
662,27	1550,31
662,47	1562,60
662,66	1531,88
662,86	1474,54
663,06	1538,02
663,26	1464,30
663,45	1546,22
663,65	1570,79
663,85	1554,41
664,05	1570,79
664,24	1558,50
664,44	1546,22
664,64	1519,59
664,84	1523,69
665,03	1570,79
665,23	1521,64
665,43	1466,35
665,62	1540,07
665,82	1560,55
666,02	1556,46
666,22	1572,84
666,41	1542,12
666,61	1650,66
666,81	1552,36
667,00	1554,41
667,20	1572,84
667,40	1585,13
667,60	1589,22
667,79	1476,59
667,99	1505,26
668,19	1554,41
668,38	1482,73
668,58	1505,26
668,78	1562,60
668,97	1667,05
669,17	1527,78
669,37	1605,61
669,57	1490,92
669,76	1628,14
669,96	1560,55
670,16	1484,78
670,35	1570,79
670,55	1529,83
670,75	1576,94
670,94	1558,50
671,14	1585,13
671,34	1597,42
671,53	1521,64
671,73	1605,61
671,93	1574,89
672,12	1626,09
672,32	1486,83
672,52	1501,16
672,71	1513,45
672,91	1556,46
673,11	1478,63
673,30	1462,25
673,50	1562,60
673,70	1542,12
673,89	1423,34
674,09	1517,54
674,29	1562,60
674,48	1548,26
674,68	1538,02
674,88	1452,01
675,07	1527,78
675,27	1529,83
675,46	1505,26
675,66	1507,30
675,86	1533,93
676,05	1529,83
676,25	1517,54
676,45	1638,38
676,64	1515,50
676,84	1538,02
677,04	1509,35
677,23	1613,80
677,43	1470,44
677,62	1558,50
677,82	1525,74
678,02	1513,45
678,21	1497,07
678,41	1560,55
678,61	1562,60
678,80	1501,16
679,00	1544,17
679,19	1562,60
679,39	1599,46
679,59	1507,30
679,78	1488,87
679,98	1554,41
680,17	1419,24
680,37	1544,17
680,57	1550,31
680,76	1576,94
680,96	1550,31
681,16	1460,20
681,35	1550,31
681,55	1630,18
681,74	1488,87
681,94	1529,83
682,13	1492,97
682,33	1501,16
682,53	1472,49
682,72	1560,55
682,92	1505,26
683,11	1525,74
683,31	1497,07
683,51	1570,79
683,70	1527,78
683,90	1560,55
684,09	1593,32
684,29	1546,22
684,48	1554,41
684,68	1441,77
684,88	1603,56
685,07	1570,79
685,27	1562,60
685,46	1531,88
685,66	1605,61
685,85	1574,89
686,05	1617,90
686,25	1581,03
686,44	1540,07
686,64	1527,78
686,83	1501,16
687,03	1658,85
687,22	1540,07
687,42	1535,98
687,61	1542,12
687,81	1517,54
688,01	1585,13
688,20	1558,50
688,40	1490,92
688,59	1540,07
688,79	1558,50
688,98	1576,94
689,18	1585,13
689,37	1574,89
689,57	1597,42
689,76	1624,04
689,96	1533,93
690,15	1615,85
690,35	1568,74
690,54	1603,56
690,74	1531,88
690,94	1576,94
691,13	1568,74
691,33	1613,80
691,52	1556,46
691,72	1658,85
691,91	1542,12
692,11	1617,90
692,30	1589,22
692,50	1654,76
692,69	1540,07
692,89	1601,51
693,08	1456,11
693,28	1628,14
693,47	1480,68
693,67	1638,38
693,86	1531,88
694,06	1628,14
694,25	1583,08
694,45	1574,89
694,64	1535,98
694,84	1562,60
695,03	1554,41
695,23	1507,30
695,42	1546,22
695,62	1634,28
695,81	1576,94
696,01	1587,18
696,20	1540,07
696,40	1535,98
696,59	1525,74
696,78	1548,26
696,98	1533,93
697,17	1591,27
697,37	1538,02
697,56	1538,02
697,76	1593,32
697,95	1535,98
698,15	1552,36
698,34	1603,56
698,54	1527,78
698,73	1642,47
698,93	1433,58
699,12	1591,27
699,32	1513,45
699,51	1499,11
699,70	1478,63
699,90	1535,98
700,09	1488,87
700,29	1503,21
700,48	1525,74
700,68	1497,07
700,87	1476,59
701,07	1593,32
701,26	1546,22
701,45	1449,96
701,65	1499,11
701,84	1474,54
702,04	1435,63
702,23	1486,83
702,43	1452,01
702,62	1519,59
702,81	1497,07
703,01	1497,07
703,20	1525,74
703,40	1421,29
703,59	1466,35
703,79	1417,19
703,98	1484,78
704,17	1492,97
704,37	1478,63
704,56	1443,82
704,76	1466,35
704,95	1435,63
705,14	1394,67
705,34	1402,86
705,53	1443,82
705,73	1345,52
705,92	1441,77
706,11	1497,07
706,31	1353,71
706,50	1460,20
706,70	1435,63
706,89	1468,39
707,08	1421,29
707,28	1468,39
707,47	1427,43
707,67	1476,59
707,86	1484,78
708,05	1404,91
708,25	1335,28
708,44	1470,44
708,64	1472,49
708,83	1417,19
709,02	1380,33
709,22	1460,20
709,41	1452,01
709,60	1480,68
709,80	1439,72
709,99	1538,02
710,19	1437,67
710,38	1509,35
710,57	1415,15
710,77	1294,32
710,96	1366,00
711,15	1394,67
711,35	1421,29
711,54	1447,91
711,73	1388,52
711,93	1380,33
712,12	1376,24
712,31	1429,48
712,51	1458,15
712,70	1325,04
712,89	1366,00
713,09	1431,53
713,28	1386,47
713,48	1497,07
713,67	1411,05
713,86	1394,67
714,06	1384,43
714,25	1398,76
714,44	1419,24
714,64	1452,01
714,83	1394,67
715,02	1359,85
715,22	1517,54
715,41	1433,58
715,60	1396,71
715,79	1439,72
715,99	1427,43
716,18	1402,86
716,37	1452,01
716,57	1378,28
716,76	1464,30
716,95	1484,78
717,15	1390,57
717,34	1423,34
717,53	1382,38
717,73	1488,87
717,92	1429,48
718,11	1509,35
718,31	1404,91
718,50	1353,71
718,69	1255,40
718,88	1550,31
719,08	1413,10
719,27	1386,47
719,46	1533,93
719,66	1462,25
719,85	1490,92
720,04	1460,20
720,23	1437,67
720,43	1402,86
720,62	1363,95
720,81	1347,56
721,01	1413,10
721,20	1466,35
721,39	1394,67
721,58	1431,53
721,78	1462,25
721,97	1425,39
722,16	1384,43
722,35	1345,52
722,55	1406,95
722,74	1402,86
722,93	1480,68
723,13	1458,15
723,32	1400,81
723,51	1368,04
723,70	1353,71
723,90	1376,24
724,09	1368,04
724,28	1429,48
724,47	1351,66
724,67	1466,35
724,86	1357,80
725,05	1423,34
725,24	1503,21
725,44	1456,11
725,63	1349,61
725,82	1333,23
726,01	1368,04
726,21	1388,52
726,40	1374,19
726,59	1474,54
726,78	1349,61
726,97	1368,04
727,17	1392,62
727,36	1505,26
727,55	1368,04
727,74	1370,09
727,94	1429,48
728,13	1449,96
728,32	1363,95
728,51	1396,71
728,70	1400,81
728,90	1372,14
729,09	1433,58
729,28	1368,04
729,47	1492,97
729,66	1413,10
729,86	1447,91
730,05	1411,05
730,24	1470,44
730,43	1433,58
730,63	1452,01
730,82	1449,96
731,01	1456,11
731,20	1406,95
731,39	1490,92
731,58	1390,57
731,78	1452,01
731,97	1396,71
732,16	1382,38
732,35	1452,01
732,54	1370,09
732,74	1503,21
732,93	1277,93
733,12	1406,95
733,31	1409,00
733,50	1413,10
733,69	1460,20
733,89	1558,50
734,08	1402,86
734,27	1400,81
734,46	1482,73
734,65	1427,43
734,84	1400,81
735,04	1425,39
735,23	1429,48
735,42	1419,24
735,61	1277,93
735,80	1359,85
735,99	1509,35
736,19	1470,44
736,38	1325,04
736,57	1415,15
736,76	1419,24
736,95	1425,39
737,14	1370,09
737,33	1368,04
737,53	1452,01
737,72	1411,05
737,91	1413,10
738,10	1454,06
738,29	1380,33
738,48	1474,54
738,67	1427,43
738,87	1503,21
739,06	1462,25
739,25	1415,15
739,44	1308,65
739,63	1433,58
739,82	1400,81
740,01	1431,53
740,20	1339,37
740,40	1433,58
740,59	1417,19
740,78	1439,72
740,97	1394,67
741,16	1390,57
741,35	1456,11
741,54	1445,87
741,73	1380,33
741,92	1398,76
742,12	1376,24
742,31	1398,76
742,50	1435,63
742,69	1476,59
742,88	1507,30
743,07	1378,28
743,26	1413,10
743,45	1409,00
743,64	1443,82
743,83	1415,15
744,02	1468,39
744,22	1398,76
744,41	1474,54
744,60	1419,24
744,79	1472,49
744,98	1458,15
745,17	1433,58
745,36	1435,63
745,55	1495,02
745,74	1435,63
745,93	1431,53
746,12	1505,26
746,31	1394,67
746,50	1423,34
746,70	1449,96
746,89	1474,54
747,08	1396,71
747,27	1478,63
747,46	1409,00
747,65	1523,69
747,84	1509,35
748,03	1443,82
748,22	1339,37
748,41	1519,59
748,60	1509,35
748,79	1433,58
748,98	1480,68
749,17	1445,87
749,36	1394,67
749,55	1388,52
749,74	1376,24
749,93	1511,40
750,12	1452,01
750,31	1458,15
750,50	1466,35
750,70	1339,37
750,89	1480,68
751,08	1556,46
751,27	1470,44
751,46	1431,53
751,65	1492,97
751,84	1445,87
752,03	1390,57
752,22	1460,20
752,41	1482,73
752,60	1423,34
752,79	1546,22
752,98	1482,73
753,17	1445,87
753,36	1476,59
753,55	1423,34
753,74	1409,00
753,93	1484,78
754,12	1460,20
754,31	1581,03
754,50	1535,98
754,69	1535,98
754,88	1411,05
755,07	1386,47
755,26	1380,33
755,45	1488,87
755,64	1425,39
755,83	1621,99
756,02	1419,24
756,21	1482,73
756,40	1470,44
756,59	1456,11
756,78	1470,44
756,97	1488,87
757,16	1517,54
757,35	1476,59
757,54	1406,95
757,72	1468,39
757,91	1486,83
758,10	1468,39
758,29	1439,72
758,48	1490,92
758,67	1519,59
758,86	1513,45
759,05	1474,54
759,24	1454,06
759,43	1546,22
759,62	1456,11
759,81	1517,54
760,00	1527,78
760,19	1447,91
760,38	1560,55
760,57	1497,07
760,76	1521,64
760,95	1544,17
761,14	1439,72
761,33	1421,29
761,52	1458,15
761,70	1464,30
761,89	1464,30
762,08	1411,05
762,27	1533,93
762,46	1546,22
762,65	1546,22
762,84	1484,78
763,03	1499,11
763,22	1581,03
763,41	1566,70
763,60	1501,16
763,79	1495,02
763,98	1529,83
764,16	1556,46
764,35	1572,84
764,54	1501,16
764,73	1572,84
764,92	1484,78
765,11	1691,62
765,30	1599,46
765,49	1435,63
765,68	1587,18
765,87	1605,61
766,06	1544,17
766,24	1599,46
766,43	1486,83
766,62	1570,79
766,81	1474,54
767,00	1517,54
767,19	1476,59
767,38	1585,13
767,57	1443,82
767,76	1562,60
767,94	1587,18
768,13	1517,54
768,32	1548,26
768,51	1499,11
768,70	1581,03
768,89	1609,70
769,08	1523,69
769,27	1552,36
769,45	1488,87
769,64	1585,13
769,83	1447,91
770,02	1581,03
770,21	1605,61
770,40	1570,79
770,59	1568,74
770,77	1527,78
770,96	1550,31
771,15	1630,18
771,34	1476,59
771,53	1685,48
771,72	1585,13
771,91	1540,07
772,09	1611,75
772,28	1538,02
772,47	1533,93
772,66	1621,99
772,85	1611,75
773,04	1556,46
773,22	1550,31
773,41	1634,28
773,60	1607,66
773,79	1619,94
773,98	1558,50
774,17	1562,60
774,35	1566,70
774,54	1562,60
774,73	1621,99
774,92	1597,42
775,11	1527,78
775,30	1701,86
775,48	1556,46
775,67	1603,56
775,86	1603,56
776,05	1683,43
776,24	1687,53
776,42	1646,57
776,61	1621,99
776,80	1562,60
776,99	1560,55
777,18	1615,85
777,36	1648,61
777,55	1576,94
777,74	1599,46
777,93	1636,33
778,12	1572,84
778,30	1691,62
778,49	1566,70
778,68	1667,05
778,87	1660,90
779,06	1603,56
779,24	1652,71
779,43	1644,52
779,62	1517,54
779,81	1570,79
779,99	1550,31
780,18	1605,61
780,37	1615,85
780,56	1574,89
780,75	1593,32
780,93	1720,29
781,12	1552,36
781,31	1642,47
781,50	1634,28
781,68	1503,21
781,87	1558,50
782,06	1599,46
782,25	1574,89
782,43	1658,85
782,62	1505,26
782,81	1601,51
783,00	1564,65
783,18	1556,46
783,37	1566,70
783,56	1613,80
783,75	1662,95
783,93	1617,90
784,12	1533,93
784,31	1591,27
784,50	1609,70
784,68	1636,33
784,87	1533,93
785,06	1611,75
785,24	1644,52
785,43	1634,28
785,62	1548,26
785,81	1591,27
785,99	1607,66
786,18	1550,31
786,37	1558,50
786,56	1507,30
786,74	1499,11
786,93	1521,64
787,12	1576,94
787,30	1535,98
787,49	1548,26
787,68	1452,01
787,87	1507,30
788,05	1562,60
788,24	1513,45
788,43	1495,02
788,61	1587,18
788,80	1472,49
788,99	1484,78
789,17	1550,31
789,36	1523,69
789,55	1501,16
789,73	1486,83
789,92	1445,87
790,11	1511,40
790,30	1382,38
790,48	1484,78
790,67	1495,02
790,86	1460,20
791,04	1492,97
791,23	1535,98
791,42	1513,45
791,60	1378,28
791,79	1562,60
791,98	1476,59
792,16	1519,59
792,35	1460,20
792,54	1478,63
792,72	1486,83
792,91	1574,89
793,10	1435,63
793,28	1452,01
793,47	1462,25
793,66	1437,67
793,84	1443,82
794,03	1484,78
794,22	1529,83
794,40	1476,59
794,59	1413,10
794,77	1447,91
794,96	1384,43
795,15	1501,16
795,33	1429,48
795,52	1519,59
795,71	1388,52
795,89	1429,48
796,08	1517,54
796,27	1476,59
796,45	1386,47
796,64	1413,10
796,82	1456,11
797,01	1406,95
797,20	1497,07
797,38	1433,58
797,57	1404,91
797,76	1470,44
797,94	1449,96
798,13	1497,07
798,31	1347,56
798,50	1392,62
798,69	1503,21
798,87	1374,19
799,06	1433,58
799,24	1384,43
799,43	1464,30
799,62	1382,38
799,80	1423,34
799,99	1523,69
800,17	1333,23
800,36	1415,15
800,55	1484,78
800,73	1372,14
800,92	1417,19
801,10	1398,76
801,29	1431,53
801,48	1501,16
801,66	1454,06
801,85	1386,47
802,03	1433,58
802,22	1458,15
802,40	1437,67
802,59	1404,91
802,78	1349,61
802,96	1419,24
803,15	1423,34
803,33	1402,86
803,52	1464,30
803,70	1449,96
803,89	1392,62
804,08	1431,53
804,26	1435,63
804,45	1488,87
804,63	1437,67
804,82	1507,30
805,00	1415,15
805,19	1484,78
805,37	1421,29
805,56	1513,45
805,74	1409,00
805,93	1429,48
806,12	1433,58
806,30	1439,72
806,49	1472,49
806,67	1486,83
806,86	1439,72
807,04	1492,97
807,23	1490,92
807,41	1374,19
807,60	1470,44
807,78	1437,67
807,97	1753,06
808,15	1384,43
808,34	1411,05
808,52	1462,25
808,71	1454,06
808,89	1394,67
809,08	1423,34
809,27	1468,39
809,45	1404,91
809,64	1478,63
809,82	1392,62
810,01	1431,53
810,19	1472,49
810,38	1404,91
810,56	1404,91
810,75	1447,91
810,93	1396,71
811,12	1368,04
811,30	1458,15
811,49	1382,38
811,67	1523,69
811,85	1454,06
812,04	1482,73
812,22	1388,52
812,41	1390,57
812,59	1468,39
812,78	1341,42
812,96	1413,10
813,15	1421,29
813,33	1456,11
813,52	1458,15
813,70	1380,33
813,89	1421,29
814,07	1507,30
814,26	1368,04
814,44	1472,49
814,63	1421,29
814,81	1404,91
815,00	1435,63
815,18	1386,47
815,36	1413,10
815,55	1357,80
815,73	1439,72
815,92	1535,98
816,10	1550,31
816,29	1484,78
816,47	1406,95
816,66	1482,73
816,84	1452,01
817,02	1470,44
817,21	1425,39
817,39	1394,67
817,58	1435,63
817,76	1443,82
817,95	1415,15
818,13	1417,19
818,32	1478,63
818,50	1447,91
818,68	1386,47
818,87	1480,68
819,05	1417,19
819,24	1466,35
819,42	1480,68
819,60	1443,82
819,79	1435,63
819,97	1464,30
820,16	1386,47
820,34	1472,49
820,53	1378,28
820,71	1439,72
820,89	1517,54
821,08	1462,25
821,26	1447,91
821,45	1398,76
821,63	1435,63
821,81	1447,91
822,00	1533,93
822,18	1476,59
822,37	1499,11
822,55	1523,69
822,73	1497,07
822,92	1578,98
823,10	1439,72
823,28	1480,68
823,47	1482,73
823,65	1554,41
823,84	1447,91
824,02	1492,97
824,20	1458,15
824,39	1495,02
824,57	1499,11
824,75	1517,54
824,94	1521,64
825,12	1525,74
825,31	1511,40
825,49	1492,97
825,67	1507,30
825,86	1490,92
826,04	1482,73
826,22	1560,55
826,41	1566,70
826,59	1517,54
826,77	1482,73
826,96	1554,41
827,14	1488,87
827,32	1462,25
827,51	1484,78
827,69	1544,17
827,87	1476,59
828,06	1572,84
828,24	1441,77
828,42	1540,07
828,61	1587,18
828,79	1550,31
828,97	1556,46
829,16	1495,02
829,34	1435,63
829,52	1517,54
829,71	1566,70
829,89	1507,30
830,07	1513,45
830,26	1472,49
830,44	1478,63
830,62	1597,42
830,81	1525,74
830,99	1501,16
831,17	1492,97
831,36	1466,35
831,54	1593,32
831,72	1560,55
831,91	1484,78
832,09	1495,02
832,27	1533,93
832,45	1613,80
832,64	1503,21
832,82	1601,51
833,00	1501,16
833,19	1484,78
833,37	1574,89
833,55	1468,39
833,73	1468,39
833,92	1538,02
834,10	1538,02
834,28	1564,65
834,47	1615,85
834,65	1513,45
834,83	1511,40
835,01	1533,93
835,20	1480,68
835,38	1630,18
835,56	1488,87
835,74	1544,17
835,93	1683,43
836,11	1652,71
836,29	1531,88
836,47	1642,47
836,66	1634,28
836,84	1595,37
837,02	1572,84
837,21	1619,94
837,39	1484,78
837,57	1607,66
837,75	1556,46
837,94	1597,42
838,12	1636,33
838,30	1476,59
838,48	1505,26
838,66	1566,70
838,85	1642,47
839,03	1540,07
839,21	1669,09
839,39	1480,68
839,58	1499,11
839,76	1685,48
839,94	1583,08
840,12	1660,90
840,31	1699,81
840,49	1667,05
840,67	1718,25
840,85	1581,03
841,03	1617,90
841,22	1550,31
841,40	1685,48
841,58	1605,61
841,76	1570,79
841,94	1572,84
842,13	1685,48
842,31	1642,47
842,49	1621,99
842,67	1591,27
842,85	1742,82
843,04	1691,62
843,22	1697,77
843,40	1642,47
843,58	1665,00
843,76	1578,98
843,95	1724,39
844,13	1660,90
844,31	1619,94
844,49	1650,66
844,67	1605,61
844,86	1660,90
845,04	1630,18
845,22	1665,00
845,40	1593,32
845,58	1742,82
845,76	1658,85
845,95	1712,10
846,13	1718,25
846,31	1751,01
846,49	1675,24
846,67	1617,90
846,85	1705,96
847,04	1734,63
847,22	1673,19
847,40	1669,09
847,58	1628,14
847,76	1691,62
847,94	1718,25
848,12	1718,25
848,31	1753,06
848,49	1673,19
848,67	1712,10
848,85	1703,91
849,03	1710,05
849,21	1716,20
849,39	1724,39
849,58	1703,91
849,76	1712,10
849,94	1705,96
850,12	1701,86
850,30	1730,53
850,48	1714,15
850,66	1800,16
850,84	1708,01
851,03	1644,52
851,21	1705,96
851,39	1722,34
851,57	1757,16
851,75	1640,42
851,93	1720,29
852,11	1685,48
852,29	1697,77
852,47	1734,63
852,66	1775,59
852,84	1619,94
853,02	1773,54
853,20	1820,64
853,38	1839,08
853,56	1843,17
853,74	1765,35
853,92	1667,05
854,10	1685,48
854,28	1677,29
854,46	1708,01
854,65	1718,25
854,83	1695,72
855,01	1789,92
855,19	1783,78
855,37	1652,71
855,55	1775,59
855,73	1751,01
855,91	1687,53
856,09	1765,35
856,27	1810,40
856,45	1773,54
856,63	1755,11
856,81	1705,96
857,00	1777,64
857,18	1802,21
857,36	1751,01
857,54	1808,36
857,72	1800,16
857,90	1746,92
858,08	1863,65
858,26	1777,64
858,44	1720,29
858,62	1816,55
858,80	1763,30
858,98	1794,02
859,16	1738,73
859,34	1769,44
859,52	1804,26
859,70	1812,45
859,88	1816,55
860,06	1761,25
860,24	1728,49
860,42	1794,02
860,60	1712,10
860,78	1710,05
860,96	1771,49
861,14	1689,57
861,32	1789,92
861,50	1767,40
861,69	1773,54
861,87	1775,59
862,05	1830,88
862,23	1722,34
862,41	1736,68
862,59	1705,96
862,77	1746,92
862,95	1705,96
863,13	1814,50
863,31	1710,05
863,49	1685,48
863,67	1665,00
863,85	1746,92
864,03	1716,20
864,21	1671,14
864,39	1736,68
864,57	1734,63
864,75	1708,01
864,92	1843,17
865,10	1669,09
865,28	1691,62
865,46	1771,49
865,64	1771,49
865,82	1804,26
866,00	1667,05
866,18	1757,16
866,36	1691,62
866,54	1822,69
866,72	1734,63
866,90	1712,10
867,08	1658,85
867,26	1691,62
867,44	1642,47
867,62	1669,09
867,80	1679,33
867,98	1841,12
868,16	1751,01
868,34	1779,68
868,52	1726,44
868,70	1677,29
868,88	1714,15
869,06	1675,24
869,24	1787,88
869,42	1675,24
869,59	1654,76
869,77	1710,05
869,95	1685,48
870,13	1681,38
870,31	1679,33
870,49	1667,05
870,67	1546,22
870,85	1601,51
871,03	1779,68
871,21	1828,84
871,39	1789,92
871,57	1691,62
871,75	1708,01
871,92	1726,44
872,10	1671,14
872,28	1679,33
872,46	1675,24
872,64	1613,80
872,82	1687,53
873,00	1683,43
873,18	1673,19
873,36	1671,14
873,54	1677,29
873,72	1617,90
873,89	1691,62
874,07	1636,33
874,25	1822,69
874,43	1695,72
874,61	1765,35
874,79	1566,70
874,97	1738,73
875,15	1695,72
875,33	1646,57
875,50	1599,46
875,68	1624,04
875,86	1732,58
876,04	1734,63
876,22	1624,04
876,40	1642,47
876,58	1562,60
876,76	1695,72
876,93	1740,77
877,11	1587,18
877,29	1748,97
877,47	1841,12
877,65	1689,57
877,83	1697,77
878,01	1646,57
878,18	1642,47
878,36	1605,61
878,54	1673,19
878,72	1640,42
878,90	1626,09
879,08	1681,38
879,25	1695,72
879,43	1705,96
879,61	1710,05
879,79	1642,47
879,97	1677,29
880,15	1578,98
880,32	1658,85
880,50	1644,52
880,68	1722,34
880,86	1660,90
881,04	1644,52
881,22	1714,15
881,39	1654,76
881,57	1812,45
881,75	1654,76
881,93	1677,29
882,11	1730,53
882,28	1685,48
882,46	1652,71
882,64	1703,91
882,82	1646,57
883,00	1712,10
883,18	1697,77
883,35	1669,09
883,53	1708,01
883,71	1677,29
883,89	1701,86
884,07	1648,61
884,24	1681,38
884,42	1613,80
884,60	1574,89
884,78	1710,05
884,95	1699,81
885,13	1624,04
885,31	1677,29
885,49	1538,02
885,67	1710,05
885,84	1621,99
886,02	1656,81
886,20	1642,47
886,38	1595,37
886,55	1619,94
886,73	1662,95
886,91	1675,24
887,09	1568,74
887,26	1630,18
887,44	1617,90
887,62	1675,24
887,80	1671,14
887,98	1683,43
888,15	1658,85
888,33	1638,38
888,51	1640,42
888,69	1636,33
888,86	1599,46
889,04	1552,36
889,22	1550,31
889,39	1677,29
889,57	1558,50
889,75	1572,84
889,93	1615,85
890,10	1603,56
890,28	1656,81
890,46	1621,99
890,64	1640,42
890,81	1456,11
890,99	1546,22
891,17	1587,18
891,34	1624,04
891,52	1533,93
891,70	1578,98
891,88	1511,40
892,05	1533,93
892,23	1538,02
892,41	1587,18
892,58	1476,59
892,76	1607,66
892,94	1521,64
893,12	1587,18
893,29	1538,02
893,47	1556,46
893,65	1495,02
893,82	1527,78
894,00	1640,42
894,18	1529,83
894,35	1558,50
894,53	1589,22
894,71	1482,73
894,89	1492,97
895,06	1486,83
895,24	1499,11
895,42	1468,39
895,59	1527,78
895,77	1386,47
895,95	1640,42
896,12	1484,78
896,30	1505,26
896,48	1513,45
896,65	1554,41
896,83	1511,40
897,01	1443,82
897,18	1515,50
897,36	1550,31
897,54	1484,78
897,71	1566,70
897,89	1525,74
898,07	1464,30
898,24	1413,10
898,42	1501,16
898,59	1517,54
898,77	1427,43
898,95	1398,76
899,12	1546,22
899,30	1449,96
899,48	1449,96
899,65	1546,22
899,83	1533,93
900,01	1441,77
900,18	1533,93
900,36	1513,45
900,53	1421,29
900,71	1513,45
900,89	1550,31
901,06	1452,01
901,24	1538,02
901,42	1566,70
901,59	1474,54
901,77	1482,73
901,94	1497,07
902,12	1404,91
902,30	1499,11
902,47	1548,26
902,65	1433,58
902,82	1460,20
903,00	1503,21
903,18	1433,58
903,35	1427,43
903,53	1452,01
903,70	1521,64
903,88	1417,19
904,06	1599,46
904,23	1511,40
904,41	1456,11
904,58	1515,50
904,76	1525,74
904,93	1449,96
905,11	1480,68
905,29	1468,39
905,46	1443,82
905,64	1607,66
905,81	1378,28
905,99	1419,24
906,16	1515,50
906,34	1437,67
906,52	1513,45
906,69	1423,34
906,87	1523,69
907,04	1535,98
907,22	1462,25
907,39	1521,64
907,57	1466,35
907,75	1499,11
907,92	1478,63
908,10	1634,28
908,27	1433,58
908,45	1447,91
908,62	1458,15
908,80	1470,44
908,97	1413,10
909,15	1488,87
909,32	1480,68
909,50	1544,17
909,67	1452,01
909,85	1480,68
910,03	1497,07
910,20	1427,43
910,38	1511,40
910,55	1429,48
910,73	1574,89
910,90	1445,87
911,08	1585,13
911,25	1517,54
911,43	1544,17
911,60	1437,67
911,78	1546,22
911,95	1523,69
912,13	1478,63
912,30	1433,58
912,48	1503,21
912,65	1411,05
912,83	1472,49
913,00	1509,35
913,18	1529,83
913,35	1466,35
913,53	1406,95
913,70	1517,54
913,88	1503,21
914,05	1503,21
914,23	1492,97
914,40	1527,78
914,58	1486,83
914,75	1478,63
914,93	1501,16
915,10	1523,69
915,27	1542,12
915,45	1505,26
915,62	1456,11
915,80	1521,64
915,97	1513,45
916,15	1513,45
916,32	1693,67
916,50	1609,70
916,67	1501,16
916,85	1505,26
917,02	1482,73
917,20	1505,26
917,37	1548,26
917,54	1636,33
917,72	1495,02
917,89	1581,03
918,07	1566,70
918,24	1552,36
918,42	1445,87
918,59	1439,72
918,77	1507,30
918,94	1525,74
919,11	1550,31
919,29	1515,50
919,46	1509,35
919,64	1562,60
919,81	1501,16
919,99	1445,87
920,16	1570,79
920,33	1554,41
920,51	1546,22
920,68	1562,60
920,86	1441,77
921,03	1480,68
921,20	1454,06
921,38	1552,36
921,55	1531,88
921,73	1470,44
921,90	1503,21
922,07	1447,91
922,25	1492,97
922,42	1552,36
922,60	1439,72
922,77	1560,55
922,94	1482,73
923,12	1503,21
923,29	1570,79
923,47	1480,68
923,64	1533,93
923,81	1513,45
923,99	1466,35
924,16	1634,28
924,34	1552,36
924,51	1472,49
924,68	1689,57
924,86	1523,69
925,03	1492,97
925,20	1509,35
925,38	1566,70
925,55	1609,70
925,72	1548,26
925,90	1542,12
926,07	1517,54
926,25	1546,22
926,42	1497,07
926,59	1507,30
926,77	1535,98
926,94	1525,74
927,11	1503,21
927,29	1499,11
927,46	1552,36
927,63	1574,89
927,81	1499,11
927,98	1492,97
928,15	1574,89
928,33	1597,42
928,50	1456,11
928,67	1611,75
928,85	1513,45
929,02	1492,97
929,19	1566,70
929,37	1605,61
929,54	1521,64
929,71	1552,36
929,89	1523,69
930,06	1517,54
930,23	1546,22
930,41	1552,36
930,58	1544,17
930,75	1533,93
930,92	1564,65
931,10	1554,41
931,27	1517,54
931,44	1581,03
931,62	1552,36
931,79	1482,73
931,96	1591,27
932,14	1507,30
932,31	1558,50
932,48	1540,07
932,65	1525,74
932,83	1544,17
933,00	1574,89
933,17	1564,65
933,35	1619,94
933,52	1658,85
933,69	1501,16
933,86	1607,66
934,04	1503,21
934,21	1531,88
934,38	1560,55
934,55	1505,26
934,73	1464,30
934,90	1562,60
935,07	1511,40
935,25	1693,67
935,42	1519,59
935,59	1466,35
935,76	1509,35
935,94	1531,88
936,11	1585,13
936,28	1585,13
936,45	1570,79
936,63	1529,83
936,80	1464,30
936,97	1558,50
937,14	1617,90
937,31	1599,46
937,49	1603,56
937,66	1613,80
937,83	1544,17
938,00	1458,15
938,18	1587,18
938,35	1546,22
938,52	1546,22
938,69	1544,17
938,87	1540,07
939,04	1570,79
939,21	1544,17
939,38	1611,75
939,55	1486,83
939,73	1533,93
939,90	1570,79
940,07	1546,22
940,24	1632,23
940,41	1515,50
940,59	1523,69
940,76	1452,01
940,93	1480,68
941,10	1441,77
941,27	1578,98
941,45	1589,22
941,62	1554,41
941,79	1501,16
941,96	1509,35
942,13	1718,25
942,31	1558,50
942,48	1564,65
942,65	1703,91
942,82	1566,70
942,99	1589,22
943,16	1628,14
943,34	1597,42
943,51	1531,88
943,68	1462,25
943,85	1513,45
944,02	1581,03
944,19	1452,01
944,37	1581,03
944,54	1480,68
944,71	1538,02
944,88	1642,47
945,05	1509,35
945,22	1488,87
945,40	1538,02
945,57	1464,30
945,74	1521,64
945,91	1476,59
946,08	1568,74
946,25	1550,31
946,42	1607,66
946,60	1515,50
946,77	1636,33
946,94	1576,94
947,11	1587,18
947,28	1468,39
947,45	1544,17
947,62	1578,98
947,79	1591,27
947,97	1554,41
948,14	1533,93
948,31	1572,84
948,48	1617,90
948,65	1519,59
948,82	1488,87
948,99	1484,78
949,16	1527,78
949,33	1492,97
949,51	1556,46
949,68	1548,26
949,85	1562,60
950,02	1476,59
950,19	1542,12
950,36	1542,12
950,53	1435,63
950,70	1425,39
950,87	1488,87
951,04	1484,78
951,22	1593,32
951,39	1538,02
951,56	1492,97
951,73	1497,07
951,90	1468,39
952,07	1501,16
952,24	1470,44
952,41	1507,30
952,58	1566,70
952,75	1468,39
952,92	1492,97
953,09	1464,30
953,26	1482,73
953,43	1425,39
953,61	1525,74
953,78	1550,31
953,95	1445,87
954,12	1462,25
954,29	1464,30
954,46	1435,63
954,63	1462,25
954,80	1525,74
954,97	1406,95
955,14	1501,16
955,31	1458,15
955,48	1472,49
955,65	1413,10
955,82	1441,77
955,99	1523,69
956,16	1460,20
956,33	1492,97
956,50	1439,72
956,67	1382,38
956,84	1460,20
957,01	1445,87
957,18	1521,64
957,35	1460,20
957,52	1415,15
957,69	1525,74
957,86	1456,11
958,03	1480,68
958,20	1480,68
958,37	1501,16
958,54	1507,30
958,71	1480,68
958,88	1540,07
959,05	1458,15
959,22	1409,00
959,39	1441,77
959,56	1441,77
959,73	1439,72
959,90	1499,11
960,07	1447,91
960,24	1460,20
960,41	1439,72
960,58	1538,02
960,75	1435,63
960,92	1474,54
961,09	1441,77
961,26	1550,31
961,43	1417,19
961,60	1431,53
961,77	1460,20
961,94	1474,54
962,11	1423,34
962,28	1554,41
962,45	1495,02
962,62	1492,97
962,79	1443,82
962,96	1443,82
963,13	1464,30
963,30	1490,92
963,47	1392,62
963,64	1388,52
963,81	1533,93
963,98	1390,57
964,14	1452,01
964,31	1509,35
964,48	1472,49
964,65	1492,97
964,82	1394,67
964,99	1552,36
965,16	1439,72
965,33	1482,73
965,50	1406,95
965,67	1544,17
965,84	1388,52
966,01	1443,82
966,18	1488,87
966,35	1439,72
966,51	1511,40
966,68	1441,77
966,85	1464,30
967,02	1460,20
967,19	1468,39
967,36	1447,91
967,53	1341,42
967,70	1517,54
967,87	1486,83
968,04	1378,28
968,21	1449,96
968,37	1474,54
968,54	1363,95
968,71	1431,53
968,88	1388,52
969,05	1421,29
969,22	1398,76
969,39	1470,44
969,56	1415,15
969,72	1488,87
969,89	1402,86
970,06	1538,02
970,23	1505,26
970,40	1521,64
970,57	1388,52
970,74	1513,45
970,91	1327,08
971,07	1474,54
971,24	1454,06
971,41	1578,98
971,58	1474,54
971,75	1454,06
971,92	1411,05
972,09	1394,67
972,25	1415,15
972,42	1464,30
972,59	1382,38
972,76	1392,62
972,93	1415,15
973,10	1478,63
973,27	1488,87
973,43	1411,05
973,60	1310,70
973,77	1464,30
973,94	1345,52
974,11	1370,09
974,28	1464,30
974,44	1388,52
974,61	1499,11
974,78	1406,95
974,95	1382,38
975,12	1413,10
975,28	1501,16
975,45	1372,14
975,62	1406,95
975,79	1411,05
975,96	1306,60
976,12	1380,33
976,29	1429,48
976,46	1370,09
976,63	1409,00
976,80	1425,39
976,96	1462,25
977,13	1404,91
977,30	1411,05
977,47	1429,48
977,64	1394,67
977,80	1419,24
977,97	1452,01
978,14	1505,26
978,31	1429,48
978,48	1398,76
978,64	1458,15
978,81	1404,91
978,98	1443,82
979,15	1431,53
979,31	1421,29
979,48	1402,86
979,65	1425,39
979,82	1472,49
979,98	1363,95
980,15	1472,49
980,32	1484,78
980,49	1394,67
980,66	1396,71
980,82	1447,91
980,99	1431,53
981,16	1464,30
981,33	1449,96
981,49	1382,38
981,66	1431,53
981,83	1458,15
981,99	1415,15
982,16	1509,35
982,33	1372,14
982,50	1413,10
982,66	1435,63
982,83	1339,37
983,00	1411,05
983,17	1390,57
983,33	1470,44
983,50	1372,14
983,67	1449,96
983,83	1310,70
984,00	1396,71
984,17	1460,20
984,34	1456,11
984,50	1368,04
984,67	1499,11
984,84	1466,35
985,00	1415,15
985,17	1441,77
985,34	1339,37
985,51	1376,24
985,67	1390,57
985,84	1497,07
986,01	1394,67
986,17	1454,06
986,34	1411,05
986,51	1374,19
986,67	1386,47
986,84	1400,81
987,01	1284,08
987,17	1447,91
987,34	1437,67
987,51	1372,14
987,67	1386,47
987,84	1431,53
988,01	1435,63
988,17	1404,91
988,34	1380,33
988,51	1439,72
988,67	1435,63
988,84	1390,57
989,01	1380,33
989,17	1433,58
989,34	1400,81
989,51	1357,80
989,67	1413,10
989,84	1488,87
990,01	1503,21
990,17	1462,25
990,34	1380,33
990,51	1464,30
990,67	1427,43
990,84	1394,67
991,01	1433,58
991,17	1386,47
991,34	1368,04
991,50	1363,95
991,67	1404,91
991,84	1318,89
992,00	1427,43
992,17	1423,34
992,34	1417,19
992,50	1476,59
992,67	1384,43
992,83	1415,15
993,00	1386,47
993,17	1341,42
993,33	1384,43
993,50	1454,06
993,66	1445,87
993,83	1431,53
994,00	1349,61
994,16	1396,71
994,33	1398,76
994,49	1464,30
994,66	1411,05
994,83	1386,47
994,99	1388,52
995,16	1361,90
995,32	1390,57
995,49	1495,02
995,66	1400,81
995,82	1427,43
995,99	1423,34
996,15	1452,01
996,32	1363,95
996,48	1443,82
996,65	1460,20
996,82	1568,74
996,98	1390,57
997,15	1402,86
997,31	1454,06
997,48	1363,95
997,64	1368,04
997,81	1544,17
997,97	1347,56
998,14	1433,58
998,31	1411,05
998,47	1394,67
998,64	1460,20
998,80	1425,39
998,97	1499,11
999,13	1443,82
999,30	1363,95
999,46	1439,72
999,63	1267,69
999,79	1325,04
999,96	1458,15
1000,12	1406,95
1000,29	1392,62
1000,45	1394,67
1000,62	1333,23
1000,79	1462,25
1000,95	1337,32
1001,12	1374,19
1001,28	1378,28
1001,45	1366,00
1001,61	1462,25
1001,78	1433,58
1001,94	1478,63
1002,11	1589,22
1002,27	1392,62
1002,44	1452,01
1002,60	1484,78
1002,77	1529,83
1002,93	1419,24
1003,10	1355,76
1003,26	1411,05
1003,43	1478,63
1003,59	1411,05
1003,76	1314,80
1003,92	1413,10
1004,09	1429,48
1004,25	1378,28
1004,41	1488,87
1004,58	1396,71
1004,74	1388,52
1004,91	1411,05
1005,07	1382,38
1005,24	1488,87
1005,40	1406,95
1005,57	1427,43
1005,73	1413,10
1005,90	1357,80
1006,06	1476,59
1006,23	1441,77
1006,39	1402,86
1006,55	1382,38
1006,72	1456,11
1006,88	1370,09
1007,05	1368,04
1007,21	1419,24
1007,38	1449,96
1007,54	1425,39
1007,71	1439,72
1007,87	1355,76
1008,03	1439,72
1008,20	1409,00
1008,36	1441,77
1008,53	1425,39
1008,69	1425,39
1008,86	1439,72
1009,02	1320,94
1009,18	1515,50
1009,35	1396,71
1009,51	1376,24
1009,68	1470,44
1009,84	1388,52
1010,01	1433,58
1010,17	1335,28
1010,33	1445,87
1010,50	1460,20
1010,66	1439,72
1010,83	1343,47
1010,99	1441,77
1011,15	1382,38
1011,32	1406,95
1011,48	1423,34
1011,65	1406,95
1011,81	1413,10
1011,97	1441,77
1012,14	1484,78
1012,30	1409,00
1012,46	1404,91
1012,63	1464,30
1012,79	1386,47
1012,96	1370,09
1013,12	1476,59
1013,28	1449,96
1013,45	1402,86
1013,61	1431,53
1013,77	1382,38
1013,94	1376,24
1014,10	1392,62
1014,26	1411,05
1014,43	1409,00
1014,59	1335,28
1014,76	1449,96
1014,92	1482,73
1015,08	1376,24
1015,25	1380,33
1015,41	1366,00
1015,57	1470,44
1015,74	1355,76
1015,90	1406,95
1016,06	1325,04
1016,23	1437,67
1016,39	1368,04
1016,55	1447,91
1016,72	1411,05
1016,88	1396,71
1017,04	1337,32
1017,21	1402,86
1017,37	1263,60
1017,53	1433,58
1017,70	1400,81
1017,86	1402,86
1018,02	1388,52
1018,19	1474,54
1018,35	1378,28
1018,51	1488,87
1018,67	1421,29
1018,84	1417,19
1019,00	1404,91
1019,16	1425,39
1019,33	1441,77
1019,49	1486,83
1019,65	1394,67
1019,82	1394,67
1019,98	1452,01
1020,14	1392,62
1020,30	1425,39
1020,47	1435,63
1020,63	1525,74
1020,79	1355,76
1020,96	1386,47
1021,12	1366,00
1021,28	1376,24
1021,44	1366,00
1021,61	1419,24
1021,77	1449,96
1021,93	1445,87
1022,09	1443,82
1022,26	1529,83
1022,42	1431,53
1022,58	1454,06
1022,74	1396,71
1022,91	1406,95
1023,07	1394,67
1023,23	1454,06
1023,39	1460,20
1023,56	1366,00
1023,72	1437,67
1023,88	1353,71
1024,04	1445,87
1024,21	1411,05
1024,37	1396,71
1024,53	1470,44
1024,69	1396,71
1024,86	1382,38
1025,02	1349,61
1025,18	1425,39
1025,34	1417,19
1025,50	1460,20
1025,67	1396,71
1025,83	1472,49
1025,99	1419,24
1026,15	1443,82
1026,32	1437,67
1026,48	1417,19
1026,64	1431,53
1026,80	1417,19
1026,96	1357,80
1027,13	1406,95
1027,29	1411,05
1027,45	1376,24
1027,61	1368,04
1027,77	1349,61
1027,94	1380,33
1028,10	1464,30
1028,26	1372,14
1028,42	1406,95
1028,58	1423,34
1028,75	1374,19
1028,91	1374,19
1029,07	1425,39
1029,23	1388,52
1029,39	1392,62
1029,55	1396,71
1029,72	1441,77
1029,88	1474,54
1030,04	1359,85
1030,20	1452,01
1030,36	1382,38
1030,52	1363,95
1030,69	1472,49
1030,85	1415,15
1031,01	1415,15
1031,17	1413,10
1031,33	1447,91
1031,49	1421,29
1031,65	1466,35
1031,82	1409,00
1031,98	1415,15
1032,14	1402,86
1032,30	1460,20
1032,46	1495,02
1032,62	1409,00
1032,78	1437,67
1032,95	1376,24
1033,11	1488,87
1033,27	1363,95
1033,43	1425,39
1033,59	1400,81
1033,75	1415,15
1033,91	1447,91
1034,07	1437,67
1034,24	1425,39
1034,40	1355,76
1034,56	1400,81
1034,72	1447,91
1034,88	1454,06
1035,04	1353,71
1035,20	1368,04
1035,36	1355,76
1035,52	1406,95
1035,68	1286,12
1035,85	1357,80
1036,01	1423,34
1036,17	1521,64
1036,33	1449,96
1036,49	1337,32
1036,65	1425,39
1036,81	1370,09
1036,97	1415,15
1037,13	1359,85
1037,29	1357,80
1037,45	1441,77
1037,61	1374,19
1037,78	1431,53
1037,94	1388,52
1038,10	1402,86
1038,26	1394,67
1038,42	1384,43
1038,58	1470,44
1038,74	1435,63
1038,90	1394,67
1039,06	1427,43
1039,22	1363,95
1039,38	1320,94
1039,54	1355,76
1039,70	1413,10
1039,86	1392,62
1040,02	1386,47
1040,18	1468,39
1040,34	1380,33
1040,50	1392,62
1040,66	1470,44
1040,83	1370,09
1040,99	1429,48
1041,15	1490,92
1041,31	1419,24
1041,47	1470,44
1041,63	1417,19
1041,79	1413,10
1041,95	1499,11
1042,11	1359,85
1042,27	1429,48
1042,43	1370,09
1042,59	1396,71
1042,75	1349,61
1042,91	1466,35
