344,25	1271,79
344,46	1271,79
344,68	1271,79
344,90	1286,12
345,12	1247,21
345,34	1449,96
345,55	1431,53
345,77	1368,04
345,99	1388,52
346,21	1386,47
346,42	1388,52
346,64	1388,52
346,86	1394,67
347,08	1390,57
347,30	1376,24
347,51	1392,62
347,73	1533,93
347,95	1421,29
348,17	1361,90
348,38	1402,86
348,60	1421,29
348,82	1472,49
349,04	1443,82
349,25	1419,24
349,47	1454,06
349,69	1439,72
349,91	1591,27
350,13	1476,59
350,34	1435,63
350,56	1386,47
350,78	1423,34
351,00	1355,76
351,21	1435,63
351,43	1409,00
351,65	1390,57
351,87	1449,96
352,08	1392,62
352,30	1396,71
352,52	1376,24
352,74	1423,34
352,95	1449,96
353,17	1372,14
353,39	1361,90
353,61	1533,93
353,82	1413,10
354,04	1406,95
354,26	1435,63
354,47	1468,39
354,69	1443,82
354,91	1380,33
355,13	1380,33
355,34	1447,91
355,56	1406,95
355,78	1388,52
356,00	1456,11
356,21	1376,24
356,43	1527,78
356,65	1497,07
356,86	1460,20
357,08	1519,59
357,30	1480,68
357,52	1429,48
357,73	1402,86
357,95	1417,19
358,17	1501,16
358,38	1445,87
358,60	1462,25
358,82	1452,01
359,04	1486,83
359,25	1521,64
359,47	1552,36
359,69	1507,30
359,90	1449,96
360,12	1499,11
360,34	1415,15
360,56	1509,35
360,77	1540,07
360,99	1513,45
361,21	1486,83
361,42	1478,63
361,64	1566,70
361,86	1548,26
362,07	1488,87
362,29	1488,87
362,51	1462,25
362,73	1570,79
362,94	1486,83
363,16	1490,92
363,38	1431,53
363,59	1626,09
363,81	1492,97
364,03	1566,70
364,24	1513,45
364,46	1521,64
364,68	1578,98
364,89	1480,68
365,11	1507,30
365,33	1535,98
365,54	1589,22
365,76	1597,42
365,98	1613,80
366,19	1605,61
366,41	1677,29
366,63	1595,37
366,84	1556,46
367,06	1433,58
367,28	1589,22
367,49	1558,50
367,71	1513,45
367,93	1564,65
368,14	1589,22
368,36	1597,42
368,58	1497,07
368,79	1531,88
369,01	1716,20
369,23	1708,01
369,44	1570,79
369,66	1513,45
369,88	1576,94
370,09	1472,49
370,31	1509,35
370,53	1538,02
370,74	1521,64
370,96	1507,30
371,18	1556,46
371,39	1572,84
371,61	1497,07
371,82	1568,74
372,04	1544,17
372,26	1576,94
372,47	1503,21
372,69	1554,41
372,91	1654,76
373,12	1562,60
373,34	1593,32
373,56	1480,68
373,77	1503,21
373,99	1550,31
374,20	1542,12
374,42	1521,64
374,64	1621,99
374,85	1482,73
375,07	1609,70
375,29	1501,16
375,50	1585,13
375,72	1490,92
375,93	1452,01
376,15	1435,63
376,37	1529,83
376,58	1513,45
376,80	1578,98
377,01	1417,19
377,23	1566,70
377,45	1396,71
377,66	1538,02
377,88	1558,50
378,10	1474,54
378,31	1447,91
378,53	1564,65
378,74	1499,11
378,96	1535,98
379,18	1558,50
379,39	1505,26
379,61	1460,20
379,82	1419,24
380,04	1495,02
380,26	1525,74
380,47	1449,96
380,69	1603,56
380,90	1523,69
381,12	1386,47
381,33	1458,15
381,55	1445,87
381,77	1501,16
381,98	1538,02
382,20	1361,90
382,41	1411,05
382,63	1447,91
382,85	1454,06
383,06	1492,97
383,28	1525,74
383,49	1488,87
383,71	1480,68
383,92	1431,53
384,14	1449,96
384,36	1394,67
384,57	1449,96
384,79	1357,80
385,00	1548,26
385,22	1490,92
385,43	1413,10
385,65	1458,15
385,87	1421,29
386,08	1447,91
386,30	1452,01
386,51	1394,67
386,73	1484,78
386,94	1413,10
387,16	1535,98
387,37	1480,68
387,59	1452,01
387,81	1492,97
388,02	1411,05
388,24	1449,96
388,45	1404,91
388,67	1462,25
388,88	1456,11
389,10	1437,67
389,31	1529,83
389,53	1441,77
389,75	1531,88
389,96	1445,87
390,18	1478,63
390,39	1445,87
390,61	1544,17
390,82	1425,39
391,04	1499,11
391,25	1462,25
391,47	1478,63
391,68	1452,01
391,90	1503,21
392,11	1460,20
392,33	1499,11
392,54	1413,10
392,76	1372,14
392,97	1396,71
393,19	1482,73
393,41	1482,73
393,62	1445,87
393,84	1417,19
394,05	1478,63
394,27	1439,72
394,48	1488,87
394,70	1503,21
394,91	1435,63
395,13	1546,22
395,34	1497,07
395,56	1447,91
395,77	1505,26
395,99	1482,73
396,20	1560,55
396,42	1499,11
396,63	1462,25
396,85	1435,63
397,06	1509,35
397,28	1456,11
397,49	1550,31
397,71	1486,83
397,92	1509,35
398,14	1521,64
398,35	1679,33
398,57	1538,02
398,78	1570,79
399,00	1542,12
399,21	1437,67
399,43	1443,82
399,64	1517,54
399,86	1533,93
400,07	1535,98
400,29	1501,16
400,50	1548,26
400,72	1581,03
400,93	1578,98
401,14	1511,40
401,36	1529,83
401,57	1468,39
401,79	1597,42
402,00	1458,15
402,22	1570,79
402,43	1581,03
402,65	1507,30
402,86	1433,58
403,08	1564,65
403,29	1581,03
403,51	1552,36
403,72	1609,70
403,94	1554,41
404,15	1581,03
404,36	1488,87
404,58	1746,92
404,79	1572,84
405,01	1550,31
405,22	1560,55
405,44	1509,35
405,65	1591,27
405,87	1464,30
406,08	1521,64
406,30	1478,63
406,51	1480,68
406,72	1568,74
406,94	1556,46
407,15	1601,51
407,37	1634,28
407,58	1505,26
407,80	1552,36
408,01	1505,26
408,23	1482,73
408,44	1486,83
408,65	1433,58
408,87	1550,31
409,08	1529,83
409,30	1548,26
409,51	1470,44
409,73	1505,26
409,94	1505,26
410,15	1578,98
410,37	1538,02
410,58	1470,44
410,80	1529,83
411,01	1480,68
411,23	1460,20
411,44	1476,59
411,65	1585,13
411,87	1470,44
412,08	1552,36
412,30	1566,70
412,51	1556,46
412,72	1558,50
412,94	1581,03
413,15	1495,02
413,37	1464,30
413,58	1552,36
413,79	1458,15
414,01	1529,83
414,22	1572,84
414,44	1525,74
414,65	1546,22
414,86	1507,30
415,08	1517,54
415,29	1492,97
415,51	1409,00
415,72	1486,83
415,93	1470,44
416,15	1472,49
416,36	1533,93
416,58	1501,16
416,79	1587,18
417,00	1486,83
417,22	1546,22
417,43	1533,93
417,65	1568,74
417,86	1466,35
418,07	1509,35
418,29	1503,21
418,50	1497,07
418,71	1470,44
418,93	1419,24
419,14	1517,54
419,36	1478,63
419,57	1560,55
419,78	1519,59
420,00	1411,05
420,21	1617,90
420,42	1652,71
420,64	1542,12
420,85	1452,01
421,06	1511,40
421,28	1615,85
421,49	1472,49
421,71	1570,79
421,92	1511,40
422,13	1583,08
422,35	1613,80
422,56	1544,17
422,77	1531,88
422,99	1578,98
423,20	1511,40
423,41	1554,41
423,63	1566,70
423,84	1529,83
424,05	1644,52
424,27	1478,63
424,48	1599,46
424,69	1617,90
424,91	1791,97
425,12	1507,30
425,33	1495,02
425,55	1587,18
425,76	1578,98
425,97	1630,18
426,19	1558,50
426,40	1511,40
426,61	1581,03
426,83	1583,08
427,04	1595,37
427,25	1548,26
427,47	1683,43
427,68	1634,28
427,89	1640,42
428,11	1513,45
428,32	1529,83
428,53	1542,12
428,75	1591,27
428,96	1658,85
429,17	1517,54
429,39	1527,78
429,60	1572,84
429,81	1634,28
430,03	1624,04
430,24	1529,83
430,45	1572,84
430,67	1691,62
430,88	1675,24
431,09	1570,79
431,30	1634,28
431,52	1574,89
431,73	1544,17
431,94	1599,46
432,16	1554,41
432,37	1574,89
432,58	1595,37
432,80	1564,65
433,01	1603,56
433,22	1511,40
433,43	1611,75
433,65	1578,98
433,86	1613,80
434,07	1535,98
434,29	1576,94
434,50	1433,58
434,71	1507,30
434,92	1554,41
435,14	1587,18
435,35	1562,60
435,56	1538,02
435,77	1591,27
435,99	1513,45
436,20	1613,80
436,41	1470,44
436,63	1517,54
436,84	1576,94
437,05	1480,68
437,26	1560,55
437,48	1548,26
437,69	1535,98
437,90	1566,70
438,11	1499,11
438,33	1501,16
438,54	1531,88
438,75	1566,70
438,96	1538,02
439,18	1513,45
439,39	1566,70
439,60	1554,41
439,82	1585,13
440,03	1630,18
440,24	1589,22
440,45	1538,02
440,67	1492,97
440,88	1540,07
441,09	1572,84
441,30	1605,61
441,51	1566,70
441,73	1474,54
441,94	1523,69
442,15	1488,87
442,36	1552,36
442,58	1533,93
442,79	1447,91
443,00	1480,68
443,21	1658,85
443,43	1476,59
443,64	1499,11
443,85	1566,70
444,06	1578,98
444,28	1542,12
444,49	1456,11
444,70	1435,63
444,91	1597,42
445,12	1630,18
445,34	1652,71
445,55	1599,46
445,76	1533,93
445,97	1523,69
446,18	1605,61
446,40	1632,23
446,61	1634,28
446,82	1560,55
447,03	1605,61
447,25	1564,65
447,46	1576,94
447,67	1662,95
447,88	1562,60
448,09	1554,41
448,31	1660,90
448,52	1503,21
448,73	1677,29
448,94	1538,02
449,15	1632,23
449,37	1589,22
449,58	1644,52
449,79	1621,99
450,00	1755,11
450,21	1587,18
450,43	1615,85
450,64	1570,79
450,85	1671,14
451,06	1597,42
451,27	1615,85
451,48	1544,17
451,70	1648,61
451,91	1665,00
452,12	1617,90
452,33	1736,68
452,54	1640,42
452,76	1675,24
452,97	1783,78
453,18	1691,62
453,39	1708,01
453,60	1679,33
453,81	1714,15
454,03	1716,20
454,24	1755,11
454,45	1611,75
454,66	1691,62
454,87	1701,86
455,08	1734,63
455,30	1716,20
455,51	1699,81
455,72	1718,25
455,93	1691,62
456,14	1650,66
456,35	1730,53
456,56	1748,97
456,78	1748,97
456,99	1753,06
457,20	1818,60
457,41	1695,72
457,62	1732,58
457,83	1800,16
458,04	1779,68
458,26	1802,21
458,47	1742,82
458,68	1806,31
458,89	1779,68
459,10	1769,44
459,31	1785,83
459,52	1839,08
459,74	1724,39
459,95	1767,40
460,16	1705,96
460,37	1806,31
460,58	1818,60
460,79	1763,30
461,00	1902,56
461,21	1742,82
461,43	1804,26
461,64	1820,64
461,85	1699,81
462,06	1650,66
462,27	1710,05
462,48	1834,98
462,69	1853,41
462,90	1820,64
463,12	1892,32
463,33	1781,73
463,54	1765,35
463,75	1802,21
463,96	1849,32
464,17	1875,94
464,38	1818,60
464,59	1898,47
464,80	1779,68
465,01	1748,97
465,23	1888,23
465,44	1769,44
465,65	1806,31
465,86	1816,55
466,07	1781,73
466,28	1820,64
466,49	1863,65
466,70	1925,09
466,91	1988,58
467,12	1808,36
467,33	1804,26
467,55	1787,88
467,76	1839,08
467,97	1873,89
468,18	1964,00
468,39	1894,37
468,60	2023,39
468,81	1959,91
469,02	1867,75
469,23	2011,11
469,44	1800,16
469,65	1953,76
469,86	1959,91
470,07	1882,08
470,29	2095,07
470,50	2076,64
470,71	1957,86
470,92	2013,15
471,13	2090,98
471,34	2007,01
471,55	2019,30
471,76	2041,82
471,97	2015,20
472,18	2007,01
472,39	2058,21
472,60	2043,87
472,81	2097,12
473,02	2133,98
473,23	2181,09
473,44	2123,74
473,65	2090,98
473,87	2189,28
474,08	2129,89
474,29	2176,99
474,50	2213,85
474,71	2176,99
474,92	2152,42
475,13	2199,52
475,34	2201,57
475,55	2195,42
475,76	2260,96
475,97	2232,29
476,18	2228,19
476,39	2291,68
476,60	2211,81
476,81	2260,96
477,02	2420,70
477,23	2250,72
477,44	2473,95
477,65	2332,64
477,86	2379,74
478,07	2410,46
478,28	2351,07
478,49	2420,70
478,70	2351,07
478,91	2469,85
479,12	2387,93
479,33	2459,61
479,54	2375,64
479,75	2562,01
479,96	2555,86
480,17	2475,99
480,38	2414,56
480,59	2492,38
480,80	2475,99
481,01	2602,97
481,22	2645,98
481,43	2674,65
481,64	2508,76
481,85	2645,98
482,06	2609,11
482,27	2711,51
482,48	2699,22
482,69	2770,90
482,90	2709,46
483,11	2881,49
483,32	2639,83
483,53	2854,87
483,74	2713,56
483,95	2871,25
484,16	2639,83
484,37	2955,22
484,58	2729,94
484,79	2912,21
485,00	2717,65
485,21	2926,55
485,42	2871,25
485,63	3153,87
485,84	2936,79
486,05	2977,75
486,26	2815,96
486,47	3071,95
486,68	2959,31
486,89	3106,77
487,10	3000,27
487,31	2990,03
487,52	2977,75
487,73	3262,41
487,94	2879,44
488,15	3170,26
488,36	2928,60
488,57	2996,18
488,77	3033,04
488,98	3160,02
489,19	3022,80
489,40	3276,75
489,61	2897,88
489,82	3188,69
490,03	3096,53
490,24	3043,28
490,45	3006,42
490,66	3305,42
490,87	2965,46
491,08	3151,82
491,29	3110,86
491,50	3086,29
491,71	2863,06
491,92	3110,86
492,13	2901,97
492,33	2990,03
492,54	2856,92
492,75	3014,61
492,96	2828,24
493,17	2963,41
493,38	2818,00
493,59	2938,84
493,80	2861,01
494,01	2897,88
494,22	2824,15
494,43	2938,84
494,64	2701,27
494,85	2865,11
495,05	2641,88
495,26	2779,09
495,47	2750,42
495,68	2783,19
495,89	2656,22
496,10	2701,27
496,31	2559,96
496,52	2686,94
496,73	2521,05
496,94	2719,70
497,15	2492,38
497,35	2672,60
497,56	2463,71
497,77	2701,27
497,98	2314,20
498,19	2545,63
498,40	2412,51
498,61	2654,17
498,82	2310,11
499,03	2404,32
499,23	2256,86
499,44	2635,74
499,65	2283,49
499,86	2437,08
500,07	2232,29
500,28	2265,05
500,49	2312,16
500,70	2437,08
500,91	2195,42
501,11	2351,07
501,32	2152,42
501,53	2344,92
501,74	2189,28
501,95	2258,91
502,16	2080,74
502,37	2086,88
502,57	2285,53
502,78	2144,22
502,99	2115,55
503,20	2215,90
503,41	2090,98
503,62	2113,50
503,83	2125,79
504,03	2123,74
504,24	1929,19
504,45	2090,98
504,66	2033,63
504,87	2199,52
505,08	2082,78
505,29	2084,83
505,49	2013,15
505,70	2058,21
505,91	2004,96
506,12	2193,37
506,33	1996,77
506,54	2062,30
506,75	2015,20
506,95	2054,11
507,16	1988,58
507,37	2066,40
507,58	2007,01
507,79	2095,07
508,00	2082,78
508,20	1929,19
508,41	1923,04
508,62	2162,66
508,83	1957,86
509,04	1961,95
509,24	2007,01
509,45	2306,01
509,66	1984,48
509,87	2097,12
510,08	1863,65
510,29	2115,55
510,49	1994,72
510,70	1884,13
510,91	1945,57
511,12	2045,92
511,33	1894,37
511,53	1980,39
511,74	1927,14
511,95	2033,63
512,16	1988,58
512,37	2062,30
512,57	1847,27
512,78	1951,71
512,99	1871,84
513,20	2004,96
513,41	1920,99
513,61	1951,71
513,82	1859,56
514,03	2004,96
514,24	1886,18
514,45	1990,63
514,65	1871,84
514,86	1804,26
515,07	1824,74
515,28	1830,88
515,49	1828,84
515,69	2041,82
515,90	1820,64
516,11	1902,56
516,32	1931,23
516,52	1920,99
516,73	1959,91
516,94	1933,28
517,15	1834,98
517,36	1839,08
517,56	1996,77
517,77	1918,95
517,98	1861,60
518,19	1855,46
518,39	1837,03
518,60	1964,00
518,81	1900,52
519,02	1818,60
519,22	1712,10
519,43	1978,34
519,64	1806,31
519,85	1794,02
520,05	1810,40
520,26	1798,12
520,47	1794,02
520,68	1767,40
520,88	1595,37
521,09	1869,80
521,30	1767,40
521,51	1806,31
521,71	1714,15
521,92	1812,45
522,13	1697,77
522,34	1744,87
522,54	1679,33
522,75	1722,34
522,96	1665,00
523,17	1759,21
523,37	1748,97
523,58	1748,97
523,79	1742,82
523,99	1687,53
524,20	1589,22
524,41	1679,33
524,62	1660,90
524,82	1658,85
525,03	1746,92
525,24	1722,34
525,45	1636,33
525,65	1646,57
525,86	1712,10
526,07	1638,38
526,27	1658,85
526,48	1550,31
526,69	1732,58
526,90	1630,18
527,10	1644,52
527,31	1587,18
527,52	1585,13
527,72	1701,86
527,93	1746,92
528,14	1624,04
528,34	1642,47
528,55	1572,84
528,76	1636,33
528,97	1544,17
529,17	1683,43
529,38	1607,66
529,59	1570,79
529,79	1630,18
530,00	1552,36
530,21	1615,85
530,41	1568,74
530,62	1593,32
530,83	1736,68
531,03	1701,86
531,24	1650,66
531,45	1681,38
531,65	1595,37
531,86	1607,66
532,07	1611,75
532,27	1587,18
532,48	1572,84
532,69	1480,68
532,89	1572,84
533,10	1513,45
533,31	1550,31
533,51	1558,50
533,72	1478,63
533,93	1509,35
534,13	1492,97
534,34	1503,21
534,55	1503,21
534,75	1568,74
534,96	1566,70
535,17	1460,20
535,37	1634,28
535,58	1482,73
535,79	1513,45
535,99	1472,49
536,20	1535,98
536,41	1630,18
536,61	1509,35
536,82	1591,27
537,03	1517,54
537,23	1556,46
537,44	1544,17
537,64	1507,30
537,85	1538,02
538,06	1597,42
538,26	1488,87
538,47	1660,90
538,68	1445,87
538,88	1527,78
539,09	1525,74
539,30	1507,30
539,50	1578,98
539,71	1548,26
539,91	1560,55
540,12	1558,50
540,33	1460,20
540,53	1466,35
540,74	1578,98
540,94	1556,46
541,15	1509,35
541,36	1466,35
541,56	1564,65
541,77	1456,11
541,98	1566,70
542,18	1599,46
542,39	1595,37
542,59	1435,63
542,80	1492,97
543,01	1437,67
543,21	1591,27
543,42	1482,73
543,62	1550,31
543,83	1492,97
544,04	1462,25
544,24	1519,59
544,45	1435,63
544,65	1607,66
544,86	1521,64
545,06	1492,97
545,27	1490,92
545,48	1423,34
545,68	1501,16
545,89	1495,02
546,09	1415,15
546,30	1550,31
546,51	1460,20
546,71	1517,54
546,92	1462,25
547,12	1445,87
547,33	1464,30
547,53	1495,02
547,74	1519,59
547,95	1466,35
548,15	1511,40
548,36	1431,53
548,56	1521,64
548,77	1492,97
548,97	1519,59
549,18	1409,00
549,39	1517,54
549,59	1472,49
549,80	1521,64
550,00	1470,44
550,21	1490,92
550,41	1544,17
550,62	1394,67
550,82	1433,58
551,03	1433,58
551,23	1478,63
551,44	1452,01
551,65	1478,63
551,85	1511,40
552,06	1527,78
552,26	1435,63
552,47	1390,57
552,67	1421,29
552,88	1388,52
553,08	1388,52
553,29	1437,67
553,49	1509,35
553,70	1497,07
553,90	1550,31
554,11	1427,43
554,32	1550,31
554,52	1464,30
554,73	1507,30
554,93	1386,47
555,14	1394,67
555,34	1435,63
555,55	1507,30
555,75	1472,49
555,96	1456,11
556,16	1341,42
556,37	1490,92
556,57	1439,72
556,78	1427,43
556,98	1470,44
557,19	1452,01
557,39	1464,30
557,60	1435,63
557,80	1474,54
558,01	1431,53
558,21	1415,15
558,42	1497,07
558,62	1470,44
558,83	1482,73
559,03	1388,52
559,24	1492,97
559,44	1486,83
559,65	1458,15
559,85	1411,05
560,06	1419,24
560,26	1437,67
560,47	1456,11
560,67	1525,74
560,88	1411,05
561,08	1509,35
561,29	1548,26
561,49	1425,39
561,70	1435,63
561,90	1513,45
562,10	1447,91
562,31	1439,72
562,51	1394,67
562,72	1411,05
562,92	1427,43
563,13	1540,07
563,33	1452,01
563,54	1439,72
563,74	1574,89
563,95	1400,81
564,15	1476,59
564,36	1433,58
564,56	1437,67
564,76	1400,81
564,97	1400,81
565,17	1423,34
565,38	1429,48
565,58	1441,77
565,79	1359,85
565,99	1529,83
566,20	1492,97
566,40	1384,43
566,60	1535,98
566,81	1472,49
567,01	1443,82
567,22	1503,21
567,42	1419,24
567,63	1492,97
567,83	1400,81
568,04	1476,59
568,24	1419,24
568,44	1480,68
568,65	1443,82
568,85	1449,96
569,06	1435,63
569,26	1478,63
569,47	1464,30
569,67	1388,52
569,87	1384,43
570,08	1456,11
570,28	1382,38
570,49	1378,28
570,69	1507,30
570,89	1613,80
571,10	1474,54
571,30	1488,87
571,51	1456,11
571,71	1464,30
571,91	1503,21
572,12	1443,82
572,32	1480,68
572,53	1462,25
572,73	1470,44
572,93	1570,79
573,14	1411,05
573,34	1454,06
573,55	1466,35
573,75	1478,63
573,95	1476,59
574,16	1435,63
574,36	1535,98
574,57	1429,48
574,77	1411,05
574,97	1511,40
575,18	1417,19
575,38	1431,53
575,59	1435,63
575,79	1368,04
575,99	1501,16
576,20	1411,05
576,40	1472,49
576,60	1466,35
576,81	1388,52
577,01	1517,54
577,22	1529,83
577,42	1478,63
577,62	1458,15
577,83	1468,39
578,03	1490,92
578,23	1427,43
578,44	1472,49
578,64	1458,15
578,84	1474,54
579,05	1454,06
579,25	1523,69
579,45	1466,35
579,66	1454,06
579,86	1429,48
580,07	1439,72
580,27	1509,35
580,47	1388,52
580,68	1425,39
580,88	1472,49
581,08	1386,47
581,29	1458,15
581,49	1421,29
581,69	1435,63
581,90	1447,91
582,10	1517,54
582,30	1437,67
582,51	1411,05
582,71	1433,58
582,91	1419,24
583,12	1388,52
583,32	1427,43
583,52	1384,43
583,73	1456,11
583,93	1404,91
584,13	1437,67
584,34	1390,57
584,54	1501,16
584,74	1406,95
584,94	1421,29
585,15	1396,71
585,35	1460,20
585,55	1433,58
585,76	1484,78
585,96	1357,80
586,16	1495,02
586,37	1411,05
586,57	1435,63
586,77	1415,15
586,98	1347,56
587,18	1413,10
587,38	1466,35
587,58	1462,25
587,79	1472,49
587,99	1411,05
588,19	1406,95
588,40	1441,77
588,60	1482,73
588,80	1351,66
589,00	1447,91
589,21	1449,96
589,41	1382,38
589,61	1427,43
589,82	1437,67
590,02	1435,63
590,22	1497,07
590,42	1527,78
590,63	1501,16
590,83	1490,92
591,03	1441,77
591,23	1488,87
591,44	1447,91
591,64	1413,10
591,84	1427,43
592,05	1417,19
592,25	1441,77
592,45	1447,91
592,65	1466,35
592,86	1413,10
593,06	1527,78
593,26	1460,20
593,46	1380,33
593,67	1425,39
593,87	1449,96
594,07	1429,48
594,27	1470,44
594,48	1443,82
594,68	1488,87
594,88	1492,97
595,08	1480,68
595,29	1478,63
595,49	1406,95
595,69	1339,37
595,89	1396,71
596,10	1480,68
596,30	1396,71
596,50	1417,19
596,70	1433,58
596,90	1513,45
597,11	1404,91
597,31	1398,76
597,51	1380,33
597,71	1478,63
597,92	1431,53
598,12	1495,02
598,32	1425,39
598,52	1480,68
598,72	1384,43
598,93	1452,01
599,13	1447,91
599,33	1421,29
599,53	1513,45
599,74	1431,53
599,94	1501,16
600,14	1531,88
600,34	1454,06
600,54	1597,42
600,75	1476,59
600,95	1452,01
601,15	1419,24
601,35	1435,63
601,55	1476,59
601,76	1425,39
601,96	1505,26
602,16	1406,95
602,36	1454,06
602,56	1480,68
602,76	1462,25
602,97	1492,97
603,17	1509,35
603,37	1419,24
603,57	1417,19
603,77	1501,16
603,98	1509,35
604,18	1409,00
604,38	1435,63
604,58	1445,87
604,78	1445,87
604,98	1447,91
605,19	1425,39
605,39	1454,06
605,59	1458,15
605,79	1495,02
605,99	1458,15
606,19	1474,54
606,40	1445,87
606,60	1347,56
606,80	1435,63
607,00	1447,91
607,20	1468,39
607,40	1452,01
607,61	1472,49
607,81	1433,58
608,01	1501,16
608,21	1499,11
608,41	1505,26
608,61	1419,24
608,81	1413,10
609,02	1443,82
609,22	1398,76
609,42	1490,92
609,62	1468,39
609,82	1386,47
610,02	1490,92
610,22	1447,91
610,43	1392,62
610,63	1396,71
610,83	1486,83
611,03	1390,57
611,23	1439,72
611,43	1452,01
611,63	1505,26
611,83	1325,04
612,04	1370,09
612,24	1570,79
612,44	1419,24
612,64	1464,30
612,84	1402,86
613,04	1447,91
613,24	1474,54
613,44	1386,47
613,64	1474,54
613,85	1540,07
614,05	1497,07
614,25	1435,63
614,45	1431,53
614,65	1468,39
614,85	1490,92
615,05	1374,19
615,25	1513,45
615,45	1447,91
615,65	1458,15
615,86	1462,25
616,06	1486,83
616,26	1417,19
616,46	1495,02
616,66	1472,49
616,86	1384,43
617,06	1445,87
617,26	1476,59
617,46	1411,05
617,66	1501,16
617,86	1409,00
618,07	1460,20
618,27	1490,92
618,47	1421,29
618,67	1472,49
618,87	1472,49
619,07	1519,59
619,27	1484,78
619,47	1421,29
619,67	1554,41
619,87	1394,67
620,07	1501,16
620,27	1486,83
620,47	1456,11
620,67	1468,39
620,87	1454,06
621,07	1474,54
621,28	1472,49
621,48	1482,73
621,68	1423,34
621,88	1478,63
622,08	1372,14
622,28	1505,26
622,48	1507,30
622,68	1425,39
622,88	1544,17
623,08	1486,83
623,28	1419,24
623,48	1337,32
623,68	1386,47
623,88	1458,15
624,08	1519,59
624,28	1390,57
624,48	1484,78
624,68	1368,04
624,88	1515,50
625,08	1572,84
625,28	1486,83
625,48	1470,44
625,68	1490,92
625,88	1476,59
626,08	1421,29
626,28	1509,35
626,48	1507,30
626,68	1433,58
626,88	1521,64
627,08	1480,68
627,28	1542,12
627,48	1460,20
627,68	1415,15
627,88	1419,24
628,08	1476,59
628,28	1447,91
628,49	1488,87
628,68	1431,53
628,88	1423,34
629,08	1462,25
629,28	1492,97
629,48	1411,05
629,68	1464,30
629,88	1464,30
630,08	1497,07
630,28	1497,07
630,48	1495,02
630,68	1445,87
630,88	1429,48
631,08	1419,24
631,28	1523,69
631,48	1396,71
631,68	1456,11
631,88	1400,81
632,08	1503,21
632,28	1456,11
632,48	1486,83
632,68	1433,58
632,88	1472,49
633,08	1480,68
633,28	1542,12
633,48	1484,78
633,68	1488,87
633,88	1480,68
634,08	1562,60
634,28	1486,83
634,48	1542,12
634,68	1421,29
634,88	1484,78
635,08	1382,38
635,28	1454,06
635,48	1443,82
635,68	1361,90
635,87	1449,96
636,07	1470,44
636,27	1437,67
636,47	1538,02
636,67	1529,83
636,87	1490,92
637,07	1525,74
637,27	1388,52
637,47	1433,58
637,67	1525,74
637,87	1357,80
638,07	1550,31
638,27	1476,59
638,47	1505,26
638,67	1419,24
638,86	1447,91
639,06	1411,05
639,26	1490,92
639,46	1421,29
639,66	1523,69
639,86	1464,30
640,06	1470,44
640,26	1501,16
640,46	1460,20
640,66	1515,50
640,86	1449,96
641,06	1376,24
641,25	1492,97
641,45	1492,97
641,65	1447,91
641,85	1411,05
642,05	1501,16
642,25	1388,52
642,45	1460,20
642,65	1398,76
642,85	1380,33
643,05	1392,62
643,24	1468,39
643,44	1492,97
643,64	1456,11
643,84	1376,24
644,04	1396,71
644,24	1374,19
644,44	1417,19
644,64	1474,54
644,84	1439,72
645,03	1415,15
645,23	1583,08
645,43	1423,34
645,63	1525,74
645,83	1499,11
646,03	1515,50
646,23	1507,30
646,42	1548,26
646,62	1458,15
646,82	1396,71
647,02	1460,20
647,22	1398,76
647,42	1417,19
647,62	1435,63
647,82	1417,19
648,01	1636,33
648,21	1406,95
648,41	1527,78
648,61	1538,02
648,81	1503,21
649,01	1443,82
649,20	1462,25
649,40	1388,52
649,60	1429,48
649,80	1474,54
650,00	1460,20
650,20	1433,58
650,40	1495,02
650,59	1513,45
650,79	1445,87
650,99	1437,67
651,19	1499,11
651,39	1372,14
651,58	1460,20
651,78	1435,63
651,98	1464,30
652,18	1464,30
652,38	1476,59
652,58	1425,39
652,77	1394,67
652,97	1554,41
653,17	1466,35
653,37	1503,21
653,57	1466,35
653,77	1439,72
653,96	1513,45
654,16	1495,02
654,36	1429,48
654,56	1417,19
654,76	1513,45
654,95	1456,11
655,15	1572,84
655,35	1402,86
655,55	1525,74
655,75	1425,39
655,94	1441,77
656,14	1456,11
656,34	1499,11
656,54	1435,63
656,73	1433,58
656,93	1376,24
657,13	1456,11
657,33	1456,11
657,53	1384,43
657,72	1462,25
657,92	1472,49
658,12	1492,97
658,32	1452,01
658,52	1409,00
658,71	1470,44
658,91	1472,49
659,11	1443,82
659,31	1482,73
659,50	1443,82
659,70	1548,26
659,90	1480,68
660,10	1409,00
660,29	1474,54
660,49	1460,20
660,69	1466,35
660,89	1525,74
661,08	1425,39
661,28	1384,43
661,48	1417,19
661,68	1466,35
661,87	1433,58
662,07	1388,52
662,27	1443,82
662,47	1372,14
662,66	1507,30
662,86	1492,97
663,06	1439,72
663,26	1396,71
663,45	1482,73
663,65	1445,87
663,85	1525,74
664,05	1437,67
664,24	1458,15
664,44	1443,82
664,64	1411,05
664,84	1468,39
665,03	1505,26
665,23	1421,29
665,43	1437,67
665,62	1374,19
665,82	1505,26
666,02	1425,39
666,22	1499,11
666,41	1370,09
666,61	1482,73
666,81	1490,92
667,00	1431,53
667,20	1361,90
667,40	1357,80
667,60	1431,53
667,79	1449,96
667,99	1374,19
668,19	1427,43
668,38	1415,15
668,58	1456,11
668,78	1466,35
668,97	1503,21
669,17	1370,09
669,37	1423,34
669,57	1353,71
669,76	1456,11
669,96	1423,34
670,16	1460,20
670,35	1480,68
670,55	1433,58
670,75	1423,34
670,94	1435,63
671,14	1531,88
671,34	1503,21
671,53	1429,48
671,73	1458,15
671,93	1443,82
672,12	1404,91
672,32	1460,20
672,52	1490,92
672,71	1427,43
672,91	1431,53
673,11	1366,00
673,30	1499,11
673,50	1482,73
673,70	1456,11
673,89	1400,81
674,09	1443,82
674,29	1406,95
674,48	1525,74
674,68	1521,64
674,88	1429,48
675,07	1431,53
675,27	1445,87
675,46	1495,02
675,66	1464,30
675,86	1398,76
676,05	1406,95
676,25	1460,20
676,45	1464,30
676,64	1478,63
676,84	1511,40
677,04	1476,59
677,23	1429,48
677,43	1480,68
677,62	1525,74
677,82	1423,34
678,02	1437,67
678,21	1423,34
678,41	1449,96
678,61	1419,24
678,80	1425,39
679,00	1550,31
679,19	1527,78
679,39	1472,49
679,59	1458,15
679,78	1427,43
679,98	1396,71
680,17	1423,34
680,37	1478,63
680,57	1421,29
680,76	1558,50
680,96	1492,97
681,16	1382,38
681,35	1435,63
681,55	1484,78
681,74	1417,19
681,94	1386,47
682,13	1497,07
682,33	1546,22
682,53	1466,35
682,72	1464,30
682,92	1419,24
683,11	1462,25
683,31	1525,74
683,51	1417,19
683,70	1495,02
683,90	1398,76
684,09	1499,11
684,29	1533,93
684,48	1423,34
684,68	1431,53
684,88	1464,30
685,07	1474,54
685,27	1441,77
685,46	1447,91
685,66	1449,96
685,85	1568,74
686,05	1585,13
686,25	1499,11
686,44	1486,83
686,64	1552,36
686,83	1468,39
687,03	1519,59
687,22	1492,97
687,42	1423,34
687,61	1490,92
687,81	1517,54
688,01	1515,50
688,20	1421,29
688,40	1419,24
688,59	1509,35
688,79	1460,20
688,98	1466,35
689,18	1372,14
689,37	1503,21
689,57	1386,47
689,76	1443,82
689,96	1396,71
690,15	1449,96
690,35	1331,18
690,54	1466,35
690,74	1355,76
690,94	1439,72
691,13	1558,50
691,33	1417,19
691,52	1439,72
691,72	1486,83
691,91	1421,29
692,11	1468,39
692,30	1359,85
692,50	1482,73
692,69	1445,87
692,89	1454,06
693,08	1429,48
693,28	1454,06
693,47	1464,30
693,67	1548,26
693,86	1423,34
694,06	1492,97
694,25	1478,63
694,45	1499,11
694,64	1458,15
694,84	1476,59
695,03	1464,30
695,23	1470,44
695,42	1476,59
695,62	1452,01
695,81	1499,11
696,01	1472,49
696,20	1380,33
696,40	1370,09
696,59	1468,39
696,78	1441,77
696,98	1427,43
697,17	1529,83
697,37	1404,91
697,56	1466,35
697,76	1433,58
697,95	1495,02
698,15	1490,92
698,34	1554,41
698,54	1439,72
698,73	1615,85
698,93	1429,48
699,12	1478,63
699,32	1478,63
699,51	1423,34
699,70	1423,34
699,90	1431,53
700,09	1413,10
700,29	1419,24
700,48	1472,49
700,68	1341,42
700,87	1458,15
701,07	1495,02
701,26	1433,58
701,45	1411,05
701,65	1462,25
701,84	1441,77
702,04	1370,09
702,23	1417,19
702,43	1423,34
702,62	1460,20
702,81	1390,57
703,01	1368,04
703,20	1515,50
703,40	1351,66
703,59	1456,11
703,79	1417,19
703,98	1402,86
704,17	1452,01
704,37	1382,38
704,56	1468,39
704,76	1466,35
704,95	1363,95
705,14	1433,58
705,34	1415,15
705,53	1427,43
705,73	1376,24
705,92	1472,49
706,11	1531,88
706,31	1404,91
706,50	1402,86
706,70	1441,77
706,89	1441,77
707,08	1298,41
707,28	1458,15
707,47	1398,76
707,67	1447,91
707,86	1406,95
708,05	1429,48
708,25	1427,43
708,44	1400,81
708,64	1398,76
708,83	1345,52
709,02	1435,63
709,22	1497,07
709,41	1415,15
709,60	1515,50
709,80	1447,91
709,99	1400,81
710,19	1400,81
710,38	1454,06
710,57	1292,27
710,77	1447,91
710,96	1445,87
711,15	1431,53
711,35	1402,86
711,54	1390,57
711,73	1359,85
711,93	1411,05
712,12	1394,67
712,31	1398,76
712,51	1421,29
712,70	1445,87
712,89	1427,43
713,09	1421,29
713,28	1415,15
713,48	1429,48
713,67	1445,87
713,86	1423,34
714,06	1384,43
714,25	1406,95
714,44	1474,54
714,64	1478,63
714,83	1415,15
715,02	1339,37
715,22	1456,11
715,41	1406,95
715,60	1464,30
715,79	1341,42
715,99	1437,67
716,18	1421,29
716,37	1411,05
716,57	1423,34
716,76	1464,30
716,95	1423,34
717,15	1394,67
717,34	1343,47
717,53	1347,56
717,73	1464,30
717,92	1460,20
718,11	1488,87
718,31	1435,63
718,50	1488,87
718,69	1355,76
718,88	1374,19
719,08	1394,67
719,27	1400,81
719,46	1433,58
719,66	1427,43
719,85	1366,00
720,04	1425,39
720,23	1388,52
720,43	1433,58
720,62	1419,24
720,81	1347,56
721,01	1404,91
721,20	1470,44
721,39	1406,95
721,58	1398,76
721,78	1447,91
721,97	1474,54
722,16	1337,32
722,35	1495,02
722,55	1398,76
722,74	1445,87
722,93	1398,76
723,13	1378,28
723,32	1402,86
723,51	1343,47
723,70	1437,67
723,90	1460,20
724,09	1327,08
724,28	1331,18
724,47	1406,95
724,67	1486,83
724,86	1349,61
725,05	1423,34
725,24	1482,73
725,44	1396,71
725,63	1325,04
725,82	1423,34
726,01	1370,09
726,21	1417,19
726,40	1347,56
726,59	1464,30
726,78	1382,38
726,97	1406,95
727,17	1382,38
727,36	1482,73
727,55	1345,52
727,74	1357,80
727,94	1366,00
728,13	1462,25
728,32	1464,30
728,51	1449,96
728,70	1337,32
728,90	1392,62
729,09	1406,95
729,28	1484,78
729,47	1402,86
729,66	1376,24
729,86	1411,05
730,05	1452,01
730,24	1474,54
730,43	1435,63
730,63	1363,95
730,82	1441,77
731,01	1396,71
731,20	1345,52
731,39	1437,67
731,58	1425,39
731,78	1386,47
731,97	1361,90
732,16	1425,39
732,35	1435,63
732,54	1513,45
732,74	1447,91
732,93	1441,77
733,12	1333,23
733,31	1370,09
733,50	1374,19
733,69	1425,39
733,89	1472,49
734,08	1435,63
734,27	1398,76
734,46	1480,68
734,65	1335,28
734,84	1366,00
735,04	1468,39
735,23	1447,91
735,42	1439,72
735,61	1361,90
735,80	1374,19
735,99	1388,52
736,19	1394,67
736,38	1386,47
736,57	1349,61
736,76	1417,19
736,95	1431,53
737,14	1380,33
737,33	1384,43
737,53	1488,87
737,72	1390,57
737,91	1378,28
738,10	1511,40
738,29	1411,05
738,48	1431,53
738,67	1466,35
738,87	1417,19
739,06	1460,20
739,25	1443,82
739,44	1415,15
739,63	1437,67
739,82	1456,11
740,01	1431,53
740,20	1421,29
740,40	1398,76
740,59	1402,86
740,78	1398,76
740,97	1431,53
741,16	1427,43
741,35	1449,96
741,54	1429,48
741,73	1368,04
741,92	1390,57
742,12	1306,60
742,31	1447,91
742,50	1447,91
742,69	1509,35
742,88	1456,11
743,07	1394,67
743,26	1378,28
743,45	1318,89
743,64	1449,96
743,83	1435,63
744,02	1411,05
744,22	1443,82
744,41	1482,73
744,60	1372,14
744,79	1433,58
744,98	1452,01
745,17	1429,48
745,36	1341,42
745,55	1421,29
745,74	1402,86
745,93	1505,26
746,12	1456,11
746,31	1409,00
746,50	1415,15
746,70	1353,71
746,89	1333,23
747,08	1386,47
747,27	1400,81
747,46	1423,34
747,65	1341,42
747,84	1411,05
748,03	1458,15
748,22	1396,71
748,41	1472,49
748,60	1513,45
748,79	1415,15
748,98	1456,11
749,17	1404,91
749,36	1378,28
749,55	1441,77
749,74	1378,28
749,93	1443,82
750,12	1398,76
750,31	1368,04
750,50	1421,29
750,70	1519,59
750,89	1523,69
751,08	1583,08
751,27	1462,25
751,46	1439,72
751,65	1531,88
751,84	1492,97
752,03	1363,95
752,22	1445,87
752,41	1386,47
752,60	1464,30
752,79	1445,87
752,98	1431,53
753,17	1492,97
753,36	1454,06
753,55	1419,24
753,74	1333,23
753,93	1529,83
754,12	1445,87
754,31	1484,78
754,50	1501,16
754,69	1517,54
754,88	1429,48
755,07	1447,91
755,26	1390,57
755,45	1351,66
755,64	1464,30
755,83	1492,97
756,02	1552,36
756,21	1445,87
756,40	1462,25
756,59	1482,73
756,78	1482,73
756,97	1417,19
757,16	1480,68
757,35	1499,11
757,54	1386,47
757,72	1415,15
757,91	1433,58
758,10	1386,47
758,29	1339,37
758,48	1462,25
758,67	1409,00
758,86	1509,35
759,05	1456,11
759,24	1538,02
759,43	1472,49
759,62	1337,32
759,81	1443,82
760,00	1527,78
760,19	1495,02
760,38	1468,39
760,57	1290,22
760,76	1495,02
760,95	1460,20
761,14	1427,43
761,33	1406,95
761,52	1468,39
761,70	1386,47
761,89	1370,09
762,08	1474,54
762,27	1433,58
762,46	1456,11
762,65	1476,59
762,84	1505,26
763,03	1486,83
763,22	1468,39
763,41	1456,11
763,60	1427,43
763,79	1431,53
763,98	1527,78
764,16	1478,63
764,35	1456,11
764,54	1411,05
764,73	1476,59
764,92	1544,17
765,11	1462,25
765,30	1550,31
765,49	1472,49
765,68	1521,64
765,87	1503,21
766,06	1523,69
766,24	1560,55
766,43	1490,92
766,62	1554,41
766,81	1423,34
767,00	1548,26
767,19	1433,58
767,38	1548,26
767,57	1417,19
767,76	1509,35
767,94	1429,48
768,13	1468,39
768,32	1466,35
768,51	1417,19
768,70	1458,15
768,89	1525,74
769,08	1454,06
769,27	1456,11
769,45	1466,35
769,64	1562,60
769,83	1449,96
770,02	1519,59
770,21	1492,97
770,40	1578,98
770,59	1460,20
770,77	1445,87
770,96	1482,73
771,15	1511,40
771,34	1419,24
771,53	1521,64
771,72	1447,91
771,91	1490,92
772,09	1476,59
772,28	1509,35
772,47	1482,73
772,66	1482,73
772,85	1435,63
773,04	1478,63
773,22	1527,78
773,41	1456,11
773,60	1454,06
773,79	1484,78
773,98	1478,63
774,17	1591,27
774,35	1478,63
774,54	1525,74
774,73	1497,07
774,92	1554,41
775,11	1429,48
775,30	1542,12
775,48	1527,78
775,67	1443,82
775,86	1468,39
776,05	1607,66
776,24	1515,50
776,42	1470,44
776,61	1476,59
776,80	1488,87
776,99	1460,20
777,18	1466,35
777,36	1431,53
777,55	1437,67
777,74	1484,78
777,93	1533,93
778,12	1452,01
778,30	1517,54
778,49	1490,92
778,68	1552,36
778,87	1531,88
779,06	1423,34
779,24	1513,45
779,43	1437,67
779,62	1427,43
779,81	1449,96
779,99	1421,29
780,18	1474,54
780,37	1480,68
780,56	1509,35
780,75	1445,87
780,93	1529,83
781,12	1419,24
781,31	1587,18
781,50	1484,78
781,68	1433,58
781,87	1478,63
782,06	1507,30
782,25	1443,82
782,43	1503,21
782,62	1443,82
782,81	1456,11
783,00	1476,59
783,18	1427,43
783,37	1429,48
783,56	1474,54
783,75	1527,78
783,93	1554,41
784,12	1435,63
784,31	1466,35
784,50	1456,11
784,68	1456,11
784,87	1466,35
785,06	1503,21
785,24	1478,63
785,43	1581,03
785,62	1499,11
785,81	1523,69
785,99	1480,68
786,18	1454,06
786,37	1437,67
786,56	1515,50
786,74	1452,01
786,93	1474,54
787,12	1503,21
787,30	1456,11
787,49	1439,72
787,68	1443,82
787,87	1449,96
788,05	1398,76
788,24	1439,72
788,43	1441,77
788,61	1466,35
788,80	1421,29
788,99	1357,80
789,17	1474,54
789,36	1386,47
789,55	1470,44
789,73	1507,30
789,92	1357,80
790,11	1388,52
790,30	1452,01
790,48	1435,63
790,67	1445,87
790,86	1456,11
791,04	1460,20
791,23	1568,74
791,42	1480,68
791,60	1404,91
791,79	1474,54
791,98	1398,76
792,16	1484,78
792,35	1482,73
792,54	1370,09
792,72	1435,63
792,91	1441,77
793,10	1335,28
793,28	1363,95
793,47	1452,01
793,66	1466,35
793,84	1363,95
794,03	1392,62
794,22	1509,35
794,40	1417,19
794,59	1447,91
794,77	1357,80
794,96	1347,56
795,15	1495,02
795,33	1363,95
795,52	1476,59
795,71	1337,32
795,89	1347,56
796,08	1372,14
796,27	1478,63
796,45	1419,24
796,64	1413,10
796,82	1394,67
797,01	1435,63
797,20	1390,57
797,38	1398,76
797,57	1417,19
797,76	1458,15
797,94	1406,95
798,13	1462,25
798,31	1427,43
798,50	1417,19
798,69	1468,39
798,87	1402,86
799,06	1484,78
799,24	1329,13
799,43	1443,82
799,62	1359,85
799,80	1353,71
799,99	1533,93
800,17	1431,53
800,36	1538,02
800,55	1402,86
800,73	1339,37
800,92	1355,76
801,10	1413,10
801,29	1427,43
801,48	1456,11
801,66	1429,48
801,85	1406,95
802,03	1439,72
802,22	1478,63
802,40	1374,19
802,59	1419,24
802,78	1437,67
802,96	1435,63
803,15	1509,35
803,33	1468,39
803,52	1449,96
803,70	1419,24
803,89	1419,24
804,08	1374,19
804,26	1423,34
804,45	1359,85
804,63	1433,58
804,82	1421,29
805,00	1411,05
805,19	1400,81
805,37	1441,77
805,56	1486,83
805,74	1441,77
805,93	1503,21
806,12	1542,12
806,30	1433,58
806,49	1435,63
806,67	1447,91
806,86	1435,63
807,04	1368,04
807,23	1452,01
807,41	1372,14
807,60	1501,16
807,78	1361,90
807,97	1693,67
808,15	1374,19
808,34	1454,06
808,52	1484,78
808,71	1372,14
808,89	1464,30
809,08	1439,72
809,27	1339,37
809,45	1359,85
809,64	1402,86
809,82	1439,72
810,01	1396,71
810,19	1495,02
810,38	1435,63
810,56	1486,83
810,75	1511,40
810,93	1413,10
811,12	1386,47
811,30	1415,15
811,49	1318,89
811,67	1531,88
811,85	1513,45
812,04	1439,72
812,22	1445,87
812,41	1406,95
812,59	1351,66
812,78	1409,00
812,96	1409,00
813,15	1478,63
813,33	1384,43
813,52	1445,87
813,70	1415,15
813,89	1370,09
814,07	1445,87
814,26	1382,38
814,44	1396,71
814,63	1411,05
814,81	1394,67
815,00	1363,95
815,18	1388,52
815,36	1427,43
815,55	1370,09
815,73	1427,43
815,92	1531,88
816,10	1499,11
816,29	1443,82
816,47	1343,47
816,66	1429,48
816,84	1480,68
817,02	1478,63
817,21	1439,72
817,39	1456,11
817,58	1333,23
817,76	1351,66
817,95	1476,59
818,13	1402,86
818,32	1386,47
818,50	1421,29
818,68	1499,11
818,87	1423,34
819,05	1433,58
819,24	1505,26
819,42	1337,32
819,60	1351,66
819,79	1439,72
819,97	1382,38
820,16	1398,76
820,34	1411,05
820,53	1390,57
820,71	1386,47
820,89	1415,15
821,08	1468,39
821,26	1374,19
821,45	1488,87
821,63	1429,48
821,81	1343,47
822,00	1409,00
822,18	1331,18
822,37	1529,83
822,55	1380,33
822,73	1431,53
822,92	1480,68
823,10	1406,95
823,28	1445,87
823,47	1445,87
823,65	1443,82
823,84	1398,76
824,02	1376,24
824,20	1398,76
824,39	1394,67
824,57	1517,54
824,75	1406,95
824,94	1443,82
825,12	1583,08
825,31	1441,77
825,49	1421,29
825,67	1472,49
825,86	1476,59
826,04	1535,98
826,22	1501,16
826,41	1540,07
826,59	1427,43
826,77	1515,50
826,96	1482,73
827,14	1435,63
827,32	1429,48
827,51	1482,73
827,69	1476,59
827,87	1462,25
828,06	1398,76
828,24	1404,91
828,42	1454,06
828,61	1400,81
828,79	1413,10
828,97	1449,96
829,16	1542,12
829,34	1419,24
829,52	1380,33
829,71	1482,73
829,89	1386,47
830,07	1478,63
830,26	1470,44
830,44	1456,11
830,62	1511,40
830,81	1449,96
830,99	1507,30
831,17	1415,15
831,36	1409,00
831,54	1552,36
831,72	1482,73
831,91	1497,07
832,09	1419,24
832,27	1411,05
832,45	1411,05
832,64	1443,82
832,82	1480,68
833,00	1435,63
833,19	1404,91
833,37	1486,83
833,55	1443,82
833,73	1525,74
833,92	1468,39
834,10	1402,86
834,28	1470,44
834,47	1464,30
834,65	1411,05
834,83	1460,20
835,01	1472,49
835,20	1355,76
835,38	1544,17
835,56	1497,07
835,74	1478,63
835,93	1533,93
836,11	1538,02
836,29	1521,64
836,47	1439,72
836,66	1470,44
836,84	1464,30
837,02	1503,21
837,21	1523,69
837,39	1456,11
837,57	1507,30
837,75	1462,25
837,94	1452,01
838,12	1423,34
838,30	1441,77
838,48	1423,34
838,66	1417,19
838,85	1429,48
839,03	1456,11
839,21	1363,95
839,39	1359,85
839,58	1544,17
839,76	1425,39
839,94	1476,59
840,12	1419,24
840,31	1531,88
840,49	1431,53
840,67	1476,59
840,85	1386,47
841,03	1419,24
841,22	1495,02
841,40	1505,26
841,58	1474,54
841,76	1388,52
841,94	1466,35
842,13	1468,39
842,31	1570,79
842,49	1456,11
842,67	1431,53
842,85	1472,49
843,04	1548,26
843,22	1495,02
843,40	1429,48
843,58	1542,12
843,76	1482,73
843,95	1472,49
844,13	1472,49
844,31	1415,15
844,49	1447,91
844,67	1486,83
844,86	1511,40
845,04	1431,53
845,22	1443,82
845,40	1482,73
845,58	1488,87
845,76	1460,20
845,95	1482,73
846,13	1492,97
846,31	1486,83
846,49	1576,94
846,67	1486,83
846,85	1460,20
847,04	1540,07
847,22	1437,67
847,40	1456,11
847,58	1419,24
847,76	1492,97
847,94	1472,49
848,12	1529,83
848,31	1488,87
848,49	1468,39
848,67	1486,83
848,85	1466,35
849,03	1531,88
849,21	1554,41
849,39	1533,93
849,58	1482,73
849,76	1454,06
849,94	1505,26
850,12	1478,63
850,30	1486,83
850,48	1404,91
850,66	1472,49
850,84	1497,07
851,03	1484,78
851,21	1460,20
851,39	1503,21
851,57	1456,11
851,75	1470,44
851,93	1466,35
852,11	1492,97
852,29	1488,87
852,47	1550,31
852,66	1495,02
852,84	1517,54
853,02	1386,47
853,20	1556,46
853,38	1480,68
853,56	1464,30
853,74	1503,21
853,92	1480,68
854,10	1468,39
854,28	1497,07
854,46	1497,07
854,65	1468,39
854,83	1466,35
855,01	1495,02
855,19	1511,40
855,37	1503,21
855,55	1490,92
855,73	1478,63
855,91	1478,63
856,09	1503,21
856,27	1468,39
856,45	1417,19
856,63	1415,15
856,81	1492,97
857,00	1525,74
857,18	1495,02
857,36	1452,01
857,54	1464,30
857,72	1472,49
857,90	1521,64
858,08	1525,74
858,26	1472,49
858,44	1411,05
858,62	1521,64
858,80	1492,97
858,98	1558,50
859,16	1429,48
859,34	1476,59
859,52	1492,97
859,70	1556,46
859,88	1503,21
860,06	1550,31
860,24	1437,67
860,42	1497,07
860,60	1523,69
860,78	1476,59
860,96	1466,35
861,14	1464,30
861,32	1480,68
861,50	1480,68
861,69	1511,40
861,87	1511,40
862,05	1417,19
862,23	1538,02
862,41	1509,35
862,59	1380,33
862,77	1486,83
862,95	1452,01
863,13	1488,87
863,31	1482,73
863,49	1427,43
863,67	1492,97
863,85	1499,11
864,03	1509,35
864,21	1505,26
864,39	1488,87
864,57	1550,31
864,75	1503,21
864,92	1572,84
865,10	1452,01
865,28	1431,53
865,46	1462,25
865,64	1433,58
865,82	1568,74
866,00	1452,01
866,18	1456,11
866,36	1466,35
866,54	1542,12
866,72	1464,30
866,90	1449,96
867,08	1554,41
867,26	1452,01
867,44	1357,80
867,62	1517,54
867,80	1540,07
867,98	1550,31
868,16	1513,45
868,34	1509,35
868,52	1443,82
868,70	1386,47
868,88	1507,30
869,06	1531,88
869,24	1472,49
869,42	1454,06
869,59	1419,24
869,77	1462,25
869,95	1454,06
870,13	1492,97
870,31	1460,20
870,49	1505,26
870,67	1492,97
870,85	1488,87
871,03	1519,59
871,21	1513,45
871,39	1515,50
871,57	1460,20
871,75	1480,68
871,92	1552,36
872,10	1458,15
872,28	1404,91
872,46	1576,94
872,64	1535,98
872,82	1449,96
873,00	1460,20
873,18	1431,53
873,36	1441,77
873,54	1411,05
873,72	1507,30
873,89	1460,20
874,07	1460,20
874,25	1542,12
874,43	1507,30
874,61	1499,11
874,79	1466,35
874,97	1492,97
875,15	1478,63
875,33	1486,83
875,50	1601,51
875,68	1452,01
875,86	1488,87
876,04	1495,02
876,22	1482,73
876,40	1480,68
876,58	1468,39
876,76	1523,69
876,93	1470,44
877,11	1458,15
877,29	1572,84
877,47	1478,63
877,65	1558,50
877,83	1460,20
878,01	1495,02
878,18	1443,82
878,36	1441,77
878,54	1392,62
878,72	1429,48
878,90	1468,39
879,08	1535,98
879,25	1458,15
879,43	1390,57
879,61	1460,20
879,79	1507,30
879,97	1484,78
880,15	1499,11
880,32	1490,92
880,50	1503,21
880,68	1462,25
880,86	1464,30
881,04	1533,93
881,22	1490,92
881,39	1499,11
881,57	1605,61
881,75	1427,43
881,93	1472,49
882,11	1484,78
882,28	1531,88
882,46	1460,20
882,64	1357,80
882,82	1411,05
883,00	1488,87
883,18	1488,87
883,35	1533,93
883,53	1470,44
883,71	1404,91
883,89	1525,74
884,07	1521,64
884,24	1513,45
884,42	1458,15
884,60	1460,20
884,78	1581,03
884,95	1417,19
885,13	1439,72
885,31	1462,25
885,49	1406,95
885,67	1519,59
885,84	1511,40
886,02	1333,23
886,20	1585,13
886,38	1427,43
886,55	1492,97
886,73	1495,02
886,91	1531,88
887,09	1439,72
887,26	1503,21
887,44	1429,48
887,62	1462,25
887,80	1468,39
887,98	1560,55
888,15	1456,11
888,33	1523,69
888,51	1513,45
888,69	1566,70
888,86	1452,01
889,04	1441,77
889,22	1515,50
889,39	1503,21
889,57	1488,87
889,75	1404,91
889,93	1423,34
890,10	1488,87
890,28	1435,63
890,46	1452,01
890,64	1449,96
890,81	1468,39
890,99	1480,68
891,17	1507,30
891,34	1531,88
891,52	1505,26
891,70	1402,86
891,88	1503,21
892,05	1431,53
892,23	1466,35
892,41	1484,78
892,58	1495,02
892,76	1552,36
892,94	1402,86
893,12	1478,63
893,29	1554,41
893,47	1443,82
893,65	1507,30
893,82	1370,09
894,00	1519,59
894,18	1409,00
894,35	1480,68
894,53	1533,93
894,71	1425,39
894,89	1402,86
895,06	1398,76
895,24	1402,86
895,42	1423,34
895,59	1458,15
895,77	1472,49
895,95	1513,45
896,12	1431,53
896,30	1484,78
896,48	1460,20
896,65	1421,29
896,83	1390,57
897,01	1423,34
897,18	1550,31
897,36	1486,83
897,54	1507,30
897,71	1488,87
897,89	1419,24
898,07	1419,24
898,24	1458,15
898,42	1423,34
898,59	1552,36
898,77	1429,48
898,95	1449,96
899,12	1505,26
899,30	1415,15
899,48	1441,77
899,65	1492,97
899,83	1351,66
900,01	1376,24
900,18	1378,28
900,36	1464,30
900,53	1376,24
900,71	1515,50
900,89	1533,93
901,06	1470,44
901,24	1384,43
901,42	1458,15
901,59	1439,72
901,77	1462,25
901,94	1527,78
902,12	1439,72
902,30	1437,67
902,47	1447,91
902,65	1363,95
902,82	1523,69
903,00	1441,77
903,18	1406,95
903,35	1384,43
903,53	1411,05
903,70	1556,46
903,88	1427,43
904,06	1447,91
904,23	1517,54
904,41	1476,59
904,58	1482,73
904,76	1456,11
904,93	1443,82
905,11	1468,39
905,29	1447,91
905,46	1437,67
905,64	1497,07
905,81	1437,67
905,99	1400,81
906,16	1476,59
906,34	1384,43
906,52	1439,72
906,69	1374,19
906,87	1484,78
907,04	1394,67
907,22	1441,77
907,39	1398,76
907,57	1402,86
907,75	1468,39
907,92	1400,81
908,10	1570,79
908,27	1458,15
908,45	1390,57
908,62	1466,35
908,80	1486,83
908,97	1482,73
909,15	1482,73
909,32	1492,97
909,50	1447,91
909,67	1382,38
909,85	1447,91
910,03	1402,86
910,20	1359,85
910,38	1394,67
910,55	1441,77
910,73	1406,95
910,90	1447,91
911,08	1439,72
911,25	1456,11
911,43	1527,78
911,60	1415,15
911,78	1429,48
911,95	1486,83
912,13	1437,67
912,30	1480,68
912,48	1472,49
912,65	1392,62
912,83	1484,78
913,00	1439,72
913,18	1535,98
913,35	1458,15
913,53	1452,01
913,70	1548,26
913,88	1482,73
914,05	1497,07
914,23	1443,82
914,40	1470,44
914,58	1499,11
914,75	1464,30
914,93	1486,83
915,10	1439,72
915,27	1490,92
915,45	1441,77
915,62	1437,67
915,80	1525,74
915,97	1495,02
916,15	1478,63
916,32	1568,74
916,50	1427,43
916,67	1454,06
916,85	1460,20
917,02	1507,30
917,20	1519,59
917,37	1482,73
917,54	1531,88
917,72	1462,25
917,89	1587,18
918,07	1495,02
918,24	1478,63
918,42	1482,73
918,59	1497,07
918,77	1564,65
918,94	1433,58
919,11	1409,00
919,29	1404,91
919,46	1615,85
919,64	1357,80
919,81	1443,82
919,99	1443,82
920,16	1519,59
920,33	1492,97
920,51	1497,07
920,68	1460,20
920,86	1540,07
921,03	1540,07
921,20	1474,54
921,38	1501,16
921,55	1550,31
921,73	1433,58
921,90	1431,53
922,07	1449,96
922,25	1462,25
922,42	1423,34
922,60	1490,92
922,77	1509,35
922,94	1447,91
923,12	1460,20
923,29	1486,83
923,47	1466,35
923,64	1452,01
923,81	1562,60
923,99	1449,96
924,16	1484,78
924,34	1421,29
924,51	1517,54
924,68	1509,35
924,86	1472,49
925,03	1476,59
925,20	1480,68
925,38	1538,02
925,55	1468,39
925,72	1490,92
925,90	1542,12
926,07	1392,62
926,25	1382,38
926,42	1519,59
926,59	1417,19
926,77	1435,63
926,94	1527,78
927,11	1452,01
927,29	1490,92
927,46	1488,87
927,63	1521,64
927,81	1523,69
927,98	1409,00
928,15	1478,63
928,33	1568,74
928,50	1423,34
928,67	1466,35
928,85	1525,74
929,02	1527,78
929,19	1533,93
929,37	1486,83
929,54	1443,82
929,71	1521,64
929,89	1435,63
930,06	1417,19
930,23	1447,91
930,41	1484,78
930,58	1382,38
930,75	1562,60
930,92	1495,02
931,10	1441,77
931,27	1433,58
931,44	1540,07
931,62	1452,01
931,79	1503,21
931,96	1466,35
932,14	1462,25
932,31	1441,77
932,48	1533,93
932,65	1466,35
932,83	1476,59
933,00	1529,83
933,17	1589,22
933,35	1501,16
933,52	1509,35
933,69	1585,13
933,86	1540,07
934,04	1415,15
934,21	1417,19
934,38	1486,83
934,55	1472,49
934,73	1411,05
934,90	1501,16
935,07	1384,43
935,25	1566,70
935,42	1429,48
935,59	1521,64
935,76	1462,25
935,94	1445,87
936,11	1409,00
936,28	1544,17
936,45	1497,07
936,63	1484,78
936,80	1501,16
936,97	1472,49
937,14	1478,63
937,31	1611,75
937,49	1554,41
937,66	1452,01
937,83	1466,35
938,00	1472,49
938,18	1501,16
938,35	1562,60
938,52	1476,59
938,69	1533,93
938,87	1470,44
939,04	1552,36
939,21	1480,68
939,38	1423,34
939,55	1429,48
939,73	1511,40
939,90	1466,35
940,07	1400,81
940,24	1456,11
940,41	1517,54
940,59	1431,53
940,76	1521,64
940,93	1542,12
941,10	1417,19
941,27	1472,49
941,45	1478,63
941,62	1503,21
941,79	1492,97
941,96	1513,45
942,13	1466,35
942,31	1411,05
942,48	1615,85
942,65	1509,35
942,82	1456,11
942,99	1505,26
943,16	1488,87
943,34	1538,02
943,51	1550,31
943,68	1480,68
943,85	1406,95
944,02	1492,97
944,19	1429,48
944,37	1466,35
944,54	1511,40
944,71	1607,66
944,88	1546,22
945,05	1441,77
945,22	1533,93
945,40	1462,25
945,57	1431,53
945,74	1427,43
945,91	1419,24
946,08	1456,11
946,25	1488,87
946,42	1525,74
946,60	1417,19
946,77	1552,36
946,94	1538,02
947,11	1544,17
947,28	1480,68
947,45	1445,87
947,62	1497,07
947,79	1476,59
947,97	1470,44
948,14	1546,22
948,31	1497,07
948,48	1435,63
948,65	1478,63
948,82	1394,67
948,99	1437,67
949,16	1445,87
949,33	1488,87
949,51	1509,35
949,68	1452,01
949,85	1515,50
950,02	1503,21
950,19	1349,61
950,36	1505,26
950,53	1441,77
950,70	1431,53
950,87	1427,43
951,04	1460,20
951,22	1513,45
951,39	1495,02
951,56	1415,15
951,73	1486,83
951,90	1472,49
952,07	1439,72
952,24	1476,59
952,41	1482,73
952,58	1398,76
952,75	1558,50
952,92	1505,26
953,09	1490,92
953,26	1400,81
953,43	1615,85
953,61	1558,50
953,78	1572,84
953,95	1470,44
954,12	1445,87
954,29	1484,78
954,46	1425,39
954,63	1533,93
954,80	1533,93
954,97	1460,20
955,14	1460,20
955,31	1482,73
955,48	1409,00
955,65	1456,11
955,82	1478,63
955,99	1529,83
956,16	1495,02
956,33	1480,68
956,50	1411,05
956,67	1396,71
956,84	1499,11
957,01	1429,48
957,18	1425,39
957,35	1466,35
957,52	1497,07
957,69	1513,45
957,86	1462,25
958,03	1415,15
958,20	1441,77
958,37	1449,96
958,54	1402,86
958,71	1439,72
958,88	1562,60
959,05	1574,89
959,22	1435,63
959,39	1449,96
959,56	1441,77
959,73	1445,87
959,90	1439,72
960,07	1460,20
960,24	1531,88
960,41	1499,11
960,58	1486,83
960,75	1497,07
960,92	1439,72
961,09	1445,87
961,26	1535,98
961,43	1495,02
961,60	1435,63
961,77	1421,29
961,94	1429,48
962,11	1447,91
962,28	1531,88
962,45	1497,07
962,62	1476,59
962,79	1478,63
962,96	1433,58
963,13	1472,49
963,30	1478,63
963,47	1472,49
963,64	1490,92
963,81	1488,87
963,98	1480,68
964,14	1402,86
964,31	1515,50
964,48	1513,45
964,65	1576,94
964,82	1462,25
964,99	1447,91
965,16	1431,53
965,33	1484,78
965,50	1427,43
965,67	1406,95
965,84	1396,71
966,01	1441,77
966,18	1337,32
966,35	1415,15
966,51	1452,01
966,68	1474,54
966,85	1480,68
967,02	1538,02
967,19	1474,54
967,36	1423,34
967,53	1404,91
967,70	1495,02
967,87	1583,08
968,04	1488,87
968,21	1458,15
968,37	1417,19
968,54	1404,91
968,71	1447,91
968,88	1456,11
969,05	1419,24
969,22	1355,76
969,39	1486,83
969,56	1490,92
969,72	1529,83
969,89	1445,87
970,06	1495,02
970,23	1509,35
970,40	1406,95
970,57	1388,52
970,74	1538,02
970,91	1398,76
971,07	1366,00
971,24	1511,40
971,41	1484,78
971,58	1437,67
971,75	1507,30
971,92	1409,00
972,09	1533,93
972,25	1359,85
972,42	1378,28
972,59	1357,80
972,76	1478,63
972,93	1427,43
973,10	1460,20
973,27	1511,40
973,43	1384,43
973,60	1484,78
973,77	1447,91
973,94	1390,57
974,11	1363,95
974,28	1517,54
974,44	1400,81
974,61	1382,38
974,78	1402,86
974,95	1472,49
975,12	1513,45
975,28	1517,54
975,45	1431,53
975,62	1474,54
975,79	1429,48
975,96	1374,19
976,12	1456,11
976,29	1349,61
976,46	1361,90
976,63	1480,68
976,80	1441,77
976,96	1394,67
977,13	1431,53
977,30	1406,95
977,47	1447,91
977,64	1456,11
977,80	1482,73
977,97	1390,57
978,14	1435,63
978,31	1429,48
978,48	1492,97
978,64	1433,58
978,81	1421,29
978,98	1415,15
979,15	1382,38
979,31	1535,98
979,48	1490,92
979,65	1376,24
979,82	1490,92
979,98	1333,23
980,15	1413,10
980,32	1535,98
980,49	1460,20
980,66	1357,80
980,82	1423,34
980,99	1464,30
981,16	1366,00
981,33	1417,19
981,49	1406,95
981,66	1417,19
981,83	1415,15
981,99	1476,59
982,16	1468,39
982,33	1433,58
982,50	1347,56
982,66	1460,20
982,83	1366,00
983,00	1423,34
983,17	1341,42
983,33	1454,06
983,50	1449,96
983,67	1443,82
983,83	1437,67
984,00	1443,82
984,17	1517,54
984,34	1404,91
984,50	1339,37
984,67	1497,07
984,84	1439,72
985,00	1411,05
985,17	1423,34
985,34	1398,76
985,51	1347,56
985,67	1382,38
985,84	1439,72
986,01	1394,67
986,17	1419,24
986,34	1372,14
986,51	1390,57
986,67	1402,86
986,84	1468,39
987,01	1406,95
987,17	1392,62
987,34	1476,59
987,51	1449,96
987,67	1441,77
987,84	1413,10
988,01	1394,67
988,17	1402,86
988,34	1302,51
988,51	1435,63
988,67	1517,54
988,84	1390,57
989,01	1378,28
989,17	1331,18
989,34	1445,87
989,51	1439,72
989,67	1417,19
989,84	1454,06
990,01	1431,53
990,17	1497,07
990,34	1386,47
990,51	1415,15
990,67	1464,30
990,84	1427,43
991,01	1396,71
991,17	1466,35
991,34	1353,71
991,50	1339,37
991,67	1380,33
991,84	1382,38
992,00	1458,15
992,17	1390,57
992,34	1380,33
992,50	1406,95
992,67	1511,40
992,83	1396,71
993,00	1392,62
993,17	1439,72
993,33	1396,71
993,50	1425,39
993,66	1441,77
993,83	1507,30
994,00	1517,54
994,16	1396,71
994,33	1449,96
994,49	1351,66
994,66	1396,71
994,83	1427,43
994,99	1378,28
995,16	1421,29
995,32	1411,05
995,49	1474,54
995,66	1472,49
995,82	1306,60
995,99	1421,29
996,15	1472,49
996,32	1415,15
996,48	1384,43
996,65	1398,76
996,82	1398,76
996,98	1378,28
997,15	1409,00
997,31	1478,63
997,48	1480,68
997,64	1394,67
997,81	1433,58
997,97	1325,04
998,14	1376,24
998,31	1409,00
998,47	1374,19
998,64	1501,16
998,80	1447,91
998,97	1480,68
999,13	1476,59
999,30	1378,28
999,46	1492,97
999,63	1392,62
999,79	1374,19
999,96	1439,72
1000,12	1378,28
1000,29	1435,63
1000,45	1452,01
1000,62	1386,47
1000,79	1456,11
1000,95	1392,62
1001,12	1392,62
1001,28	1452,01
1001,45	1380,33
1001,61	1421,29
1001,78	1398,76
1001,94	1439,72
1002,11	1538,02
1002,27	1361,90
1002,44	1347,56
1002,60	1372,14
1002,77	1513,45
1002,93	1456,11
1003,10	1390,57
1003,26	1443,82
1003,43	1503,21
1003,59	1419,24
1003,76	1419,24
1003,92	1454,06
1004,09	1458,15
1004,25	1394,67
1004,41	1546,22
1004,58	1380,33
1004,74	1431,53
1004,91	1511,40
1005,07	1386,47
1005,24	1495,02
1005,40	1425,39
1005,57	1320,94
1005,73	1421,29
1005,90	1331,18
1006,06	1429,48
1006,23	1525,74
1006,39	1439,72
1006,55	1325,04
1006,72	1400,81
1006,88	1353,71
1007,05	1421,29
1007,21	1499,11
1007,38	1396,71
1007,54	1318,89
1007,71	1435,63
1007,87	1439,72
1008,03	1470,44
1008,20	1382,38
1008,36	1505,26
1008,53	1470,44
1008,69	1411,05
1008,86	1449,96
1009,02	1335,28
1009,18	1468,39
1009,35	1384,43
1009,51	1353,71
1009,68	1396,71
1009,84	1419,24
1010,01	1357,80
1010,17	1312,75
1010,33	1388,52
1010,50	1378,28
1010,66	1439,72
1010,83	1372,14
1010,99	1460,20
1011,15	1357,80
1011,32	1441,77
1011,48	1460,20
1011,65	1366,00
1011,81	1413,10
1011,97	1374,19
1012,14	1447,91
1012,30	1406,95
1012,46	1431,53
1012,63	1445,87
1012,79	1409,00
1012,96	1423,34
1013,12	1466,35
1013,28	1554,41
1013,45	1402,86
1013,61	1411,05
1013,77	1456,11
1013,94	1417,19
1014,10	1347,56
1014,26	1441,77
1014,43	1421,29
1014,59	1361,90
1014,76	1415,15
1014,92	1497,07
1015,08	1325,04
1015,25	1423,34
1015,41	1398,76
1015,57	1439,72
1015,74	1402,86
1015,90	1306,60
1016,06	1329,13
1016,23	1382,38
1016,39	1357,80
1016,55	1435,63
1016,72	1499,11
1016,88	1460,20
1017,04	1308,65
1017,21	1345,52
1017,37	1312,75
1017,53	1472,49
1017,70	1406,95
1017,86	1398,76
1018,02	1361,90
1018,19	1388,52
1018,35	1433,58
1018,51	1433,58
1018,67	1325,04
1018,84	1353,71
1019,00	1406,95
1019,16	1452,01
1019,33	1415,15
1019,49	1492,97
1019,65	1390,57
1019,82	1376,24
1019,98	1341,42
1020,14	1382,38
1020,30	1472,49
1020,47	1384,43
1020,63	1394,67
1020,79	1476,59
1020,96	1443,82
1021,12	1345,52
1021,28	1433,58
1021,44	1374,19
1021,61	1392,62
1021,77	1468,39
1021,93	1417,19
1022,09	1452,01
1022,26	1517,54
1022,42	1427,43
1022,58	1452,01
1022,74	1339,37
1022,91	1398,76
1023,07	1445,87
1023,23	1425,39
1023,39	1445,87
1023,56	1359,85
1023,72	1476,59
1023,88	1388,52
1024,04	1474,54
1024,21	1370,09
1024,37	1478,63
1024,53	1415,15
1024,69	1339,37
1024,86	1376,24
1025,02	1361,90
1025,18	1363,95
1025,34	1359,85
1025,50	1431,53
1025,67	1413,10
1025,83	1435,63
1025,99	1404,91
1026,15	1484,78
1026,32	1386,47
1026,48	1413,10
1026,64	1476,59
1026,80	1322,99
1026,96	1513,45
1027,13	1456,11
1027,29	1480,68
1027,45	1329,13
1027,61	1366,00
1027,77	1400,81
1027,94	1470,44
1028,10	1353,71
1028,26	1320,94
1028,42	1341,42
1028,58	1513,45
1028,75	1353,71
1028,91	1439,72
1029,07	1437,67
1029,23	1411,05
1029,39	1406,95
1029,55	1378,28
1029,72	1435,63
1029,88	1513,45
1030,04	1398,76
1030,20	1486,83
1030,36	1441,77
1030,52	1425,39
1030,69	1429,48
1030,85	1443,82
1031,01	1384,43
1031,17	1366,00
1031,33	1433,58
1031,49	1472,49
1031,65	1472,49
1031,82	1394,67
1031,98	1318,89
1032,14	1456,11
1032,30	1431,53
1032,46	1462,25
1032,62	1497,07
1032,78	1464,30
1032,95	1400,81
1033,11	1406,95
1033,27	1402,86
1033,43	1337,32
1033,59	1421,29
1033,75	1404,91
1033,91	1423,34
1034,07	1497,07
1034,24	1404,91
1034,40	1394,67
1034,56	1392,62
1034,72	1419,24
1034,88	1423,34
1035,04	1357,80
1035,20	1378,28
1035,36	1419,24
1035,52	1355,76
1035,68	1331,18
1035,85	1443,82
1036,01	1425,39
1036,17	1490,92
1036,33	1411,05
1036,49	1374,19
1036,65	1341,42
1036,81	1456,11
1036,97	1400,81
1037,13	1406,95
1037,29	1380,33
1037,45	1421,29
1037,61	1394,67
1037,78	1462,25
1037,94	1304,56
1038,10	1449,96
1038,26	1449,96
1038,42	1396,71
1038,58	1454,06
1038,74	1306,60
1038,90	1445,87
1039,06	1439,72
1039,22	1353,71
1039,38	1372,14
1039,54	1415,15
1039,70	1329,13
1039,86	1474,54
1040,02	1339,37
1040,18	1464,30
1040,34	1398,76
1040,50	1484,78
1040,66	1427,43
1040,83	1452,01
1040,99	1421,29
1041,15	1449,96
1041,31	1452,01
1041,47	1427,43
1041,63	1310,70
1041,79	1366,00
1041,95	1431,53
1042,11	1456,11
1042,27	1554,41
1042,43	1490,92
1042,59	1437,67
1042,75	1435,63
1042,91	1402,86
