344,25	1271,79
344,46	1271,79
344,68	1271,79
344,90	1304,56
345,12	1282,03
345,34	1466,35
345,55	1435,63
345,77	1404,91
345,99	1406,95
346,21	1501,16
346,42	1433,58
346,64	1378,28
346,86	1345,52
347,08	1456,11
347,30	1384,43
347,51	1384,43
347,73	1441,77
347,95	1499,11
348,17	1368,04
348,38	1472,49
348,60	1492,97
348,82	1406,95
349,04	1402,86
349,25	1402,86
349,47	1466,35
349,69	1361,90
349,91	1562,60
350,13	1421,29
350,34	1394,67
350,56	1327,08
350,78	1384,43
351,00	1386,47
351,21	1413,10
351,43	1472,49
351,65	1429,48
351,87	1435,63
352,08	1415,15
352,30	1388,52
352,52	1417,19
352,74	1404,91
352,95	1476,59
353,17	1435,63
353,39	1409,00
353,61	1462,25
353,82	1409,00
354,04	1458,15
354,26	1409,00
354,47	1398,76
354,69	1372,14
354,91	1374,19
355,13	1415,15
355,34	1445,87
355,56	1421,29
355,78	1460,20
356,00	1521,64
356,21	1406,95
356,43	1355,76
356,65	1384,43
356,86	1437,67
357,08	1427,43
357,30	1470,44
357,52	1337,32
357,73	1470,44
357,95	1394,67
358,17	1368,04
358,38	1437,67
358,60	1417,19
358,82	1445,87
359,04	1527,78
359,25	1484,78
359,47	1482,73
359,69	1435,63
359,90	1349,61
360,12	1427,43
360,34	1439,72
360,56	1355,76
360,77	1542,12
360,99	1570,79
361,21	1390,57
361,42	1425,39
361,64	1464,30
361,86	1515,50
362,07	1517,54
362,29	1441,77
362,51	1443,82
362,73	1427,43
362,94	1480,68
363,16	1484,78
363,38	1470,44
363,59	1402,86
363,81	1482,73
364,03	1468,39
364,24	1505,26
364,46	1413,10
364,68	1540,07
364,89	1423,34
365,11	1529,83
365,33	1464,30
365,54	1585,13
365,76	1425,39
365,98	1583,08
366,19	1540,07
366,41	1535,98
366,63	1456,11
366,84	1443,82
367,06	1517,54
367,28	1488,87
367,49	1507,30
367,71	1466,35
367,93	1470,44
368,14	1566,70
368,36	1447,91
368,58	1439,72
368,79	1400,81
369,01	1492,97
369,23	1548,26
369,44	1447,91
369,66	1429,48
369,88	1515,50
370,09	1439,72
370,31	1394,67
370,53	1490,92
370,74	1521,64
370,96	1478,63
371,18	1435,63
371,39	1472,49
371,61	1394,67
371,82	1501,16
372,04	1429,48
372,26	1464,30
372,47	1482,73
372,69	1513,45
372,91	1574,89
373,12	1476,59
373,34	1464,30
373,56	1456,11
373,77	1456,11
373,99	1490,92
374,20	1470,44
374,42	1572,84
374,64	1613,80
374,85	1482,73
375,07	1501,16
375,29	1445,87
375,50	1394,67
375,72	1374,19
375,93	1497,07
376,15	1421,29
376,37	1501,16
376,58	1476,59
376,80	1474,54
377,01	1503,21
377,23	1505,26
377,45	1503,21
377,66	1466,35
377,88	1417,19
378,10	1505,26
378,31	1515,50
378,53	1521,64
378,74	1462,25
378,96	1488,87
379,18	1409,00
379,39	1449,96
379,61	1390,57
379,82	1353,71
380,04	1480,68
380,26	1488,87
380,47	1472,49
380,69	1564,65
380,90	1472,49
381,12	1402,86
381,33	1466,35
381,55	1466,35
381,77	1439,72
381,98	1454,06
382,20	1511,40
382,41	1439,72
382,63	1492,97
382,85	1495,02
383,06	1478,63
383,28	1554,41
383,49	1525,74
383,71	1462,25
383,92	1404,91
384,14	1411,05
384,36	1386,47
384,57	1357,80
384,79	1433,58
385,00	1472,49
385,22	1464,30
385,43	1433,58
385,65	1433,58
385,87	1464,30
386,08	1411,05
386,30	1452,01
386,51	1466,35
386,73	1398,76
386,94	1435,63
387,16	1445,87
387,37	1486,83
387,59	1413,10
387,81	1505,26
388,02	1445,87
388,24	1314,80
388,45	1431,53
388,67	1382,38
388,88	1497,07
389,10	1372,14
389,31	1529,83
389,53	1490,92
389,75	1460,20
389,96	1490,92
390,18	1466,35
390,39	1386,47
390,61	1460,20
390,82	1396,71
391,04	1386,47
391,25	1515,50
391,47	1327,08
391,68	1535,98
391,90	1511,40
392,11	1497,07
392,33	1390,57
392,54	1460,20
392,76	1411,05
392,97	1390,57
393,19	1470,44
393,41	1574,89
393,62	1488,87
393,84	1460,20
394,05	1480,68
394,27	1411,05
394,48	1439,72
394,70	1562,60
394,91	1511,40
395,13	1556,46
395,34	1464,30
395,56	1495,02
395,77	1556,46
395,99	1454,06
396,20	1454,06
396,42	1392,62
396,63	1396,71
396,85	1535,98
397,06	1478,63
397,28	1427,43
397,49	1558,50
397,71	1392,62
397,92	1513,45
398,14	1429,48
398,35	1533,93
398,57	1472,49
398,78	1554,41
399,00	1499,11
399,21	1404,91
399,43	1484,78
399,64	1439,72
399,86	1464,30
400,07	1499,11
400,29	1474,54
400,50	1542,12
400,72	1429,48
400,93	1548,26
401,14	1464,30
401,36	1445,87
401,57	1449,96
401,79	1564,65
402,00	1388,52
402,22	1447,91
402,43	1415,15
402,65	1472,49
402,86	1476,59
403,08	1517,54
403,29	1513,45
403,51	1464,30
403,72	1499,11
403,94	1503,21
404,15	1492,97
404,36	1538,02
404,58	1710,05
404,79	1505,26
405,01	1376,24
405,22	1503,21
405,44	1404,91
405,65	1437,67
405,87	1499,11
406,08	1443,82
406,30	1507,30
406,51	1472,49
406,72	1525,74
406,94	1466,35
407,15	1566,70
407,37	1503,21
407,58	1388,52
407,80	1492,97
408,01	1480,68
408,23	1486,83
408,44	1435,63
408,65	1402,86
408,87	1437,67
409,08	1472,49
409,30	1495,02
409,51	1542,12
409,73	1396,71
409,94	1476,59
410,15	1562,60
410,37	1519,59
410,58	1499,11
410,80	1390,57
411,01	1480,68
411,23	1439,72
411,44	1396,71
411,65	1587,18
411,87	1515,50
412,08	1394,67
412,30	1460,20
412,51	1476,59
412,72	1503,21
412,94	1441,77
413,15	1353,71
413,37	1529,83
413,58	1458,15
413,79	1454,06
414,01	1449,96
414,22	1513,45
414,44	1523,69
414,65	1511,40
414,86	1466,35
415,08	1452,01
415,29	1390,57
415,51	1501,16
415,72	1419,24
415,93	1390,57
416,15	1409,00
416,36	1540,07
416,58	1458,15
416,79	1427,43
417,00	1503,21
417,22	1470,44
417,43	1413,10
417,65	1562,60
417,86	1452,01
418,07	1478,63
418,29	1472,49
418,50	1470,44
418,71	1347,56
418,93	1447,91
419,14	1382,38
419,36	1402,86
419,57	1462,25
419,78	1521,64
420,00	1409,00
420,21	1538,02
420,42	1466,35
420,64	1468,39
420,85	1402,86
421,06	1480,68
421,28	1445,87
421,49	1509,35
421,71	1546,22
421,92	1511,40
422,13	1425,39
422,35	1538,02
422,56	1429,48
422,77	1521,64
422,99	1468,39
423,20	1495,02
423,41	1382,38
423,63	1474,54
423,84	1529,83
424,05	1521,64
424,27	1462,25
424,48	1406,95
424,69	1423,34
424,91	1732,58
425,12	1454,06
425,33	1511,40
425,55	1503,21
425,76	1390,57
425,97	1511,40
426,19	1497,07
426,40	1468,39
426,61	1521,64
426,83	1460,20
427,04	1499,11
427,25	1431,53
427,47	1585,13
427,68	1419,24
427,89	1509,35
428,11	1402,86
428,32	1484,78
428,53	1501,16
428,75	1394,67
428,96	1535,98
429,17	1472,49
429,39	1538,02
429,60	1443,82
429,81	1529,83
430,03	1578,98
430,24	1374,19
430,45	1495,02
430,67	1388,52
430,88	1456,11
431,09	1478,63
431,30	1439,72
431,52	1458,15
431,73	1470,44
431,94	1507,30
432,16	1554,41
432,37	1503,21
432,58	1462,25
432,80	1460,20
433,01	1538,02
433,22	1425,39
433,43	1560,55
433,65	1468,39
433,86	1368,04
434,07	1447,91
434,29	1452,01
434,50	1406,95
434,71	1503,21
434,92	1540,07
435,14	1447,91
435,35	1509,35
435,56	1568,74
435,77	1419,24
435,99	1419,24
436,20	1456,11
436,41	1421,29
436,63	1531,88
436,84	1454,06
437,05	1357,80
437,26	1519,59
437,48	1462,25
437,69	1581,03
437,90	1452,01
438,11	1437,67
438,33	1435,63
438,54	1488,87
438,75	1495,02
438,96	1521,64
439,18	1462,25
439,39	1460,20
439,60	1513,45
439,82	1449,96
440,03	1554,41
440,24	1521,64
440,45	1388,52
440,67	1439,72
440,88	1456,11
441,09	1486,83
441,30	1396,71
441,51	1501,16
441,73	1386,47
441,94	1470,44
442,15	1384,43
442,36	1482,73
442,58	1507,30
442,79	1476,59
443,00	1398,76
443,21	1540,07
443,43	1480,68
443,64	1529,83
443,85	1484,78
444,06	1488,87
444,28	1531,88
444,49	1495,02
444,70	1443,82
444,91	1562,60
445,12	1521,64
445,34	1429,48
445,55	1468,39
445,76	1472,49
445,97	1499,11
446,18	1492,97
446,40	1488,87
446,61	1413,10
446,82	1472,49
447,03	1570,79
447,25	1511,40
447,46	1454,06
447,67	1460,20
447,88	1515,50
448,09	1503,21
448,31	1560,55
448,52	1441,77
448,73	1492,97
448,94	1458,15
449,15	1558,50
449,37	1452,01
449,58	1566,70
449,79	1505,26
450,00	1558,50
450,21	1452,01
450,43	1527,78
450,64	1462,25
450,85	1488,87
451,06	1540,07
451,27	1490,92
451,48	1552,36
451,70	1505,26
451,91	1427,43
452,12	1497,07
452,33	1472,49
452,54	1535,98
452,76	1478,63
452,97	1578,98
453,18	1452,01
453,39	1454,06
453,60	1486,83
453,81	1423,34
454,03	1554,41
454,24	1568,74
454,45	1497,07
454,66	1460,20
454,87	1392,62
455,08	1470,44
455,30	1499,11
455,51	1495,02
455,72	1501,16
455,93	1581,03
456,14	1478,63
456,35	1562,60
456,56	1521,64
456,78	1560,55
456,99	1484,78
457,20	1531,88
457,41	1546,22
457,62	1548,26
457,83	1525,74
458,04	1423,34
458,26	1568,74
458,47	1503,21
458,68	1525,74
458,89	1542,12
459,10	1415,15
459,31	1478,63
459,52	1546,22
459,74	1492,97
459,95	1538,02
460,16	1472,49
460,37	1591,27
460,58	1572,84
460,79	1554,41
461,00	1535,98
461,21	1499,11
461,43	1513,45
461,64	1560,55
461,85	1529,83
462,06	1464,30
462,27	1437,67
462,48	1495,02
462,69	1566,70
462,90	1439,72
463,12	1499,11
463,33	1527,78
463,54	1474,54
463,75	1593,32
463,96	1617,90
464,17	1533,93
464,38	1478,63
464,59	1529,83
464,80	1519,59
465,01	1523,69
465,23	1499,11
465,44	1554,41
465,65	1583,08
465,86	1439,72
466,07	1486,83
466,28	1519,59
466,49	1587,18
466,70	1538,02
466,91	1556,46
467,12	1556,46
467,33	1449,96
467,55	1472,49
467,76	1484,78
467,97	1525,74
468,18	1505,26
468,39	1466,35
468,60	1587,18
468,81	1517,54
469,02	1585,13
469,23	1540,07
469,44	1507,30
469,65	1501,16
469,86	1572,84
470,07	1535,98
470,29	1585,13
470,50	1564,65
470,71	1546,22
470,92	1638,38
471,13	1538,02
471,34	1529,83
471,55	1445,87
471,76	1527,78
471,97	1468,39
472,18	1484,78
472,39	1550,31
472,60	1554,41
472,81	1533,93
473,02	1447,91
473,23	1585,13
473,44	1509,35
473,65	1519,59
473,87	1329,13
474,08	1540,07
474,29	1460,20
474,50	1574,89
474,71	1449,96
474,92	1624,04
475,13	1587,18
475,34	1554,41
475,55	1449,96
475,76	1505,26
475,97	1599,46
476,18	1482,73
476,39	1527,78
476,60	1517,54
476,81	1546,22
477,02	1503,21
477,23	1542,12
477,44	1486,83
477,65	1488,87
477,86	1529,83
478,07	1568,74
478,28	1538,02
478,49	1484,78
478,70	1628,14
478,91	1656,81
479,12	1527,78
479,33	1472,49
479,54	1552,36
479,75	1523,69
479,96	1560,55
480,17	1507,30
480,38	1572,84
480,59	1501,16
480,80	1550,31
481,01	1544,17
481,22	1519,59
481,43	1492,97
481,64	1486,83
481,85	1566,70
482,06	1517,54
482,27	1642,47
482,48	1570,79
482,69	1660,90
482,90	1591,27
483,11	1634,28
483,32	1554,41
483,53	1474,54
483,74	1552,36
483,95	1609,70
484,16	1437,67
484,37	1552,36
484,58	1650,66
484,79	1533,93
485,00	1497,07
485,21	1490,92
485,42	1595,37
485,63	1605,61
485,84	1529,83
486,05	1542,12
486,26	1611,75
486,47	1630,18
486,68	1609,70
486,89	1587,18
487,10	1574,89
487,31	1589,22
487,52	1546,22
487,73	1607,66
487,94	1548,26
488,15	1509,35
488,36	1617,90
488,57	1501,16
488,77	1566,70
488,98	1583,08
489,19	1544,17
489,40	1617,90
489,61	1554,41
489,82	1595,37
490,03	1669,09
490,24	1488,87
490,45	1654,76
490,66	1558,50
490,87	1619,94
491,08	1540,07
491,29	1611,75
491,50	1552,36
491,71	1546,22
491,92	1634,28
492,13	1523,69
492,33	1562,60
492,54	1585,13
492,75	1572,84
492,96	1578,98
493,17	1578,98
493,38	1531,88
493,59	1546,22
493,80	1617,90
494,01	1566,70
494,22	1720,29
494,43	1611,75
494,64	1546,22
494,85	1568,74
495,05	1611,75
495,26	1646,57
495,47	1695,72
495,68	1550,31
495,89	1581,03
496,10	1474,54
496,31	1626,09
496,52	1572,84
496,73	1654,76
496,94	1533,93
497,15	1748,97
497,35	1662,95
497,56	1615,85
497,77	1587,18
497,98	1650,66
498,19	1628,14
498,40	1638,38
498,61	1726,44
498,82	1503,21
499,03	1542,12
499,23	1638,38
499,44	1566,70
499,65	1681,38
499,86	1652,71
500,07	1587,18
500,28	1619,94
500,49	1605,61
500,70	1671,14
500,91	1685,48
501,11	1658,85
501,32	1689,57
501,53	1697,77
501,74	1673,19
501,95	1583,08
502,16	1595,37
502,37	1581,03
502,57	1640,42
502,78	1566,70
502,99	1638,38
503,20	1595,37
503,41	1603,56
503,62	1701,86
503,83	1720,29
504,03	1648,61
504,24	1685,48
504,45	1611,75
504,66	1533,93
504,87	1697,77
505,08	1632,23
505,29	1601,51
505,49	1669,09
505,70	1650,66
505,91	1681,38
506,12	1644,52
506,33	1732,58
506,54	1640,42
506,75	1689,57
506,95	1619,94
507,16	1648,61
507,37	1636,33
507,58	1644,52
507,79	1683,43
508,00	1660,90
508,20	1574,89
508,41	1538,02
508,62	1656,81
508,83	1589,22
509,04	1552,36
509,24	1683,43
509,45	1886,18
509,66	1665,00
509,87	1689,57
510,08	1652,71
510,29	1728,49
510,49	1675,24
510,70	1693,67
510,91	1677,29
511,12	1660,90
511,33	1621,99
511,53	1605,61
511,74	1603,56
511,95	1560,55
512,16	1699,81
512,37	1744,87
512,57	1632,23
512,78	1648,61
512,99	1660,90
513,20	1669,09
513,41	1794,02
513,61	1632,23
513,82	1675,24
514,03	1607,66
514,24	1693,67
514,45	1683,43
514,65	1628,14
514,86	1595,37
515,07	1662,95
515,28	1578,98
515,49	1648,61
515,69	1581,03
515,90	1609,70
516,11	1716,20
516,32	1679,33
516,52	1562,60
516,73	1681,38
516,94	1693,67
517,15	1654,76
517,36	1681,38
517,56	1701,86
517,77	1626,09
517,98	1726,44
518,19	1646,57
518,39	1558,50
518,60	1576,94
518,81	1779,68
519,02	1654,76
519,22	1617,90
519,43	1673,19
519,64	1722,34
519,85	1501,16
520,05	1648,61
520,26	1617,90
520,47	1642,47
520,68	1546,22
520,88	1654,76
521,09	1634,28
521,30	1658,85
521,51	1660,90
521,71	1578,98
521,92	1560,55
522,13	1648,61
522,34	1597,42
522,54	1677,29
522,75	1562,60
522,96	1720,29
523,17	1650,66
523,37	1636,33
523,58	1619,94
523,79	1646,57
523,99	1619,94
524,20	1652,71
524,41	1619,94
524,62	1728,49
524,82	1615,85
525,03	1699,81
525,24	1646,57
525,45	1632,23
525,65	1642,47
525,86	1781,73
526,07	1574,89
526,27	1660,90
526,48	1656,81
526,69	1601,51
526,90	1601,51
527,10	1714,15
527,31	1505,26
527,52	1615,85
527,72	1562,60
527,93	1691,62
528,14	1552,36
528,34	1710,05
528,55	1578,98
528,76	1669,09
528,97	1599,46
529,17	1714,15
529,38	1654,76
529,59	1679,33
529,79	1613,80
530,00	1632,23
530,21	1748,97
530,41	1646,57
530,62	1654,76
530,83	1751,01
531,03	1712,10
531,24	1667,05
531,45	1689,57
531,65	1677,29
531,86	1712,10
532,07	1673,19
532,27	1630,18
532,48	1644,52
532,69	1589,22
532,89	1669,09
533,10	1701,86
533,31	1562,60
533,51	1554,41
533,72	1642,47
533,93	1667,05
534,13	1712,10
534,34	1570,79
534,55	1632,23
534,75	1658,85
534,96	1769,44
535,17	1583,08
535,37	1742,82
535,58	1646,57
535,79	1615,85
535,99	1542,12
536,20	1603,56
536,41	1617,90
536,61	1587,18
536,82	1726,44
537,03	1681,38
537,23	1587,18
537,44	1619,94
537,64	1603,56
537,85	1607,66
538,06	1595,37
538,26	1615,85
538,47	1572,84
538,68	1628,14
538,88	1558,50
539,09	1626,09
539,30	1597,42
539,50	1742,82
539,71	1712,10
539,91	1681,38
540,12	1697,77
540,33	1568,74
540,53	1583,08
540,74	1593,32
540,94	1712,10
541,15	1609,70
541,36	1636,33
541,56	1626,09
541,77	1656,81
541,98	1619,94
542,18	1667,05
542,39	1687,53
542,59	1650,66
542,80	1615,85
543,01	1599,46
543,21	1615,85
543,42	1607,66
543,62	1699,81
543,83	1601,51
544,04	1593,32
544,24	1574,89
544,45	1554,41
544,65	1617,90
544,86	1642,47
545,06	1673,19
545,27	1601,51
545,48	1492,97
545,68	1611,75
545,89	1581,03
546,09	1554,41
546,30	1607,66
546,51	1554,41
546,71	1665,00
546,92	1583,08
547,12	1605,61
547,33	1689,57
547,53	1542,12
547,74	1538,02
547,95	1617,90
548,15	1646,57
548,36	1632,23
548,56	1587,18
548,77	1615,85
548,97	1652,71
549,18	1558,50
549,39	1568,74
549,59	1591,27
549,80	1517,54
550,00	1525,74
550,21	1538,02
550,41	1558,50
550,62	1632,23
550,82	1531,88
551,03	1527,78
551,23	1546,22
551,44	1529,83
551,65	1572,84
551,85	1566,70
552,06	1572,84
552,26	1533,93
552,47	1560,55
552,67	1499,11
552,88	1572,84
553,08	1583,08
553,29	1669,09
553,49	1574,89
553,70	1538,02
553,90	1628,14
554,11	1533,93
554,32	1632,23
554,52	1552,36
554,73	1601,51
554,93	1529,83
555,14	1578,98
555,34	1701,86
555,55	1646,57
555,75	1593,32
555,96	1597,42
556,16	1513,45
556,37	1677,29
556,57	1519,59
556,78	1626,09
556,98	1583,08
557,19	1601,51
557,39	1611,75
557,60	1599,46
557,80	1576,94
558,01	1660,90
558,21	1632,23
558,42	1583,08
558,62	1603,56
558,83	1705,96
559,03	1587,18
559,24	1667,05
559,44	1615,85
559,65	1658,85
559,85	1628,14
560,06	1591,27
560,26	1589,22
560,47	1648,61
560,67	1705,96
560,88	1611,75
561,08	1677,29
561,29	1800,16
561,49	1656,81
561,70	1648,61
561,90	1658,85
562,10	1624,04
562,31	1648,61
562,51	1705,96
562,72	1640,42
562,92	1712,10
563,13	1753,06
563,33	1718,25
563,54	1679,33
563,74	1789,92
563,95	1689,57
564,15	1746,92
564,36	1775,59
564,56	1705,96
564,76	1753,06
564,97	1654,76
565,17	1726,44
565,38	1822,69
565,58	1701,86
565,79	1822,69
565,99	1759,21
566,20	1841,12
566,40	1746,92
566,60	1765,35
566,81	1806,31
567,01	1869,80
567,22	1785,83
567,42	1775,59
567,63	1748,97
567,83	1884,13
568,04	1812,45
568,24	1812,45
568,44	1851,36
568,65	1800,16
568,85	1740,77
569,06	1761,25
569,26	1777,64
569,47	1812,45
569,67	1814,50
569,87	1871,84
570,08	1740,77
570,28	1695,72
570,49	1771,49
570,69	1861,60
570,89	1894,37
571,10	1808,36
571,30	1699,81
571,51	1859,56
571,71	1763,30
571,91	1818,60
572,12	1908,71
572,32	1849,32
572,53	1787,88
572,73	1873,89
572,93	1849,32
573,14	1820,64
573,34	1818,60
573,55	1800,16
573,75	1800,16
573,95	1722,34
574,16	1812,45
574,36	1767,40
574,57	1791,97
574,77	1763,30
574,97	1810,40
575,18	1882,08
575,38	1783,78
575,59	1861,60
575,79	1824,74
575,99	1888,23
576,20	1802,21
576,40	1888,23
576,60	1894,37
576,81	1777,64
577,01	1847,27
577,22	1910,75
577,42	1791,97
577,62	1884,13
577,83	1863,65
578,03	1904,61
578,23	1857,51
578,44	1945,57
578,64	1806,31
578,84	1873,89
579,05	1845,22
579,25	1892,32
579,45	1777,64
579,66	1720,29
579,86	1789,92
580,07	1894,37
580,27	1859,56
580,47	1824,74
580,68	1701,86
580,88	1781,73
581,08	1759,21
581,29	1732,58
581,49	1869,80
581,69	1945,57
581,90	1767,40
582,10	1769,44
582,30	1726,44
582,51	1843,17
582,71	1810,40
582,91	1771,49
583,12	1888,23
583,32	1777,64
583,52	1759,21
583,73	1832,93
583,93	1771,49
584,13	1839,08
584,34	1738,73
584,54	1759,21
584,74	1880,04
584,94	1845,22
585,15	1810,40
585,35	1970,15
585,55	1910,75
585,76	1806,31
585,96	1806,31
586,16	1791,97
586,37	1773,54
586,57	1896,42
586,77	1867,75
586,98	1859,56
587,18	1931,23
587,38	1947,62
587,58	1892,32
587,79	1914,85
587,99	1818,60
588,19	2000,87
588,40	1875,94
588,60	2019,30
588,80	1912,80
589,00	1996,77
589,21	1978,34
589,41	1898,47
589,61	1961,95
589,82	1974,24
590,02	2009,06
590,22	1951,71
590,42	2062,30
590,63	2033,63
590,83	2033,63
591,03	1972,19
591,23	1906,66
591,44	1980,39
591,64	2062,30
591,84	2095,07
592,05	2062,30
592,25	2117,60
592,45	2009,06
592,65	2070,50
592,86	2045,92
593,06	2078,69
593,26	1943,52
593,46	2066,40
593,67	2050,02
593,87	2090,98
594,07	1964,00
594,27	2088,93
594,48	2023,39
594,68	2099,17
594,88	1951,71
595,08	2074,59
595,29	2033,63
595,49	2117,60
595,69	2062,30
595,89	2050,02
596,10	2146,27
596,30	2148,32
596,50	2054,11
596,70	2142,18
596,90	2179,04
597,11	2156,51
597,31	2041,82
597,51	2111,46
597,71	2074,59
597,92	2095,07
598,12	2062,30
598,32	2103,26
598,52	2142,18
598,72	2007,01
598,93	2043,87
599,13	2193,37
599,33	2179,04
599,53	2152,42
599,74	2027,49
599,94	2144,22
600,14	2043,87
600,34	2154,46
600,54	2127,84
600,75	2062,30
600,95	1994,72
601,15	2025,44
601,35	1968,10
601,55	2074,59
601,76	1849,32
601,96	2164,70
602,16	2011,11
602,36	2027,49
602,56	1988,58
602,76	1920,99
602,97	1914,85
603,17	1951,71
603,37	1861,60
603,57	1849,32
603,77	1796,07
603,98	1902,56
604,18	1855,46
604,38	1857,51
604,58	1767,40
604,78	1802,21
604,98	1818,60
605,19	1728,49
605,39	1828,84
605,59	1748,97
605,79	1785,83
605,99	1642,47
606,19	1693,67
606,40	1724,39
606,60	1736,68
606,80	1665,00
607,00	1673,19
607,20	1660,90
607,40	1636,33
607,61	1644,52
607,81	1738,73
608,01	1669,09
608,21	1802,21
608,41	1636,33
608,61	1624,04
608,81	1529,83
609,02	1632,23
609,22	1656,81
609,42	1599,46
609,62	1669,09
609,82	1677,29
610,02	1681,38
610,22	1689,57
610,43	1591,27
610,63	1605,61
610,83	1619,94
611,03	1648,61
611,23	1605,61
611,43	1777,64
611,63	1619,94
611,83	1574,89
612,04	1677,29
612,24	1763,30
612,44	1654,76
612,64	1564,65
612,84	1568,74
613,04	1636,33
613,24	1697,77
613,44	1673,19
613,64	1681,38
613,85	1746,92
614,05	1697,77
614,25	1755,11
614,45	1632,23
614,65	1769,44
614,85	1669,09
615,05	1767,40
615,25	1800,16
615,45	1650,66
615,65	1787,88
615,86	1841,12
616,06	1767,40
616,26	1884,13
616,46	1771,49
616,66	1753,06
616,86	1892,32
617,06	1808,36
617,26	1828,84
617,46	1902,56
617,66	1873,89
617,86	1953,76
618,07	1914,85
618,27	2017,25
618,47	1937,38
618,67	1943,52
618,87	1923,04
619,07	2074,59
619,27	2103,26
619,47	2164,70
619,67	2205,66
619,87	2039,78
620,07	2101,22
620,27	2394,08
620,47	2146,27
620,67	2414,56
620,87	2299,87
621,07	2541,53
621,28	2281,44
621,48	2510,81
621,68	2252,77
621,88	2508,76
622,08	2521,05
622,28	2584,54
622,48	2478,04
622,68	2721,75
622,88	2680,79
623,08	2922,45
623,28	2598,87
623,48	2840,53
623,68	2854,87
623,88	3035,09
624,08	2922,45
624,28	2959,31
624,48	2981,84
624,68	3219,41
624,88	2987,99
625,08	3348,43
625,28	3147,73
625,48	3551,18
625,68	3475,40
625,88	3921,86
626,08	3270,61
626,28	3772,36
626,48	3428,30
626,68	3798,98
626,88	3590,09
627,08	3803,08
627,28	4108,23
627,48	4032,45
627,68	3641,29
627,88	4112,32
628,08	3917,76
628,28	4229,06
628,49	3891,14
628,68	4177,86
628,88	3837,89
629,08	4478,91
629,28	4179,90
629,48	4245,44
629,68	3981,25
629,88	4564,92
630,08	4147,14
630,28	4241,34
630,48	4130,75
630,68	4114,37
630,88	3909,57
631,08	4231,10
631,28	3629,00
631,48	3829,70
631,68	3411,92
631,88	3571,66
632,08	3516,36
632,28	3409,87
632,48	3119,06
632,68	3366,86
632,88	2957,27
633,08	3125,20
633,28	2799,57
633,48	3008,47
633,68	2516,95
633,88	2605,02
634,08	2465,75
634,28	2420,70
634,48	2336,73
634,68	2367,45
634,88	2109,41
635,08	2144,22
635,28	2082,78
635,48	2011,11
635,68	1832,93
635,87	1959,91
636,07	1851,36
636,27	1843,17
636,47	1837,03
636,67	1863,65
636,87	1746,92
637,07	1806,31
637,27	1636,33
637,47	1693,67
637,67	1849,32
637,87	1587,18
638,07	1722,34
638,27	1503,21
638,47	1613,80
638,67	1607,66
638,86	1550,31
639,06	1533,93
639,26	1619,94
639,46	1460,20
639,66	1552,36
639,86	1583,08
640,06	1564,65
640,26	1486,83
640,46	1597,42
640,66	1578,98
640,86	1566,70
641,06	1456,11
641,25	1531,88
641,45	1527,78
641,65	1513,45
641,85	1472,49
642,05	1505,26
642,25	1550,31
642,45	1519,59
642,65	1480,68
642,85	1509,35
643,05	1443,82
643,24	1552,36
643,44	1525,74
643,64	1488,87
643,84	1478,63
644,04	1370,09
644,24	1499,11
644,44	1466,35
644,64	1486,83
644,84	1482,73
645,03	1439,72
645,23	1552,36
645,43	1372,14
645,63	1525,74
645,83	1484,78
646,03	1497,07
646,23	1460,20
646,42	1591,27
646,62	1454,06
646,82	1429,48
647,02	1435,63
647,22	1501,16
647,42	1413,10
647,62	1413,10
647,82	1492,97
648,01	1619,94
648,21	1406,95
648,41	1402,86
648,61	1574,89
648,81	1511,40
649,01	1548,26
649,20	1533,93
649,40	1402,86
649,60	1429,48
649,80	1531,88
650,00	1417,19
650,20	1445,87
650,40	1456,11
650,59	1343,47
650,79	1501,16
650,99	1480,68
651,19	1449,96
651,39	1406,95
651,58	1499,11
651,78	1460,20
651,98	1507,30
652,18	1366,00
652,38	1503,21
652,58	1351,66
652,77	1497,07
652,97	1529,83
653,17	1411,05
653,37	1439,72
653,57	1484,78
653,77	1460,20
653,96	1523,69
654,16	1435,63
654,36	1427,43
654,56	1468,39
654,76	1503,21
654,95	1421,29
655,15	1468,39
655,35	1363,95
655,55	1472,49
655,75	1441,77
655,94	1474,54
656,14	1419,24
656,34	1470,44
656,54	1411,05
656,73	1435,63
656,93	1396,71
657,13	1578,98
657,33	1472,49
657,53	1435,63
657,72	1464,30
657,92	1437,67
658,12	1460,20
658,32	1501,16
658,52	1382,38
658,71	1341,42
658,91	1404,91
659,11	1525,74
659,31	1480,68
659,50	1460,20
659,70	1409,00
659,90	1554,41
660,10	1406,95
660,29	1431,53
660,49	1413,10
660,69	1454,06
660,89	1396,71
661,08	1425,39
661,28	1443,82
661,48	1361,90
661,68	1384,43
661,87	1421,29
662,07	1366,00
662,27	1406,95
662,47	1433,58
662,66	1474,54
662,86	1394,67
663,06	1427,43
663,26	1378,28
663,45	1433,58
663,65	1460,20
663,85	1472,49
664,05	1413,10
664,24	1421,29
664,44	1492,97
664,64	1415,15
664,84	1454,06
665,03	1486,83
665,23	1482,73
665,43	1433,58
665,62	1411,05
665,82	1478,63
666,02	1447,91
666,22	1480,68
666,41	1388,52
666,61	1433,58
666,81	1452,01
667,00	1366,00
667,20	1386,47
667,40	1423,34
667,60	1380,33
667,79	1409,00
667,99	1370,09
668,19	1439,72
668,38	1443,82
668,58	1449,96
668,78	1372,14
668,97	1519,59
669,17	1472,49
669,37	1423,34
669,57	1384,43
669,76	1431,53
669,96	1507,30
670,16	1398,76
670,35	1402,86
670,55	1501,16
670,75	1415,15
670,94	1484,78
671,14	1464,30
671,34	1425,39
671,53	1431,53
671,73	1443,82
671,93	1480,68
672,12	1488,87
672,32	1423,34
672,52	1423,34
672,71	1417,19
672,91	1439,72
673,11	1394,67
673,30	1519,59
673,50	1411,05
673,70	1339,37
673,89	1415,15
674,09	1431,53
674,29	1445,87
674,48	1460,20
674,68	1509,35
674,88	1501,16
675,07	1492,97
675,27	1425,39
675,46	1441,77
675,66	1417,19
675,86	1482,73
676,05	1587,18
676,25	1445,87
676,45	1460,20
676,64	1433,58
676,84	1554,41
677,04	1425,39
677,23	1533,93
677,43	1394,67
677,62	1548,26
677,82	1458,15
678,02	1435,63
678,21	1404,91
678,41	1392,62
678,61	1454,06
678,80	1415,15
679,00	1368,04
679,19	1480,68
679,39	1464,30
679,59	1521,64
679,78	1353,71
679,98	1462,25
680,17	1378,28
680,37	1402,86
680,57	1331,18
680,76	1454,06
680,96	1392,62
681,16	1353,71
681,35	1460,20
681,55	1464,30
681,74	1380,33
681,94	1425,39
682,13	1472,49
682,33	1370,09
682,53	1388,52
682,72	1505,26
682,92	1437,67
683,11	1429,48
683,31	1474,54
683,51	1439,72
683,70	1417,19
683,90	1452,01
684,09	1529,83
684,29	1482,73
684,48	1415,15
684,68	1429,48
684,88	1468,39
685,07	1464,30
685,27	1402,86
685,46	1462,25
685,66	1458,15
685,85	1417,19
686,05	1523,69
686,25	1466,35
686,44	1447,91
686,64	1488,87
686,83	1490,92
687,03	1482,73
687,22	1447,91
687,42	1359,85
687,61	1499,11
687,81	1427,43
688,01	1505,26
688,20	1443,82
688,40	1468,39
688,59	1370,09
688,79	1474,54
688,98	1445,87
689,18	1380,33
689,37	1406,95
689,57	1382,38
689,76	1435,63
689,96	1452,01
690,15	1402,86
690,35	1406,95
690,54	1449,96
690,74	1456,11
690,94	1378,28
691,13	1456,11
691,33	1445,87
691,52	1402,86
691,72	1415,15
691,91	1337,32
692,11	1433,58
692,30	1384,43
692,50	1435,63
692,69	1406,95
692,89	1423,34
693,08	1353,71
693,28	1470,44
693,47	1374,19
693,67	1472,49
693,86	1363,95
694,06	1452,01
694,25	1331,18
694,45	1484,78
694,64	1376,24
694,84	1466,35
695,03	1454,06
695,23	1435,63
695,42	1445,87
695,62	1390,57
695,81	1417,19
696,01	1456,11
696,20	1507,30
696,40	1460,20
696,59	1409,00
696,78	1468,39
696,98	1521,64
697,17	1476,59
697,37	1468,39
697,56	1492,97
697,76	1478,63
697,95	1542,12
698,15	1474,54
698,34	1492,97
698,54	1388,52
698,73	1581,03
698,93	1390,57
699,12	1409,00
699,32	1417,19
699,51	1431,53
699,70	1361,90
699,90	1382,38
700,09	1470,44
700,29	1368,04
700,48	1456,11
700,68	1394,67
700,87	1400,81
701,07	1396,71
701,26	1406,95
701,45	1425,39
701,65	1361,90
701,84	1353,71
702,04	1417,19
702,23	1378,28
702,43	1419,24
702,62	1427,43
702,81	1443,82
703,01	1464,30
703,20	1476,59
703,40	1386,47
703,59	1388,52
703,79	1462,25
703,98	1433,58
704,17	1472,49
704,37	1431,53
704,56	1505,26
704,76	1400,81
704,95	1406,95
705,14	1402,86
705,34	1368,04
705,53	1439,72
705,73	1392,62
705,92	1363,95
706,11	1462,25
706,31	1398,76
706,50	1409,00
706,70	1406,95
706,89	1462,25
707,08	1468,39
707,28	1492,97
707,47	1419,24
707,67	1421,29
707,86	1452,01
708,05	1456,11
708,25	1433,58
708,44	1425,39
708,64	1419,24
708,83	1429,48
709,02	1343,47
709,22	1351,66
709,41	1345,52
709,60	1480,68
709,80	1437,67
709,99	1376,24
710,19	1417,19
710,38	1437,67
710,57	1322,99
710,77	1419,24
710,96	1402,86
711,15	1435,63
711,35	1460,20
711,54	1515,50
711,73	1394,67
711,93	1376,24
712,12	1415,15
712,31	1394,67
712,51	1427,43
712,70	1431,53
712,89	1363,95
713,09	1447,91
713,28	1366,00
713,48	1380,33
713,67	1445,87
713,86	1433,58
714,06	1462,25
714,25	1372,14
714,44	1413,10
714,64	1472,49
714,83	1325,04
715,02	1406,95
715,22	1433,58
715,41	1456,11
715,60	1320,94
715,79	1400,81
715,99	1431,53
716,18	1495,02
716,37	1378,28
716,57	1372,14
716,76	1452,01
716,95	1452,01
717,15	1366,00
717,34	1337,32
717,53	1419,24
717,73	1449,96
717,92	1404,91
718,11	1521,64
718,31	1392,62
718,50	1521,64
718,69	1361,90
718,88	1372,14
719,08	1413,10
719,27	1421,29
719,46	1433,58
719,66	1421,29
719,85	1388,52
720,04	1357,80
720,23	1400,81
720,43	1478,63
720,62	1374,19
720,81	1298,41
721,01	1409,00
721,20	1478,63
721,39	1390,57
721,58	1396,71
721,78	1361,90
721,97	1458,15
722,16	1345,52
722,35	1327,08
722,55	1390,57
722,74	1419,24
722,93	1462,25
723,13	1378,28
723,32	1425,39
723,51	1368,04
723,70	1331,18
723,90	1415,15
724,09	1390,57
724,28	1331,18
724,47	1425,39
724,67	1441,77
724,86	1435,63
725,05	1359,85
725,24	1429,48
725,44	1320,94
725,63	1390,57
725,82	1376,24
726,01	1325,04
726,21	1384,43
726,40	1462,25
726,59	1529,83
726,78	1419,24
726,97	1341,42
727,17	1390,57
727,36	1464,30
727,55	1429,48
727,74	1349,61
727,94	1378,28
728,13	1425,39
728,32	1396,71
728,51	1329,13
728,70	1357,80
728,90	1404,91
729,09	1400,81
729,28	1366,00
729,47	1441,77
729,66	1431,53
729,86	1443,82
730,05	1415,15
730,24	1374,19
730,43	1359,85
730,63	1374,19
730,82	1490,92
731,01	1384,43
731,20	1429,48
731,39	1417,19
731,58	1425,39
731,78	1458,15
731,97	1366,00
732,16	1363,95
732,35	1382,38
732,54	1417,19
732,74	1443,82
732,93	1380,33
733,12	1339,37
733,31	1392,62
733,50	1382,38
733,69	1361,90
733,89	1470,44
734,08	1462,25
734,27	1466,35
734,46	1409,00
734,65	1341,42
734,84	1386,47
735,04	1490,92
735,23	1355,76
735,42	1474,54
735,61	1419,24
735,80	1501,16
735,99	1421,29
736,19	1374,19
736,38	1306,60
736,57	1437,67
736,76	1322,99
736,95	1445,87
737,14	1441,77
737,33	1439,72
737,53	1449,96
737,72	1378,28
737,91	1316,84
738,10	1427,43
738,29	1353,71
738,48	1402,86
738,67	1433,58
738,87	1439,72
739,06	1316,84
739,25	1425,39
739,44	1384,43
739,63	1515,50
739,82	1435,63
740,01	1413,10
740,20	1376,24
740,40	1435,63
740,59	1449,96
740,78	1435,63
740,97	1466,35
741,16	1406,95
741,35	1409,00
741,54	1525,74
741,73	1394,67
741,92	1368,04
742,12	1355,76
742,31	1349,61
742,50	1488,87
742,69	1357,80
742,88	1382,38
743,07	1417,19
743,26	1427,43
743,45	1460,20
743,64	1357,80
743,83	1384,43
744,02	1341,42
744,22	1452,01
744,41	1421,29
744,60	1382,38
744,79	1460,20
744,98	1445,87
745,17	1341,42
745,36	1386,47
745,55	1490,92
745,74	1445,87
745,93	1409,00
746,12	1454,06
746,31	1447,91
746,50	1458,15
746,70	1423,34
746,89	1386,47
747,08	1386,47
747,27	1298,41
747,46	1386,47
747,65	1400,81
747,84	1462,25
748,03	1331,18
748,22	1329,13
748,41	1482,73
748,60	1519,59
748,79	1447,91
748,98	1361,90
749,17	1441,77
749,36	1419,24
749,55	1406,95
749,74	1374,19
749,93	1550,31
750,12	1368,04
750,31	1411,05
750,50	1454,06
750,70	1484,78
750,89	1488,87
751,08	1515,50
751,27	1460,20
751,46	1439,72
751,65	1472,49
751,84	1456,11
752,03	1378,28
752,22	1398,76
752,41	1406,95
752,60	1435,63
752,79	1437,67
752,98	1376,24
753,17	1409,00
753,36	1488,87
753,55	1470,44
753,74	1357,80
753,93	1472,49
754,12	1462,25
754,31	1435,63
754,50	1497,07
754,69	1517,54
754,88	1427,43
755,07	1490,92
755,26	1417,19
755,45	1345,52
755,64	1462,25
755,83	1374,19
756,02	1458,15
756,21	1443,82
756,40	1482,73
756,59	1341,42
756,78	1441,77
756,97	1452,01
757,16	1427,43
757,35	1540,07
757,54	1468,39
757,72	1437,67
757,91	1443,82
758,10	1456,11
758,29	1390,57
758,48	1519,59
758,67	1439,72
758,86	1441,77
759,05	1402,86
759,24	1513,45
759,43	1472,49
759,62	1347,56
759,81	1464,30
760,00	1513,45
760,19	1454,06
760,38	1505,26
760,57	1445,87
760,76	1394,67
760,95	1374,19
761,14	1464,30
761,33	1409,00
761,52	1538,02
761,70	1425,39
761,89	1441,77
762,08	1445,87
762,27	1337,32
762,46	1425,39
762,65	1513,45
762,84	1425,39
763,03	1458,15
763,22	1404,91
763,41	1521,64
763,60	1413,10
763,79	1482,73
763,98	1404,91
764,16	1429,48
764,35	1474,54
764,54	1452,01
764,73	1521,64
764,92	1462,25
765,11	1568,74
765,30	1411,05
765,49	1437,67
765,68	1454,06
765,87	1482,73
766,06	1435,63
766,24	1521,64
766,43	1476,59
766,62	1509,35
766,81	1378,28
767,00	1488,87
767,19	1431,53
767,38	1456,11
767,57	1437,67
767,76	1433,58
767,94	1456,11
768,13	1411,05
768,32	1476,59
768,51	1386,47
768,70	1486,83
768,89	1507,30
769,08	1458,15
769,27	1423,34
769,45	1456,11
769,64	1503,21
769,83	1425,39
770,02	1409,00
770,21	1503,21
770,40	1472,49
770,59	1441,77
770,77	1452,01
770,96	1437,67
771,15	1400,81
771,34	1374,19
771,53	1609,70
771,72	1490,92
771,91	1413,10
772,09	1521,64
772,28	1413,10
772,47	1425,39
772,66	1478,63
772,85	1443,82
773,04	1431,53
773,22	1482,73
773,41	1425,39
773,60	1404,91
773,79	1544,17
773,98	1470,44
774,17	1374,19
774,35	1447,91
774,54	1411,05
774,73	1501,16
774,92	1427,43
775,11	1505,26
775,30	1562,60
775,48	1361,90
775,67	1474,54
775,86	1495,02
776,05	1431,53
776,24	1449,96
776,42	1521,64
776,61	1447,91
776,80	1505,26
776,99	1439,72
777,18	1429,48
777,36	1519,59
777,55	1515,50
777,74	1456,11
777,93	1542,12
778,12	1495,02
778,30	1490,92
778,49	1441,77
778,68	1488,87
778,87	1421,29
779,06	1511,40
779,24	1501,16
779,43	1445,87
779,62	1486,83
779,81	1456,11
779,99	1378,28
780,18	1423,34
780,37	1556,46
780,56	1509,35
780,75	1466,35
780,93	1488,87
781,12	1374,19
781,31	1542,12
781,50	1439,72
781,68	1359,85
781,87	1417,19
782,06	1476,59
782,25	1441,77
782,43	1484,78
782,62	1480,68
782,81	1404,91
783,00	1443,82
783,18	1558,50
783,37	1415,15
783,56	1456,11
783,75	1548,26
783,93	1501,16
784,12	1452,01
784,31	1497,07
784,50	1464,30
784,68	1478,63
784,87	1425,39
785,06	1535,98
785,24	1454,06
785,43	1480,68
785,62	1474,54
785,81	1554,41
785,99	1517,54
786,18	1443,82
786,37	1447,91
786,56	1398,76
786,74	1374,19
786,93	1398,76
787,12	1445,87
787,30	1480,68
787,49	1435,63
787,68	1382,38
787,87	1460,20
788,05	1476,59
788,24	1411,05
788,43	1445,87
788,61	1505,26
788,80	1378,28
788,99	1411,05
789,17	1464,30
789,36	1423,34
789,55	1433,58
789,73	1474,54
789,92	1394,67
790,11	1396,71
790,30	1445,87
790,48	1431,53
790,67	1460,20
790,86	1495,02
791,04	1431,53
791,23	1454,06
791,42	1439,72
791,60	1425,39
791,79	1521,64
791,98	1394,67
792,16	1470,44
792,35	1468,39
792,54	1347,56
792,72	1425,39
792,91	1427,43
793,10	1427,43
793,28	1431,53
793,47	1396,71
793,66	1378,28
793,84	1447,91
794,03	1396,71
794,22	1382,38
794,40	1429,48
794,59	1495,02
794,77	1353,71
794,96	1368,04
795,15	1449,96
795,33	1396,71
795,52	1470,44
795,71	1396,71
795,89	1435,63
796,08	1505,26
796,27	1488,87
796,45	1388,52
796,64	1443,82
796,82	1400,81
797,01	1460,20
797,20	1409,00
797,38	1429,48
797,57	1433,58
797,76	1376,24
797,94	1421,29
798,13	1474,54
798,31	1423,34
798,50	1370,09
798,69	1519,59
798,87	1470,44
799,06	1400,81
799,24	1449,96
799,43	1423,34
799,62	1394,67
799,80	1398,76
799,99	1509,35
800,17	1400,81
800,36	1431,53
800,55	1460,20
800,73	1392,62
800,92	1423,34
801,10	1435,63
801,29	1431,53
801,48	1386,47
801,66	1437,67
801,85	1351,66
802,03	1355,76
802,22	1413,10
802,40	1474,54
802,59	1429,48
802,78	1417,19
802,96	1449,96
803,15	1486,83
803,33	1458,15
803,52	1429,48
803,70	1417,19
803,89	1413,10
804,08	1372,14
804,26	1447,91
804,45	1404,91
804,63	1435,63
804,82	1501,16
805,00	1390,57
805,19	1402,86
805,37	1476,59
805,56	1431,53
805,74	1388,52
805,93	1449,96
806,12	1433,58
806,30	1394,67
806,49	1368,04
806,67	1409,00
806,86	1415,15
807,04	1394,67
807,23	1464,30
807,41	1433,58
807,60	1415,15
807,78	1415,15
807,97	1755,11
808,15	1396,71
808,34	1386,47
808,52	1345,52
808,71	1433,58
808,89	1503,21
809,08	1480,68
809,27	1437,67
809,45	1439,72
809,64	1310,70
809,82	1437,67
810,01	1429,48
810,19	1507,30
810,38	1431,53
810,56	1333,23
810,75	1427,43
810,93	1372,14
811,12	1406,95
811,30	1361,90
811,49	1396,71
811,67	1476,59
811,85	1456,11
812,04	1351,66
812,22	1427,43
812,41	1402,86
812,59	1466,35
812,78	1298,41
812,96	1376,24
813,15	1404,91
813,33	1398,76
813,52	1441,77
813,70	1495,02
813,89	1372,14
814,07	1384,43
814,26	1435,63
814,44	1384,43
814,63	1447,91
814,81	1404,91
815,00	1374,19
815,18	1409,00
815,36	1425,39
815,55	1394,67
815,73	1447,91
815,92	1478,63
816,10	1568,74
816,29	1486,83
816,47	1437,67
816,66	1431,53
816,84	1523,69
817,02	1427,43
817,21	1368,04
817,39	1337,32
817,58	1345,52
817,76	1386,47
817,95	1478,63
818,13	1402,86
818,32	1339,37
818,50	1433,58
818,68	1421,29
818,87	1497,07
819,05	1484,78
819,24	1488,87
819,42	1437,67
819,60	1368,04
819,79	1400,81
819,97	1429,48
820,16	1468,39
820,34	1394,67
820,53	1406,95
820,71	1392,62
820,89	1439,72
821,08	1400,81
821,26	1419,24
821,45	1404,91
821,63	1474,54
821,81	1423,34
822,00	1390,57
822,18	1458,15
822,37	1470,44
822,55	1357,80
822,73	1325,04
822,92	1400,81
823,10	1447,91
823,28	1417,19
823,47	1439,72
823,65	1497,07
823,84	1345,52
824,02	1462,25
824,20	1431,53
824,39	1415,15
824,57	1437,67
824,75	1468,39
824,94	1454,06
825,12	1540,07
825,31	1415,15
825,49	1419,24
825,67	1386,47
825,86	1390,57
826,04	1468,39
826,22	1480,68
826,41	1472,49
826,59	1466,35
826,77	1484,78
826,96	1411,05
827,14	1427,43
827,32	1314,80
827,51	1437,67
827,69	1439,72
827,87	1368,04
828,06	1517,54
828,24	1419,24
828,42	1388,52
828,61	1501,16
828,79	1366,00
828,97	1406,95
829,16	1478,63
829,34	1357,80
829,52	1396,71
829,71	1454,06
829,89	1525,74
830,07	1423,34
830,26	1425,39
830,44	1449,96
830,62	1535,98
830,81	1423,34
830,99	1501,16
831,17	1431,53
831,36	1495,02
831,54	1417,19
831,72	1511,40
831,91	1388,52
832,09	1347,56
832,27	1419,24
832,45	1488,87
832,64	1449,96
832,82	1447,91
833,00	1433,58
833,19	1406,95
833,37	1490,92
833,55	1441,77
833,73	1466,35
833,92	1439,72
834,10	1472,49
834,28	1452,01
834,47	1488,87
834,65	1495,02
834,83	1425,39
835,01	1390,57
835,20	1419,24
835,38	1384,43
835,56	1363,95
835,74	1472,49
835,93	1452,01
836,11	1501,16
836,29	1445,87
836,47	1392,62
836,66	1462,25
836,84	1380,33
837,02	1409,00
837,21	1476,59
837,39	1372,14
837,57	1474,54
837,75	1431,53
837,94	1427,43
838,12	1462,25
838,30	1413,10
838,48	1388,52
838,66	1396,71
838,85	1503,21
839,03	1441,77
839,21	1337,32
839,39	1431,53
839,58	1388,52
839,76	1439,72
839,94	1413,10
840,12	1372,14
840,31	1525,74
840,49	1366,00
840,67	1452,01
840,85	1447,91
841,03	1415,15
841,22	1433,58
841,40	1515,50
841,58	1427,43
841,76	1398,76
841,94	1351,66
842,13	1558,50
842,31	1480,68
842,49	1437,67
842,67	1376,24
842,85	1421,29
843,04	1478,63
843,22	1499,11
843,40	1443,82
843,58	1464,30
843,76	1431,53
843,95	1482,73
844,13	1406,95
844,31	1400,81
844,49	1462,25
844,67	1492,97
844,86	1460,20
845,04	1490,92
845,22	1388,52
845,40	1335,28
845,58	1511,40
845,76	1402,86
845,95	1468,39
846,13	1452,01
846,31	1431,53
846,49	1429,48
846,67	1464,30
846,85	1406,95
847,04	1472,49
847,22	1400,81
847,40	1394,67
847,58	1429,48
847,76	1437,67
847,94	1449,96
848,12	1445,87
848,31	1488,87
848,49	1468,39
848,67	1492,97
848,85	1413,10
849,03	1431,53
849,21	1482,73
849,39	1472,49
849,58	1427,43
849,76	1337,32
849,94	1359,85
850,12	1398,76
850,30	1527,78
850,48	1417,19
850,66	1476,59
850,84	1464,30
851,03	1538,02
851,21	1402,86
851,39	1460,20
851,57	1488,87
851,75	1406,95
851,93	1454,06
852,11	1439,72
852,29	1380,33
852,47	1429,48
852,66	1499,11
852,84	1335,28
853,02	1404,91
853,20	1458,15
853,38	1484,78
853,56	1400,81
853,74	1394,67
853,92	1447,91
854,10	1480,68
854,28	1376,24
854,46	1460,20
854,65	1417,19
854,83	1322,99
855,01	1452,01
855,19	1452,01
855,37	1406,95
855,55	1484,78
855,73	1503,21
855,91	1380,33
856,09	1484,78
856,27	1542,12
856,45	1525,74
856,63	1439,72
856,81	1499,11
857,00	1456,11
857,18	1433,58
857,36	1460,20
857,54	1433,58
857,72	1478,63
857,90	1437,67
858,08	1533,93
858,26	1466,35
858,44	1437,67
858,62	1538,02
858,80	1456,11
858,98	1470,44
859,16	1474,54
859,34	1449,96
859,52	1458,15
859,70	1511,40
859,88	1452,01
860,06	1390,57
860,24	1386,47
860,42	1370,09
860,60	1447,91
860,78	1376,24
860,96	1425,39
861,14	1486,83
861,32	1501,16
861,50	1513,45
861,69	1392,62
861,87	1472,49
862,05	1456,11
862,23	1404,91
862,41	1423,34
862,59	1474,54
862,77	1495,02
862,95	1531,88
863,13	1531,88
863,31	1474,54
863,49	1376,24
863,67	1443,82
863,85	1384,43
864,03	1482,73
864,21	1449,96
864,39	1468,39
864,57	1423,34
864,75	1454,06
864,92	1392,62
865,10	1470,44
865,28	1452,01
865,46	1363,95
865,64	1470,44
865,82	1499,11
866,00	1484,78
866,18	1529,83
866,36	1441,77
866,54	1503,21
866,72	1415,15
866,90	1411,05
867,08	1515,50
867,26	1466,35
867,44	1404,91
867,62	1478,63
867,80	1413,10
867,98	1470,44
868,16	1497,07
868,34	1505,26
868,52	1501,16
868,70	1443,82
868,88	1505,26
869,06	1480,68
869,24	1525,74
869,42	1370,09
869,59	1398,76
869,77	1445,87
869,95	1429,48
870,13	1429,48
870,31	1349,61
870,49	1492,97
870,67	1445,87
870,85	1392,62
871,03	1525,74
871,21	1495,02
871,39	1476,59
871,57	1497,07
871,75	1466,35
871,92	1466,35
872,10	1392,62
872,28	1435,63
872,46	1458,15
872,64	1466,35
872,82	1447,91
873,00	1419,24
873,18	1431,53
873,36	1503,21
873,54	1415,15
873,72	1427,43
873,89	1427,43
874,07	1409,00
874,25	1488,87
874,43	1540,07
874,61	1474,54
874,79	1419,24
874,97	1445,87
875,15	1419,24
875,33	1413,10
875,50	1443,82
875,68	1427,43
875,86	1484,78
876,04	1488,87
876,22	1353,71
876,40	1409,00
876,58	1482,73
876,76	1466,35
876,93	1468,39
877,11	1423,34
877,29	1474,54
877,47	1435,63
877,65	1458,15
877,83	1529,83
878,01	1468,39
878,18	1464,30
878,36	1456,11
878,54	1429,48
878,72	1423,34
878,90	1388,52
879,08	1546,22
879,25	1488,87
879,43	1431,53
879,61	1372,14
879,79	1421,29
879,97	1466,35
880,15	1480,68
880,32	1460,20
880,50	1497,07
880,68	1445,87
880,86	1390,57
881,04	1468,39
881,22	1497,07
881,39	1484,78
881,57	1497,07
881,75	1468,39
881,93	1474,54
882,11	1423,34
882,28	1482,73
882,46	1466,35
882,64	1468,39
882,82	1351,66
883,00	1488,87
883,18	1411,05
883,35	1529,83
883,53	1419,24
883,71	1476,59
883,89	1509,35
884,07	1462,25
884,24	1464,30
884,42	1437,67
884,60	1454,06
884,78	1484,78
884,95	1443,82
885,13	1425,39
885,31	1449,96
885,49	1415,15
885,67	1427,43
885,84	1456,11
886,02	1419,24
886,20	1415,15
886,38	1443,82
886,55	1431,53
886,73	1447,91
886,91	1521,64
887,09	1449,96
887,26	1415,15
887,44	1521,64
887,62	1505,26
887,80	1406,95
887,98	1482,73
888,15	1476,59
888,33	1427,43
888,51	1456,11
888,69	1515,50
888,86	1521,64
889,04	1484,78
889,22	1384,43
889,39	1513,45
889,57	1462,25
889,75	1388,52
889,93	1447,91
890,10	1431,53
890,28	1447,91
890,46	1478,63
890,64	1406,95
890,81	1441,77
890,99	1366,00
891,17	1423,34
891,34	1492,97
891,52	1384,43
891,70	1404,91
891,88	1472,49
892,05	1402,86
892,23	1421,29
892,41	1372,14
892,58	1439,72
892,76	1533,93
892,94	1337,32
893,12	1484,78
893,29	1400,81
893,47	1462,25
893,65	1400,81
893,82	1413,10
894,00	1447,91
894,18	1382,38
894,35	1470,44
894,53	1427,43
894,71	1454,06
894,89	1425,39
895,06	1458,15
895,24	1361,90
895,42	1284,08
895,59	1394,67
895,77	1423,34
895,95	1449,96
896,12	1361,90
896,30	1380,33
896,48	1343,47
896,65	1447,91
896,83	1423,34
897,01	1421,29
897,18	1443,82
897,36	1443,82
897,54	1517,54
897,71	1507,30
897,89	1505,26
898,07	1425,39
898,24	1400,81
898,42	1421,29
898,59	1525,74
898,77	1443,82
898,95	1458,15
899,12	1413,10
899,30	1404,91
899,48	1464,30
899,65	1542,12
899,83	1443,82
900,01	1419,24
900,18	1441,77
900,36	1437,67
900,53	1380,33
900,71	1488,87
900,89	1476,59
901,06	1439,72
901,24	1425,39
901,42	1515,50
901,59	1460,20
901,77	1503,21
901,94	1413,10
902,12	1441,77
902,30	1423,34
902,47	1411,05
902,65	1443,82
902,82	1507,30
903,00	1441,77
903,18	1345,52
903,35	1378,28
903,53	1419,24
903,70	1470,44
903,88	1439,72
904,06	1419,24
904,23	1400,81
904,41	1421,29
904,58	1515,50
904,76	1415,15
904,93	1476,59
905,11	1423,34
905,29	1394,67
905,46	1425,39
905,64	1513,45
905,81	1372,14
905,99	1374,19
906,16	1409,00
906,34	1435,63
906,52	1421,29
906,69	1435,63
906,87	1417,19
907,04	1456,11
907,22	1374,19
907,39	1472,49
907,57	1413,10
907,75	1550,31
907,92	1398,76
908,10	1497,07
908,27	1443,82
908,45	1406,95
908,62	1466,35
908,80	1499,11
908,97	1427,43
909,15	1417,19
909,32	1386,47
909,50	1482,73
909,67	1413,10
909,85	1411,05
910,03	1370,09
910,20	1423,34
910,38	1425,39
910,55	1482,73
910,73	1425,39
910,90	1472,49
911,08	1511,40
911,25	1413,10
911,43	1462,25
911,60	1357,80
911,78	1402,86
911,95	1497,07
912,13	1398,76
912,30	1394,67
912,48	1429,48
912,65	1386,47
912,83	1378,28
913,00	1445,87
913,18	1429,48
913,35	1409,00
913,53	1374,19
913,70	1447,91
913,88	1439,72
914,05	1472,49
914,23	1501,16
914,40	1425,39
914,58	1449,96
914,75	1454,06
914,93	1460,20
915,10	1417,19
915,27	1507,30
915,45	1472,49
915,62	1390,57
915,80	1382,38
915,97	1478,63
916,15	1462,25
916,32	1562,60
916,50	1511,40
916,67	1447,91
916,85	1335,28
917,02	1482,73
917,20	1531,88
917,37	1421,29
917,54	1511,40
917,72	1546,22
917,89	1488,87
918,07	1480,68
918,24	1474,54
918,42	1419,24
918,59	1411,05
918,77	1472,49
918,94	1492,97
919,11	1396,71
919,29	1466,35
919,46	1466,35
919,64	1372,14
919,81	1404,91
919,99	1400,81
920,16	1492,97
920,33	1507,30
920,51	1415,15
920,68	1472,49
920,86	1460,20
921,03	1417,19
921,20	1351,66
921,38	1429,48
921,55	1464,30
921,73	1427,43
921,90	1382,38
922,07	1435,63
922,25	1480,68
922,42	1480,68
922,60	1449,96
922,77	1409,00
922,94	1492,97
923,12	1439,72
923,29	1533,93
923,47	1361,90
923,64	1398,76
923,81	1472,49
923,99	1400,81
924,16	1492,97
924,34	1429,48
924,51	1402,86
924,68	1490,92
924,86	1437,67
925,03	1433,58
925,20	1488,87
925,38	1447,91
925,55	1464,30
925,72	1415,15
925,90	1427,43
926,07	1458,15
926,25	1419,24
926,42	1474,54
926,59	1456,11
926,77	1470,44
926,94	1515,50
927,11	1427,43
927,29	1341,42
927,46	1343,47
927,63	1447,91
927,81	1546,22
927,98	1429,48
928,15	1384,43
928,33	1658,85
928,50	1419,24
928,67	1419,24
928,85	1456,11
929,02	1462,25
929,19	1435,63
929,37	1509,35
929,54	1445,87
929,71	1505,26
929,89	1447,91
930,06	1421,29
930,23	1458,15
930,41	1501,16
930,58	1376,24
930,75	1468,39
930,92	1464,30
931,10	1441,77
931,27	1419,24
931,44	1492,97
931,62	1357,80
931,79	1488,87
931,96	1492,97
932,14	1409,00
932,31	1404,91
932,48	1400,81
932,65	1470,44
932,83	1556,46
933,00	1349,61
933,17	1484,78
933,35	1533,93
933,52	1474,54
933,69	1519,59
933,86	1503,21
934,04	1423,34
934,21	1495,02
934,38	1429,48
934,55	1423,34
934,73	1372,14
934,90	1513,45
935,07	1427,43
935,25	1566,70
935,42	1415,15
935,59	1511,40
935,76	1353,71
935,94	1415,15
936,11	1435,63
936,28	1499,11
936,45	1456,11
936,63	1390,57
936,80	1380,33
936,97	1460,20
937,14	1472,49
937,31	1499,11
937,49	1452,01
937,66	1497,07
937,83	1552,36
938,00	1490,92
938,18	1452,01
938,35	1419,24
938,52	1562,60
938,69	1443,82
938,87	1476,59
939,04	1511,40
939,21	1409,00
939,38	1417,19
939,55	1349,61
939,73	1515,50
939,90	1478,63
940,07	1501,16
940,24	1488,87
940,41	1411,05
940,59	1454,06
940,76	1462,25
940,93	1460,20
941,10	1359,85
941,27	1415,15
941,45	1505,26
941,62	1411,05
941,79	1497,07
941,96	1464,30
942,13	1486,83
942,31	1411,05
942,48	1470,44
942,65	1447,91
942,82	1421,29
942,99	1449,96
943,16	1460,20
943,34	1413,10
943,51	1437,67
943,68	1478,63
943,85	1488,87
944,02	1404,91
944,19	1349,61
944,37	1515,50
944,54	1550,31
944,71	1439,72
944,88	1499,11
945,05	1419,24
945,22	1515,50
945,40	1443,82
945,57	1421,29
945,74	1433,58
945,91	1431,53
946,08	1435,63
946,25	1447,91
946,42	1478,63
946,60	1452,01
946,77	1605,61
946,94	1445,87
947,11	1488,87
947,28	1445,87
947,45	1357,80
947,62	1409,00
947,79	1427,43
947,97	1488,87
948,14	1499,11
948,31	1503,21
948,48	1363,95
948,65	1454,06
948,82	1433,58
948,99	1466,35
949,16	1406,95
949,33	1435,63
949,51	1468,39
949,68	1425,39
949,85	1411,05
950,02	1419,24
950,19	1394,67
950,36	1419,24
950,53	1458,15
950,70	1468,39
950,87	1429,48
951,04	1421,29
951,22	1460,20
951,39	1542,12
951,56	1499,11
951,73	1406,95
951,90	1464,30
952,07	1421,29
952,24	1460,20
952,41	1503,21
952,58	1374,19
952,75	1466,35
952,92	1443,82
953,09	1431,53
953,26	1384,43
953,43	1388,52
953,61	1519,59
953,78	1458,15
953,95	1462,25
954,12	1390,57
954,29	1492,97
954,46	1478,63
954,63	1425,39
954,80	1409,00
954,97	1435,63
955,14	1437,67
955,31	1425,39
955,48	1462,25
955,65	1433,58
955,82	1374,19
955,99	1468,39
956,16	1421,29
956,33	1478,63
956,50	1415,15
956,67	1472,49
956,84	1501,16
957,01	1347,56
957,18	1452,01
957,35	1409,00
957,52	1478,63
957,69	1527,78
957,86	1425,39
958,03	1445,87
958,20	1374,19
958,37	1478,63
958,54	1472,49
958,71	1413,10
958,88	1562,60
959,05	1357,80
959,22	1372,14
959,39	1423,34
959,56	1423,34
959,73	1456,11
959,90	1474,54
960,07	1447,91
960,24	1499,11
960,41	1433,58
960,58	1476,59
960,75	1466,35
960,92	1454,06
961,09	1396,71
961,26	1515,50
961,43	1427,43
961,60	1439,72
961,77	1468,39
961,94	1441,77
962,11	1347,56
962,28	1566,70
962,45	1406,95
962,62	1417,19
962,79	1380,33
962,96	1462,25
963,13	1419,24
963,30	1462,25
963,47	1507,30
963,64	1349,61
963,81	1511,40
963,98	1449,96
964,14	1415,15
964,31	1497,07
964,48	1452,01
964,65	1458,15
964,82	1361,90
964,99	1544,17
965,16	1382,38
965,33	1480,68
965,50	1419,24
965,67	1441,77
965,84	1429,48
966,01	1470,44
966,18	1452,01
966,35	1456,11
966,51	1472,49
966,68	1433,58
966,85	1433,58
967,02	1492,97
967,19	1417,19
967,36	1394,67
967,53	1439,72
967,70	1462,25
967,87	1515,50
968,04	1466,35
968,21	1476,59
968,37	1415,15
968,54	1394,67
968,71	1409,00
968,88	1374,19
969,05	1478,63
969,22	1396,71
969,39	1488,87
969,56	1484,78
969,72	1486,83
969,89	1458,15
970,06	1392,62
970,23	1406,95
970,40	1531,88
970,57	1435,63
970,74	1441,77
970,91	1400,81
971,07	1423,34
971,24	1419,24
971,41	1445,87
971,58	1380,33
971,75	1433,58
971,92	1423,34
972,09	1406,95
972,25	1427,43
972,42	1480,68
972,59	1447,91
972,76	1413,10
972,93	1431,53
973,10	1441,77
973,27	1472,49
973,43	1437,67
973,60	1478,63
973,77	1447,91
973,94	1398,76
974,11	1525,74
974,28	1388,52
974,44	1413,10
974,61	1415,15
974,78	1509,35
974,95	1398,76
975,12	1472,49
975,28	1484,78
975,45	1370,09
975,62	1445,87
975,79	1449,96
975,96	1447,91
976,12	1415,15
976,29	1576,94
976,46	1505,26
976,63	1419,24
976,80	1396,71
976,96	1415,15
977,13	1413,10
977,30	1353,71
977,47	1441,77
977,64	1476,59
977,80	1361,90
977,97	1421,29
978,14	1447,91
978,31	1433,58
978,48	1433,58
978,64	1406,95
978,81	1441,77
978,98	1417,19
979,15	1376,24
979,31	1349,61
979,48	1402,86
979,65	1521,64
979,82	1374,19
979,98	1433,58
980,15	1519,59
980,32	1501,16
980,49	1372,14
980,66	1454,06
980,82	1384,43
980,99	1425,39
981,16	1376,24
981,33	1359,85
981,49	1390,57
981,66	1413,10
981,83	1429,48
981,99	1466,35
982,16	1462,25
982,33	1449,96
982,50	1400,81
982,66	1490,92
982,83	1366,00
983,00	1445,87
983,17	1390,57
983,33	1376,24
983,50	1513,45
983,67	1413,10
983,83	1474,54
984,00	1310,70
984,17	1552,36
984,34	1370,09
984,50	1351,66
984,67	1296,36
984,84	1480,68
985,00	1372,14
985,17	1308,65
985,34	1452,01
985,51	1357,80
985,67	1402,86
985,84	1472,49
986,01	1419,24
986,17	1462,25
986,34	1378,28
986,51	1431,53
986,67	1386,47
986,84	1378,28
987,01	1376,24
987,17	1470,44
987,34	1378,28
987,51	1433,58
987,67	1476,59
987,84	1492,97
988,01	1386,47
988,17	1351,66
988,34	1431,53
988,51	1376,24
988,67	1460,20
988,84	1472,49
989,01	1431,53
989,17	1447,91
989,34	1447,91
989,51	1480,68
989,67	1480,68
989,84	1353,71
990,01	1497,07
990,17	1425,39
990,34	1439,72
990,51	1480,68
990,67	1423,34
990,84	1404,91
991,01	1368,04
991,17	1499,11
991,34	1445,87
991,50	1411,05
991,67	1415,15
991,84	1417,19
992,00	1372,14
992,17	1394,67
992,34	1519,59
992,50	1423,34
992,67	1415,15
992,83	1425,39
993,00	1404,91
993,17	1488,87
993,33	1417,19
993,50	1437,67
993,66	1447,91
993,83	1417,19
994,00	1409,00
994,16	1423,34
994,33	1452,01
994,49	1443,82
994,66	1431,53
994,83	1415,15
994,99	1466,35
995,16	1429,48
995,32	1492,97
995,49	1423,34
995,66	1439,72
995,82	1433,58
995,99	1390,57
996,15	1454,06
996,32	1425,39
996,48	1329,13
996,65	1374,19
996,82	1456,11
996,98	1372,14
997,15	1505,26
997,31	1425,39
997,48	1462,25
997,64	1329,13
997,81	1417,19
997,97	1423,34
998,14	1392,62
998,31	1431,53
998,47	1394,67
998,64	1400,81
998,80	1378,28
998,97	1449,96
999,13	1452,01
999,30	1411,05
999,46	1460,20
999,63	1433,58
999,79	1417,19
999,96	1396,71
1000,12	1429,48
1000,29	1431,53
1000,45	1497,07
1000,62	1325,04
1000,79	1427,43
1000,95	1402,86
1001,12	1388,52
1001,28	1355,76
1001,45	1460,20
1001,61	1378,28
1001,78	1419,24
1001,94	1429,48
1002,11	1454,06
1002,27	1406,95
1002,44	1388,52
1002,60	1415,15
1002,77	1447,91
1002,93	1417,19
1003,10	1372,14
1003,26	1478,63
1003,43	1529,83
1003,59	1439,72
1003,76	1404,91
1003,92	1505,26
1004,09	1357,80
1004,25	1363,95
1004,41	1503,21
1004,58	1368,04
1004,74	1384,43
1004,91	1482,73
1005,07	1417,19
1005,24	1460,20
1005,40	1413,10
1005,57	1353,71
1005,73	1427,43
1005,90	1429,48
1006,06	1449,96
1006,23	1447,91
1006,39	1441,77
1006,55	1449,96
1006,72	1359,85
1006,88	1390,57
1007,05	1427,43
1007,21	1413,10
1007,38	1361,90
1007,54	1454,06
1007,71	1400,81
1007,87	1449,96
1008,03	1462,25
1008,20	1476,59
1008,36	1380,33
1008,53	1447,91
1008,69	1404,91
1008,86	1382,38
1009,02	1419,24
1009,18	1484,78
1009,35	1339,37
1009,51	1402,86
1009,68	1396,71
1009,84	1402,86
1010,01	1429,48
1010,17	1419,24
1010,33	1509,35
1010,50	1400,81
1010,66	1488,87
1010,83	1400,81
1010,99	1437,67
1011,15	1425,39
1011,32	1505,26
1011,48	1449,96
1011,65	1404,91
1011,81	1392,62
1011,97	1415,15
1012,14	1525,74
1012,30	1423,34
1012,46	1421,29
1012,63	1445,87
1012,79	1415,15
1012,96	1441,77
1013,12	1419,24
1013,28	1398,76
1013,45	1361,90
1013,61	1353,71
1013,77	1415,15
1013,94	1427,43
1014,10	1376,24
1014,26	1409,00
1014,43	1521,64
1014,59	1472,49
1014,76	1449,96
1014,92	1478,63
1015,08	1322,99
1015,25	1327,08
1015,41	1464,30
1015,57	1392,62
1015,74	1413,10
1015,90	1433,58
1016,06	1409,00
1016,23	1413,10
1016,39	1372,14
1016,55	1421,29
1016,72	1470,44
1016,88	1351,66
1017,04	1337,32
1017,21	1372,14
1017,37	1404,91
1017,53	1429,48
1017,70	1425,39
1017,86	1380,33
1018,02	1392,62
1018,19	1406,95
1018,35	1394,67
1018,51	1454,06
1018,67	1433,58
1018,84	1337,32
1019,00	1349,61
1019,16	1456,11
1019,33	1419,24
1019,49	1437,67
1019,65	1441,77
1019,82	1343,47
1019,98	1353,71
1020,14	1380,33
1020,30	1423,34
1020,47	1441,77
1020,63	1415,15
1020,79	1378,28
1020,96	1392,62
1021,12	1411,05
1021,28	1439,72
1021,44	1376,24
1021,61	1464,30
1021,77	1409,00
1021,93	1409,00
1022,09	1433,58
1022,26	1456,11
1022,42	1431,53
1022,58	1484,78
1022,74	1388,52
1022,91	1413,10
1023,07	1417,19
1023,23	1380,33
1023,39	1456,11
1023,56	1312,75
1023,72	1517,54
1023,88	1347,56
1024,04	1415,15
1024,21	1368,04
1024,37	1449,96
1024,53	1482,73
1024,69	1394,67
1024,86	1419,24
1025,02	1402,86
1025,18	1433,58
1025,34	1363,95
1025,50	1380,33
1025,67	1347,56
1025,83	1370,09
1025,99	1429,48
1026,15	1460,20
1026,32	1402,86
1026,48	1382,38
1026,64	1468,39
1026,80	1499,11
1026,96	1439,72
1027,13	1482,73
1027,29	1433,58
1027,45	1400,81
1027,61	1394,67
1027,77	1447,91
1027,94	1386,47
1028,10	1431,53
1028,26	1335,28
1028,42	1335,28
1028,58	1431,53
1028,75	1423,34
1028,91	1443,82
1029,07	1382,38
1029,23	1404,91
1029,39	1421,29
1029,55	1466,35
1029,72	1497,07
1029,88	1423,34
1030,04	1421,29
1030,20	1353,71
1030,36	1345,52
1030,52	1394,67
1030,69	1402,86
1030,85	1419,24
1031,01	1433,58
1031,17	1349,61
1031,33	1374,19
1031,49	1511,40
1031,65	1398,76
1031,82	1378,28
1031,98	1366,00
1032,14	1406,95
1032,30	1390,57
1032,46	1462,25
1032,62	1413,10
1032,78	1411,05
1032,95	1306,60
1033,11	1366,00
1033,27	1445,87
1033,43	1406,95
1033,59	1351,66
1033,75	1425,39
1033,91	1378,28
1034,07	1476,59
1034,24	1398,76
1034,40	1404,91
1034,56	1335,28
1034,72	1415,15
1034,88	1409,00
1035,04	1353,71
1035,20	1435,63
1035,36	1370,09
1035,52	1335,28
1035,68	1368,04
1035,85	1394,67
1036,01	1447,91
1036,17	1509,35
1036,33	1445,87
1036,49	1390,57
1036,65	1357,80
1036,81	1429,48
1036,97	1460,20
1037,13	1372,14
1037,29	1435,63
1037,45	1535,98
1037,61	1380,33
1037,78	1445,87
1037,94	1376,24
1038,10	1392,62
1038,26	1435,63
1038,42	1368,04
1038,58	1458,15
1038,74	1363,95
1038,90	1382,38
1039,06	1413,10
1039,22	1460,20
1039,38	1433,58
1039,54	1368,04
1039,70	1513,45
1039,86	1404,91
1040,02	1433,58
1040,18	1452,01
1040,34	1454,06
1040,50	1386,47
1040,66	1474,54
1040,83	1421,29
1040,99	1406,95
1041,15	1544,17
1041,31	1447,91
1041,47	1445,87
1041,63	1398,76
1041,79	1380,33
1041,95	1337,32
1042,11	1449,96
1042,27	1456,11
1042,43	1386,47
1042,59	1349,61
1042,75	1404,91
1042,91	1431,53
