344,25	1243,12
344,46	1243,12
344,68	1243,12
344,90	1288,17
345,12	1226,73
345,34	1380,33
345,55	1363,95
345,77	1396,71
345,99	1327,08
346,21	1458,15
346,42	1345,52
346,64	1337,32
346,86	1388,52
347,08	1404,91
347,30	1388,52
347,51	1443,82
347,73	1468,39
347,95	1501,16
348,17	1374,19
348,38	1421,29
348,60	1322,99
348,82	1456,11
349,04	1404,91
349,25	1486,83
349,47	1441,77
349,69	1394,67
349,91	1544,17
350,13	1464,30
350,34	1441,77
350,56	1402,86
350,78	1372,14
351,00	1427,43
351,21	1437,67
351,43	1413,10
351,65	1417,19
351,87	1468,39
352,08	1454,06
352,30	1433,58
352,52	1384,43
352,74	1423,34
352,95	1435,63
353,17	1460,20
353,39	1417,19
353,61	1521,64
353,82	1441,77
354,04	1335,28
354,26	1433,58
354,47	1499,11
354,69	1421,29
354,91	1384,43
355,13	1327,08
355,34	1409,00
355,56	1417,19
355,78	1462,25
356,00	1495,02
356,21	1433,58
356,43	1409,00
356,65	1503,21
356,86	1425,39
357,08	1482,73
357,30	1501,16
357,52	1458,15
357,73	1361,90
357,95	1466,35
358,17	1449,96
358,38	1443,82
358,60	1503,21
358,82	1525,74
359,04	1517,54
359,25	1540,07
359,47	1517,54
359,69	1484,78
359,90	1464,30
360,12	1644,52
360,34	1556,46
360,56	1550,31
360,77	1640,42
360,99	1548,26
361,21	1621,99
361,42	1693,67
361,64	1624,04
361,86	1826,79
362,07	1744,87
362,29	1808,36
362,51	1798,12
362,73	1781,73
362,94	1818,60
363,16	1888,23
363,38	1826,79
363,59	1943,52
363,81	1886,18
364,03	1920,99
364,24	2023,39
364,46	1933,28
364,68	2000,87
364,89	1925,09
365,11	2097,12
365,33	2043,87
365,54	1990,63
365,76	1906,66
365,98	2070,50
366,19	2009,06
366,41	2011,11
366,63	2009,06
366,84	2027,49
367,06	2097,12
367,28	2086,88
367,49	2023,39
367,71	2045,92
367,93	1984,48
368,14	1957,86
368,36	1931,23
368,58	2013,15
368,79	1943,52
369,01	1964,00
369,23	2027,49
369,44	2047,97
369,66	1955,81
369,88	2146,27
370,09	1947,62
370,31	2058,21
370,53	2019,30
370,74	2043,87
370,96	1986,53
371,18	2056,16
371,39	1957,86
371,61	2004,96
371,82	1927,14
372,04	1955,81
372,26	1972,19
372,47	1896,42
372,69	1826,79
372,91	2000,87
373,12	1871,84
373,34	1923,04
373,56	1832,93
373,77	1886,18
373,99	1964,00
374,20	1898,47
374,42	2002,91
374,64	1925,09
374,85	1771,49
375,07	1791,97
375,29	1828,84
375,50	1787,88
375,72	1675,24
375,93	1665,00
376,15	1646,57
376,37	1669,09
376,58	1665,00
376,80	1669,09
377,01	1599,46
377,23	1595,37
377,45	1587,18
377,66	1646,57
377,88	1591,27
378,10	1591,27
378,31	1544,17
378,53	1632,23
378,74	1607,66
378,96	1574,89
379,18	1544,17
379,39	1570,79
379,61	1517,54
379,82	1533,93
380,04	1595,37
380,26	1501,16
380,47	1544,17
380,69	1525,74
380,90	1621,99
381,12	1384,43
381,33	1462,25
381,55	1445,87
381,77	1583,08
381,98	1525,74
382,20	1435,63
382,41	1409,00
382,63	1458,15
382,85	1527,78
383,06	1486,83
383,28	1511,40
383,49	1482,73
383,71	1468,39
383,92	1480,68
384,14	1378,28
384,36	1402,86
384,57	1468,39
384,79	1439,72
385,00	1568,74
385,22	1482,73
385,43	1386,47
385,65	1511,40
385,87	1454,06
386,08	1460,20
386,30	1439,72
386,51	1501,16
386,73	1484,78
386,94	1480,68
387,16	1398,76
387,37	1578,98
387,59	1437,67
387,81	1421,29
388,02	1501,16
388,24	1419,24
388,45	1433,58
388,67	1425,39
388,88	1409,00
389,10	1464,30
389,31	1562,60
389,53	1433,58
389,75	1519,59
389,96	1454,06
390,18	1472,49
390,39	1417,19
390,61	1568,74
390,82	1437,67
391,04	1550,31
391,25	1431,53
391,47	1488,87
391,68	1341,42
391,90	1462,25
392,11	1409,00
392,33	1435,63
392,54	1515,50
392,76	1495,02
392,97	1515,50
393,19	1509,35
393,41	1495,02
393,62	1507,30
393,84	1513,45
394,05	1474,54
394,27	1503,21
394,48	1413,10
394,70	1652,71
394,91	1482,73
395,13	1542,12
395,34	1492,97
395,56	1564,65
395,77	1544,17
395,99	1484,78
396,20	1503,21
396,42	1505,26
396,63	1548,26
396,85	1474,54
397,06	1495,02
397,28	1632,23
397,49	1564,65
397,71	1566,70
397,92	1630,18
398,14	1677,29
398,35	1630,18
398,57	1624,04
398,78	1574,89
399,00	1601,51
399,21	1621,99
399,43	1566,70
399,64	1671,14
399,86	1644,52
400,07	1619,94
400,29	1642,47
400,50	1687,53
400,72	1722,34
400,93	1724,39
401,14	1621,99
401,36	1675,24
401,57	1652,71
401,79	1710,05
402,00	1748,97
402,22	1785,83
402,43	1755,11
402,65	1724,39
402,86	1736,68
403,08	1734,63
403,29	1808,36
403,51	1804,26
403,72	1728,49
403,94	1710,05
404,15	1765,35
404,36	1732,58
404,58	2013,15
404,79	1708,01
405,01	1738,73
405,22	1773,54
405,44	1687,53
405,65	1783,78
405,87	1640,42
406,08	1650,66
406,30	1699,81
406,51	1695,72
406,72	1587,18
406,94	1669,09
407,15	1650,66
407,37	1726,44
407,58	1597,42
407,80	1593,32
408,01	1650,66
408,23	1540,07
408,44	1654,76
408,65	1570,79
408,87	1759,21
409,08	1607,66
409,30	1617,90
409,51	1570,79
409,73	1550,31
409,94	1605,61
410,15	1607,66
410,37	1611,75
410,58	1558,50
410,80	1521,64
411,01	1474,54
411,23	1495,02
411,44	1521,64
411,65	1609,70
411,87	1636,33
412,08	1525,74
412,30	1578,98
412,51	1484,78
412,72	1671,14
412,94	1538,02
413,15	1525,74
413,37	1538,02
413,58	1556,46
413,79	1503,21
414,01	1501,16
414,22	1513,45
414,44	1540,07
414,65	1587,18
414,86	1542,12
415,08	1529,83
415,29	1525,74
415,51	1437,67
415,72	1513,45
415,93	1431,53
416,15	1409,00
416,36	1503,21
416,58	1585,13
416,79	1466,35
417,00	1492,97
417,22	1495,02
417,43	1509,35
417,65	1484,78
417,86	1544,17
418,07	1507,30
418,29	1472,49
418,50	1492,97
418,71	1429,48
418,93	1402,86
419,14	1398,76
419,36	1363,95
419,57	1492,97
419,78	1585,13
420,00	1396,71
420,21	1480,68
420,42	1474,54
420,64	1482,73
420,85	1441,77
421,06	1515,50
421,28	1435,63
421,49	1464,30
421,71	1593,32
421,92	1402,86
422,13	1460,20
422,35	1521,64
422,56	1396,71
422,77	1435,63
422,99	1437,67
423,20	1439,72
423,41	1472,49
423,63	1384,43
423,84	1447,91
424,05	1560,55
424,27	1380,33
424,48	1529,83
424,69	1499,11
424,91	1734,63
425,12	1419,24
425,33	1435,63
425,55	1411,05
425,76	1349,61
425,97	1425,39
426,19	1466,35
426,40	1415,15
426,61	1458,15
426,83	1456,11
427,04	1497,07
427,25	1429,48
427,47	1517,54
427,68	1484,78
427,89	1472,49
428,11	1454,06
428,32	1466,35
428,53	1497,07
428,75	1429,48
428,96	1525,74
429,17	1443,82
429,39	1357,80
429,60	1497,07
429,81	1554,41
430,03	1437,67
430,24	1390,57
430,45	1507,30
430,67	1484,78
430,88	1509,35
431,09	1484,78
431,30	1406,95
431,52	1374,19
431,73	1447,91
431,94	1527,78
432,16	1488,87
432,37	1353,71
432,58	1488,87
432,80	1443,82
433,01	1470,44
433,22	1431,53
433,43	1482,73
433,65	1431,53
433,86	1374,19
434,07	1361,90
434,29	1470,44
434,50	1400,81
434,71	1472,49
434,92	1470,44
435,14	1449,96
435,35	1472,49
435,56	1529,83
435,77	1462,25
435,99	1425,39
436,20	1318,89
436,41	1478,63
436,63	1411,05
436,84	1445,87
437,05	1454,06
437,26	1488,87
437,48	1513,45
437,69	1447,91
437,90	1435,63
438,11	1452,01
438,33	1413,10
438,54	1468,39
438,75	1484,78
438,96	1449,96
439,18	1351,66
439,39	1525,74
439,60	1400,81
439,82	1486,83
440,03	1361,90
440,24	1538,02
440,45	1402,86
440,67	1470,44
440,88	1470,44
441,09	1449,96
441,30	1425,39
441,51	1495,02
441,73	1333,23
441,94	1419,24
442,15	1415,15
442,36	1472,49
442,58	1480,68
442,79	1421,29
443,00	1400,81
443,21	1562,60
443,43	1413,10
443,64	1404,91
443,85	1495,02
444,06	1415,15
444,28	1433,58
444,49	1404,91
444,70	1478,63
444,91	1556,46
445,12	1538,02
445,34	1404,91
445,55	1574,89
445,76	1458,15
445,97	1413,10
446,18	1386,47
446,40	1406,95
446,61	1413,10
446,82	1435,63
447,03	1492,97
447,25	1427,43
447,46	1454,06
447,67	1423,34
447,88	1392,62
448,09	1357,80
448,31	1419,24
448,52	1443,82
448,73	1474,54
448,94	1443,82
449,15	1435,63
449,37	1484,78
449,58	1390,57
449,79	1423,34
450,00	1527,78
450,21	1400,81
450,43	1396,71
450,64	1409,00
450,85	1368,04
451,06	1509,35
451,27	1511,40
451,48	1398,76
451,70	1437,67
451,91	1441,77
452,12	1431,53
452,33	1503,21
452,54	1353,71
452,76	1478,63
452,97	1578,98
453,18	1388,52
453,39	1470,44
453,60	1435,63
453,81	1445,87
454,03	1439,72
454,24	1449,96
454,45	1337,32
454,66	1433,58
454,87	1372,14
455,08	1474,54
455,30	1548,26
455,51	1505,26
455,72	1470,44
455,93	1466,35
456,14	1441,77
456,35	1419,24
456,56	1443,82
456,78	1404,91
456,99	1468,39
457,20	1374,19
457,41	1462,25
457,62	1519,59
457,83	1458,15
458,04	1439,72
458,26	1415,15
458,47	1421,29
458,68	1478,63
458,89	1341,42
459,10	1447,91
459,31	1402,86
459,52	1527,78
459,74	1454,06
459,95	1441,77
460,16	1452,01
460,37	1544,17
460,58	1519,59
460,79	1419,24
461,00	1509,35
461,21	1501,16
461,43	1492,97
461,64	1368,04
461,85	1458,15
462,06	1437,67
462,27	1429,48
462,48	1366,00
462,69	1460,20
462,90	1470,44
463,12	1513,45
463,33	1425,39
463,54	1447,91
463,75	1468,39
463,96	1482,73
464,17	1470,44
464,38	1419,24
464,59	1388,52
464,80	1388,52
465,01	1439,72
465,23	1519,59
465,44	1411,05
465,65	1409,00
465,86	1398,76
466,07	1423,34
466,28	1505,26
466,49	1441,77
466,70	1578,98
466,91	1529,83
467,12	1423,34
467,33	1366,00
467,55	1441,77
467,76	1474,54
467,97	1333,23
468,18	1376,24
468,39	1505,26
468,60	1523,69
468,81	1443,82
469,02	1490,92
469,23	1417,19
469,44	1492,97
469,65	1380,33
469,86	1361,90
470,07	1411,05
470,29	1538,02
470,50	1472,49
470,71	1452,01
470,92	1497,07
471,13	1427,43
471,34	1464,30
471,55	1484,78
471,76	1417,19
471,97	1437,67
472,18	1384,43
472,39	1396,71
472,60	1445,87
472,81	1513,45
473,02	1427,43
473,23	1595,37
473,44	1376,24
473,65	1345,52
473,87	1384,43
474,08	1437,67
474,29	1423,34
474,50	1462,25
474,71	1329,13
474,92	1472,49
475,13	1505,26
475,34	1435,63
475,55	1406,95
475,76	1386,47
475,97	1529,83
476,18	1454,06
476,39	1476,59
476,60	1546,22
476,81	1466,35
477,02	1488,87
477,23	1394,67
477,44	1433,58
477,65	1368,04
477,86	1439,72
478,07	1454,06
478,28	1439,72
478,49	1437,67
478,70	1472,49
478,91	1470,44
479,12	1452,01
479,33	1425,39
479,54	1423,34
479,75	1515,50
479,96	1521,64
480,17	1386,47
480,38	1449,96
480,59	1347,56
480,80	1472,49
481,01	1454,06
481,22	1417,19
481,43	1433,58
481,64	1441,77
481,85	1449,96
482,06	1482,73
482,27	1390,57
482,48	1472,49
482,69	1466,35
482,90	1470,44
483,11	1470,44
483,32	1507,30
483,53	1480,68
483,74	1449,96
483,95	1417,19
484,16	1406,95
484,37	1433,58
484,58	1509,35
484,79	1460,20
485,00	1472,49
485,21	1382,38
485,42	1423,34
485,63	1525,74
485,84	1447,91
486,05	1402,86
486,26	1470,44
486,47	1495,02
486,68	1425,39
486,89	1431,53
487,10	1568,74
487,31	1458,15
487,52	1388,52
487,73	1468,39
487,94	1404,91
488,15	1423,34
488,36	1531,88
488,57	1464,30
488,77	1497,07
488,98	1499,11
489,19	1488,87
489,40	1515,50
489,61	1468,39
489,82	1482,73
490,03	1492,97
490,24	1445,87
490,45	1492,97
490,66	1454,06
490,87	1482,73
491,08	1413,10
491,29	1456,11
491,50	1380,33
491,71	1404,91
491,92	1411,05
492,13	1474,54
492,33	1366,00
492,54	1456,11
492,75	1464,30
492,96	1437,67
493,17	1460,20
493,38	1419,24
493,59	1394,67
493,80	1538,02
494,01	1431,53
494,22	1464,30
494,43	1456,11
494,64	1374,19
494,85	1544,17
495,05	1427,43
495,26	1497,07
495,47	1550,31
495,68	1466,35
495,89	1423,34
496,10	1361,90
496,31	1396,71
496,52	1486,83
496,73	1458,15
496,94	1474,54
497,15	1421,29
497,35	1507,30
497,56	1480,68
497,77	1445,87
497,98	1431,53
498,19	1533,93
498,40	1470,44
498,61	1480,68
498,82	1452,01
499,03	1431,53
499,23	1417,19
499,44	1490,92
499,65	1431,53
499,86	1554,41
500,07	1519,59
500,28	1411,05
500,49	1492,97
500,70	1550,31
500,91	1472,49
501,11	1394,67
501,32	1484,78
501,53	1429,48
501,74	1525,74
501,95	1480,68
502,16	1456,11
502,37	1484,78
502,57	1447,91
502,78	1400,81
502,99	1466,35
503,20	1417,19
503,41	1478,63
503,62	1527,78
503,83	1564,65
504,03	1495,02
504,24	1474,54
504,45	1417,19
504,66	1464,30
504,87	1478,63
505,08	1452,01
505,29	1456,11
505,49	1484,78
505,70	1462,25
505,91	1517,54
506,12	1409,00
506,33	1509,35
506,54	1394,67
506,75	1441,77
506,95	1394,67
507,16	1552,36
507,37	1378,28
507,58	1521,64
507,79	1552,36
508,00	1460,20
508,20	1452,01
508,41	1470,44
508,62	1519,59
508,83	1482,73
509,04	1427,43
509,24	1511,40
509,45	1742,82
509,66	1574,89
509,87	1439,72
510,08	1452,01
510,29	1409,00
510,49	1497,07
510,70	1404,91
510,91	1411,05
511,12	1456,11
511,33	1480,68
511,53	1417,19
511,74	1392,62
511,95	1462,25
512,16	1513,45
512,37	1505,26
512,57	1470,44
512,78	1386,47
512,99	1417,19
513,20	1517,54
513,41	1538,02
513,61	1433,58
513,82	1499,11
514,03	1433,58
514,24	1464,30
514,45	1484,78
514,65	1394,67
514,86	1447,91
515,07	1433,58
515,28	1468,39
515,49	1544,17
515,69	1476,59
515,90	1417,19
516,11	1515,50
516,32	1404,91
516,52	1415,15
516,73	1472,49
516,94	1486,83
517,15	1368,04
517,36	1366,00
517,56	1515,50
517,77	1456,11
517,98	1439,72
518,19	1443,82
518,39	1470,44
518,60	1363,95
518,81	1531,88
519,02	1447,91
519,22	1372,14
519,43	1525,74
519,64	1462,25
519,85	1357,80
520,05	1513,45
520,26	1445,87
520,47	1515,50
520,68	1480,68
520,88	1359,85
521,09	1484,78
521,30	1540,07
521,51	1507,30
521,71	1478,63
521,92	1419,24
522,13	1466,35
522,34	1501,16
522,54	1406,95
522,75	1406,95
522,96	1437,67
523,17	1480,68
523,37	1472,49
523,58	1447,91
523,79	1413,10
523,99	1486,83
524,20	1478,63
524,41	1402,86
524,62	1497,07
524,82	1509,35
525,03	1495,02
525,24	1409,00
525,45	1431,53
525,65	1431,53
525,86	1589,22
526,07	1449,96
526,27	1411,05
526,48	1392,62
526,69	1572,84
526,90	1345,52
527,10	1505,26
527,31	1466,35
527,52	1437,67
527,72	1521,64
527,93	1431,53
528,14	1472,49
528,34	1376,24
528,55	1384,43
528,76	1535,98
528,97	1419,24
529,17	1466,35
529,38	1445,87
529,59	1456,11
529,79	1513,45
530,00	1538,02
530,21	1531,88
530,41	1482,73
530,62	1449,96
530,83	1527,78
531,03	1456,11
531,24	1566,70
531,45	1402,86
531,65	1486,83
531,86	1503,21
532,07	1472,49
532,27	1484,78
532,48	1454,06
532,69	1347,56
532,89	1482,73
533,10	1503,21
533,31	1419,24
533,51	1402,86
533,72	1468,39
533,93	1443,82
534,13	1478,63
534,34	1382,38
534,55	1523,69
534,75	1458,15
534,96	1560,55
535,17	1406,95
535,37	1482,73
535,58	1501,16
535,79	1411,05
535,99	1366,00
536,20	1404,91
536,41	1406,95
536,61	1441,77
536,82	1542,12
537,03	1474,54
537,23	1411,05
537,44	1513,45
537,64	1433,58
537,85	1468,39
538,06	1554,41
538,26	1554,41
538,47	1525,74
538,68	1437,67
538,88	1462,25
539,09	1392,62
539,30	1460,20
539,50	1497,07
539,71	1386,47
539,91	1466,35
540,12	1427,43
540,33	1396,71
540,53	1535,98
540,74	1443,82
540,94	1492,97
541,15	1486,83
541,36	1456,11
541,56	1517,54
541,77	1535,98
541,98	1564,65
542,18	1501,16
542,39	1527,78
542,59	1497,07
542,80	1452,01
543,01	1359,85
543,21	1452,01
543,42	1507,30
543,62	1482,73
543,83	1413,10
544,04	1425,39
544,24	1404,91
544,45	1449,96
544,65	1583,08
544,86	1417,19
545,06	1415,15
545,27	1470,44
545,48	1488,87
545,68	1570,79
545,89	1400,81
546,09	1456,11
546,30	1478,63
546,51	1447,91
546,71	1521,64
546,92	1427,43
547,12	1439,72
547,33	1515,50
547,53	1413,10
547,74	1402,86
547,95	1402,86
548,15	1454,06
548,36	1531,88
548,56	1550,31
548,77	1501,16
548,97	1484,78
549,18	1499,11
549,39	1501,16
549,59	1478,63
549,80	1499,11
550,00	1482,73
550,21	1503,21
550,41	1388,52
550,62	1488,87
550,82	1411,05
551,03	1449,96
551,23	1396,71
551,44	1419,24
551,65	1427,43
551,85	1378,28
552,06	1376,24
552,26	1497,07
552,47	1433,58
552,67	1468,39
552,88	1482,73
553,08	1427,43
553,29	1394,67
553,49	1454,06
553,70	1497,07
553,90	1603,56
554,11	1404,91
554,32	1470,44
554,52	1472,49
554,73	1466,35
554,93	1333,23
555,14	1417,19
555,34	1478,63
555,55	1452,01
555,75	1482,73
555,96	1423,34
556,16	1468,39
556,37	1439,72
556,57	1423,34
556,78	1476,59
556,98	1456,11
557,19	1470,44
557,39	1445,87
557,60	1552,36
557,80	1472,49
558,01	1458,15
558,21	1445,87
558,42	1474,54
558,62	1480,68
558,83	1484,78
559,03	1427,43
559,24	1433,58
559,44	1578,98
559,65	1452,01
559,85	1505,26
560,06	1443,82
560,26	1445,87
560,47	1445,87
560,67	1519,59
560,88	1431,53
561,08	1507,30
561,29	1546,22
561,49	1433,58
561,70	1460,20
561,90	1427,43
562,10	1392,62
562,31	1413,10
562,51	1411,05
562,72	1406,95
562,92	1560,55
563,13	1456,11
563,33	1462,25
563,54	1480,68
563,74	1535,98
563,95	1421,29
564,15	1533,93
564,36	1447,91
564,56	1464,30
564,76	1425,39
564,97	1368,04
565,17	1476,59
565,38	1505,26
565,58	1419,24
565,79	1396,71
565,99	1466,35
566,20	1460,20
566,40	1404,91
566,60	1468,39
566,81	1458,15
567,01	1521,64
567,22	1501,16
567,42	1484,78
567,63	1468,39
567,83	1472,49
568,04	1527,78
568,24	1490,92
568,44	1425,39
568,65	1464,30
568,85	1499,11
569,06	1499,11
569,26	1443,82
569,47	1507,30
569,67	1417,19
569,87	1486,83
570,08	1415,15
570,28	1437,67
570,49	1404,91
570,69	1505,26
570,89	1490,92
571,10	1441,77
571,30	1517,54
571,51	1406,95
571,71	1531,88
571,91	1447,91
572,12	1507,30
572,32	1466,35
572,53	1427,43
572,73	1497,07
572,93	1511,40
573,14	1423,34
573,34	1456,11
573,55	1472,49
573,75	1558,50
573,95	1476,59
574,16	1435,63
574,36	1447,91
574,57	1413,10
574,77	1460,20
574,97	1454,06
575,18	1490,92
575,38	1472,49
575,59	1447,91
575,79	1429,48
575,99	1402,86
576,20	1550,31
576,40	1492,97
576,60	1509,35
576,81	1540,07
577,01	1470,44
577,22	1495,02
577,42	1406,95
577,62	1503,21
577,83	1421,29
578,03	1445,87
578,23	1427,43
578,44	1441,77
578,64	1466,35
578,84	1449,96
579,05	1396,71
579,25	1515,50
579,45	1409,00
579,66	1437,67
579,86	1507,30
580,07	1482,73
580,27	1449,96
580,47	1439,72
580,68	1402,86
580,88	1447,91
581,08	1390,57
581,29	1398,76
581,49	1406,95
581,69	1615,85
581,90	1507,30
582,10	1396,71
582,30	1431,53
582,51	1421,29
582,71	1480,68
582,91	1464,30
583,12	1409,00
583,32	1499,11
583,52	1482,73
583,73	1521,64
583,93	1441,77
584,13	1484,78
584,34	1466,35
584,54	1464,30
584,74	1492,97
584,94	1488,87
585,15	1468,39
585,35	1476,59
585,55	1419,24
585,76	1429,48
585,96	1402,86
586,16	1511,40
586,37	1361,90
586,57	1447,91
586,77	1384,43
586,98	1468,39
587,18	1437,67
587,38	1499,11
587,58	1429,48
587,79	1476,59
587,99	1492,97
588,19	1433,58
588,40	1394,67
588,60	1460,20
588,80	1419,24
589,00	1492,97
589,21	1443,82
589,41	1572,84
589,61	1445,87
589,82	1527,78
590,02	1394,67
590,22	1470,44
590,42	1470,44
590,63	1445,87
590,83	1398,76
591,03	1478,63
591,23	1464,30
591,44	1519,59
591,64	1492,97
591,84	1415,15
592,05	1466,35
592,25	1503,21
592,45	1409,00
592,65	1470,44
592,86	1431,53
593,06	1478,63
593,26	1417,19
593,46	1417,19
593,67	1427,43
593,87	1441,77
594,07	1437,67
594,27	1472,49
594,48	1509,35
594,68	1423,34
594,88	1458,15
595,08	1361,90
595,29	1558,50
595,49	1476,59
595,69	1480,68
595,89	1454,06
596,10	1529,83
596,30	1421,29
596,50	1388,52
596,70	1538,02
596,90	1439,72
597,11	1363,95
597,31	1445,87
597,51	1472,49
597,71	1458,15
597,92	1525,74
598,12	1468,39
598,32	1492,97
598,52	1429,48
598,72	1431,53
598,93	1480,68
599,13	1581,03
599,33	1482,73
599,53	1538,02
599,74	1394,67
599,94	1433,58
600,14	1454,06
600,34	1425,39
600,54	1472,49
600,75	1456,11
600,95	1472,49
601,15	1521,64
601,35	1452,01
601,55	1521,64
601,76	1474,54
601,96	1521,64
602,16	1499,11
602,36	1474,54
602,56	1417,19
602,76	1460,20
602,97	1431,53
603,17	1486,83
603,37	1460,20
603,57	1388,52
603,77	1452,01
603,98	1511,40
604,18	1421,29
604,38	1454,06
604,58	1411,05
604,78	1376,24
604,98	1433,58
605,19	1478,63
605,39	1548,26
605,59	1511,40
605,79	1527,78
605,99	1499,11
606,19	1417,19
606,40	1456,11
606,60	1480,68
606,80	1490,92
607,00	1533,93
607,20	1398,76
607,40	1443,82
607,61	1447,91
607,81	1507,30
608,01	1443,82
608,21	1476,59
608,41	1574,89
608,61	1447,91
608,81	1353,71
609,02	1398,76
609,22	1380,33
609,42	1449,96
609,62	1435,63
609,82	1417,19
610,02	1456,11
610,22	1470,44
610,43	1495,02
610,63	1497,07
610,83	1546,22
611,03	1464,30
611,23	1429,48
611,43	1484,78
611,63	1472,49
611,83	1368,04
612,04	1427,43
612,24	1472,49
612,44	1415,15
612,64	1370,09
612,84	1419,24
613,04	1413,10
613,24	1519,59
613,44	1366,00
613,64	1482,73
613,85	1427,43
614,05	1517,54
614,25	1503,21
614,45	1476,59
614,65	1427,43
614,85	1538,02
615,05	1464,30
615,25	1409,00
615,45	1431,53
615,65	1378,28
615,86	1581,03
616,06	1431,53
616,26	1507,30
616,46	1589,22
616,66	1398,76
616,86	1460,20
617,06	1570,79
617,26	1585,13
617,46	1542,12
617,66	1535,98
617,86	1562,60
618,07	1474,54
618,27	1480,68
618,47	1527,78
618,67	1519,59
618,87	1454,06
619,07	1511,40
619,27	1564,65
619,47	1447,91
619,67	1535,98
619,87	1486,83
620,07	1482,73
620,27	1531,88
620,47	1427,43
620,67	1462,25
620,87	1454,06
621,07	1535,98
621,28	1435,63
621,48	1394,67
621,68	1423,34
621,88	1517,54
622,08	1478,63
622,28	1439,72
622,48	1497,07
622,68	1452,01
622,88	1458,15
623,08	1550,31
623,28	1458,15
623,48	1439,72
623,68	1468,39
623,88	1386,47
624,08	1574,89
624,28	1421,29
624,48	1447,91
624,68	1439,72
624,88	1572,84
625,08	1531,88
625,28	1517,54
625,48	1535,98
625,68	1490,92
625,88	1503,21
626,08	1492,97
626,28	1449,96
626,48	1515,50
626,68	1419,24
626,88	1544,17
627,08	1519,59
627,28	1585,13
627,48	1499,11
627,68	1378,28
627,88	1466,35
628,08	1380,33
628,28	1402,86
628,49	1519,59
628,68	1462,25
628,88	1499,11
629,08	1411,05
629,28	1542,12
629,48	1421,29
629,68	1531,88
629,88	1490,92
630,08	1458,15
630,28	1564,65
630,48	1488,87
630,68	1439,72
630,88	1554,41
631,08	1413,10
631,28	1497,07
631,48	1449,96
631,68	1456,11
631,88	1480,68
632,08	1445,87
632,28	1484,78
632,48	1505,26
632,68	1447,91
632,88	1488,87
633,08	1466,35
633,28	1484,78
633,48	1480,68
633,68	1370,09
633,88	1476,59
634,08	1566,70
634,28	1490,92
634,48	1529,83
634,68	1439,72
634,88	1495,02
635,08	1474,54
635,28	1431,53
635,48	1449,96
635,68	1501,16
635,87	1460,20
636,07	1562,60
636,27	1495,02
636,47	1490,92
636,67	1482,73
636,87	1525,74
637,07	1490,92
637,27	1474,54
637,47	1464,30
637,67	1486,83
637,87	1517,54
638,07	1513,45
638,27	1490,92
638,47	1511,40
638,67	1503,21
638,86	1540,07
639,06	1458,15
639,26	1576,94
639,46	1456,11
639,66	1540,07
639,86	1593,32
640,06	1533,93
640,26	1513,45
640,46	1554,41
640,66	1507,30
640,86	1521,64
641,06	1484,78
641,25	1503,21
641,45	1478,63
641,65	1515,50
641,85	1507,30
642,05	1503,21
642,25	1419,24
642,45	1488,87
642,65	1355,76
642,85	1429,48
643,05	1517,54
643,24	1445,87
643,44	1478,63
643,64	1507,30
643,84	1398,76
644,04	1503,21
644,24	1550,31
644,44	1456,11
644,64	1509,35
644,84	1464,30
645,03	1525,74
645,23	1476,59
645,43	1427,43
645,63	1507,30
645,83	1419,24
646,03	1497,07
646,23	1531,88
646,42	1591,27
646,62	1466,35
646,82	1464,30
647,02	1421,29
647,22	1558,50
647,42	1458,15
647,62	1521,64
647,82	1533,93
648,01	1599,46
648,21	1431,53
648,41	1529,83
648,61	1546,22
648,81	1566,70
649,01	1505,26
649,20	1511,40
649,40	1492,97
649,60	1392,62
649,80	1511,40
650,00	1417,19
650,20	1447,91
650,40	1460,20
650,59	1562,60
650,79	1435,63
650,99	1503,21
651,19	1484,78
651,39	1476,59
651,58	1456,11
651,78	1597,42
651,98	1570,79
652,18	1415,15
652,38	1486,83
652,58	1415,15
652,77	1490,92
652,97	1576,94
653,17	1556,46
653,37	1564,65
653,57	1529,83
653,77	1468,39
653,96	1497,07
654,16	1447,91
654,36	1529,83
654,56	1490,92
654,76	1501,16
654,95	1490,92
655,15	1404,91
655,35	1460,20
655,55	1497,07
655,75	1439,72
655,94	1538,02
656,14	1439,72
656,34	1581,03
656,54	1443,82
656,73	1480,68
656,93	1509,35
657,13	1535,98
657,33	1441,77
657,53	1519,59
657,72	1554,41
657,92	1513,45
658,12	1558,50
658,32	1478,63
658,52	1538,02
658,71	1470,44
658,91	1497,07
659,11	1505,26
659,31	1495,02
659,50	1425,39
659,70	1472,49
659,90	1554,41
660,10	1464,30
660,29	1519,59
660,49	1474,54
660,69	1501,16
660,89	1568,74
661,08	1488,87
661,28	1447,91
661,48	1535,98
661,68	1464,30
661,87	1427,43
662,07	1503,21
662,27	1454,06
662,47	1529,83
662,66	1529,83
662,86	1505,26
663,06	1495,02
663,26	1454,06
663,45	1533,93
663,65	1441,77
663,85	1472,49
664,05	1419,24
664,24	1464,30
664,44	1544,17
664,64	1445,87
664,84	1449,96
665,03	1521,64
665,23	1503,21
665,43	1462,25
665,62	1398,76
665,82	1464,30
666,02	1517,54
666,22	1468,39
666,41	1411,05
666,61	1472,49
666,81	1411,05
667,00	1523,69
667,20	1482,73
667,40	1490,92
667,60	1499,11
667,79	1501,16
667,99	1519,59
668,19	1492,97
668,38	1456,11
668,58	1529,83
668,78	1464,30
668,97	1529,83
669,17	1421,29
669,37	1519,59
669,57	1466,35
669,76	1454,06
669,96	1523,69
670,16	1478,63
670,35	1511,40
670,55	1503,21
670,75	1488,87
670,94	1521,64
671,14	1517,54
671,34	1556,46
671,53	1458,15
671,73	1478,63
671,93	1585,13
672,12	1529,83
672,32	1495,02
672,52	1550,31
672,71	1433,58
672,91	1515,50
673,11	1531,88
673,30	1531,88
673,50	1472,49
673,70	1535,98
673,89	1441,77
674,09	1476,59
674,29	1486,83
674,48	1581,03
674,68	1540,07
674,88	1480,68
675,07	1511,40
675,27	1429,48
675,46	1476,59
675,66	1476,59
675,86	1501,16
676,05	1527,78
676,25	1509,35
676,45	1574,89
676,64	1443,82
676,84	1488,87
677,04	1421,29
677,23	1482,73
677,43	1529,83
677,62	1517,54
677,82	1468,39
678,02	1470,44
678,21	1495,02
678,41	1439,72
678,61	1431,53
678,80	1456,11
679,00	1484,78
679,19	1501,16
679,39	1624,04
679,59	1513,45
679,78	1466,35
679,98	1497,07
680,17	1490,92
680,37	1480,68
680,57	1490,92
680,76	1525,74
680,96	1525,74
681,16	1443,82
681,35	1447,91
681,55	1513,45
681,74	1384,43
681,94	1509,35
682,13	1433,58
682,33	1503,21
682,53	1507,30
682,72	1568,74
682,92	1413,10
683,11	1447,91
683,31	1568,74
683,51	1427,43
683,70	1531,88
683,90	1460,20
684,09	1454,06
684,29	1513,45
684,48	1415,15
684,68	1476,59
684,88	1562,60
685,07	1509,35
685,27	1474,54
685,46	1501,16
685,66	1462,25
685,85	1468,39
686,05	1560,55
686,25	1486,83
686,44	1437,67
686,64	1519,59
686,83	1492,97
687,03	1513,45
687,22	1468,39
687,42	1519,59
687,61	1517,54
687,81	1361,90
688,01	1505,26
688,20	1456,11
688,40	1470,44
688,59	1488,87
688,79	1488,87
688,98	1482,73
689,18	1462,25
689,37	1568,74
689,57	1478,63
689,76	1513,45
689,96	1488,87
690,15	1474,54
690,35	1484,78
690,54	1578,98
690,74	1585,13
690,94	1515,50
691,13	1480,68
691,33	1503,21
691,52	1538,02
691,72	1548,26
691,91	1441,77
692,11	1603,56
692,30	1480,68
692,50	1499,11
692,69	1558,50
692,89	1603,56
693,08	1386,47
693,28	1533,93
693,47	1454,06
693,67	1570,79
693,86	1435,63
694,06	1484,78
694,25	1435,63
694,45	1533,93
694,64	1484,78
694,84	1501,16
695,03	1486,83
695,23	1484,78
695,42	1445,87
695,62	1486,83
695,81	1523,69
696,01	1501,16
696,20	1478,63
696,40	1421,29
696,59	1474,54
696,78	1458,15
696,98	1478,63
697,17	1499,11
697,37	1460,20
697,56	1556,46
697,76	1482,73
697,95	1607,66
698,15	1392,62
698,34	1507,30
698,54	1464,30
698,73	1544,17
698,93	1554,41
699,12	1468,39
699,32	1402,86
699,51	1527,78
699,70	1384,43
699,90	1507,30
700,09	1570,79
700,29	1560,55
700,48	1556,46
700,68	1458,15
700,87	1460,20
701,07	1476,59
701,26	1458,15
701,45	1431,53
701,65	1478,63
701,84	1464,30
702,04	1478,63
702,23	1464,30
702,43	1470,44
702,62	1531,88
702,81	1404,91
703,01	1447,91
703,20	1509,35
703,40	1447,91
703,59	1409,00
703,79	1382,38
703,98	1382,38
704,17	1386,47
704,37	1480,68
704,56	1525,74
704,76	1435,63
704,95	1417,19
705,14	1431,53
705,34	1409,00
705,53	1357,80
705,73	1390,57
705,92	1560,55
706,11	1513,45
706,31	1449,96
706,50	1404,91
706,70	1497,07
706,89	1454,06
707,08	1452,01
707,28	1456,11
707,47	1472,49
707,67	1433,58
707,86	1452,01
708,05	1470,44
708,25	1396,71
708,44	1429,48
708,64	1374,19
708,83	1390,57
709,02	1464,30
709,22	1486,83
709,41	1535,98
709,60	1495,02
709,80	1386,47
709,99	1495,02
710,19	1415,15
710,38	1484,78
710,57	1404,91
710,77	1435,63
710,96	1413,10
711,15	1404,91
711,35	1400,81
711,54	1415,15
711,73	1417,19
711,93	1406,95
712,12	1363,95
712,31	1439,72
712,51	1421,29
712,70	1421,29
712,89	1392,62
713,09	1441,77
713,28	1454,06
713,48	1488,87
713,67	1495,02
713,86	1374,19
714,06	1413,10
714,25	1353,71
714,44	1357,80
714,64	1460,20
714,83	1431,53
715,02	1400,81
715,22	1452,01
715,41	1400,81
715,60	1409,00
715,79	1472,49
715,99	1439,72
716,18	1472,49
716,37	1415,15
716,57	1431,53
716,76	1470,44
716,95	1378,28
717,15	1499,11
717,34	1439,72
717,53	1501,16
717,73	1447,91
717,92	1470,44
718,11	1470,44
718,31	1486,83
718,50	1464,30
718,69	1333,23
718,88	1525,74
719,08	1349,61
719,27	1380,33
719,46	1427,43
719,66	1464,30
719,85	1351,66
720,04	1535,98
720,23	1382,38
720,43	1390,57
720,62	1347,56
720,81	1437,67
721,01	1460,20
721,20	1388,52
721,39	1486,83
721,58	1413,10
721,78	1415,15
721,97	1349,61
722,16	1490,92
722,35	1425,39
722,55	1351,66
722,74	1413,10
722,93	1417,19
723,13	1452,01
723,32	1386,47
723,51	1394,67
723,70	1441,77
723,90	1433,58
724,09	1376,24
724,28	1359,85
724,47	1386,47
724,67	1462,25
724,86	1392,62
725,05	1394,67
725,24	1374,19
725,44	1439,72
725,63	1314,80
725,82	1421,29
726,01	1411,05
726,21	1501,16
726,40	1445,87
726,59	1497,07
726,78	1388,52
726,97	1482,73
727,17	1417,19
727,36	1435,63
727,55	1351,66
727,74	1376,24
727,94	1368,04
728,13	1456,11
728,32	1398,76
728,51	1382,38
728,70	1386,47
728,90	1384,43
729,09	1464,30
729,28	1370,09
729,47	1505,26
729,66	1501,16
729,86	1425,39
730,05	1449,96
730,24	1374,19
730,43	1441,77
730,63	1382,38
730,82	1454,06
731,01	1415,15
731,20	1396,71
731,39	1394,67
731,58	1429,48
731,78	1499,11
731,97	1378,28
732,16	1447,91
732,35	1527,78
732,54	1521,64
732,74	1447,91
732,93	1353,71
733,12	1421,29
733,31	1423,34
733,50	1423,34
733,69	1376,24
733,89	1466,35
734,08	1454,06
734,27	1429,48
734,46	1466,35
734,65	1353,71
734,84	1413,10
735,04	1421,29
735,23	1357,80
735,42	1470,44
735,61	1337,32
735,80	1441,77
735,99	1320,94
736,19	1423,34
736,38	1374,19
736,57	1417,19
736,76	1441,77
736,95	1421,29
737,14	1325,04
737,33	1398,76
737,53	1509,35
737,72	1333,23
737,91	1472,49
738,10	1421,29
738,29	1404,91
738,48	1425,39
738,67	1404,91
738,87	1423,34
739,06	1503,21
739,25	1413,10
739,44	1335,28
739,63	1460,20
739,82	1386,47
740,01	1411,05
740,20	1406,95
740,40	1468,39
740,59	1406,95
740,78	1435,63
740,97	1421,29
741,16	1472,49
741,35	1484,78
741,54	1443,82
741,73	1425,39
741,92	1409,00
742,12	1374,19
742,31	1417,19
742,50	1495,02
742,69	1394,67
742,88	1409,00
743,07	1443,82
743,26	1435,63
743,45	1447,91
743,64	1454,06
743,83	1396,71
744,02	1406,95
744,22	1363,95
744,41	1474,54
744,60	1417,19
744,79	1458,15
744,98	1509,35
745,17	1366,00
745,36	1417,19
745,55	1468,39
745,74	1456,11
745,93	1449,96
746,12	1443,82
746,31	1413,10
746,50	1484,78
746,70	1359,85
746,89	1400,81
747,08	1390,57
747,27	1452,01
747,46	1419,24
747,65	1384,43
747,84	1433,58
748,03	1357,80
748,22	1413,10
748,41	1507,30
748,60	1421,29
748,79	1454,06
748,98	1443,82
749,17	1425,39
749,36	1454,06
749,55	1452,01
749,74	1472,49
749,93	1445,87
750,12	1353,71
750,31	1394,67
750,50	1486,83
750,70	1417,19
750,89	1470,44
751,08	1619,94
751,27	1468,39
751,46	1441,77
751,65	1425,39
751,84	1449,96
752,03	1427,43
752,22	1464,30
752,41	1445,87
752,60	1425,39
752,79	1449,96
752,98	1394,67
753,17	1497,07
753,36	1474,54
753,55	1394,67
753,74	1396,71
753,93	1460,20
754,12	1404,91
754,31	1484,78
754,50	1452,01
754,69	1390,57
754,88	1443,82
755,07	1499,11
755,26	1439,72
755,45	1396,71
755,64	1468,39
755,83	1499,11
756,02	1445,87
756,21	1474,54
756,40	1531,88
756,59	1413,10
756,78	1458,15
756,97	1402,86
757,16	1445,87
757,35	1593,32
757,54	1503,21
757,72	1425,39
757,91	1372,14
758,10	1480,68
758,29	1427,43
758,48	1472,49
758,67	1505,26
758,86	1484,78
759,05	1468,39
759,24	1550,31
759,43	1462,25
759,62	1390,57
759,81	1392,62
760,00	1417,19
760,19	1535,98
760,38	1503,21
760,57	1445,87
760,76	1484,78
760,95	1472,49
761,14	1423,34
761,33	1509,35
761,52	1490,92
761,70	1474,54
761,89	1511,40
762,08	1517,54
762,27	1478,63
762,46	1480,68
762,65	1466,35
762,84	1486,83
763,03	1476,59
763,22	1488,87
763,41	1517,54
763,60	1462,25
763,79	1492,97
763,98	1472,49
764,16	1488,87
764,35	1548,26
764,54	1497,07
764,73	1460,20
764,92	1482,73
765,11	1611,75
765,30	1460,20
765,49	1454,06
765,68	1513,45
765,87	1611,75
766,06	1535,98
766,24	1519,59
766,43	1472,49
766,62	1466,35
766,81	1533,93
767,00	1570,79
767,19	1417,19
767,38	1558,50
767,57	1423,34
767,76	1529,83
767,94	1474,54
768,13	1495,02
768,32	1484,78
768,51	1562,60
768,70	1517,54
768,89	1548,26
769,08	1402,86
769,27	1406,95
769,45	1454,06
769,64	1492,97
769,83	1427,43
770,02	1476,59
770,21	1513,45
770,40	1540,07
770,59	1495,02
770,77	1505,26
770,96	1495,02
771,15	1572,84
771,34	1390,57
771,53	1628,14
771,72	1511,40
771,91	1509,35
772,09	1495,02
772,28	1458,15
772,47	1470,44
772,66	1578,98
772,85	1533,93
773,04	1468,39
773,22	1497,07
773,41	1535,98
773,60	1499,11
773,79	1433,58
773,98	1513,45
774,17	1482,73
774,35	1495,02
774,54	1509,35
774,73	1583,08
774,92	1492,97
775,11	1531,88
775,30	1599,46
775,48	1585,13
775,67	1503,21
775,86	1474,54
776,05	1535,98
776,24	1570,79
776,42	1497,07
776,61	1484,78
776,80	1550,31
776,99	1546,22
777,18	1519,59
777,36	1554,41
777,55	1546,22
777,74	1529,83
777,93	1507,30
778,12	1439,72
778,30	1615,85
778,49	1544,17
778,68	1546,22
778,87	1411,05
779,06	1464,30
779,24	1540,07
779,43	1525,74
779,62	1570,79
779,81	1546,22
779,99	1490,92
780,18	1488,87
780,37	1628,14
780,56	1587,18
780,75	1529,83
780,93	1503,21
781,12	1505,26
781,31	1552,36
781,50	1554,41
781,68	1509,35
781,87	1470,44
782,06	1503,21
782,25	1576,94
782,43	1583,08
782,62	1497,07
782,81	1486,83
783,00	1441,77
783,18	1517,54
783,37	1570,79
783,56	1538,02
783,75	1619,94
783,93	1535,98
784,12	1533,93
784,31	1595,37
784,50	1495,02
784,68	1492,97
784,87	1495,02
785,06	1533,93
785,24	1486,83
785,43	1511,40
785,62	1523,69
785,81	1476,59
785,99	1433,58
786,18	1464,30
786,37	1480,68
786,56	1521,64
786,74	1492,97
786,93	1417,19
787,12	1480,68
787,30	1445,87
787,49	1523,69
787,68	1525,74
787,87	1505,26
788,05	1476,59
788,24	1456,11
788,43	1521,64
788,61	1533,93
788,80	1474,54
788,99	1435,63
789,17	1468,39
789,36	1478,63
789,55	1499,11
789,73	1525,74
789,92	1431,53
790,11	1505,26
790,30	1466,35
790,48	1501,16
790,67	1411,05
790,86	1523,69
791,04	1460,20
791,23	1449,96
791,42	1419,24
791,60	1511,40
791,79	1421,29
791,98	1398,76
792,16	1486,83
792,35	1476,59
792,54	1454,06
792,72	1521,64
792,91	1574,89
793,10	1433,58
793,28	1388,52
793,47	1521,64
793,66	1462,25
793,84	1449,96
794,03	1359,85
794,22	1464,30
794,40	1421,29
794,59	1411,05
794,77	1345,52
794,96	1452,01
795,15	1466,35
795,33	1384,43
795,52	1435,63
795,71	1531,88
795,89	1368,04
796,08	1415,15
796,27	1452,01
796,45	1415,15
796,64	1325,04
796,82	1425,39
797,01	1517,54
797,20	1482,73
797,38	1417,19
797,57	1294,32
797,76	1495,02
797,94	1376,24
798,13	1439,72
798,31	1464,30
798,50	1421,29
798,69	1497,07
798,87	1353,71
799,06	1433,58
799,24	1351,66
799,43	1507,30
799,62	1411,05
799,80	1456,11
799,99	1605,61
800,17	1392,62
800,36	1415,15
800,55	1423,34
800,73	1411,05
800,92	1452,01
801,10	1359,85
801,29	1409,00
801,48	1423,34
801,66	1363,95
801,85	1345,52
802,03	1445,87
802,22	1406,95
802,40	1402,86
802,59	1437,67
802,78	1456,11
802,96	1411,05
803,15	1497,07
803,33	1509,35
803,52	1482,73
803,70	1413,10
803,89	1505,26
804,08	1380,33
804,26	1470,44
804,45	1431,53
804,63	1431,53
804,82	1482,73
805,00	1331,18
805,19	1441,77
805,37	1431,53
805,56	1443,82
805,74	1452,01
805,93	1429,48
806,12	1363,95
806,30	1423,34
806,49	1417,19
806,67	1468,39
806,86	1431,53
807,04	1382,38
807,23	1437,67
807,41	1331,18
807,60	1449,96
807,78	1462,25
807,97	1744,87
808,15	1447,91
808,34	1456,11
808,52	1421,29
808,71	1431,53
808,89	1392,62
809,08	1443,82
809,27	1460,20
809,45	1400,81
809,64	1454,06
809,82	1404,91
810,01	1458,15
810,19	1398,76
810,38	1480,68
810,56	1427,43
810,75	1419,24
810,93	1423,34
811,12	1366,00
811,30	1474,54
811,49	1431,53
811,67	1511,40
811,85	1550,31
812,04	1415,15
812,22	1433,58
812,41	1484,78
812,59	1421,29
812,78	1359,85
812,96	1398,76
813,15	1454,06
813,33	1370,09
813,52	1507,30
813,70	1474,54
813,89	1337,32
814,07	1515,50
814,26	1392,62
814,44	1396,71
814,63	1488,87
814,81	1419,24
815,00	1427,43
815,18	1499,11
815,36	1331,18
815,55	1431,53
815,73	1466,35
815,92	1472,49
816,10	1525,74
816,29	1445,87
816,47	1380,33
816,66	1445,87
816,84	1535,98
817,02	1478,63
817,21	1523,69
817,39	1435,63
817,58	1413,10
817,76	1417,19
817,95	1484,78
818,13	1388,52
818,32	1409,00
818,50	1484,78
818,68	1437,67
818,87	1472,49
819,05	1443,82
819,24	1527,78
819,42	1476,59
819,60	1368,04
819,79	1441,77
819,97	1419,24
820,16	1452,01
820,34	1443,82
820,53	1533,93
820,71	1415,15
820,89	1441,77
821,08	1439,72
821,26	1435,63
821,45	1392,62
821,63	1449,96
821,81	1398,76
822,00	1327,08
822,18	1447,91
822,37	1425,39
822,55	1427,43
822,73	1517,54
822,92	1507,30
823,10	1527,78
823,28	1427,43
823,47	1509,35
823,65	1409,00
823,84	1437,67
824,02	1476,59
824,20	1437,67
824,39	1447,91
824,57	1544,17
824,75	1562,60
824,94	1484,78
825,12	1519,59
825,31	1429,48
825,49	1531,88
825,67	1406,95
825,86	1449,96
826,04	1447,91
826,22	1517,54
826,41	1476,59
826,59	1513,45
826,77	1472,49
826,96	1486,83
827,14	1398,76
827,32	1505,26
827,51	1433,58
827,69	1480,68
827,87	1576,94
828,06	1576,94
828,24	1501,16
828,42	1492,97
828,61	1488,87
828,79	1406,95
828,97	1511,40
829,16	1533,93
829,34	1417,19
829,52	1484,78
829,71	1538,02
829,89	1587,18
830,07	1480,68
830,26	1554,41
830,44	1396,71
830,62	1562,60
830,81	1511,40
830,99	1454,06
831,17	1443,82
831,36	1431,53
831,54	1488,87
831,72	1433,58
831,91	1441,77
832,09	1433,58
832,27	1538,02
832,45	1476,59
832,64	1357,80
832,82	1546,22
833,00	1396,71
833,19	1519,59
833,37	1538,02
833,55	1394,67
833,73	1478,63
833,92	1441,77
834,10	1517,54
834,28	1482,73
834,47	1470,44
834,65	1476,59
834,83	1507,30
835,01	1527,78
835,20	1409,00
835,38	1478,63
835,56	1515,50
835,74	1488,87
835,93	1546,22
836,11	1527,78
836,29	1445,87
836,47	1548,26
836,66	1507,30
836,84	1521,64
837,02	1425,39
837,21	1572,84
837,39	1507,30
837,57	1492,97
837,75	1583,08
837,94	1535,98
838,12	1542,12
838,30	1464,30
838,48	1488,87
838,66	1589,22
838,85	1501,16
839,03	1482,73
839,21	1464,30
839,39	1437,67
839,58	1484,78
839,76	1521,64
839,94	1523,69
840,12	1468,39
840,31	1550,31
840,49	1542,12
840,67	1499,11
840,85	1374,19
841,03	1513,45
841,22	1544,17
841,40	1486,83
841,58	1454,06
841,76	1544,17
841,94	1503,21
842,13	1667,05
842,31	1519,59
842,49	1460,20
842,67	1449,96
842,85	1515,50
843,04	1603,56
843,22	1576,94
843,40	1509,35
843,58	1587,18
843,76	1513,45
843,95	1656,81
844,13	1517,54
844,31	1490,92
844,49	1462,25
844,67	1538,02
844,86	1556,46
845,04	1464,30
845,22	1527,78
845,40	1486,83
845,58	1574,89
845,76	1409,00
845,95	1576,94
846,13	1486,83
846,31	1599,46
846,49	1578,98
846,67	1470,44
846,85	1521,64
847,04	1507,30
847,22	1497,07
847,40	1472,49
847,58	1546,22
847,76	1581,03
847,94	1492,97
848,12	1511,40
848,31	1515,50
848,49	1531,88
848,67	1566,70
848,85	1538,02
849,03	1570,79
849,21	1605,61
849,39	1462,25
849,58	1589,22
849,76	1558,50
849,94	1540,07
850,12	1507,30
850,30	1746,92
850,48	1554,41
850,66	1521,64
850,84	1607,66
851,03	1634,28
851,21	1517,54
851,39	1544,17
851,57	1497,07
851,75	1513,45
851,93	1488,87
852,11	1546,22
852,29	1511,40
852,47	1519,59
852,66	1560,55
852,84	1525,74
853,02	1597,42
853,20	1615,85
853,38	1556,46
853,56	1619,94
853,74	1607,66
853,92	1533,93
854,10	1515,50
854,28	1513,45
854,46	1542,12
854,65	1507,30
854,83	1576,94
855,01	1548,26
855,19	1550,31
855,37	1578,98
855,55	1599,46
855,73	1683,43
855,91	1585,13
856,09	1578,98
856,27	1628,14
856,45	1583,08
856,63	1490,92
856,81	1529,83
857,00	1628,14
857,18	1484,78
857,36	1525,74
857,54	1605,61
857,72	1556,46
857,90	1449,96
858,08	1615,85
858,26	1501,16
858,44	1644,52
858,62	1675,24
858,80	1523,69
858,98	1581,03
859,16	1597,42
859,34	1630,18
859,52	1529,83
859,70	1574,89
859,88	1560,55
860,06	1519,59
860,24	1511,40
860,42	1566,70
860,60	1591,27
860,78	1488,87
860,96	1480,68
861,14	1538,02
861,32	1533,93
861,50	1531,88
861,69	1568,74
861,87	1613,80
862,05	1556,46
862,23	1548,26
862,41	1533,93
862,59	1572,84
862,77	1603,56
862,95	1505,26
863,13	1519,59
863,31	1497,07
863,49	1445,87
863,67	1665,00
863,85	1452,01
864,03	1624,04
864,21	1554,41
864,39	1544,17
864,57	1644,52
864,75	1562,60
864,92	1640,42
865,10	1488,87
865,28	1515,50
865,46	1560,55
865,64	1589,22
865,82	1581,03
866,00	1540,07
866,18	1554,41
866,36	1531,88
866,54	1624,04
866,72	1548,26
866,90	1548,26
867,08	1513,45
867,26	1452,01
867,44	1507,30
867,62	1558,50
867,80	1652,71
867,98	1609,70
868,16	1558,50
868,34	1589,22
868,52	1497,07
868,70	1519,59
868,88	1533,93
869,06	1478,63
869,24	1574,89
869,42	1462,25
869,59	1576,94
869,77	1497,07
869,95	1548,26
870,13	1585,13
870,31	1470,44
870,49	1509,35
870,67	1503,21
870,85	1544,17
871,03	1482,73
871,21	1638,38
871,39	1521,64
871,57	1613,80
871,75	1576,94
871,92	1554,41
872,10	1499,11
872,28	1488,87
872,46	1566,70
872,64	1529,83
872,82	1599,46
873,00	1513,45
873,18	1540,07
873,36	1576,94
873,54	1521,64
873,72	1601,51
873,89	1658,85
874,07	1538,02
874,25	1578,98
874,43	1492,97
874,61	1576,94
874,79	1550,31
874,97	1503,21
875,15	1609,70
875,33	1552,36
875,50	1540,07
875,68	1478,63
875,86	1603,56
876,04	1613,80
876,22	1564,65
876,40	1513,45
876,58	1546,22
876,76	1562,60
876,93	1599,46
877,11	1433,58
877,29	1597,42
877,47	1581,03
877,65	1591,27
877,83	1558,50
878,01	1533,93
878,18	1505,26
878,36	1519,59
878,54	1583,08
878,72	1513,45
878,90	1513,45
879,08	1542,12
879,25	1570,79
879,43	1495,02
879,61	1492,97
879,79	1591,27
879,97	1505,26
880,15	1517,54
880,32	1535,98
880,50	1613,80
880,68	1533,93
880,86	1576,94
881,04	1589,22
881,22	1632,23
881,39	1538,02
881,57	1699,81
881,75	1607,66
881,93	1562,60
882,11	1552,36
882,28	1558,50
882,46	1470,44
882,64	1521,64
882,82	1564,65
883,00	1554,41
883,18	1476,59
883,35	1566,70
883,53	1540,07
883,71	1566,70
883,89	1556,46
884,07	1529,83
884,24	1544,17
884,42	1488,87
884,60	1535,98
884,78	1656,81
884,95	1476,59
885,13	1415,15
885,31	1513,45
885,49	1497,07
885,67	1513,45
885,84	1578,98
886,02	1583,08
886,20	1542,12
886,38	1495,02
886,55	1474,54
886,73	1484,78
886,91	1503,21
887,09	1456,11
887,26	1562,60
887,44	1546,22
887,62	1564,65
887,80	1513,45
887,98	1564,65
888,15	1464,30
888,33	1466,35
888,51	1603,56
888,69	1632,23
888,86	1554,41
889,04	1576,94
889,22	1519,59
889,39	1636,33
889,57	1480,68
889,75	1544,17
889,93	1429,48
890,10	1529,83
890,28	1554,41
890,46	1570,79
890,64	1517,54
890,81	1447,91
890,99	1460,20
891,17	1525,74
891,34	1613,80
891,52	1468,39
891,70	1458,15
891,88	1562,60
892,05	1599,46
892,23	1478,63
892,41	1462,25
892,58	1566,70
892,76	1548,26
892,94	1538,02
893,12	1621,99
893,29	1464,30
893,47	1548,26
893,65	1458,15
893,82	1533,93
894,00	1513,45
894,18	1458,15
894,35	1497,07
894,53	1562,60
894,71	1583,08
894,89	1484,78
895,06	1470,44
895,24	1427,43
895,42	1441,77
895,59	1544,17
895,77	1488,87
895,95	1476,59
896,12	1515,50
896,30	1513,45
896,48	1372,14
896,65	1572,84
896,83	1603,56
897,01	1529,83
897,18	1486,83
897,36	1589,22
897,54	1488,87
897,71	1472,49
897,89	1525,74
898,07	1390,57
898,24	1474,54
898,42	1435,63
898,59	1542,12
898,77	1505,26
898,95	1527,78
899,12	1464,30
899,30	1523,69
899,48	1519,59
899,65	1490,92
899,83	1488,87
900,01	1431,53
900,18	1540,07
900,36	1507,30
900,53	1478,63
900,71	1552,36
900,89	1499,11
901,06	1398,76
901,24	1476,59
901,42	1556,46
901,59	1435,63
901,77	1542,12
901,94	1517,54
902,12	1521,64
902,30	1456,11
902,47	1503,21
902,65	1458,15
902,82	1423,34
903,00	1615,85
903,18	1497,07
903,35	1372,14
903,53	1431,53
903,70	1492,97
903,88	1507,30
904,06	1529,83
904,23	1447,91
904,41	1566,70
904,58	1464,30
904,76	1449,96
904,93	1472,49
905,11	1492,97
905,29	1497,07
905,46	1421,29
905,64	1513,45
905,81	1542,12
905,99	1449,96
906,16	1564,65
906,34	1468,39
906,52	1462,25
906,69	1462,25
906,87	1556,46
907,04	1417,19
907,22	1449,96
907,39	1533,93
907,57	1513,45
907,75	1619,94
907,92	1503,21
908,10	1535,98
908,27	1468,39
908,45	1511,40
908,62	1484,78
908,80	1421,29
908,97	1488,87
909,15	1511,40
909,32	1425,39
909,50	1599,46
909,67	1425,39
909,85	1495,02
910,03	1355,76
910,20	1497,07
910,38	1441,77
910,55	1513,45
910,73	1509,35
910,90	1544,17
911,08	1480,68
911,25	1562,60
911,43	1599,46
911,60	1439,72
911,78	1576,94
911,95	1449,96
912,13	1568,74
912,30	1492,97
912,48	1564,65
912,65	1449,96
912,83	1499,11
913,00	1501,16
913,18	1632,23
913,35	1511,40
913,53	1462,25
913,70	1513,45
913,88	1529,83
914,05	1495,02
914,23	1556,46
914,40	1538,02
914,58	1533,93
914,75	1542,12
914,93	1480,68
915,10	1519,59
915,27	1617,90
915,45	1531,88
915,62	1478,63
915,80	1499,11
915,97	1597,42
916,15	1581,03
916,32	1615,85
916,50	1486,83
916,67	1488,87
916,85	1521,64
917,02	1466,35
917,20	1548,26
917,37	1478,63
917,54	1529,83
917,72	1601,51
917,89	1470,44
918,07	1576,94
918,24	1542,12
918,42	1452,01
918,59	1558,50
918,77	1533,93
918,94	1513,45
919,11	1474,54
919,29	1550,31
919,46	1581,03
919,64	1566,70
919,81	1447,91
919,99	1411,05
920,16	1578,98
920,33	1578,98
920,51	1533,93
920,68	1554,41
920,86	1499,11
921,03	1613,80
921,20	1513,45
921,38	1597,42
921,55	1538,02
921,73	1501,16
921,90	1460,20
922,07	1601,51
922,25	1517,54
922,42	1554,41
922,60	1554,41
922,77	1587,18
922,94	1574,89
923,12	1527,78
923,29	1562,60
923,47	1544,17
923,64	1484,78
923,81	1564,65
923,99	1488,87
924,16	1624,04
924,34	1538,02
924,51	1523,69
924,68	1558,50
924,86	1509,35
925,03	1505,26
925,20	1570,79
925,38	1544,17
925,55	1574,89
925,72	1708,01
925,90	1452,01
926,07	1603,56
926,25	1540,07
926,42	1621,99
926,59	1556,46
926,77	1572,84
926,94	1578,98
927,11	1484,78
927,29	1538,02
927,46	1527,78
927,63	1474,54
927,81	1554,41
927,98	1634,28
928,15	1564,65
928,33	1658,85
928,50	1570,79
928,67	1632,23
928,85	1677,29
929,02	1638,38
929,19	1578,98
929,37	1632,23
929,54	1499,11
929,71	1660,90
929,89	1591,27
930,06	1484,78
930,23	1593,32
930,41	1558,50
930,58	1527,78
930,75	1542,12
930,92	1591,27
931,10	1576,94
931,27	1525,74
931,44	1603,56
931,62	1564,65
931,79	1607,66
931,96	1564,65
932,14	1552,36
932,31	1517,54
932,48	1652,71
932,65	1587,18
932,83	1581,03
933,00	1601,51
933,17	1540,07
933,35	1617,90
933,52	1560,55
933,69	1642,47
933,86	1560,55
934,04	1476,59
934,21	1552,36
934,38	1542,12
934,55	1472,49
934,73	1535,98
934,90	1572,84
935,07	1552,36
935,25	1634,28
935,42	1538,02
935,59	1531,88
935,76	1503,21
935,94	1558,50
936,11	1478,63
936,28	1572,84
936,45	1570,79
936,63	1462,25
936,80	1472,49
936,97	1558,50
937,14	1572,84
937,31	1576,94
937,49	1611,75
937,66	1540,07
937,83	1587,18
938,00	1558,50
938,18	1597,42
938,35	1527,78
938,52	1652,71
938,69	1558,50
938,87	1519,59
939,04	1562,60
939,21	1492,97
939,38	1554,41
939,55	1538,02
939,73	1609,70
939,90	1542,12
940,07	1587,18
940,24	1507,30
940,41	1538,02
940,59	1564,65
940,76	1495,02
940,93	1464,30
941,10	1515,50
941,27	1558,50
941,45	1597,42
941,62	1640,42
941,79	1544,17
941,96	1544,17
942,13	1593,32
942,31	1587,18
942,48	1597,42
942,65	1634,28
942,82	1589,22
942,99	1568,74
943,16	1562,60
943,34	1515,50
943,51	1570,79
943,68	1558,50
943,85	1548,26
944,02	1595,37
944,19	1525,74
944,37	1615,85
944,54	1568,74
944,71	1585,13
944,88	1640,42
945,05	1552,36
945,22	1570,79
945,40	1619,94
945,57	1554,41
945,74	1595,37
945,91	1546,22
946,08	1552,36
946,25	1601,51
946,42	1544,17
946,60	1476,59
946,77	1673,19
946,94	1621,99
947,11	1591,27
947,28	1568,74
947,45	1576,94
947,62	1593,32
947,79	1574,89
947,97	1652,71
948,14	1626,09
948,31	1619,94
948,48	1525,74
948,65	1480,68
948,82	1576,94
948,99	1484,78
949,16	1552,36
949,33	1556,46
949,51	1585,13
949,68	1619,94
949,85	1574,89
950,02	1550,31
950,19	1585,13
950,36	1640,42
950,53	1591,27
950,70	1517,54
950,87	1447,91
951,04	1538,02
951,22	1603,56
951,39	1603,56
951,56	1568,74
951,73	1478,63
951,90	1515,50
952,07	1578,98
952,24	1542,12
952,41	1558,50
952,58	1470,44
952,75	1591,27
952,92	1476,59
953,09	1468,39
953,26	1515,50
953,43	1462,25
953,61	1615,85
953,78	1548,26
953,95	1566,70
954,12	1531,88
954,29	1513,45
954,46	1550,31
954,63	1607,66
954,80	1593,32
954,97	1538,02
955,14	1535,98
955,31	1517,54
955,48	1538,02
955,65	1499,11
955,82	1447,91
955,99	1560,55
956,16	1566,70
956,33	1511,40
956,50	1478,63
956,67	1574,89
956,84	1560,55
957,01	1470,44
957,18	1554,41
957,35	1511,40
957,52	1521,64
957,69	1601,51
957,86	1529,83
958,03	1669,09
958,20	1521,64
958,37	1519,59
958,54	1499,11
958,71	1505,26
958,88	1525,74
959,05	1572,84
959,22	1591,27
959,39	1552,36
959,56	1441,77
959,73	1529,83
959,90	1564,65
960,07	1517,54
960,24	1509,35
960,41	1535,98
960,58	1593,32
960,75	1511,40
960,92	1542,12
961,09	1509,35
961,26	1542,12
961,43	1505,26
961,60	1454,06
961,77	1570,79
961,94	1521,64
962,11	1447,91
962,28	1587,18
962,45	1486,83
962,62	1501,16
962,79	1509,35
962,96	1542,12
963,13	1501,16
963,30	1523,69
963,47	1570,79
963,64	1519,59
963,81	1640,42
963,98	1499,11
964,14	1595,37
964,31	1439,72
964,48	1511,40
964,65	1556,46
964,82	1411,05
964,99	1488,87
965,16	1454,06
965,33	1501,16
965,50	1552,36
965,67	1445,87
965,84	1490,92
966,01	1509,35
966,18	1425,39
966,35	1468,39
966,51	1517,54
966,68	1558,50
966,85	1490,92
967,02	1464,30
967,19	1509,35
967,36	1454,06
967,53	1427,43
967,70	1501,16
967,87	1527,78
968,04	1560,55
968,21	1484,78
968,37	1560,55
968,54	1378,28
968,71	1441,77
968,88	1517,54
969,05	1411,05
969,22	1429,48
969,39	1568,74
969,56	1540,07
969,72	1503,21
969,89	1550,31
970,06	1497,07
970,23	1419,24
970,40	1509,35
970,57	1501,16
970,74	1495,02
970,91	1333,23
971,07	1507,30
971,24	1552,36
971,41	1495,02
971,58	1525,74
971,75	1454,06
971,92	1419,24
972,09	1513,45
972,25	1439,72
972,42	1497,07
972,59	1392,62
972,76	1552,36
972,93	1413,10
973,10	1447,91
973,27	1525,74
973,43	1527,78
973,60	1386,47
973,77	1486,83
973,94	1507,30
974,11	1472,49
974,28	1492,97
974,44	1376,24
974,61	1517,54
974,78	1550,31
974,95	1474,54
975,12	1497,07
975,28	1490,92
975,45	1439,72
975,62	1513,45
975,79	1413,10
975,96	1372,14
976,12	1431,53
976,29	1472,49
976,46	1406,95
976,63	1411,05
976,80	1447,91
976,96	1411,05
977,13	1396,71
977,30	1464,30
977,47	1435,63
977,64	1464,30
977,80	1423,34
977,97	1480,68
978,14	1423,34
978,31	1429,48
978,48	1378,28
978,64	1454,06
978,81	1437,67
978,98	1439,72
979,15	1456,11
979,31	1441,77
979,48	1454,06
979,65	1419,24
979,82	1499,11
979,98	1406,95
980,15	1419,24
980,32	1589,22
980,49	1406,95
980,66	1349,61
980,82	1462,25
980,99	1425,39
981,16	1441,77
981,33	1533,93
981,49	1433,58
981,66	1531,88
981,83	1355,76
981,99	1443,82
982,16	1413,10
982,33	1380,33
982,50	1298,41
982,66	1406,95
982,83	1310,70
983,00	1435,63
983,17	1452,01
983,33	1454,06
983,50	1472,49
983,67	1370,09
983,83	1431,53
984,00	1306,60
984,17	1484,78
984,34	1472,49
984,50	1345,52
984,67	1484,78
984,84	1507,30
985,00	1423,34
985,17	1409,00
985,34	1413,10
985,51	1419,24
985,67	1390,57
985,84	1499,11
986,01	1355,76
986,17	1380,33
986,34	1357,80
986,51	1398,76
986,67	1445,87
986,84	1388,52
987,01	1339,37
987,17	1413,10
987,34	1454,06
987,51	1417,19
987,67	1449,96
987,84	1443,82
988,01	1454,06
988,17	1388,52
988,34	1427,43
988,51	1439,72
988,67	1497,07
988,84	1406,95
989,01	1484,78
989,17	1429,48
989,34	1460,20
989,51	1501,16
989,67	1435,63
989,84	1435,63
990,01	1325,04
990,17	1458,15
990,34	1368,04
990,51	1417,19
990,67	1427,43
990,84	1437,67
991,01	1380,33
991,17	1462,25
991,34	1447,91
991,50	1460,20
991,67	1443,82
991,84	1292,27
992,00	1329,13
992,17	1433,58
992,34	1411,05
992,50	1447,91
992,67	1427,43
992,83	1437,67
993,00	1337,32
993,17	1476,59
993,33	1396,71
993,50	1425,39
993,66	1486,83
993,83	1433,58
994,00	1390,57
994,16	1462,25
994,33	1372,14
994,49	1409,00
994,66	1427,43
994,83	1509,35
994,99	1398,76
995,16	1480,68
995,32	1433,58
995,49	1521,64
995,66	1449,96
995,82	1353,71
995,99	1409,00
996,15	1413,10
996,32	1382,38
996,48	1411,05
996,65	1386,47
996,82	1376,24
996,98	1458,15
997,15	1406,95
997,31	1433,58
997,48	1470,44
997,64	1366,00
997,81	1445,87
997,97	1390,57
998,14	1368,04
998,31	1372,14
998,47	1390,57
998,64	1409,00
998,80	1398,76
998,97	1404,91
999,13	1429,48
999,30	1368,04
999,46	1474,54
999,63	1402,86
999,79	1384,43
999,96	1521,64
1000,12	1495,02
1000,29	1476,59
1000,45	1417,19
1000,62	1425,39
1000,79	1431,53
1000,95	1409,00
1001,12	1318,89
1001,28	1335,28
1001,45	1374,19
1001,61	1460,20
1001,78	1394,67
1001,94	1476,59
1002,11	1505,26
1002,27	1458,15
1002,44	1341,42
1002,60	1417,19
1002,77	1415,15
1002,93	1497,07
1003,10	1366,00
1003,26	1447,91
1003,43	1423,34
1003,59	1460,20
1003,76	1431,53
1003,92	1392,62
1004,09	1476,59
1004,25	1476,59
1004,41	1431,53
1004,58	1425,39
1004,74	1372,14
1004,91	1378,28
1005,07	1419,24
1005,24	1404,91
1005,40	1417,19
1005,57	1392,62
1005,73	1454,06
1005,90	1413,10
1006,06	1548,26
1006,23	1454,06
1006,39	1425,39
1006,55	1304,56
1006,72	1378,28
1006,88	1370,09
1007,05	1415,15
1007,21	1325,04
1007,38	1431,53
1007,54	1374,19
1007,71	1458,15
1007,87	1368,04
1008,03	1445,87
1008,20	1409,00
1008,36	1421,29
1008,53	1490,92
1008,69	1415,15
1008,86	1394,67
1009,02	1443,82
1009,18	1380,33
1009,35	1421,29
1009,51	1443,82
1009,68	1322,99
1009,84	1441,77
1010,01	1433,58
1010,17	1370,09
1010,33	1466,35
1010,50	1437,67
1010,66	1497,07
1010,83	1368,04
1010,99	1484,78
1011,15	1308,65
1011,32	1519,59
1011,48	1456,11
1011,65	1378,28
1011,81	1359,85
1011,97	1423,34
1012,14	1437,67
1012,30	1380,33
1012,46	1421,29
1012,63	1435,63
1012,79	1435,63
1012,96	1425,39
1013,12	1409,00
1013,28	1429,48
1013,45	1478,63
1013,61	1411,05
1013,77	1437,67
1013,94	1419,24
1014,10	1423,34
1014,26	1363,95
1014,43	1409,00
1014,59	1361,90
1014,76	1505,26
1014,92	1476,59
1015,08	1394,67
1015,25	1327,08
1015,41	1431,53
1015,57	1427,43
1015,74	1339,37
1015,90	1417,19
1016,06	1425,39
1016,23	1396,71
1016,39	1376,24
1016,55	1486,83
1016,72	1378,28
1016,88	1419,24
1017,04	1335,28
1017,21	1359,85
1017,37	1243,12
1017,53	1386,47
1017,70	1435,63
1017,86	1318,89
1018,02	1388,52
1018,19	1480,68
1018,35	1435,63
1018,51	1411,05
1018,67	1384,43
1018,84	1386,47
1019,00	1277,93
1019,16	1433,58
1019,33	1329,13
1019,49	1488,87
1019,65	1456,11
1019,82	1347,56
1019,98	1441,77
1020,14	1431,53
1020,30	1415,15
1020,47	1359,85
1020,63	1462,25
1020,79	1447,91
1020,96	1409,00
1021,12	1329,13
1021,28	1378,28
1021,44	1417,19
1021,61	1388,52
1021,77	1419,24
1021,93	1361,90
1022,09	1437,67
1022,26	1413,10
1022,42	1390,57
1022,58	1452,01
1022,74	1464,30
1022,91	1423,34
1023,07	1388,52
1023,23	1392,62
1023,39	1503,21
1023,56	1437,67
1023,72	1429,48
1023,88	1400,81
1024,04	1396,71
1024,21	1308,65
1024,37	1380,33
1024,53	1509,35
1024,69	1382,38
1024,86	1419,24
1025,02	1462,25
1025,18	1409,00
1025,34	1406,95
1025,50	1415,15
1025,67	1427,43
1025,83	1390,57
1025,99	1443,82
1026,15	1486,83
1026,32	1419,24
1026,48	1406,95
1026,64	1527,78
1026,80	1406,95
1026,96	1419,24
1027,13	1417,19
1027,29	1411,05
1027,45	1355,76
1027,61	1396,71
1027,77	1421,29
1027,94	1419,24
1028,10	1439,72
1028,26	1363,95
1028,42	1435,63
1028,58	1535,98
1028,75	1429,48
1028,91	1413,10
1029,07	1345,52
1029,23	1433,58
1029,39	1429,48
1029,55	1415,15
1029,72	1337,32
1029,88	1404,91
1030,04	1359,85
1030,20	1339,37
1030,36	1353,71
1030,52	1388,52
1030,69	1433,58
1030,85	1361,90
1031,01	1417,19
1031,17	1355,76
1031,33	1437,67
1031,49	1419,24
1031,65	1439,72
1031,82	1402,86
1031,98	1390,57
1032,14	1497,07
1032,30	1363,95
1032,46	1505,26
1032,62	1402,86
1032,78	1447,91
1032,95	1384,43
1033,11	1433,58
1033,27	1322,99
1033,43	1409,00
1033,59	1376,24
1033,75	1423,34
1033,91	1460,20
1034,07	1546,22
1034,24	1345,52
1034,40	1409,00
1034,56	1394,67
1034,72	1458,15
1034,88	1374,19
1035,04	1382,38
1035,20	1335,28
1035,36	1347,56
1035,52	1490,92
1035,68	1339,37
1035,85	1447,91
1036,01	1384,43
1036,17	1556,46
1036,33	1368,04
1036,49	1419,24
1036,65	1423,34
1036,81	1392,62
1036,97	1374,19
1037,13	1341,42
1037,29	1413,10
1037,45	1447,91
1037,61	1464,30
1037,78	1376,24
1037,94	1443,82
1038,10	1406,95
1038,26	1337,32
1038,42	1421,29
1038,58	1464,30
1038,74	1325,04
1038,90	1478,63
1039,06	1411,05
1039,22	1452,01
1039,38	1384,43
1039,54	1427,43
1039,70	1355,76
1039,86	1449,96
1040,02	1388,52
1040,18	1406,95
1040,34	1398,76
1040,50	1398,76
1040,66	1417,19
1040,83	1366,00
1040,99	1437,67
1041,15	1411,05
1041,31	1413,10
1041,47	1415,15
1041,63	1458,15
1041,79	1316,84
1041,95	1468,39
1042,11	1421,29
1042,27	1409,00
1042,43	1452,01
1042,59	1464,30
1042,75	1513,45
1042,91	1359,85
