344,25	1230,83
344,46	1230,83
344,68	1230,83
344,90	1267,69
345,12	1179,63
345,34	1404,91
345,55	1419,24
345,77	1433,58
345,99	1398,76
346,21	1374,19
346,42	1394,67
346,64	1357,80
346,86	1437,67
347,08	1456,11
347,30	1470,44
347,51	1421,29
347,73	1425,39
347,95	1472,49
348,17	1376,24
348,38	1482,73
348,60	1339,37
348,82	1378,28
349,04	1359,85
349,25	1468,39
349,47	1433,58
349,69	1509,35
349,91	1501,16
350,13	1429,48
350,34	1468,39
350,56	1417,19
350,78	1433,58
351,00	1458,15
351,21	1456,11
351,43	1406,95
351,65	1388,52
351,87	1423,34
352,08	1425,39
352,30	1443,82
352,52	1390,57
352,74	1429,48
352,95	1456,11
353,17	1449,96
353,39	1406,95
353,61	1390,57
353,82	1392,62
354,04	1509,35
354,26	1495,02
354,47	1404,91
354,69	1470,44
354,91	1486,83
355,13	1312,75
355,34	1417,19
355,56	1413,10
355,78	1456,11
356,00	1480,68
356,21	1329,13
356,43	1501,16
356,65	1402,86
356,86	1462,25
357,08	1413,10
357,30	1466,35
357,52	1386,47
357,73	1376,24
357,95	1376,24
358,17	1429,48
358,38	1449,96
358,60	1478,63
358,82	1468,39
359,04	1429,48
359,25	1447,91
359,47	1488,87
359,69	1421,29
359,90	1433,58
360,12	1497,07
360,34	1529,83
360,56	1466,35
360,77	1525,74
360,99	1484,78
361,21	1423,34
361,42	1421,29
361,64	1470,44
361,86	1462,25
362,07	1411,05
362,29	1517,54
362,51	1492,97
362,73	1423,34
362,94	1495,02
363,16	1554,41
363,38	1513,45
363,59	1433,58
363,81	1437,67
364,03	1396,71
364,24	1490,92
364,46	1495,02
364,68	1538,02
364,89	1423,34
365,11	1486,83
365,33	1531,88
365,54	1533,93
365,76	1415,15
365,98	1521,64
366,19	1501,16
366,41	1515,50
366,63	1452,01
366,84	1464,30
367,06	1505,26
367,28	1486,83
367,49	1548,26
367,71	1529,83
367,93	1521,64
368,14	1509,35
368,36	1486,83
368,58	1411,05
368,79	1501,16
369,01	1484,78
369,23	1544,17
369,44	1507,30
369,66	1404,91
369,88	1478,63
370,09	1443,82
370,31	1437,67
370,53	1507,30
370,74	1507,30
370,96	1433,58
371,18	1550,31
371,39	1421,29
371,61	1566,70
371,82	1476,59
372,04	1423,34
372,26	1474,54
372,47	1525,74
372,69	1472,49
372,91	1554,41
373,12	1488,87
373,34	1540,07
373,56	1484,78
373,77	1427,43
373,99	1478,63
374,20	1427,43
374,42	1503,21
374,64	1626,09
374,85	1515,50
375,07	1462,25
375,29	1447,91
375,50	1460,20
375,72	1540,07
375,93	1454,06
376,15	1497,07
376,37	1511,40
376,58	1456,11
376,80	1454,06
377,01	1523,69
377,23	1515,50
377,45	1386,47
377,66	1484,78
377,88	1476,59
378,10	1464,30
378,31	1406,95
378,53	1548,26
378,74	1443,82
378,96	1454,06
379,18	1484,78
379,39	1454,06
379,61	1511,40
379,82	1478,63
380,04	1495,02
380,26	1552,36
380,47	1501,16
380,69	1468,39
380,90	1394,67
381,12	1517,54
381,33	1406,95
381,55	1413,10
381,77	1423,34
381,98	1396,71
382,20	1409,00
382,41	1396,71
382,63	1427,43
382,85	1492,97
383,06	1495,02
383,28	1480,68
383,49	1501,16
383,71	1454,06
383,92	1501,16
384,14	1464,30
384,36	1341,42
384,57	1470,44
384,79	1423,34
385,00	1480,68
385,22	1384,43
385,43	1400,81
385,65	1511,40
385,87	1406,95
386,08	1427,43
386,30	1390,57
386,51	1431,53
386,73	1527,78
386,94	1406,95
387,16	1431,53
387,37	1519,59
387,59	1509,35
387,81	1447,91
388,02	1437,67
388,24	1380,33
388,45	1443,82
388,67	1417,19
388,88	1423,34
389,10	1386,47
389,31	1437,67
389,53	1447,91
389,75	1431,53
389,96	1435,63
390,18	1464,30
390,39	1390,57
390,61	1456,11
390,82	1437,67
391,04	1474,54
391,25	1466,35
391,47	1462,25
391,68	1331,18
391,90	1452,01
392,11	1452,01
392,33	1413,10
392,54	1454,06
392,76	1437,67
392,97	1429,48
393,19	1476,59
393,41	1519,59
393,62	1460,20
393,84	1499,11
394,05	1515,50
394,27	1474,54
394,48	1421,29
394,70	1523,69
394,91	1472,49
395,13	1505,26
395,34	1404,91
395,56	1409,00
395,77	1505,26
395,99	1415,15
396,20	1517,54
396,42	1452,01
396,63	1437,67
396,85	1509,35
397,06	1388,52
397,28	1492,97
397,49	1423,34
397,71	1429,48
397,92	1423,34
398,14	1439,72
398,35	1550,31
398,57	1419,24
398,78	1466,35
399,00	1482,73
399,21	1423,34
399,43	1503,21
399,64	1409,00
399,86	1490,92
400,07	1488,87
400,29	1447,91
400,50	1523,69
400,72	1525,74
400,93	1429,48
401,14	1431,53
401,36	1437,67
401,57	1558,50
401,79	1511,40
402,00	1497,07
402,22	1439,72
402,43	1435,63
402,65	1454,06
402,86	1447,91
403,08	1462,25
403,29	1535,98
403,51	1523,69
403,72	1447,91
403,94	1474,54
404,15	1456,11
404,36	1497,07
404,58	1765,35
404,79	1595,37
405,01	1531,88
405,22	1519,59
405,44	1462,25
405,65	1466,35
405,87	1509,35
406,08	1550,31
406,30	1478,63
406,51	1505,26
406,72	1509,35
406,94	1445,87
407,15	1452,01
407,37	1540,07
407,58	1486,83
407,80	1527,78
408,01	1495,02
408,23	1456,11
408,44	1564,65
408,65	1435,63
408,87	1503,21
409,08	1456,11
409,30	1540,07
409,51	1523,69
409,73	1466,35
409,94	1443,82
410,15	1562,60
410,37	1478,63
410,58	1411,05
410,80	1509,35
411,01	1372,14
411,23	1531,88
411,44	1499,11
411,65	1456,11
411,87	1501,16
412,08	1400,81
412,30	1503,21
412,51	1495,02
412,72	1574,89
412,94	1484,78
413,15	1466,35
413,37	1423,34
413,58	1419,24
413,79	1452,01
414,01	1486,83
414,22	1460,20
414,44	1458,15
414,65	1560,55
414,86	1427,43
415,08	1439,72
415,29	1437,67
415,51	1478,63
415,72	1492,97
415,93	1386,47
416,15	1456,11
416,36	1449,96
416,58	1435,63
416,79	1505,26
417,00	1529,83
417,22	1501,16
417,43	1443,82
417,65	1495,02
417,86	1452,01
418,07	1454,06
418,29	1456,11
418,50	1495,02
418,71	1513,45
418,93	1474,54
419,14	1460,20
419,36	1454,06
419,57	1484,78
419,78	1484,78
420,00	1437,67
420,21	1470,44
420,42	1529,83
420,64	1472,49
420,85	1452,01
421,06	1441,77
421,28	1517,54
421,49	1433,58
421,71	1458,15
421,92	1447,91
422,13	1515,50
422,35	1466,35
422,56	1587,18
422,77	1454,06
422,99	1421,29
423,20	1490,92
423,41	1464,30
423,63	1503,21
423,84	1505,26
424,05	1519,59
424,27	1531,88
424,48	1499,11
424,69	1525,74
424,91	1705,96
425,12	1452,01
425,33	1488,87
425,55	1542,12
425,76	1449,96
425,97	1429,48
426,19	1515,50
426,40	1390,57
426,61	1501,16
426,83	1564,65
427,04	1548,26
427,25	1454,06
427,47	1513,45
427,68	1497,07
427,89	1404,91
428,11	1417,19
428,32	1492,97
428,53	1576,94
428,75	1492,97
428,96	1558,50
429,17	1482,73
429,39	1402,86
429,60	1495,02
429,81	1490,92
430,03	1589,22
430,24	1454,06
430,45	1656,81
430,67	1554,41
430,88	1568,74
431,09	1521,64
431,30	1513,45
431,52	1527,78
431,73	1464,30
431,94	1505,26
432,16	1589,22
432,37	1519,59
432,58	1447,91
432,80	1540,07
433,01	1521,64
433,22	1476,59
433,43	1443,82
433,65	1492,97
433,86	1390,57
434,07	1464,30
434,29	1454,06
434,50	1415,15
434,71	1503,21
434,92	1550,31
435,14	1458,15
435,35	1413,10
435,56	1460,20
435,77	1443,82
435,99	1472,49
436,20	1443,82
436,41	1501,16
436,63	1468,39
436,84	1454,06
437,05	1484,78
437,26	1527,78
437,48	1497,07
437,69	1488,87
437,90	1415,15
438,11	1519,59
438,33	1417,19
438,54	1505,26
438,75	1492,97
438,96	1488,87
439,18	1435,63
439,39	1556,46
439,60	1429,48
439,82	1476,59
440,03	1558,50
440,24	1583,08
440,45	1435,63
440,67	1406,95
440,88	1458,15
441,09	1492,97
441,30	1515,50
441,51	1527,78
441,73	1437,67
441,94	1390,57
442,15	1398,76
442,36	1472,49
442,58	1437,67
442,79	1441,77
443,00	1441,77
443,21	1538,02
443,43	1499,11
443,64	1515,50
443,85	1480,68
444,06	1517,54
444,28	1443,82
444,49	1439,72
444,70	1476,59
444,91	1613,80
445,12	1576,94
445,34	1437,67
445,55	1548,26
445,76	1540,07
445,97	1462,25
446,18	1554,41
446,40	1460,20
446,61	1515,50
446,82	1480,68
447,03	1511,40
447,25	1495,02
447,46	1517,54
447,67	1527,78
447,88	1515,50
448,09	1466,35
448,31	1560,55
448,52	1476,59
448,73	1505,26
448,94	1488,87
449,15	1507,30
449,37	1529,83
449,58	1488,87
449,79	1568,74
450,00	1466,35
450,21	1531,88
450,43	1435,63
450,64	1507,30
450,85	1505,26
451,06	1492,97
451,27	1570,79
451,48	1425,39
451,70	1466,35
451,91	1509,35
452,12	1587,18
452,33	1572,84
452,54	1415,15
452,76	1621,99
452,97	1474,54
453,18	1468,39
453,39	1648,61
453,60	1439,72
453,81	1447,91
454,03	1458,15
454,24	1472,49
454,45	1499,11
454,66	1419,24
454,87	1531,88
455,08	1540,07
455,30	1462,25
455,51	1570,79
455,72	1554,41
455,93	1554,41
456,14	1511,40
456,35	1517,54
456,56	1533,93
456,78	1525,74
456,99	1546,22
457,20	1462,25
457,41	1570,79
457,62	1529,83
457,83	1521,64
458,04	1501,16
458,26	1662,95
458,47	1581,03
458,68	1560,55
458,89	1570,79
459,10	1501,16
459,31	1519,59
459,52	1568,74
459,74	1540,07
459,95	1513,45
460,16	1466,35
460,37	1607,66
460,58	1589,22
460,79	1556,46
461,00	1572,84
461,21	1505,26
461,43	1568,74
461,64	1546,22
461,85	1544,17
462,06	1535,98
462,27	1511,40
462,48	1583,08
462,69	1683,43
462,90	1482,73
463,12	1552,36
463,33	1490,92
463,54	1478,63
463,75	1595,37
463,96	1531,88
464,17	1478,63
464,38	1531,88
464,59	1589,22
464,80	1513,45
465,01	1511,40
465,23	1531,88
465,44	1486,83
465,65	1564,65
465,86	1484,78
466,07	1542,12
466,28	1474,54
466,49	1566,70
466,70	1615,85
466,91	1503,21
467,12	1486,83
467,33	1527,78
467,55	1568,74
467,76	1497,07
467,97	1562,60
468,18	1550,31
468,39	1540,07
468,60	1654,76
468,81	1558,50
469,02	1570,79
469,23	1488,87
469,44	1591,27
469,65	1521,64
469,86	1544,17
470,07	1591,27
470,29	1634,28
470,50	1597,42
470,71	1566,70
470,92	1574,89
471,13	1581,03
471,34	1556,46
471,55	1581,03
471,76	1482,73
471,97	1535,98
472,18	1587,18
472,39	1527,78
472,60	1517,54
472,81	1617,90
473,02	1517,54
473,23	1585,13
473,44	1546,22
473,65	1552,36
473,87	1495,02
474,08	1490,92
474,29	1568,74
474,50	1523,69
474,71	1554,41
474,92	1583,08
475,13	1558,50
475,34	1552,36
475,55	1490,92
475,76	1597,42
475,97	1628,14
476,18	1597,42
476,39	1607,66
476,60	1628,14
476,81	1568,74
477,02	1574,89
477,23	1601,51
477,44	1562,60
477,65	1548,26
477,86	1574,89
478,07	1681,38
478,28	1599,46
478,49	1589,22
478,70	1519,59
478,91	1484,78
479,12	1574,89
479,33	1585,13
479,54	1531,88
479,75	1617,90
479,96	1605,61
480,17	1593,32
480,38	1578,98
480,59	1488,87
480,80	1533,93
481,01	1597,42
481,22	1646,57
481,43	1533,93
481,64	1615,85
481,85	1572,84
482,06	1662,95
482,27	1607,66
482,48	1570,79
482,69	1697,77
482,90	1603,56
483,11	1626,09
483,32	1650,66
483,53	1578,98
483,74	1566,70
483,95	1601,51
484,16	1597,42
484,37	1535,98
484,58	1697,77
484,79	1683,43
485,00	1601,51
485,21	1583,08
485,42	1617,90
485,63	1722,34
485,84	1605,61
486,05	1638,38
486,26	1716,20
486,47	1738,73
486,68	1724,39
486,89	1597,42
487,10	1624,04
487,31	1662,95
487,52	1578,98
487,73	1642,47
487,94	1632,23
488,15	1517,54
488,36	1665,00
488,57	1513,45
488,77	1665,00
488,98	1695,72
489,19	1693,67
489,40	1675,24
489,61	1646,57
489,82	1693,67
490,03	1773,54
490,24	1624,04
490,45	1673,19
490,66	1591,27
490,87	1720,29
491,08	1542,12
491,29	1658,85
491,50	1667,05
491,71	1619,94
491,92	1660,90
492,13	1619,94
492,33	1656,81
492,54	1626,09
492,75	1683,43
492,96	1609,70
493,17	1611,75
493,38	1605,61
493,59	1603,56
493,80	1806,31
494,01	1654,76
494,22	1703,91
494,43	1665,00
494,64	1626,09
494,85	1628,14
495,05	1736,68
495,26	1730,53
495,47	1714,15
495,68	1658,85
495,89	1722,34
496,10	1599,46
496,31	1685,48
496,52	1693,67
496,73	1710,05
496,94	1656,81
497,15	1720,29
497,35	1658,85
497,56	1681,38
497,77	1726,44
497,98	1681,38
498,19	1646,57
498,40	1736,68
498,61	1777,64
498,82	1642,47
499,03	1720,29
499,23	1621,99
499,44	1691,62
499,65	1714,15
499,86	1689,57
500,07	1722,34
500,28	1689,57
500,49	1673,19
500,70	1685,48
500,91	1714,15
501,11	1761,25
501,32	1718,25
501,53	1673,19
501,74	1667,05
501,95	1628,14
502,16	1775,59
502,37	1656,81
502,57	1742,82
502,78	1755,11
502,99	1665,00
503,20	1697,77
503,41	1759,21
503,62	1699,81
503,83	1732,58
504,03	1687,53
504,24	1656,81
504,45	1746,92
504,66	1712,10
504,87	1667,05
505,08	1699,81
505,29	1683,43
505,49	1732,58
505,70	1738,73
505,91	1724,39
506,12	1685,48
506,33	1767,40
506,54	1703,91
506,75	1710,05
506,95	1746,92
507,16	1732,58
507,37	1753,06
507,58	1796,07
507,79	1744,87
508,00	1742,82
508,20	1609,70
508,41	1853,41
508,62	1720,29
508,83	1730,53
509,04	1679,33
509,24	1796,07
509,45	2009,06
509,66	1773,54
509,87	1757,16
510,08	1736,68
510,29	1767,40
510,49	1802,21
510,70	1673,19
510,91	1841,12
511,12	1769,44
511,33	1765,35
511,53	1654,76
511,74	1689,57
511,95	1701,86
512,16	1904,61
512,37	1779,68
512,57	1802,21
512,78	1730,53
512,99	1667,05
513,20	1900,52
513,41	1767,40
513,61	1677,29
513,82	1789,92
514,03	1701,86
514,24	1732,58
514,45	1769,44
514,65	1761,25
514,86	1736,68
515,07	1681,38
515,28	1783,78
515,49	1810,40
515,69	1734,63
515,90	1685,48
516,11	1677,29
516,32	1748,97
516,52	1763,30
516,73	1855,46
516,94	1771,49
517,15	1767,40
517,36	1662,95
517,56	1816,55
517,77	1710,05
517,98	1816,55
518,19	1771,49
518,39	1787,88
518,60	1769,44
518,81	1785,83
519,02	1611,75
519,22	1634,28
519,43	1718,25
519,64	1708,01
519,85	1759,21
520,05	1773,54
520,26	1648,61
520,47	1796,07
520,68	1722,34
520,88	1736,68
521,09	1710,05
521,30	1751,01
521,51	1720,29
521,71	1812,45
521,92	1712,10
522,13	1791,97
522,34	1767,40
522,54	1740,77
522,75	1691,62
522,96	1796,07
523,17	1810,40
523,37	1853,41
523,58	1689,57
523,79	1667,05
523,99	1708,01
524,20	1808,36
524,41	1785,83
524,62	1853,41
524,82	1767,40
525,03	1761,25
525,24	1732,58
525,45	1781,73
525,65	1669,09
525,86	1847,27
526,07	1791,97
526,27	1791,97
526,48	1648,61
526,69	1775,59
526,90	1650,66
527,10	1767,40
527,31	1785,83
527,52	1769,44
527,72	1691,62
527,93	1781,73
528,14	1683,43
528,34	1738,73
528,55	1615,85
528,76	1824,74
528,97	1716,20
529,17	1710,05
529,38	1730,53
529,59	1789,92
529,79	1738,73
530,00	1839,08
530,21	1798,12
530,41	1726,44
530,62	1757,16
530,83	1898,47
531,03	1806,31
531,24	1734,63
531,45	1734,63
531,65	1818,60
531,86	1722,34
532,07	1800,16
532,27	1662,95
532,48	1765,35
532,69	1712,10
532,89	1804,26
533,10	1695,72
533,31	1789,92
533,51	1611,75
533,72	1796,07
533,93	1763,30
534,13	1742,82
534,34	1578,98
534,55	1755,11
534,75	1677,29
534,96	1771,49
535,17	1683,43
535,37	1830,88
535,58	1712,10
535,79	1806,31
535,99	1662,95
536,20	1734,63
536,41	1720,29
536,61	1820,64
536,82	1765,35
537,03	1726,44
537,23	1689,57
537,44	1681,38
537,64	1755,11
537,85	1740,77
538,06	1734,63
538,26	1753,06
538,47	1755,11
538,68	1722,34
538,88	1683,43
539,09	1697,77
539,30	1710,05
539,50	1662,95
539,71	1632,23
539,91	1789,92
540,12	1615,85
540,33	1703,91
540,53	1767,40
540,74	1734,63
540,94	1624,04
541,15	1753,06
541,36	1605,61
541,56	1734,63
541,77	1746,92
541,98	1673,19
542,18	1796,07
542,39	1744,87
542,59	1689,57
542,80	1687,53
543,01	1601,51
543,21	1679,33
543,42	1656,81
543,62	1796,07
543,83	1708,01
544,04	1656,81
544,24	1703,91
544,45	1624,04
544,65	1708,01
544,86	1722,34
545,06	1718,25
545,27	1681,38
545,48	1556,46
545,68	1779,68
545,89	1722,34
546,09	1693,67
546,30	1720,29
546,51	1732,58
546,71	1636,33
546,92	1665,00
547,12	1656,81
547,33	1693,67
547,53	1673,19
547,74	1619,94
547,95	1662,95
548,15	1640,42
548,36	1722,34
548,56	1642,47
548,77	1710,05
548,97	1630,18
549,18	1621,99
549,39	1667,05
549,59	1665,00
549,80	1611,75
550,00	1601,51
550,21	1648,61
550,41	1585,13
550,62	1613,80
550,82	1607,66
551,03	1562,60
551,23	1607,66
551,44	1632,23
551,65	1621,99
551,85	1531,88
552,06	1617,90
552,26	1654,76
552,47	1595,37
552,67	1636,33
552,88	1574,89
553,08	1660,90
553,29	1597,42
553,49	1681,38
553,70	1658,85
553,90	1716,20
554,11	1570,79
554,32	1697,77
554,52	1697,77
554,73	1636,33
554,93	1560,55
555,14	1634,28
555,34	1710,05
555,55	1691,62
555,75	1560,55
555,96	1667,05
556,16	1636,33
556,37	1667,05
556,57	1642,47
556,78	1652,71
556,98	1722,34
557,19	1712,10
557,39	1689,57
557,60	1691,62
557,80	1667,05
558,01	1730,53
558,21	1728,49
558,42	1693,67
558,62	1771,49
558,83	1763,30
559,03	1658,85
559,24	1787,88
559,44	1757,16
559,65	1736,68
559,85	1771,49
560,06	1732,58
560,26	1728,49
560,47	1787,88
560,67	1828,84
560,88	1769,44
561,08	1912,80
561,29	1910,75
561,49	1689,57
561,70	1822,69
561,90	1875,94
562,10	1730,53
562,31	1855,46
562,51	1861,60
562,72	1746,92
562,92	1890,28
563,13	1902,56
563,33	1863,65
563,54	1914,85
563,74	1888,23
563,95	1955,81
564,15	2011,11
564,36	2050,02
564,56	1980,39
564,76	1980,39
564,97	1970,15
565,17	2013,15
565,38	1994,72
565,58	1990,63
565,79	2019,30
565,99	2011,11
566,20	2140,13
566,40	1966,05
566,60	2117,60
566,81	2056,16
567,01	2117,60
567,22	1978,34
567,42	2068,45
567,63	2093,02
567,83	2109,41
568,04	2097,12
568,24	2144,22
568,44	2084,83
568,65	2093,02
568,85	2086,88
569,06	2187,23
569,26	2072,54
569,47	2187,23
569,67	2070,50
569,87	2193,37
570,08	2131,94
570,28	2248,67
570,49	2160,61
570,69	2236,38
570,89	2199,52
571,10	2215,90
571,30	2146,27
571,51	2299,87
571,71	2154,46
571,91	2291,68
572,12	2160,61
572,32	2256,86
572,53	2217,95
572,73	2346,97
572,93	2330,59
573,14	2277,34
573,34	2299,87
573,55	2248,67
573,75	2199,52
573,95	2265,05
574,16	2314,20
574,36	2439,13
574,57	2383,84
574,77	2410,46
574,97	2265,05
575,18	2291,68
575,38	2326,49
575,59	2365,40
575,79	2373,60
575,99	2340,83
576,20	2324,44
576,40	2402,27
576,60	2379,74
576,81	2351,07
577,01	2461,66
577,22	2553,82
577,42	2484,19
577,62	2488,28
577,83	2406,36
578,03	2428,89
578,23	2435,03
578,44	2414,56
578,64	2375,64
578,84	2369,50
579,05	2420,70
579,25	2353,12
579,45	2377,69
579,66	2322,40
579,86	2445,27
580,07	2379,74
580,27	2344,92
580,47	2185,18
580,68	2306,01
580,88	2146,27
581,08	2263,01
581,29	2176,99
581,49	2211,81
581,69	2197,47
581,90	2140,13
582,10	2176,99
582,30	2197,47
582,51	2088,93
582,71	2228,19
582,91	2082,78
583,12	2174,94
583,32	2029,54
583,52	2279,39
583,73	2086,88
583,93	2172,89
584,13	2267,10
584,34	2318,30
584,54	2125,79
584,74	2205,66
584,94	2328,54
585,15	2465,75
585,35	2299,87
585,55	2418,65
585,76	2099,17
585,96	2326,49
586,16	2351,07
586,37	2367,45
586,57	2281,44
586,77	2582,49
586,98	2404,32
587,18	2502,62
587,38	2492,38
587,58	2652,12
587,79	2566,10
587,99	2723,80
588,19	2435,03
588,40	2742,23
588,60	2643,93
588,80	2930,64
589,00	2619,35
589,21	2818,00
589,41	2893,78
589,61	3069,91
589,82	2979,79
590,02	3276,75
590,22	3123,15
590,42	3596,23
590,63	3266,51
590,83	3608,52
591,03	3334,09
591,23	3510,22
591,44	3381,20
591,64	3710,92
591,84	3508,17
592,05	3889,09
592,25	3907,52
592,45	4112,32
592,65	3887,04
592,86	4300,73
593,06	4114,37
593,26	4321,21
593,46	3960,77
593,67	4464,57
593,87	4229,06
594,07	4536,25
594,27	4491,20
594,48	4476,86
594,68	4546,49
594,88	4712,38
595,08	4550,59
595,29	4980,66
595,49	4566,97
595,69	5046,20
595,89	4650,94
596,10	5005,24
596,30	4609,98
596,50	4677,56
596,70	4618,17
596,90	4954,04
597,11	4489,15
597,31	4827,06
597,51	4274,11
597,71	4839,35
597,92	4202,43
598,12	4366,27
598,32	4089,79
598,52	4065,22
598,72	3643,34
598,93	4040,64
599,13	3841,99
599,33	3901,38
599,53	3403,72
599,74	3495,88
599,94	3121,10
600,14	3293,13
600,34	3074,00
600,54	3117,01
600,75	2684,89
600,95	2764,76
601,15	2623,45
601,35	2648,02
601,55	2428,89
601,76	2320,35
601,96	2344,92
602,16	2310,11
602,36	2215,90
602,56	2058,21
602,76	1943,52
602,97	2066,40
603,17	1961,95
603,37	2052,06
603,57	1773,54
603,77	1822,69
603,98	1839,08
604,18	1820,64
604,38	1822,69
604,58	1755,11
604,78	1726,44
604,98	1830,88
605,19	1724,39
605,39	1605,61
605,59	1703,91
605,79	1806,31
605,99	1619,94
606,19	1587,18
606,40	1572,84
606,60	1710,05
606,80	1542,12
607,00	1521,64
607,20	1521,64
607,40	1542,12
607,61	1560,55
607,81	1564,65
608,01	1566,70
608,21	1607,66
608,41	1521,64
608,61	1621,99
608,81	1456,11
609,02	1535,98
609,22	1521,64
609,42	1466,35
609,62	1433,58
609,82	1552,36
610,02	1548,26
610,22	1431,53
610,43	1458,15
610,63	1525,74
610,83	1462,25
611,03	1398,76
611,23	1452,01
611,43	1574,89
611,63	1495,02
611,83	1431,53
612,04	1558,50
612,24	1406,95
612,44	1476,59
612,64	1464,30
612,84	1515,50
613,04	1452,01
613,24	1431,53
613,44	1404,91
613,64	1452,01
613,85	1464,30
614,05	1427,43
614,25	1509,35
614,45	1509,35
614,65	1519,59
614,85	1486,83
615,05	1318,89
615,25	1476,59
615,45	1454,06
615,65	1486,83
615,86	1447,91
616,06	1488,87
616,26	1452,01
616,46	1462,25
616,66	1398,76
616,86	1513,45
617,06	1398,76
617,26	1546,22
617,46	1478,63
617,66	1499,11
617,86	1497,07
618,07	1380,33
618,27	1413,10
618,47	1472,49
618,67	1570,79
618,87	1429,48
619,07	1425,39
619,27	1492,97
619,47	1439,72
619,67	1464,30
619,87	1347,56
620,07	1488,87
620,27	1486,83
620,47	1447,91
620,67	1413,10
620,87	1466,35
621,07	1492,97
621,28	1439,72
621,48	1456,11
621,68	1347,56
621,88	1507,30
622,08	1351,66
622,28	1452,01
622,48	1505,26
622,68	1400,81
622,88	1454,06
623,08	1468,39
623,28	1497,07
623,48	1392,62
623,68	1452,01
623,88	1372,14
624,08	1587,18
624,28	1390,57
624,48	1521,64
624,68	1478,63
624,88	1472,49
625,08	1447,91
625,28	1462,25
625,48	1443,82
625,68	1443,82
625,88	1433,58
626,08	1482,73
626,28	1587,18
626,48	1431,53
626,68	1331,18
626,88	1447,91
627,08	1466,35
627,28	1544,17
627,48	1497,07
627,68	1357,80
627,88	1439,72
628,08	1447,91
628,28	1476,59
628,49	1439,72
628,68	1427,43
628,88	1359,85
629,08	1406,95
629,28	1501,16
629,48	1452,01
629,68	1466,35
629,88	1507,30
630,08	1458,15
630,28	1480,68
630,48	1363,95
630,68	1374,19
630,88	1468,39
631,08	1355,76
631,28	1447,91
631,48	1431,53
631,68	1431,53
631,88	1431,53
632,08	1488,87
632,28	1460,20
632,48	1521,64
632,68	1445,87
632,88	1433,58
633,08	1441,77
633,28	1355,76
633,48	1470,44
633,68	1396,71
633,88	1476,59
634,08	1581,03
634,28	1392,62
634,48	1507,30
634,68	1406,95
634,88	1531,88
635,08	1413,10
635,28	1488,87
635,48	1433,58
635,68	1415,15
635,87	1445,87
636,07	1423,34
636,27	1419,24
636,47	1447,91
636,67	1380,33
636,87	1378,28
637,07	1517,54
637,27	1394,67
637,47	1486,83
637,67	1564,65
637,87	1456,11
638,07	1554,41
638,27	1441,77
638,47	1419,24
638,67	1435,63
638,86	1406,95
639,06	1359,85
639,26	1456,11
639,46	1331,18
639,66	1527,78
639,86	1505,26
640,06	1490,92
640,26	1445,87
640,46	1419,24
640,66	1421,29
640,86	1527,78
641,06	1402,86
641,25	1523,69
641,45	1460,20
641,65	1425,39
641,85	1458,15
642,05	1413,10
642,25	1396,71
642,45	1464,30
642,65	1439,72
642,85	1390,57
643,05	1429,48
643,24	1427,43
643,44	1486,83
643,64	1507,30
643,84	1413,10
644,04	1492,97
644,24	1435,63
644,44	1409,00
644,64	1339,37
644,84	1470,44
645,03	1431,53
645,23	1490,92
645,43	1400,81
645,63	1439,72
645,83	1435,63
646,03	1312,75
646,23	1488,87
646,42	1527,78
646,62	1468,39
646,82	1474,54
647,02	1433,58
647,22	1503,21
647,42	1372,14
647,62	1449,96
647,82	1427,43
648,01	1527,78
648,21	1460,20
648,41	1468,39
648,61	1441,77
648,81	1441,77
649,01	1513,45
649,20	1429,48
649,40	1372,14
649,60	1363,95
649,80	1433,58
650,00	1433,58
650,20	1433,58
650,40	1458,15
650,59	1411,05
650,79	1439,72
650,99	1370,09
651,19	1466,35
651,39	1460,20
651,58	1460,20
651,78	1474,54
651,98	1488,87
652,18	1429,48
652,38	1427,43
652,58	1437,67
652,77	1396,71
652,97	1505,26
653,17	1511,40
653,37	1480,68
653,57	1404,91
653,77	1449,96
653,96	1474,54
654,16	1462,25
654,36	1464,30
654,56	1415,15
654,76	1472,49
654,95	1378,28
655,15	1413,10
655,35	1484,78
655,55	1474,54
655,75	1507,30
655,94	1517,54
656,14	1382,38
656,34	1419,24
656,54	1413,10
656,73	1445,87
656,93	1411,05
657,13	1464,30
657,33	1359,85
657,53	1400,81
657,72	1513,45
657,92	1423,34
658,12	1392,62
658,32	1538,02
658,52	1466,35
658,71	1484,78
658,91	1447,91
659,11	1449,96
659,31	1474,54
659,50	1507,30
659,70	1484,78
659,90	1521,64
660,10	1366,00
660,29	1435,63
660,49	1503,21
660,69	1456,11
660,89	1394,67
661,08	1482,73
661,28	1413,10
661,48	1333,23
661,68	1363,95
661,87	1417,19
662,07	1497,07
662,27	1464,30
662,47	1429,48
662,66	1474,54
662,86	1404,91
663,06	1449,96
663,26	1376,24
663,45	1472,49
663,65	1400,81
663,85	1429,48
664,05	1398,76
664,24	1406,95
664,44	1449,96
664,64	1404,91
664,84	1439,72
665,03	1474,54
665,23	1425,39
665,43	1437,67
665,62	1390,57
665,82	1390,57
666,02	1419,24
666,22	1533,93
666,41	1431,53
666,61	1466,35
666,81	1421,29
667,00	1431,53
667,20	1406,95
667,40	1449,96
667,60	1398,76
667,79	1398,76
667,99	1400,81
668,19	1419,24
668,38	1439,72
668,58	1396,71
668,78	1429,48
668,97	1486,83
669,17	1400,81
669,37	1431,53
669,57	1394,67
669,76	1462,25
669,96	1470,44
670,16	1388,52
670,35	1439,72
670,55	1456,11
670,75	1468,39
670,94	1443,82
671,14	1456,11
671,34	1501,16
671,53	1449,96
671,73	1468,39
671,93	1406,95
672,12	1441,77
672,32	1476,59
672,52	1423,34
672,71	1427,43
672,91	1443,82
673,11	1466,35
673,30	1458,15
673,50	1456,11
673,70	1337,32
673,89	1376,24
674,09	1415,15
674,29	1376,24
674,48	1486,83
674,68	1554,41
674,88	1390,57
675,07	1394,67
675,27	1486,83
675,46	1398,76
675,66	1468,39
675,86	1490,92
676,05	1406,95
676,25	1460,20
676,45	1394,67
676,64	1458,15
676,84	1386,47
677,04	1486,83
677,23	1486,83
677,43	1386,47
677,62	1505,26
677,82	1400,81
678,02	1470,44
678,21	1511,40
678,41	1333,23
678,61	1462,25
678,80	1435,63
679,00	1488,87
679,19	1509,35
679,39	1454,06
679,59	1433,58
679,78	1521,64
679,98	1355,76
680,17	1380,33
680,37	1527,78
680,57	1361,90
680,76	1435,63
680,96	1445,87
681,16	1386,47
681,35	1351,66
681,55	1552,36
681,74	1382,38
681,94	1470,44
682,13	1353,71
682,33	1507,30
682,53	1329,13
682,72	1447,91
682,92	1349,61
683,11	1488,87
683,31	1441,77
683,51	1370,09
683,70	1411,05
683,90	1460,20
684,09	1482,73
684,29	1468,39
684,48	1431,53
684,68	1431,53
684,88	1531,88
685,07	1484,78
685,27	1449,96
685,46	1425,39
685,66	1460,20
685,85	1409,00
686,05	1464,30
686,25	1417,19
686,44	1443,82
686,64	1509,35
686,83	1445,87
687,03	1476,59
687,22	1384,43
687,42	1460,20
687,61	1351,66
687,81	1411,05
688,01	1484,78
688,20	1456,11
688,40	1468,39
688,59	1411,05
688,79	1437,67
688,98	1427,43
689,18	1503,21
689,37	1374,19
689,57	1480,68
689,76	1472,49
689,96	1425,39
690,15	1425,39
690,35	1433,58
690,54	1458,15
690,74	1406,95
690,94	1400,81
691,13	1527,78
691,33	1411,05
691,52	1445,87
691,72	1499,11
691,91	1419,24
692,11	1542,12
692,30	1406,95
692,50	1439,72
692,69	1402,86
692,89	1468,39
693,08	1398,76
693,28	1458,15
693,47	1341,42
693,67	1566,70
693,86	1388,52
694,06	1394,67
694,25	1478,63
694,45	1445,87
694,64	1380,33
694,84	1456,11
695,03	1521,64
695,23	1429,48
695,42	1411,05
695,62	1423,34
695,81	1443,82
696,01	1439,72
696,20	1347,56
696,40	1415,15
696,59	1331,18
696,78	1435,63
696,98	1386,47
697,17	1404,91
697,37	1361,90
697,56	1402,86
697,76	1374,19
697,95	1464,30
698,15	1435,63
698,34	1488,87
698,54	1441,77
698,73	1525,74
698,93	1392,62
699,12	1449,96
699,32	1423,34
699,51	1404,91
699,70	1329,13
699,90	1386,47
700,09	1464,30
700,29	1390,57
700,48	1433,58
700,68	1445,87
700,87	1357,80
701,07	1411,05
701,26	1486,83
701,45	1429,48
701,65	1433,58
701,84	1433,58
702,04	1429,48
702,23	1380,33
702,43	1447,91
702,62	1517,54
702,81	1456,11
703,01	1484,78
703,20	1456,11
703,40	1374,19
703,59	1322,99
703,79	1419,24
703,98	1476,59
704,17	1429,48
704,37	1394,67
704,56	1495,02
704,76	1435,63
704,95	1384,43
705,14	1372,14
705,34	1413,10
705,53	1441,77
705,73	1333,23
705,92	1429,48
706,11	1509,35
706,31	1409,00
706,50	1445,87
706,70	1480,68
706,89	1363,95
707,08	1501,16
707,28	1476,59
707,47	1384,43
707,67	1507,30
707,86	1411,05
708,05	1406,95
708,25	1380,33
708,44	1413,10
708,64	1447,91
708,83	1390,57
709,02	1318,89
709,22	1529,83
709,41	1421,29
709,60	1443,82
709,80	1443,82
709,99	1427,43
710,19	1441,77
710,38	1419,24
710,57	1402,86
710,77	1353,71
710,96	1437,67
711,15	1439,72
711,35	1390,57
711,54	1421,29
711,73	1378,28
711,93	1378,28
712,12	1445,87
712,31	1443,82
712,51	1374,19
712,70	1421,29
712,89	1349,61
713,09	1439,72
713,28	1466,35
713,48	1443,82
713,67	1398,76
713,86	1380,33
714,06	1335,28
714,25	1398,76
714,44	1339,37
714,64	1404,91
714,83	1341,42
715,02	1396,71
715,22	1382,38
715,41	1419,24
715,60	1409,00
715,79	1425,39
715,99	1472,49
716,18	1460,20
716,37	1460,20
716,57	1406,95
716,76	1472,49
716,95	1486,83
717,15	1396,71
717,34	1417,19
717,53	1392,62
717,73	1484,78
717,92	1423,34
718,11	1374,19
718,31	1411,05
718,50	1433,58
718,69	1382,38
718,88	1456,11
719,08	1368,04
719,27	1488,87
719,46	1548,26
719,66	1419,24
719,85	1341,42
720,04	1445,87
720,23	1472,49
720,43	1357,80
720,62	1439,72
720,81	1343,47
721,01	1484,78
721,20	1480,68
721,39	1415,15
721,58	1406,95
721,78	1376,24
721,97	1447,91
722,16	1390,57
722,35	1429,48
722,55	1447,91
722,74	1443,82
722,93	1419,24
723,13	1447,91
723,32	1335,28
723,51	1380,33
723,70	1333,23
723,90	1439,72
724,09	1386,47
724,28	1402,86
724,47	1314,80
724,67	1478,63
724,86	1470,44
725,05	1339,37
725,24	1433,58
725,44	1437,67
725,63	1322,99
725,82	1419,24
726,01	1478,63
726,21	1452,01
726,40	1349,61
726,59	1458,15
726,78	1419,24
726,97	1384,43
727,17	1452,01
727,36	1482,73
727,55	1437,67
727,74	1382,38
727,94	1435,63
728,13	1437,67
728,32	1406,95
728,51	1413,10
728,70	1396,71
728,90	1331,18
729,09	1445,87
729,28	1429,48
729,47	1415,15
729,66	1406,95
729,86	1531,88
730,05	1355,76
730,24	1427,43
730,43	1466,35
730,63	1398,76
730,82	1396,71
731,01	1249,26
731,20	1447,91
731,39	1435,63
731,58	1337,32
731,78	1449,96
731,97	1378,28
732,16	1341,42
732,35	1411,05
732,54	1445,87
732,74	1527,78
732,93	1421,29
733,12	1433,58
733,31	1439,72
733,50	1333,23
733,69	1505,26
733,89	1480,68
734,08	1435,63
734,27	1398,76
734,46	1427,43
734,65	1361,90
734,84	1404,91
735,04	1417,19
735,23	1402,86
735,42	1474,54
735,61	1370,09
735,80	1458,15
735,99	1388,52
736,19	1454,06
736,38	1427,43
736,57	1363,95
736,76	1329,13
736,95	1441,77
737,14	1306,60
737,33	1417,19
737,53	1497,07
737,72	1382,38
737,91	1378,28
738,10	1454,06
738,29	1392,62
738,48	1439,72
738,67	1384,43
738,87	1431,53
739,06	1433,58
739,25	1439,72
739,44	1447,91
739,63	1486,83
739,82	1513,45
740,01	1417,19
740,20	1359,85
740,40	1466,35
740,59	1409,00
740,78	1513,45
740,97	1447,91
741,16	1411,05
741,35	1472,49
741,54	1550,31
741,73	1325,04
741,92	1458,15
742,12	1382,38
742,31	1398,76
742,50	1476,59
742,69	1488,87
742,88	1417,19
743,07	1361,90
743,26	1351,66
743,45	1402,86
743,64	1406,95
743,83	1368,04
744,02	1488,87
744,22	1398,76
744,41	1447,91
744,60	1425,39
744,79	1419,24
744,98	1402,86
745,17	1357,80
745,36	1376,24
745,55	1505,26
745,74	1392,62
745,93	1409,00
746,12	1376,24
746,31	1404,91
746,50	1447,91
746,70	1380,33
746,89	1441,77
747,08	1406,95
747,27	1482,73
747,46	1370,09
747,65	1472,49
747,84	1474,54
748,03	1429,48
748,22	1470,44
748,41	1425,39
748,60	1429,48
748,79	1509,35
748,98	1382,38
749,17	1417,19
749,36	1417,19
749,55	1402,86
749,74	1417,19
749,93	1529,83
750,12	1492,97
750,31	1468,39
750,50	1396,71
750,70	1421,29
750,89	1486,83
751,08	1560,55
751,27	1378,28
751,46	1484,78
751,65	1449,96
751,84	1474,54
752,03	1402,86
752,22	1419,24
752,41	1411,05
752,60	1398,76
752,79	1519,59
752,98	1392,62
753,17	1361,90
753,36	1449,96
753,55	1404,91
753,74	1435,63
753,93	1497,07
754,12	1468,39
754,31	1488,87
754,50	1519,59
754,69	1390,57
754,88	1486,83
755,07	1492,97
755,26	1449,96
755,45	1423,34
755,64	1372,14
755,83	1392,62
756,02	1441,77
756,21	1392,62
756,40	1447,91
756,59	1447,91
756,78	1452,01
756,97	1435,63
757,16	1368,04
757,35	1415,15
757,54	1456,11
757,72	1384,43
757,91	1433,58
758,10	1441,77
758,29	1419,24
758,48	1366,00
758,67	1392,62
758,86	1452,01
759,05	1386,47
759,24	1433,58
759,43	1488,87
759,62	1349,61
759,81	1527,78
760,00	1511,40
760,19	1378,28
760,38	1492,97
760,57	1386,47
760,76	1464,30
760,95	1474,54
761,14	1351,66
761,33	1492,97
761,52	1443,82
761,70	1468,39
761,89	1384,43
762,08	1556,46
762,27	1476,59
762,46	1468,39
762,65	1325,04
762,84	1474,54
763,03	1533,93
763,22	1466,35
763,41	1384,43
763,60	1411,05
763,79	1374,19
763,98	1460,20
764,16	1462,25
764,35	1535,98
764,54	1472,49
764,73	1456,11
764,92	1449,96
765,11	1542,12
765,30	1460,20
765,49	1499,11
765,68	1486,83
765,87	1527,78
766,06	1372,14
766,24	1509,35
766,43	1447,91
766,62	1449,96
766,81	1357,80
767,00	1490,92
767,19	1472,49
767,38	1431,53
767,57	1425,39
767,76	1439,72
767,94	1419,24
768,13	1441,77
768,32	1435,63
768,51	1417,19
768,70	1353,71
768,89	1439,72
769,08	1437,67
769,27	1484,78
769,45	1460,20
769,64	1542,12
769,83	1421,29
770,02	1429,48
770,21	1439,72
770,40	1425,39
770,59	1376,24
770,77	1466,35
770,96	1540,07
771,15	1449,96
771,34	1452,01
771,53	1624,04
771,72	1527,78
771,91	1429,48
772,09	1427,43
772,28	1441,77
772,47	1406,95
772,66	1568,74
772,85	1370,09
773,04	1421,29
773,22	1392,62
773,41	1478,63
773,60	1413,10
773,79	1531,88
773,98	1482,73
774,17	1486,83
774,35	1402,86
774,54	1423,34
774,73	1495,02
774,92	1409,00
775,11	1529,83
775,30	1562,60
775,48	1361,90
775,67	1466,35
775,86	1452,01
776,05	1552,36
776,24	1503,21
776,42	1452,01
776,61	1468,39
776,80	1501,16
776,99	1419,24
777,18	1425,39
777,36	1476,59
777,55	1390,57
777,74	1509,35
777,93	1413,10
778,12	1382,38
778,30	1501,16
778,49	1497,07
778,68	1490,92
778,87	1501,16
779,06	1488,87
779,24	1460,20
779,43	1452,01
779,62	1529,83
779,81	1474,54
779,99	1394,67
780,18	1519,59
780,37	1447,91
780,56	1511,40
780,75	1439,72
780,93	1458,15
781,12	1427,43
781,31	1433,58
781,50	1466,35
781,68	1400,81
781,87	1396,71
782,06	1466,35
782,25	1398,76
782,43	1548,26
782,62	1474,54
782,81	1466,35
783,00	1396,71
783,18	1415,15
783,37	1386,47
783,56	1492,97
783,75	1509,35
783,93	1501,16
784,12	1411,05
784,31	1505,26
784,50	1456,11
784,68	1462,25
784,87	1390,57
785,06	1517,54
785,24	1525,74
785,43	1476,59
785,62	1417,19
785,81	1490,92
785,99	1486,83
786,18	1445,87
786,37	1460,20
786,56	1441,77
786,74	1411,05
786,93	1468,39
787,12	1454,06
787,30	1456,11
787,49	1509,35
787,68	1431,53
787,87	1351,66
788,05	1456,11
788,24	1449,96
788,43	1390,57
788,61	1544,17
788,80	1382,38
788,99	1335,28
789,17	1468,39
789,36	1425,39
789,55	1460,20
789,73	1472,49
789,92	1409,00
790,11	1419,24
790,30	1511,40
790,48	1392,62
790,67	1443,82
790,86	1398,76
791,04	1468,39
791,23	1419,24
791,42	1574,89
791,60	1361,90
791,79	1550,31
791,98	1456,11
792,16	1439,72
792,35	1427,43
792,54	1503,21
792,72	1466,35
792,91	1497,07
793,10	1353,71
793,28	1419,24
793,47	1482,73
793,66	1386,47
793,84	1355,76
794,03	1390,57
794,22	1456,11
794,40	1435,63
794,59	1462,25
794,77	1421,29
794,96	1368,04
795,15	1363,95
795,33	1357,80
795,52	1423,34
795,71	1443,82
795,89	1372,14
796,08	1472,49
796,27	1529,83
796,45	1433,58
796,64	1392,62
796,82	1447,91
797,01	1421,29
797,20	1423,34
797,38	1402,86
797,57	1322,99
797,76	1486,83
797,94	1488,87
798,13	1535,98
798,31	1378,28
798,50	1462,25
798,69	1462,25
798,87	1435,63
799,06	1427,43
799,24	1386,47
799,43	1417,19
799,62	1312,75
799,80	1402,86
799,99	1542,12
800,17	1429,48
800,36	1447,91
800,55	1386,47
800,73	1427,43
800,92	1476,59
801,10	1331,18
801,29	1355,76
801,48	1409,00
801,66	1400,81
801,85	1378,28
802,03	1423,34
802,22	1421,29
802,40	1396,71
802,59	1411,05
802,78	1372,14
802,96	1386,47
803,15	1533,93
803,33	1382,38
803,52	1423,34
803,70	1445,87
803,89	1406,95
804,08	1351,66
804,26	1419,24
804,45	1429,48
804,63	1406,95
804,82	1406,95
805,00	1386,47
805,19	1386,47
805,37	1417,19
805,56	1513,45
805,74	1413,10
805,93	1464,30
806,12	1462,25
806,30	1447,91
806,49	1464,30
806,67	1484,78
806,86	1390,57
807,04	1460,20
807,23	1378,28
807,41	1353,71
807,60	1433,58
807,78	1384,43
807,97	1806,31
808,15	1341,42
808,34	1417,19
808,52	1347,56
808,71	1458,15
808,89	1445,87
809,08	1425,39
809,27	1406,95
809,45	1341,42
809,64	1409,00
809,82	1542,12
810,01	1429,48
810,19	1449,96
810,38	1443,82
810,56	1382,38
810,75	1425,39
810,93	1431,53
811,12	1460,20
811,30	1429,48
811,49	1437,67
811,67	1476,59
811,85	1527,78
812,04	1343,47
812,22	1380,33
812,41	1486,83
812,59	1402,86
812,78	1322,99
812,96	1390,57
813,15	1384,43
813,33	1361,90
813,52	1380,33
813,70	1439,72
813,89	1363,95
814,07	1449,96
814,26	1366,00
814,44	1374,19
814,63	1474,54
814,81	1415,15
815,00	1429,48
815,18	1499,11
815,36	1435,63
815,55	1361,90
815,73	1505,26
815,92	1503,21
816,10	1497,07
816,29	1441,77
816,47	1384,43
816,66	1490,92
816,84	1497,07
817,02	1415,15
817,21	1486,83
817,39	1376,24
817,58	1398,76
817,76	1411,05
817,95	1503,21
818,13	1380,33
818,32	1439,72
818,50	1441,77
818,68	1415,15
818,87	1454,06
819,05	1392,62
819,24	1386,47
819,42	1417,19
819,60	1431,53
819,79	1355,76
819,97	1413,10
820,16	1404,91
820,34	1443,82
820,53	1411,05
820,71	1435,63
820,89	1501,16
821,08	1368,04
821,26	1415,15
821,45	1441,77
821,63	1400,81
821,81	1501,16
822,00	1472,49
822,18	1454,06
822,37	1456,11
822,55	1470,44
822,73	1271,79
822,92	1429,48
823,10	1404,91
823,28	1449,96
823,47	1339,37
823,65	1351,66
823,84	1398,76
824,02	1470,44
824,20	1355,76
824,39	1417,19
824,57	1458,15
824,75	1464,30
824,94	1488,87
825,12	1447,91
825,31	1388,52
825,49	1419,24
825,67	1343,47
825,86	1376,24
826,04	1546,22
826,22	1521,64
826,41	1540,07
826,59	1392,62
826,77	1378,28
826,96	1529,83
827,14	1409,00
827,32	1478,63
827,51	1454,06
827,69	1472,49
827,87	1425,39
828,06	1478,63
828,24	1456,11
828,42	1380,33
828,61	1535,98
828,79	1486,83
828,97	1474,54
829,16	1431,53
829,34	1333,23
829,52	1419,24
829,71	1497,07
829,89	1521,64
830,07	1423,34
830,26	1406,95
830,44	1433,58
830,62	1433,58
830,81	1423,34
830,99	1452,01
831,17	1441,77
831,36	1474,54
831,54	1439,72
831,72	1466,35
831,91	1462,25
832,09	1341,42
832,27	1392,62
832,45	1452,01
832,64	1417,19
832,82	1519,59
833,00	1452,01
833,19	1488,87
833,37	1435,63
833,55	1447,91
833,73	1447,91
833,92	1472,49
834,10	1423,34
834,28	1394,67
834,47	1462,25
834,65	1449,96
834,83	1486,83
835,01	1417,19
835,20	1454,06
835,38	1370,09
835,56	1425,39
835,74	1492,97
835,93	1404,91
836,11	1452,01
836,29	1497,07
836,47	1492,97
836,66	1390,57
836,84	1415,15
837,02	1404,91
837,21	1499,11
837,39	1437,67
837,57	1447,91
837,75	1513,45
837,94	1441,77
838,12	1488,87
838,30	1480,68
838,48	1355,76
838,66	1427,43
838,85	1507,30
839,03	1460,20
839,21	1378,28
839,39	1437,67
839,58	1400,81
839,76	1484,78
839,94	1421,29
840,12	1441,77
840,31	1462,25
840,49	1449,96
840,67	1435,63
840,85	1366,00
841,03	1472,49
841,22	1488,87
841,40	1527,78
841,58	1480,68
841,76	1400,81
841,94	1392,62
842,13	1521,64
842,31	1482,73
842,49	1384,43
842,67	1402,86
842,85	1456,11
843,04	1452,01
843,22	1521,64
843,40	1466,35
843,58	1470,44
843,76	1445,87
843,95	1484,78
844,13	1464,30
844,31	1447,91
844,49	1433,58
844,67	1472,49
844,86	1513,45
845,04	1490,92
845,22	1507,30
845,40	1431,53
845,58	1529,83
845,76	1439,72
845,95	1402,86
846,13	1441,77
846,31	1441,77
846,49	1456,11
846,67	1484,78
846,85	1495,02
847,04	1443,82
847,22	1400,81
847,40	1452,01
847,58	1458,15
847,76	1521,64
847,94	1366,00
848,12	1554,41
848,31	1443,82
848,49	1431,53
848,67	1400,81
848,85	1478,63
849,03	1499,11
849,21	1517,54
849,39	1441,77
849,58	1478,63
849,76	1478,63
849,94	1515,50
850,12	1419,24
850,30	1501,16
850,48	1445,87
850,66	1478,63
850,84	1497,07
851,03	1411,05
851,21	1478,63
851,39	1447,91
851,57	1441,77
851,75	1472,49
851,93	1366,00
852,11	1474,54
852,29	1499,11
852,47	1585,13
852,66	1490,92
852,84	1337,32
853,02	1507,30
853,20	1540,07
853,38	1415,15
853,56	1499,11
853,74	1542,12
853,92	1505,26
854,10	1472,49
854,28	1482,73
854,46	1456,11
854,65	1411,05
854,83	1468,39
855,01	1384,43
855,19	1476,59
855,37	1544,17
855,55	1462,25
855,73	1519,59
855,91	1521,64
856,09	1501,16
856,27	1501,16
856,45	1425,39
856,63	1368,04
856,81	1492,97
857,00	1560,55
857,18	1466,35
857,36	1417,19
857,54	1468,39
857,72	1460,20
857,90	1488,87
858,08	1425,39
858,26	1523,69
858,44	1452,01
858,62	1499,11
858,80	1460,20
858,98	1605,61
859,16	1474,54
859,34	1447,91
859,52	1490,92
859,70	1513,45
859,88	1476,59
860,06	1468,39
860,24	1429,48
860,42	1388,52
860,60	1433,58
860,78	1406,95
860,96	1470,44
861,14	1431,53
861,32	1464,30
861,50	1482,73
861,69	1439,72
861,87	1540,07
862,05	1482,73
862,23	1363,95
862,41	1449,96
862,59	1419,24
862,77	1402,86
862,95	1415,15
863,13	1505,26
863,31	1525,74
863,49	1435,63
863,67	1443,82
863,85	1374,19
864,03	1460,20
864,21	1472,49
864,39	1503,21
864,57	1503,21
864,75	1501,16
864,92	1603,56
865,10	1527,78
865,28	1419,24
865,46	1380,33
865,64	1445,87
865,82	1460,20
866,00	1409,00
866,18	1507,30
866,36	1439,72
866,54	1519,59
866,72	1402,86
866,90	1454,06
867,08	1480,68
867,26	1439,72
867,44	1359,85
867,62	1525,74
867,80	1427,43
867,98	1554,41
868,16	1454,06
868,34	1474,54
868,52	1355,76
868,70	1492,97
868,88	1558,50
869,06	1429,48
869,24	1425,39
869,42	1468,39
869,59	1413,10
869,77	1458,15
869,95	1476,59
870,13	1470,44
870,31	1472,49
870,49	1535,98
870,67	1374,19
870,85	1472,49
871,03	1509,35
871,21	1560,55
871,39	1355,76
871,57	1505,26
871,75	1458,15
871,92	1421,29
872,10	1476,59
872,28	1417,19
872,46	1435,63
872,64	1366,00
872,82	1486,83
873,00	1376,24
873,18	1533,93
873,36	1472,49
873,54	1443,82
873,72	1398,76
873,89	1460,20
874,07	1427,43
874,25	1458,15
874,43	1513,45
874,61	1419,24
874,79	1435,63
874,97	1447,91
875,15	1439,72
875,33	1439,72
875,50	1501,16
875,68	1488,87
875,86	1388,52
876,04	1521,64
876,22	1443,82
876,40	1476,59
876,58	1398,76
876,76	1427,43
876,93	1464,30
877,11	1449,96
877,29	1568,74
877,47	1439,72
877,65	1462,25
877,83	1458,15
878,01	1476,59
878,18	1406,95
878,36	1521,64
878,54	1353,71
878,72	1384,43
878,90	1380,33
879,08	1468,39
879,25	1429,48
879,43	1394,67
879,61	1411,05
879,79	1429,48
879,97	1437,67
880,15	1472,49
880,32	1378,28
880,50	1454,06
880,68	1454,06
880,86	1470,44
881,04	1495,02
881,22	1486,83
881,39	1433,58
881,57	1550,31
881,75	1499,11
881,93	1511,40
882,11	1505,26
882,28	1449,96
882,46	1368,04
882,64	1398,76
882,82	1402,86
883,00	1447,91
883,18	1507,30
883,35	1486,83
883,53	1499,11
883,71	1456,11
883,89	1480,68
884,07	1441,77
884,24	1466,35
884,42	1484,78
884,60	1322,99
884,78	1521,64
884,95	1433,58
885,13	1425,39
885,31	1445,87
885,49	1402,86
885,67	1361,90
885,84	1460,20
886,02	1445,87
886,20	1419,24
886,38	1452,01
886,55	1439,72
886,73	1329,13
886,91	1492,97
887,09	1366,00
887,26	1472,49
887,44	1464,30
887,62	1480,68
887,80	1339,37
887,98	1406,95
888,15	1495,02
888,33	1490,92
888,51	1425,39
888,69	1538,02
888,86	1406,95
889,04	1437,67
889,22	1429,48
889,39	1554,41
889,57	1452,01
889,75	1478,63
889,93	1482,73
890,10	1466,35
890,28	1478,63
890,46	1460,20
890,64	1472,49
890,81	1454,06
890,99	1452,01
891,17	1443,82
891,34	1513,45
891,52	1464,30
891,70	1382,38
891,88	1423,34
892,05	1374,19
892,23	1402,86
892,41	1433,58
892,58	1472,49
892,76	1439,72
892,94	1411,05
893,12	1503,21
893,29	1472,49
893,47	1527,78
893,65	1427,43
893,82	1462,25
894,00	1357,80
894,18	1445,87
894,35	1443,82
894,53	1495,02
894,71	1503,21
894,89	1394,67
895,06	1413,10
895,24	1419,24
895,42	1421,29
895,59	1400,81
895,77	1431,53
895,95	1490,92
896,12	1406,95
896,30	1380,33
896,48	1388,52
896,65	1445,87
896,83	1337,32
897,01	1431,53
897,18	1423,34
897,36	1540,07
897,54	1456,11
897,71	1439,72
897,89	1454,06
898,07	1376,24
898,24	1402,86
898,42	1372,14
898,59	1484,78
898,77	1429,48
898,95	1394,67
899,12	1462,25
899,30	1445,87
899,48	1462,25
899,65	1488,87
899,83	1404,91
900,01	1390,57
900,18	1538,02
900,36	1370,09
900,53	1402,86
900,71	1421,29
900,89	1458,15
901,06	1511,40
901,24	1437,67
901,42	1456,11
901,59	1413,10
901,77	1435,63
901,94	1423,34
902,12	1437,67
902,30	1495,02
902,47	1470,44
902,65	1409,00
902,82	1488,87
903,00	1357,80
903,18	1445,87
903,35	1441,77
903,53	1404,91
903,70	1464,30
903,88	1462,25
904,06	1413,10
904,23	1505,26
904,41	1499,11
904,58	1476,59
904,76	1417,19
904,93	1447,91
905,11	1370,09
905,29	1443,82
905,46	1441,77
905,64	1527,78
905,81	1398,76
905,99	1456,11
906,16	1476,59
906,34	1439,72
906,52	1497,07
906,69	1488,87
906,87	1398,76
907,04	1382,38
907,22	1472,49
907,39	1499,11
907,57	1392,62
907,75	1482,73
907,92	1456,11
908,10	1499,11
908,27	1415,15
908,45	1368,04
908,62	1435,63
908,80	1349,61
908,97	1409,00
909,15	1406,95
909,32	1406,95
909,50	1406,95
909,67	1419,24
909,85	1507,30
910,03	1398,76
910,20	1488,87
910,38	1325,04
910,55	1421,29
910,73	1447,91
910,90	1374,19
911,08	1466,35
911,25	1460,20
911,43	1511,40
911,60	1507,30
911,78	1468,39
911,95	1441,77
912,13	1464,30
912,30	1380,33
912,48	1456,11
912,65	1417,19
912,83	1427,43
913,00	1406,95
913,18	1452,01
913,35	1378,28
913,53	1345,52
913,70	1431,53
913,88	1464,30
914,05	1474,54
914,23	1390,57
914,40	1495,02
914,58	1394,67
914,75	1480,68
914,93	1462,25
915,10	1443,82
915,27	1476,59
915,45	1454,06
915,62	1441,77
915,80	1452,01
915,97	1462,25
916,15	1431,53
916,32	1406,95
916,50	1466,35
916,67	1413,10
916,85	1413,10
917,02	1439,72
917,20	1492,97
917,37	1433,58
917,54	1449,96
917,72	1427,43
917,89	1462,25
918,07	1507,30
918,24	1386,47
918,42	1406,95
918,59	1495,02
918,77	1519,59
918,94	1488,87
919,11	1476,59
919,29	1376,24
919,46	1409,00
919,64	1533,93
919,81	1507,30
919,99	1503,21
920,16	1535,98
920,33	1458,15
920,51	1433,58
920,68	1458,15
920,86	1449,96
921,03	1429,48
921,20	1423,34
921,38	1456,11
921,55	1368,04
921,73	1404,91
921,90	1452,01
922,07	1497,07
922,25	1490,92
922,42	1435,63
922,60	1460,20
922,77	1431,53
922,94	1556,46
923,12	1415,15
923,29	1544,17
923,47	1445,87
923,64	1456,11
923,81	1519,59
923,99	1382,38
924,16	1452,01
924,34	1411,05
924,51	1562,60
924,68	1507,30
924,86	1372,14
925,03	1417,19
925,20	1499,11
925,38	1521,64
925,55	1521,64
925,72	1437,67
925,90	1480,68
926,07	1394,67
926,25	1470,44
926,42	1409,00
926,59	1476,59
926,77	1366,00
926,94	1538,02
927,11	1429,48
927,29	1509,35
927,46	1462,25
927,63	1533,93
927,81	1374,19
927,98	1417,19
928,15	1472,49
928,33	1499,11
928,50	1482,73
928,67	1476,59
928,85	1458,15
929,02	1435,63
929,19	1460,20
929,37	1515,50
929,54	1503,21
929,71	1503,21
929,89	1366,00
930,06	1454,06
930,23	1478,63
930,41	1443,82
930,58	1378,28
930,75	1437,67
930,92	1464,30
931,10	1464,30
931,27	1394,67
931,44	1521,64
931,62	1419,24
931,79	1404,91
931,96	1472,49
932,14	1417,19
932,31	1503,21
932,48	1509,35
932,65	1394,67
932,83	1484,78
933,00	1462,25
933,17	1443,82
933,35	1423,34
933,52	1433,58
933,69	1480,68
933,86	1519,59
934,04	1394,67
934,21	1390,57
934,38	1484,78
934,55	1478,63
934,73	1406,95
934,90	1439,72
935,07	1468,39
935,25	1460,20
935,42	1482,73
935,59	1390,57
935,76	1382,38
935,94	1464,30
936,11	1468,39
936,28	1513,45
936,45	1507,30
936,63	1468,39
936,80	1361,90
936,97	1540,07
937,14	1495,02
937,31	1507,30
937,49	1492,97
937,66	1540,07
937,83	1490,92
938,00	1472,49
938,18	1484,78
938,35	1499,11
938,52	1458,15
938,69	1400,81
938,87	1523,69
939,04	1425,39
939,21	1421,29
939,38	1443,82
939,55	1353,71
939,73	1431,53
939,90	1478,63
940,07	1390,57
940,24	1378,28
940,41	1402,86
940,59	1322,99
940,76	1449,96
940,93	1435,63
941,10	1333,23
941,27	1454,06
941,45	1417,19
941,62	1474,54
941,79	1382,38
941,96	1419,24
942,13	1480,68
942,31	1429,48
942,48	1503,21
942,65	1470,44
942,82	1394,67
942,99	1517,54
943,16	1497,07
943,34	1533,93
943,51	1435,63
943,68	1402,86
943,85	1419,24
944,02	1542,12
944,19	1366,00
944,37	1492,97
944,54	1456,11
944,71	1419,24
944,88	1581,03
945,05	1370,09
945,22	1462,25
945,40	1474,54
945,57	1402,86
945,74	1404,91
945,91	1527,78
946,08	1497,07
946,25	1531,88
946,42	1449,96
946,60	1538,02
946,77	1495,02
946,94	1447,91
947,11	1398,76
947,28	1447,91
947,45	1484,78
947,62	1464,30
947,79	1423,34
947,97	1562,60
948,14	1505,26
948,31	1525,74
948,48	1515,50
948,65	1429,48
948,82	1353,71
948,99	1454,06
949,16	1474,54
949,33	1460,20
949,51	1519,59
949,68	1419,24
949,85	1474,54
950,02	1419,24
950,19	1439,72
950,36	1484,78
950,53	1474,54
950,70	1437,67
950,87	1445,87
951,04	1472,49
951,22	1484,78
951,39	1488,87
951,56	1427,43
951,73	1486,83
951,90	1396,71
952,07	1472,49
952,24	1380,33
952,41	1492,97
952,58	1347,56
952,75	1499,11
952,92	1490,92
953,09	1388,52
953,26	1376,24
953,43	1433,58
953,61	1562,60
953,78	1417,19
953,95	1484,78
954,12	1515,50
954,29	1456,11
954,46	1394,67
954,63	1517,54
954,80	1480,68
954,97	1411,05
955,14	1472,49
955,31	1478,63
955,48	1429,48
955,65	1472,49
955,82	1337,32
955,99	1462,25
956,16	1435,63
956,33	1458,15
956,50	1421,29
956,67	1449,96
956,84	1404,91
957,01	1406,95
957,18	1402,86
957,35	1495,02
957,52	1456,11
957,69	1511,40
957,86	1433,58
958,03	1433,58
958,20	1488,87
958,37	1406,95
958,54	1443,82
958,71	1343,47
958,88	1507,30
959,05	1468,39
959,22	1490,92
959,39	1406,95
959,56	1411,05
959,73	1523,69
959,90	1464,30
960,07	1456,11
960,24	1462,25
960,41	1458,15
960,58	1521,64
960,75	1437,67
960,92	1443,82
961,09	1443,82
961,26	1503,21
961,43	1529,83
961,60	1501,16
961,77	1439,72
961,94	1460,20
962,11	1361,90
962,28	1464,30
962,45	1495,02
962,62	1409,00
962,79	1468,39
962,96	1368,04
963,13	1419,24
963,30	1486,83
963,47	1402,86
963,64	1435,63
963,81	1531,88
963,98	1378,28
964,14	1488,87
964,31	1515,50
964,48	1492,97
964,65	1476,59
964,82	1392,62
964,99	1538,02
965,16	1439,72
965,33	1421,29
965,50	1386,47
965,67	1497,07
965,84	1472,49
966,01	1374,19
966,18	1431,53
966,35	1411,05
966,51	1372,14
966,68	1474,54
966,85	1484,78
967,02	1419,24
967,19	1470,44
967,36	1445,87
967,53	1447,91
967,70	1501,16
967,87	1404,91
968,04	1527,78
968,21	1452,01
968,37	1404,91
968,54	1384,43
968,71	1474,54
968,88	1390,57
969,05	1396,71
969,22	1427,43
969,39	1531,88
969,56	1472,49
969,72	1423,34
969,89	1484,78
970,06	1486,83
970,23	1421,29
970,40	1486,83
970,57	1497,07
970,74	1464,30
970,91	1472,49
971,07	1464,30
971,24	1435,63
971,41	1439,72
971,58	1409,00
971,75	1384,43
971,92	1423,34
972,09	1398,76
972,25	1460,20
972,42	1560,55
972,59	1347,56
972,76	1478,63
972,93	1429,48
973,10	1529,83
973,27	1472,49
973,43	1437,67
973,60	1435,63
973,77	1449,96
973,94	1425,39
974,11	1423,34
974,28	1429,48
974,44	1452,01
974,61	1445,87
974,78	1484,78
974,95	1411,05
975,12	1435,63
975,28	1441,77
975,45	1374,19
975,62	1492,97
975,79	1439,72
975,96	1402,86
976,12	1415,15
976,29	1406,95
976,46	1406,95
976,63	1433,58
976,80	1396,71
976,96	1386,47
977,13	1421,29
977,30	1382,38
977,47	1388,52
977,64	1402,86
977,80	1398,76
977,97	1445,87
978,14	1447,91
978,31	1445,87
978,48	1497,07
978,64	1388,52
978,81	1384,43
978,98	1406,95
979,15	1443,82
979,31	1443,82
979,48	1445,87
979,65	1419,24
979,82	1439,72
979,98	1443,82
980,15	1411,05
980,32	1511,40
980,49	1417,19
980,66	1370,09
980,82	1411,05
980,99	1456,11
981,16	1398,76
981,33	1433,58
981,49	1390,57
981,66	1353,71
981,83	1411,05
981,99	1386,47
982,16	1417,19
982,33	1333,23
982,50	1411,05
982,66	1452,01
982,83	1366,00
983,00	1466,35
983,17	1411,05
983,33	1386,47
983,50	1505,26
983,67	1449,96
983,83	1419,24
984,00	1443,82
984,17	1497,07
984,34	1406,95
984,50	1390,57
984,67	1320,94
984,84	1382,38
985,00	1419,24
985,17	1427,43
985,34	1441,77
985,51	1413,10
985,67	1503,21
985,84	1353,71
986,01	1316,84
986,17	1417,19
986,34	1376,24
986,51	1335,28
986,67	1417,19
986,84	1421,29
987,01	1421,29
987,17	1488,87
987,34	1376,24
987,51	1271,79
987,67	1431,53
987,84	1486,83
988,01	1443,82
988,17	1447,91
988,34	1370,09
988,51	1427,43
988,67	1439,72
988,84	1427,43
989,01	1447,91
989,17	1398,76
989,34	1423,34
989,51	1429,48
989,67	1394,67
989,84	1382,38
990,01	1392,62
990,17	1447,91
990,34	1318,89
990,51	1384,43
990,67	1413,10
990,84	1355,76
991,01	1345,52
991,17	1380,33
991,34	1431,53
991,50	1433,58
991,67	1359,85
991,84	1423,34
992,00	1294,32
992,17	1402,86
992,34	1472,49
992,50	1501,16
992,67	1415,15
992,83	1417,19
993,00	1394,67
993,17	1409,00
993,33	1421,29
993,50	1513,45
993,66	1460,20
993,83	1456,11
994,00	1394,67
994,16	1431,53
994,33	1456,11
994,49	1443,82
994,66	1445,87
994,83	1431,53
994,99	1427,43
995,16	1458,15
995,32	1411,05
995,49	1474,54
995,66	1445,87
995,82	1390,57
995,99	1343,47
996,15	1472,49
996,32	1454,06
996,48	1386,47
996,65	1339,37
996,82	1423,34
996,98	1499,11
997,15	1458,15
997,31	1423,34
997,48	1425,39
997,64	1372,14
997,81	1419,24
997,97	1296,36
998,14	1392,62
998,31	1413,10
998,47	1431,53
998,64	1400,81
998,80	1343,47
998,97	1490,92
999,13	1497,07
999,30	1396,71
999,46	1443,82
999,63	1392,62
999,79	1404,91
999,96	1554,41
1000,12	1478,63
1000,29	1423,34
1000,45	1439,72
1000,62	1423,34
1000,79	1404,91
1000,95	1388,52
1001,12	1384,43
1001,28	1400,81
1001,45	1423,34
1001,61	1452,01
1001,78	1419,24
1001,94	1439,72
1002,11	1535,98
1002,27	1452,01
1002,44	1380,33
1002,60	1409,00
1002,77	1499,11
1002,93	1447,91
1003,10	1464,30
1003,26	1472,49
1003,43	1486,83
1003,59	1441,77
1003,76	1411,05
1003,92	1433,58
1004,09	1396,71
1004,25	1472,49
1004,41	1482,73
1004,58	1398,76
1004,74	1478,63
1004,91	1447,91
1005,07	1452,01
1005,24	1390,57
1005,40	1538,02
1005,57	1452,01
1005,73	1406,95
1005,90	1372,14
1006,06	1366,00
1006,23	1445,87
1006,39	1411,05
1006,55	1411,05
1006,72	1441,77
1006,88	1413,10
1007,05	1437,67
1007,21	1462,25
1007,38	1460,20
1007,54	1490,92
1007,71	1366,00
1007,87	1464,30
1008,03	1439,72
1008,20	1402,86
1008,36	1384,43
1008,53	1374,19
1008,69	1390,57
1008,86	1439,72
1009,02	1366,00
1009,18	1392,62
1009,35	1392,62
1009,51	1382,38
1009,68	1486,83
1009,84	1425,39
1010,01	1374,19
1010,17	1492,97
1010,33	1390,57
1010,50	1378,28
1010,66	1376,24
1010,83	1431,53
1010,99	1421,29
1011,15	1409,00
1011,32	1376,24
1011,48	1398,76
1011,65	1400,81
1011,81	1435,63
1011,97	1378,28
1012,14	1433,58
1012,30	1415,15
1012,46	1439,72
1012,63	1470,44
1012,79	1425,39
1012,96	1355,76
1013,12	1398,76
1013,28	1388,52
1013,45	1378,28
1013,61	1404,91
1013,77	1423,34
1013,94	1429,48
1014,10	1458,15
1014,26	1380,33
1014,43	1398,76
1014,59	1460,20
1014,76	1427,43
1014,92	1542,12
1015,08	1345,52
1015,25	1312,75
1015,41	1495,02
1015,57	1427,43
1015,74	1384,43
1015,90	1368,04
1016,06	1394,67
1016,23	1378,28
1016,39	1406,95
1016,55	1519,59
1016,72	1404,91
1016,88	1449,96
1017,04	1355,76
1017,21	1472,49
1017,37	1374,19
1017,53	1433,58
1017,70	1411,05
1017,86	1406,95
1018,02	1402,86
1018,19	1411,05
1018,35	1472,49
1018,51	1351,66
1018,67	1445,87
1018,84	1335,28
1019,00	1351,66
1019,16	1386,47
1019,33	1370,09
1019,49	1447,91
1019,65	1337,32
1019,82	1388,52
1019,98	1454,06
1020,14	1394,67
1020,30	1460,20
1020,47	1339,37
1020,63	1531,88
1020,79	1421,29
1020,96	1406,95
1021,12	1372,14
1021,28	1513,45
1021,44	1439,72
1021,61	1470,44
1021,77	1454,06
1021,93	1384,43
1022,09	1517,54
1022,26	1425,39
1022,42	1409,00
1022,58	1513,45
1022,74	1396,71
1022,91	1361,90
1023,07	1470,44
1023,23	1402,86
1023,39	1413,10
1023,56	1439,72
1023,72	1574,89
1023,88	1411,05
1024,04	1388,52
1024,21	1337,32
1024,37	1400,81
1024,53	1443,82
1024,69	1376,24
1024,86	1517,54
1025,02	1353,71
1025,18	1341,42
1025,34	1542,12
1025,50	1396,71
1025,67	1390,57
1025,83	1431,53
1025,99	1439,72
1026,15	1363,95
1026,32	1396,71
1026,48	1384,43
1026,64	1470,44
1026,80	1456,11
1026,96	1433,58
1027,13	1474,54
1027,29	1486,83
1027,45	1374,19
1027,61	1382,38
1027,77	1458,15
1027,94	1454,06
1028,10	1396,71
1028,26	1359,85
1028,42	1351,66
1028,58	1472,49
1028,75	1353,71
1028,91	1396,71
1029,07	1468,39
1029,23	1357,80
1029,39	1392,62
1029,55	1388,52
1029,72	1423,34
1029,88	1441,77
1030,04	1505,26
1030,20	1390,57
1030,36	1415,15
1030,52	1382,38
1030,69	1421,29
1030,85	1509,35
1031,01	1398,76
1031,17	1429,48
1031,33	1460,20
1031,49	1419,24
1031,65	1415,15
1031,82	1359,85
1031,98	1327,08
1032,14	1431,53
1032,30	1380,33
1032,46	1433,58
1032,62	1419,24
1032,78	1447,91
1032,95	1390,57
1033,11	1409,00
1033,27	1421,29
1033,43	1449,96
1033,59	1423,34
1033,75	1366,00
1033,91	1376,24
1034,07	1472,49
1034,24	1398,76
1034,40	1374,19
1034,56	1384,43
1034,72	1411,05
1034,88	1433,58
1035,04	1462,25
1035,20	1368,04
1035,36	1339,37
1035,52	1359,85
1035,68	1396,71
1035,85	1388,52
1036,01	1454,06
1036,17	1476,59
1036,33	1409,00
1036,49	1388,52
1036,65	1382,38
1036,81	1417,19
1036,97	1464,30
1037,13	1413,10
1037,29	1372,14
1037,45	1521,64
1037,61	1413,10
1037,78	1439,72
1037,94	1462,25
1038,10	1361,90
1038,26	1464,30
1038,42	1402,86
1038,58	1439,72
1038,74	1388,52
1038,90	1355,76
1039,06	1425,39
1039,22	1492,97
1039,38	1445,87
1039,54	1359,85
1039,70	1415,15
1039,86	1425,39
1040,02	1345,52
1040,18	1447,91
1040,34	1388,52
1040,50	1445,87
1040,66	1490,92
1040,83	1492,97
1040,99	1423,34
1041,15	1466,35
1041,31	1456,11
1041,47	1337,32
1041,63	1460,20
1041,79	1398,76
1041,95	1406,95
1042,11	1419,24
1042,27	1470,44
1042,43	1441,77
1042,59	1458,15
1042,75	1425,39
1042,91	1419,24
