344,25	1228,78
344,46	1228,78
344,68	1228,78
344,90	1308,65
345,12	1204,21
345,34	1382,38
345,55	1429,48
345,77	1425,39
345,99	1374,19
346,21	1474,54
346,42	1386,47
346,64	1415,15
346,86	1402,86
347,08	1419,24
347,30	1355,76
347,51	1402,86
347,73	1437,67
347,95	1427,43
348,17	1423,34
348,38	1513,45
348,60	1394,67
348,82	1474,54
349,04	1351,66
349,25	1474,54
349,47	1406,95
349,69	1441,77
349,91	1523,69
350,13	1468,39
350,34	1445,87
350,56	1390,57
350,78	1314,80
351,00	1376,24
351,21	1472,49
351,43	1449,96
351,65	1439,72
351,87	1472,49
352,08	1468,39
352,30	1400,81
352,52	1392,62
352,74	1327,08
352,95	1433,58
353,17	1431,53
353,39	1347,56
353,61	1392,62
353,82	1357,80
354,04	1425,39
354,26	1497,07
354,47	1413,10
354,69	1398,76
354,91	1361,90
355,13	1386,47
355,34	1406,95
355,56	1396,71
355,78	1433,58
356,00	1540,07
356,21	1437,67
356,43	1386,47
356,65	1427,43
356,86	1476,59
357,08	1519,59
357,30	1468,39
357,52	1488,87
357,73	1439,72
357,95	1472,49
358,17	1427,43
358,38	1452,01
358,60	1452,01
358,82	1507,30
359,04	1529,83
359,25	1427,43
359,47	1511,40
359,69	1505,26
359,90	1462,25
360,12	1638,38
360,34	1425,39
360,56	1558,50
360,77	1695,72
360,99	1572,84
361,21	1648,61
361,42	1550,31
361,64	1593,32
361,86	1683,43
362,07	1605,61
362,29	1605,61
362,51	1746,92
362,73	1662,95
362,94	1634,28
363,16	1730,53
363,38	1740,77
363,59	1722,34
363,81	1681,38
364,03	1816,55
364,24	1730,53
364,46	1675,24
364,68	1693,67
364,89	1671,14
365,11	1814,50
365,33	1761,25
365,54	1683,43
365,76	1771,49
365,98	1820,64
366,19	1736,68
366,41	1834,98
366,63	1773,54
366,84	1753,06
367,06	1734,63
367,28	1812,45
367,49	1681,38
367,71	1740,77
367,93	1728,49
368,14	1847,27
368,36	1787,88
368,58	1769,44
368,79	1761,25
369,01	1875,94
369,23	1855,46
369,44	1816,55
369,66	1699,81
369,88	1837,03
370,09	1669,09
370,31	1722,34
370,53	1816,55
370,74	1728,49
370,96	1671,14
371,18	1779,68
371,39	1691,62
371,61	1761,25
371,82	1740,77
372,04	1685,48
372,26	1630,18
372,47	1751,01
372,69	1834,98
372,91	1718,25
373,12	1669,09
373,34	1738,73
373,56	1701,86
373,77	1650,66
373,99	1656,81
374,20	1632,23
374,42	1701,86
374,64	1869,80
374,85	1648,61
375,07	1669,09
375,29	1652,71
375,50	1572,84
375,72	1646,57
375,93	1642,47
376,15	1568,74
376,37	1665,00
376,58	1611,75
376,80	1658,85
377,01	1533,93
377,23	1527,78
377,45	1591,27
377,66	1589,22
377,88	1556,46
378,10	1482,73
378,31	1523,69
378,53	1519,59
378,74	1556,46
378,96	1523,69
379,18	1546,22
379,39	1488,87
379,61	1476,59
379,82	1427,43
380,04	1560,55
380,26	1482,73
380,47	1507,30
380,69	1535,98
380,90	1470,44
381,12	1505,26
381,33	1478,63
381,55	1576,94
381,77	1484,78
381,98	1431,53
382,20	1431,53
382,41	1447,91
382,63	1474,54
382,85	1478,63
383,06	1501,16
383,28	1556,46
383,49	1560,55
383,71	1478,63
383,92	1462,25
384,14	1464,30
384,36	1339,37
384,57	1529,83
384,79	1415,15
385,00	1454,06
385,22	1507,30
385,43	1431,53
385,65	1452,01
385,87	1482,73
386,08	1417,19
386,30	1478,63
386,51	1488,87
386,73	1540,07
386,94	1515,50
387,16	1478,63
387,37	1499,11
387,59	1386,47
387,81	1449,96
388,02	1531,88
388,24	1366,00
388,45	1472,49
388,67	1374,19
388,88	1449,96
389,10	1468,39
389,31	1544,17
389,53	1490,92
389,75	1476,59
389,96	1433,58
390,18	1454,06
390,39	1445,87
390,61	1495,02
390,82	1452,01
391,04	1474,54
391,25	1470,44
391,47	1345,52
391,68	1452,01
391,90	1497,07
392,11	1431,53
392,33	1525,74
392,54	1456,11
392,76	1456,11
392,97	1447,91
393,19	1490,92
393,41	1554,41
393,62	1429,48
393,84	1542,12
394,05	1548,26
394,27	1513,45
394,48	1474,54
394,70	1540,07
394,91	1533,93
395,13	1480,68
395,34	1476,59
395,56	1544,17
395,77	1497,07
395,99	1509,35
396,20	1529,83
396,42	1529,83
396,63	1468,39
396,85	1525,74
397,06	1476,59
397,28	1533,93
397,49	1509,35
397,71	1533,93
397,92	1587,18
398,14	1540,07
398,35	1710,05
398,57	1578,98
398,78	1597,42
399,00	1615,85
399,21	1576,94
399,43	1556,46
399,64	1576,94
399,86	1576,94
400,07	1595,37
400,29	1572,84
400,50	1597,42
400,72	1656,81
400,93	1628,14
401,14	1525,74
401,36	1560,55
401,57	1630,18
401,79	1675,24
402,00	1669,09
402,22	1585,13
402,43	1554,41
402,65	1662,95
402,86	1615,85
403,08	1626,09
403,29	1732,58
403,51	1658,85
403,72	1611,75
403,94	1587,18
404,15	1644,52
404,36	1734,63
404,58	1908,71
404,79	1626,09
405,01	1662,95
405,22	1669,09
405,44	1587,18
405,65	1693,67
405,87	1595,37
406,08	1599,46
406,30	1538,02
406,51	1671,14
406,72	1640,42
406,94	1656,81
407,15	1578,98
407,37	1658,85
407,58	1619,94
407,80	1646,57
408,01	1490,92
408,23	1578,98
408,44	1576,94
408,65	1533,93
408,87	1662,95
409,08	1574,89
409,30	1626,09
409,51	1554,41
409,73	1679,33
409,94	1607,66
410,15	1601,51
410,37	1613,80
410,58	1646,57
410,80	1566,70
411,01	1564,65
411,23	1581,03
411,44	1513,45
411,65	1595,37
411,87	1632,23
412,08	1568,74
412,30	1601,51
412,51	1548,26
412,72	1667,05
412,94	1542,12
413,15	1513,45
413,37	1533,93
413,58	1568,74
413,79	1503,21
414,01	1478,63
414,22	1615,85
414,44	1636,33
414,65	1570,79
414,86	1554,41
415,08	1591,27
415,29	1538,02
415,51	1673,19
415,72	1533,93
415,93	1562,60
416,15	1601,51
416,36	1681,38
416,58	1644,52
416,79	1519,59
417,00	1609,70
417,22	1570,79
417,43	1578,98
417,65	1673,19
417,86	1626,09
418,07	1634,28
418,29	1640,42
418,50	1693,67
418,71	1570,79
418,93	1548,26
419,14	1617,90
419,36	1597,42
419,57	1697,77
419,78	1703,91
420,00	1554,41
420,21	1644,52
420,42	1636,33
420,64	1716,20
420,85	1640,42
421,06	1705,96
421,28	1673,19
421,49	1607,66
421,71	1693,67
421,92	1566,70
422,13	1800,16
422,35	1685,48
422,56	1763,30
422,77	1648,61
422,99	1781,73
423,20	1761,25
423,41	1773,54
423,63	1628,14
423,84	1697,77
424,05	1775,59
424,27	1767,40
424,48	1718,25
424,69	1736,68
424,91	2703,32
425,12	1740,77
425,33	1810,40
425,55	1894,37
425,76	1863,65
425,97	1855,46
426,19	1804,26
426,40	1765,35
426,61	1853,41
426,83	1841,12
427,04	1939,43
427,25	1845,22
427,47	1964,00
427,68	1787,88
427,89	1834,98
428,11	1873,89
428,32	1765,35
428,53	1834,98
428,75	1789,92
428,96	1869,80
429,17	1800,16
429,39	1705,96
429,60	1820,64
429,81	1972,19
430,03	1802,21
430,24	1695,72
430,45	1742,82
430,67	1781,73
430,88	1761,25
431,09	1728,49
431,30	1763,30
431,52	1820,64
431,73	1591,27
431,94	1722,34
432,16	1687,53
432,37	1689,57
432,58	1728,49
432,80	1671,14
433,01	1712,10
433,22	1591,27
433,43	1642,47
433,65	1621,99
433,86	1538,02
434,07	1568,74
434,29	1595,37
434,50	1538,02
434,71	1642,47
434,92	1660,90
435,14	1628,14
435,35	1611,75
435,56	1589,22
435,77	1583,08
435,99	1554,41
436,20	1599,46
436,41	1593,32
436,63	1566,70
436,84	1460,20
437,05	1525,74
437,26	1576,94
437,48	1665,00
437,69	1538,02
437,90	1603,56
438,11	1501,16
438,33	1488,87
438,54	1517,54
438,75	1660,90
438,96	1613,80
439,18	1535,98
439,39	1533,93
439,60	1507,30
439,82	1538,02
440,03	1542,12
440,24	1492,97
440,45	1419,24
440,67	1517,54
440,88	1517,54
441,09	1509,35
441,30	1576,94
441,51	1568,74
441,73	1513,45
441,94	1425,39
442,15	1581,03
442,36	1599,46
442,58	1454,06
442,79	1452,01
443,00	1484,78
443,21	1587,18
443,43	1574,89
443,64	1533,93
443,85	1560,55
444,06	1517,54
444,28	1570,79
444,49	1544,17
444,70	1480,68
444,91	1585,13
445,12	1513,45
445,34	1427,43
445,55	1472,49
445,76	1550,31
445,97	1411,05
446,18	1480,68
446,40	1492,97
446,61	1484,78
446,82	1409,00
447,03	1552,36
447,25	1466,35
447,46	1398,76
447,67	1527,78
447,88	1501,16
448,09	1413,10
448,31	1593,32
448,52	1486,83
448,73	1515,50
448,94	1468,39
449,15	1503,21
449,37	1402,86
449,58	1464,30
449,79	1466,35
450,00	1566,70
450,21	1456,11
450,43	1404,91
450,64	1435,63
450,85	1406,95
451,06	1447,91
451,27	1470,44
451,48	1433,58
451,70	1456,11
451,91	1456,11
452,12	1492,97
452,33	1437,67
452,54	1406,95
452,76	1476,59
452,97	1628,14
453,18	1437,67
453,39	1497,07
453,60	1542,12
453,81	1435,63
454,03	1433,58
454,24	1535,98
454,45	1466,35
454,66	1503,21
454,87	1435,63
455,08	1421,29
455,30	1443,82
455,51	1499,11
455,72	1464,30
455,93	1513,45
456,14	1384,43
456,35	1445,87
456,56	1488,87
456,78	1452,01
456,99	1480,68
457,20	1423,34
457,41	1466,35
457,62	1503,21
457,83	1486,83
458,04	1464,30
458,26	1460,20
458,47	1445,87
458,68	1386,47
458,89	1411,05
459,10	1368,04
459,31	1476,59
459,52	1488,87
459,74	1443,82
459,95	1425,39
460,16	1472,49
460,37	1564,65
460,58	1454,06
460,79	1417,19
461,00	1452,01
461,21	1384,43
461,43	1406,95
461,64	1374,19
461,85	1482,73
462,06	1456,11
462,27	1433,58
462,48	1445,87
462,69	1499,11
462,90	1447,91
463,12	1472,49
463,33	1468,39
463,54	1398,76
463,75	1474,54
463,96	1433,58
464,17	1480,68
464,38	1398,76
464,59	1437,67
464,80	1427,43
465,01	1396,71
465,23	1460,20
465,44	1417,19
465,65	1464,30
465,86	1452,01
466,07	1366,00
466,28	1478,63
466,49	1427,43
466,70	1417,19
466,91	1462,25
467,12	1409,00
467,33	1433,58
467,55	1406,95
467,76	1400,81
467,97	1462,25
468,18	1456,11
468,39	1378,28
468,60	1540,07
468,81	1452,01
469,02	1421,29
469,23	1452,01
469,44	1425,39
469,65	1409,00
469,86	1456,11
470,07	1382,38
470,29	1630,18
470,50	1409,00
470,71	1384,43
470,92	1435,63
471,13	1505,26
471,34	1495,02
471,55	1460,20
471,76	1433,58
471,97	1419,24
472,18	1443,82
472,39	1390,57
472,60	1427,43
472,81	1433,58
473,02	1400,81
473,23	1396,71
473,44	1425,39
473,65	1466,35
473,87	1384,43
474,08	1470,44
474,29	1361,90
474,50	1431,53
474,71	1462,25
474,92	1441,77
475,13	1443,82
475,34	1521,64
475,55	1464,30
475,76	1464,30
475,97	1527,78
476,18	1404,91
476,39	1402,86
476,60	1535,98
476,81	1509,35
477,02	1388,52
477,23	1452,01
477,44	1456,11
477,65	1404,91
477,86	1462,25
478,07	1515,50
478,28	1406,95
478,49	1433,58
478,70	1501,16
478,91	1368,04
479,12	1437,67
479,33	1382,38
479,54	1398,76
479,75	1460,20
479,96	1509,35
480,17	1447,91
480,38	1427,43
480,59	1443,82
480,80	1486,83
481,01	1406,95
481,22	1441,77
481,43	1396,71
481,64	1400,81
481,85	1439,72
482,06	1366,00
482,27	1484,78
482,48	1497,07
482,69	1613,80
482,90	1415,15
483,11	1497,07
483,32	1513,45
483,53	1427,43
483,74	1538,02
483,95	1472,49
484,16	1431,53
484,37	1374,19
484,58	1462,25
484,79	1462,25
485,00	1495,02
485,21	1341,42
485,42	1400,81
485,63	1544,17
485,84	1390,57
486,05	1447,91
486,26	1398,76
486,47	1515,50
486,68	1458,15
486,89	1447,91
487,10	1439,72
487,31	1409,00
487,52	1462,25
487,73	1480,68
487,94	1478,63
488,15	1452,01
488,36	1531,88
488,57	1366,00
488,77	1503,21
488,98	1445,87
489,19	1468,39
489,40	1492,97
489,61	1509,35
489,82	1413,10
490,03	1497,07
490,24	1396,71
490,45	1513,45
490,66	1400,81
490,87	1562,60
491,08	1417,19
491,29	1454,06
491,50	1458,15
491,71	1437,67
491,92	1529,83
492,13	1456,11
492,33	1398,76
492,54	1406,95
492,75	1443,82
492,96	1474,54
493,17	1437,67
493,38	1322,99
493,59	1441,77
493,80	1492,97
494,01	1388,52
494,22	1425,39
494,43	1484,78
494,64	1406,95
494,85	1478,63
495,05	1476,59
495,26	1464,30
495,47	1474,54
495,68	1472,49
495,89	1443,82
496,10	1421,29
496,31	1490,92
496,52	1409,00
496,73	1458,15
496,94	1492,97
497,15	1497,07
497,35	1521,64
497,56	1495,02
497,77	1480,68
497,98	1433,58
498,19	1429,48
498,40	1527,78
498,61	1572,84
498,82	1425,39
499,03	1413,10
499,23	1421,29
499,44	1441,77
499,65	1464,30
499,86	1513,45
500,07	1421,29
500,28	1497,07
500,49	1380,33
500,70	1415,15
500,91	1366,00
501,11	1454,06
501,32	1386,47
501,53	1427,43
501,74	1462,25
501,95	1437,67
502,16	1470,44
502,37	1439,72
502,57	1435,63
502,78	1517,54
502,99	1466,35
503,20	1456,11
503,41	1495,02
503,62	1441,77
503,83	1456,11
504,03	1452,01
504,24	1443,82
504,45	1476,59
504,66	1363,95
504,87	1429,48
505,08	1423,34
505,29	1425,39
505,49	1445,87
505,70	1538,02
505,91	1462,25
506,12	1486,83
506,33	1470,44
506,54	1476,59
506,75	1523,69
506,95	1433,58
507,16	1476,59
507,37	1474,54
507,58	1476,59
507,79	1449,96
508,00	1468,39
508,20	1478,63
508,41	1376,24
508,62	1472,49
508,83	1495,02
509,04	1374,19
509,24	1488,87
509,45	1732,58
509,66	1519,59
509,87	1460,20
510,08	1501,16
510,29	1505,26
510,49	1511,40
510,70	1429,48
510,91	1388,52
511,12	1531,88
511,33	1433,58
511,53	1423,34
511,74	1523,69
511,95	1439,72
512,16	1517,54
512,37	1523,69
512,57	1398,76
512,78	1411,05
512,99	1437,67
513,20	1558,50
513,41	1499,11
513,61	1415,15
513,82	1413,10
514,03	1511,40
514,24	1552,36
514,45	1462,25
514,65	1449,96
514,86	1417,19
515,07	1529,83
515,28	1478,63
515,49	1431,53
515,69	1458,15
515,90	1437,67
516,11	1472,49
516,32	1517,54
516,52	1503,21
516,73	1572,84
516,94	1550,31
517,15	1447,91
517,36	1447,91
517,56	1445,87
517,77	1406,95
517,98	1478,63
518,19	1474,54
518,39	1499,11
518,60	1490,92
518,81	1509,35
519,02	1482,73
519,22	1419,24
519,43	1503,21
519,64	1466,35
519,85	1478,63
520,05	1515,50
520,26	1417,19
520,47	1517,54
520,68	1423,34
520,88	1400,81
521,09	1462,25
521,30	1488,87
521,51	1495,02
521,71	1449,96
521,92	1390,57
522,13	1521,64
522,34	1497,07
522,54	1443,82
522,75	1417,19
522,96	1423,34
523,17	1421,29
523,37	1540,07
523,58	1343,47
523,79	1390,57
523,99	1425,39
524,20	1468,39
524,41	1396,71
524,62	1454,06
524,82	1505,26
525,03	1431,53
525,24	1513,45
525,45	1452,01
525,65	1458,15
525,86	1503,21
526,07	1406,95
526,27	1452,01
526,48	1511,40
526,69	1517,54
526,90	1468,39
527,10	1462,25
527,31	1421,29
527,52	1398,76
527,72	1460,20
527,93	1460,20
528,14	1415,15
528,34	1402,86
528,55	1384,43
528,76	1431,53
528,97	1490,92
529,17	1437,67
529,38	1429,48
529,59	1456,11
529,79	1435,63
530,00	1486,83
530,21	1456,11
530,41	1495,02
530,62	1431,53
530,83	1556,46
531,03	1546,22
531,24	1488,87
531,45	1507,30
531,65	1474,54
531,86	1376,24
532,07	1511,40
532,27	1474,54
532,48	1480,68
532,69	1480,68
532,89	1507,30
533,10	1495,02
533,31	1464,30
533,51	1452,01
533,72	1447,91
533,93	1392,62
534,13	1431,53
534,34	1433,58
534,55	1464,30
534,75	1429,48
534,96	1492,97
535,17	1486,83
535,37	1476,59
535,58	1474,54
535,79	1517,54
535,99	1411,05
536,20	1421,29
536,41	1435,63
536,61	1447,91
536,82	1507,30
537,03	1495,02
537,23	1470,44
537,44	1474,54
537,64	1474,54
537,85	1454,06
538,06	1488,87
538,26	1462,25
538,47	1452,01
538,68	1409,00
538,88	1435,63
539,09	1482,73
539,30	1435,63
539,50	1564,65
539,71	1501,16
539,91	1468,39
540,12	1464,30
540,33	1443,82
540,53	1505,26
540,74	1476,59
540,94	1470,44
541,15	1468,39
541,36	1435,63
541,56	1464,30
541,77	1427,43
541,98	1480,68
542,18	1505,26
542,39	1478,63
542,59	1490,92
542,80	1437,67
543,01	1372,14
543,21	1454,06
543,42	1509,35
543,62	1462,25
543,83	1462,25
544,04	1439,72
544,24	1478,63
544,45	1417,19
544,65	1507,30
544,86	1480,68
545,06	1445,87
545,27	1456,11
545,48	1423,34
545,68	1480,68
545,89	1441,77
546,09	1343,47
546,30	1505,26
546,51	1519,59
546,71	1419,24
546,92	1509,35
547,12	1392,62
547,33	1464,30
547,53	1452,01
547,74	1490,92
547,95	1447,91
548,15	1515,50
548,36	1443,82
548,56	1468,39
548,77	1550,31
548,97	1445,87
549,18	1425,39
549,39	1517,54
549,59	1398,76
549,80	1454,06
550,00	1437,67
550,21	1427,43
550,41	1431,53
550,62	1511,40
550,82	1511,40
551,03	1331,18
551,23	1460,20
551,44	1456,11
551,65	1439,72
551,85	1437,67
552,06	1394,67
552,26	1447,91
552,47	1368,04
552,67	1441,77
552,88	1384,43
553,08	1439,72
553,29	1460,20
553,49	1482,73
553,70	1415,15
553,90	1478,63
554,11	1382,38
554,32	1468,39
554,52	1460,20
554,73	1476,59
554,93	1423,34
555,14	1441,77
555,34	1507,30
555,55	1484,78
555,75	1429,48
555,96	1351,66
556,16	1329,13
556,37	1523,69
556,57	1376,24
556,78	1429,48
556,98	1499,11
557,19	1474,54
557,39	1423,34
557,60	1439,72
557,80	1378,28
558,01	1560,55
558,21	1380,33
558,42	1478,63
558,62	1478,63
558,83	1419,24
559,03	1415,15
559,24	1419,24
559,44	1431,53
559,65	1435,63
559,85	1425,39
560,06	1386,47
560,26	1419,24
560,47	1523,69
560,67	1511,40
560,88	1368,04
561,08	1490,92
561,29	1558,50
561,49	1449,96
561,70	1423,34
561,90	1443,82
562,10	1429,48
562,31	1554,41
562,51	1458,15
562,72	1384,43
562,92	1460,20
563,13	1464,30
563,33	1464,30
563,54	1443,82
563,74	1433,58
563,95	1402,86
564,15	1525,74
564,36	1439,72
564,56	1490,92
564,76	1447,91
564,97	1404,91
565,17	1466,35
565,38	1492,97
565,58	1413,10
565,79	1429,48
565,99	1417,19
566,20	1488,87
566,40	1460,20
566,60	1511,40
566,81	1484,78
567,01	1535,98
567,22	1421,29
567,42	1433,58
567,63	1468,39
567,83	1511,40
568,04	1396,71
568,24	1417,19
568,44	1456,11
568,65	1472,49
568,85	1525,74
569,06	1531,88
569,26	1406,95
569,47	1497,07
569,67	1413,10
569,87	1439,72
570,08	1443,82
570,28	1527,78
570,49	1439,72
570,69	1501,16
570,89	1505,26
571,10	1480,68
571,30	1423,34
571,51	1456,11
571,71	1513,45
571,91	1570,79
572,12	1460,20
572,32	1466,35
572,53	1437,67
572,73	1570,79
572,93	1521,64
573,14	1439,72
573,34	1521,64
573,55	1343,47
573,75	1394,67
573,95	1366,00
574,16	1458,15
574,36	1462,25
574,57	1427,43
574,77	1513,45
574,97	1474,54
575,18	1458,15
575,38	1431,53
575,59	1359,85
575,79	1409,00
575,99	1484,78
576,20	1464,30
576,40	1482,73
576,60	1525,74
576,81	1454,06
577,01	1552,36
577,22	1495,02
577,42	1392,62
577,62	1472,49
577,83	1398,76
578,03	1495,02
578,23	1443,82
578,44	1484,78
578,64	1544,17
578,84	1454,06
579,05	1357,80
579,25	1447,91
579,45	1396,71
579,66	1398,76
579,86	1390,57
580,07	1515,50
580,27	1452,01
580,47	1468,39
580,68	1361,90
580,88	1462,25
581,08	1320,94
581,29	1466,35
581,49	1415,15
581,69	1525,74
581,90	1423,34
582,10	1445,87
582,30	1394,67
582,51	1509,35
582,71	1423,34
582,91	1388,52
583,12	1480,68
583,32	1400,81
583,52	1456,11
583,73	1433,58
583,93	1419,24
584,13	1538,02
584,34	1372,14
584,54	1406,95
584,74	1472,49
584,94	1531,88
585,15	1533,93
585,35	1609,70
585,55	1421,29
585,76	1468,39
585,96	1423,34
586,16	1488,87
586,37	1404,91
586,57	1445,87
586,77	1382,38
586,98	1503,21
587,18	1462,25
587,38	1411,05
587,58	1398,76
587,79	1445,87
587,99	1470,44
588,19	1490,92
588,40	1413,10
588,60	1490,92
588,80	1443,82
589,00	1427,43
589,21	1443,82
589,41	1486,83
589,61	1458,15
589,82	1464,30
590,02	1427,43
590,22	1495,02
590,42	1433,58
590,63	1449,96
590,83	1454,06
591,03	1456,11
591,23	1466,35
591,44	1486,83
591,64	1421,29
591,84	1456,11
592,05	1490,92
592,25	1578,98
592,45	1402,86
592,65	1372,14
592,86	1456,11
593,06	1468,39
593,26	1503,21
593,46	1460,20
593,67	1441,77
593,87	1452,01
594,07	1419,24
594,27	1456,11
594,48	1378,28
594,68	1490,92
594,88	1462,25
595,08	1503,21
595,29	1511,40
595,49	1425,39
595,69	1445,87
595,89	1431,53
596,10	1548,26
596,30	1406,95
596,50	1458,15
596,70	1531,88
596,90	1421,29
597,11	1386,47
597,31	1480,68
597,51	1474,54
597,71	1464,30
597,92	1486,83
598,12	1394,67
598,32	1484,78
598,52	1470,44
598,72	1380,33
598,93	1474,54
599,13	1501,16
599,33	1439,72
599,53	1482,73
599,74	1423,34
599,94	1447,91
600,14	1374,19
600,34	1464,30
600,54	1488,87
600,75	1406,95
600,95	1443,82
601,15	1445,87
601,35	1435,63
601,55	1429,48
601,76	1370,09
601,96	1564,65
602,16	1417,19
602,36	1507,30
602,56	1374,19
602,76	1454,06
602,97	1417,19
603,17	1495,02
603,37	1452,01
603,57	1437,67
603,77	1456,11
603,98	1398,76
604,18	1525,74
604,38	1542,12
604,58	1507,30
604,78	1454,06
604,98	1445,87
605,19	1484,78
605,39	1503,21
605,59	1486,83
605,79	1490,92
605,99	1486,83
606,19	1458,15
606,40	1380,33
606,60	1521,64
606,80	1437,67
607,00	1437,67
607,20	1486,83
607,40	1415,15
607,61	1419,24
607,81	1472,49
608,01	1521,64
608,21	1417,19
608,41	1486,83
608,61	1464,30
608,81	1435,63
609,02	1421,29
609,22	1419,24
609,42	1460,20
609,62	1482,73
609,82	1492,97
610,02	1583,08
610,22	1505,26
610,43	1472,49
610,63	1415,15
610,83	1472,49
611,03	1439,72
611,23	1466,35
611,43	1497,07
611,63	1478,63
611,83	1388,52
612,04	1472,49
612,24	1511,40
612,44	1431,53
612,64	1429,48
612,84	1535,98
613,04	1445,87
613,24	1404,91
613,44	1439,72
613,64	1503,21
613,85	1523,69
614,05	1421,29
614,25	1458,15
614,45	1404,91
614,65	1464,30
614,85	1433,58
615,05	1374,19
615,25	1570,79
615,45	1419,24
615,65	1374,19
615,86	1521,64
616,06	1427,43
616,26	1521,64
616,46	1497,07
616,66	1357,80
616,86	1472,49
617,06	1427,43
617,26	1501,16
617,46	1417,19
617,66	1519,59
617,86	1515,50
618,07	1476,59
618,27	1507,30
618,47	1376,24
618,67	1533,93
618,87	1396,71
619,07	1542,12
619,27	1497,07
619,47	1447,91
619,67	1560,55
619,87	1433,58
620,07	1497,07
620,27	1507,30
620,47	1519,59
620,67	1497,07
620,87	1482,73
621,07	1578,98
621,28	1435,63
621,48	1447,91
621,68	1427,43
621,88	1552,36
622,08	1447,91
622,28	1525,74
622,48	1552,36
622,68	1458,15
622,88	1456,11
623,08	1441,77
623,28	1429,48
623,48	1486,83
623,68	1484,78
623,88	1402,86
624,08	1578,98
624,28	1402,86
624,48	1468,39
624,68	1402,86
624,88	1552,36
625,08	1505,26
625,28	1466,35
625,48	1480,68
625,68	1466,35
625,88	1492,97
626,08	1472,49
626,28	1538,02
626,48	1503,21
626,68	1380,33
626,88	1447,91
627,08	1488,87
627,28	1605,61
627,48	1437,67
627,68	1382,38
627,88	1398,76
628,08	1454,06
628,28	1400,81
628,49	1454,06
628,68	1400,81
628,88	1497,07
629,08	1429,48
629,28	1533,93
629,48	1482,73
629,68	1476,59
629,88	1497,07
630,08	1511,40
630,28	1507,30
630,48	1482,73
630,68	1400,81
630,88	1509,35
631,08	1316,84
631,28	1509,35
631,48	1421,29
631,68	1464,30
631,88	1478,63
632,08	1525,74
632,28	1486,83
632,48	1384,43
632,68	1452,01
632,88	1413,10
633,08	1458,15
633,28	1478,63
633,48	1474,54
633,68	1419,24
633,88	1458,15
634,08	1585,13
634,28	1486,83
634,48	1449,96
634,68	1413,10
634,88	1470,44
635,08	1421,29
635,28	1492,97
635,48	1370,09
635,68	1464,30
635,87	1552,36
636,07	1460,20
636,27	1384,43
636,47	1476,59
636,67	1529,83
636,87	1425,39
637,07	1499,11
637,27	1488,87
637,47	1439,72
637,67	1507,30
637,87	1456,11
638,07	1581,03
638,27	1462,25
638,47	1454,06
638,67	1425,39
638,86	1452,01
639,06	1437,67
639,26	1486,83
639,46	1486,83
639,66	1519,59
639,86	1525,74
640,06	1478,63
640,26	1427,43
640,46	1490,92
640,66	1472,49
640,86	1447,91
641,06	1419,24
641,25	1517,54
641,45	1525,74
641,65	1492,97
641,85	1480,68
642,05	1454,06
642,25	1337,32
642,45	1415,15
642,65	1482,73
642,85	1468,39
643,05	1329,13
643,24	1445,87
643,44	1396,71
643,64	1513,45
643,84	1460,20
644,04	1456,11
644,24	1484,78
644,44	1482,73
644,64	1503,21
644,84	1449,96
645,03	1591,27
645,23	1519,59
645,43	1452,01
645,63	1492,97
645,83	1411,05
646,03	1398,76
646,23	1495,02
646,42	1550,31
646,62	1492,97
646,82	1556,46
647,02	1478,63
647,22	1531,88
647,42	1462,25
647,62	1460,20
647,82	1439,72
648,01	1626,09
648,21	1359,85
648,41	1554,41
648,61	1517,54
648,81	1511,40
649,01	1396,71
649,20	1406,95
649,40	1499,11
649,60	1441,77
649,80	1460,20
650,00	1441,77
650,20	1531,88
650,40	1482,73
650,59	1435,63
650,79	1400,81
650,99	1443,82
651,19	1472,49
651,39	1421,29
651,58	1521,64
651,78	1439,72
651,98	1501,16
652,18	1456,11
652,38	1423,34
652,58	1484,78
652,77	1527,78
652,97	1415,15
653,17	1511,40
653,37	1570,79
653,57	1437,67
653,77	1433,58
653,96	1480,68
654,16	1435,63
654,36	1531,88
654,56	1447,91
654,76	1521,64
654,95	1423,34
655,15	1505,26
655,35	1476,59
655,55	1468,39
655,75	1507,30
655,94	1499,11
656,14	1458,15
656,34	1503,21
656,54	1441,77
656,73	1527,78
656,93	1484,78
657,13	1460,20
657,33	1452,01
657,53	1517,54
657,72	1384,43
657,92	1470,44
658,12	1464,30
658,32	1482,73
658,52	1460,20
658,71	1411,05
658,91	1423,34
659,11	1515,50
659,31	1513,45
659,50	1548,26
659,70	1499,11
659,90	1492,97
660,10	1464,30
660,29	1433,58
660,49	1478,63
660,69	1525,74
660,89	1499,11
661,08	1490,92
661,28	1470,44
661,48	1445,87
661,68	1472,49
661,87	1417,19
662,07	1488,87
662,27	1540,07
662,47	1449,96
662,66	1468,39
662,86	1507,30
663,06	1501,16
663,26	1402,86
663,45	1497,07
663,65	1484,78
663,85	1470,44
664,05	1476,59
664,24	1429,48
664,44	1490,92
664,64	1523,69
664,84	1464,30
665,03	1552,36
665,23	1456,11
665,43	1435,63
665,62	1431,53
665,82	1540,07
666,02	1458,15
666,22	1521,64
666,41	1398,76
666,61	1452,01
666,81	1531,88
667,00	1443,82
667,20	1474,54
667,40	1462,25
667,60	1460,20
667,79	1425,39
667,99	1419,24
668,19	1382,38
668,38	1447,91
668,58	1421,29
668,78	1447,91
668,97	1566,70
669,17	1472,49
669,37	1595,37
669,57	1476,59
669,76	1503,21
669,96	1540,07
670,16	1456,11
670,35	1517,54
670,55	1519,59
670,75	1423,34
670,94	1558,50
671,14	1562,60
671,34	1562,60
671,53	1449,96
671,73	1519,59
671,93	1437,67
672,12	1374,19
672,32	1482,73
672,52	1488,87
672,71	1462,25
672,91	1544,17
673,11	1466,35
673,30	1505,26
673,50	1392,62
673,70	1480,68
673,89	1409,00
674,09	1449,96
674,29	1492,97
674,48	1527,78
674,68	1445,87
674,88	1507,30
675,07	1505,26
675,27	1484,78
675,46	1497,07
675,66	1492,97
675,86	1486,83
676,05	1411,05
676,25	1402,86
676,45	1449,96
676,64	1521,64
676,84	1458,15
677,04	1519,59
677,23	1550,31
677,43	1445,87
677,62	1527,78
677,82	1470,44
678,02	1468,39
678,21	1509,35
678,41	1484,78
678,61	1427,43
678,80	1501,16
679,00	1468,39
679,19	1609,70
679,39	1505,26
679,59	1511,40
679,78	1525,74
679,98	1497,07
680,17	1439,72
680,37	1445,87
680,57	1415,15
680,76	1529,83
680,96	1488,87
681,16	1447,91
681,35	1452,01
681,55	1439,72
681,74	1417,19
681,94	1464,30
682,13	1495,02
682,33	1454,06
682,53	1449,96
682,72	1478,63
682,92	1478,63
683,11	1501,16
683,31	1540,07
683,51	1505,26
683,70	1480,68
683,90	1460,20
684,09	1525,74
684,29	1492,97
684,48	1472,49
684,68	1398,76
684,88	1611,75
685,07	1452,01
685,27	1425,39
685,46	1517,54
685,66	1464,30
685,85	1488,87
686,05	1548,26
686,25	1454,06
686,44	1505,26
686,64	1529,83
686,83	1513,45
687,03	1505,26
687,22	1470,44
687,42	1507,30
687,61	1499,11
687,81	1439,72
688,01	1544,17
688,20	1447,91
688,40	1427,43
688,59	1474,54
688,79	1474,54
688,98	1472,49
689,18	1488,87
689,37	1542,12
689,57	1544,17
689,76	1495,02
689,96	1464,30
690,15	1492,97
690,35	1468,39
690,54	1499,11
690,74	1517,54
690,94	1515,50
691,13	1476,59
691,33	1513,45
691,52	1531,88
691,72	1527,78
691,91	1423,34
692,11	1484,78
692,30	1396,71
692,50	1413,10
692,69	1531,88
692,89	1460,20
693,08	1433,58
693,28	1529,83
693,47	1406,95
693,67	1519,59
693,86	1443,82
694,06	1452,01
694,25	1419,24
694,45	1486,83
694,64	1499,11
694,84	1429,48
695,03	1497,07
695,23	1505,26
695,42	1454,06
695,62	1492,97
695,81	1589,22
696,01	1474,54
696,20	1400,81
696,40	1447,91
696,59	1497,07
696,78	1540,07
696,98	1474,54
697,17	1521,64
697,37	1433,58
697,56	1517,54
697,76	1458,15
697,95	1531,88
698,15	1402,86
698,34	1554,41
698,54	1484,78
698,73	1568,74
698,93	1417,19
699,12	1445,87
699,32	1394,67
699,51	1531,88
699,70	1423,34
699,90	1497,07
700,09	1505,26
700,29	1540,07
700,48	1466,35
700,68	1474,54
700,87	1423,34
701,07	1529,83
701,26	1558,50
701,45	1388,52
701,65	1415,15
701,84	1495,02
702,04	1366,00
702,23	1513,45
702,43	1466,35
702,62	1492,97
702,81	1464,30
703,01	1456,11
703,20	1501,16
703,40	1368,04
703,59	1435,63
703,79	1439,72
703,98	1495,02
704,17	1517,54
704,37	1427,43
704,56	1466,35
704,76	1421,29
704,95	1404,91
705,14	1372,14
705,34	1437,67
705,53	1449,96
705,73	1400,81
705,92	1382,38
706,11	1482,73
706,31	1419,24
706,50	1388,52
706,70	1472,49
706,89	1495,02
707,08	1411,05
707,28	1464,30
707,47	1445,87
707,67	1435,63
707,86	1472,49
708,05	1394,67
708,25	1382,38
708,44	1425,39
708,64	1347,56
708,83	1474,54
709,02	1384,43
709,22	1447,91
709,41	1357,80
709,60	1484,78
709,80	1482,73
709,99	1404,91
710,19	1392,62
710,38	1472,49
710,57	1398,76
710,77	1423,34
710,96	1419,24
711,15	1372,14
711,35	1351,66
711,54	1449,96
711,73	1429,48
711,93	1372,14
712,12	1445,87
712,31	1411,05
712,51	1388,52
712,70	1409,00
712,89	1368,04
713,09	1454,06
713,28	1394,67
713,48	1433,58
713,67	1415,15
713,86	1355,76
714,06	1390,57
714,25	1386,47
714,44	1413,10
714,64	1476,59
714,83	1368,04
715,02	1386,47
715,22	1376,24
715,41	1476,59
715,60	1400,81
715,79	1474,54
715,99	1460,20
716,18	1466,35
716,37	1304,56
716,57	1400,81
716,76	1441,77
716,95	1439,72
717,15	1388,52
717,34	1392,62
717,53	1400,81
717,73	1413,10
717,92	1339,37
718,11	1474,54
718,31	1400,81
718,50	1445,87
718,69	1353,71
718,88	1497,07
719,08	1437,67
719,27	1322,99
719,46	1480,68
719,66	1452,01
719,85	1345,52
720,04	1464,30
720,23	1441,77
720,43	1425,39
720,62	1370,09
720,81	1423,34
721,01	1449,96
721,20	1400,81
721,39	1431,53
721,58	1484,78
721,78	1419,24
721,97	1411,05
722,16	1456,11
722,35	1392,62
722,55	1380,33
722,74	1495,02
722,93	1392,62
723,13	1402,86
723,32	1437,67
723,51	1388,52
723,70	1394,67
723,90	1409,00
724,09	1431,53
724,28	1476,59
724,47	1359,85
724,67	1492,97
724,86	1402,86
725,05	1376,24
725,24	1394,67
725,44	1357,80
725,63	1384,43
725,82	1380,33
726,01	1449,96
726,21	1419,24
726,40	1411,05
726,59	1419,24
726,78	1366,00
726,97	1368,04
727,17	1419,24
727,36	1460,20
727,55	1472,49
727,74	1429,48
727,94	1349,61
728,13	1339,37
728,32	1486,83
728,51	1366,00
728,70	1374,19
728,90	1443,82
729,09	1394,67
729,28	1433,58
729,47	1357,80
729,66	1431,53
729,86	1449,96
730,05	1316,84
730,24	1429,48
730,43	1435,63
730,63	1431,53
730,82	1470,44
731,01	1394,67
731,20	1386,47
731,39	1306,60
731,58	1370,09
731,78	1368,04
731,97	1402,86
732,16	1329,13
732,35	1449,96
732,54	1396,71
732,74	1433,58
732,93	1425,39
733,12	1431,53
733,31	1372,14
733,50	1337,32
733,69	1423,34
733,89	1492,97
734,08	1484,78
734,27	1497,07
734,46	1415,15
734,65	1425,39
734,84	1357,80
735,04	1392,62
735,23	1419,24
735,42	1396,71
735,61	1406,95
735,80	1417,19
735,99	1343,47
736,19	1456,11
736,38	1458,15
736,57	1443,82
736,76	1308,65
736,95	1439,72
737,14	1366,00
737,33	1417,19
737,53	1509,35
737,72	1480,68
737,91	1406,95
738,10	1454,06
738,29	1376,24
738,48	1406,95
738,67	1400,81
738,87	1390,57
739,06	1355,76
739,25	1447,91
739,44	1417,19
739,63	1497,07
739,82	1419,24
740,01	1417,19
740,20	1361,90
740,40	1333,23
740,59	1501,16
740,78	1462,25
740,97	1433,58
741,16	1380,33
741,35	1421,29
741,54	1421,29
741,73	1439,72
741,92	1349,61
742,12	1417,19
742,31	1409,00
742,50	1466,35
742,69	1402,86
742,88	1439,72
743,07	1320,94
743,26	1454,06
743,45	1503,21
743,64	1374,19
743,83	1443,82
744,02	1353,71
744,22	1398,76
744,41	1460,20
744,60	1396,71
744,79	1447,91
744,98	1396,71
745,17	1468,39
745,36	1417,19
745,55	1466,35
745,74	1472,49
745,93	1456,11
746,12	1443,82
746,31	1355,76
746,50	1472,49
746,70	1464,30
746,89	1400,81
747,08	1454,06
747,27	1363,95
747,46	1419,24
747,65	1497,07
747,84	1447,91
748,03	1431,53
748,22	1402,86
748,41	1435,63
748,60	1443,82
748,79	1394,67
748,98	1468,39
749,17	1349,61
749,36	1466,35
749,55	1484,78
749,74	1349,61
749,93	1529,83
750,12	1464,30
750,31	1431,53
750,50	1458,15
750,70	1488,87
750,89	1497,07
751,08	1519,59
751,27	1454,06
751,46	1419,24
751,65	1443,82
751,84	1468,39
752,03	1382,38
752,22	1533,93
752,41	1433,58
752,60	1388,52
752,79	1439,72
752,98	1468,39
753,17	1427,43
753,36	1406,95
753,55	1460,20
753,74	1454,06
753,93	1490,92
754,12	1382,38
754,31	1486,83
754,50	1525,74
754,69	1456,11
754,88	1445,87
755,07	1501,16
755,26	1470,44
755,45	1366,00
755,64	1437,67
755,83	1374,19
756,02	1423,34
756,21	1503,21
756,40	1480,68
756,59	1361,90
756,78	1460,20
756,97	1464,30
757,16	1538,02
757,35	1505,26
757,54	1429,48
757,72	1392,62
757,91	1380,33
758,10	1505,26
758,29	1402,86
758,48	1462,25
758,67	1415,15
758,86	1505,26
759,05	1480,68
759,24	1538,02
759,43	1497,07
759,62	1443,82
759,81	1439,72
760,00	1435,63
760,19	1406,95
760,38	1507,30
760,57	1425,39
760,76	1482,73
760,95	1499,11
761,14	1386,47
761,33	1441,77
761,52	1437,67
761,70	1474,54
761,89	1466,35
762,08	1447,91
762,27	1456,11
762,46	1521,64
762,65	1445,87
762,84	1499,11
763,03	1538,02
763,22	1449,96
763,41	1488,87
763,60	1445,87
763,79	1425,39
763,98	1501,16
764,16	1456,11
764,35	1484,78
764,54	1484,78
764,73	1576,94
764,92	1499,11
765,11	1677,29
765,30	1482,73
765,49	1441,77
765,68	1511,40
765,87	1509,35
766,06	1462,25
766,24	1495,02
766,43	1484,78
766,62	1562,60
766,81	1415,15
767,00	1470,44
767,19	1484,78
767,38	1562,60
767,57	1472,49
767,76	1486,83
767,94	1484,78
768,13	1472,49
768,32	1558,50
768,51	1484,78
768,70	1466,35
768,89	1578,98
769,08	1458,15
769,27	1443,82
769,45	1488,87
769,64	1578,98
769,83	1472,49
770,02	1470,44
770,21	1472,49
770,40	1474,54
770,59	1564,65
770,77	1523,69
770,96	1540,07
771,15	1488,87
771,34	1517,54
771,53	1650,66
771,72	1458,15
771,91	1527,78
772,09	1535,98
772,28	1507,30
772,47	1470,44
772,66	1535,98
772,85	1394,67
773,04	1458,15
773,22	1538,02
773,41	1587,18
773,60	1488,87
773,79	1509,35
773,98	1578,98
774,17	1529,83
774,35	1497,07
774,54	1499,11
774,73	1492,97
774,92	1538,02
775,11	1497,07
775,30	1611,75
775,48	1392,62
775,67	1519,59
775,86	1474,54
776,05	1523,69
776,24	1507,30
776,42	1449,96
776,61	1515,50
776,80	1521,64
776,99	1511,40
777,18	1462,25
777,36	1511,40
777,55	1519,59
777,74	1517,54
777,93	1533,93
778,12	1523,69
778,30	1587,18
778,49	1501,16
778,68	1488,87
778,87	1515,50
779,06	1527,78
779,24	1445,87
779,43	1538,02
779,62	1419,24
779,81	1538,02
779,99	1476,59
780,18	1503,21
780,37	1525,74
780,56	1578,98
780,75	1460,20
780,93	1527,78
781,12	1554,41
781,31	1564,65
781,50	1546,22
781,68	1427,43
781,87	1419,24
782,06	1517,54
782,25	1456,11
782,43	1497,07
782,62	1525,74
782,81	1492,97
783,00	1515,50
783,18	1431,53
783,37	1511,40
783,56	1525,74
783,75	1552,36
783,93	1525,74
784,12	1531,88
784,31	1470,44
784,50	1527,78
784,68	1480,68
784,87	1460,20
785,06	1544,17
785,24	1361,90
785,43	1468,39
785,62	1425,39
785,81	1478,63
785,99	1495,02
786,18	1423,34
786,37	1478,63
786,56	1411,05
786,74	1525,74
786,93	1478,63
787,12	1587,18
787,30	1400,81
787,49	1452,01
787,68	1458,15
787,87	1423,34
788,05	1484,78
788,24	1398,76
788,43	1466,35
788,61	1521,64
788,80	1523,69
788,99	1517,54
789,17	1456,11
789,36	1474,54
789,55	1466,35
789,73	1490,92
789,92	1468,39
790,11	1452,01
790,30	1505,26
790,48	1441,77
790,67	1472,49
790,86	1443,82
791,04	1443,82
791,23	1509,35
791,42	1499,11
791,60	1380,33
791,79	1456,11
791,98	1335,28
792,16	1441,77
792,35	1513,45
792,54	1423,34
792,72	1564,65
792,91	1466,35
793,10	1382,38
793,28	1503,21
793,47	1505,26
793,66	1335,28
793,84	1429,48
794,03	1345,52
794,22	1505,26
794,40	1431,53
794,59	1433,58
794,77	1452,01
794,96	1380,33
795,15	1460,20
795,33	1368,04
795,52	1478,63
795,71	1495,02
795,89	1439,72
796,08	1421,29
796,27	1452,01
796,45	1454,06
796,64	1337,32
796,82	1357,80
797,01	1433,58
797,20	1386,47
797,38	1388,52
797,57	1480,68
797,76	1472,49
797,94	1394,67
798,13	1488,87
798,31	1488,87
798,50	1372,14
798,69	1544,17
798,87	1441,77
799,06	1398,76
799,24	1427,43
799,43	1427,43
799,62	1363,95
799,80	1374,19
799,99	1503,21
800,17	1392,62
800,36	1503,21
800,55	1454,06
800,73	1380,33
800,92	1472,49
801,10	1417,19
801,29	1361,90
801,48	1452,01
801,66	1402,86
801,85	1417,19
802,03	1378,28
802,22	1413,10
802,40	1411,05
802,59	1417,19
802,78	1437,67
802,96	1433,58
803,15	1546,22
803,33	1421,29
803,52	1423,34
803,70	1431,53
803,89	1413,10
804,08	1384,43
804,26	1441,77
804,45	1419,24
804,63	1439,72
804,82	1515,50
805,00	1415,15
805,19	1406,95
805,37	1415,15
805,56	1441,77
805,74	1452,01
805,93	1378,28
806,12	1421,29
806,30	1421,29
806,49	1472,49
806,67	1495,02
806,86	1413,10
807,04	1390,57
807,23	1392,62
807,41	1361,90
807,60	1427,43
807,78	1415,15
807,97	1624,04
808,15	1388,52
808,34	1490,92
808,52	1398,76
808,71	1406,95
808,89	1445,87
809,08	1468,39
809,27	1374,19
809,45	1415,15
809,64	1433,58
809,82	1413,10
810,01	1409,00
810,19	1484,78
810,38	1349,61
810,56	1402,86
810,75	1308,65
810,93	1480,68
811,12	1456,11
811,30	1404,91
811,49	1409,00
811,67	1497,07
811,85	1476,59
812,04	1415,15
812,22	1396,71
812,41	1449,96
812,59	1415,15
812,78	1409,00
812,96	1386,47
813,15	1497,07
813,33	1425,39
813,52	1468,39
813,70	1435,63
813,89	1402,86
814,07	1519,59
814,26	1390,57
814,44	1396,71
814,63	1468,39
814,81	1411,05
815,00	1425,39
815,18	1435,63
815,36	1345,52
815,55	1388,52
815,73	1486,83
815,92	1497,07
816,10	1460,20
816,29	1392,62
816,47	1302,51
816,66	1447,91
816,84	1460,20
817,02	1488,87
817,21	1447,91
817,39	1394,67
817,58	1318,89
817,76	1452,01
817,95	1425,39
818,13	1406,95
818,32	1411,05
818,50	1466,35
818,68	1454,06
818,87	1388,52
819,05	1374,19
819,24	1361,90
819,42	1478,63
819,60	1460,20
819,79	1447,91
819,97	1445,87
820,16	1409,00
820,34	1527,78
820,53	1454,06
820,71	1492,97
820,89	1378,28
821,08	1429,48
821,26	1435,63
821,45	1353,71
821,63	1484,78
821,81	1482,73
822,00	1458,15
822,18	1374,19
822,37	1554,41
822,55	1351,66
822,73	1435,63
822,92	1454,06
823,10	1445,87
823,28	1515,50
823,47	1425,39
823,65	1478,63
823,84	1406,95
824,02	1503,21
824,20	1357,80
824,39	1419,24
824,57	1478,63
824,75	1513,45
824,94	1492,97
825,12	1542,12
825,31	1429,48
825,49	1460,20
825,67	1472,49
825,86	1368,04
826,04	1511,40
826,22	1511,40
826,41	1482,73
826,59	1497,07
826,77	1472,49
826,96	1488,87
827,14	1484,78
827,32	1394,67
827,51	1470,44
827,69	1529,83
827,87	1503,21
828,06	1503,21
828,24	1472,49
828,42	1417,19
828,61	1431,53
828,79	1515,50
828,97	1456,11
829,16	1556,46
829,34	1501,16
829,52	1454,06
829,71	1548,26
829,89	1570,79
830,07	1480,68
830,26	1478,63
830,44	1464,30
830,62	1574,89
830,81	1503,21
830,99	1492,97
831,17	1505,26
831,36	1490,92
831,54	1513,45
831,72	1474,54
831,91	1398,76
832,09	1503,21
832,27	1480,68
832,45	1499,11
832,64	1423,34
832,82	1589,22
833,00	1458,15
833,19	1474,54
833,37	1431,53
833,55	1490,92
833,73	1415,15
833,92	1505,26
834,10	1437,67
834,28	1480,68
834,47	1492,97
834,65	1452,01
834,83	1558,50
835,01	1548,26
835,20	1456,11
835,38	1527,78
835,56	1431,53
835,74	1484,78
835,93	1486,83
836,11	1550,31
836,29	1505,26
836,47	1480,68
836,66	1507,30
836,84	1533,93
837,02	1443,82
837,21	1519,59
837,39	1525,74
837,57	1521,64
837,75	1550,31
837,94	1486,83
838,12	1535,98
838,30	1503,21
838,48	1478,63
838,66	1480,68
838,85	1554,41
839,03	1495,02
839,21	1484,78
839,39	1527,78
839,58	1466,35
839,76	1540,07
839,94	1619,94
840,12	1521,64
840,31	1525,74
840,49	1519,59
840,67	1492,97
840,85	1513,45
841,03	1521,64
841,22	1511,40
841,40	1458,15
841,58	1548,26
841,76	1421,29
841,94	1480,68
842,13	1595,37
842,31	1527,78
842,49	1429,48
842,67	1421,29
842,85	1488,87
843,04	1533,93
843,22	1490,92
843,40	1499,11
843,58	1521,64
843,76	1478,63
843,95	1525,74
844,13	1413,10
844,31	1482,73
844,49	1538,02
844,67	1411,05
844,86	1478,63
845,04	1511,40
845,22	1527,78
845,40	1495,02
845,58	1464,30
845,76	1495,02
845,95	1550,31
846,13	1503,21
846,31	1566,70
846,49	1554,41
846,67	1527,78
846,85	1476,59
847,04	1521,64
847,22	1509,35
847,40	1480,68
847,58	1427,43
847,76	1544,17
847,94	1519,59
848,12	1519,59
848,31	1482,73
848,49	1499,11
848,67	1505,26
848,85	1476,59
849,03	1458,15
849,21	1550,31
849,39	1480,68
849,58	1595,37
849,76	1554,41
849,94	1478,63
850,12	1472,49
850,30	1533,93
850,48	1499,11
850,66	1511,40
850,84	1542,12
851,03	1535,98
851,21	1476,59
851,39	1576,94
851,57	1650,66
851,75	1488,87
851,93	1572,84
852,11	1599,46
852,29	1488,87
852,47	1548,26
852,66	1556,46
852,84	1515,50
853,02	1531,88
853,20	1464,30
853,38	1468,39
853,56	1611,75
853,74	1486,83
853,92	1542,12
854,10	1505,26
854,28	1552,36
854,46	1468,39
854,65	1443,82
854,83	1533,93
855,01	1542,12
855,19	1617,90
855,37	1546,22
855,55	1583,08
855,73	1566,70
855,91	1521,64
856,09	1605,61
856,27	1646,57
856,45	1562,60
856,63	1507,30
856,81	1587,18
857,00	1523,69
857,18	1574,89
857,36	1550,31
857,54	1497,07
857,72	1609,70
857,90	1517,54
858,08	1511,40
858,26	1533,93
858,44	1466,35
858,62	1474,54
858,80	1486,83
858,98	1509,35
859,16	1507,30
859,34	1513,45
859,52	1470,44
859,70	1535,98
859,88	1501,16
860,06	1478,63
860,24	1499,11
860,42	1488,87
860,60	1578,98
860,78	1550,31
860,96	1519,59
861,14	1562,60
861,32	1486,83
861,50	1523,69
861,69	1572,84
861,87	1562,60
862,05	1529,83
862,23	1501,16
862,41	1556,46
862,59	1503,21
862,77	1587,18
862,95	1445,87
863,13	1554,41
863,31	1452,01
863,49	1517,54
863,67	1544,17
863,85	1443,82
864,03	1566,70
864,21	1495,02
864,39	1488,87
864,57	1591,27
864,75	1550,31
864,92	1593,32
865,10	1486,83
865,28	1497,07
865,46	1515,50
865,64	1574,89
865,82	1546,22
866,00	1488,87
866,18	1599,46
866,36	1468,39
866,54	1576,94
866,72	1535,98
866,90	1476,59
867,08	1515,50
867,26	1589,22
867,44	1415,15
867,62	1546,22
867,80	1449,96
867,98	1626,09
868,16	1490,92
868,34	1490,92
868,52	1449,96
868,70	1460,20
868,88	1503,21
869,06	1503,21
869,24	1607,66
869,42	1503,21
869,59	1462,25
869,77	1519,59
869,95	1511,40
870,13	1462,25
870,31	1519,59
870,49	1566,70
870,67	1505,26
870,85	1515,50
871,03	1525,74
871,21	1595,37
871,39	1501,16
871,57	1468,39
871,75	1533,93
871,92	1476,59
872,10	1558,50
872,28	1445,87
872,46	1538,02
872,64	1544,17
872,82	1458,15
873,00	1503,21
873,18	1511,40
873,36	1480,68
873,54	1488,87
873,72	1456,11
873,89	1439,72
874,07	1495,02
874,25	1593,32
874,43	1570,79
874,61	1564,65
874,79	1515,50
874,97	1488,87
875,15	1554,41
875,33	1550,31
875,50	1554,41
875,68	1484,78
875,86	1523,69
876,04	1550,31
876,22	1595,37
876,40	1501,16
876,58	1558,50
876,76	1488,87
876,93	1519,59
877,11	1501,16
877,29	1591,27
877,47	1466,35
877,65	1533,93
877,83	1490,92
878,01	1581,03
878,18	1456,11
878,36	1570,79
878,54	1482,73
878,72	1523,69
878,90	1476,59
879,08	1509,35
879,25	1581,03
879,43	1578,98
879,61	1538,02
879,79	1562,60
879,97	1488,87
880,15	1460,20
880,32	1521,64
880,50	1574,89
880,68	1538,02
880,86	1548,26
881,04	1480,68
881,22	1552,36
881,39	1531,88
881,57	1658,85
881,75	1626,09
881,93	1570,79
882,11	1568,74
882,28	1552,36
882,46	1550,31
882,64	1568,74
882,82	1474,54
883,00	1519,59
883,18	1564,65
883,35	1521,64
883,53	1576,94
883,71	1470,44
883,89	1533,93
884,07	1542,12
884,24	1482,73
884,42	1615,85
884,60	1544,17
884,78	1595,37
884,95	1503,21
885,13	1497,07
885,31	1503,21
885,49	1476,59
885,67	1529,83
885,84	1505,26
886,02	1523,69
886,20	1546,22
886,38	1472,49
886,55	1540,07
886,73	1472,49
886,91	1544,17
887,09	1456,11
887,26	1513,45
887,44	1523,69
887,62	1499,11
887,80	1538,02
887,98	1486,83
888,15	1484,78
888,33	1513,45
888,51	1533,93
888,69	1585,13
888,86	1560,55
889,04	1568,74
889,22	1548,26
889,39	1587,18
889,57	1482,73
889,75	1478,63
889,93	1589,22
890,10	1564,65
890,28	1533,93
890,46	1660,90
890,64	1581,03
890,81	1613,80
890,99	1441,77
891,17	1429,48
891,34	1560,55
891,52	1394,67
891,70	1392,62
891,88	1542,12
892,05	1409,00
892,23	1583,08
892,41	1558,50
892,58	1427,43
892,76	1542,12
892,94	1509,35
893,12	1529,83
893,29	1466,35
893,47	1349,61
893,65	1454,06
893,82	1499,11
894,00	1556,46
894,18	1486,83
894,35	1587,18
894,53	1499,11
894,71	1507,30
894,89	1492,97
895,06	1439,72
895,24	1486,83
895,42	1480,68
895,59	1460,20
895,77	1466,35
895,95	1568,74
896,12	1519,59
896,30	1490,92
896,48	1458,15
896,65	1542,12
896,83	1523,69
897,01	1417,19
897,18	1417,19
897,36	1621,99
897,54	1398,76
897,71	1474,54
897,89	1503,21
898,07	1431,53
898,24	1513,45
898,42	1484,78
898,59	1550,31
898,77	1443,82
898,95	1525,74
899,12	1476,59
899,30	1411,05
899,48	1443,82
899,65	1550,31
899,83	1490,92
900,01	1447,91
900,18	1503,21
900,36	1462,25
900,53	1435,63
900,71	1535,98
900,89	1513,45
901,06	1449,96
901,24	1462,25
901,42	1490,92
901,59	1497,07
901,77	1462,25
901,94	1474,54
902,12	1445,87
902,30	1529,83
902,47	1507,30
902,65	1415,15
902,82	1470,44
903,00	1527,78
903,18	1490,92
903,35	1419,24
903,53	1497,07
903,70	1484,78
903,88	1490,92
904,06	1499,11
904,23	1447,91
904,41	1472,49
904,58	1513,45
904,76	1488,87
904,93	1497,07
905,11	1419,24
905,29	1341,42
905,46	1427,43
905,64	1554,41
905,81	1394,67
905,99	1466,35
906,16	1505,26
906,34	1464,30
906,52	1398,76
906,69	1437,67
906,87	1484,78
907,04	1409,00
907,22	1476,59
907,39	1511,40
907,57	1474,54
907,75	1499,11
907,92	1460,20
908,10	1607,66
908,27	1484,78
908,45	1456,11
908,62	1492,97
908,80	1456,11
908,97	1538,02
909,15	1468,39
909,32	1437,67
909,50	1484,78
909,67	1322,99
909,85	1486,83
910,03	1404,91
910,20	1449,96
910,38	1501,16
910,55	1540,07
910,73	1480,68
910,90	1556,46
911,08	1517,54
911,25	1484,78
911,43	1507,30
911,60	1419,24
911,78	1402,86
911,95	1482,73
912,13	1503,21
912,30	1533,93
912,48	1482,73
912,65	1366,00
912,83	1511,40
913,00	1480,68
913,18	1531,88
913,35	1456,11
913,53	1443,82
913,70	1525,74
913,88	1550,31
914,05	1562,60
914,23	1517,54
914,40	1456,11
914,58	1492,97
914,75	1562,60
914,93	1488,87
915,10	1599,46
915,27	1531,88
915,45	1419,24
915,62	1452,01
915,80	1554,41
915,97	1519,59
916,15	1538,02
916,32	1593,32
916,50	1540,07
916,67	1525,74
916,85	1492,97
917,02	1466,35
917,20	1523,69
917,37	1464,30
917,54	1617,90
917,72	1581,03
917,89	1630,18
918,07	1507,30
918,24	1550,31
918,42	1531,88
918,59	1503,21
918,77	1470,44
918,94	1521,64
919,11	1382,38
919,29	1411,05
919,46	1509,35
919,64	1456,11
919,81	1503,21
919,99	1435,63
920,16	1624,04
920,33	1544,17
920,51	1542,12
920,68	1525,74
920,86	1589,22
921,03	1593,32
921,20	1511,40
921,38	1513,45
921,55	1474,54
921,73	1499,11
921,90	1464,30
922,07	1570,79
922,25	1468,39
922,42	1519,59
922,60	1482,73
922,77	1519,59
922,94	1476,59
923,12	1437,67
923,29	1548,26
923,47	1480,68
923,64	1538,02
923,81	1521,64
923,99	1462,25
924,16	1591,27
924,34	1527,78
924,51	1548,26
924,68	1558,50
924,86	1499,11
925,03	1488,87
925,20	1548,26
925,38	1507,30
925,55	1560,55
925,72	1574,89
925,90	1439,72
926,07	1452,01
926,25	1519,59
926,42	1486,83
926,59	1564,65
926,77	1488,87
926,94	1546,22
927,11	1445,87
927,29	1558,50
927,46	1531,88
927,63	1527,78
927,81	1605,61
927,98	1478,63
928,15	1542,12
928,33	1597,42
928,50	1454,06
928,67	1490,92
928,85	1523,69
929,02	1523,69
929,19	1619,94
929,37	1544,17
929,54	1548,26
929,71	1601,51
929,89	1505,26
930,06	1488,87
930,23	1578,98
930,41	1535,98
930,58	1533,93
930,75	1550,31
930,92	1519,59
931,10	1535,98
931,27	1394,67
931,44	1632,23
931,62	1445,87
931,79	1595,37
931,96	1562,60
932,14	1570,79
932,31	1558,50
932,48	1617,90
932,65	1533,93
932,83	1542,12
933,00	1535,98
933,17	1499,11
933,35	1519,59
933,52	1583,08
933,69	1558,50
933,86	1640,42
934,04	1533,93
934,21	1558,50
934,38	1585,13
934,55	1560,55
934,73	1556,46
934,90	1472,49
935,07	1595,37
935,25	1591,27
935,42	1468,39
935,59	1482,73
935,76	1548,26
935,94	1505,26
936,11	1546,22
936,28	1628,14
936,45	1478,63
936,63	1464,30
936,80	1550,31
936,97	1497,07
937,14	1517,54
937,31	1550,31
937,49	1613,80
937,66	1542,12
937,83	1513,45
938,00	1519,59
938,18	1613,80
938,35	1470,44
938,52	1613,80
938,69	1603,56
938,87	1538,02
939,04	1515,50
939,21	1517,54
939,38	1603,56
939,55	1509,35
939,73	1523,69
939,90	1513,45
940,07	1452,01
940,24	1488,87
940,41	1572,84
940,59	1443,82
940,76	1572,84
940,93	1529,83
941,10	1482,73
941,27	1497,07
941,45	1587,18
941,62	1517,54
941,79	1501,16
941,96	1566,70
942,13	1564,65
942,31	1566,70
942,48	1607,66
942,65	1523,69
942,82	1593,32
942,99	1513,45
943,16	1513,45
943,34	1578,98
943,51	1529,83
943,68	1517,54
943,85	1542,12
944,02	1574,89
944,19	1503,21
944,37	1568,74
944,54	1599,46
944,71	1492,97
944,88	1611,75
945,05	1505,26
945,22	1562,60
945,40	1595,37
945,57	1601,51
945,74	1503,21
945,91	1550,31
946,08	1556,46
946,25	1607,66
946,42	1505,26
946,60	1525,74
946,77	1665,00
946,94	1576,94
947,11	1589,22
947,28	1560,55
947,45	1482,73
947,62	1535,98
947,79	1488,87
947,97	1593,32
948,14	1630,18
948,31	1607,66
948,48	1564,65
948,65	1503,21
948,82	1480,68
948,99	1468,39
949,16	1443,82
949,33	1535,98
949,51	1568,74
949,68	1509,35
949,85	1521,64
950,02	1507,30
950,19	1517,54
950,36	1554,41
950,53	1538,02
950,70	1497,07
950,87	1495,02
951,04	1548,26
951,22	1495,02
951,39	1499,11
951,56	1556,46
951,73	1458,15
951,90	1519,59
952,07	1513,45
952,24	1548,26
952,41	1585,13
952,58	1460,20
952,75	1617,90
952,92	1499,11
953,09	1509,35
953,26	1619,94
953,43	1535,98
953,61	1599,46
953,78	1525,74
953,95	1476,59
954,12	1478,63
954,29	1533,93
954,46	1472,49
954,63	1583,08
954,80	1568,74
954,97	1538,02
955,14	1587,18
955,31	1499,11
955,48	1509,35
955,65	1570,79
955,82	1501,16
955,99	1499,11
956,16	1466,35
956,33	1576,94
956,50	1519,59
956,67	1525,74
956,84	1492,97
957,01	1560,55
957,18	1529,83
957,35	1462,25
957,52	1501,16
957,69	1574,89
957,86	1503,21
958,03	1484,78
958,20	1503,21
958,37	1476,59
958,54	1439,72
958,71	1458,15
958,88	1628,14
959,05	1464,30
959,22	1499,11
959,39	1460,20
959,56	1411,05
959,73	1564,65
959,90	1488,87
960,07	1484,78
960,24	1445,87
960,41	1495,02
960,58	1535,98
960,75	1476,59
960,92	1570,79
961,09	1517,54
961,26	1583,08
961,43	1499,11
961,60	1464,30
961,77	1488,87
961,94	1468,39
962,11	1366,00
962,28	1501,16
962,45	1499,11
962,62	1550,31
962,79	1495,02
962,96	1452,01
963,13	1509,35
963,30	1490,92
963,47	1460,20
963,64	1472,49
963,81	1630,18
963,98	1503,21
964,14	1560,55
964,31	1613,80
964,48	1499,11
964,65	1464,30
964,82	1406,95
964,99	1509,35
965,16	1357,80
965,33	1439,72
965,50	1499,11
965,67	1490,92
965,84	1505,26
966,01	1443,82
966,18	1343,47
966,35	1482,73
966,51	1570,79
966,68	1474,54
966,85	1445,87
967,02	1566,70
967,19	1406,95
967,36	1447,91
967,53	1568,74
967,70	1513,45
967,87	1400,81
968,04	1464,30
968,21	1503,21
968,37	1525,74
968,54	1441,77
968,71	1464,30
968,88	1415,15
969,05	1427,43
969,22	1452,01
969,39	1486,83
969,56	1527,78
969,72	1519,59
969,89	1568,74
970,06	1476,59
970,23	1501,16
970,40	1564,65
970,57	1476,59
970,74	1583,08
970,91	1421,29
971,07	1497,07
971,24	1447,91
971,41	1466,35
971,58	1468,39
971,75	1456,11
971,92	1452,01
972,09	1513,45
972,25	1464,30
972,42	1566,70
972,59	1396,71
972,76	1390,57
972,93	1507,30
973,10	1476,59
973,27	1445,87
973,43	1382,38
973,60	1460,20
973,77	1411,05
973,94	1398,76
974,11	1533,93
974,28	1445,87
974,44	1435,63
974,61	1413,10
974,78	1472,49
974,95	1406,95
975,12	1462,25
975,28	1486,83
975,45	1366,00
975,62	1437,67
975,79	1361,90
975,96	1398,76
976,12	1433,58
976,29	1462,25
976,46	1488,87
976,63	1511,40
976,80	1366,00
976,96	1439,72
977,13	1478,63
977,30	1472,49
977,47	1484,78
977,64	1478,63
977,80	1353,71
977,97	1415,15
978,14	1554,41
978,31	1415,15
978,48	1341,42
978,64	1392,62
978,81	1419,24
978,98	1411,05
979,15	1413,10
979,31	1439,72
979,48	1488,87
979,65	1396,71
979,82	1542,12
979,98	1400,81
980,15	1454,06
980,32	1558,50
980,49	1495,02
980,66	1390,57
980,82	1384,43
980,99	1492,97
981,16	1409,00
981,33	1503,21
981,49	1472,49
981,66	1523,69
981,83	1382,38
981,99	1482,73
982,16	1388,52
982,33	1447,91
982,50	1314,80
982,66	1370,09
982,83	1357,80
983,00	1484,78
983,17	1406,95
983,33	1398,76
983,50	1466,35
983,67	1363,95
983,83	1433,58
984,00	1347,56
984,17	1472,49
984,34	1429,48
984,50	1355,76
984,67	1503,21
984,84	1423,34
985,00	1329,13
985,17	1386,47
985,34	1398,76
985,51	1417,19
985,67	1394,67
985,84	1460,20
986,01	1423,34
986,17	1480,68
986,34	1390,57
986,51	1394,67
986,67	1382,38
986,84	1433,58
987,01	1404,91
987,17	1390,57
987,34	1384,43
987,51	1464,30
987,67	1474,54
987,84	1419,24
988,01	1527,78
988,17	1400,81
988,34	1404,91
988,51	1452,01
988,67	1470,44
988,84	1409,00
989,01	1419,24
989,17	1398,76
989,34	1394,67
989,51	1384,43
989,67	1497,07
989,84	1423,34
990,01	1437,67
990,17	1456,11
990,34	1396,71
990,51	1452,01
990,67	1382,38
990,84	1458,15
991,01	1341,42
991,17	1433,58
991,34	1308,65
991,50	1411,05
991,67	1277,93
991,84	1296,36
992,00	1400,81
992,17	1404,91
992,34	1419,24
992,50	1425,39
992,67	1474,54
992,83	1384,43
993,00	1419,24
993,17	1454,06
993,33	1361,90
993,50	1468,39
993,66	1386,47
993,83	1425,39
994,00	1384,43
994,16	1480,68
994,33	1361,90
994,49	1472,49
994,66	1419,24
994,83	1359,85
994,99	1419,24
995,16	1427,43
995,32	1417,19
995,49	1437,67
995,66	1478,63
995,82	1419,24
995,99	1331,18
996,15	1503,21
996,32	1404,91
996,48	1355,76
996,65	1335,28
996,82	1423,34
996,98	1458,15
997,15	1417,19
997,31	1415,15
997,48	1382,38
997,64	1368,04
997,81	1437,67
997,97	1468,39
998,14	1411,05
998,31	1462,25
998,47	1411,05
998,64	1370,09
998,80	1439,72
998,97	1423,34
999,13	1431,53
999,30	1402,86
999,46	1452,01
999,63	1425,39
999,79	1497,07
999,96	1470,44
1000,12	1445,87
1000,29	1341,42
1000,45	1437,67
1000,62	1423,34
1000,79	1472,49
1000,95	1394,67
1001,12	1484,78
1001,28	1415,15
1001,45	1376,24
1001,61	1449,96
1001,78	1329,13
1001,94	1425,39
1002,11	1517,54
1002,27	1386,47
1002,44	1406,95
1002,60	1460,20
1002,77	1470,44
1002,93	1394,67
1003,10	1378,28
1003,26	1372,14
1003,43	1486,83
1003,59	1447,91
1003,76	1398,76
1003,92	1333,23
1004,09	1370,09
1004,25	1474,54
1004,41	1478,63
1004,58	1521,64
1004,74	1400,81
1004,91	1413,10
1005,07	1499,11
1005,24	1505,26
1005,40	1449,96
1005,57	1318,89
1005,73	1417,19
1005,90	1427,43
1006,06	1423,34
1006,23	1439,72
1006,39	1413,10
1006,55	1296,36
1006,72	1396,71
1006,88	1460,20
1007,05	1386,47
1007,21	1462,25
1007,38	1417,19
1007,54	1411,05
1007,71	1357,80
1007,87	1333,23
1008,03	1447,91
1008,20	1417,19
1008,36	1409,00
1008,53	1359,85
1008,69	1361,90
1008,86	1413,10
1009,02	1316,84
1009,18	1437,67
1009,35	1419,24
1009,51	1355,76
1009,68	1406,95
1009,84	1470,44
1010,01	1476,59
1010,17	1431,53
1010,33	1490,92
1010,50	1374,19
1010,66	1421,29
1010,83	1452,01
1010,99	1445,87
1011,15	1349,61
1011,32	1374,19
1011,48	1386,47
1011,65	1372,14
1011,81	1392,62
1011,97	1345,52
1012,14	1507,30
1012,30	1437,67
1012,46	1449,96
1012,63	1488,87
1012,79	1427,43
1012,96	1449,96
1013,12	1402,86
1013,28	1447,91
1013,45	1425,39
1013,61	1390,57
1013,77	1415,15
1013,94	1406,95
1014,10	1366,00
1014,26	1470,44
1014,43	1499,11
1014,59	1427,43
1014,76	1492,97
1014,92	1470,44
1015,08	1390,57
1015,25	1335,28
1015,41	1460,20
1015,57	1478,63
1015,74	1458,15
1015,90	1429,48
1016,06	1353,71
1016,23	1445,87
1016,39	1337,32
1016,55	1476,59
1016,72	1370,09
1016,88	1417,19
1017,04	1370,09
1017,21	1347,56
1017,37	1433,58
1017,53	1374,19
1017,70	1441,77
1017,86	1384,43
1018,02	1351,66
1018,19	1366,00
1018,35	1409,00
1018,51	1409,00
1018,67	1468,39
1018,84	1413,10
1019,00	1349,61
1019,16	1429,48
1019,33	1437,67
1019,49	1511,40
1019,65	1400,81
1019,82	1368,04
1019,98	1443,82
1020,14	1337,32
1020,30	1509,35
1020,47	1318,89
1020,63	1472,49
1020,79	1445,87
1020,96	1460,20
1021,12	1386,47
1021,28	1501,16
1021,44	1454,06
1021,61	1454,06
1021,77	1445,87
1021,93	1337,32
1022,09	1378,28
1022,26	1406,95
1022,42	1413,10
1022,58	1476,59
1022,74	1406,95
1022,91	1394,67
1023,07	1413,10
1023,23	1376,24
1023,39	1437,67
1023,56	1388,52
1023,72	1503,21
1023,88	1351,66
1024,04	1462,25
1024,21	1325,04
1024,37	1366,00
1024,53	1484,78
1024,69	1368,04
1024,86	1390,57
1025,02	1404,91
1025,18	1439,72
1025,34	1433,58
1025,50	1431,53
1025,67	1343,47
1025,83	1499,11
1025,99	1398,76
1026,15	1478,63
1026,32	1415,15
1026,48	1411,05
1026,64	1447,91
1026,80	1419,24
1026,96	1517,54
1027,13	1435,63
1027,29	1331,18
1027,45	1351,66
1027,61	1392,62
1027,77	1447,91
1027,94	1411,05
1028,10	1357,80
1028,26	1363,95
1028,42	1380,33
1028,58	1406,95
1028,75	1363,95
1028,91	1460,20
1029,07	1378,28
1029,23	1406,95
1029,39	1470,44
1029,55	1374,19
1029,72	1423,34
1029,88	1406,95
1030,04	1318,89
1030,20	1421,29
1030,36	1378,28
1030,52	1431,53
1030,69	1472,49
1030,85	1517,54
1031,01	1388,52
1031,17	1341,42
1031,33	1390,57
1031,49	1419,24
1031,65	1421,29
1031,82	1423,34
1031,98	1394,67
1032,14	1423,34
1032,30	1423,34
1032,46	1556,46
1032,62	1443,82
1032,78	1478,63
1032,95	1380,33
1033,11	1429,48
1033,27	1374,19
1033,43	1382,38
1033,59	1380,33
1033,75	1431,53
1033,91	1390,57
1034,07	1513,45
1034,24	1384,43
1034,40	1402,86
1034,56	1443,82
1034,72	1445,87
1034,88	1439,72
1035,04	1368,04
1035,20	1425,39
1035,36	1501,16
1035,52	1310,70
1035,68	1347,56
1035,85	1359,85
1036,01	1359,85
1036,17	1525,74
1036,33	1402,86
1036,49	1343,47
1036,65	1390,57
1036,81	1374,19
1036,97	1431,53
1037,13	1366,00
1037,29	1372,14
1037,45	1413,10
1037,61	1382,38
1037,78	1380,33
1037,94	1378,28
1038,10	1486,83
1038,26	1368,04
1038,42	1378,28
1038,58	1402,86
1038,74	1366,00
1038,90	1390,57
1039,06	1400,81
1039,22	1452,01
1039,38	1341,42
1039,54	1343,47
1039,70	1431,53
1039,86	1472,49
1040,02	1396,71
1040,18	1490,92
1040,34	1439,72
1040,50	1513,45
1040,66	1497,07
1040,83	1376,24
1040,99	1468,39
1041,15	1445,87
1041,31	1458,15
1041,47	1437,67
1041,63	1445,87
1041,79	1386,47
1041,95	1400,81
1042,11	1400,81
1042,27	1531,88
1042,43	1378,28
1042,59	1312,75
1042,75	1421,29
1042,91	1472,49
