344,25	1263,60
344,46	1263,60
344,68	1263,60
344,90	1265,64
345,12	1288,17
345,34	1427,43
345,55	1390,57
345,77	1447,91
345,99	1406,95
346,21	1427,43
346,42	1388,52
346,64	1388,52
346,86	1370,09
347,08	1429,48
347,30	1325,04
347,51	1419,24
347,73	1404,91
347,95	1454,06
348,17	1368,04
348,38	1452,01
348,60	1376,24
348,82	1382,38
349,04	1411,05
349,25	1454,06
349,47	1449,96
349,69	1366,00
349,91	1499,11
350,13	1423,34
350,34	1495,02
350,56	1421,29
350,78	1380,33
351,00	1423,34
351,21	1478,63
351,43	1486,83
351,65	1384,43
351,87	1353,71
352,08	1388,52
352,30	1380,33
352,52	1366,00
352,74	1495,02
352,95	1415,15
353,17	1439,72
353,39	1415,15
353,61	1458,15
353,82	1472,49
354,04	1406,95
354,26	1396,71
354,47	1478,63
354,69	1392,62
354,91	1345,52
355,13	1382,38
355,34	1404,91
355,56	1345,52
355,78	1433,58
356,00	1509,35
356,21	1374,19
356,43	1437,67
356,65	1392,62
356,86	1495,02
357,08	1443,82
357,30	1509,35
357,52	1345,52
357,73	1488,87
357,95	1458,15
358,17	1378,28
358,38	1462,25
358,60	1417,19
358,82	1468,39
359,04	1445,87
359,25	1486,83
359,47	1499,11
359,69	1443,82
359,90	1400,81
360,12	1542,12
360,34	1437,67
360,56	1415,15
360,77	1599,46
360,99	1470,44
361,21	1447,91
361,42	1495,02
361,64	1447,91
361,86	1486,83
362,07	1480,68
362,29	1454,06
362,51	1525,74
362,73	1419,24
362,94	1509,35
363,16	1585,13
363,38	1445,87
363,59	1535,98
363,81	1452,01
364,03	1419,24
364,24	1499,11
364,46	1527,78
364,68	1492,97
364,89	1495,02
365,11	1527,78
365,33	1492,97
365,54	1521,64
365,76	1513,45
365,98	1558,50
366,19	1478,63
366,41	1583,08
366,63	1474,54
366,84	1476,59
367,06	1454,06
367,28	1486,83
367,49	1478,63
367,71	1470,44
367,93	1392,62
368,14	1474,54
368,36	1476,59
368,58	1568,74
368,79	1406,95
369,01	1435,63
369,23	1476,59
369,44	1544,17
369,66	1419,24
369,88	1525,74
370,09	1474,54
370,31	1503,21
370,53	1366,00
370,74	1517,54
370,96	1425,39
371,18	1591,27
371,39	1456,11
371,61	1468,39
371,82	1505,26
372,04	1531,88
372,26	1374,19
372,47	1562,60
372,69	1497,07
372,91	1554,41
373,12	1505,26
373,34	1495,02
373,56	1335,28
373,77	1503,21
373,99	1503,21
374,20	1409,00
374,42	1464,30
374,64	1570,79
374,85	1443,82
375,07	1464,30
375,29	1400,81
375,50	1517,54
375,72	1466,35
375,93	1454,06
376,15	1411,05
376,37	1568,74
376,58	1470,44
376,80	1542,12
377,01	1390,57
377,23	1472,49
377,45	1449,96
377,66	1513,45
377,88	1472,49
378,10	1370,09
378,31	1460,20
378,53	1499,11
378,74	1503,21
378,96	1470,44
379,18	1552,36
379,39	1460,20
379,61	1458,15
379,82	1499,11
380,04	1519,59
380,26	1460,20
380,47	1443,82
380,69	1423,34
380,90	1472,49
381,12	1388,52
381,33	1368,04
381,55	1452,01
381,77	1519,59
381,98	1460,20
382,20	1429,48
382,41	1501,16
382,63	1490,92
382,85	1435,63
383,06	1468,39
383,28	1462,25
383,49	1482,73
383,71	1413,10
383,92	1415,15
384,14	1351,66
384,36	1361,90
384,57	1404,91
384,79	1345,52
385,00	1437,67
385,22	1374,19
385,43	1417,19
385,65	1470,44
385,87	1423,34
386,08	1406,95
386,30	1421,29
386,51	1497,07
386,73	1445,87
386,94	1503,21
387,16	1509,35
387,37	1503,21
387,59	1540,07
387,81	1413,10
388,02	1433,58
388,24	1423,34
388,45	1488,87
388,67	1406,95
388,88	1535,98
389,10	1386,47
389,31	1550,31
389,53	1515,50
389,75	1492,97
389,96	1429,48
390,18	1398,76
390,39	1406,95
390,61	1503,21
390,82	1441,77
391,04	1519,59
391,25	1454,06
391,47	1431,53
391,68	1462,25
391,90	1452,01
392,11	1454,06
392,33	1437,67
392,54	1400,81
392,76	1462,25
392,97	1431,53
393,19	1464,30
393,41	1468,39
393,62	1464,30
393,84	1421,29
394,05	1529,83
394,27	1478,63
394,48	1423,34
394,70	1501,16
394,91	1497,07
395,13	1454,06
395,34	1441,77
395,56	1472,49
395,77	1527,78
395,99	1374,19
396,20	1427,43
396,42	1376,24
396,63	1437,67
396,85	1484,78
397,06	1488,87
397,28	1431,53
397,49	1488,87
397,71	1413,10
397,92	1433,58
398,14	1413,10
398,35	1464,30
398,57	1490,92
398,78	1517,54
399,00	1492,97
399,21	1462,25
399,43	1486,83
399,64	1519,59
399,86	1435,63
400,07	1415,15
400,29	1519,59
400,50	1462,25
400,72	1525,74
400,93	1449,96
401,14	1415,15
401,36	1466,35
401,57	1425,39
401,79	1521,64
402,00	1437,67
402,22	1542,12
402,43	1456,11
402,65	1478,63
402,86	1435,63
403,08	1562,60
403,29	1456,11
403,51	1574,89
403,72	1476,59
403,94	1519,59
404,15	1509,35
404,36	1492,97
404,58	1710,05
404,79	1499,11
405,01	1460,20
405,22	1513,45
405,44	1392,62
405,65	1472,49
405,87	1382,38
406,08	1509,35
406,30	1480,68
406,51	1482,73
406,72	1478,63
406,94	1492,97
407,15	1509,35
407,37	1542,12
407,58	1484,78
407,80	1546,22
408,01	1490,92
408,23	1482,73
408,44	1562,60
408,65	1497,07
408,87	1413,10
409,08	1519,59
409,30	1558,50
409,51	1452,01
409,73	1447,91
409,94	1497,07
410,15	1529,83
410,37	1439,72
410,58	1484,78
410,80	1480,68
411,01	1480,68
411,23	1529,83
411,44	1447,91
411,65	1529,83
411,87	1544,17
412,08	1429,48
412,30	1515,50
412,51	1380,33
412,72	1513,45
412,94	1470,44
413,15	1439,72
413,37	1464,30
413,58	1388,52
413,79	1439,72
414,01	1429,48
414,22	1452,01
414,44	1488,87
414,65	1497,07
414,86	1402,86
415,08	1517,54
415,29	1347,56
415,51	1460,20
415,72	1490,92
415,93	1374,19
416,15	1507,30
416,36	1476,59
416,58	1419,24
416,79	1495,02
417,00	1503,21
417,22	1486,83
417,43	1476,59
417,65	1484,78
417,86	1538,02
418,07	1566,70
418,29	1429,48
418,50	1523,69
418,71	1370,09
418,93	1423,34
419,14	1404,91
419,36	1402,86
419,57	1443,82
419,78	1513,45
420,00	1374,19
420,21	1452,01
420,42	1495,02
420,64	1490,92
420,85	1427,43
421,06	1447,91
421,28	1535,98
421,49	1480,68
421,71	1507,30
421,92	1511,40
422,13	1499,11
422,35	1548,26
422,56	1533,93
422,77	1523,69
422,99	1591,27
423,20	1433,58
423,41	1535,98
423,63	1443,82
423,84	1449,96
424,05	1443,82
424,27	1546,22
424,48	1470,44
424,69	1404,91
424,91	1775,59
425,12	1447,91
425,33	1542,12
425,55	1499,11
425,76	1525,74
425,97	1460,20
426,19	1527,78
426,40	1509,35
426,61	1441,77
426,83	1464,30
427,04	1505,26
427,25	1523,69
427,47	1466,35
427,68	1486,83
427,89	1540,07
428,11	1464,30
428,32	1517,54
428,53	1456,11
428,75	1527,78
428,96	1570,79
429,17	1511,40
429,39	1472,49
429,60	1476,59
429,81	1474,54
430,03	1462,25
430,24	1542,12
430,45	1513,45
430,67	1488,87
430,88	1531,88
431,09	1593,32
431,30	1509,35
431,52	1484,78
431,73	1484,78
431,94	1521,64
432,16	1542,12
432,37	1523,69
432,58	1521,64
432,80	1476,59
433,01	1521,64
433,22	1480,68
433,43	1517,54
433,65	1490,92
433,86	1441,77
434,07	1447,91
434,29	1495,02
434,50	1458,15
434,71	1570,79
434,92	1535,98
435,14	1497,07
435,35	1411,05
435,56	1458,15
435,77	1466,35
435,99	1482,73
436,20	1482,73
436,41	1503,21
436,63	1492,97
436,84	1501,16
437,05	1511,40
437,26	1497,07
437,48	1525,74
437,69	1562,60
437,90	1486,83
438,11	1497,07
438,33	1546,22
438,54	1318,89
438,75	1415,15
438,96	1572,84
439,18	1431,53
439,39	1501,16
439,60	1468,39
439,82	1503,21
440,03	1552,36
440,24	1486,83
440,45	1488,87
440,67	1519,59
440,88	1421,29
441,09	1556,46
441,30	1562,60
441,51	1562,60
441,73	1468,39
441,94	1449,96
442,15	1464,30
442,36	1523,69
442,58	1376,24
442,79	1404,91
443,00	1466,35
443,21	1570,79
443,43	1472,49
443,64	1456,11
443,85	1535,98
444,06	1449,96
444,28	1540,07
444,49	1490,92
444,70	1429,48
444,91	1587,18
445,12	1529,83
445,34	1478,63
445,55	1599,46
445,76	1478,63
445,97	1525,74
446,18	1495,02
446,40	1484,78
446,61	1517,54
446,82	1495,02
447,03	1521,64
447,25	1552,36
447,46	1513,45
447,67	1503,21
447,88	1501,16
448,09	1529,83
448,31	1519,59
448,52	1466,35
448,73	1595,37
448,94	1427,43
449,15	1499,11
449,37	1499,11
449,58	1466,35
449,79	1570,79
450,00	1615,85
450,21	1513,45
450,43	1546,22
450,64	1435,63
450,85	1501,16
451,06	1562,60
451,27	1495,02
451,48	1513,45
451,70	1480,68
451,91	1447,91
452,12	1572,84
452,33	1466,35
452,54	1484,78
452,76	1511,40
452,97	1564,65
453,18	1570,79
453,39	1497,07
453,60	1560,55
453,81	1488,87
454,03	1423,34
454,24	1474,54
454,45	1564,65
454,66	1564,65
454,87	1517,54
455,08	1595,37
455,30	1542,12
455,51	1570,79
455,72	1593,32
455,93	1542,12
456,14	1572,84
456,35	1554,41
456,56	1581,03
456,78	1552,36
456,99	1562,60
457,20	1529,83
457,41	1507,30
457,62	1574,89
457,83	1585,13
458,04	1538,02
458,26	1587,18
458,47	1591,27
458,68	1527,78
458,89	1478,63
459,10	1574,89
459,31	1492,97
459,52	1546,22
459,74	1558,50
459,95	1646,57
460,16	1519,59
460,37	1576,94
460,58	1548,26
460,79	1535,98
461,00	1533,93
461,21	1542,12
461,43	1501,16
461,64	1558,50
461,85	1535,98
462,06	1630,18
462,27	1525,74
462,48	1531,88
462,69	1509,35
462,90	1554,41
463,12	1515,50
463,33	1390,57
463,54	1519,59
463,75	1511,40
463,96	1558,50
464,17	1611,75
464,38	1550,31
464,59	1495,02
464,80	1521,64
465,01	1464,30
465,23	1617,90
465,44	1634,28
465,65	1507,30
465,86	1501,16
466,07	1486,83
466,28	1501,16
466,49	1644,52
466,70	1607,66
466,91	1568,74
467,12	1572,84
467,33	1525,74
467,55	1515,50
467,76	1517,54
467,97	1564,65
468,18	1529,83
468,39	1554,41
468,60	1705,96
468,81	1521,64
469,02	1556,46
469,23	1538,02
469,44	1538,02
469,65	1519,59
469,86	1544,17
470,07	1478,63
470,29	1609,70
470,50	1574,89
470,71	1609,70
470,92	1540,07
471,13	1599,46
471,34	1529,83
471,55	1572,84
471,76	1556,46
471,97	1519,59
472,18	1503,21
472,39	1609,70
472,60	1566,70
472,81	1617,90
473,02	1513,45
473,23	1687,53
473,44	1533,93
473,65	1628,14
473,87	1605,61
474,08	1568,74
474,29	1556,46
474,50	1581,03
474,71	1607,66
474,92	1667,05
475,13	1585,13
475,34	1615,85
475,55	1599,46
475,76	1501,16
475,97	1642,47
476,18	1572,84
476,39	1640,42
476,60	1636,33
476,81	1634,28
477,02	1599,46
477,23	1587,18
477,44	1607,66
477,65	1515,50
477,86	1591,27
478,07	1632,23
478,28	1523,69
478,49	1583,08
478,70	1591,27
478,91	1513,45
479,12	1562,60
479,33	1624,04
479,54	1517,54
479,75	1644,52
479,96	1636,33
480,17	1646,57
480,38	1556,46
480,59	1529,83
480,80	1642,47
481,01	1662,95
481,22	1595,37
481,43	1656,81
481,64	1607,66
481,85	1611,75
482,06	1656,81
482,27	1652,71
482,48	1669,09
482,69	1744,87
482,90	1576,94
483,11	1744,87
483,32	1638,38
483,53	1509,35
483,74	1660,90
483,95	1593,32
484,16	1558,50
484,37	1558,50
484,58	1665,00
484,79	1613,80
485,00	1611,75
485,21	1546,22
485,42	1599,46
485,63	1660,90
485,84	1583,08
486,05	1513,45
486,26	1656,81
486,47	1687,53
486,68	1609,70
486,89	1578,98
487,10	1667,05
487,31	1646,57
487,52	1681,38
487,73	1638,38
487,94	1572,84
488,15	1576,94
488,36	1662,95
488,57	1632,23
488,77	1644,52
488,98	1599,46
489,19	1619,94
489,40	1701,86
489,61	1617,90
489,82	1665,00
490,03	1701,86
490,24	1587,18
490,45	1681,38
490,66	1613,80
490,87	1652,71
491,08	1585,13
491,29	1685,48
491,50	1546,22
491,71	1650,66
491,92	1605,61
492,13	1628,14
492,33	1624,04
492,54	1658,85
492,75	1568,74
492,96	1650,66
493,17	1626,09
493,38	1669,09
493,59	1603,56
493,80	1644,52
494,01	1638,38
494,22	1665,00
494,43	1607,66
494,64	1687,53
494,85	1648,61
495,05	1650,66
495,26	1644,52
495,47	1791,97
495,68	1621,99
495,89	1718,25
496,10	1615,85
496,31	1662,95
496,52	1697,77
496,73	1687,53
496,94	1675,24
497,15	1777,64
497,35	1736,68
497,56	1712,10
497,77	1593,32
497,98	1695,72
498,19	1724,39
498,40	1779,68
498,61	1751,01
498,82	1634,28
499,03	1697,77
499,23	1689,57
499,44	1759,21
499,65	1689,57
499,86	1841,12
500,07	1705,96
500,28	1597,42
500,49	1746,92
500,70	1638,38
500,91	1736,68
501,11	1665,00
501,32	1773,54
501,53	1740,77
501,74	1767,40
501,95	1699,81
502,16	1689,57
502,37	1755,11
502,57	1726,44
502,78	1679,33
502,99	1736,68
503,20	1695,72
503,41	1732,58
503,62	1636,33
503,83	1708,01
504,03	1650,66
504,24	1722,34
504,45	1751,01
504,66	1724,39
504,87	1671,14
505,08	1798,12
505,29	1675,24
505,49	1751,01
505,70	1716,20
505,91	1771,49
506,12	1779,68
506,33	1818,60
506,54	1660,90
506,75	1839,08
506,95	1746,92
507,16	1871,84
507,37	1658,85
507,58	1755,11
507,79	1767,40
508,00	1722,34
508,20	1681,38
508,41	1644,52
508,62	1714,15
508,83	1773,54
509,04	1736,68
509,24	1771,49
509,45	2064,35
509,66	1740,77
509,87	1804,26
510,08	1751,01
510,29	1714,15
510,49	1802,21
510,70	1665,00
510,91	1656,81
511,12	1824,74
511,33	1742,82
511,53	1746,92
511,74	1677,29
511,95	1720,29
512,16	1708,01
512,37	1753,06
512,57	1787,88
512,78	1697,77
512,99	1746,92
513,20	1796,07
513,41	1820,64
513,61	1710,05
513,82	1736,68
514,03	1665,00
514,24	1732,58
514,45	1697,77
514,65	1787,88
514,86	1683,43
515,07	1730,53
515,28	1705,96
515,49	1703,91
515,69	1751,01
515,90	1761,25
516,11	1730,53
516,32	1822,69
516,52	1740,77
516,73	1824,74
516,94	1822,69
517,15	1837,03
517,36	1671,14
517,56	1875,94
517,77	1716,20
517,98	1732,58
518,19	1726,44
518,39	1722,34
518,60	1716,20
518,81	1726,44
519,02	1748,97
519,22	1681,38
519,43	1742,82
519,64	1714,15
519,85	1662,95
520,05	1810,40
520,26	1722,34
520,47	1775,59
520,68	1767,40
520,88	1761,25
521,09	1724,39
521,30	1804,26
521,51	1693,67
521,71	1716,20
521,92	1724,39
522,13	1789,92
522,34	1738,73
522,54	1775,59
522,75	1695,72
522,96	1767,40
523,17	1746,92
523,37	1820,64
523,58	1708,01
523,79	1732,58
523,99	1722,34
524,20	1703,91
524,41	1742,82
524,62	1847,27
524,82	1767,40
525,03	1791,97
525,24	1724,39
525,45	1783,78
525,65	1742,82
525,86	1720,29
526,07	1669,09
526,27	1871,84
526,48	1697,77
526,69	1837,03
526,90	1576,94
527,10	1808,36
527,31	1742,82
527,52	1751,01
527,72	1798,12
527,93	1738,73
528,14	1693,67
528,34	1724,39
528,55	1609,70
528,76	1796,07
528,97	1677,29
529,17	1751,01
529,38	1761,25
529,59	1759,21
529,79	1755,11
530,00	1769,44
530,21	1871,84
530,41	1720,29
530,62	1783,78
530,83	1834,98
531,03	1826,79
531,24	1818,60
531,45	1785,83
531,65	1927,14
531,86	1720,29
532,07	1785,83
532,27	1708,01
532,48	1761,25
532,69	1718,25
532,89	1822,69
533,10	1656,81
533,31	1744,87
533,51	1685,48
533,72	1775,59
533,93	1685,48
534,13	1746,92
534,34	1777,64
534,55	1687,53
534,75	1732,58
534,96	1761,25
535,17	1740,77
535,37	1834,98
535,58	1669,09
535,79	1669,09
535,99	1642,47
536,20	1654,76
536,41	1656,81
536,61	1753,06
536,82	1794,02
537,03	1705,96
537,23	1662,95
537,44	1691,62
537,64	1699,81
537,85	1740,77
538,06	1777,64
538,26	1781,73
538,47	1671,14
538,68	1652,71
538,88	1705,96
539,09	1685,48
539,30	1708,01
539,50	1781,73
539,71	1751,01
539,91	1748,97
540,12	1787,88
540,33	1640,42
540,53	1751,01
540,74	1665,00
540,94	1753,06
541,15	1658,85
541,36	1669,09
541,56	1714,15
541,77	1681,38
541,98	1699,81
542,18	1779,68
542,39	1787,88
542,59	1810,40
542,80	1777,64
543,01	1675,24
543,21	1718,25
543,42	1693,67
543,62	1759,21
543,83	1656,81
544,04	1605,61
544,24	1783,78
544,45	1619,94
544,65	1705,96
544,86	1718,25
545,06	1693,67
545,27	1583,08
545,48	1677,29
545,68	1738,73
545,89	1683,43
546,09	1665,00
546,30	1675,24
546,51	1660,90
546,71	1669,09
546,92	1675,24
547,12	1658,85
547,33	1648,61
547,53	1675,24
547,74	1613,80
547,95	1705,96
548,15	1710,05
548,36	1703,91
548,56	1683,43
548,77	1603,56
548,97	1669,09
549,18	1619,94
549,39	1691,62
549,59	1648,61
549,80	1638,38
550,00	1701,86
550,21	1607,66
550,41	1644,52
550,62	1714,15
550,82	1642,47
551,03	1583,08
551,23	1644,52
551,44	1617,90
551,65	1705,96
551,85	1603,56
552,06	1609,70
552,26	1720,29
552,47	1615,85
552,67	1591,27
552,88	1558,50
553,08	1642,47
553,29	1691,62
553,49	1771,49
553,70	1636,33
553,90	1685,48
554,11	1642,47
554,32	1716,20
554,52	1705,96
554,73	1640,42
554,93	1667,05
555,14	1644,52
555,34	1644,52
555,55	1761,25
555,75	1652,71
555,96	1599,46
556,16	1673,19
556,37	1675,24
556,57	1714,15
556,78	1669,09
556,98	1738,73
557,19	1693,67
557,39	1599,46
557,60	1716,20
557,80	1724,39
558,01	1681,38
558,21	1716,20
558,42	1691,62
558,62	1751,01
558,83	1732,58
559,03	1738,73
559,24	1751,01
559,44	1742,82
559,65	1798,12
559,85	1728,49
560,06	1744,87
560,26	1730,53
560,47	1652,71
560,67	1820,64
560,88	1710,05
561,08	1822,69
561,29	1935,33
561,49	1742,82
561,70	1824,74
561,90	1880,04
562,10	1820,64
562,31	1828,84
562,51	1830,88
562,72	1839,08
562,92	1910,75
563,13	1953,76
563,33	1957,86
563,54	1869,80
563,74	1845,22
563,95	1865,70
564,15	1896,42
564,36	2031,58
564,56	1900,52
564,76	1914,85
564,97	1951,71
565,17	2017,25
565,38	1937,38
565,58	1886,18
565,79	2084,83
565,99	1972,19
566,20	2037,73
566,40	1978,34
566,60	2158,56
566,81	1994,72
567,01	2185,18
567,22	1976,29
567,42	2086,88
567,63	2086,88
567,83	2168,80
568,04	2185,18
568,24	2076,64
568,44	2168,80
568,65	2072,54
568,85	2176,99
569,06	2140,13
569,26	2070,50
569,47	2160,61
569,67	2060,26
569,87	2146,27
570,08	2162,66
570,28	2211,81
570,49	2105,31
570,69	2207,71
570,89	2320,35
571,10	2183,13
571,30	2211,81
571,51	2306,01
571,71	2250,72
571,91	2279,39
572,12	2172,89
572,32	2273,25
572,53	2230,24
572,73	2248,67
572,93	2256,86
573,14	2383,84
573,34	2265,05
573,55	2273,25
573,75	2279,39
573,95	2248,67
574,16	2402,27
574,36	2389,98
574,57	2236,38
574,77	2383,84
574,97	2246,62
575,18	2273,25
575,38	2303,96
575,59	2365,40
575,79	2256,86
575,99	2357,21
576,20	2447,32
576,40	2496,47
576,60	2447,32
576,81	2451,42
577,01	2510,81
577,22	2418,65
577,42	2336,73
577,62	2408,41
577,83	2465,75
578,03	2533,34
578,23	2473,95
578,44	2398,17
578,64	2410,46
578,84	2330,59
579,05	2394,08
579,25	2379,74
579,45	2310,11
579,66	2254,81
579,86	2389,98
580,07	2318,30
580,27	2404,32
580,47	2197,47
580,68	2207,71
580,88	2197,47
581,08	2303,96
581,29	2140,13
581,49	2248,67
581,69	2344,92
581,90	2291,68
582,10	2156,51
582,30	2273,25
582,51	2084,83
582,71	2246,62
582,91	2070,50
583,12	2242,53
583,32	2172,89
583,52	2301,92
583,73	2035,68
583,93	2193,37
584,13	2246,62
584,34	2267,10
584,54	2156,51
584,74	2275,29
584,94	2201,57
585,15	2494,43
585,35	2346,97
585,55	2363,36
585,76	2250,72
585,96	2277,34
586,16	2203,61
586,37	2189,28
586,57	2410,46
586,77	2422,75
586,98	2371,55
587,18	2562,01
587,38	2502,62
587,58	2543,58
587,79	2523,10
587,99	2650,07
588,19	2502,62
588,40	2846,68
588,60	2574,30
588,80	2926,55
589,00	2705,37
589,21	2863,06
589,41	2873,30
589,61	3141,58
589,82	2942,93
590,02	3162,06
590,22	3184,59
590,42	3385,29
590,63	3162,06
590,83	3551,18
591,03	3407,82
591,23	3493,83
591,44	3346,38
591,64	3807,17
591,84	3545,03
592,05	3911,62
592,25	3573,71
592,45	4136,90
592,65	3839,94
592,86	3977,16
593,06	4208,58
593,26	4315,07
593,46	3991,49
593,67	4515,77
593,87	4147,14
594,07	4495,29
594,27	4517,82
594,48	4583,35
594,68	4515,77
594,88	4890,55
595,08	4618,17
595,29	4857,78
595,49	4599,74
595,69	4923,32
595,89	4700,09
596,10	4935,60
596,30	4585,40
596,50	4896,69
596,70	4601,79
596,90	5076,91
597,11	4536,25
597,31	4724,66
597,51	4310,97
597,71	4798,39
597,92	4448,19
598,12	4423,61
598,32	3985,35
598,52	4194,24
598,72	3798,98
598,93	4048,83
599,13	3913,67
599,33	3907,52
599,53	3231,69
599,74	3577,80
599,94	2990,03
600,14	3481,55
600,34	3065,81
600,54	3084,24
600,75	2762,71
600,95	2795,48
601,15	2666,46
601,35	2545,63
601,55	2443,23
601,76	2312,16
601,96	2398,17
602,16	2455,51
602,36	2273,25
602,56	2111,46
602,76	2056,16
602,97	2056,16
603,17	1923,04
603,37	1959,91
603,57	1816,55
603,77	1828,84
603,98	1839,08
604,18	1822,69
604,38	1744,87
604,58	1705,96
604,78	1783,78
604,98	1824,74
605,19	1697,77
605,39	1685,48
605,59	1701,86
605,79	1751,01
605,99	1583,08
606,19	1505,26
606,40	1568,74
606,60	1607,66
606,80	1513,45
607,00	1556,46
607,20	1495,02
607,40	1464,30
607,61	1509,35
607,81	1609,70
608,01	1550,31
608,21	1671,14
608,41	1572,84
608,61	1507,30
608,81	1495,02
609,02	1486,83
609,22	1515,50
609,42	1523,69
609,62	1566,70
609,82	1540,07
610,02	1480,68
610,22	1505,26
610,43	1398,76
610,63	1499,11
610,83	1513,45
611,03	1505,26
611,23	1523,69
611,43	1535,98
611,63	1562,60
611,83	1415,15
612,04	1517,54
612,24	1452,01
612,44	1601,51
612,64	1456,11
612,84	1474,54
613,04	1390,57
613,24	1468,39
613,44	1382,38
613,64	1435,63
613,85	1452,01
614,05	1470,44
614,25	1386,47
614,45	1402,86
614,65	1388,52
614,85	1398,76
615,05	1423,34
615,25	1421,29
615,45	1513,45
615,65	1423,34
615,86	1443,82
616,06	1437,67
616,26	1470,44
616,46	1497,07
616,66	1388,52
616,86	1476,59
617,06	1337,32
617,26	1523,69
617,46	1406,95
617,66	1472,49
617,86	1456,11
618,07	1423,34
618,27	1486,83
618,47	1454,06
618,67	1521,64
618,87	1480,68
619,07	1415,15
619,27	1492,97
619,47	1443,82
619,67	1576,94
619,87	1339,37
620,07	1511,40
620,27	1540,07
620,47	1394,67
620,67	1394,67
620,87	1384,43
621,07	1593,32
621,28	1466,35
621,48	1468,39
621,68	1427,43
621,88	1406,95
622,08	1388,52
622,28	1435,63
622,48	1472,49
622,68	1390,57
622,88	1452,01
623,08	1490,92
623,28	1411,05
623,48	1396,71
623,68	1402,86
623,88	1441,77
624,08	1587,18
624,28	1404,91
624,48	1497,07
624,68	1429,48
624,88	1439,72
625,08	1454,06
625,28	1449,96
625,48	1460,20
625,68	1460,20
625,88	1505,26
626,08	1456,11
626,28	1413,10
626,48	1462,25
626,68	1419,24
626,88	1505,26
627,08	1437,67
627,28	1595,37
627,48	1333,23
627,68	1386,47
627,88	1472,49
628,08	1406,95
628,28	1404,91
628,49	1372,14
628,68	1427,43
628,88	1413,10
629,08	1398,76
629,28	1452,01
629,48	1484,78
629,68	1554,41
629,88	1484,78
630,08	1468,39
630,28	1560,55
630,48	1464,30
630,68	1458,15
630,88	1470,44
631,08	1431,53
631,28	1456,11
631,48	1447,91
631,68	1413,10
631,88	1396,71
632,08	1423,34
632,28	1435,63
632,48	1488,87
632,68	1439,72
632,88	1466,35
633,08	1425,39
633,28	1495,02
633,48	1398,76
633,68	1454,06
633,88	1370,09
634,08	1552,36
634,28	1488,87
634,48	1431,53
634,68	1445,87
634,88	1392,62
635,08	1419,24
635,28	1411,05
635,48	1427,43
635,68	1390,57
635,87	1482,73
636,07	1488,87
636,27	1472,49
636,47	1437,67
636,67	1558,50
636,87	1462,25
637,07	1425,39
637,27	1490,92
637,47	1380,33
637,67	1439,72
637,87	1411,05
638,07	1462,25
638,27	1411,05
638,47	1468,39
638,67	1439,72
638,86	1472,49
639,06	1363,95
639,26	1394,67
639,46	1394,67
639,66	1462,25
639,86	1441,77
640,06	1409,00
640,26	1396,71
640,46	1411,05
640,66	1468,39
640,86	1478,63
641,06	1398,76
641,25	1511,40
641,45	1517,54
641,65	1396,71
641,85	1437,67
642,05	1523,69
642,25	1378,28
642,45	1462,25
642,65	1513,45
642,85	1402,86
643,05	1447,91
643,24	1478,63
643,44	1470,44
643,64	1454,06
643,84	1449,96
644,04	1445,87
644,24	1386,47
644,44	1396,71
644,64	1394,67
644,84	1497,07
645,03	1435,63
645,23	1462,25
645,43	1435,63
645,63	1433,58
645,83	1368,04
646,03	1417,19
646,23	1437,67
646,42	1456,11
646,62	1406,95
646,82	1419,24
647,02	1484,78
647,22	1447,91
647,42	1413,10
647,62	1409,00
647,82	1447,91
648,01	1589,22
648,21	1296,36
648,41	1476,59
648,61	1439,72
648,81	1484,78
649,01	1490,92
649,20	1458,15
649,40	1359,85
649,60	1409,00
649,80	1392,62
650,00	1392,62
650,20	1486,83
650,40	1447,91
650,59	1409,00
650,79	1437,67
650,99	1427,43
651,19	1435,63
651,39	1441,77
651,58	1370,09
651,78	1474,54
651,98	1421,29
652,18	1433,58
652,38	1370,09
652,58	1439,72
652,77	1470,44
652,97	1441,77
653,17	1423,34
653,37	1441,77
653,57	1476,59
653,77	1468,39
653,96	1460,20
654,16	1470,44
654,36	1431,53
654,56	1396,71
654,76	1499,11
654,95	1404,91
655,15	1419,24
655,35	1499,11
655,55	1531,88
655,75	1466,35
655,94	1413,10
656,14	1435,63
656,34	1431,53
656,54	1486,83
656,73	1449,96
656,93	1421,29
657,13	1390,57
657,33	1456,11
657,53	1384,43
657,72	1480,68
657,92	1390,57
658,12	1468,39
658,32	1462,25
658,52	1421,29
658,71	1476,59
658,91	1415,15
659,11	1431,53
659,31	1454,06
659,50	1452,01
659,70	1449,96
659,90	1513,45
660,10	1417,19
660,29	1449,96
660,49	1425,39
660,69	1511,40
660,89	1402,86
661,08	1329,13
661,28	1492,97
661,48	1433,58
661,68	1460,20
661,87	1406,95
662,07	1468,39
662,27	1419,24
662,47	1439,72
662,66	1417,19
662,86	1435,63
663,06	1488,87
663,26	1406,95
663,45	1488,87
663,65	1392,62
663,85	1419,24
664,05	1454,06
664,24	1431,53
664,44	1413,10
664,64	1458,15
664,84	1441,77
665,03	1429,48
665,23	1443,82
665,43	1351,66
665,62	1394,67
665,82	1476,59
666,02	1402,86
666,22	1460,20
666,41	1394,67
666,61	1507,30
666,81	1488,87
667,00	1363,95
667,20	1486,83
667,40	1460,20
667,60	1466,35
667,79	1388,52
667,99	1400,81
668,19	1468,39
668,38	1417,19
668,58	1427,43
668,78	1386,47
668,97	1540,07
669,17	1460,20
669,37	1521,64
669,57	1396,71
669,76	1519,59
669,96	1474,54
670,16	1390,57
670,35	1466,35
670,55	1361,90
670,75	1400,81
670,94	1445,87
671,14	1452,01
671,34	1439,72
671,53	1382,38
671,73	1447,91
671,93	1456,11
672,12	1400,81
672,32	1472,49
672,52	1409,00
672,71	1454,06
672,91	1470,44
673,11	1447,91
673,30	1445,87
673,50	1413,10
673,70	1439,72
673,89	1398,76
674,09	1380,33
674,29	1480,68
674,48	1538,02
674,68	1445,87
674,88	1374,19
675,07	1435,63
675,27	1431,53
675,46	1415,15
675,66	1406,95
675,86	1468,39
676,05	1417,19
676,25	1417,19
676,45	1501,16
676,64	1361,90
676,84	1468,39
677,04	1374,19
677,23	1495,02
677,43	1480,68
677,62	1482,73
677,82	1394,67
678,02	1447,91
678,21	1470,44
678,41	1361,90
678,61	1441,77
678,80	1402,86
679,00	1353,71
679,19	1527,78
679,39	1488,87
679,59	1341,42
679,78	1335,28
679,98	1415,15
680,17	1359,85
680,37	1531,88
680,57	1419,24
680,76	1433,58
680,96	1368,04
681,16	1398,76
681,35	1390,57
681,55	1456,11
681,74	1419,24
681,94	1439,72
682,13	1415,15
682,33	1427,43
682,53	1419,24
682,72	1396,71
682,92	1443,82
683,11	1492,97
683,31	1429,48
683,51	1376,24
683,70	1394,67
683,90	1386,47
684,09	1460,20
684,29	1460,20
684,48	1398,76
684,68	1470,44
684,88	1521,64
685,07	1415,15
685,27	1361,90
685,46	1456,11
685,66	1460,20
685,85	1433,58
686,05	1482,73
686,25	1480,68
686,44	1402,86
686,64	1409,00
686,83	1409,00
687,03	1427,43
687,22	1386,47
687,42	1458,15
687,61	1431,53
687,81	1329,13
688,01	1404,91
688,20	1433,58
688,40	1337,32
688,59	1433,58
688,79	1472,49
688,98	1439,72
689,18	1456,11
689,37	1517,54
689,57	1402,86
689,76	1466,35
689,96	1445,87
690,15	1447,91
690,35	1277,93
690,54	1398,76
690,74	1392,62
690,94	1409,00
691,13	1470,44
691,33	1425,39
691,52	1441,77
691,72	1425,39
691,91	1398,76
692,11	1484,78
692,30	1384,43
692,50	1523,69
692,69	1492,97
692,89	1472,49
693,08	1423,34
693,28	1429,48
693,47	1384,43
693,67	1621,99
693,86	1470,44
694,06	1441,77
694,25	1392,62
694,45	1439,72
694,64	1421,29
694,84	1439,72
695,03	1433,58
695,23	1437,67
695,42	1468,39
695,62	1388,52
695,81	1435,63
696,01	1435,63
696,20	1417,19
696,40	1425,39
696,59	1435,63
696,78	1425,39
696,98	1419,24
697,17	1435,63
697,37	1501,16
697,56	1470,44
697,76	1447,91
697,95	1544,17
698,15	1415,15
698,34	1523,69
698,54	1423,34
698,73	1546,22
698,93	1454,06
699,12	1366,00
699,32	1374,19
699,51	1505,26
699,70	1392,62
699,90	1513,45
700,09	1474,54
700,29	1443,82
700,48	1398,76
700,68	1445,87
700,87	1353,71
701,07	1449,96
701,26	1415,15
701,45	1478,63
701,65	1384,43
701,84	1392,62
702,04	1406,95
702,23	1406,95
702,43	1363,95
702,62	1480,68
702,81	1521,64
703,01	1400,81
703,20	1476,59
703,40	1382,38
703,59	1427,43
703,79	1456,11
703,98	1425,39
704,17	1417,19
704,37	1452,01
704,56	1441,77
704,76	1431,53
704,95	1392,62
705,14	1335,28
705,34	1419,24
705,53	1441,77
705,73	1419,24
705,92	1439,72
706,11	1517,54
706,31	1380,33
706,50	1472,49
706,70	1402,86
706,89	1495,02
707,08	1423,34
707,28	1478,63
707,47	1466,35
707,67	1517,54
707,86	1411,05
708,05	1409,00
708,25	1382,38
708,44	1423,34
708,64	1415,15
708,83	1478,63
709,02	1357,80
709,22	1445,87
709,41	1425,39
709,60	1529,83
709,80	1468,39
709,99	1368,04
710,19	1429,48
710,38	1486,83
710,57	1351,66
710,77	1406,95
710,96	1501,16
711,15	1402,86
711,35	1449,96
711,54	1464,30
711,73	1402,86
711,93	1468,39
712,12	1349,61
712,31	1417,19
712,51	1337,32
712,70	1370,09
712,89	1445,87
713,09	1464,30
713,28	1411,05
713,48	1437,67
713,67	1458,15
713,86	1499,11
714,06	1449,96
714,25	1406,95
714,44	1431,53
714,64	1390,57
714,83	1378,28
715,02	1400,81
715,22	1538,02
715,41	1474,54
715,60	1372,14
715,79	1415,15
715,99	1462,25
716,18	1415,15
716,37	1368,04
716,57	1406,95
716,76	1464,30
716,95	1398,76
717,15	1454,06
717,34	1320,94
717,53	1341,42
717,73	1468,39
717,92	1404,91
718,11	1556,46
718,31	1386,47
718,50	1443,82
718,69	1251,31
718,88	1392,62
719,08	1349,61
719,27	1392,62
719,46	1413,10
719,66	1384,43
719,85	1429,48
720,04	1353,71
720,23	1378,28
720,43	1425,39
720,62	1388,52
720,81	1363,95
721,01	1417,19
721,20	1468,39
721,39	1398,76
721,58	1370,09
721,78	1390,57
721,97	1445,87
722,16	1386,47
722,35	1419,24
722,55	1396,71
722,74	1427,43
722,93	1433,58
723,13	1286,12
723,32	1374,19
723,51	1380,33
723,70	1384,43
723,90	1384,43
724,09	1482,73
724,28	1431,53
724,47	1468,39
724,67	1409,00
724,86	1425,39
725,05	1363,95
725,24	1464,30
725,44	1392,62
725,63	1331,18
725,82	1409,00
726,01	1429,48
726,21	1511,40
726,40	1378,28
726,59	1384,43
726,78	1394,67
726,97	1345,52
727,17	1390,57
727,36	1406,95
727,55	1452,01
727,74	1316,84
727,94	1419,24
728,13	1378,28
728,32	1366,00
728,51	1378,28
728,70	1363,95
728,90	1347,56
729,09	1437,67
729,28	1353,71
729,47	1439,72
729,66	1353,71
729,86	1456,11
730,05	1292,27
730,24	1400,81
730,43	1402,86
730,63	1355,76
730,82	1466,35
731,01	1366,00
731,20	1492,97
731,39	1419,24
731,58	1396,71
731,78	1402,86
731,97	1413,10
732,16	1441,77
732,35	1382,38
732,54	1419,24
732,74	1482,73
732,93	1447,91
733,12	1361,90
733,31	1406,95
733,50	1390,57
733,69	1396,71
733,89	1458,15
734,08	1517,54
734,27	1427,43
734,46	1427,43
734,65	1421,29
734,84	1363,95
735,04	1415,15
735,23	1374,19
735,42	1449,96
735,61	1349,61
735,80	1435,63
735,99	1406,95
736,19	1392,62
736,38	1398,76
736,57	1400,81
736,76	1361,90
736,95	1472,49
737,14	1433,58
737,33	1384,43
737,53	1486,83
737,72	1351,66
737,91	1363,95
738,10	1470,44
738,29	1300,46
738,48	1402,86
738,67	1421,29
738,87	1419,24
739,06	1306,60
739,25	1413,10
739,44	1294,32
739,63	1366,00
739,82	1368,04
740,01	1429,48
740,20	1392,62
740,40	1423,34
740,59	1413,10
740,78	1456,11
740,97	1445,87
741,16	1523,69
741,35	1505,26
741,54	1425,39
741,73	1363,95
741,92	1478,63
742,12	1411,05
742,31	1431,53
742,50	1488,87
742,69	1482,73
742,88	1437,67
743,07	1427,43
743,26	1325,04
743,45	1497,07
743,64	1372,14
743,83	1429,48
744,02	1431,53
744,22	1382,38
744,41	1445,87
744,60	1425,39
744,79	1368,04
744,98	1398,76
745,17	1345,52
745,36	1351,66
745,55	1406,95
745,74	1370,09
745,93	1406,95
746,12	1406,95
746,31	1437,67
746,50	1388,52
746,70	1368,04
746,89	1388,52
747,08	1419,24
747,27	1417,19
747,46	1452,01
747,65	1437,67
747,84	1449,96
748,03	1394,67
748,22	1427,43
748,41	1437,67
748,60	1466,35
748,79	1429,48
748,98	1425,39
749,17	1404,91
749,36	1419,24
749,55	1454,06
749,74	1359,85
749,93	1478,63
750,12	1439,72
750,31	1470,44
750,50	1402,86
750,70	1400,81
750,89	1495,02
751,08	1599,46
751,27	1538,02
751,46	1470,44
751,65	1441,77
751,84	1466,35
752,03	1386,47
752,22	1439,72
752,41	1345,52
752,60	1468,39
752,79	1517,54
752,98	1374,19
753,17	1443,82
753,36	1462,25
753,55	1470,44
753,74	1499,11
753,93	1505,26
754,12	1497,07
754,31	1466,35
754,50	1464,30
754,69	1417,19
754,88	1417,19
755,07	1445,87
755,26	1341,42
755,45	1386,47
755,64	1458,15
755,83	1429,48
756,02	1470,44
756,21	1368,04
756,40	1484,78
756,59	1382,38
756,78	1466,35
756,97	1466,35
757,16	1435,63
757,35	1554,41
757,54	1431,53
757,72	1464,30
757,91	1402,86
758,10	1406,95
758,29	1439,72
758,48	1509,35
758,67	1382,38
758,86	1439,72
759,05	1476,59
759,24	1535,98
759,43	1542,12
759,62	1419,24
759,81	1490,92
760,00	1454,06
760,19	1435,63
760,38	1433,58
760,57	1409,00
760,76	1355,76
760,95	1560,55
761,14	1384,43
761,33	1470,44
761,52	1480,68
761,70	1503,21
761,89	1472,49
762,08	1460,20
762,27	1437,67
762,46	1439,72
762,65	1501,16
762,84	1409,00
763,03	1433,58
763,22	1437,67
763,41	1425,39
763,60	1314,80
763,79	1458,15
763,98	1515,50
764,16	1392,62
764,35	1413,10
764,54	1394,67
764,73	1468,39
764,92	1558,50
765,11	1503,21
765,30	1521,64
765,49	1454,06
765,68	1499,11
765,87	1398,76
766,06	1406,95
766,24	1497,07
766,43	1394,67
766,62	1548,26
766,81	1447,91
767,00	1435,63
767,19	1427,43
767,38	1419,24
767,57	1419,24
767,76	1433,58
767,94	1499,11
768,13	1429,48
768,32	1478,63
768,51	1404,91
768,70	1447,91
768,89	1492,97
769,08	1425,39
769,27	1417,19
769,45	1402,86
769,64	1533,93
769,83	1460,20
770,02	1480,68
770,21	1378,28
770,40	1482,73
770,59	1322,99
770,77	1386,47
770,96	1492,97
771,15	1437,67
771,34	1351,66
771,53	1525,74
771,72	1538,02
771,91	1435,63
772,09	1452,01
772,28	1470,44
772,47	1435,63
772,66	1531,88
772,85	1468,39
773,04	1460,20
773,22	1441,77
773,41	1495,02
773,60	1476,59
773,79	1499,11
773,98	1447,91
774,17	1390,57
774,35	1476,59
774,54	1439,72
774,73	1452,01
774,92	1529,83
775,11	1478,63
775,30	1513,45
775,48	1411,05
775,67	1515,50
775,86	1476,59
776,05	1527,78
776,24	1523,69
776,42	1527,78
776,61	1468,39
776,80	1435,63
776,99	1470,44
777,18	1454,06
777,36	1406,95
777,55	1445,87
777,74	1449,96
777,93	1435,63
778,12	1460,20
778,30	1535,98
778,49	1482,73
778,68	1505,26
778,87	1429,48
779,06	1482,73
779,24	1499,11
779,43	1452,01
779,62	1560,55
779,81	1419,24
779,99	1468,39
780,18	1484,78
780,37	1497,07
780,56	1515,50
780,75	1452,01
780,93	1505,26
781,12	1523,69
781,31	1497,07
781,50	1476,59
781,68	1433,58
781,87	1427,43
782,06	1406,95
782,25	1421,29
782,43	1480,68
782,62	1443,82
782,81	1421,29
783,00	1476,59
783,18	1390,57
783,37	1406,95
783,56	1480,68
783,75	1441,77
783,93	1486,83
784,12	1464,30
784,31	1445,87
784,50	1464,30
784,68	1474,54
784,87	1521,64
785,06	1505,26
785,24	1470,44
785,43	1509,35
785,62	1478,63
785,81	1480,68
785,99	1368,04
786,18	1425,39
786,37	1421,29
786,56	1423,34
786,74	1427,43
786,93	1497,07
787,12	1462,25
787,30	1366,00
787,49	1466,35
787,68	1472,49
787,87	1431,53
788,05	1390,57
788,24	1456,11
788,43	1417,19
788,61	1533,93
788,80	1378,28
788,99	1345,52
789,17	1445,87
789,36	1480,68
789,55	1374,19
789,73	1542,12
789,92	1341,42
790,11	1474,54
790,30	1482,73
790,48	1392,62
790,67	1347,56
790,86	1454,06
791,04	1468,39
791,23	1525,74
791,42	1484,78
791,60	1400,81
791,79	1413,10
791,98	1384,43
792,16	1433,58
792,35	1501,16
792,54	1437,67
792,72	1415,15
792,91	1480,68
793,10	1361,90
793,28	1421,29
793,47	1460,20
793,66	1390,57
793,84	1484,78
794,03	1386,47
794,22	1468,39
794,40	1492,97
794,59	1421,29
794,77	1398,76
794,96	1394,67
795,15	1386,47
795,33	1357,80
795,52	1458,15
795,71	1390,57
795,89	1361,90
796,08	1488,87
796,27	1482,73
796,45	1427,43
796,64	1415,15
796,82	1425,39
797,01	1374,19
797,20	1466,35
797,38	1409,00
797,57	1409,00
797,76	1382,38
797,94	1363,95
798,13	1474,54
798,31	1411,05
798,50	1394,67
798,69	1427,43
798,87	1368,04
799,06	1400,81
799,24	1355,76
799,43	1488,87
799,62	1314,80
799,80	1406,95
799,99	1511,40
800,17	1390,57
800,36	1454,06
800,55	1497,07
800,73	1466,35
800,92	1368,04
801,10	1300,46
801,29	1421,29
801,48	1468,39
801,66	1423,34
801,85	1361,90
802,03	1378,28
802,22	1441,77
802,40	1447,91
802,59	1382,38
802,78	1406,95
802,96	1431,53
803,15	1423,34
803,33	1447,91
803,52	1464,30
803,70	1398,76
803,89	1441,77
804,08	1400,81
804,26	1388,52
804,45	1386,47
804,63	1372,14
804,82	1495,02
805,00	1402,86
805,19	1423,34
805,37	1464,30
805,56	1480,68
805,74	1374,19
805,93	1411,05
806,12	1478,63
806,30	1386,47
806,49	1470,44
806,67	1468,39
806,86	1400,81
807,04	1402,86
807,23	1392,62
807,41	1378,28
807,60	1443,82
807,78	1388,52
807,97	1667,05
808,15	1390,57
808,34	1409,00
808,52	1425,39
808,71	1417,19
808,89	1370,09
809,08	1456,11
809,27	1417,19
809,45	1404,91
809,64	1402,86
809,82	1363,95
810,01	1513,45
810,19	1415,15
810,38	1372,14
810,56	1394,67
810,75	1452,01
810,93	1423,34
811,12	1411,05
811,30	1353,71
811,49	1454,06
811,67	1464,30
811,85	1421,29
812,04	1458,15
812,22	1390,57
812,41	1427,43
812,59	1374,19
812,78	1320,94
812,96	1337,32
813,15	1458,15
813,33	1476,59
813,52	1441,77
813,70	1396,71
813,89	1417,19
814,07	1503,21
814,26	1492,97
814,44	1445,87
814,63	1521,64
814,81	1456,11
815,00	1419,24
815,18	1452,01
815,36	1482,73
815,55	1316,84
815,73	1376,24
815,92	1464,30
816,10	1492,97
816,29	1390,57
816,47	1423,34
816,66	1419,24
816,84	1441,77
817,02	1427,43
817,21	1376,24
817,39	1380,33
817,58	1361,90
817,76	1406,95
817,95	1423,34
818,13	1314,80
818,32	1454,06
818,50	1443,82
818,68	1404,91
818,87	1458,15
819,05	1380,33
819,24	1423,34
819,42	1351,66
819,60	1406,95
819,79	1427,43
819,97	1437,67
820,16	1433,58
820,34	1419,24
820,53	1355,76
820,71	1462,25
820,89	1472,49
821,08	1427,43
821,26	1458,15
821,45	1409,00
821,63	1482,73
821,81	1366,00
822,00	1435,63
822,18	1492,97
822,37	1486,83
822,55	1423,34
822,73	1392,62
822,92	1454,06
823,10	1409,00
823,28	1411,05
823,47	1392,62
823,65	1376,24
823,84	1341,42
824,02	1488,87
824,20	1466,35
824,39	1396,71
824,57	1492,97
824,75	1353,71
824,94	1456,11
825,12	1525,74
825,31	1380,33
825,49	1439,72
825,67	1466,35
825,86	1390,57
826,04	1458,15
826,22	1550,31
826,41	1564,65
826,59	1396,71
826,77	1396,71
826,96	1456,11
827,14	1411,05
827,32	1460,20
827,51	1435,63
827,69	1486,83
827,87	1415,15
828,06	1462,25
828,24	1402,86
828,42	1466,35
828,61	1474,54
828,79	1404,91
828,97	1484,78
829,16	1554,41
829,34	1325,04
829,52	1421,29
829,71	1497,07
829,89	1435,63
830,07	1437,67
830,26	1435,63
830,44	1394,67
830,62	1497,07
830,81	1421,29
830,99	1468,39
831,17	1509,35
831,36	1447,91
831,54	1456,11
831,72	1417,19
831,91	1366,00
832,09	1411,05
832,27	1425,39
832,45	1439,72
832,64	1435,63
832,82	1490,92
833,00	1406,95
833,19	1437,67
833,37	1505,26
833,55	1458,15
833,73	1447,91
833,92	1439,72
834,10	1431,53
834,28	1449,96
834,47	1468,39
834,65	1531,88
834,83	1505,26
835,01	1482,73
835,20	1472,49
835,38	1421,29
835,56	1415,15
835,74	1449,96
835,93	1443,82
836,11	1507,30
836,29	1531,88
836,47	1490,92
836,66	1425,39
836,84	1497,07
837,02	1439,72
837,21	1517,54
837,39	1415,15
837,57	1454,06
837,75	1431,53
837,94	1497,07
838,12	1488,87
838,30	1441,77
838,48	1382,38
838,66	1439,72
838,85	1529,83
839,03	1447,91
839,21	1370,09
839,39	1357,80
839,58	1406,95
839,76	1505,26
839,94	1486,83
840,12	1398,76
840,31	1499,11
840,49	1353,71
840,67	1470,44
840,85	1396,71
841,03	1449,96
841,22	1427,43
841,40	1452,01
841,58	1454,06
841,76	1370,09
841,94	1396,71
842,13	1531,88
842,31	1548,26
842,49	1423,34
842,67	1468,39
842,85	1372,14
843,04	1468,39
843,22	1435,63
843,40	1366,00
843,58	1460,20
843,76	1392,62
843,95	1441,77
844,13	1482,73
844,31	1409,00
844,49	1437,67
844,67	1396,71
844,86	1421,29
845,04	1339,37
845,22	1396,71
845,40	1417,19
845,58	1474,54
845,76	1427,43
845,95	1406,95
846,13	1456,11
846,31	1476,59
846,49	1460,20
846,67	1474,54
846,85	1468,39
847,04	1443,82
847,22	1445,87
847,40	1423,34
847,58	1478,63
847,76	1439,72
847,94	1441,77
848,12	1513,45
848,31	1484,78
848,49	1396,71
848,67	1388,52
848,85	1458,15
849,03	1484,78
849,21	1503,21
849,39	1527,78
849,58	1521,64
849,76	1478,63
849,94	1490,92
850,12	1415,15
850,30	1533,93
850,48	1439,72
850,66	1492,97
850,84	1468,39
851,03	1464,30
851,21	1429,48
851,39	1513,45
851,57	1425,39
851,75	1462,25
851,93	1398,76
852,11	1466,35
852,29	1484,78
852,47	1402,86
852,66	1503,21
852,84	1306,60
853,02	1413,10
853,20	1484,78
853,38	1488,87
853,56	1544,17
853,74	1474,54
853,92	1503,21
854,10	1441,77
854,28	1415,15
854,46	1505,26
854,65	1406,95
854,83	1447,91
855,01	1460,20
855,19	1509,35
855,37	1415,15
855,55	1449,96
855,73	1558,50
855,91	1429,48
856,09	1511,40
856,27	1415,15
856,45	1488,87
856,63	1462,25
856,81	1486,83
857,00	1454,06
857,18	1499,11
857,36	1476,59
857,54	1513,45
857,72	1415,15
857,90	1474,54
858,08	1521,64
858,26	1452,01
858,44	1507,30
858,62	1497,07
858,80	1394,67
858,98	1476,59
859,16	1468,39
859,34	1443,82
859,52	1449,96
859,70	1570,79
859,88	1384,43
860,06	1443,82
860,24	1388,52
860,42	1411,05
860,60	1482,73
860,78	1394,67
860,96	1386,47
861,14	1495,02
861,32	1392,62
861,50	1501,16
861,69	1443,82
861,87	1507,30
862,05	1431,53
862,23	1484,78
862,41	1396,71
862,59	1449,96
862,77	1495,02
862,95	1492,97
863,13	1597,42
863,31	1425,39
863,49	1376,24
863,67	1431,53
863,85	1447,91
864,03	1433,58
864,21	1454,06
864,39	1480,68
864,57	1429,48
864,75	1470,44
864,92	1572,84
865,10	1478,63
865,28	1472,49
865,46	1413,10
865,64	1495,02
865,82	1427,43
866,00	1406,95
866,18	1447,91
866,36	1359,85
866,54	1505,26
866,72	1413,10
866,90	1535,98
867,08	1437,67
867,26	1415,15
867,44	1363,95
867,62	1456,11
867,80	1470,44
867,98	1501,16
868,16	1458,15
868,34	1529,83
868,52	1460,20
868,70	1433,58
868,88	1398,76
869,06	1382,38
869,24	1456,11
869,42	1351,66
869,59	1507,30
869,77	1439,72
869,95	1445,87
870,13	1486,83
870,31	1394,67
870,49	1482,73
870,67	1433,58
870,85	1458,15
871,03	1415,15
871,21	1525,74
871,39	1435,63
871,57	1396,71
871,75	1378,28
871,92	1449,96
872,10	1396,71
872,28	1443,82
872,46	1429,48
872,64	1431,53
872,82	1447,91
873,00	1374,19
873,18	1341,42
873,36	1441,77
873,54	1390,57
873,72	1396,71
873,89	1466,35
874,07	1505,26
874,25	1587,18
874,43	1486,83
874,61	1501,16
874,79	1476,59
874,97	1417,19
875,15	1433,58
875,33	1478,63
875,50	1433,58
875,68	1417,19
875,86	1486,83
876,04	1540,07
876,22	1378,28
876,40	1525,74
876,58	1486,83
876,76	1460,20
876,93	1505,26
877,11	1402,86
877,29	1474,54
877,47	1533,93
877,65	1466,35
877,83	1527,78
878,01	1497,07
878,18	1445,87
878,36	1411,05
878,54	1349,61
878,72	1419,24
878,90	1402,86
879,08	1519,59
879,25	1484,78
879,43	1466,35
879,61	1458,15
879,79	1466,35
879,97	1456,11
880,15	1345,52
880,32	1423,34
880,50	1429,48
880,68	1429,48
880,86	1460,20
881,04	1439,72
881,22	1501,16
881,39	1449,96
881,57	1533,93
881,75	1441,77
881,93	1507,30
882,11	1441,77
882,28	1443,82
882,46	1478,63
882,64	1499,11
882,82	1413,10
883,00	1478,63
883,18	1472,49
883,35	1445,87
883,53	1415,15
883,71	1495,02
883,89	1476,59
884,07	1417,19
884,24	1368,04
884,42	1392,62
884,60	1456,11
884,78	1527,78
884,95	1386,47
885,13	1423,34
885,31	1445,87
885,49	1390,57
885,67	1431,53
885,84	1572,84
886,02	1478,63
886,20	1388,52
886,38	1390,57
886,55	1480,68
886,73	1415,15
886,91	1531,88
887,09	1329,13
887,26	1359,85
887,44	1472,49
887,62	1429,48
887,80	1431,53
887,98	1441,77
888,15	1376,24
888,33	1382,38
888,51	1400,81
888,69	1507,30
888,86	1439,72
889,04	1447,91
889,22	1476,59
889,39	1513,45
889,57	1427,43
889,75	1415,15
889,93	1439,72
890,10	1449,96
890,28	1492,97
890,46	1433,58
890,64	1423,34
890,81	1449,96
890,99	1382,38
891,17	1425,39
891,34	1538,02
891,52	1439,72
891,70	1406,95
891,88	1339,37
892,05	1443,82
892,23	1480,68
892,41	1452,01
892,58	1349,61
892,76	1511,40
892,94	1429,48
893,12	1509,35
893,29	1386,47
893,47	1427,43
893,65	1339,37
893,82	1445,87
894,00	1521,64
894,18	1335,28
894,35	1456,11
894,53	1433,58
894,71	1607,66
894,89	1390,57
895,06	1423,34
895,24	1402,86
895,42	1513,45
895,59	1439,72
895,77	1460,20
895,95	1445,87
896,12	1396,71
896,30	1361,90
896,48	1458,15
896,65	1497,07
896,83	1431,53
897,01	1370,09
897,18	1427,43
897,36	1527,78
897,54	1441,77
897,71	1501,16
897,89	1409,00
898,07	1404,91
898,24	1355,76
898,42	1409,00
898,59	1429,48
898,77	1439,72
898,95	1456,11
899,12	1353,71
899,30	1413,10
899,48	1435,63
899,65	1486,83
899,83	1437,67
900,01	1452,01
900,18	1525,74
900,36	1515,50
900,53	1433,58
900,71	1460,20
900,89	1540,07
901,06	1439,72
901,24	1437,67
901,42	1482,73
901,59	1445,87
901,77	1548,26
901,94	1470,44
902,12	1497,07
902,30	1415,15
902,47	1374,19
902,65	1423,34
902,82	1425,39
903,00	1456,11
903,18	1515,50
903,35	1429,48
903,53	1398,76
903,70	1429,48
903,88	1492,97
904,06	1486,83
904,23	1402,86
904,41	1435,63
904,58	1431,53
904,76	1456,11
904,93	1482,73
905,11	1404,91
905,29	1476,59
905,46	1460,20
905,64	1486,83
905,81	1411,05
905,99	1347,56
906,16	1525,74
906,34	1415,15
906,52	1386,47
906,69	1308,65
906,87	1433,58
907,04	1402,86
907,22	1456,11
907,39	1468,39
907,57	1470,44
907,75	1513,45
907,92	1406,95
908,10	1542,12
908,27	1435,63
908,45	1499,11
908,62	1433,58
908,80	1466,35
908,97	1384,43
909,15	1484,78
909,32	1468,39
909,50	1497,07
909,67	1447,91
909,85	1443,82
910,03	1392,62
910,20	1458,15
910,38	1429,48
910,55	1409,00
910,73	1392,62
910,90	1435,63
911,08	1396,71
911,25	1449,96
911,43	1552,36
911,60	1445,87
911,78	1452,01
911,95	1507,30
912,13	1425,39
912,30	1458,15
912,48	1370,09
912,65	1394,67
912,83	1386,47
913,00	1484,78
913,18	1468,39
913,35	1398,76
913,53	1316,84
913,70	1435,63
913,88	1363,95
914,05	1488,87
914,23	1406,95
914,40	1447,91
914,58	1503,21
914,75	1488,87
914,93	1406,95
915,10	1349,61
915,27	1492,97
915,45	1429,48
915,62	1460,20
915,80	1482,73
915,97	1384,43
916,15	1503,21
916,32	1570,79
916,50	1456,11
916,67	1435,63
916,85	1421,29
917,02	1464,30
917,20	1456,11
917,37	1429,48
917,54	1511,40
917,72	1454,06
917,89	1441,77
918,07	1470,44
918,24	1499,11
918,42	1439,72
918,59	1517,54
918,77	1431,53
918,94	1566,70
919,11	1341,42
919,29	1492,97
919,46	1515,50
919,64	1470,44
919,81	1499,11
919,99	1460,20
920,16	1447,91
920,33	1462,25
920,51	1490,92
920,68	1511,40
920,86	1525,74
921,03	1501,16
921,20	1431,53
921,38	1347,56
921,55	1466,35
921,73	1513,45
921,90	1413,10
922,07	1544,17
922,25	1402,86
922,42	1435,63
922,60	1409,00
922,77	1480,68
922,94	1468,39
923,12	1462,25
923,29	1499,11
923,47	1429,48
923,64	1488,87
923,81	1478,63
923,99	1435,63
924,16	1431,53
924,34	1388,52
924,51	1486,83
924,68	1499,11
924,86	1421,29
925,03	1445,87
925,20	1546,22
925,38	1314,80
925,55	1445,87
925,72	1478,63
925,90	1439,72
926,07	1546,22
926,25	1482,73
926,42	1423,34
926,59	1406,95
926,77	1468,39
926,94	1517,54
927,11	1464,30
927,29	1437,67
927,46	1443,82
927,63	1499,11
927,81	1492,97
927,98	1478,63
928,15	1417,19
928,33	1583,08
928,50	1462,25
928,67	1515,50
928,85	1486,83
929,02	1386,47
929,19	1523,69
929,37	1490,92
929,54	1322,99
929,71	1554,41
929,89	1468,39
930,06	1458,15
930,23	1456,11
930,41	1472,49
930,58	1419,24
930,75	1462,25
930,92	1550,31
931,10	1488,87
931,27	1419,24
931,44	1558,50
931,62	1419,24
931,79	1431,53
931,96	1521,64
932,14	1472,49
932,31	1462,25
932,48	1441,77
932,65	1370,09
932,83	1515,50
933,00	1433,58
933,17	1538,02
933,35	1480,68
933,52	1480,68
933,69	1482,73
933,86	1462,25
934,04	1470,44
934,21	1400,81
934,38	1488,87
934,55	1447,91
934,73	1445,87
934,90	1472,49
935,07	1402,86
935,25	1519,59
935,42	1357,80
935,59	1411,05
935,76	1497,07
935,94	1337,32
936,11	1435,63
936,28	1449,96
936,45	1437,67
936,63	1404,91
936,80	1431,53
936,97	1439,72
937,14	1439,72
937,31	1503,21
937,49	1452,01
937,66	1472,49
937,83	1431,53
938,00	1458,15
938,18	1538,02
938,35	1384,43
938,52	1517,54
938,69	1443,82
938,87	1349,61
939,04	1378,28
939,21	1425,39
939,38	1478,63
939,55	1402,86
939,73	1540,07
939,90	1443,82
940,07	1366,00
940,24	1503,21
940,41	1464,30
940,59	1413,10
940,76	1388,52
940,93	1413,10
941,10	1400,81
941,27	1470,44
941,45	1460,20
941,62	1531,88
941,79	1382,38
941,96	1511,40
942,13	1519,59
942,31	1439,72
942,48	1499,11
942,65	1484,78
942,82	1439,72
942,99	1421,29
943,16	1341,42
943,34	1513,45
943,51	1505,26
943,68	1476,59
943,85	1472,49
944,02	1538,02
944,19	1374,19
944,37	1490,92
944,54	1503,21
944,71	1400,81
944,88	1509,35
945,05	1505,26
945,22	1476,59
945,40	1507,30
945,57	1415,15
945,74	1392,62
945,91	1464,30
946,08	1423,34
946,25	1521,64
946,42	1386,47
946,60	1482,73
946,77	1458,15
946,94	1529,83
947,11	1484,78
947,28	1474,54
947,45	1462,25
947,62	1478,63
947,79	1441,77
947,97	1538,02
948,14	1519,59
948,31	1394,67
948,48	1400,81
948,65	1429,48
948,82	1454,06
948,99	1466,35
949,16	1492,97
949,33	1417,19
949,51	1486,83
949,68	1433,58
949,85	1474,54
950,02	1478,63
950,19	1384,43
950,36	1474,54
950,53	1366,00
950,70	1431,53
950,87	1447,91
951,04	1413,10
951,22	1392,62
951,39	1478,63
951,56	1425,39
951,73	1503,21
951,90	1380,33
952,07	1470,44
952,24	1486,83
952,41	1503,21
952,58	1427,43
952,75	1488,87
952,92	1431,53
953,09	1449,96
953,26	1413,10
953,43	1558,50
953,61	1544,17
953,78	1531,88
953,95	1402,86
954,12	1449,96
954,29	1394,67
954,46	1456,11
954,63	1443,82
954,80	1513,45
954,97	1419,24
955,14	1484,78
955,31	1452,01
955,48	1437,67
955,65	1456,11
955,82	1433,58
955,99	1474,54
956,16	1417,19
956,33	1525,74
956,50	1427,43
956,67	1439,72
956,84	1433,58
957,01	1406,95
957,18	1308,65
957,35	1433,58
957,52	1476,59
957,69	1439,72
957,86	1388,52
958,03	1427,43
958,20	1542,12
958,37	1511,40
958,54	1443,82
958,71	1423,34
958,88	1533,93
959,05	1476,59
959,22	1435,63
959,39	1456,11
959,56	1423,34
959,73	1454,06
959,90	1495,02
960,07	1349,61
960,24	1357,80
960,41	1449,96
960,58	1466,35
960,75	1409,00
960,92	1452,01
961,09	1507,30
961,26	1427,43
961,43	1439,72
961,60	1347,56
961,77	1503,21
961,94	1423,34
962,11	1339,37
962,28	1486,83
962,45	1406,95
962,62	1402,86
962,79	1488,87
962,96	1466,35
963,13	1460,20
963,30	1488,87
963,47	1452,01
963,64	1468,39
963,81	1486,83
963,98	1470,44
964,14	1466,35
964,31	1439,72
964,48	1503,21
964,65	1460,20
964,82	1411,05
964,99	1411,05
965,16	1417,19
965,33	1476,59
965,50	1361,90
965,67	1484,78
965,84	1421,29
966,01	1439,72
966,18	1370,09
966,35	1470,44
966,51	1460,20
966,68	1501,16
966,85	1439,72
967,02	1419,24
967,19	1417,19
967,36	1476,59
967,53	1390,57
967,70	1488,87
967,87	1443,82
968,04	1421,29
968,21	1378,28
968,37	1519,59
968,54	1443,82
968,71	1464,30
968,88	1452,01
969,05	1454,06
969,22	1392,62
969,39	1474,54
969,56	1478,63
969,72	1390,57
969,89	1513,45
970,06	1464,30
970,23	1472,49
970,40	1531,88
970,57	1429,48
970,74	1535,98
970,91	1411,05
971,07	1431,53
971,24	1441,77
971,41	1486,83
971,58	1501,16
971,75	1447,91
971,92	1347,56
972,09	1398,76
972,25	1361,90
972,42	1439,72
972,59	1396,71
972,76	1413,10
972,93	1433,58
973,10	1447,91
973,27	1492,97
973,43	1437,67
973,60	1366,00
973,77	1460,20
973,94	1441,77
974,11	1533,93
974,28	1529,83
974,44	1320,94
974,61	1413,10
974,78	1415,15
974,95	1443,82
975,12	1445,87
975,28	1480,68
975,45	1423,34
975,62	1404,91
975,79	1363,95
975,96	1433,58
976,12	1425,39
976,29	1509,35
976,46	1388,52
976,63	1435,63
976,80	1417,19
976,96	1398,76
977,13	1478,63
977,30	1447,91
977,47	1370,09
977,64	1392,62
977,80	1409,00
977,97	1343,47
978,14	1419,24
978,31	1368,04
978,48	1378,28
978,64	1423,34
978,81	1413,10
978,98	1400,81
979,15	1392,62
979,31	1452,01
979,48	1402,86
979,65	1441,77
979,82	1460,20
979,98	1404,91
980,15	1411,05
980,32	1521,64
980,49	1366,00
980,66	1398,76
980,82	1363,95
980,99	1398,76
981,16	1443,82
981,33	1423,34
981,49	1415,15
981,66	1558,50
981,83	1460,20
981,99	1419,24
982,16	1396,71
982,33	1372,14
982,50	1337,32
982,66	1398,76
982,83	1349,61
983,00	1435,63
983,17	1355,76
983,33	1411,05
983,50	1454,06
983,67	1394,67
983,83	1361,90
984,00	1406,95
984,17	1458,15
984,34	1466,35
984,50	1368,04
984,67	1415,15
984,84	1466,35
985,00	1413,10
985,17	1351,66
985,34	1392,62
985,51	1435,63
985,67	1429,48
985,84	1411,05
986,01	1312,75
986,17	1396,71
986,34	1390,57
986,51	1343,47
986,67	1413,10
986,84	1388,52
987,01	1425,39
987,17	1413,10
987,34	1419,24
987,51	1368,04
987,67	1353,71
987,84	1357,80
988,01	1466,35
988,17	1392,62
988,34	1286,12
988,51	1370,09
988,67	1411,05
988,84	1388,52
989,01	1404,91
989,17	1435,63
989,34	1421,29
989,51	1400,81
989,67	1374,19
989,84	1402,86
990,01	1396,71
990,17	1406,95
990,34	1363,95
990,51	1376,24
990,67	1404,91
990,84	1439,72
991,01	1357,80
991,17	1404,91
991,34	1409,00
991,50	1351,66
991,67	1376,24
991,84	1421,29
992,00	1413,10
992,17	1480,68
992,34	1480,68
992,50	1521,64
992,67	1411,05
992,83	1392,62
993,00	1445,87
993,17	1511,40
993,33	1380,33
993,50	1501,16
993,66	1402,86
993,83	1476,59
994,00	1413,10
994,16	1425,39
994,33	1445,87
994,49	1431,53
994,66	1421,29
994,83	1400,81
994,99	1345,52
995,16	1388,52
995,32	1413,10
995,49	1437,67
995,66	1398,76
995,82	1398,76
995,99	1413,10
996,15	1468,39
996,32	1398,76
996,48	1347,56
996,65	1406,95
996,82	1413,10
996,98	1492,97
997,15	1472,49
997,31	1402,86
997,48	1378,28
997,64	1366,00
997,81	1445,87
997,97	1341,42
998,14	1443,82
998,31	1419,24
998,47	1396,71
998,64	1472,49
998,80	1417,19
998,97	1417,19
999,13	1472,49
999,30	1374,19
999,46	1492,97
999,63	1476,59
999,79	1411,05
999,96	1458,15
1000,12	1433,58
1000,29	1488,87
1000,45	1488,87
1000,62	1390,57
1000,79	1517,54
1000,95	1441,77
1001,12	1492,97
1001,28	1300,46
1001,45	1349,61
1001,61	1425,39
1001,78	1376,24
1001,94	1427,43
1002,11	1445,87
1002,27	1425,39
1002,44	1390,57
1002,60	1437,67
1002,77	1406,95
1002,93	1458,15
1003,10	1402,86
1003,26	1335,28
1003,43	1519,59
1003,59	1382,38
1003,76	1443,82
1003,92	1378,28
1004,09	1374,19
1004,25	1495,02
1004,41	1470,44
1004,58	1445,87
1004,74	1423,34
1004,91	1404,91
1005,07	1357,80
1005,24	1480,68
1005,40	1347,56
1005,57	1409,00
1005,73	1445,87
1005,90	1372,14
1006,06	1337,32
1006,23	1517,54
1006,39	1417,19
1006,55	1411,05
1006,72	1347,56
1006,88	1388,52
1007,05	1394,67
1007,21	1411,05
1007,38	1372,14
1007,54	1460,20
1007,71	1427,43
1007,87	1312,75
1008,03	1470,44
1008,20	1443,82
1008,36	1406,95
1008,53	1396,71
1008,69	1421,29
1008,86	1566,70
1009,02	1327,08
1009,18	1462,25
1009,35	1480,68
1009,51	1409,00
1009,68	1392,62
1009,84	1376,24
1010,01	1421,29
1010,17	1501,16
1010,33	1382,38
1010,50	1449,96
1010,66	1462,25
1010,83	1372,14
1010,99	1474,54
1011,15	1374,19
1011,32	1368,04
1011,48	1417,19
1011,65	1437,67
1011,81	1382,38
1011,97	1406,95
1012,14	1505,26
1012,30	1435,63
1012,46	1441,77
1012,63	1456,11
1012,79	1331,18
1012,96	1466,35
1013,12	1406,95
1013,28	1347,56
1013,45	1349,61
1013,61	1382,38
1013,77	1398,76
1013,94	1388,52
1014,10	1423,34
1014,26	1398,76
1014,43	1388,52
1014,59	1400,81
1014,76	1480,68
1014,92	1464,30
1015,08	1394,67
1015,25	1417,19
1015,41	1435,63
1015,57	1488,87
1015,74	1396,71
1015,90	1390,57
1016,06	1349,61
1016,23	1458,15
1016,39	1316,84
1016,55	1507,30
1016,72	1398,76
1016,88	1341,42
1017,04	1368,04
1017,21	1363,95
1017,37	1363,95
1017,53	1419,24
1017,70	1374,19
1017,86	1452,01
1018,02	1378,28
1018,19	1464,30
1018,35	1443,82
1018,51	1392,62
1018,67	1421,29
1018,84	1398,76
1019,00	1341,42
1019,16	1503,21
1019,33	1370,09
1019,49	1421,29
1019,65	1429,48
1019,82	1454,06
1019,98	1370,09
1020,14	1398,76
1020,30	1445,87
1020,47	1372,14
1020,63	1427,43
1020,79	1427,43
1020,96	1402,86
1021,12	1470,44
1021,28	1425,39
1021,44	1382,38
1021,61	1437,67
1021,77	1460,20
1021,93	1368,04
1022,09	1449,96
1022,26	1460,20
1022,42	1357,80
1022,58	1501,16
1022,74	1343,47
1022,91	1419,24
1023,07	1525,74
1023,23	1443,82
1023,39	1447,91
1023,56	1312,75
1023,72	1470,44
1023,88	1345,52
1024,04	1361,90
1024,21	1368,04
1024,37	1333,23
1024,53	1482,73
1024,69	1402,86
1024,86	1458,15
1025,02	1300,46
1025,18	1398,76
1025,34	1347,56
1025,50	1476,59
1025,67	1320,94
1025,83	1447,91
1025,99	1509,35
1026,15	1497,07
1026,32	1419,24
1026,48	1396,71
1026,64	1515,50
1026,80	1480,68
1026,96	1480,68
1027,13	1398,76
1027,29	1454,06
1027,45	1353,71
1027,61	1404,91
1027,77	1386,47
1027,94	1370,09
1028,10	1398,76
1028,26	1322,99
1028,42	1415,15
1028,58	1404,91
1028,75	1386,47
1028,91	1388,52
1029,07	1314,80
1029,23	1374,19
1029,39	1409,00
1029,55	1415,15
1029,72	1398,76
1029,88	1478,63
1030,04	1433,58
1030,20	1359,85
1030,36	1396,71
1030,52	1415,15
1030,69	1538,02
1030,85	1415,15
1031,01	1380,33
1031,17	1402,86
1031,33	1431,53
1031,49	1476,59
1031,65	1415,15
1031,82	1357,80
1031,98	1404,91
1032,14	1406,95
1032,30	1402,86
1032,46	1458,15
1032,62	1441,77
1032,78	1439,72
1032,95	1312,75
1033,11	1435,63
1033,27	1382,38
1033,43	1454,06
1033,59	1398,76
1033,75	1404,91
1033,91	1314,80
1034,07	1484,78
1034,24	1505,26
1034,40	1370,09
1034,56	1425,39
1034,72	1439,72
1034,88	1437,67
1035,04	1413,10
1035,20	1433,58
1035,36	1357,80
1035,52	1331,18
1035,68	1378,28
1035,85	1400,81
1036,01	1384,43
1036,17	1490,92
1036,33	1413,10
1036,49	1380,33
1036,65	1433,58
1036,81	1419,24
1036,97	1357,80
1037,13	1368,04
1037,29	1394,67
1037,45	1501,16
1037,61	1343,47
1037,78	1366,00
1037,94	1390,57
1038,10	1390,57
1038,26	1392,62
1038,42	1349,61
1038,58	1474,54
1038,74	1384,43
1038,90	1439,72
1039,06	1398,76
1039,22	1411,05
1039,38	1378,28
1039,54	1396,71
1039,70	1468,39
1039,86	1411,05
1040,02	1382,38
1040,18	1439,72
1040,34	1468,39
1040,50	1378,28
1040,66	1404,91
1040,83	1363,95
1040,99	1288,17
1041,15	1482,73
1041,31	1495,02
1041,47	1400,81
1041,63	1417,19
1041,79	1361,90
1041,95	1380,33
1042,11	1271,79
1042,27	1435,63
1042,43	1431,53
1042,59	1468,39
1042,75	1439,72
1042,91	1366,00
