344,25	1316,84
344,46	1316,84
344,68	1316,84
344,90	1251,31
345,12	1282,03
345,34	1372,14
345,55	1419,24
345,77	1353,71
345,99	1363,95
346,21	1456,11
346,42	1423,34
346,64	1490,92
346,86	1327,08
347,08	1413,10
347,30	1394,67
347,51	1394,67
347,73	1460,20
347,95	1474,54
348,17	1361,90
348,38	1425,39
348,60	1368,04
348,82	1421,29
349,04	1435,63
349,25	1482,73
349,47	1390,57
349,69	1439,72
349,91	1482,73
350,13	1456,11
350,34	1382,38
350,56	1361,90
350,78	1341,42
351,00	1441,77
351,21	1462,25
351,43	1454,06
351,65	1427,43
351,87	1431,53
352,08	1515,50
352,30	1437,67
352,52	1335,28
352,74	1447,91
352,95	1482,73
353,17	1511,40
353,39	1370,09
353,61	1466,35
353,82	1378,28
354,04	1347,56
354,26	1370,09
354,47	1468,39
354,69	1409,00
354,91	1419,24
355,13	1427,43
355,34	1501,16
355,56	1318,89
355,78	1374,19
356,00	1437,67
356,21	1396,71
356,43	1402,86
356,65	1429,48
356,86	1488,87
357,08	1392,62
357,30	1470,44
357,52	1384,43
357,73	1374,19
357,95	1413,10
358,17	1392,62
358,38	1480,68
358,60	1347,56
358,82	1341,42
359,04	1466,35
359,25	1462,25
359,47	1476,59
359,69	1429,48
359,90	1462,25
360,12	1529,83
360,34	1413,10
360,56	1452,01
360,77	1525,74
360,99	1535,98
361,21	1443,82
361,42	1472,49
361,64	1486,83
361,86	1523,69
362,07	1433,58
362,29	1415,15
362,51	1361,90
362,73	1351,66
362,94	1488,87
363,16	1433,58
363,38	1406,95
363,59	1486,83
363,81	1419,24
364,03	1423,34
364,24	1447,91
364,46	1447,91
364,68	1435,63
364,89	1368,04
365,11	1523,69
365,33	1456,11
365,54	1415,15
365,76	1417,19
365,98	1488,87
366,19	1472,49
366,41	1443,82
366,63	1466,35
366,84	1370,09
367,06	1447,91
367,28	1521,64
367,49	1499,11
367,71	1447,91
367,93	1415,15
368,14	1478,63
368,36	1482,73
368,58	1470,44
368,79	1468,39
369,01	1464,30
369,23	1517,54
369,44	1511,40
369,66	1466,35
369,88	1480,68
370,09	1402,86
370,31	1540,07
370,53	1415,15
370,74	1378,28
370,96	1435,63
371,18	1445,87
371,39	1452,01
371,61	1503,21
371,82	1449,96
372,04	1411,05
372,26	1423,34
372,47	1462,25
372,69	1513,45
372,91	1466,35
373,12	1404,91
373,34	1509,35
373,56	1449,96
373,77	1460,20
373,99	1490,92
374,20	1454,06
374,42	1497,07
374,64	1488,87
374,85	1437,67
375,07	1456,11
375,29	1456,11
375,50	1441,77
375,72	1419,24
375,93	1411,05
376,15	1439,72
376,37	1413,10
376,58	1480,68
376,80	1421,29
377,01	1398,76
377,23	1423,34
377,45	1519,59
377,66	1380,33
377,88	1433,58
378,10	1523,69
378,31	1417,19
378,53	1521,64
378,74	1466,35
378,96	1488,87
379,18	1499,11
379,39	1425,39
379,61	1400,81
379,82	1392,62
380,04	1423,34
380,26	1478,63
380,47	1378,28
380,69	1419,24
380,90	1409,00
381,12	1384,43
381,33	1472,49
381,55	1374,19
381,77	1421,29
381,98	1460,20
382,20	1374,19
382,41	1374,19
382,63	1392,62
382,85	1411,05
383,06	1435,63
383,28	1398,76
383,49	1419,24
383,71	1439,72
383,92	1347,56
384,14	1427,43
384,36	1433,58
384,57	1439,72
384,79	1445,87
385,00	1484,78
385,22	1425,39
385,43	1366,00
385,65	1447,91
385,87	1411,05
386,08	1378,28
386,30	1435,63
386,51	1482,73
386,73	1421,29
386,94	1415,15
387,16	1476,59
387,37	1501,16
387,59	1421,29
387,81	1431,53
388,02	1562,60
388,24	1333,23
388,45	1392,62
388,67	1368,04
388,88	1419,24
389,10	1320,94
389,31	1515,50
389,53	1427,43
389,75	1478,63
389,96	1443,82
390,18	1402,86
390,39	1388,52
390,61	1454,06
390,82	1388,52
391,04	1484,78
391,25	1488,87
391,47	1437,67
391,68	1447,91
391,90	1525,74
392,11	1456,11
392,33	1374,19
392,54	1374,19
392,76	1409,00
392,97	1460,20
393,19	1427,43
393,41	1421,29
393,62	1452,01
393,84	1409,00
394,05	1472,49
394,27	1404,91
394,48	1392,62
394,70	1544,17
394,91	1374,19
395,13	1378,28
395,34	1474,54
395,56	1501,16
395,77	1470,44
395,99	1429,48
396,20	1386,47
396,42	1388,52
396,63	1402,86
396,85	1497,07
397,06	1452,01
397,28	1400,81
397,49	1431,53
397,71	1470,44
397,92	1353,71
398,14	1521,64
398,35	1581,03
398,57	1398,76
398,78	1472,49
399,00	1460,20
399,21	1454,06
399,43	1413,10
399,64	1466,35
399,86	1447,91
400,07	1388,52
400,29	1363,95
400,50	1505,26
400,72	1466,35
400,93	1402,86
401,14	1361,90
401,36	1511,40
401,57	1445,87
401,79	1523,69
402,00	1361,90
402,22	1454,06
402,43	1392,62
402,65	1372,14
402,86	1361,90
403,08	1429,48
403,29	1468,39
403,51	1497,07
403,72	1472,49
403,94	1380,33
404,15	1486,83
404,36	1312,75
404,58	1689,57
404,79	1476,59
405,01	1394,67
405,22	1454,06
405,44	1382,38
405,65	1511,40
405,87	1374,19
406,08	1472,49
406,30	1456,11
406,51	1495,02
406,72	1419,24
406,94	1429,48
407,15	1468,39
407,37	1456,11
407,58	1468,39
407,80	1423,34
408,01	1402,86
408,23	1517,54
408,44	1529,83
408,65	1421,29
408,87	1466,35
409,08	1478,63
409,30	1447,91
409,51	1454,06
409,73	1337,32
409,94	1427,43
410,15	1509,35
410,37	1470,44
410,58	1388,52
410,80	1464,30
411,01	1423,34
411,23	1449,96
411,44	1404,91
411,65	1435,63
411,87	1413,10
412,08	1478,63
412,30	1578,98
412,51	1402,86
412,72	1521,64
412,94	1460,20
413,15	1374,19
413,37	1441,77
413,58	1472,49
413,79	1480,68
414,01	1417,19
414,22	1482,73
414,44	1480,68
414,65	1468,39
414,86	1413,10
415,08	1445,87
415,29	1449,96
415,51	1413,10
415,72	1466,35
415,93	1423,34
416,15	1406,95
416,36	1454,06
416,58	1460,20
416,79	1484,78
417,00	1452,01
417,22	1492,97
417,43	1429,48
417,65	1513,45
417,86	1439,72
418,07	1478,63
418,29	1415,15
418,50	1429,48
418,71	1472,49
418,93	1437,67
419,14	1314,80
419,36	1406,95
419,57	1433,58
419,78	1468,39
420,00	1376,24
420,21	1421,29
420,42	1421,29
420,64	1435,63
420,85	1322,99
421,06	1425,39
421,28	1474,54
421,49	1402,86
421,71	1470,44
421,92	1535,98
422,13	1366,00
422,35	1492,97
422,56	1415,15
422,77	1435,63
422,99	1392,62
423,20	1472,49
423,41	1544,17
423,63	1409,00
423,84	1482,73
424,05	1390,57
424,27	1409,00
424,48	1603,56
424,69	1478,63
424,91	1677,29
425,12	1370,09
425,33	1384,43
425,55	1474,54
425,76	1382,38
425,97	1388,52
426,19	1370,09
426,40	1411,05
426,61	1564,65
426,83	1370,09
427,04	1427,43
427,25	1417,19
427,47	1464,30
427,68	1394,67
427,89	1447,91
428,11	1402,86
428,32	1441,77
428,53	1413,10
428,75	1456,11
428,96	1517,54
429,17	1398,76
429,39	1374,19
429,60	1531,88
429,81	1511,40
430,03	1449,96
430,24	1320,94
430,45	1437,67
430,67	1509,35
430,88	1505,26
431,09	1462,25
431,30	1437,67
431,52	1482,73
431,73	1456,11
431,94	1439,72
432,16	1515,50
432,37	1361,90
432,58	1509,35
432,80	1421,29
433,01	1431,53
433,22	1390,57
433,43	1449,96
433,65	1437,67
433,86	1368,04
434,07	1423,34
434,29	1429,48
434,50	1419,24
434,71	1482,73
434,92	1433,58
435,14	1507,30
435,35	1392,62
435,56	1464,30
435,77	1374,19
435,99	1449,96
436,20	1454,06
436,41	1462,25
436,63	1427,43
436,84	1470,44
437,05	1435,63
437,26	1456,11
437,48	1521,64
437,69	1492,97
437,90	1435,63
438,11	1409,00
438,33	1423,34
438,54	1458,15
438,75	1439,72
438,96	1429,48
439,18	1406,95
439,39	1454,06
439,60	1495,02
439,82	1411,05
440,03	1570,79
440,24	1439,72
440,45	1515,50
440,67	1456,11
440,88	1380,33
441,09	1437,67
441,30	1470,44
441,51	1505,26
441,73	1378,28
441,94	1417,19
442,15	1409,00
442,36	1484,78
442,58	1394,67
442,79	1421,29
443,00	1437,67
443,21	1517,54
443,43	1466,35
443,64	1390,57
443,85	1486,83
444,06	1505,26
444,28	1449,96
444,49	1333,23
444,70	1425,39
444,91	1497,07
445,12	1443,82
445,34	1482,73
445,55	1552,36
445,76	1415,15
445,97	1441,77
446,18	1454,06
446,40	1394,67
446,61	1511,40
446,82	1411,05
447,03	1429,48
447,25	1431,53
447,46	1501,16
447,67	1409,00
447,88	1390,57
448,09	1472,49
448,31	1511,40
448,52	1361,90
448,73	1466,35
448,94	1417,19
449,15	1454,06
449,37	1419,24
449,58	1462,25
449,79	1474,54
450,00	1529,83
450,21	1363,95
450,43	1535,98
450,64	1386,47
450,85	1443,82
451,06	1460,20
451,27	1439,72
451,48	1431,53
451,70	1347,56
451,91	1437,67
452,12	1435,63
452,33	1419,24
452,54	1388,52
452,76	1486,83
452,97	1482,73
453,18	1392,62
453,39	1505,26
453,60	1499,11
453,81	1452,01
454,03	1456,11
454,24	1470,44
454,45	1517,54
454,66	1406,95
454,87	1417,19
455,08	1411,05
455,30	1400,81
455,51	1525,74
455,72	1456,11
455,93	1421,29
456,14	1464,30
456,35	1480,68
456,56	1456,11
456,78	1478,63
456,99	1462,25
457,20	1454,06
457,41	1511,40
457,62	1441,77
457,83	1452,01
458,04	1454,06
458,26	1386,47
458,47	1441,77
458,68	1490,92
458,89	1486,83
459,10	1413,10
459,31	1423,34
459,52	1480,68
459,74	1472,49
459,95	1478,63
460,16	1454,06
460,37	1599,46
460,58	1445,87
460,79	1499,11
461,00	1519,59
461,21	1435,63
461,43	1445,87
461,64	1449,96
461,85	1458,15
462,06	1445,87
462,27	1443,82
462,48	1421,29
462,69	1458,15
462,90	1376,24
463,12	1464,30
463,33	1540,07
463,54	1374,19
463,75	1540,07
463,96	1437,67
464,17	1480,68
464,38	1454,06
464,59	1470,44
464,80	1474,54
465,01	1415,15
465,23	1505,26
465,44	1427,43
465,65	1476,59
465,86	1439,72
466,07	1437,67
466,28	1431,53
466,49	1452,01
466,70	1550,31
466,91	1507,30
467,12	1525,74
467,33	1474,54
467,55	1468,39
467,76	1511,40
467,97	1427,43
468,18	1462,25
468,39	1443,82
468,60	1484,78
468,81	1409,00
469,02	1427,43
469,23	1468,39
469,44	1470,44
469,65	1460,20
469,86	1435,63
470,07	1394,67
470,29	1566,70
470,50	1421,29
470,71	1497,07
470,92	1433,58
471,13	1492,97
471,34	1509,35
471,55	1421,29
471,76	1460,20
471,97	1452,01
472,18	1513,45
472,39	1437,67
472,60	1402,86
472,81	1468,39
473,02	1439,72
473,23	1503,21
473,44	1476,59
473,65	1411,05
473,87	1423,34
474,08	1460,20
474,29	1345,52
474,50	1466,35
474,71	1404,91
474,92	1574,89
475,13	1474,54
475,34	1497,07
475,55	1394,67
475,76	1464,30
475,97	1509,35
476,18	1339,37
476,39	1417,19
476,60	1509,35
476,81	1468,39
477,02	1445,87
477,23	1468,39
477,44	1519,59
477,65	1441,77
477,86	1503,21
478,07	1525,74
478,28	1425,39
478,49	1415,15
478,70	1503,21
478,91	1363,95
479,12	1470,44
479,33	1513,45
479,54	1357,80
479,75	1535,98
479,96	1499,11
480,17	1445,87
480,38	1480,68
480,59	1390,57
480,80	1482,73
481,01	1499,11
481,22	1454,06
481,43	1497,07
481,64	1474,54
481,85	1431,53
482,06	1404,91
482,27	1474,54
482,48	1456,11
482,69	1535,98
482,90	1462,25
483,11	1552,36
483,32	1488,87
483,53	1505,26
483,74	1431,53
483,95	1468,39
484,16	1452,01
484,37	1452,01
484,58	1517,54
484,79	1527,78
485,00	1540,07
485,21	1517,54
485,42	1452,01
485,63	1544,17
485,84	1351,66
486,05	1421,29
486,26	1501,16
486,47	1452,01
486,68	1456,11
486,89	1474,54
487,10	1429,48
487,31	1505,26
487,52	1452,01
487,73	1554,41
487,94	1562,60
488,15	1458,15
488,36	1507,30
488,57	1419,24
488,77	1433,58
488,98	1445,87
489,19	1488,87
489,40	1492,97
489,61	1470,44
489,82	1544,17
490,03	1570,79
490,24	1419,24
490,45	1535,98
490,66	1452,01
490,87	1499,11
491,08	1390,57
491,29	1402,86
491,50	1366,00
491,71	1468,39
491,92	1464,30
492,13	1415,15
492,33	1458,15
492,54	1447,91
492,75	1449,96
492,96	1439,72
493,17	1513,45
493,38	1406,95
493,59	1486,83
493,80	1452,01
494,01	1425,39
494,22	1458,15
494,43	1511,40
494,64	1445,87
494,85	1402,86
495,05	1378,28
495,26	1466,35
495,47	1566,70
495,68	1472,49
495,89	1452,01
496,10	1363,95
496,31	1439,72
496,52	1388,52
496,73	1417,19
496,94	1460,20
497,15	1492,97
497,35	1511,40
497,56	1449,96
497,77	1488,87
497,98	1460,20
498,19	1441,77
498,40	1513,45
498,61	1546,22
498,82	1380,33
499,03	1468,39
499,23	1427,43
499,44	1441,77
499,65	1476,59
499,86	1552,36
500,07	1531,88
500,28	1523,69
500,49	1466,35
500,70	1464,30
500,91	1411,05
501,11	1540,07
501,32	1462,25
501,53	1462,25
501,74	1466,35
501,95	1421,29
502,16	1470,44
502,37	1423,34
502,57	1484,78
502,78	1523,69
502,99	1441,77
503,20	1482,73
503,41	1452,01
503,62	1523,69
503,83	1519,59
504,03	1492,97
504,24	1439,72
504,45	1415,15
504,66	1368,04
504,87	1486,83
505,08	1427,43
505,29	1390,57
505,49	1386,47
505,70	1517,54
505,91	1429,48
506,12	1411,05
506,33	1505,26
506,54	1480,68
506,75	1488,87
506,95	1474,54
507,16	1562,60
507,37	1460,20
507,58	1425,39
507,79	1462,25
508,00	1417,19
508,20	1357,80
508,41	1415,15
508,62	1456,11
508,83	1464,30
509,04	1390,57
509,24	1478,63
509,45	1697,77
509,66	1488,87
509,87	1476,59
510,08	1505,26
510,29	1531,88
510,49	1538,02
510,70	1417,19
510,91	1499,11
511,12	1449,96
511,33	1421,29
511,53	1439,72
511,74	1366,00
511,95	1439,72
512,16	1525,74
512,37	1550,31
512,57	1513,45
512,78	1429,48
512,99	1474,54
513,20	1501,16
513,41	1619,94
513,61	1464,30
513,82	1517,54
514,03	1525,74
514,24	1462,25
514,45	1466,35
514,65	1409,00
514,86	1458,15
515,07	1429,48
515,28	1521,64
515,49	1411,05
515,69	1476,59
515,90	1404,91
516,11	1492,97
516,32	1460,20
516,52	1472,49
516,73	1439,72
516,94	1507,30
517,15	1605,61
517,36	1443,82
517,56	1449,96
517,77	1409,00
517,98	1552,36
518,19	1468,39
518,39	1456,11
518,60	1460,20
518,81	1468,39
519,02	1417,19
519,22	1409,00
519,43	1519,59
519,64	1419,24
519,85	1445,87
520,05	1421,29
520,26	1380,33
520,47	1497,07
520,68	1441,77
520,88	1454,06
521,09	1445,87
521,30	1474,54
521,51	1507,30
521,71	1398,76
521,92	1488,87
522,13	1482,73
522,34	1445,87
522,54	1468,39
522,75	1415,15
522,96	1507,30
523,17	1497,07
523,37	1507,30
523,58	1372,14
523,79	1527,78
523,99	1492,97
524,20	1462,25
524,41	1488,87
524,62	1492,97
524,82	1558,50
525,03	1458,15
525,24	1456,11
525,45	1540,07
525,65	1490,92
525,86	1523,69
526,07	1468,39
526,27	1402,86
526,48	1406,95
526,69	1572,84
526,90	1368,04
527,10	1458,15
527,31	1507,30
527,52	1452,01
527,72	1486,83
527,93	1476,59
528,14	1480,68
528,34	1472,49
528,55	1388,52
528,76	1435,63
528,97	1447,91
529,17	1515,50
529,38	1515,50
529,59	1466,35
529,79	1531,88
530,00	1454,06
530,21	1497,07
530,41	1566,70
530,62	1497,07
530,83	1507,30
531,03	1564,65
531,24	1388,52
531,45	1449,96
531,65	1529,83
531,86	1535,98
532,07	1472,49
532,27	1454,06
532,48	1406,95
532,69	1507,30
532,89	1507,30
533,10	1429,48
533,31	1454,06
533,51	1443,82
533,72	1411,05
533,93	1441,77
534,13	1474,54
534,34	1406,95
534,55	1474,54
534,75	1480,68
534,96	1607,66
535,17	1460,20
535,37	1546,22
535,58	1480,68
535,79	1429,48
535,99	1402,86
536,20	1474,54
536,41	1441,77
536,61	1472,49
536,82	1460,20
537,03	1452,01
537,23	1421,29
537,44	1376,24
537,64	1556,46
537,85	1460,20
538,06	1474,54
538,26	1417,19
538,47	1490,92
538,68	1402,86
538,88	1470,44
539,09	1456,11
539,30	1521,64
539,50	1591,27
539,71	1470,44
539,91	1525,74
540,12	1466,35
540,33	1482,73
540,53	1470,44
540,74	1546,22
540,94	1452,01
541,15	1484,78
541,36	1431,53
541,56	1472,49
541,77	1554,41
541,98	1466,35
542,18	1527,78
542,39	1525,74
542,59	1458,15
542,80	1513,45
543,01	1423,34
543,21	1398,76
543,42	1517,54
543,62	1437,67
543,83	1482,73
544,04	1476,59
544,24	1505,26
544,45	1425,39
544,65	1507,30
544,86	1499,11
545,06	1452,01
545,27	1486,83
545,48	1415,15
545,68	1470,44
545,89	1509,35
546,09	1452,01
546,30	1535,98
546,51	1519,59
546,71	1423,34
546,92	1587,18
547,12	1488,87
547,33	1437,67
547,53	1452,01
547,74	1433,58
547,95	1458,15
548,15	1456,11
548,36	1458,15
548,56	1466,35
548,77	1472,49
548,97	1460,20
549,18	1361,90
549,39	1495,02
549,59	1417,19
549,80	1517,54
550,00	1345,52
550,21	1468,39
550,41	1464,30
550,62	1425,39
550,82	1417,19
551,03	1474,54
551,23	1415,15
551,44	1482,73
551,65	1445,87
551,85	1417,19
552,06	1456,11
552,26	1548,26
552,47	1388,52
552,67	1501,16
552,88	1427,43
553,08	1460,20
553,29	1509,35
553,49	1488,87
553,70	1447,91
553,90	1503,21
554,11	1427,43
554,32	1503,21
554,52	1439,72
554,73	1515,50
554,93	1353,71
555,14	1439,72
555,34	1468,39
555,55	1566,70
555,75	1462,25
555,96	1441,77
556,16	1411,05
556,37	1595,37
556,57	1419,24
556,78	1478,63
556,98	1499,11
557,19	1468,39
557,39	1464,30
557,60	1472,49
557,80	1443,82
558,01	1400,81
558,21	1415,15
558,42	1482,73
558,62	1425,39
558,83	1488,87
559,03	1464,30
559,24	1435,63
559,44	1497,07
559,65	1386,47
559,85	1464,30
560,06	1460,20
560,26	1523,69
560,47	1484,78
560,67	1556,46
560,88	1411,05
561,08	1511,40
561,29	1589,22
561,49	1458,15
561,70	1486,83
561,90	1419,24
562,10	1439,72
562,31	1464,30
562,51	1488,87
562,72	1447,91
562,92	1460,20
563,13	1443,82
563,33	1478,63
563,54	1439,72
563,74	1501,16
563,95	1392,62
564,15	1396,71
564,36	1472,49
564,56	1374,19
564,76	1503,21
564,97	1472,49
565,17	1525,74
565,38	1529,83
565,58	1421,29
565,79	1492,97
565,99	1472,49
566,20	1568,74
566,40	1464,30
566,60	1529,83
566,81	1441,77
567,01	1546,22
567,22	1437,67
567,42	1476,59
567,63	1462,25
567,83	1495,02
568,04	1490,92
568,24	1456,11
568,44	1531,88
568,65	1439,72
568,85	1433,58
569,06	1519,59
569,26	1406,95
569,47	1505,26
569,67	1378,28
569,87	1474,54
570,08	1523,69
570,28	1499,11
570,49	1396,71
570,69	1449,96
570,89	1570,79
571,10	1490,92
571,30	1427,43
571,51	1441,77
571,71	1554,41
571,91	1527,78
572,12	1484,78
572,32	1540,07
572,53	1431,53
572,73	1550,31
572,93	1552,36
573,14	1519,59
573,34	1492,97
573,55	1488,87
573,75	1503,21
573,95	1527,78
574,16	1548,26
574,36	1484,78
574,57	1558,50
574,77	1490,92
574,97	1486,83
575,18	1476,59
575,38	1435,63
575,59	1447,91
575,79	1462,25
575,99	1472,49
576,20	1462,25
576,40	1492,97
576,60	1626,09
576,81	1392,62
577,01	1478,63
577,22	1548,26
577,42	1503,21
577,62	1454,06
577,83	1497,07
578,03	1558,50
578,23	1492,97
578,44	1517,54
578,64	1486,83
578,84	1427,43
579,05	1439,72
579,25	1538,02
579,45	1488,87
579,66	1419,24
579,86	1472,49
580,07	1511,40
580,27	1484,78
580,47	1454,06
580,68	1370,09
580,88	1419,24
581,08	1409,00
581,29	1452,01
581,49	1425,39
581,69	1470,44
581,90	1357,80
582,10	1476,59
582,30	1437,67
582,51	1513,45
582,71	1406,95
582,91	1417,19
583,12	1521,64
583,32	1499,11
583,52	1419,24
583,73	1456,11
583,93	1445,87
584,13	1507,30
584,34	1499,11
584,54	1421,29
584,74	1445,87
584,94	1478,63
585,15	1427,43
585,35	1478,63
585,55	1447,91
585,76	1429,48
585,96	1484,78
586,16	1456,11
586,37	1411,05
586,57	1429,48
586,77	1466,35
586,98	1529,83
587,18	1462,25
587,38	1476,59
587,58	1452,01
587,79	1515,50
587,99	1433,58
588,19	1443,82
588,40	1433,58
588,60	1521,64
588,80	1394,67
589,00	1460,20
589,21	1550,31
589,41	1427,43
589,61	1468,39
589,82	1486,83
590,02	1380,33
590,22	1466,35
590,42	1452,01
590,63	1427,43
590,83	1488,87
591,03	1427,43
591,23	1578,98
591,44	1445,87
591,64	1443,82
591,84	1449,96
592,05	1550,31
592,25	1550,31
592,45	1449,96
592,65	1472,49
592,86	1501,16
593,06	1525,74
593,26	1439,72
593,46	1472,49
593,67	1464,30
593,87	1529,83
594,07	1419,24
594,27	1488,87
594,48	1411,05
594,68	1511,40
594,88	1439,72
595,08	1490,92
595,29	1464,30
595,49	1456,11
595,69	1456,11
595,89	1513,45
596,10	1581,03
596,30	1454,06
596,50	1357,80
596,70	1466,35
596,90	1437,67
597,11	1437,67
597,31	1421,29
597,51	1452,01
597,71	1509,35
597,92	1572,84
598,12	1458,15
598,32	1462,25
598,52	1413,10
598,72	1540,07
598,93	1452,01
599,13	1542,12
599,33	1458,15
599,53	1521,64
599,74	1419,24
599,94	1501,16
600,14	1488,87
600,34	1519,59
600,54	1570,79
600,75	1476,59
600,95	1437,67
601,15	1509,35
601,35	1413,10
601,55	1445,87
601,76	1544,17
601,96	1507,30
602,16	1490,92
602,36	1507,30
602,56	1433,58
602,76	1462,25
602,97	1460,20
603,17	1476,59
603,37	1474,54
603,57	1435,63
603,77	1560,55
603,98	1505,26
604,18	1404,91
604,38	1501,16
604,58	1472,49
604,78	1476,59
604,98	1413,10
605,19	1531,88
605,39	1525,74
605,59	1564,65
605,79	1517,54
605,99	1482,73
606,19	1423,34
606,40	1452,01
606,60	1464,30
606,80	1384,43
607,00	1429,48
607,20	1521,64
607,40	1499,11
607,61	1462,25
607,81	1468,39
608,01	1523,69
608,21	1533,93
608,41	1523,69
608,61	1478,63
608,81	1415,15
609,02	1380,33
609,22	1499,11
609,42	1511,40
609,62	1490,92
609,82	1390,57
610,02	1468,39
610,22	1501,16
610,43	1417,19
610,63	1492,97
610,83	1535,98
611,03	1376,24
611,23	1511,40
611,43	1544,17
611,63	1535,98
611,83	1312,75
612,04	1490,92
612,24	1542,12
612,44	1404,91
612,64	1423,34
612,84	1480,68
613,04	1505,26
613,24	1486,83
613,44	1521,64
613,64	1517,54
613,85	1425,39
614,05	1513,45
614,25	1468,39
614,45	1427,43
614,65	1490,92
614,85	1423,34
615,05	1400,81
615,25	1533,93
615,45	1523,69
615,65	1456,11
615,86	1519,59
616,06	1499,11
616,26	1464,30
616,46	1472,49
616,66	1456,11
616,86	1464,30
617,06	1441,77
617,26	1538,02
617,46	1529,83
617,66	1458,15
617,86	1482,73
618,07	1492,97
618,27	1503,21
618,47	1480,68
618,67	1560,55
618,87	1546,22
619,07	1484,78
619,27	1585,13
619,47	1587,18
619,67	1527,78
619,87	1404,91
620,07	1454,06
620,27	1589,22
620,47	1433,58
620,67	1466,35
620,87	1515,50
621,07	1533,93
621,28	1535,98
621,48	1449,96
621,68	1521,64
621,88	1517,54
622,08	1525,74
622,28	1513,45
622,48	1652,71
622,68	1472,49
622,88	1472,49
623,08	1458,15
623,28	1540,07
623,48	1464,30
623,68	1452,01
623,88	1476,59
624,08	1554,41
624,28	1499,11
624,48	1486,83
624,68	1468,39
624,88	1462,25
625,08	1546,22
625,28	1564,65
625,48	1540,07
625,68	1472,49
625,88	1458,15
626,08	1472,49
626,28	1581,03
626,48	1552,36
626,68	1525,74
626,88	1529,83
627,08	1531,88
627,28	1546,22
627,48	1468,39
627,68	1480,68
627,88	1517,54
628,08	1484,78
628,28	1484,78
628,49	1517,54
628,68	1486,83
628,88	1542,12
629,08	1398,76
629,28	1607,66
629,48	1535,98
629,68	1535,98
629,88	1538,02
630,08	1576,94
630,28	1435,63
630,48	1480,68
630,68	1468,39
630,88	1542,12
631,08	1452,01
631,28	1613,80
631,48	1476,59
631,68	1464,30
631,88	1511,40
632,08	1521,64
632,28	1474,54
632,48	1542,12
632,68	1527,78
632,88	1484,78
633,08	1630,18
633,28	1542,12
633,48	1552,36
633,68	1431,53
633,88	1509,35
634,08	1574,89
634,28	1513,45
634,48	1572,84
634,68	1394,67
634,88	1480,68
635,08	1486,83
635,28	1445,87
635,48	1525,74
635,68	1492,97
635,87	1550,31
636,07	1406,95
636,27	1529,83
636,47	1531,88
636,67	1619,94
636,87	1554,41
637,07	1574,89
637,27	1544,17
637,47	1447,91
637,67	1509,35
637,87	1488,87
638,07	1562,60
638,27	1458,15
638,47	1513,45
638,67	1497,07
638,86	1566,70
639,06	1503,21
639,26	1550,31
639,46	1505,26
639,66	1519,59
639,86	1566,70
640,06	1521,64
640,26	1511,40
640,46	1517,54
640,66	1578,98
640,86	1546,22
641,06	1462,25
641,25	1552,36
641,45	1509,35
641,65	1435,63
641,85	1499,11
642,05	1505,26
642,25	1449,96
642,45	1591,27
642,65	1423,34
642,85	1464,30
643,05	1601,51
643,24	1572,84
643,44	1540,07
643,64	1538,02
643,84	1515,50
644,04	1449,96
644,24	1538,02
644,44	1513,45
644,64	1529,83
644,84	1460,20
645,03	1540,07
645,23	1576,94
645,43	1460,20
645,63	1527,78
645,83	1533,93
646,03	1517,54
646,23	1558,50
646,42	1646,57
646,62	1533,93
646,82	1548,26
647,02	1482,73
647,22	1505,26
647,42	1439,72
647,62	1468,39
647,82	1525,74
648,01	1773,54
648,21	1480,68
648,41	1466,35
648,61	1556,46
648,81	1583,08
649,01	1558,50
649,20	1382,38
649,40	1525,74
649,60	1486,83
649,80	1443,82
650,00	1488,87
650,20	1544,17
650,40	1562,60
650,59	1460,20
650,79	1523,69
650,99	1529,83
651,19	1521,64
651,39	1507,30
651,58	1583,08
651,78	1507,30
651,98	1525,74
652,18	1497,07
652,38	1454,06
652,58	1517,54
652,77	1533,93
652,97	1589,22
653,17	1642,47
653,37	1560,55
653,57	1562,60
653,77	1482,73
653,96	1492,97
654,16	1605,61
654,36	1505,26
654,56	1462,25
654,76	1591,27
654,95	1456,11
655,15	1411,05
655,35	1517,54
655,55	1572,84
655,75	1542,12
655,94	1548,26
656,14	1517,54
656,34	1562,60
656,54	1533,93
656,73	1576,94
656,93	1486,83
657,13	1544,17
657,33	1497,07
657,53	1503,21
657,72	1519,59
657,92	1578,98
658,12	1476,59
658,32	1564,65
658,52	1578,98
658,71	1564,65
658,91	1472,49
659,11	1533,93
659,31	1554,41
659,50	1542,12
659,70	1513,45
659,90	1593,32
660,10	1615,85
660,29	1558,50
660,49	1490,92
660,69	1597,42
660,89	1501,16
661,08	1460,20
661,28	1423,34
661,48	1441,77
661,68	1492,97
661,87	1542,12
662,07	1505,26
662,27	1503,21
662,47	1521,64
662,66	1587,18
662,86	1540,07
663,06	1552,36
663,26	1484,78
663,45	1517,54
663,65	1523,69
663,85	1486,83
664,05	1595,37
664,24	1505,26
664,44	1476,59
664,64	1462,25
664,84	1503,21
665,03	1589,22
665,23	1492,97
665,43	1495,02
665,62	1484,78
665,82	1540,07
666,02	1529,83
666,22	1388,52
666,41	1431,53
666,61	1603,56
666,81	1519,59
667,00	1515,50
667,20	1505,26
667,40	1597,42
667,60	1566,70
667,79	1478,63
667,99	1554,41
668,19	1486,83
668,38	1507,30
668,58	1466,35
668,78	1452,01
668,97	1583,08
669,17	1468,39
669,37	1585,13
669,57	1482,73
669,76	1626,09
669,96	1488,87
670,16	1533,93
670,35	1550,31
670,55	1474,54
670,75	1509,35
670,94	1564,65
671,14	1566,70
671,34	1574,89
671,53	1452,01
671,73	1460,20
671,93	1562,60
672,12	1587,18
672,32	1519,59
672,52	1501,16
672,71	1531,88
672,91	1488,87
673,11	1595,37
673,30	1621,99
673,50	1443,82
673,70	1484,78
673,89	1484,78
674,09	1568,74
674,29	1507,30
674,48	1538,02
674,68	1533,93
674,88	1447,91
675,07	1507,30
675,27	1515,50
675,46	1435,63
675,66	1435,63
675,86	1542,12
676,05	1492,97
676,25	1521,64
676,45	1538,02
676,64	1497,07
676,84	1533,93
677,04	1511,40
677,23	1535,98
677,43	1480,68
677,62	1554,41
677,82	1439,72
678,02	1482,73
678,21	1513,45
678,41	1552,36
678,61	1499,11
678,80	1578,98
679,00	1533,93
679,19	1576,94
679,39	1546,22
679,59	1519,59
679,78	1431,53
679,98	1431,53
680,17	1480,68
680,37	1472,49
680,57	1472,49
680,76	1558,50
680,96	1509,35
681,16	1533,93
681,35	1519,59
681,55	1501,16
681,74	1503,21
681,94	1443,82
682,13	1495,02
682,33	1517,54
682,53	1478,63
682,72	1511,40
682,92	1478,63
683,11	1585,13
683,31	1501,16
683,51	1472,49
683,70	1574,89
683,90	1550,31
684,09	1548,26
684,29	1634,28
684,48	1472,49
684,68	1519,59
684,88	1570,79
685,07	1486,83
685,27	1507,30
685,46	1527,78
685,66	1572,84
685,85	1552,36
686,05	1499,11
686,25	1595,37
686,44	1552,36
686,64	1556,46
686,83	1527,78
687,03	1574,89
687,22	1466,35
687,42	1527,78
687,61	1468,39
687,81	1476,59
688,01	1550,31
688,20	1499,11
688,40	1531,88
688,59	1439,72
688,79	1583,08
688,98	1433,58
689,18	1511,40
689,37	1490,92
689,57	1572,84
689,76	1468,39
689,96	1439,72
690,15	1572,84
690,35	1568,74
690,54	1538,02
690,74	1548,26
690,94	1556,46
691,13	1648,61
691,33	1503,21
691,52	1546,22
691,72	1607,66
691,91	1470,44
692,11	1527,78
692,30	1472,49
692,50	1556,46
692,69	1511,40
692,89	1562,60
693,08	1519,59
693,28	1568,74
693,47	1472,49
693,67	1587,18
693,86	1533,93
694,06	1529,83
694,25	1470,44
694,45	1546,22
694,64	1597,42
694,84	1564,65
695,03	1558,50
695,23	1499,11
695,42	1484,78
695,62	1581,03
695,81	1476,59
696,01	1585,13
696,20	1513,45
696,40	1542,12
696,59	1501,16
696,78	1556,46
696,98	1552,36
697,17	1523,69
697,37	1576,94
697,56	1538,02
697,76	1521,64
697,95	1462,25
698,15	1509,35
698,34	1544,17
698,54	1462,25
698,73	1638,38
698,93	1495,02
699,12	1497,07
699,32	1456,11
699,51	1499,11
699,70	1411,05
699,90	1484,78
700,09	1533,93
700,29	1486,83
700,48	1406,95
700,68	1466,35
700,87	1470,44
701,07	1535,98
701,26	1490,92
701,45	1484,78
701,65	1478,63
701,84	1468,39
702,04	1447,91
702,23	1460,20
702,43	1386,47
702,62	1552,36
702,81	1480,68
703,01	1515,50
703,20	1499,11
703,40	1423,34
703,59	1433,58
703,79	1529,83
703,98	1400,81
704,17	1499,11
704,37	1404,91
704,56	1525,74
704,76	1462,25
704,95	1378,28
705,14	1421,29
705,34	1441,77
705,53	1439,72
705,73	1394,67
705,92	1464,30
706,11	1435,63
706,31	1388,52
706,50	1392,62
706,70	1480,68
706,89	1347,56
707,08	1449,96
707,28	1456,11
707,47	1431,53
707,67	1458,15
707,86	1456,11
708,05	1490,92
708,25	1380,33
708,44	1441,77
708,64	1431,53
708,83	1427,43
709,02	1378,28
709,22	1480,68
709,41	1402,86
709,60	1499,11
709,80	1435,63
709,99	1499,11
710,19	1437,67
710,38	1435,63
710,57	1368,04
710,77	1423,34
710,96	1320,94
711,15	1419,24
711,35	1378,28
711,54	1456,11
711,73	1396,71
711,93	1368,04
712,12	1406,95
712,31	1421,29
712,51	1419,24
712,70	1370,09
712,89	1363,95
713,09	1421,29
713,28	1411,05
713,48	1443,82
713,67	1361,90
713,86	1486,83
714,06	1419,24
714,25	1406,95
714,44	1409,00
714,64	1462,25
714,83	1345,52
715,02	1339,37
715,22	1480,68
715,41	1468,39
715,60	1415,15
715,79	1454,06
715,99	1478,63
716,18	1468,39
716,37	1382,38
716,57	1406,95
716,76	1505,26
716,95	1458,15
717,15	1423,34
717,34	1300,46
717,53	1386,47
717,73	1398,76
717,92	1433,58
718,11	1470,44
718,31	1445,87
718,50	1413,10
718,69	1333,23
718,88	1454,06
719,08	1376,24
719,27	1435,63
719,46	1431,53
719,66	1419,24
719,85	1351,66
720,04	1421,29
720,23	1413,10
720,43	1454,06
720,62	1353,71
720,81	1335,28
721,01	1466,35
721,20	1462,25
721,39	1439,72
721,58	1464,30
721,78	1439,72
721,97	1390,57
722,16	1433,58
722,35	1411,05
722,55	1388,52
722,74	1417,19
722,93	1419,24
723,13	1419,24
723,32	1398,76
723,51	1492,97
723,70	1382,38
723,90	1419,24
724,09	1429,48
724,28	1322,99
724,47	1492,97
724,67	1468,39
724,86	1415,15
725,05	1366,00
725,24	1411,05
725,44	1421,29
725,63	1392,62
725,82	1370,09
726,01	1411,05
726,21	1470,44
726,40	1335,28
726,59	1484,78
726,78	1388,52
726,97	1447,91
727,17	1452,01
727,36	1437,67
727,55	1447,91
727,74	1452,01
727,94	1454,06
728,13	1411,05
728,32	1411,05
728,51	1394,67
728,70	1392,62
728,90	1396,71
729,09	1388,52
729,28	1441,77
729,47	1421,29
729,66	1380,33
729,86	1449,96
730,05	1363,95
730,24	1361,90
730,43	1456,11
730,63	1368,04
730,82	1441,77
731,01	1378,28
731,20	1449,96
731,39	1378,28
731,58	1349,61
731,78	1341,42
731,97	1380,33
732,16	1495,02
732,35	1431,53
732,54	1423,34
732,74	1499,11
732,93	1392,62
733,12	1341,42
733,31	1402,86
733,50	1372,14
733,69	1492,97
733,89	1497,07
734,08	1421,29
734,27	1345,52
734,46	1413,10
734,65	1468,39
734,84	1458,15
735,04	1357,80
735,23	1488,87
735,42	1392,62
735,61	1439,72
735,80	1488,87
735,99	1400,81
736,19	1462,25
736,38	1425,39
736,57	1390,57
736,76	1368,04
736,95	1513,45
737,14	1349,61
737,33	1335,28
737,53	1404,91
737,72	1411,05
737,91	1312,75
738,10	1482,73
738,29	1339,37
738,48	1439,72
738,67	1544,17
738,87	1472,49
739,06	1390,57
739,25	1419,24
739,44	1386,47
739,63	1501,16
739,82	1368,04
740,01	1443,82
740,20	1449,96
740,40	1382,38
740,59	1406,95
740,78	1431,53
740,97	1380,33
741,16	1464,30
741,35	1452,01
741,54	1552,36
741,73	1400,81
741,92	1443,82
742,12	1429,48
742,31	1472,49
742,50	1470,44
742,69	1529,83
742,88	1521,64
743,07	1329,13
743,26	1404,91
743,45	1376,24
743,64	1400,81
743,83	1470,44
744,02	1402,86
744,22	1351,66
744,41	1488,87
744,60	1382,38
744,79	1355,76
744,98	1478,63
745,17	1361,90
745,36	1499,11
745,55	1517,54
745,74	1490,92
745,93	1484,78
746,12	1529,83
746,31	1376,24
746,50	1417,19
746,70	1409,00
746,89	1415,15
747,08	1345,52
747,27	1441,77
747,46	1316,84
747,65	1447,91
747,84	1419,24
748,03	1406,95
748,22	1402,86
748,41	1478,63
748,60	1441,77
748,79	1445,87
748,98	1482,73
749,17	1449,96
749,36	1509,35
749,55	1402,86
749,74	1343,47
749,93	1482,73
750,12	1402,86
750,31	1445,87
750,50	1538,02
750,70	1419,24
750,89	1517,54
751,08	1581,03
751,27	1468,39
751,46	1429,48
751,65	1470,44
751,84	1529,83
752,03	1382,38
752,22	1406,95
752,41	1452,01
752,60	1503,21
752,79	1550,31
752,98	1433,58
753,17	1460,20
753,36	1507,30
753,55	1454,06
753,74	1308,65
753,93	1542,12
754,12	1394,67
754,31	1495,02
754,50	1556,46
754,69	1359,85
754,88	1449,96
755,07	1443,82
755,26	1445,87
755,45	1454,06
755,64	1427,43
755,83	1480,68
756,02	1503,21
756,21	1435,63
756,40	1544,17
756,59	1374,19
756,78	1474,54
756,97	1445,87
757,16	1445,87
757,35	1503,21
757,54	1413,10
757,72	1441,77
757,91	1421,29
758,10	1429,48
758,29	1433,58
758,48	1544,17
758,67	1402,86
758,86	1511,40
759,05	1517,54
759,24	1558,50
759,43	1488,87
759,62	1497,07
759,81	1456,11
760,00	1548,26
760,19	1540,07
760,38	1523,69
760,57	1490,92
760,76	1540,07
760,95	1538,02
761,14	1429,48
761,33	1433,58
761,52	1484,78
761,70	1527,78
761,89	1445,87
762,08	1470,44
762,27	1495,02
762,46	1527,78
762,65	1535,98
762,84	1478,63
763,03	1476,59
763,22	1445,87
763,41	1544,17
763,60	1511,40
763,79	1497,07
763,98	1538,02
764,16	1492,97
764,35	1495,02
764,54	1499,11
764,73	1511,40
764,92	1609,70
765,11	1634,28
765,30	1603,56
765,49	1439,72
765,68	1540,07
765,87	1607,66
766,06	1521,64
766,24	1466,35
766,43	1478,63
766,62	1605,61
766,81	1478,63
767,00	1507,30
767,19	1513,45
767,38	1576,94
767,57	1490,92
767,76	1556,46
767,94	1482,73
768,13	1435,63
768,32	1552,36
768,51	1513,45
768,70	1593,32
768,89	1595,37
769,08	1544,17
769,27	1517,54
769,45	1460,20
769,64	1564,65
769,83	1495,02
770,02	1501,16
770,21	1486,83
770,40	1517,54
770,59	1554,41
770,77	1558,50
770,96	1560,55
771,15	1550,31
771,34	1497,07
771,53	1644,52
771,72	1556,46
771,91	1482,73
772,09	1527,78
772,28	1533,93
772,47	1462,25
772,66	1609,70
772,85	1521,64
773,04	1589,22
773,22	1624,04
773,41	1578,98
773,60	1468,39
773,79	1499,11
773,98	1564,65
774,17	1529,83
774,35	1452,01
774,54	1515,50
774,73	1507,30
774,92	1544,17
775,11	1609,70
775,30	1642,47
775,48	1509,35
775,67	1632,23
775,86	1482,73
776,05	1660,90
776,24	1619,94
776,42	1574,89
776,61	1437,67
776,80	1601,51
776,99	1564,65
777,18	1540,07
777,36	1478,63
777,55	1533,93
777,74	1499,11
777,93	1634,28
778,12	1556,46
778,30	1665,00
778,49	1609,70
778,68	1665,00
778,87	1531,88
779,06	1572,84
779,24	1538,02
779,43	1626,09
779,62	1597,42
779,81	1521,64
779,99	1556,46
780,18	1617,90
780,37	1533,93
780,56	1607,66
780,75	1533,93
780,93	1626,09
781,12	1607,66
781,31	1581,03
781,50	1591,27
781,68	1497,07
781,87	1517,54
782,06	1564,65
782,25	1548,26
782,43	1548,26
782,62	1519,59
782,81	1542,12
783,00	1501,16
783,18	1521,64
783,37	1644,52
783,56	1476,59
783,75	1576,94
783,93	1562,60
784,12	1542,12
784,31	1611,75
784,50	1509,35
784,68	1560,55
784,87	1570,79
785,06	1568,74
785,24	1548,26
785,43	1533,93
785,62	1505,26
785,81	1552,36
785,99	1544,17
786,18	1554,41
786,37	1505,26
786,56	1525,74
786,74	1527,78
786,93	1585,13
787,12	1441,77
787,30	1558,50
787,49	1554,41
787,68	1476,59
787,87	1519,59
788,05	1517,54
788,24	1443,82
788,43	1495,02
788,61	1581,03
788,80	1488,87
788,99	1560,55
789,17	1515,50
789,36	1509,35
789,55	1529,83
789,73	1562,60
789,92	1458,15
790,11	1581,03
790,30	1474,54
790,48	1460,20
790,67	1531,88
790,86	1400,81
791,04	1466,35
791,23	1615,85
791,42	1546,22
791,60	1449,96
791,79	1523,69
791,98	1482,73
792,16	1560,55
792,35	1480,68
792,54	1396,71
792,72	1568,74
792,91	1546,22
793,10	1449,96
793,28	1441,77
793,47	1462,25
793,66	1492,97
793,84	1466,35
794,03	1378,28
794,22	1492,97
794,40	1447,91
794,59	1523,69
794,77	1462,25
794,96	1366,00
795,15	1486,83
795,33	1460,20
795,52	1570,79
795,71	1374,19
795,89	1431,53
796,08	1460,20
796,27	1425,39
796,45	1425,39
796,64	1359,85
796,82	1460,20
797,01	1460,20
797,20	1521,64
797,38	1406,95
797,57	1382,38
797,76	1456,11
797,94	1607,66
798,13	1581,03
798,31	1427,43
798,50	1427,43
798,69	1507,30
798,87	1400,81
799,06	1413,10
799,24	1415,15
799,43	1464,30
799,62	1409,00
799,80	1394,67
799,99	1492,97
800,17	1347,56
800,36	1415,15
800,55	1374,19
800,73	1411,05
800,92	1464,30
801,10	1437,67
801,29	1468,39
801,48	1492,97
801,66	1544,17
801,85	1507,30
802,03	1458,15
802,22	1374,19
802,40	1396,71
802,59	1413,10
802,78	1382,38
802,96	1456,11
803,15	1476,59
803,33	1400,81
803,52	1386,47
803,70	1423,34
803,89	1431,53
804,08	1433,58
804,26	1445,87
804,45	1431,53
804,63	1505,26
804,82	1439,72
805,00	1468,39
805,19	1396,71
805,37	1390,57
805,56	1509,35
805,74	1429,48
805,93	1409,00
806,12	1460,20
806,30	1462,25
806,49	1464,30
806,67	1490,92
806,86	1415,15
807,04	1476,59
807,23	1441,77
807,41	1316,84
807,60	1462,25
807,78	1452,01
807,97	1738,73
808,15	1337,32
808,34	1466,35
808,52	1441,77
808,71	1480,68
808,89	1515,50
809,08	1386,47
809,27	1417,19
809,45	1382,38
809,64	1380,33
809,82	1406,95
810,01	1433,58
810,19	1476,59
810,38	1427,43
810,56	1435,63
810,75	1460,20
810,93	1271,79
811,12	1449,96
811,30	1476,59
811,49	1339,37
811,67	1542,12
811,85	1454,06
812,04	1333,23
812,22	1527,78
812,41	1488,87
812,59	1411,05
812,78	1439,72
812,96	1423,34
813,15	1435,63
813,33	1464,30
813,52	1468,39
813,70	1476,59
813,89	1482,73
814,07	1460,20
814,26	1431,53
814,44	1341,42
814,63	1484,78
814,81	1417,19
815,00	1419,24
815,18	1417,19
815,36	1406,95
815,55	1404,91
815,73	1454,06
815,92	1499,11
816,10	1505,26
816,29	1445,87
816,47	1337,32
816,66	1460,20
816,84	1406,95
817,02	1517,54
817,21	1478,63
817,39	1415,15
817,58	1445,87
817,76	1382,38
817,95	1478,63
818,13	1382,38
818,32	1458,15
818,50	1499,11
818,68	1497,07
818,87	1460,20
819,05	1390,57
819,24	1427,43
819,42	1419,24
819,60	1419,24
819,79	1490,92
819,97	1335,28
820,16	1505,26
820,34	1417,19
820,53	1445,87
820,71	1390,57
820,89	1447,91
821,08	1390,57
821,26	1404,91
821,45	1462,25
821,63	1488,87
821,81	1447,91
822,00	1456,11
822,18	1484,78
822,37	1525,74
822,55	1372,14
822,73	1433,58
822,92	1460,20
823,10	1437,67
823,28	1402,86
823,47	1402,86
823,65	1386,47
823,84	1378,28
824,02	1423,34
824,20	1460,20
824,39	1411,05
824,57	1482,73
824,75	1546,22
824,94	1421,29
825,12	1585,13
825,31	1513,45
825,49	1529,83
825,67	1511,40
825,86	1454,06
826,04	1472,49
826,22	1486,83
826,41	1630,18
826,59	1505,26
826,77	1501,16
826,96	1540,07
827,14	1495,02
827,32	1406,95
827,51	1540,07
827,69	1505,26
827,87	1546,22
828,06	1511,40
828,24	1409,00
828,42	1449,96
828,61	1521,64
828,79	1439,72
828,97	1564,65
829,16	1570,79
829,34	1492,97
829,52	1525,74
829,71	1570,79
829,89	1535,98
830,07	1433,58
830,26	1540,07
830,44	1513,45
830,62	1554,41
830,81	1562,60
830,99	1462,25
831,17	1546,22
831,36	1513,45
831,54	1621,99
831,72	1570,79
831,91	1474,54
832,09	1597,42
832,27	1501,16
832,45	1546,22
832,64	1454,06
832,82	1544,17
833,00	1378,28
833,19	1486,83
833,37	1521,64
833,55	1533,93
833,73	1529,83
833,92	1554,41
834,10	1452,01
834,28	1488,87
834,47	1597,42
834,65	1529,83
834,83	1628,14
835,01	1609,70
835,20	1509,35
835,38	1568,74
835,56	1599,46
835,74	1593,32
835,93	1560,55
836,11	1562,60
836,29	1525,74
836,47	1585,13
836,66	1554,41
836,84	1562,60
837,02	1486,83
837,21	1632,23
837,39	1529,83
837,57	1654,76
837,75	1615,85
837,94	1605,61
838,12	1486,83
838,30	1462,25
838,48	1591,27
838,66	1601,51
838,85	1607,66
839,03	1554,41
839,21	1542,12
839,39	1521,64
839,58	1517,54
839,76	1597,42
839,94	1587,18
840,12	1562,60
840,31	1667,05
840,49	1548,26
840,67	1548,26
840,85	1480,68
841,03	1507,30
841,22	1544,17
841,40	1646,57
841,58	1593,32
841,76	1591,27
841,94	1562,60
842,13	1679,33
842,31	1589,22
842,49	1624,04
842,67	1503,21
842,85	1671,14
843,04	1650,66
843,22	1550,31
843,40	1599,46
843,58	1581,03
843,76	1634,28
843,95	1570,79
844,13	1601,51
844,31	1570,79
844,49	1550,31
844,67	1624,04
844,86	1529,83
845,04	1581,03
845,22	1535,98
845,40	1591,27
845,58	1669,09
845,76	1656,81
845,95	1624,04
846,13	1609,70
846,31	1558,50
846,49	1662,95
846,67	1689,57
846,85	1636,33
847,04	1585,13
847,22	1626,09
847,40	1636,33
847,58	1544,17
847,76	1712,10
847,94	1609,70
848,12	1660,90
848,31	1560,55
848,49	1632,23
848,67	1628,14
848,85	1609,70
849,03	1644,52
849,21	1679,33
849,39	1654,76
849,58	1591,27
849,76	1683,43
849,94	1634,28
850,12	1578,98
850,30	1699,81
850,48	1658,85
850,66	1591,27
850,84	1572,84
851,03	1679,33
851,21	1574,89
851,39	1632,23
851,57	1587,18
851,75	1603,56
851,93	1613,80
852,11	1701,86
852,29	1691,62
852,47	1638,38
852,66	1685,48
852,84	1538,02
853,02	1626,09
853,20	1636,33
853,38	1626,09
853,56	1665,00
853,74	1665,00
853,92	1652,71
854,10	1570,79
854,28	1591,27
854,46	1705,96
854,65	1685,48
854,83	1564,65
855,01	1648,61
855,19	1644,52
855,37	1638,38
855,55	1662,95
855,73	1650,66
855,91	1640,42
856,09	1728,49
856,27	1695,72
856,45	1662,95
856,63	1619,94
856,81	1617,90
857,00	1753,06
857,18	1675,24
857,36	1597,42
857,54	1615,85
857,72	1630,18
857,90	1820,64
858,08	1642,47
858,26	1642,47
858,44	1634,28
858,62	1689,57
858,80	1599,46
858,98	1636,33
859,16	1669,09
859,34	1644,52
859,52	1640,42
859,70	1722,34
859,88	1677,29
860,06	1634,28
860,24	1519,59
860,42	1654,76
860,60	1667,05
860,78	1644,52
860,96	1714,15
861,14	1654,76
861,32	1730,53
861,50	1642,47
861,69	1644,52
861,87	1632,23
862,05	1689,57
862,23	1568,74
862,41	1687,53
862,59	1552,36
862,77	1603,56
862,95	1611,75
863,13	1765,35
863,31	1640,42
863,49	1591,27
863,67	1656,81
863,85	1609,70
864,03	1648,61
864,21	1654,76
864,39	1751,01
864,57	1591,27
864,75	1650,66
864,92	1730,53
865,10	1718,25
865,28	1533,93
865,46	1581,03
865,64	1581,03
865,82	1605,61
866,00	1658,85
866,18	1650,66
866,36	1628,14
866,54	1685,48
866,72	1660,90
866,90	1699,81
867,08	1703,91
867,26	1595,37
867,44	1652,71
867,62	1660,90
867,80	1634,28
867,98	1722,34
868,16	1740,77
868,34	1691,62
868,52	1619,94
868,70	1611,75
868,88	1642,47
869,06	1650,66
869,24	1615,85
869,42	1628,14
869,59	1605,61
869,77	1689,57
869,95	1662,95
870,13	1552,36
870,31	1654,76
870,49	1636,33
870,67	1538,02
870,85	1665,00
871,03	1699,81
871,21	1779,68
871,39	1638,38
871,57	1652,71
871,75	1669,09
871,92	1611,75
872,10	1636,33
872,28	1626,09
872,46	1679,33
872,64	1701,86
872,82	1521,64
873,00	1669,09
873,18	1538,02
873,36	1607,66
873,54	1482,73
873,72	1572,84
873,89	1601,51
874,07	1642,47
874,25	1677,29
874,43	1673,19
874,61	1751,01
874,79	1646,57
874,97	1554,41
875,15	1681,38
875,33	1556,46
875,50	1669,09
875,68	1605,61
875,86	1701,86
876,04	1689,57
876,22	1648,61
876,40	1562,60
876,58	1615,85
876,76	1652,71
876,93	1626,09
877,11	1490,92
877,29	1679,33
877,47	1638,38
877,65	1603,56
877,83	1638,38
878,01	1648,61
878,18	1630,18
878,36	1630,18
878,54	1630,18
878,72	1611,75
878,90	1677,29
879,08	1726,44
879,25	1716,20
879,43	1632,23
879,61	1589,22
879,79	1583,08
879,97	1662,95
880,15	1572,84
880,32	1581,03
880,50	1617,90
880,68	1619,94
880,86	1613,80
881,04	1660,90
881,22	1652,71
881,39	1660,90
881,57	1775,59
881,75	1546,22
881,93	1621,99
882,11	1677,29
882,28	1638,38
882,46	1658,85
882,64	1619,94
882,82	1544,17
883,00	1642,47
883,18	1628,14
883,35	1693,67
883,53	1609,70
883,71	1597,42
883,89	1687,53
884,07	1652,71
884,24	1646,57
884,42	1632,23
884,60	1605,61
884,78	1732,58
884,95	1628,14
885,13	1630,18
885,31	1644,52
885,49	1509,35
885,67	1570,79
885,84	1669,09
886,02	1642,47
886,20	1568,74
886,38	1712,10
886,55	1615,85
886,73	1550,31
886,91	1630,18
887,09	1511,40
887,26	1595,37
887,44	1689,57
887,62	1705,96
887,80	1560,55
887,98	1556,46
888,15	1619,94
888,33	1562,60
888,51	1607,66
888,69	1683,43
888,86	1710,05
889,04	1589,22
889,22	1544,17
889,39	1599,46
889,57	1562,60
889,75	1574,89
889,93	1611,75
890,10	1660,90
890,28	1597,42
890,46	1658,85
890,64	1685,48
890,81	1525,74
890,99	1558,50
891,17	1558,50
891,34	1611,75
891,52	1497,07
891,70	1552,36
891,88	1564,65
892,05	1587,18
892,23	1552,36
892,41	1644,52
892,58	1497,07
892,76	1617,90
892,94	1583,08
893,12	1630,18
893,29	1570,79
893,47	1538,02
893,65	1533,93
893,82	1550,31
894,00	1609,70
894,18	1646,57
894,35	1546,22
894,53	1595,37
894,71	1560,55
894,89	1501,16
895,06	1562,60
895,24	1542,12
895,42	1529,83
895,59	1507,30
895,77	1449,96
895,95	1605,61
896,12	1521,64
896,30	1513,45
896,48	1476,59
896,65	1578,98
896,83	1464,30
897,01	1439,72
897,18	1587,18
897,36	1533,93
897,54	1507,30
897,71	1495,02
897,89	1562,60
898,07	1411,05
898,24	1449,96
898,42	1531,88
898,59	1617,90
898,77	1484,78
898,95	1486,83
899,12	1587,18
899,30	1562,60
899,48	1490,92
899,65	1433,58
899,83	1542,12
900,01	1511,40
900,18	1492,97
900,36	1470,44
900,53	1556,46
900,71	1497,07
900,89	1523,69
901,06	1523,69
901,24	1480,68
901,42	1542,12
901,59	1472,49
901,77	1521,64
901,94	1488,87
902,12	1581,03
902,30	1486,83
902,47	1527,78
902,65	1478,63
902,82	1484,78
903,00	1578,98
903,18	1505,26
903,35	1525,74
903,53	1527,78
903,70	1517,54
903,88	1501,16
904,06	1501,16
904,23	1501,16
904,41	1529,83
904,58	1583,08
904,76	1517,54
904,93	1488,87
905,11	1540,07
905,29	1449,96
905,46	1468,39
905,64	1542,12
905,81	1550,31
905,99	1531,88
906,16	1591,27
906,34	1562,60
906,52	1501,16
906,69	1437,67
906,87	1591,27
907,04	1529,83
907,22	1558,50
907,39	1517,54
907,57	1554,41
907,75	1574,89
907,92	1574,89
908,10	1654,76
908,27	1535,98
908,45	1505,26
908,62	1492,97
908,80	1535,98
908,97	1501,16
909,15	1558,50
909,32	1576,94
909,50	1544,17
909,67	1501,16
909,85	1482,73
910,03	1503,21
910,20	1517,54
910,38	1484,78
910,55	1554,41
910,73	1538,02
910,90	1531,88
911,08	1603,56
911,25	1511,40
911,43	1642,47
911,60	1511,40
911,78	1525,74
911,95	1527,78
912,13	1505,26
912,30	1523,69
912,48	1646,57
912,65	1527,78
912,83	1583,08
913,00	1427,43
913,18	1669,09
913,35	1511,40
913,53	1409,00
913,70	1570,79
913,88	1671,14
914,05	1513,45
914,23	1544,17
914,40	1560,55
914,58	1587,18
914,75	1595,37
914,93	1564,65
915,10	1589,22
915,27	1644,52
915,45	1517,54
915,62	1570,79
915,80	1556,46
915,97	1619,94
916,15	1525,74
916,32	1679,33
916,50	1562,60
916,67	1554,41
916,85	1554,41
917,02	1624,04
917,20	1650,66
917,37	1601,51
917,54	1662,95
917,72	1595,37
917,89	1636,33
918,07	1621,99
918,24	1611,75
918,42	1548,26
918,59	1568,74
918,77	1548,26
918,94	1566,70
919,11	1521,64
919,29	1658,85
919,46	1642,47
919,64	1607,66
919,81	1599,46
919,99	1576,94
920,16	1675,24
920,33	1619,94
920,51	1716,20
920,68	1595,37
920,86	1652,71
921,03	1662,95
921,20	1613,80
921,38	1624,04
921,55	1642,47
921,73	1591,27
921,90	1585,13
922,07	1535,98
922,25	1640,42
922,42	1585,13
922,60	1644,52
922,77	1568,74
922,94	1638,38
923,12	1513,45
923,29	1660,90
923,47	1562,60
923,64	1648,61
923,81	1626,09
923,99	1656,81
924,16	1748,97
924,34	1609,70
924,51	1689,57
924,68	1773,54
924,86	1654,76
925,03	1638,38
925,20	1699,81
925,38	1550,31
925,55	1615,85
925,72	1685,48
925,90	1548,26
926,07	1609,70
926,25	1611,75
926,42	1701,86
926,59	1632,23
926,77	1742,82
926,94	1650,66
927,11	1667,05
927,29	1652,71
927,46	1574,89
927,63	1687,53
927,81	1710,05
927,98	1605,61
928,15	1748,97
928,33	1724,39
928,50	1665,00
928,67	1673,19
928,85	1710,05
929,02	1658,85
929,19	1734,63
929,37	1701,86
929,54	1712,10
929,71	1697,77
929,89	1589,22
930,06	1603,56
930,23	1703,91
930,41	1656,81
930,58	1552,36
930,75	1695,72
930,92	1632,23
931,10	1560,55
931,27	1667,05
931,44	1689,57
931,62	1619,94
931,79	1685,48
931,96	1732,58
932,14	1662,95
932,31	1753,06
932,48	1751,01
932,65	1660,90
932,83	1734,63
933,00	1667,05
933,17	1675,24
933,35	1765,35
933,52	1556,46
933,69	1826,79
933,86	1691,62
934,04	1726,44
934,21	1681,38
934,38	1781,73
934,55	1597,42
934,73	1601,51
934,90	1634,28
935,07	1660,90
935,25	1800,16
935,42	1705,96
935,59	1615,85
935,76	1632,23
935,94	1558,50
936,11	1677,29
936,28	1642,47
936,45	1720,29
936,63	1597,42
936,80	1726,44
936,97	1734,63
937,14	1722,34
937,31	1843,17
937,49	1691,62
937,66	1675,24
937,83	1689,57
938,00	1585,13
938,18	1726,44
938,35	1662,95
938,52	1751,01
938,69	1728,49
938,87	1667,05
939,04	1609,70
939,21	1646,57
939,38	1685,48
939,55	1714,15
939,73	1679,33
939,90	1763,30
940,07	1644,52
940,24	1654,76
940,41	1751,01
940,59	1662,95
940,76	1624,04
940,93	1744,87
941,10	1744,87
941,27	1679,33
941,45	1716,20
941,62	1705,96
941,79	1642,47
941,96	1677,29
942,13	1777,64
942,31	1712,10
942,48	1714,15
942,65	1800,16
942,82	1677,29
942,99	1744,87
943,16	1701,86
943,34	1691,62
943,51	1742,82
943,68	1662,95
943,85	1619,94
944,02	1726,44
944,19	1648,61
944,37	1660,90
944,54	1681,38
944,71	1671,14
944,88	1744,87
945,05	1722,34
945,22	1691,62
945,40	1644,52
945,57	1609,70
945,74	1691,62
945,91	1576,94
946,08	1699,81
946,25	1697,77
946,42	1613,80
946,60	1640,42
946,77	1710,05
946,94	1757,16
947,11	1748,97
947,28	1619,94
947,45	1644,52
947,62	1726,44
947,79	1724,39
947,97	1777,64
948,14	1816,55
948,31	1665,00
948,48	1644,52
948,65	1667,05
948,82	1630,18
948,99	1699,81
949,16	1619,94
949,33	1619,94
949,51	1662,95
949,68	1652,71
949,85	1628,14
950,02	1650,66
950,19	1669,09
950,36	1673,19
950,53	1626,09
950,70	1611,75
950,87	1662,95
951,04	1560,55
951,22	1740,77
951,39	1642,47
951,56	1697,77
951,73	1669,09
951,90	1634,28
952,07	1703,91
952,24	1675,24
952,41	1681,38
952,58	1542,12
952,75	1675,24
952,92	1621,99
953,09	1601,51
953,26	1699,81
953,43	1615,85
953,61	1685,48
953,78	1531,88
953,95	1703,91
954,12	1634,28
954,29	1624,04
954,46	1525,74
954,63	1716,20
954,80	1617,90
954,97	1562,60
955,14	1593,32
955,31	1521,64
955,48	1585,13
955,65	1558,50
955,82	1605,61
955,99	1632,23
956,16	1521,64
956,33	1650,66
956,50	1540,07
956,67	1554,41
956,84	1593,32
957,01	1578,98
957,18	1646,57
957,35	1652,71
957,52	1583,08
957,69	1636,33
957,86	1595,37
958,03	1607,66
958,20	1644,52
958,37	1593,32
958,54	1480,68
958,71	1554,41
958,88	1634,28
959,05	1591,27
959,22	1564,65
959,39	1564,65
959,56	1544,17
959,73	1617,90
959,90	1587,18
960,07	1595,37
960,24	1476,59
960,41	1533,93
960,58	1617,90
960,75	1497,07
960,92	1558,50
961,09	1601,51
961,26	1578,98
961,43	1593,32
961,60	1476,59
961,77	1548,26
961,94	1544,17
962,11	1499,11
962,28	1548,26
962,45	1611,75
962,62	1572,84
962,79	1535,98
962,96	1540,07
963,13	1554,41
963,30	1548,26
963,47	1525,74
963,64	1533,93
963,81	1558,50
963,98	1531,88
964,14	1519,59
964,31	1533,93
964,48	1546,22
964,65	1576,94
964,82	1509,35
964,99	1554,41
965,16	1562,60
965,33	1535,98
965,50	1554,41
965,67	1538,02
965,84	1538,02
966,01	1505,26
966,18	1456,11
966,35	1546,22
966,51	1517,54
966,68	1552,36
966,85	1525,74
967,02	1593,32
967,19	1421,29
967,36	1492,97
967,53	1546,22
967,70	1576,94
967,87	1441,77
968,04	1540,07
968,21	1499,11
968,37	1570,79
968,54	1513,45
968,71	1470,44
968,88	1521,64
969,05	1509,35
969,22	1505,26
969,39	1507,30
969,56	1558,50
969,72	1501,16
969,89	1515,50
970,06	1628,14
970,23	1554,41
970,40	1509,35
970,57	1486,83
970,74	1533,93
970,91	1443,82
971,07	1515,50
971,24	1462,25
971,41	1503,21
971,58	1535,98
971,75	1476,59
971,92	1400,81
972,09	1454,06
972,25	1488,87
972,42	1472,49
972,59	1464,30
972,76	1470,44
972,93	1484,78
973,10	1441,77
973,27	1570,79
973,43	1370,09
973,60	1462,25
973,77	1509,35
973,94	1396,71
974,11	1456,11
974,28	1411,05
974,44	1368,04
974,61	1478,63
974,78	1454,06
974,95	1411,05
975,12	1478,63
975,28	1548,26
975,45	1474,54
975,62	1497,07
975,79	1419,24
975,96	1427,43
976,12	1437,67
976,29	1458,15
976,46	1480,68
976,63	1419,24
976,80	1452,01
976,96	1447,91
977,13	1437,67
977,30	1433,58
977,47	1556,46
977,64	1413,10
977,80	1429,48
977,97	1452,01
978,14	1452,01
978,31	1445,87
978,48	1476,59
978,64	1386,47
978,81	1406,95
978,98	1390,57
979,15	1396,71
979,31	1513,45
979,48	1458,15
979,65	1400,81
979,82	1492,97
979,98	1404,91
980,15	1454,06
980,32	1599,46
980,49	1474,54
980,66	1357,80
980,82	1472,49
980,99	1398,76
981,16	1484,78
981,33	1431,53
981,49	1404,91
981,66	1474,54
981,83	1406,95
981,99	1468,39
982,16	1449,96
982,33	1413,10
982,50	1441,77
982,66	1447,91
982,83	1394,67
983,00	1490,92
983,17	1411,05
983,33	1439,72
983,50	1415,15
983,67	1460,20
983,83	1419,24
984,00	1351,66
984,17	1488,87
984,34	1370,09
984,50	1431,53
984,67	1423,34
984,84	1417,19
985,00	1384,43
985,17	1439,72
985,34	1482,73
985,51	1406,95
985,67	1394,67
985,84	1460,20
986,01	1335,28
986,17	1466,35
986,34	1413,10
986,51	1388,52
986,67	1374,19
986,84	1335,28
987,01	1470,44
987,17	1392,62
987,34	1294,32
987,51	1427,43
987,67	1511,40
987,84	1443,82
988,01	1419,24
988,17	1339,37
988,34	1343,47
988,51	1464,30
988,67	1480,68
988,84	1439,72
989,01	1413,10
989,17	1423,34
989,34	1388,52
989,51	1525,74
989,67	1460,20
989,84	1386,47
990,01	1394,67
990,17	1390,57
990,34	1460,20
990,51	1392,62
990,67	1388,52
990,84	1398,76
991,01	1357,80
991,17	1429,48
991,34	1329,13
991,50	1398,76
991,67	1409,00
991,84	1378,28
992,00	1431,53
992,17	1361,90
992,34	1517,54
992,50	1497,07
992,67	1411,05
992,83	1472,49
993,00	1368,04
993,17	1476,59
993,33	1390,57
993,50	1478,63
993,66	1394,67
993,83	1515,50
994,00	1423,34
994,16	1533,93
994,33	1433,58
994,49	1497,07
994,66	1470,44
994,83	1474,54
994,99	1380,33
995,16	1437,67
995,32	1415,15
995,49	1454,06
995,66	1411,05
995,82	1402,86
995,99	1363,95
996,15	1497,07
996,32	1421,29
996,48	1419,24
996,65	1423,34
996,82	1523,69
996,98	1384,43
997,15	1513,45
997,31	1460,20
997,48	1402,86
997,64	1370,09
997,81	1458,15
997,97	1390,57
998,14	1361,90
998,31	1468,39
998,47	1445,87
998,64	1452,01
998,80	1316,84
998,97	1452,01
999,13	1460,20
999,30	1372,14
999,46	1449,96
999,63	1413,10
999,79	1396,71
999,96	1472,49
1000,12	1396,71
1000,29	1433,58
1000,45	1421,29
1000,62	1380,33
1000,79	1460,20
1000,95	1417,19
1001,12	1388,52
1001,28	1366,00
1001,45	1386,47
1001,61	1470,44
1001,78	1437,67
1001,94	1427,43
1002,11	1458,15
1002,27	1447,91
1002,44	1398,76
1002,60	1398,76
1002,77	1431,53
1002,93	1495,02
1003,10	1413,10
1003,26	1417,19
1003,43	1462,25
1003,59	1425,39
1003,76	1390,57
1003,92	1398,76
1004,09	1413,10
1004,25	1411,05
1004,41	1439,72
1004,58	1466,35
1004,74	1349,61
1004,91	1433,58
1005,07	1433,58
1005,24	1417,19
1005,40	1421,29
1005,57	1370,09
1005,73	1363,95
1005,90	1402,86
1006,06	1372,14
1006,23	1439,72
1006,39	1497,07
1006,55	1308,65
1006,72	1382,38
1006,88	1359,85
1007,05	1361,90
1007,21	1454,06
1007,38	1495,02
1007,54	1435,63
1007,71	1427,43
1007,87	1406,95
1008,03	1429,48
1008,20	1355,76
1008,36	1472,49
1008,53	1435,63
1008,69	1464,30
1008,86	1421,29
1009,02	1322,99
1009,18	1476,59
1009,35	1447,91
1009,51	1353,71
1009,68	1464,30
1009,84	1343,47
1010,01	1417,19
1010,17	1425,39
1010,33	1470,44
1010,50	1423,34
1010,66	1505,26
1010,83	1445,87
1010,99	1413,10
1011,15	1372,14
1011,32	1351,66
1011,48	1363,95
1011,65	1404,91
1011,81	1366,00
1011,97	1331,18
1012,14	1447,91
1012,30	1429,48
1012,46	1433,58
1012,63	1402,86
1012,79	1468,39
1012,96	1396,71
1013,12	1376,24
1013,28	1382,38
1013,45	1437,67
1013,61	1386,47
1013,77	1447,91
1013,94	1388,52
1014,10	1341,42
1014,26	1427,43
1014,43	1402,86
1014,59	1368,04
1014,76	1472,49
1014,92	1497,07
1015,08	1370,09
1015,25	1394,67
1015,41	1423,34
1015,57	1429,48
1015,74	1431,53
1015,90	1372,14
1016,06	1386,47
1016,23	1415,15
1016,39	1357,80
1016,55	1468,39
1016,72	1411,05
1016,88	1390,57
1017,04	1443,82
1017,21	1419,24
1017,37	1372,14
1017,53	1380,33
1017,70	1392,62
1017,86	1460,20
1018,02	1423,34
1018,19	1404,91
1018,35	1355,76
1018,51	1376,24
1018,67	1417,19
1018,84	1376,24
1019,00	1398,76
1019,16	1411,05
1019,33	1402,86
1019,49	1458,15
1019,65	1402,86
1019,82	1363,95
1019,98	1411,05
1020,14	1497,07
1020,30	1531,88
1020,47	1425,39
1020,63	1462,25
1020,79	1349,61
1020,96	1376,24
1021,12	1384,43
1021,28	1437,67
1021,44	1437,67
1021,61	1456,11
1021,77	1437,67
1021,93	1386,47
1022,09	1413,10
1022,26	1419,24
1022,42	1366,00
1022,58	1501,16
1022,74	1441,77
1022,91	1421,29
1023,07	1398,76
1023,23	1378,28
1023,39	1435,63
1023,56	1435,63
1023,72	1431,53
1023,88	1441,77
1024,04	1478,63
1024,21	1380,33
1024,37	1388,52
1024,53	1495,02
1024,69	1347,56
1024,86	1431,53
1025,02	1392,62
1025,18	1392,62
1025,34	1335,28
1025,50	1431,53
1025,67	1406,95
1025,83	1382,38
1025,99	1443,82
1026,15	1499,11
1026,32	1400,81
1026,48	1413,10
1026,64	1433,58
1026,80	1472,49
1026,96	1449,96
1027,13	1480,68
1027,29	1392,62
1027,45	1384,43
1027,61	1366,00
1027,77	1484,78
1027,94	1507,30
1028,10	1466,35
1028,26	1349,61
1028,42	1366,00
1028,58	1482,73
1028,75	1351,66
1028,91	1421,29
1029,07	1439,72
1029,23	1468,39
1029,39	1400,81
1029,55	1482,73
1029,72	1427,43
1029,88	1472,49
1030,04	1415,15
1030,20	1411,05
1030,36	1349,61
1030,52	1372,14
1030,69	1431,53
1030,85	1466,35
1031,01	1456,11
1031,17	1413,10
1031,33	1384,43
1031,49	1458,15
1031,65	1378,28
1031,82	1402,86
1031,98	1394,67
1032,14	1380,33
1032,30	1386,47
1032,46	1517,54
1032,62	1368,04
1032,78	1351,66
1032,95	1374,19
1033,11	1449,96
1033,27	1374,19
1033,43	1409,00
1033,59	1406,95
1033,75	1413,10
1033,91	1443,82
1034,07	1478,63
1034,24	1441,77
1034,40	1339,37
1034,56	1437,67
1034,72	1435,63
1034,88	1409,00
1035,04	1437,67
1035,20	1398,76
1035,36	1300,46
1035,52	1486,83
1035,68	1421,29
1035,85	1439,72
1036,01	1454,06
1036,17	1462,25
1036,33	1454,06
1036,49	1288,17
1036,65	1382,38
1036,81	1370,09
1036,97	1406,95
1037,13	1394,67
1037,29	1366,00
1037,45	1425,39
1037,61	1335,28
1037,78	1378,28
1037,94	1376,24
1038,10	1460,20
1038,26	1388,52
1038,42	1351,66
1038,58	1396,71
1038,74	1296,36
1038,90	1320,94
1039,06	1419,24
1039,22	1429,48
1039,38	1386,47
1039,54	1421,29
1039,70	1396,71
1039,86	1415,15
1040,02	1421,29
1040,18	1480,68
1040,34	1490,92
1040,50	1394,67
1040,66	1505,26
1040,83	1331,18
1040,99	1384,43
1041,15	1556,46
1041,31	1417,19
1041,47	1492,97
1041,63	1411,05
1041,79	1394,67
1041,95	1413,10
1042,11	1294,32
1042,27	1431,53
1042,43	1417,19
1042,59	1409,00
1042,75	1445,87
1042,91	1388,52
