344,25	1245,16
344,46	1245,16
344,68	1245,16
344,90	1263,60
345,12	1265,64
345,34	1501,16
345,55	1456,11
345,77	1400,81
345,99	1388,52
346,21	1406,95
346,42	1441,77
346,64	1404,91
346,86	1388,52
347,08	1427,43
347,30	1435,63
347,51	1413,10
347,73	1359,85
347,95	1478,63
348,17	1413,10
348,38	1310,70
348,60	1382,38
348,82	1337,32
349,04	1431,53
349,25	1447,91
349,47	1515,50
349,69	1427,43
349,91	1482,73
350,13	1402,86
350,34	1484,78
350,56	1386,47
350,78	1396,71
351,00	1392,62
351,21	1419,24
351,43	1404,91
351,65	1349,61
351,87	1488,87
352,08	1404,91
352,30	1398,76
352,52	1435,63
352,74	1398,76
352,95	1378,28
353,17	1400,81
353,39	1337,32
353,61	1349,61
353,82	1366,00
354,04	1427,43
354,26	1468,39
354,47	1515,50
354,69	1452,01
354,91	1343,47
355,13	1409,00
355,34	1437,67
355,56	1417,19
355,78	1423,34
356,00	1427,43
356,21	1476,59
356,43	1419,24
356,65	1417,19
356,86	1423,34
357,08	1449,96
357,30	1423,34
357,52	1421,29
357,73	1441,77
357,95	1456,11
358,17	1417,19
358,38	1449,96
358,60	1380,33
358,82	1484,78
359,04	1492,97
359,25	1529,83
359,47	1556,46
359,69	1443,82
359,90	1368,04
360,12	1480,68
360,34	1527,78
360,56	1488,87
360,77	1529,83
360,99	1507,30
361,21	1497,07
361,42	1417,19
361,64	1531,88
361,86	1503,21
362,07	1503,21
362,29	1499,11
362,51	1505,26
362,73	1484,78
362,94	1552,36
363,16	1560,55
363,38	1417,19
363,59	1523,69
363,81	1544,17
364,03	1568,74
364,24	1542,12
364,46	1521,64
364,68	1552,36
364,89	1439,72
365,11	1552,36
365,33	1578,98
365,54	1634,28
365,76	1533,93
365,98	1566,70
366,19	1525,74
366,41	1581,03
366,63	1501,16
366,84	1499,11
367,06	1492,97
367,28	1597,42
367,49	1519,59
367,71	1599,46
367,93	1486,83
368,14	1546,22
368,36	1470,44
368,58	1538,02
368,79	1509,35
369,01	1525,74
369,23	1566,70
369,44	1546,22
369,66	1464,30
369,88	1470,44
370,09	1452,01
370,31	1552,36
370,53	1529,83
370,74	1574,89
370,96	1513,45
371,18	1521,64
371,39	1486,83
371,61	1478,63
371,82	1574,89
372,04	1572,84
372,26	1546,22
372,47	1560,55
372,69	1486,83
372,91	1644,52
373,12	1464,30
373,34	1497,07
373,56	1503,21
373,77	1583,08
373,99	1509,35
374,20	1568,74
374,42	1519,59
374,64	1640,42
374,85	1468,39
375,07	1595,37
375,29	1497,07
375,50	1501,16
375,72	1478,63
375,93	1482,73
376,15	1472,49
376,37	1521,64
376,58	1472,49
376,80	1515,50
377,01	1394,67
377,23	1509,35
377,45	1519,59
377,66	1527,78
377,88	1513,45
378,10	1388,52
378,31	1435,63
378,53	1546,22
378,74	1421,29
378,96	1462,25
379,18	1449,96
379,39	1468,39
379,61	1490,92
379,82	1454,06
380,04	1466,35
380,26	1472,49
380,47	1443,82
380,69	1533,93
380,90	1515,50
381,12	1386,47
381,33	1419,24
381,55	1492,97
381,77	1456,11
381,98	1441,77
382,20	1437,67
382,41	1370,09
382,63	1454,06
382,85	1501,16
383,06	1464,30
383,28	1476,59
383,49	1452,01
383,71	1517,54
383,92	1445,87
384,14	1480,68
384,36	1372,14
384,57	1456,11
384,79	1411,05
385,00	1406,95
385,22	1447,91
385,43	1433,58
385,65	1484,78
385,87	1419,24
386,08	1472,49
386,30	1427,43
386,51	1447,91
386,73	1511,40
386,94	1460,20
387,16	1427,43
387,37	1538,02
387,59	1476,59
387,81	1370,09
388,02	1447,91
388,24	1460,20
388,45	1492,97
388,67	1372,14
388,88	1449,96
389,10	1466,35
389,31	1517,54
389,53	1454,06
389,75	1554,41
389,96	1331,18
390,18	1374,19
390,39	1431,53
390,61	1419,24
390,82	1413,10
391,04	1398,76
391,25	1452,01
391,47	1402,86
391,68	1480,68
391,90	1509,35
392,11	1501,16
392,33	1388,52
392,54	1445,87
392,76	1394,67
392,97	1380,33
393,19	1505,26
393,41	1427,43
393,62	1482,73
393,84	1542,12
394,05	1470,44
394,27	1406,95
394,48	1452,01
394,70	1503,21
394,91	1411,05
395,13	1474,54
395,34	1435,63
395,56	1400,81
395,77	1468,39
395,99	1501,16
396,20	1542,12
396,42	1447,91
396,63	1454,06
396,85	1505,26
397,06	1478,63
397,28	1566,70
397,49	1439,72
397,71	1439,72
397,92	1480,68
398,14	1474,54
398,35	1591,27
398,57	1490,92
398,78	1593,32
399,00	1519,59
399,21	1472,49
399,43	1490,92
399,64	1486,83
399,86	1476,59
400,07	1488,87
400,29	1480,68
400,50	1503,21
400,72	1574,89
400,93	1482,73
401,14	1576,94
401,36	1441,77
401,57	1527,78
401,79	1519,59
402,00	1509,35
402,22	1581,03
402,43	1533,93
402,65	1529,83
402,86	1443,82
403,08	1540,07
403,29	1566,70
403,51	1581,03
403,72	1499,11
403,94	1527,78
404,15	1531,88
404,36	1531,88
404,58	1683,43
404,79	1560,55
405,01	1499,11
405,22	1484,78
405,44	1488,87
405,65	1544,17
405,87	1525,74
406,08	1529,83
406,30	1538,02
406,51	1490,92
406,72	1521,64
406,94	1478,63
407,15	1542,12
407,37	1560,55
407,58	1507,30
407,80	1486,83
408,01	1476,59
408,23	1499,11
408,44	1501,16
408,65	1437,67
408,87	1478,63
409,08	1521,64
409,30	1617,90
409,51	1468,39
409,73	1435,63
409,94	1509,35
410,15	1578,98
410,37	1511,40
410,58	1574,89
410,80	1497,07
411,01	1542,12
411,23	1554,41
411,44	1531,88
411,65	1560,55
411,87	1587,18
412,08	1550,31
412,30	1576,94
412,51	1497,07
412,72	1529,83
412,94	1542,12
413,15	1505,26
413,37	1447,91
413,58	1452,01
413,79	1495,02
414,01	1478,63
414,22	1538,02
414,44	1556,46
414,65	1628,14
414,86	1556,46
415,08	1497,07
415,29	1513,45
415,51	1495,02
415,72	1490,92
415,93	1445,87
416,15	1482,73
416,36	1505,26
416,58	1529,83
416,79	1546,22
417,00	1466,35
417,22	1521,64
417,43	1460,20
417,65	1552,36
417,86	1540,07
418,07	1583,08
418,29	1531,88
418,50	1507,30
418,71	1478,63
418,93	1521,64
419,14	1452,01
419,36	1447,91
419,57	1478,63
419,78	1562,60
420,00	1525,74
420,21	1521,64
420,42	1591,27
420,64	1472,49
420,85	1472,49
421,06	1495,02
421,28	1560,55
421,49	1562,60
421,71	1601,51
421,92	1490,92
422,13	1552,36
422,35	1585,13
422,56	1544,17
422,77	1583,08
422,99	1540,07
423,20	1523,69
423,41	1628,14
423,63	1552,36
423,84	1593,32
424,05	1548,26
424,27	1419,24
424,48	1468,39
424,69	1566,70
424,91	1828,84
425,12	1486,83
425,33	1556,46
425,55	1480,68
425,76	1509,35
425,97	1611,75
426,19	1505,26
426,40	1505,26
426,61	1578,98
426,83	1515,50
427,04	1552,36
427,25	1501,16
427,47	1517,54
427,68	1535,98
427,89	1507,30
428,11	1507,30
428,32	1564,65
428,53	1470,44
428,75	1482,73
428,96	1581,03
429,17	1587,18
429,39	1552,36
429,60	1554,41
429,81	1601,51
430,03	1513,45
430,24	1556,46
430,45	1484,78
430,67	1492,97
430,88	1554,41
431,09	1533,93
431,30	1515,50
431,52	1521,64
431,73	1597,42
431,94	1554,41
432,16	1566,70
432,37	1505,26
432,58	1521,64
432,80	1441,77
433,01	1538,02
433,22	1585,13
433,43	1568,74
433,65	1570,79
433,86	1501,16
434,07	1474,54
434,29	1474,54
434,50	1509,35
434,71	1533,93
434,92	1445,87
435,14	1462,25
435,35	1566,70
435,56	1548,26
435,77	1515,50
435,99	1542,12
436,20	1544,17
436,41	1515,50
436,63	1480,68
436,84	1548,26
437,05	1460,20
437,26	1462,25
437,48	1601,51
437,69	1466,35
437,90	1513,45
438,11	1431,53
438,33	1447,91
438,54	1447,91
438,75	1581,03
438,96	1513,45
439,18	1396,71
439,39	1607,66
439,60	1572,84
439,82	1499,11
440,03	1521,64
440,24	1587,18
440,45	1486,83
440,67	1454,06
440,88	1429,48
441,09	1542,12
441,30	1529,83
441,51	1583,08
441,73	1429,48
441,94	1449,96
442,15	1525,74
442,36	1519,59
442,58	1507,30
442,79	1447,91
443,00	1554,41
443,21	1509,35
443,43	1503,21
443,64	1509,35
443,85	1511,40
444,06	1587,18
444,28	1464,30
444,49	1548,26
444,70	1525,74
444,91	1605,61
445,12	1533,93
445,34	1589,22
445,55	1624,04
445,76	1515,50
445,97	1566,70
446,18	1511,40
446,40	1595,37
446,61	1568,74
446,82	1474,54
447,03	1546,22
447,25	1609,70
447,46	1589,22
447,67	1574,89
447,88	1533,93
448,09	1583,08
448,31	1574,89
448,52	1515,50
448,73	1644,52
448,94	1517,54
449,15	1621,99
449,37	1495,02
449,58	1581,03
449,79	1734,63
450,00	1761,25
450,21	1495,02
450,43	1566,70
450,64	1568,74
450,85	1466,35
451,06	1642,47
451,27	1740,77
451,48	1609,70
451,70	1583,08
451,91	1529,83
452,12	1630,18
452,33	1660,90
452,54	1576,94
452,76	1591,27
452,97	1615,85
453,18	1578,98
453,39	1587,18
453,60	1669,09
453,81	1611,75
454,03	1605,61
454,24	1654,76
454,45	1554,41
454,66	1658,85
454,87	1599,46
455,08	1619,94
455,30	1595,37
455,51	1673,19
455,72	1699,81
455,93	1667,05
456,14	1636,33
456,35	1621,99
456,56	1675,24
456,78	1656,81
456,99	1628,14
457,20	1634,28
457,41	1679,33
457,62	1701,86
457,83	1687,53
458,04	1656,81
458,26	1658,85
458,47	1576,94
458,68	1671,14
458,89	1665,00
459,10	1669,09
459,31	1669,09
459,52	1628,14
459,74	1759,21
459,95	1722,34
460,16	1656,81
460,37	1720,29
460,58	1716,20
460,79	1716,20
461,00	1757,16
461,21	1662,95
461,43	1576,94
461,64	1634,28
461,85	1611,75
462,06	1718,25
462,27	1529,83
462,48	1669,09
462,69	1642,47
462,90	1595,37
463,12	1603,56
463,33	1677,29
463,54	1607,66
463,75	1708,01
463,96	1697,77
464,17	1724,39
464,38	1687,53
464,59	1689,57
464,80	1644,52
465,01	1689,57
465,23	1640,42
465,44	1615,85
465,65	1658,85
465,86	1728,49
466,07	1605,61
466,28	1712,10
466,49	1638,38
466,70	1722,34
466,91	1781,73
467,12	1785,83
467,33	1759,21
467,55	1720,29
467,76	1687,53
467,97	1724,39
468,18	1710,05
468,39	1720,29
468,60	1796,07
468,81	1708,01
469,02	1728,49
469,23	1701,86
469,44	1748,97
469,65	1683,43
469,86	1765,35
470,07	1740,77
470,29	1888,23
470,50	1681,38
470,71	1765,35
470,92	1777,64
471,13	1771,49
471,34	1769,44
471,55	1820,64
471,76	1753,06
471,97	1720,29
472,18	1834,98
472,39	1781,73
472,60	1773,54
472,81	1824,74
473,02	1820,64
473,23	1853,41
473,44	1890,28
473,65	1923,04
473,87	1775,59
474,08	1847,27
474,29	1773,54
474,50	1927,14
474,71	1851,36
474,92	1824,74
475,13	1839,08
475,34	1943,52
475,55	1783,78
475,76	1824,74
475,97	2009,06
476,18	1861,60
476,39	1904,61
476,60	1900,52
476,81	1873,89
477,02	1935,33
477,23	1894,37
477,44	1939,43
477,65	1898,47
477,86	1875,94
478,07	1904,61
478,28	1916,90
478,49	1927,14
478,70	2015,20
478,91	1894,37
479,12	2013,15
479,33	1912,80
479,54	1943,52
479,75	2002,91
479,96	1990,63
480,17	1980,39
480,38	2035,68
480,59	2017,25
480,80	2002,91
481,01	1996,77
481,22	2009,06
481,43	2035,68
481,64	2070,50
481,85	2050,02
482,06	2045,92
482,27	2086,88
482,48	2052,06
482,69	2189,28
482,90	2082,78
483,11	2140,13
483,32	2150,37
483,53	2125,79
483,74	2222,05
483,95	2146,27
484,16	2037,73
484,37	2129,89
484,58	2115,55
484,79	2215,90
485,00	2246,62
485,21	2217,95
485,42	2303,96
485,63	2316,25
485,84	2230,24
486,05	2260,96
486,26	2375,64
486,47	2344,92
486,68	2387,93
486,89	2385,88
487,10	2338,78
487,31	2437,08
487,52	2232,29
487,73	2473,95
487,94	2351,07
488,15	2498,52
488,36	2482,14
488,57	2330,59
488,77	2437,08
488,98	2422,75
489,19	2324,44
489,40	2535,39
489,61	2408,41
489,82	2455,51
490,03	2623,45
490,24	2422,75
490,45	2519,00
490,66	2451,42
490,87	2582,49
491,08	2615,26
491,29	2510,81
491,50	2469,85
491,71	2471,90
491,92	2553,82
492,13	2607,06
492,33	2529,24
492,54	2514,91
492,75	2592,73
492,96	2568,15
493,17	2566,10
493,38	2547,67
493,59	2545,63
493,80	2605,02
494,01	2645,98
494,22	2650,07
494,43	2668,50
494,64	2605,02
494,85	2625,50
495,05	2613,21
495,26	2674,65
495,47	2682,84
495,68	2715,61
495,89	2629,59
496,10	2652,12
496,31	2596,82
496,52	2695,13
496,73	2709,46
496,94	2783,19
497,15	2701,27
497,35	2660,31
497,56	2574,30
497,77	2676,70
497,98	2705,37
498,19	2650,07
498,40	2772,95
498,61	2750,42
498,82	2539,48
499,03	2731,99
499,23	2676,70
499,44	2832,34
499,65	2742,23
499,86	2705,37
500,07	2656,22
500,28	2729,94
500,49	2656,22
500,70	2809,81
500,91	2772,95
501,11	2760,66
501,32	2705,37
501,53	2750,42
501,74	2670,55
501,95	2711,51
502,16	2629,59
502,37	2815,96
502,57	2809,81
502,78	2852,82
502,99	2701,27
503,20	2842,58
503,41	2881,49
503,62	2791,38
503,83	2906,07
504,03	2856,92
504,24	2858,96
504,45	2848,72
504,66	2840,53
504,87	3039,19
505,08	2836,44
505,29	2897,88
505,49	2969,55
505,70	2967,51
505,91	2899,92
506,12	2977,75
506,33	2869,20
506,54	3170,26
506,75	2987,99
506,95	3071,95
507,16	3026,90
507,37	3155,92
507,58	3090,38
507,79	3211,22
508,00	3129,30
508,20	3084,24
508,41	3069,91
508,62	3303,37
508,83	3092,43
509,04	3289,04
509,24	3252,17
509,45	3659,72
509,66	3291,09
509,87	3547,08
510,08	3160,02
510,29	3395,53
510,49	3368,91
510,70	3495,88
510,91	3317,71
511,12	3499,98
511,33	3289,04
511,53	3592,14
511,74	3330,00
511,95	3459,02
512,16	3413,96
512,37	3719,11
512,57	3413,96
512,78	3588,04
512,99	3307,47
513,20	3694,54
513,41	3676,10
513,61	3604,42
513,82	3383,24
514,03	3643,34
514,24	3493,83
514,45	3794,89
514,65	3604,42
514,86	3645,38
515,07	3436,49
515,28	3700,68
515,49	3416,01
515,69	3698,63
515,90	3268,56
516,11	3629,00
516,32	3475,40
516,52	3706,82
516,73	3528,65
516,94	3665,86
517,15	3442,64
517,36	3495,88
517,56	3524,55
517,77	3518,41
517,98	3473,36
518,19	3575,75
518,39	3342,28
518,60	3553,23
518,81	3440,59
519,02	3403,72
519,22	3360,72
519,43	3639,24
519,64	3348,43
519,85	3360,72
520,05	3379,15
520,26	3436,49
520,47	3303,37
520,68	3434,44
520,88	3299,28
521,09	3278,80
521,30	3100,62
521,51	3370,96
521,71	3299,28
521,92	3264,46
522,13	3117,01
522,34	3225,55
522,54	3067,86
522,75	3334,09
522,96	2985,94
523,17	3172,30
523,37	2963,41
523,58	3030,99
523,79	2908,12
523,99	3151,82
524,20	2656,22
524,41	2983,89
524,62	2723,80
524,82	2979,79
525,03	2846,68
525,24	2906,07
525,45	2729,94
525,65	2758,61
525,86	2734,04
526,07	2793,43
526,27	2656,22
526,48	2828,24
526,69	2719,70
526,90	2525,15
527,10	2373,60
527,31	2662,36
527,52	2437,08
527,72	2557,91
527,93	2392,03
528,14	2584,54
528,34	2383,84
528,55	2387,93
528,76	2400,22
528,97	2447,32
529,17	2312,16
529,38	2469,85
529,59	2242,53
529,79	2482,14
530,00	2244,57
530,21	2365,40
530,41	2209,76
530,62	2320,35
530,83	2457,56
531,03	2346,97
531,24	2154,46
531,45	2193,37
531,65	2164,70
531,86	2230,24
532,07	2072,54
532,27	2170,85
532,48	2056,16
532,69	2111,46
532,89	2035,68
533,10	2074,59
533,31	1996,77
533,51	2101,22
533,72	1929,19
533,93	2072,54
534,13	1894,37
534,34	1947,62
534,55	1976,29
534,75	2088,93
534,96	2023,39
535,17	1990,63
535,37	2088,93
535,58	1951,71
535,79	1970,15
535,99	1939,43
536,20	1898,47
536,41	1902,56
536,61	1839,08
536,82	2050,02
537,03	1791,97
537,23	1783,78
537,44	1769,44
537,64	1855,46
537,85	1837,03
538,06	1859,56
538,26	1824,74
538,47	1871,84
538,68	1726,44
538,88	1820,64
539,09	1783,78
539,30	1736,68
539,50	1748,97
539,71	1744,87
539,91	1730,53
540,12	1730,53
540,33	1718,25
540,53	1759,21
540,74	1695,72
540,94	1699,81
541,15	1628,14
541,36	1703,91
541,56	1677,29
541,77	1683,43
541,98	1763,30
542,18	1820,64
542,39	1761,25
542,59	1708,01
542,80	1742,82
543,01	1560,55
543,21	1757,16
543,42	1667,05
543,62	1626,09
543,83	1669,09
544,04	1585,13
544,24	1757,16
544,45	1609,70
544,65	1589,22
544,86	1648,61
545,06	1613,80
545,27	1572,84
545,48	1632,23
545,68	1648,61
545,89	1636,33
546,09	1515,50
546,30	1570,79
546,51	1583,08
546,71	1513,45
546,92	1632,23
547,12	1495,02
547,33	1501,16
547,53	1603,56
547,74	1550,31
547,95	1544,17
548,15	1499,11
548,36	1624,04
548,56	1554,41
548,77	1564,65
548,97	1552,36
549,18	1581,03
549,39	1628,14
549,59	1531,88
549,80	1480,68
550,00	1511,40
550,21	1560,55
550,41	1466,35
550,62	1538,02
550,82	1505,26
551,03	1468,39
551,23	1511,40
551,44	1531,88
551,65	1597,42
551,85	1507,30
552,06	1499,11
552,26	1476,59
552,47	1517,54
552,67	1447,91
552,88	1468,39
553,08	1445,87
553,29	1619,94
553,49	1529,83
553,70	1447,91
553,90	1574,89
554,11	1480,68
554,32	1492,97
554,52	1472,49
554,73	1464,30
554,93	1505,26
555,14	1519,59
555,34	1501,16
555,55	1456,11
555,75	1560,55
555,96	1480,68
556,16	1480,68
556,37	1591,27
556,57	1382,38
556,78	1517,54
556,98	1546,22
557,19	1470,44
557,39	1550,31
557,60	1517,54
557,80	1435,63
558,01	1460,20
558,21	1482,73
558,42	1478,63
558,62	1513,45
558,83	1513,45
559,03	1466,35
559,24	1478,63
559,44	1421,29
559,65	1509,35
559,85	1429,48
560,06	1515,50
560,26	1437,67
560,47	1505,26
560,67	1552,36
560,88	1501,16
561,08	1583,08
561,29	1605,61
561,49	1501,16
561,70	1495,02
561,90	1452,01
562,10	1402,86
562,31	1503,21
562,51	1507,30
562,72	1429,48
562,92	1460,20
563,13	1585,13
563,33	1456,11
563,54	1482,73
563,74	1525,74
563,95	1404,91
564,15	1472,49
564,36	1548,26
564,56	1503,21
564,76	1443,82
564,97	1454,06
565,17	1495,02
565,38	1552,36
565,58	1454,06
565,79	1484,78
565,99	1411,05
566,20	1452,01
566,40	1480,68
566,60	1499,11
566,81	1519,59
567,01	1558,50
567,22	1368,04
567,42	1419,24
567,63	1460,20
567,83	1486,83
568,04	1411,05
568,24	1476,59
568,44	1378,28
568,65	1419,24
568,85	1429,48
569,06	1417,19
569,26	1458,15
569,47	1505,26
569,67	1429,48
569,87	1427,43
570,08	1435,63
570,28	1544,17
570,49	1445,87
570,69	1593,32
570,89	1509,35
571,10	1486,83
571,30	1431,53
571,51	1435,63
571,71	1511,40
571,91	1509,35
572,12	1495,02
572,32	1419,24
572,53	1470,44
572,73	1447,91
572,93	1492,97
573,14	1495,02
573,34	1505,26
573,55	1445,87
573,75	1523,69
573,95	1480,68
574,16	1466,35
574,36	1411,05
574,57	1476,59
574,77	1394,67
574,97	1443,82
575,18	1429,48
575,38	1404,91
575,59	1431,53
575,79	1470,44
575,99	1558,50
576,20	1429,48
576,40	1466,35
576,60	1521,64
576,81	1445,87
577,01	1474,54
577,22	1445,87
577,42	1447,91
577,62	1476,59
577,83	1415,15
578,03	1554,41
578,23	1480,68
578,44	1474,54
578,64	1488,87
578,84	1454,06
579,05	1411,05
579,25	1568,74
579,45	1421,29
579,66	1445,87
579,86	1427,43
580,07	1439,72
580,27	1447,91
580,47	1359,85
580,68	1368,04
580,88	1454,06
581,08	1419,24
581,29	1462,25
581,49	1433,58
581,69	1484,78
581,90	1452,01
582,10	1447,91
582,30	1396,71
582,51	1460,20
582,71	1466,35
582,91	1447,91
583,12	1388,52
583,32	1439,72
583,52	1482,73
583,73	1470,44
583,93	1384,43
584,13	1443,82
584,34	1415,15
584,54	1300,46
584,74	1368,04
584,94	1503,21
585,15	1406,95
585,35	1509,35
585,55	1400,81
585,76	1452,01
585,96	1376,24
586,16	1456,11
586,37	1368,04
586,57	1447,91
586,77	1357,80
586,98	1509,35
587,18	1464,30
587,38	1431,53
587,58	1384,43
587,79	1492,97
587,99	1361,90
588,19	1419,24
588,40	1421,29
588,60	1501,16
588,80	1449,96
589,00	1495,02
589,21	1443,82
589,41	1452,01
589,61	1452,01
589,82	1374,19
590,02	1370,09
590,22	1474,54
590,42	1523,69
590,63	1533,93
590,83	1374,19
591,03	1472,49
591,23	1404,91
591,44	1464,30
591,64	1452,01
591,84	1427,43
592,05	1538,02
592,25	1474,54
592,45	1449,96
592,65	1519,59
592,86	1425,39
593,06	1482,73
593,26	1435,63
593,46	1429,48
593,67	1472,49
593,87	1390,57
594,07	1421,29
594,27	1366,00
594,48	1378,28
594,68	1482,73
594,88	1378,28
595,08	1400,81
595,29	1443,82
595,49	1441,77
595,69	1439,72
595,89	1411,05
596,10	1511,40
596,30	1415,15
596,50	1341,42
596,70	1478,63
596,90	1490,92
597,11	1419,24
597,31	1423,34
597,51	1470,44
597,71	1464,30
597,92	1560,55
598,12	1468,39
598,32	1517,54
598,52	1462,25
598,72	1413,10
598,93	1443,82
599,13	1574,89
599,33	1439,72
599,53	1535,98
599,74	1406,95
599,94	1421,29
600,14	1398,76
600,34	1454,06
600,54	1519,59
600,75	1425,39
600,95	1443,82
601,15	1413,10
601,35	1409,00
601,55	1431,53
601,76	1417,19
601,96	1527,78
602,16	1443,82
602,36	1550,31
602,56	1394,67
602,76	1454,06
602,97	1355,76
603,17	1480,68
603,37	1435,63
603,57	1374,19
603,77	1544,17
603,98	1439,72
604,18	1454,06
604,38	1480,68
604,58	1392,62
604,78	1462,25
604,98	1437,67
605,19	1449,96
605,39	1503,21
605,59	1472,49
605,79	1472,49
605,99	1454,06
606,19	1404,91
606,40	1421,29
606,60	1415,15
606,80	1370,09
607,00	1413,10
607,20	1497,07
607,40	1411,05
607,61	1456,11
607,81	1470,44
608,01	1523,69
608,21	1435,63
608,41	1482,73
608,61	1433,58
608,81	1384,43
609,02	1382,38
609,22	1415,15
609,42	1499,11
609,62	1499,11
609,82	1505,26
610,02	1482,73
610,22	1474,54
610,43	1417,19
610,63	1462,25
610,83	1540,07
611,03	1435,63
611,23	1370,09
611,43	1546,22
611,63	1488,87
611,83	1347,56
612,04	1454,06
612,24	1437,67
612,44	1464,30
612,64	1454,06
612,84	1433,58
613,04	1415,15
613,24	1509,35
613,44	1439,72
613,64	1437,67
613,85	1464,30
614,05	1468,39
614,25	1464,30
614,45	1409,00
614,65	1476,59
614,85	1366,00
615,05	1394,67
615,25	1509,35
615,45	1400,81
615,65	1470,44
615,86	1538,02
616,06	1468,39
616,26	1488,87
616,46	1505,26
616,66	1372,14
616,86	1499,11
617,06	1392,62
617,26	1464,30
617,46	1458,15
617,66	1470,44
617,86	1619,94
618,07	1380,33
618,27	1564,65
618,47	1462,25
618,67	1472,49
618,87	1406,95
619,07	1505,26
619,27	1488,87
619,47	1497,07
619,67	1511,40
619,87	1433,58
620,07	1515,50
620,27	1474,54
620,47	1345,52
620,67	1378,28
620,87	1505,26
621,07	1456,11
621,28	1390,57
621,48	1492,97
621,68	1476,59
621,88	1433,58
622,08	1433,58
622,28	1462,25
622,48	1538,02
622,68	1439,72
622,88	1447,91
623,08	1490,92
623,28	1423,34
623,48	1445,87
623,68	1423,34
623,88	1452,01
624,08	1552,36
624,28	1415,15
624,48	1415,15
624,68	1331,18
624,88	1464,30
625,08	1421,29
625,28	1458,15
625,48	1478,63
625,68	1492,97
625,88	1484,78
626,08	1359,85
626,28	1490,92
626,48	1439,72
626,68	1503,21
626,88	1452,01
627,08	1560,55
627,28	1552,36
627,48	1572,84
627,68	1386,47
627,88	1378,28
628,08	1437,67
628,28	1398,76
628,49	1470,44
628,68	1394,67
628,88	1443,82
629,08	1468,39
629,28	1542,12
629,48	1454,06
629,68	1456,11
629,88	1409,00
630,08	1454,06
630,28	1499,11
630,48	1458,15
630,68	1462,25
630,88	1492,97
631,08	1415,15
631,28	1519,59
631,48	1523,69
631,68	1394,67
631,88	1447,91
632,08	1540,07
632,28	1466,35
632,48	1544,17
632,68	1427,43
632,88	1501,16
633,08	1484,78
633,28	1439,72
633,48	1513,45
633,68	1433,58
633,88	1466,35
634,08	1497,07
634,28	1486,83
634,48	1423,34
634,68	1427,43
634,88	1427,43
635,08	1427,43
635,28	1538,02
635,48	1413,10
635,68	1394,67
635,87	1435,63
636,07	1460,20
636,27	1396,71
636,47	1501,16
636,67	1509,35
636,87	1470,44
637,07	1462,25
637,27	1388,52
637,47	1435,63
637,67	1517,54
637,87	1425,39
638,07	1464,30
638,27	1372,14
638,47	1492,97
638,67	1425,39
638,86	1437,67
639,06	1382,38
639,26	1587,18
639,46	1402,86
639,66	1462,25
639,86	1525,74
640,06	1413,10
640,26	1396,71
640,46	1429,48
640,66	1454,06
640,86	1544,17
641,06	1384,43
641,25	1466,35
641,45	1447,91
641,65	1345,52
641,85	1529,83
642,05	1476,59
642,25	1411,05
642,45	1437,67
642,65	1515,50
642,85	1447,91
643,05	1478,63
643,24	1474,54
643,44	1447,91
643,64	1392,62
643,84	1411,05
644,04	1404,91
644,24	1433,58
644,44	1423,34
644,64	1400,81
644,84	1394,67
645,03	1478,63
645,23	1499,11
645,43	1406,95
645,63	1511,40
645,83	1394,67
646,03	1474,54
646,23	1427,43
646,42	1472,49
646,62	1480,68
646,82	1454,06
647,02	1482,73
647,22	1490,92
647,42	1411,05
647,62	1435,63
647,82	1429,48
648,01	1595,37
648,21	1400,81
648,41	1482,73
648,61	1476,59
648,81	1535,98
649,01	1482,73
649,20	1376,24
649,40	1529,83
649,60	1425,39
649,80	1472,49
650,00	1464,30
650,20	1460,20
650,40	1445,87
650,59	1488,87
650,79	1443,82
650,99	1480,68
651,19	1417,19
651,39	1458,15
651,58	1402,86
651,78	1478,63
651,98	1495,02
652,18	1392,62
652,38	1394,67
652,58	1427,43
652,77	1460,20
652,97	1609,70
653,17	1429,48
653,37	1542,12
653,57	1492,97
653,77	1486,83
653,96	1486,83
654,16	1460,20
654,36	1456,11
654,56	1456,11
654,76	1492,97
654,95	1472,49
655,15	1417,19
655,35	1492,97
655,55	1425,39
655,75	1484,78
655,94	1454,06
656,14	1402,86
656,34	1513,45
656,54	1406,95
656,73	1470,44
656,93	1431,53
657,13	1554,41
657,33	1490,92
657,53	1468,39
657,72	1460,20
657,92	1380,33
658,12	1380,33
658,32	1433,58
658,52	1454,06
658,71	1447,91
658,91	1427,43
659,11	1484,78
659,31	1503,21
659,50	1484,78
659,70	1490,92
659,90	1599,46
660,10	1462,25
660,29	1480,68
660,49	1497,07
660,69	1409,00
660,89	1480,68
661,08	1392,62
661,28	1341,42
661,48	1374,19
661,68	1486,83
661,87	1409,00
662,07	1419,24
662,27	1361,90
662,47	1423,34
662,66	1492,97
662,86	1423,34
663,06	1478,63
663,26	1476,59
663,45	1503,21
663,65	1429,48
663,85	1452,01
664,05	1435,63
664,24	1492,97
664,44	1341,42
664,64	1380,33
664,84	1466,35
665,03	1431,53
665,23	1550,31
665,43	1497,07
665,62	1421,29
665,82	1437,67
666,02	1472,49
666,22	1546,22
666,41	1425,39
666,61	1529,83
666,81	1431,53
667,00	1447,91
667,20	1411,05
667,40	1445,87
667,60	1478,63
667,79	1445,87
667,99	1482,73
668,19	1441,77
668,38	1462,25
668,58	1484,78
668,78	1490,92
668,97	1501,16
669,17	1492,97
669,37	1554,41
669,57	1384,43
669,76	1474,54
669,96	1456,11
670,16	1468,39
670,35	1406,95
670,55	1468,39
670,75	1437,67
670,94	1484,78
671,14	1423,34
671,34	1529,83
671,53	1437,67
671,73	1538,02
671,93	1415,15
672,12	1368,04
672,32	1433,58
672,52	1447,91
672,71	1499,11
672,91	1480,68
673,11	1454,06
673,30	1503,21
673,50	1472,49
673,70	1447,91
673,89	1490,92
674,09	1429,48
674,29	1472,49
674,48	1417,19
674,68	1556,46
674,88	1419,24
675,07	1370,09
675,27	1447,91
675,46	1482,73
675,66	1413,10
675,86	1525,74
676,05	1533,93
676,25	1460,20
676,45	1474,54
676,64	1366,00
676,84	1531,88
677,04	1417,19
677,23	1468,39
677,43	1466,35
677,62	1484,78
677,82	1406,95
678,02	1515,50
678,21	1400,81
678,41	1519,59
678,61	1462,25
678,80	1470,44
679,00	1441,77
679,19	1505,26
679,39	1492,97
679,59	1404,91
679,78	1482,73
679,98	1452,01
680,17	1384,43
680,37	1456,11
680,57	1396,71
680,76	1492,97
680,96	1474,54
681,16	1339,37
681,35	1402,86
681,55	1366,00
681,74	1392,62
681,94	1433,58
682,13	1427,43
682,33	1460,20
682,53	1464,30
682,72	1507,30
682,92	1425,39
683,11	1437,67
683,31	1417,19
683,51	1531,88
683,70	1439,72
683,90	1417,19
684,09	1513,45
684,29	1513,45
684,48	1478,63
684,68	1431,53
684,88	1482,73
685,07	1411,05
685,27	1417,19
685,46	1535,98
685,66	1421,29
685,85	1482,73
686,05	1513,45
686,25	1511,40
686,44	1456,11
686,64	1490,92
686,83	1466,35
687,03	1439,72
687,22	1413,10
687,42	1425,39
687,61	1427,43
687,81	1495,02
688,01	1443,82
688,20	1452,01
688,40	1472,49
688,59	1470,44
688,79	1544,17
688,98	1468,39
689,18	1460,20
689,37	1513,45
689,57	1466,35
689,76	1531,88
689,96	1357,80
690,15	1400,81
690,35	1439,72
690,54	1398,76
690,74	1490,92
690,94	1427,43
691,13	1433,58
691,33	1505,26
691,52	1497,07
691,72	1427,43
691,91	1447,91
692,11	1476,59
692,30	1425,39
692,50	1511,40
692,69	1478,63
692,89	1458,15
693,08	1427,43
693,28	1501,16
693,47	1419,24
693,67	1482,73
693,86	1404,91
694,06	1478,63
694,25	1392,62
694,45	1533,93
694,64	1400,81
694,84	1497,07
695,03	1484,78
695,23	1456,11
695,42	1460,20
695,62	1482,73
695,81	1492,97
696,01	1503,21
696,20	1400,81
696,40	1433,58
696,59	1411,05
696,78	1460,20
696,98	1452,01
697,17	1411,05
697,37	1366,00
697,56	1470,44
697,76	1531,88
697,95	1458,15
698,15	1398,76
698,34	1505,26
698,54	1409,00
698,73	1525,74
698,93	1406,95
699,12	1445,87
699,32	1470,44
699,51	1435,63
699,70	1396,71
699,90	1390,57
700,09	1478,63
700,29	1497,07
700,48	1413,10
700,68	1421,29
700,87	1449,96
701,07	1384,43
701,26	1398,76
701,45	1441,77
701,65	1380,33
701,84	1411,05
702,04	1445,87
702,23	1390,57
702,43	1437,67
702,62	1468,39
702,81	1497,07
703,01	1452,01
703,20	1480,68
703,40	1349,61
703,59	1413,10
703,79	1515,50
703,98	1300,46
704,17	1396,71
704,37	1472,49
704,56	1456,11
704,76	1409,00
704,95	1419,24
705,14	1449,96
705,34	1398,76
705,53	1378,28
705,73	1390,57
705,92	1470,44
706,11	1443,82
706,31	1329,13
706,50	1458,15
706,70	1474,54
706,89	1511,40
707,08	1404,91
707,28	1411,05
707,47	1413,10
707,67	1452,01
707,86	1402,86
708,05	1449,96
708,25	1394,67
708,44	1366,00
708,64	1382,38
708,83	1415,15
709,02	1390,57
709,22	1544,17
709,41	1421,29
709,60	1589,22
709,80	1419,24
709,99	1417,19
710,19	1425,39
710,38	1445,87
710,57	1372,14
710,77	1402,86
710,96	1357,80
711,15	1454,06
711,35	1470,44
711,54	1425,39
711,73	1413,10
711,93	1433,58
712,12	1411,05
712,31	1488,87
712,51	1409,00
712,70	1415,15
712,89	1372,14
713,09	1355,76
713,28	1484,78
713,48	1449,96
713,67	1355,76
713,86	1447,91
714,06	1501,16
714,25	1415,15
714,44	1363,95
714,64	1505,26
714,83	1423,34
715,02	1349,61
715,22	1501,16
715,41	1439,72
715,60	1398,76
715,79	1417,19
715,99	1411,05
716,18	1468,39
716,37	1435,63
716,57	1427,43
716,76	1449,96
716,95	1406,95
717,15	1366,00
717,34	1335,28
717,53	1345,52
717,73	1439,72
717,92	1296,36
718,11	1447,91
718,31	1437,67
718,50	1454,06
718,69	1339,37
718,88	1509,35
719,08	1400,81
719,27	1335,28
719,46	1464,30
719,66	1458,15
719,85	1402,86
720,04	1490,92
720,23	1351,66
720,43	1431,53
720,62	1413,10
720,81	1345,52
721,01	1425,39
721,20	1449,96
721,39	1433,58
721,58	1425,39
721,78	1480,68
721,97	1378,28
722,16	1366,00
722,35	1345,52
722,55	1380,33
722,74	1474,54
722,93	1409,00
723,13	1372,14
723,32	1398,76
723,51	1349,61
723,70	1357,80
723,90	1417,19
724,09	1353,71
724,28	1357,80
724,47	1390,57
724,67	1456,11
724,86	1425,39
725,05	1384,43
725,24	1411,05
725,44	1361,90
725,63	1347,56
725,82	1366,00
726,01	1374,19
726,21	1419,24
726,40	1415,15
726,59	1382,38
726,78	1443,82
726,97	1382,38
727,17	1413,10
727,36	1452,01
727,55	1394,67
727,74	1327,08
727,94	1437,67
728,13	1458,15
728,32	1447,91
728,51	1439,72
728,70	1437,67
728,90	1443,82
729,09	1366,00
729,28	1443,82
729,47	1427,43
729,66	1425,39
729,86	1458,15
730,05	1449,96
730,24	1400,81
730,43	1409,00
730,63	1443,82
730,82	1462,25
731,01	1325,04
731,20	1417,19
731,39	1478,63
731,58	1388,52
731,78	1462,25
731,97	1439,72
732,16	1501,16
732,35	1378,28
732,54	1486,83
732,74	1480,68
732,93	1484,78
733,12	1366,00
733,31	1464,30
733,50	1394,67
733,69	1400,81
733,89	1413,10
734,08	1347,56
734,27	1402,86
734,46	1437,67
734,65	1460,20
734,84	1376,24
735,04	1470,44
735,23	1507,30
735,42	1394,67
735,61	1456,11
735,80	1495,02
735,99	1341,42
736,19	1417,19
736,38	1331,18
736,57	1413,10
736,76	1361,90
736,95	1409,00
737,14	1374,19
737,33	1431,53
737,53	1515,50
737,72	1380,33
737,91	1366,00
738,10	1406,95
738,29	1366,00
738,48	1470,44
738,67	1423,34
738,87	1456,11
739,06	1357,80
739,25	1435,63
739,44	1357,80
739,63	1443,82
739,82	1443,82
740,01	1366,00
740,20	1376,24
740,40	1384,43
740,59	1437,67
740,78	1417,19
740,97	1398,76
741,16	1484,78
741,35	1441,77
741,54	1478,63
741,73	1394,67
741,92	1431,53
742,12	1429,48
742,31	1394,67
742,50	1474,54
742,69	1417,19
742,88	1396,71
743,07	1406,95
743,26	1462,25
743,45	1443,82
743,64	1468,39
743,83	1417,19
744,02	1404,91
744,22	1425,39
744,41	1421,29
744,60	1409,00
744,79	1495,02
744,98	1464,30
745,17	1447,91
745,36	1343,47
745,55	1464,30
745,74	1439,72
745,93	1480,68
746,12	1372,14
746,31	1384,43
746,50	1359,85
746,70	1310,70
746,89	1495,02
747,08	1351,66
747,27	1366,00
747,46	1503,21
747,65	1382,38
747,84	1468,39
748,03	1443,82
748,22	1396,71
748,41	1351,66
748,60	1437,67
748,79	1445,87
748,98	1445,87
749,17	1423,34
749,36	1445,87
749,55	1361,90
749,74	1439,72
749,93	1550,31
750,12	1384,43
750,31	1384,43
750,50	1456,11
750,70	1449,96
750,89	1542,12
751,08	1578,98
751,27	1402,86
751,46	1433,58
751,65	1417,19
751,84	1513,45
752,03	1370,09
752,22	1423,34
752,41	1345,52
752,60	1425,39
752,79	1345,52
752,98	1439,72
753,17	1589,22
753,36	1449,96
753,55	1540,07
753,74	1443,82
753,93	1447,91
754,12	1402,86
754,31	1388,52
754,50	1505,26
754,69	1415,15
754,88	1480,68
755,07	1404,91
755,26	1419,24
755,45	1480,68
755,64	1437,67
755,83	1445,87
756,02	1488,87
756,21	1470,44
756,40	1476,59
756,59	1445,87
756,78	1484,78
756,97	1480,68
757,16	1490,92
757,35	1505,26
757,54	1492,97
757,72	1411,05
757,91	1460,20
758,10	1439,72
758,29	1376,24
758,48	1376,24
758,67	1492,97
758,86	1490,92
759,05	1368,04
759,24	1468,39
759,43	1466,35
759,62	1433,58
759,81	1507,30
760,00	1437,67
760,19	1511,40
760,38	1538,02
760,57	1361,90
760,76	1466,35
760,95	1464,30
761,14	1374,19
761,33	1466,35
761,52	1411,05
761,70	1409,00
761,89	1497,07
762,08	1419,24
762,27	1433,58
762,46	1423,34
762,65	1433,58
762,84	1439,72
763,03	1396,71
763,22	1492,97
763,41	1427,43
763,60	1376,24
763,79	1490,92
763,98	1476,59
764,16	1419,24
764,35	1488,87
764,54	1392,62
764,73	1456,11
764,92	1433,58
765,11	1521,64
765,30	1492,97
765,49	1456,11
765,68	1486,83
765,87	1554,41
766,06	1482,73
766,24	1476,59
766,43	1372,14
766,62	1576,94
766,81	1423,34
767,00	1468,39
767,19	1456,11
767,38	1609,70
767,57	1390,57
767,76	1478,63
767,94	1480,68
768,13	1531,88
768,32	1499,11
768,51	1468,39
768,70	1445,87
768,89	1585,13
769,08	1437,67
769,27	1411,05
769,45	1452,01
769,64	1505,26
769,83	1447,91
770,02	1417,19
770,21	1472,49
770,40	1480,68
770,59	1398,76
770,77	1505,26
770,96	1464,30
771,15	1435,63
771,34	1411,05
771,53	1595,37
771,72	1466,35
771,91	1368,04
772,09	1429,48
772,28	1456,11
772,47	1454,06
772,66	1548,26
772,85	1349,61
773,04	1497,07
773,22	1460,20
773,41	1472,49
773,60	1431,53
773,79	1464,30
773,98	1511,40
774,17	1484,78
774,35	1462,25
774,54	1437,67
774,73	1488,87
774,92	1521,64
775,11	1480,68
775,30	1583,08
775,48	1392,62
775,67	1476,59
775,86	1468,39
776,05	1538,02
776,24	1480,68
776,42	1554,41
776,61	1486,83
776,80	1464,30
776,99	1558,50
777,18	1505,26
777,36	1390,57
777,55	1433,58
777,74	1464,30
777,93	1499,11
778,12	1417,19
778,30	1531,88
778,49	1458,15
778,68	1460,20
778,87	1396,71
779,06	1474,54
779,24	1484,78
779,43	1476,59
779,62	1472,49
779,81	1484,78
779,99	1447,91
780,18	1521,64
780,37	1538,02
780,56	1527,78
780,75	1474,54
780,93	1521,64
781,12	1423,34
781,31	1513,45
781,50	1525,74
781,68	1433,58
781,87	1333,23
782,06	1531,88
782,25	1470,44
782,43	1400,81
782,62	1474,54
782,81	1529,83
783,00	1519,59
783,18	1404,91
783,37	1472,49
783,56	1499,11
783,75	1439,72
783,93	1458,15
784,12	1433,58
784,31	1521,64
784,50	1437,67
784,68	1533,93
784,87	1470,44
785,06	1552,36
785,24	1517,54
785,43	1449,96
785,62	1478,63
785,81	1490,92
785,99	1488,87
786,18	1443,82
786,37	1511,40
786,56	1384,43
786,74	1421,29
786,93	1462,25
787,12	1595,37
787,30	1413,10
787,49	1466,35
787,68	1470,44
787,87	1435,63
788,05	1488,87
788,24	1380,33
788,43	1429,48
788,61	1552,36
788,80	1413,10
788,99	1466,35
789,17	1517,54
789,36	1386,47
789,55	1404,91
789,73	1497,07
789,92	1372,14
790,11	1464,30
790,30	1402,86
790,48	1404,91
790,67	1454,06
790,86	1458,15
791,04	1472,49
791,23	1513,45
791,42	1513,45
791,60	1431,53
791,79	1376,24
791,98	1429,48
792,16	1435,63
792,35	1427,43
792,54	1490,92
792,72	1454,06
792,91	1538,02
793,10	1404,91
793,28	1472,49
793,47	1519,59
793,66	1361,90
793,84	1394,67
794,03	1411,05
794,22	1568,74
794,40	1445,87
794,59	1458,15
794,77	1396,71
794,96	1472,49
795,15	1552,36
795,33	1396,71
795,52	1458,15
795,71	1392,62
795,89	1409,00
796,08	1529,83
796,27	1519,59
796,45	1341,42
796,64	1398,76
796,82	1384,43
797,01	1372,14
797,20	1447,91
797,38	1396,71
797,57	1388,52
797,76	1460,20
797,94	1505,26
798,13	1495,02
798,31	1366,00
798,50	1363,95
798,69	1449,96
798,87	1312,75
799,06	1472,49
799,24	1384,43
799,43	1509,35
799,62	1372,14
799,80	1372,14
799,99	1425,39
800,17	1425,39
800,36	1441,77
800,55	1427,43
800,73	1441,77
800,92	1429,48
801,10	1349,61
801,29	1447,91
801,48	1447,91
801,66	1421,29
801,85	1376,24
802,03	1372,14
802,22	1472,49
802,40	1400,81
802,59	1361,90
802,78	1380,33
802,96	1435,63
803,15	1527,78
803,33	1460,20
803,52	1398,76
803,70	1404,91
803,89	1370,09
804,08	1396,71
804,26	1458,15
804,45	1378,28
804,63	1517,54
804,82	1378,28
805,00	1435,63
805,19	1359,85
805,37	1443,82
805,56	1435,63
805,74	1341,42
805,93	1386,47
806,12	1470,44
806,30	1437,67
806,49	1447,91
806,67	1372,14
806,86	1349,61
807,04	1458,15
807,23	1400,81
807,41	1335,28
807,60	1339,37
807,78	1452,01
807,97	1757,16
808,15	1386,47
808,34	1458,15
808,52	1482,73
808,71	1296,36
808,89	1456,11
809,08	1486,83
809,27	1382,38
809,45	1447,91
809,64	1423,34
809,82	1437,67
810,01	1378,28
810,19	1509,35
810,38	1388,52
810,56	1454,06
810,75	1406,95
810,93	1472,49
811,12	1406,95
811,30	1470,44
811,49	1435,63
811,67	1499,11
811,85	1351,66
812,04	1515,50
812,22	1390,57
812,41	1460,20
812,59	1413,10
812,78	1353,71
812,96	1419,24
813,15	1472,49
813,33	1480,68
813,52	1396,71
813,70	1421,29
813,89	1341,42
814,07	1511,40
814,26	1540,07
814,44	1398,76
814,63	1492,97
814,81	1325,04
815,00	1435,63
815,18	1427,43
815,36	1439,72
815,55	1402,86
815,73	1398,76
815,92	1497,07
816,10	1552,36
816,29	1476,59
816,47	1394,67
816,66	1411,05
816,84	1482,73
817,02	1449,96
817,21	1415,15
817,39	1486,83
817,58	1413,10
817,76	1329,13
817,95	1468,39
818,13	1386,47
818,32	1427,43
818,50	1443,82
818,68	1435,63
818,87	1497,07
819,05	1378,28
819,24	1396,71
819,42	1447,91
819,60	1411,05
819,79	1433,58
819,97	1380,33
820,16	1396,71
820,34	1415,15
820,53	1366,00
820,71	1404,91
820,89	1544,17
821,08	1445,87
821,26	1374,19
821,45	1409,00
821,63	1382,38
821,81	1447,91
822,00	1402,86
822,18	1460,20
822,37	1431,53
822,55	1384,43
822,73	1435,63
822,92	1466,35
823,10	1443,82
823,28	1503,21
823,47	1517,54
823,65	1421,29
823,84	1398,76
824,02	1368,04
824,20	1423,34
824,39	1497,07
824,57	1435,63
824,75	1548,26
824,94	1468,39
825,12	1484,78
825,31	1398,76
825,49	1429,48
825,67	1460,20
825,86	1433,58
826,04	1558,50
826,22	1443,82
826,41	1478,63
826,59	1443,82
826,77	1419,24
826,96	1421,29
827,14	1372,14
827,32	1435,63
827,51	1503,21
827,69	1415,15
827,87	1400,81
828,06	1431,53
828,24	1384,43
828,42	1406,95
828,61	1456,11
828,79	1474,54
828,97	1449,96
829,16	1535,98
829,34	1417,19
829,52	1386,47
829,71	1533,93
829,89	1554,41
830,07	1454,06
830,26	1388,52
830,44	1478,63
830,62	1658,85
830,81	1505,26
830,99	1476,59
831,17	1515,50
831,36	1484,78
831,54	1550,31
831,72	1474,54
831,91	1435,63
832,09	1396,71
832,27	1406,95
832,45	1425,39
832,64	1433,58
832,82	1443,82
833,00	1474,54
833,19	1368,04
833,37	1454,06
833,55	1456,11
833,73	1492,97
833,92	1478,63
834,10	1402,86
834,28	1495,02
834,47	1449,96
834,65	1445,87
834,83	1417,19
835,01	1476,59
835,20	1372,14
835,38	1445,87
835,56	1495,02
835,74	1501,16
835,93	1404,91
836,11	1476,59
836,29	1441,77
836,47	1529,83
836,66	1390,57
836,84	1468,39
837,02	1409,00
837,21	1501,16
837,39	1501,16
837,57	1480,68
837,75	1482,73
837,94	1464,30
838,12	1449,96
838,30	1464,30
838,48	1458,15
838,66	1394,67
838,85	1501,16
839,03	1472,49
839,21	1445,87
839,39	1460,20
839,58	1501,16
839,76	1480,68
839,94	1488,87
840,12	1527,78
840,31	1519,59
840,49	1558,50
840,67	1429,48
840,85	1460,20
841,03	1497,07
841,22	1458,15
841,40	1466,35
841,58	1490,92
841,76	1413,10
841,94	1406,95
842,13	1544,17
842,31	1499,11
842,49	1374,19
842,67	1480,68
842,85	1439,72
843,04	1470,44
843,22	1462,25
843,40	1468,39
843,58	1572,84
843,76	1398,76
843,95	1501,16
844,13	1437,67
844,31	1476,59
844,49	1431,53
844,67	1419,24
844,86	1462,25
845,04	1327,08
845,22	1419,24
845,40	1460,20
845,58	1439,72
845,76	1415,15
845,95	1538,02
846,13	1433,58
846,31	1441,77
846,49	1439,72
846,67	1394,67
846,85	1449,96
847,04	1462,25
847,22	1404,91
847,40	1431,53
847,58	1411,05
847,76	1529,83
847,94	1396,71
848,12	1546,22
848,31	1521,64
848,49	1478,63
848,67	1495,02
848,85	1505,26
849,03	1507,30
849,21	1501,16
849,39	1452,01
849,58	1492,97
849,76	1400,81
849,94	1472,49
850,12	1476,59
850,30	1429,48
850,48	1476,59
850,66	1470,44
850,84	1425,39
851,03	1474,54
851,21	1425,39
851,39	1409,00
851,57	1468,39
851,75	1368,04
851,93	1449,96
852,11	1517,54
852,29	1454,06
852,47	1591,27
852,66	1540,07
852,84	1413,10
853,02	1501,16
853,20	1554,41
853,38	1476,59
853,56	1517,54
853,74	1497,07
853,92	1437,67
854,10	1503,21
854,28	1499,11
854,46	1394,67
854,65	1413,10
854,83	1435,63
855,01	1478,63
855,19	1382,38
855,37	1480,68
855,55	1460,20
855,73	1521,64
855,91	1499,11
856,09	1515,50
856,27	1447,91
856,45	1546,22
856,63	1413,10
856,81	1497,07
857,00	1464,30
857,18	1486,83
857,36	1398,76
857,54	1525,74
857,72	1499,11
857,90	1511,40
858,08	1538,02
858,26	1470,44
858,44	1589,22
858,62	1515,50
858,80	1458,15
858,98	1509,35
859,16	1456,11
859,34	1462,25
859,52	1398,76
859,70	1587,18
859,88	1503,21
860,06	1443,82
860,24	1431,53
860,42	1488,87
860,60	1468,39
860,78	1441,77
860,96	1456,11
861,14	1441,77
861,32	1497,07
861,50	1435,63
861,69	1431,53
861,87	1509,35
862,05	1466,35
862,23	1433,58
862,41	1390,57
862,59	1458,15
862,77	1497,07
862,95	1486,83
863,13	1515,50
863,31	1509,35
863,49	1497,07
863,67	1503,21
863,85	1456,11
864,03	1484,78
864,21	1472,49
864,39	1458,15
864,57	1486,83
864,75	1366,00
864,92	1515,50
865,10	1484,78
865,28	1398,76
865,46	1445,87
865,64	1466,35
865,82	1501,16
866,00	1406,95
866,18	1423,34
866,36	1447,91
866,54	1406,95
866,72	1503,21
866,90	1468,39
867,08	1548,26
867,26	1419,24
867,44	1343,47
867,62	1527,78
867,80	1476,59
867,98	1568,74
868,16	1519,59
868,34	1517,54
868,52	1433,58
868,70	1445,87
868,88	1527,78
869,06	1490,92
869,24	1499,11
869,42	1368,04
869,59	1433,58
869,77	1443,82
869,95	1509,35
870,13	1429,48
870,31	1439,72
870,49	1521,64
870,67	1458,15
870,85	1460,20
871,03	1472,49
871,21	1634,28
871,39	1425,39
871,57	1454,06
871,75	1443,82
871,92	1492,97
872,10	1476,59
872,28	1484,78
872,46	1495,02
872,64	1437,67
872,82	1501,16
873,00	1400,81
873,18	1423,34
873,36	1431,53
873,54	1449,96
873,72	1443,82
873,89	1486,83
874,07	1478,63
874,25	1556,46
874,43	1519,59
874,61	1456,11
874,79	1396,71
874,97	1517,54
875,15	1431,53
875,33	1466,35
875,50	1523,69
875,68	1390,57
875,86	1515,50
876,04	1507,30
876,22	1499,11
876,40	1431,53
876,58	1488,87
876,76	1509,35
876,93	1503,21
877,11	1406,95
877,29	1519,59
877,47	1363,95
877,65	1456,11
877,83	1474,54
878,01	1535,98
878,18	1452,01
878,36	1466,35
878,54	1439,72
878,72	1406,95
878,90	1413,10
879,08	1523,69
879,25	1460,20
879,43	1421,29
879,61	1447,91
879,79	1462,25
879,97	1482,73
880,15	1558,50
880,32	1497,07
880,50	1523,69
880,68	1505,26
880,86	1476,59
881,04	1372,14
881,22	1513,45
881,39	1474,54
881,57	1497,07
881,75	1503,21
881,93	1527,78
882,11	1470,44
882,28	1488,87
882,46	1462,25
882,64	1452,01
882,82	1454,06
883,00	1462,25
883,18	1492,97
883,35	1519,59
883,53	1406,95
883,71	1513,45
883,89	1509,35
884,07	1449,96
884,24	1449,96
884,42	1447,91
884,60	1431,53
884,78	1503,21
884,95	1361,90
885,13	1454,06
885,31	1437,67
885,49	1519,59
885,67	1406,95
885,84	1503,21
886,02	1439,72
886,20	1425,39
886,38	1462,25
886,55	1497,07
886,73	1439,72
886,91	1499,11
887,09	1423,34
887,26	1460,20
887,44	1611,75
887,62	1517,54
887,80	1439,72
887,98	1550,31
888,15	1462,25
888,33	1425,39
888,51	1585,13
888,69	1400,81
888,86	1621,99
889,04	1476,59
889,22	1456,11
889,39	1544,17
889,57	1425,39
889,75	1427,43
889,93	1509,35
890,10	1454,06
890,28	1433,58
890,46	1460,20
890,64	1488,87
890,81	1517,54
890,99	1476,59
891,17	1435,63
891,34	1488,87
891,52	1402,86
891,70	1482,73
891,88	1415,15
892,05	1447,91
892,23	1517,54
892,41	1458,15
892,58	1484,78
892,76	1519,59
892,94	1454,06
893,12	1503,21
893,29	1499,11
893,47	1452,01
893,65	1423,34
893,82	1421,29
894,00	1509,35
894,18	1460,20
894,35	1462,25
894,53	1402,86
894,71	1533,93
894,89	1384,43
895,06	1441,77
895,24	1374,19
895,42	1306,60
895,59	1468,39
895,77	1363,95
895,95	1519,59
896,12	1413,10
896,30	1460,20
896,48	1464,30
896,65	1587,18
896,83	1398,76
897,01	1421,29
897,18	1460,20
897,36	1531,88
897,54	1435,63
897,71	1443,82
897,89	1501,16
898,07	1411,05
898,24	1452,01
898,42	1509,35
898,59	1474,54
898,77	1361,90
898,95	1437,67
899,12	1458,15
899,30	1427,43
899,48	1542,12
899,65	1484,78
899,83	1376,24
900,01	1386,47
900,18	1443,82
900,36	1402,86
900,53	1460,20
900,71	1396,71
900,89	1431,53
901,06	1427,43
901,24	1447,91
901,42	1501,16
901,59	1392,62
901,77	1462,25
901,94	1486,83
902,12	1511,40
902,30	1548,26
902,47	1372,14
902,65	1382,38
902,82	1497,07
903,00	1507,30
903,18	1437,67
903,35	1409,00
903,53	1468,39
903,70	1366,00
903,88	1507,30
904,06	1484,78
904,23	1425,39
904,41	1392,62
904,58	1544,17
904,76	1409,00
904,93	1439,72
905,11	1433,58
905,29	1441,77
905,46	1394,67
905,64	1513,45
905,81	1382,38
905,99	1456,11
906,16	1517,54
906,34	1458,15
906,52	1409,00
906,69	1445,87
906,87	1466,35
907,04	1413,10
907,22	1390,57
907,39	1449,96
907,57	1421,29
907,75	1546,22
907,92	1345,52
908,10	1480,68
908,27	1409,00
908,45	1466,35
908,62	1449,96
908,80	1398,76
908,97	1423,34
909,15	1474,54
909,32	1443,82
909,50	1478,63
909,67	1361,90
909,85	1447,91
910,03	1458,15
910,20	1503,21
910,38	1460,20
910,55	1492,97
910,73	1402,86
910,90	1370,09
911,08	1497,07
911,25	1499,11
911,43	1456,11
911,60	1447,91
911,78	1492,97
911,95	1456,11
912,13	1396,71
912,30	1388,52
912,48	1374,19
912,65	1452,01
912,83	1468,39
913,00	1478,63
913,18	1505,26
913,35	1406,95
913,53	1400,81
913,70	1431,53
913,88	1454,06
914,05	1439,72
914,23	1472,49
914,40	1486,83
914,58	1435,63
914,75	1406,95
914,93	1443,82
915,10	1402,86
915,27	1468,39
915,45	1470,44
915,62	1415,15
915,80	1433,58
915,97	1427,43
916,15	1488,87
916,32	1529,83
916,50	1472,49
916,67	1519,59
916,85	1468,39
917,02	1511,40
917,20	1503,21
917,37	1466,35
917,54	1460,20
917,72	1468,39
917,89	1499,11
918,07	1431,53
918,24	1552,36
918,42	1390,57
918,59	1411,05
918,77	1437,67
918,94	1452,01
919,11	1347,56
919,29	1527,78
919,46	1419,24
919,64	1392,62
919,81	1380,33
919,99	1458,15
920,16	1499,11
920,33	1492,97
920,51	1507,30
920,68	1443,82
920,86	1443,82
921,03	1531,88
921,20	1460,20
921,38	1478,63
921,55	1499,11
921,73	1456,11
921,90	1476,59
922,07	1495,02
922,25	1437,67
922,42	1574,89
922,60	1548,26
922,77	1490,92
922,94	1433,58
923,12	1531,88
923,29	1499,11
923,47	1470,44
923,64	1417,19
923,81	1507,30
923,99	1445,87
924,16	1552,36
924,34	1484,78
924,51	1548,26
924,68	1503,21
924,86	1421,29
925,03	1433,58
925,20	1472,49
925,38	1460,20
925,55	1583,08
925,72	1492,97
925,90	1425,39
926,07	1466,35
926,25	1423,34
926,42	1441,77
926,59	1411,05
926,77	1464,30
926,94	1406,95
927,11	1435,63
927,29	1486,83
927,46	1454,06
927,63	1505,26
927,81	1503,21
927,98	1523,69
928,15	1435,63
928,33	1513,45
928,50	1480,68
928,67	1515,50
928,85	1468,39
929,02	1490,92
929,19	1515,50
929,37	1423,34
929,54	1433,58
929,71	1456,11
929,89	1507,30
930,06	1464,30
930,23	1486,83
930,41	1472,49
930,58	1380,33
930,75	1466,35
930,92	1556,46
931,10	1452,01
931,27	1431,53
931,44	1585,13
931,62	1466,35
931,79	1433,58
931,96	1445,87
932,14	1474,54
932,31	1486,83
932,48	1521,64
932,65	1402,86
932,83	1480,68
933,00	1480,68
933,17	1474,54
933,35	1482,73
933,52	1546,22
933,69	1529,83
933,86	1470,44
934,04	1486,83
934,21	1437,67
934,38	1507,30
934,55	1460,20
934,73	1492,97
934,90	1499,11
935,07	1460,20
935,25	1538,02
935,42	1445,87
935,59	1419,24
935,76	1452,01
935,94	1464,30
936,11	1484,78
936,28	1468,39
936,45	1423,34
936,63	1439,72
936,80	1480,68
936,97	1486,83
937,14	1525,74
937,31	1503,21
937,49	1585,13
937,66	1503,21
937,83	1468,39
938,00	1503,21
938,18	1568,74
938,35	1535,98
938,52	1554,41
938,69	1443,82
938,87	1517,54
939,04	1355,76
939,21	1413,10
939,38	1468,39
939,55	1433,58
939,73	1527,78
939,90	1476,59
940,07	1497,07
940,24	1406,95
940,41	1484,78
940,59	1415,15
940,76	1480,68
940,93	1484,78
941,10	1431,53
941,27	1470,44
941,45	1533,93
941,62	1423,34
941,79	1497,07
941,96	1482,73
942,13	1533,93
942,31	1449,96
942,48	1538,02
942,65	1619,94
942,82	1437,67
942,99	1507,30
943,16	1507,30
943,34	1480,68
943,51	1480,68
943,68	1417,19
943,85	1472,49
944,02	1492,97
944,19	1400,81
944,37	1603,56
944,54	1443,82
944,71	1492,97
944,88	1568,74
945,05	1417,19
945,22	1515,50
945,40	1470,44
945,57	1425,39
945,74	1476,59
945,91	1472,49
946,08	1523,69
946,25	1439,72
946,42	1400,81
946,60	1466,35
946,77	1490,92
946,94	1431,53
947,11	1421,29
947,28	1470,44
947,45	1480,68
947,62	1472,49
947,79	1513,45
947,97	1566,70
948,14	1468,39
948,31	1525,74
948,48	1400,81
948,65	1484,78
948,82	1322,99
948,99	1605,61
949,16	1525,74
949,33	1517,54
949,51	1509,35
949,68	1525,74
949,85	1505,26
950,02	1439,72
950,19	1490,92
950,36	1484,78
950,53	1427,43
950,70	1411,05
950,87	1521,64
951,04	1445,87
951,22	1515,50
951,39	1576,94
951,56	1470,44
951,73	1482,73
951,90	1378,28
952,07	1486,83
952,24	1501,16
952,41	1474,54
952,58	1425,39
952,75	1576,94
952,92	1466,35
953,09	1437,67
953,26	1431,53
953,43	1447,91
953,61	1550,31
953,78	1560,55
953,95	1546,22
954,12	1464,30
954,29	1476,59
954,46	1470,44
954,63	1447,91
954,80	1503,21
954,97	1501,16
955,14	1468,39
955,31	1482,73
955,48	1505,26
955,65	1413,10
955,82	1398,76
955,99	1470,44
956,16	1497,07
956,33	1445,87
956,50	1484,78
956,67	1497,07
956,84	1423,34
957,01	1490,92
957,18	1435,63
957,35	1409,00
957,52	1519,59
957,69	1531,88
957,86	1312,75
958,03	1542,12
958,20	1503,21
958,37	1519,59
958,54	1460,20
958,71	1470,44
958,88	1497,07
959,05	1482,73
959,22	1441,77
959,39	1492,97
959,56	1478,63
959,73	1505,26
959,90	1402,86
960,07	1419,24
960,24	1521,64
960,41	1468,39
960,58	1425,39
960,75	1488,87
960,92	1507,30
961,09	1433,58
961,26	1456,11
961,43	1478,63
961,60	1488,87
961,77	1462,25
961,94	1443,82
962,11	1372,14
962,28	1480,68
962,45	1419,24
962,62	1523,69
962,79	1380,33
962,96	1503,21
963,13	1419,24
963,30	1499,11
963,47	1472,49
963,64	1449,96
963,81	1456,11
963,98	1400,81
964,14	1464,30
964,31	1511,40
964,48	1538,02
964,65	1492,97
964,82	1437,67
964,99	1488,87
965,16	1497,07
965,33	1472,49
965,50	1468,39
965,67	1443,82
965,84	1406,95
966,01	1396,71
966,18	1417,19
966,35	1413,10
966,51	1472,49
966,68	1482,73
966,85	1488,87
967,02	1497,07
967,19	1396,71
967,36	1351,66
967,53	1394,67
967,70	1454,06
967,87	1554,41
968,04	1400,81
968,21	1482,73
968,37	1482,73
968,54	1472,49
968,71	1368,04
968,88	1454,06
969,05	1464,30
969,22	1327,08
969,39	1439,72
969,56	1482,73
969,72	1423,34
969,89	1433,58
970,06	1509,35
970,23	1480,68
970,40	1460,20
970,57	1431,53
970,74	1449,96
970,91	1409,00
971,07	1458,15
971,24	1456,11
971,41	1492,97
971,58	1409,00
971,75	1427,43
971,92	1421,29
972,09	1433,58
972,25	1411,05
972,42	1449,96
972,59	1441,77
972,76	1441,77
972,93	1441,77
973,10	1445,87
973,27	1435,63
973,43	1310,70
973,60	1470,44
973,77	1484,78
973,94	1447,91
974,11	1478,63
974,28	1499,11
974,44	1376,24
974,61	1476,59
974,78	1511,40
974,95	1372,14
975,12	1466,35
975,28	1497,07
975,45	1404,91
975,62	1470,44
975,79	1413,10
975,96	1429,48
976,12	1433,58
976,29	1484,78
976,46	1456,11
976,63	1386,47
976,80	1466,35
976,96	1406,95
977,13	1415,15
977,30	1359,85
977,47	1427,43
977,64	1398,76
977,80	1429,48
977,97	1400,81
978,14	1441,77
978,31	1460,20
978,48	1445,87
978,64	1464,30
978,81	1466,35
978,98	1470,44
979,15	1437,67
979,31	1529,83
979,48	1402,86
979,65	1404,91
979,82	1460,20
979,98	1386,47
980,15	1456,11
980,32	1574,89
980,49	1402,86
980,66	1472,49
980,82	1359,85
980,99	1378,28
981,16	1437,67
981,33	1421,29
981,49	1322,99
981,66	1443,82
981,83	1394,67
981,99	1466,35
982,16	1466,35
982,33	1431,53
982,50	1372,14
982,66	1509,35
982,83	1314,80
983,00	1433,58
983,17	1366,00
983,33	1392,62
983,50	1411,05
983,67	1441,77
983,83	1437,67
984,00	1439,72
984,17	1492,97
984,34	1378,28
984,50	1439,72
984,67	1398,76
984,84	1415,15
985,00	1413,10
985,17	1460,20
985,34	1497,07
985,51	1445,87
985,67	1402,86
985,84	1386,47
986,01	1327,08
986,17	1441,77
986,34	1398,76
986,51	1372,14
986,67	1347,56
986,84	1433,58
987,01	1468,39
987,17	1499,11
987,34	1441,77
987,51	1398,76
987,67	1439,72
987,84	1439,72
988,01	1452,01
988,17	1374,19
988,34	1382,38
988,51	1378,28
988,67	1417,19
988,84	1468,39
989,01	1447,91
989,17	1429,48
989,34	1378,28
989,51	1488,87
989,67	1415,15
989,84	1429,48
990,01	1396,71
990,17	1462,25
990,34	1466,35
990,51	1411,05
990,67	1370,09
990,84	1320,94
991,01	1366,00
991,17	1417,19
991,34	1423,34
991,50	1361,90
991,67	1400,81
991,84	1341,42
992,00	1357,80
992,17	1411,05
992,34	1423,34
992,50	1435,63
992,67	1406,95
992,83	1404,91
993,00	1351,66
993,17	1476,59
993,33	1380,33
993,50	1456,11
993,66	1368,04
993,83	1445,87
994,00	1460,20
994,16	1400,81
994,33	1525,74
994,49	1488,87
994,66	1423,34
994,83	1437,67
994,99	1419,24
995,16	1488,87
995,32	1507,30
995,49	1423,34
995,66	1398,76
995,82	1314,80
995,99	1456,11
996,15	1445,87
996,32	1437,67
996,48	1427,43
996,65	1464,30
996,82	1376,24
996,98	1435,63
997,15	1421,29
997,31	1370,09
997,48	1390,57
997,64	1366,00
997,81	1431,53
997,97	1409,00
998,14	1351,66
998,31	1417,19
998,47	1415,15
998,64	1458,15
998,80	1419,24
998,97	1435,63
999,13	1488,87
999,30	1392,62
999,46	1425,39
999,63	1482,73
999,79	1351,66
999,96	1460,20
1000,12	1411,05
1000,29	1454,06
1000,45	1415,15
1000,62	1374,19
1000,79	1482,73
1000,95	1492,97
1001,12	1419,24
1001,28	1425,39
1001,45	1380,33
1001,61	1386,47
1001,78	1380,33
1001,94	1501,16
1002,11	1480,68
1002,27	1406,95
1002,44	1402,86
1002,60	1415,15
1002,77	1472,49
1002,93	1435,63
1003,10	1488,87
1003,26	1513,45
1003,43	1454,06
1003,59	1515,50
1003,76	1490,92
1003,92	1335,28
1004,09	1495,02
1004,25	1431,53
1004,41	1456,11
1004,58	1419,24
1004,74	1495,02
1004,91	1470,44
1005,07	1454,06
1005,24	1458,15
1005,40	1529,83
1005,57	1339,37
1005,73	1316,84
1005,90	1411,05
1006,06	1419,24
1006,23	1495,02
1006,39	1476,59
1006,55	1357,80
1006,72	1449,96
1006,88	1314,80
1007,05	1392,62
1007,21	1419,24
1007,38	1357,80
1007,54	1445,87
1007,71	1368,04
1007,87	1329,13
1008,03	1429,48
1008,20	1402,86
1008,36	1353,71
1008,53	1411,05
1008,69	1445,87
1008,86	1439,72
1009,02	1376,24
1009,18	1449,96
1009,35	1382,38
1009,51	1398,76
1009,68	1400,81
1009,84	1384,43
1010,01	1386,47
1010,17	1378,28
1010,33	1468,39
1010,50	1449,96
1010,66	1540,07
1010,83	1390,57
1010,99	1429,48
1011,15	1337,32
1011,32	1474,54
1011,48	1390,57
1011,65	1392,62
1011,81	1396,71
1011,97	1441,77
1012,14	1499,11
1012,30	1437,67
1012,46	1472,49
1012,63	1449,96
1012,79	1505,26
1012,96	1458,15
1013,12	1415,15
1013,28	1460,20
1013,45	1314,80
1013,61	1366,00
1013,77	1452,01
1013,94	1404,91
1014,10	1349,61
1014,26	1452,01
1014,43	1392,62
1014,59	1398,76
1014,76	1390,57
1014,92	1462,25
1015,08	1292,27
1015,25	1314,80
1015,41	1468,39
1015,57	1394,67
1015,74	1425,39
1015,90	1421,29
1016,06	1368,04
1016,23	1435,63
1016,39	1366,00
1016,55	1441,77
1016,72	1443,82
1016,88	1390,57
1017,04	1372,14
1017,21	1392,62
1017,37	1353,71
1017,53	1484,78
1017,70	1413,10
1017,86	1353,71
1018,02	1363,95
1018,19	1415,15
1018,35	1464,30
1018,51	1409,00
1018,67	1398,76
1018,84	1386,47
1019,00	1413,10
1019,16	1507,30
1019,33	1449,96
1019,49	1392,62
1019,65	1417,19
1019,82	1449,96
1019,98	1380,33
1020,14	1417,19
1020,30	1417,19
1020,47	1345,52
1020,63	1445,87
1020,79	1439,72
1020,96	1445,87
1021,12	1392,62
1021,28	1476,59
1021,44	1347,56
1021,61	1435,63
1021,77	1409,00
1021,93	1388,52
1022,09	1421,29
1022,26	1454,06
1022,42	1433,58
1022,58	1470,44
1022,74	1417,19
1022,91	1445,87
1023,07	1388,52
1023,23	1380,33
1023,39	1464,30
1023,56	1406,95
1023,72	1490,92
1023,88	1372,14
1024,04	1413,10
1024,21	1374,19
1024,37	1452,01
1024,53	1521,64
1024,69	1294,32
1024,86	1394,67
1025,02	1419,24
1025,18	1374,19
1025,34	1366,00
1025,50	1427,43
1025,67	1406,95
1025,83	1480,68
1025,99	1474,54
1026,15	1382,38
1026,32	1411,05
1026,48	1361,90
1026,64	1462,25
1026,80	1425,39
1026,96	1429,48
1027,13	1337,32
1027,29	1468,39
1027,45	1337,32
1027,61	1425,39
1027,77	1419,24
1027,94	1456,11
1028,10	1406,95
1028,26	1402,86
1028,42	1361,90
1028,58	1525,74
1028,75	1349,61
1028,91	1411,05
1029,07	1351,66
1029,23	1443,82
1029,39	1460,20
1029,55	1359,85
1029,72	1374,19
1029,88	1486,83
1030,04	1452,01
1030,20	1443,82
1030,36	1292,27
1030,52	1366,00
1030,69	1474,54
1030,85	1460,20
1031,01	1419,24
1031,17	1370,09
1031,33	1415,15
1031,49	1404,91
1031,65	1472,49
1031,82	1409,00
1031,98	1466,35
1032,14	1462,25
1032,30	1495,02
1032,46	1431,53
1032,62	1390,57
1032,78	1472,49
1032,95	1359,85
1033,11	1400,81
1033,27	1339,37
1033,43	1372,14
1033,59	1439,72
1033,75	1406,95
1033,91	1341,42
1034,07	1439,72
1034,24	1411,05
1034,40	1409,00
1034,56	1370,09
1034,72	1406,95
1034,88	1488,87
1035,04	1382,38
1035,20	1359,85
1035,36	1374,19
1035,52	1462,25
1035,68	1394,67
1035,85	1419,24
1036,01	1447,91
1036,17	1497,07
1036,33	1429,48
1036,49	1359,85
1036,65	1333,23
1036,81	1447,91
1036,97	1454,06
1037,13	1394,67
1037,29	1394,67
1037,45	1468,39
1037,61	1392,62
1037,78	1449,96
1037,94	1419,24
1038,10	1458,15
1038,26	1400,81
1038,42	1406,95
1038,58	1421,29
1038,74	1411,05
1038,90	1433,58
1039,06	1427,43
1039,22	1435,63
1039,38	1339,37
1039,54	1366,00
1039,70	1406,95
1039,86	1325,04
1040,02	1372,14
1040,18	1390,57
1040,34	1452,01
1040,50	1437,67
1040,66	1441,77
1040,83	1390,57
1040,99	1406,95
1041,15	1499,11
1041,31	1433,58
1041,47	1439,72
1041,63	1378,28
1041,79	1359,85
1041,95	1310,70
1042,11	1406,95
1042,27	1480,68
1042,43	1415,15
1042,59	1443,82
1042,75	1359,85
1042,91	1374,19
