344,25	1296,36
344,46	1296,36
344,68	1296,36
344,90	1273,84
345,12	1357,80
345,34	1394,67
345,55	1335,28
345,77	1400,81
345,99	1343,47
346,21	1486,83
346,42	1523,69
346,64	1384,43
346,86	1366,00
347,08	1443,82
347,30	1376,24
347,51	1327,08
347,73	1417,19
347,95	1429,48
348,17	1392,62
348,38	1374,19
348,60	1347,56
348,82	1390,57
349,04	1327,08
349,25	1503,21
349,47	1589,22
349,69	1402,86
349,91	1497,07
350,13	1388,52
350,34	1429,48
350,56	1316,84
350,78	1419,24
351,00	1474,54
351,21	1388,52
351,43	1431,53
351,65	1464,30
351,87	1409,00
352,08	1396,71
352,30	1464,30
352,52	1456,11
352,74	1417,19
352,95	1443,82
353,17	1411,05
353,39	1370,09
353,61	1378,28
353,82	1443,82
354,04	1415,15
354,26	1425,39
354,47	1402,86
354,69	1423,34
354,91	1404,91
355,13	1386,47
355,34	1406,95
355,56	1363,95
355,78	1406,95
356,00	1404,91
356,21	1435,63
356,43	1370,09
356,65	1439,72
356,86	1439,72
357,08	1535,98
357,30	1441,77
357,52	1429,48
357,73	1486,83
357,95	1386,47
358,17	1484,78
358,38	1525,74
358,60	1470,44
358,82	1425,39
359,04	1419,24
359,25	1470,44
359,47	1507,30
359,69	1417,19
359,90	1347,56
360,12	1468,39
360,34	1466,35
360,56	1484,78
360,77	1419,24
360,99	1531,88
361,21	1443,82
361,42	1380,33
361,64	1435,63
361,86	1452,01
362,07	1439,72
362,29	1419,24
362,51	1466,35
362,73	1452,01
362,94	1474,54
363,16	1515,50
363,38	1425,39
363,59	1423,34
363,81	1476,59
364,03	1456,11
364,24	1542,12
364,46	1482,73
364,68	1527,78
364,89	1423,34
365,11	1488,87
365,33	1499,11
365,54	1552,36
365,76	1386,47
365,98	1474,54
366,19	1449,96
366,41	1529,83
366,63	1464,30
366,84	1437,67
367,06	1466,35
367,28	1497,07
367,49	1449,96
367,71	1409,00
367,93	1497,07
368,14	1511,40
368,36	1452,01
368,58	1415,15
368,79	1464,30
369,01	1501,16
369,23	1558,50
369,44	1452,01
369,66	1419,24
369,88	1578,98
370,09	1480,68
370,31	1429,48
370,53	1503,21
370,74	1476,59
370,96	1462,25
371,18	1529,83
371,39	1460,20
371,61	1570,79
371,82	1464,30
372,04	1400,81
372,26	1452,01
372,47	1445,87
372,69	1464,30
372,91	1474,54
373,12	1443,82
373,34	1513,45
373,56	1413,10
373,77	1513,45
373,99	1490,92
374,20	1423,34
374,42	1443,82
374,64	1509,35
374,85	1382,38
375,07	1570,79
375,29	1476,59
375,50	1417,19
375,72	1480,68
375,93	1474,54
376,15	1472,49
376,37	1482,73
376,58	1402,86
376,80	1533,93
377,01	1335,28
377,23	1515,50
377,45	1501,16
377,66	1517,54
377,88	1433,58
378,10	1458,15
378,31	1419,24
378,53	1478,63
378,74	1456,11
378,96	1533,93
379,18	1511,40
379,39	1413,10
379,61	1396,71
379,82	1419,24
380,04	1501,16
380,26	1413,10
380,47	1466,35
380,69	1492,97
380,90	1576,94
381,12	1456,11
381,33	1437,67
381,55	1433,58
381,77	1454,06
381,98	1417,19
382,20	1372,14
382,41	1462,25
382,63	1552,36
382,85	1478,63
383,06	1540,07
383,28	1449,96
383,49	1470,44
383,71	1456,11
383,92	1464,30
384,14	1318,89
384,36	1300,46
384,57	1437,67
384,79	1372,14
385,00	1447,91
385,22	1445,87
385,43	1398,76
385,65	1484,78
385,87	1452,01
386,08	1359,85
386,30	1384,43
386,51	1503,21
386,73	1390,57
386,94	1400,81
387,16	1423,34
387,37	1523,69
387,59	1423,34
387,81	1439,72
388,02	1511,40
388,24	1439,72
388,45	1429,48
388,67	1460,20
388,88	1386,47
389,10	1392,62
389,31	1501,16
389,53	1452,01
389,75	1466,35
389,96	1462,25
390,18	1376,24
390,39	1374,19
390,61	1554,41
390,82	1396,71
391,04	1466,35
391,25	1421,29
391,47	1495,02
391,68	1415,15
391,90	1501,16
392,11	1515,50
392,33	1413,10
392,54	1398,76
392,76	1439,72
392,97	1435,63
393,19	1460,20
393,41	1492,97
393,62	1378,28
393,84	1474,54
394,05	1468,39
394,27	1548,26
394,48	1454,06
394,70	1427,43
394,91	1466,35
395,13	1472,49
395,34	1386,47
395,56	1415,15
395,77	1460,20
395,99	1454,06
396,20	1540,07
396,42	1435,63
396,63	1445,87
396,85	1427,43
397,06	1454,06
397,28	1495,02
397,49	1441,77
397,71	1435,63
397,92	1404,91
398,14	1503,21
398,35	1499,11
398,57	1486,83
398,78	1484,78
399,00	1478,63
399,21	1423,34
399,43	1390,57
399,64	1509,35
399,86	1409,00
400,07	1492,97
400,29	1423,34
400,50	1423,34
400,72	1423,34
400,93	1423,34
401,14	1388,52
401,36	1394,67
401,57	1431,53
401,79	1517,54
402,00	1480,68
402,22	1474,54
402,43	1406,95
402,65	1413,10
402,86	1406,95
403,08	1464,30
403,29	1527,78
403,51	1558,50
403,72	1452,01
403,94	1449,96
404,15	1529,83
404,36	1501,16
404,58	1748,97
404,79	1546,22
405,01	1456,11
405,22	1470,44
405,44	1458,15
405,65	1472,49
405,87	1466,35
406,08	1384,43
406,30	1482,73
406,51	1486,83
406,72	1449,96
406,94	1456,11
407,15	1497,07
407,37	1488,87
407,58	1441,77
407,80	1431,53
408,01	1517,54
408,23	1482,73
408,44	1472,49
408,65	1417,19
408,87	1525,74
409,08	1474,54
409,30	1460,20
409,51	1476,59
409,73	1411,05
409,94	1460,20
410,15	1497,07
410,37	1437,67
410,58	1521,64
410,80	1437,67
411,01	1447,91
411,23	1443,82
411,44	1437,67
411,65	1521,64
411,87	1521,64
412,08	1429,48
412,30	1523,69
412,51	1511,40
412,72	1535,98
412,94	1460,20
413,15	1394,67
413,37	1462,25
413,58	1519,59
413,79	1398,76
414,01	1419,24
414,22	1505,26
414,44	1495,02
414,65	1523,69
414,86	1425,39
415,08	1452,01
415,29	1452,01
415,51	1458,15
415,72	1472,49
415,93	1472,49
416,15	1427,43
416,36	1439,72
416,58	1458,15
416,79	1523,69
417,00	1419,24
417,22	1511,40
417,43	1413,10
417,65	1505,26
417,86	1519,59
418,07	1521,64
418,29	1499,11
418,50	1456,11
418,71	1466,35
418,93	1398,76
419,14	1460,20
419,36	1406,95
419,57	1431,53
419,78	1445,87
420,00	1363,95
420,21	1527,78
420,42	1544,17
420,64	1433,58
420,85	1404,91
421,06	1452,01
421,28	1472,49
421,49	1380,33
421,71	1519,59
421,92	1441,77
422,13	1454,06
422,35	1449,96
422,56	1435,63
422,77	1484,78
422,99	1464,30
423,20	1406,95
423,41	1513,45
423,63	1439,72
423,84	1447,91
424,05	1501,16
424,27	1421,29
424,48	1458,15
424,69	1535,98
424,91	1679,33
425,12	1505,26
425,33	1435,63
425,55	1454,06
425,76	1435,63
425,97	1415,15
426,19	1490,92
426,40	1374,19
426,61	1435,63
426,83	1472,49
427,04	1464,30
427,25	1425,39
427,47	1480,68
427,68	1478,63
427,89	1374,19
428,11	1462,25
428,32	1488,87
428,53	1497,07
428,75	1503,21
428,96	1478,63
429,17	1562,60
429,39	1458,15
429,60	1503,21
429,81	1441,77
430,03	1507,30
430,24	1519,59
430,45	1521,64
430,67	1501,16
430,88	1439,72
431,09	1437,67
431,30	1417,19
431,52	1431,53
431,73	1439,72
431,94	1480,68
432,16	1544,17
432,37	1472,49
432,58	1411,05
432,80	1460,20
433,01	1437,67
433,22	1464,30
433,43	1456,11
433,65	1447,91
433,86	1396,71
434,07	1454,06
434,29	1447,91
434,50	1445,87
434,71	1564,65
434,92	1445,87
435,14	1472,49
435,35	1435,63
435,56	1513,45
435,77	1515,50
435,99	1472,49
436,20	1447,91
436,41	1492,97
436,63	1310,70
436,84	1474,54
437,05	1404,91
437,26	1505,26
437,48	1521,64
437,69	1488,87
437,90	1441,77
438,11	1429,48
438,33	1404,91
438,54	1460,20
438,75	1472,49
438,96	1421,29
439,18	1368,04
439,39	1478,63
439,60	1443,82
439,82	1382,38
440,03	1460,20
440,24	1538,02
440,45	1460,20
440,67	1466,35
440,88	1474,54
441,09	1521,64
441,30	1484,78
441,51	1415,15
441,73	1378,28
441,94	1431,53
442,15	1505,26
442,36	1495,02
442,58	1443,82
442,79	1359,85
443,00	1456,11
443,21	1501,16
443,43	1417,19
443,64	1509,35
443,85	1392,62
444,06	1472,49
444,28	1486,83
444,49	1386,47
444,70	1419,24
444,91	1540,07
445,12	1558,50
445,34	1519,59
445,55	1581,03
445,76	1404,91
445,97	1486,83
446,18	1521,64
446,40	1568,74
446,61	1392,62
446,82	1439,72
447,03	1634,28
447,25	1376,24
447,46	1529,83
447,67	1464,30
447,88	1398,76
448,09	1548,26
448,31	1462,25
448,52	1499,11
448,73	1542,12
448,94	1517,54
449,15	1523,69
449,37	1431,53
449,58	1398,76
449,79	1538,02
450,00	1529,83
450,21	1460,20
450,43	1486,83
450,64	1419,24
450,85	1378,28
451,06	1441,77
451,27	1535,98
451,48	1480,68
451,70	1503,21
451,91	1370,09
452,12	1523,69
452,33	1535,98
452,54	1497,07
452,76	1476,59
452,97	1535,98
453,18	1441,77
453,39	1499,11
453,60	1470,44
453,81	1482,73
454,03	1470,44
454,24	1427,43
454,45	1460,20
454,66	1447,91
454,87	1441,77
455,08	1558,50
455,30	1419,24
455,51	1466,35
455,72	1552,36
455,93	1572,84
456,14	1533,93
456,35	1535,98
456,56	1535,98
456,78	1439,72
456,99	1550,31
457,20	1501,16
457,41	1552,36
457,62	1411,05
457,83	1492,97
458,04	1490,92
458,26	1517,54
458,47	1552,36
458,68	1529,83
458,89	1527,78
459,10	1425,39
459,31	1499,11
459,52	1550,31
459,74	1538,02
459,95	1554,41
460,16	1499,11
460,37	1546,22
460,58	1527,78
460,79	1439,72
461,00	1437,67
461,21	1447,91
461,43	1433,58
461,64	1605,61
461,85	1456,11
462,06	1464,30
462,27	1454,06
462,48	1523,69
462,69	1548,26
462,90	1495,02
463,12	1519,59
463,33	1503,21
463,54	1488,87
463,75	1568,74
463,96	1564,65
464,17	1519,59
464,38	1478,63
464,59	1538,02
464,80	1474,54
465,01	1392,62
465,23	1519,59
465,44	1415,15
465,65	1578,98
465,86	1523,69
466,07	1546,22
466,28	1445,87
466,49	1560,55
466,70	1574,89
466,91	1546,22
467,12	1499,11
467,33	1544,17
467,55	1527,78
467,76	1464,30
467,97	1509,35
468,18	1515,50
468,39	1417,19
468,60	1578,98
468,81	1497,07
469,02	1447,91
469,23	1452,01
469,44	1558,50
469,65	1386,47
469,86	1400,81
470,07	1464,30
470,29	1562,60
470,50	1443,82
470,71	1478,63
470,92	1507,30
471,13	1501,16
471,34	1593,32
471,55	1460,20
471,76	1419,24
471,97	1515,50
472,18	1443,82
472,39	1490,92
472,60	1415,15
472,81	1435,63
473,02	1382,38
473,23	1568,74
473,44	1464,30
473,65	1476,59
473,87	1400,81
474,08	1499,11
474,29	1509,35
474,50	1564,65
474,71	1480,68
474,92	1525,74
475,13	1552,36
475,34	1538,02
475,55	1456,11
475,76	1521,64
475,97	1505,26
476,18	1505,26
476,39	1505,26
476,60	1529,83
476,81	1544,17
477,02	1566,70
477,23	1501,16
477,44	1605,61
477,65	1452,01
477,86	1497,07
478,07	1564,65
478,28	1460,20
478,49	1599,46
478,70	1509,35
478,91	1466,35
479,12	1488,87
479,33	1474,54
479,54	1345,52
479,75	1503,21
479,96	1507,30
480,17	1497,07
480,38	1605,61
480,59	1505,26
480,80	1472,49
481,01	1486,83
481,22	1521,64
481,43	1531,88
481,64	1517,54
481,85	1544,17
482,06	1456,11
482,27	1572,84
482,48	1540,07
482,69	1665,00
482,90	1574,89
483,11	1636,33
483,32	1574,89
483,53	1497,07
483,74	1554,41
483,95	1447,91
484,16	1474,54
484,37	1509,35
484,58	1568,74
484,79	1538,02
485,00	1591,27
485,21	1454,06
485,42	1503,21
485,63	1576,94
485,84	1480,68
486,05	1460,20
486,26	1515,50
486,47	1564,65
486,68	1574,89
486,89	1445,87
487,10	1503,21
487,31	1529,83
487,52	1554,41
487,73	1626,09
487,94	1499,11
488,15	1449,96
488,36	1538,02
488,57	1509,35
488,77	1572,84
488,98	1548,26
489,19	1570,79
489,40	1576,94
489,61	1601,51
489,82	1474,54
490,03	1650,66
490,24	1421,29
490,45	1583,08
490,66	1517,54
490,87	1501,16
491,08	1507,30
491,29	1499,11
491,50	1484,78
491,71	1533,93
491,92	1554,41
492,13	1589,22
492,33	1406,95
492,54	1546,22
492,75	1488,87
492,96	1466,35
493,17	1468,39
493,38	1527,78
493,59	1486,83
493,80	1570,79
494,01	1548,26
494,22	1521,64
494,43	1546,22
494,64	1538,02
494,85	1566,70
495,05	1482,73
495,26	1562,60
495,47	1531,88
495,68	1488,87
495,89	1462,25
496,10	1480,68
496,31	1486,83
496,52	1507,30
496,73	1562,60
496,94	1511,40
497,15	1634,28
497,35	1562,60
497,56	1492,97
497,77	1427,43
497,98	1576,94
498,19	1603,56
498,40	1576,94
498,61	1611,75
498,82	1538,02
499,03	1540,07
499,23	1490,92
499,44	1476,59
499,65	1540,07
499,86	1599,46
500,07	1527,78
500,28	1499,11
500,49	1550,31
500,70	1527,78
500,91	1509,35
501,11	1628,14
501,32	1562,60
501,53	1564,65
501,74	1566,70
501,95	1454,06
502,16	1648,61
502,37	1568,74
502,57	1531,88
502,78	1634,28
502,99	1535,98
503,20	1558,50
503,41	1535,98
503,62	1544,17
503,83	1605,61
504,03	1626,09
504,24	1484,78
504,45	1619,94
504,66	1560,55
504,87	1521,64
505,08	1515,50
505,29	1519,59
505,49	1554,41
505,70	1546,22
505,91	1601,51
506,12	1550,31
506,33	1548,26
506,54	1578,98
506,75	1576,94
506,95	1482,73
507,16	1576,94
507,37	1531,88
507,58	1529,83
507,79	1521,64
508,00	1529,83
508,20	1452,01
508,41	1556,46
508,62	1624,04
508,83	1574,89
509,04	1499,11
509,24	1613,80
509,45	1841,12
509,66	1564,65
509,87	1578,98
510,08	1611,75
510,29	1611,75
510,49	1538,02
510,70	1546,22
510,91	1531,88
511,12	1595,37
511,33	1513,45
511,53	1490,92
511,74	1509,35
511,95	1488,87
512,16	1525,74
512,37	1511,40
512,57	1480,68
512,78	1585,13
512,99	1599,46
513,20	1685,48
513,41	1564,65
513,61	1427,43
513,82	1619,94
514,03	1542,12
514,24	1634,28
514,45	1599,46
514,65	1503,21
514,86	1554,41
515,07	1550,31
515,28	1470,44
515,49	1521,64
515,69	1558,50
515,90	1501,16
516,11	1578,98
516,32	1521,64
516,52	1468,39
516,73	1593,32
516,94	1665,00
517,15	1556,46
517,36	1529,83
517,56	1642,47
517,77	1568,74
517,98	1615,85
518,19	1478,63
518,39	1548,26
518,60	1550,31
518,81	1521,64
519,02	1472,49
519,22	1562,60
519,43	1603,56
519,64	1617,90
519,85	1484,78
520,05	1550,31
520,26	1558,50
520,47	1636,33
520,68	1568,74
520,88	1517,54
521,09	1556,46
521,30	1615,85
521,51	1591,27
521,71	1656,81
521,92	1576,94
522,13	1566,70
522,34	1656,81
522,54	1589,22
522,75	1478,63
522,96	1578,98
523,17	1601,51
523,37	1595,37
523,58	1499,11
523,79	1603,56
523,99	1488,87
524,20	1556,46
524,41	1521,64
524,62	1609,70
524,82	1562,60
525,03	1560,55
525,24	1540,07
525,45	1540,07
525,65	1425,39
525,86	1665,00
526,07	1464,30
526,27	1503,21
526,48	1548,26
526,69	1656,81
526,90	1556,46
527,10	1654,76
527,31	1589,22
527,52	1619,94
527,72	1578,98
527,93	1650,66
528,14	1503,21
528,34	1517,54
528,55	1437,67
528,76	1538,02
528,97	1505,26
529,17	1472,49
529,38	1525,74
529,59	1574,89
529,79	1562,60
530,00	1546,22
530,21	1669,09
530,41	1679,33
530,62	1570,79
530,83	1617,90
531,03	1630,18
531,24	1478,63
531,45	1624,04
531,65	1626,09
531,86	1509,35
532,07	1587,18
532,27	1552,36
532,48	1615,85
532,69	1492,97
532,89	1605,61
533,10	1554,41
533,31	1554,41
533,51	1490,92
533,72	1470,44
533,93	1509,35
534,13	1554,41
534,34	1509,35
534,55	1546,22
534,75	1497,07
534,96	1652,71
535,17	1499,11
535,37	1591,27
535,58	1505,26
535,79	1548,26
535,99	1513,45
536,20	1484,78
536,41	1464,30
536,61	1591,27
536,82	1544,17
537,03	1587,18
537,23	1447,91
537,44	1505,26
537,64	1505,26
537,85	1599,46
538,06	1558,50
538,26	1603,56
538,47	1619,94
538,68	1474,54
538,88	1538,02
539,09	1482,73
539,30	1591,27
539,50	1535,98
539,71	1538,02
539,91	1619,94
540,12	1548,26
540,33	1595,37
540,53	1562,60
540,74	1525,74
540,94	1552,36
541,15	1589,22
541,36	1480,68
541,56	1599,46
541,77	1581,03
541,98	1484,78
542,18	1642,47
542,39	1589,22
542,59	1560,55
542,80	1515,50
543,01	1413,10
543,21	1531,88
543,42	1470,44
543,62	1554,41
543,83	1572,84
544,04	1501,16
544,24	1527,78
544,45	1472,49
544,65	1517,54
544,86	1568,74
545,06	1550,31
545,27	1513,45
545,48	1511,40
545,68	1525,74
545,89	1566,70
546,09	1538,02
546,30	1519,59
546,51	1650,66
546,71	1581,03
546,92	1558,50
547,12	1572,84
547,33	1558,50
547,53	1478,63
547,74	1554,41
547,95	1546,22
548,15	1480,68
548,36	1644,52
548,56	1527,78
548,77	1556,46
548,97	1511,40
549,18	1488,87
549,39	1540,07
549,59	1531,88
549,80	1538,02
550,00	1456,11
550,21	1544,17
550,41	1517,54
550,62	1501,16
550,82	1476,59
551,03	1468,39
551,23	1517,54
551,44	1452,01
551,65	1449,96
551,85	1609,70
552,06	1513,45
552,26	1505,26
552,47	1621,99
552,67	1535,98
552,88	1570,79
553,08	1454,06
553,29	1533,93
553,49	1609,70
553,70	1574,89
553,90	1617,90
554,11	1501,16
554,32	1550,31
554,52	1529,83
554,73	1562,60
554,93	1392,62
555,14	1515,50
555,34	1601,51
555,55	1585,13
555,75	1505,26
555,96	1527,78
556,16	1552,36
556,37	1521,64
556,57	1525,74
556,78	1540,07
556,98	1609,70
557,19	1560,55
557,39	1492,97
557,60	1583,08
557,80	1466,35
558,01	1531,88
558,21	1521,64
558,42	1619,94
558,62	1597,42
558,83	1523,69
559,03	1460,20
559,24	1583,08
559,44	1591,27
559,65	1570,79
559,85	1574,89
560,06	1558,50
560,26	1533,93
560,47	1482,73
560,67	1542,12
560,88	1492,97
561,08	1568,74
561,29	1587,18
561,49	1603,56
561,70	1564,65
561,90	1587,18
562,10	1583,08
562,31	1603,56
562,51	1529,83
562,72	1552,36
562,92	1572,84
563,13	1566,70
563,33	1572,84
563,54	1521,64
563,74	1517,54
563,95	1562,60
564,15	1595,37
564,36	1617,90
564,56	1597,42
564,76	1574,89
564,97	1607,66
565,17	1548,26
565,38	1548,26
565,58	1644,52
565,79	1544,17
565,99	1587,18
566,20	1585,13
566,40	1503,21
566,60	1699,81
566,81	1691,62
567,01	1554,41
567,22	1542,12
567,42	1624,04
567,63	1566,70
567,83	1570,79
568,04	1619,94
568,24	1712,10
568,44	1587,18
568,65	1554,41
568,85	1687,53
569,06	1507,30
569,26	1634,28
569,47	1605,61
569,67	1558,50
569,87	1667,05
570,08	1634,28
570,28	1658,85
570,49	1572,84
570,69	1630,18
570,89	1728,49
571,10	1695,72
571,30	1585,13
571,51	1660,90
571,71	1650,66
571,91	1650,66
572,12	1677,29
572,32	1683,43
572,53	1566,70
572,73	1681,38
572,93	1714,15
573,14	1632,23
573,34	1673,19
573,55	1636,33
573,75	1648,61
573,95	1652,71
574,16	1564,65
574,36	1665,00
574,57	1609,70
574,77	1619,94
574,97	1593,32
575,18	1546,22
575,38	1566,70
575,59	1564,65
575,79	1572,84
575,99	1734,63
576,20	1613,80
576,40	1652,71
576,60	1687,53
576,81	1624,04
577,01	1705,96
577,22	1718,25
577,42	1576,94
577,62	1624,04
577,83	1615,85
578,03	1734,63
578,23	1548,26
578,44	1634,28
578,64	1591,27
578,84	1621,99
579,05	1611,75
579,25	1695,72
579,45	1578,98
579,66	1548,26
579,86	1634,28
580,07	1597,42
580,27	1562,60
580,47	1497,07
580,68	1544,17
580,88	1667,05
581,08	1546,22
581,29	1593,32
581,49	1589,22
581,69	1654,76
581,90	1583,08
582,10	1628,14
582,30	1581,03
582,51	1595,37
582,71	1617,90
582,91	1533,93
583,12	1578,98
583,32	1595,37
583,52	1574,89
583,73	1632,23
583,93	1554,41
584,13	1581,03
584,34	1589,22
584,54	1570,79
584,74	1648,61
584,94	1576,94
585,15	1554,41
585,35	1634,28
585,55	1589,22
585,76	1560,55
585,96	1677,29
586,16	1679,33
586,37	1529,83
586,57	1525,74
586,77	1632,23
586,98	1578,98
587,18	1621,99
587,38	1656,81
587,58	1570,79
587,79	1638,38
587,99	1642,47
588,19	1574,89
588,40	1533,93
588,60	1621,99
588,80	1669,09
589,00	1626,09
589,21	1757,16
589,41	1611,75
589,61	1650,66
589,82	1644,52
590,02	1595,37
590,22	1685,48
590,42	1681,38
590,63	1693,67
590,83	1646,57
591,03	1665,00
591,23	1591,27
591,44	1685,48
591,64	1611,75
591,84	1648,61
592,05	1644,52
592,25	1722,34
592,45	1621,99
592,65	1648,61
592,86	1603,56
593,06	1667,05
593,26	1669,09
593,46	1619,94
593,67	1560,55
593,87	1716,20
594,07	1619,94
594,27	1722,34
594,48	1578,98
594,68	1648,61
594,88	1621,99
595,08	1599,46
595,29	1662,95
595,49	1648,61
595,69	1617,90
595,89	1665,00
596,10	1742,82
596,30	1667,05
596,50	1556,46
596,70	1638,38
596,90	1599,46
597,11	1568,74
597,31	1619,94
597,51	1683,43
597,71	1769,44
597,92	1708,01
598,12	1710,05
598,32	1693,67
598,52	1624,04
598,72	1683,43
598,93	1652,71
599,13	1695,72
599,33	1581,03
599,53	1681,38
599,74	1691,62
599,94	1708,01
600,14	1646,57
600,34	1695,72
600,54	1742,82
600,75	1742,82
600,95	1619,94
601,15	1621,99
601,35	1564,65
601,55	1687,53
601,76	1626,09
601,96	1787,88
602,16	1611,75
602,36	1712,10
602,56	1603,56
602,76	1591,27
602,97	1578,98
603,17	1613,80
603,37	1572,84
603,57	1656,81
603,77	1566,70
603,98	1685,48
604,18	1544,17
604,38	1646,57
604,58	1546,22
604,78	1689,57
604,98	1687,53
605,19	1667,05
605,39	1601,51
605,59	1662,95
605,79	1677,29
605,99	1619,94
606,19	1568,74
606,40	1546,22
606,60	1626,09
606,80	1581,03
607,00	1482,73
607,20	1583,08
607,40	1576,94
607,61	1638,38
607,81	1568,74
608,01	1642,47
608,21	1636,33
608,41	1638,38
608,61	1611,75
608,81	1535,98
609,02	1523,69
609,22	1636,33
609,42	1554,41
609,62	1572,84
609,82	1624,04
610,02	1607,66
610,22	1552,36
610,43	1558,50
610,63	1609,70
610,83	1593,32
611,03	1564,65
611,23	1677,29
611,43	1751,01
611,63	1642,47
611,83	1515,50
612,04	1603,56
612,24	1746,92
612,44	1562,60
612,64	1550,31
612,84	1648,61
613,04	1519,59
613,24	1599,46
613,44	1605,61
613,64	1566,70
613,85	1615,85
614,05	1673,19
614,25	1523,69
614,45	1511,40
614,65	1679,33
614,85	1671,14
615,05	1558,50
615,25	1691,62
615,45	1708,01
615,65	1701,86
615,86	1662,95
616,06	1697,77
616,26	1660,90
616,46	1781,73
616,66	1654,76
616,86	1671,14
617,06	1667,05
617,26	1757,16
617,46	1679,33
617,66	1665,00
617,86	1734,63
618,07	1695,72
618,27	1808,36
618,47	1718,25
618,67	1826,79
618,87	1648,61
619,07	1808,36
619,27	1761,25
619,47	1726,44
619,67	1830,88
619,87	1777,64
620,07	1884,13
620,27	1845,22
620,47	1759,21
620,67	1796,07
620,87	1810,40
621,07	1871,84
621,28	1847,27
621,48	1816,55
621,68	1853,41
621,88	1853,41
622,08	1800,16
622,28	1814,50
622,48	1896,42
622,68	1785,83
622,88	1869,80
623,08	1875,94
623,28	1808,36
623,48	1796,07
623,68	1843,17
623,88	1783,78
624,08	1976,29
624,28	1859,56
624,48	1837,03
624,68	1820,64
624,88	1908,71
625,08	1908,71
625,28	2011,11
625,48	1892,32
625,68	1857,51
625,88	1976,29
626,08	1882,08
626,28	1935,33
626,48	1945,57
626,68	1959,91
626,88	1943,52
627,08	1957,86
627,28	2052,06
627,48	1882,08
627,68	1947,62
627,88	1951,71
628,08	2009,06
628,28	1947,62
628,49	1984,48
628,68	1947,62
628,88	1964,00
629,08	1984,48
629,28	2068,45
629,48	1918,95
629,68	2013,15
629,88	2097,12
630,08	1982,43
630,28	2088,93
630,48	2107,36
630,68	1961,95
630,88	1988,58
631,08	2000,87
631,28	2015,20
631,48	1918,95
631,68	2078,69
631,88	2101,22
632,08	2021,35
632,28	1972,19
632,48	2002,91
632,68	2056,16
632,88	2121,70
633,08	2037,73
633,28	2148,32
633,48	1998,82
633,68	2088,93
633,88	2123,74
634,08	2193,37
634,28	2160,61
634,48	2156,51
634,68	2105,31
634,88	2140,13
635,08	2076,64
635,28	2117,60
635,48	2101,22
635,68	1935,33
635,87	2209,76
636,07	2146,27
636,27	2021,35
636,47	2193,37
636,67	2086,88
636,87	2062,30
637,07	2183,13
637,27	2168,80
637,47	2187,23
637,67	2236,38
637,87	2076,64
638,07	2222,05
638,27	2056,16
638,47	2301,92
638,67	2209,76
638,86	2230,24
639,06	2144,22
639,26	2220,00
639,46	2252,77
639,66	2252,77
639,86	2203,61
640,06	2281,44
640,26	2295,77
640,46	2267,10
640,66	2258,91
640,86	2349,02
641,06	2263,01
641,25	2293,72
641,45	2295,77
641,65	2238,43
641,85	2250,72
642,05	2285,53
642,25	2308,06
642,45	2316,25
642,65	2365,40
642,85	2381,79
643,05	2299,87
643,24	2367,45
643,44	2361,31
643,64	2355,16
643,84	2396,12
644,04	2478,04
644,24	2385,88
644,44	2461,66
644,64	2394,08
644,84	2512,86
645,03	2551,77
645,23	2568,15
645,43	2428,89
645,63	2492,38
645,83	2506,71
646,03	2553,82
646,23	2580,44
646,42	2609,11
646,62	2525,15
646,82	2572,25
647,02	2533,34
647,22	2568,15
647,42	2553,82
647,62	2619,35
647,82	2592,73
648,01	2799,57
648,21	2521,05
648,41	2621,40
648,61	2670,55
648,81	2697,17
649,01	2588,63
649,20	2478,04
649,40	2578,39
649,60	2553,82
649,80	2654,17
650,00	2549,72
650,20	2885,59
650,40	2670,55
650,59	2768,85
650,79	2586,58
650,99	2678,74
651,19	2537,43
651,39	2621,40
651,58	2670,55
651,78	2740,18
651,98	2514,91
652,18	2605,02
652,38	2562,01
652,58	2711,51
652,77	2584,54
652,97	2850,77
653,17	2645,98
653,37	2889,68
653,57	2512,86
653,77	2713,56
653,96	2719,70
654,16	2729,94
654,36	2637,78
654,56	2750,42
654,76	2731,99
654,95	2748,37
655,15	2701,27
655,35	2824,15
655,55	2674,65
655,75	2856,92
655,94	2846,68
656,14	2809,81
656,34	2731,99
656,54	2871,25
656,73	2623,45
656,93	2930,64
657,13	2990,03
657,33	2947,03
657,53	2901,97
657,72	2934,74
657,92	2979,79
658,12	3033,04
658,32	3061,71
658,52	3209,17
658,71	2979,79
658,91	3213,26
659,11	3033,04
659,31	3274,70
659,50	3057,62
659,70	3295,18
659,90	3264,46
660,10	3274,70
660,29	3209,17
660,49	3497,93
660,69	3307,47
660,89	3526,60
661,08	3176,40
661,28	3430,35
661,48	3397,58
661,68	3637,19
661,87	3491,79
662,07	3618,76
662,27	3473,36
662,47	3694,54
662,66	3477,45
662,86	3766,21
663,06	3397,58
663,26	3667,91
663,45	3590,09
663,65	3827,65
663,85	3528,65
664,05	3676,10
664,24	3493,83
664,44	3614,66
664,64	3499,98
664,84	3680,20
665,03	3424,20
665,23	3577,80
665,43	3268,56
665,62	3473,36
665,82	3260,37
666,02	3469,26
666,22	3231,69
666,41	3246,03
666,61	3043,28
666,81	2987,99
667,00	2840,53
667,20	2828,24
667,40	2734,04
667,60	2895,83
667,79	2562,01
667,99	2695,13
668,19	2478,04
668,38	2504,67
668,58	2209,76
668,78	2256,86
668,97	2166,75
669,17	2242,53
669,37	2017,25
669,57	2082,78
669,76	2101,22
669,96	2142,18
670,16	1892,32
670,35	2009,06
670,55	1816,55
670,75	1853,41
670,94	1896,42
671,14	1918,95
671,34	1904,61
671,53	1732,58
671,73	1759,21
671,93	1748,97
672,12	1765,35
672,32	1824,74
672,52	1681,38
672,71	1734,63
672,91	1722,34
673,11	1712,10
673,30	1714,15
673,50	1589,22
673,70	1542,12
673,89	1621,99
674,09	1548,26
674,29	1630,18
674,48	1718,25
674,68	1767,40
674,88	1611,75
675,07	1642,47
675,27	1546,22
675,46	1533,93
675,66	1581,03
675,86	1523,69
676,05	1505,26
676,25	1570,79
676,45	1607,66
676,64	1566,70
676,84	1576,94
677,04	1499,11
677,23	1599,46
677,43	1548,26
677,62	1568,74
677,82	1621,99
678,02	1599,46
678,21	1548,26
678,41	1509,35
678,61	1384,43
678,80	1583,08
679,00	1601,51
679,19	1632,23
679,39	1634,28
679,59	1544,17
679,78	1476,59
679,98	1449,96
680,17	1515,50
680,37	1490,92
680,57	1474,54
680,76	1570,79
680,96	1593,32
681,16	1515,50
681,35	1472,49
681,55	1546,22
681,74	1572,84
681,94	1525,74
682,13	1466,35
682,33	1609,70
682,53	1544,17
682,72	1527,78
682,92	1533,93
683,11	1507,30
683,31	1632,23
683,51	1509,35
683,70	1544,17
683,90	1552,36
684,09	1470,44
684,29	1628,14
684,48	1523,69
684,68	1505,26
684,88	1591,27
685,07	1576,94
685,27	1535,98
685,46	1581,03
685,66	1654,76
685,85	1597,42
686,05	1693,67
686,25	1595,37
686,44	1617,90
686,64	1619,94
686,83	1538,02
687,03	1540,07
687,22	1529,83
687,42	1474,54
687,61	1652,71
687,81	1538,02
688,01	1650,66
688,20	1562,60
688,40	1556,46
688,59	1556,46
688,79	1560,55
688,98	1595,37
689,18	1578,98
689,37	1572,84
689,57	1597,42
689,76	1535,98
689,96	1554,41
690,15	1578,98
690,35	1617,90
690,54	1578,98
690,74	1589,22
690,94	1556,46
691,13	1587,18
691,33	1593,32
691,52	1630,18
691,72	1720,29
691,91	1638,38
692,11	1665,00
692,30	1593,32
692,50	1572,84
692,69	1605,61
692,89	1550,31
693,08	1624,04
693,28	1685,48
693,47	1554,41
693,67	1701,86
693,86	1601,51
694,06	1650,66
694,25	1562,60
694,45	1583,08
694,64	1621,99
694,84	1591,27
695,03	1585,13
695,23	1572,84
695,42	1628,14
695,62	1503,21
695,81	1535,98
696,01	1548,26
696,20	1591,27
696,40	1484,78
696,59	1478,63
696,78	1564,65
696,98	1558,50
697,17	1531,88
697,37	1576,94
697,56	1523,69
697,76	1632,23
697,95	1566,70
698,15	1568,74
698,34	1533,93
698,54	1544,17
698,73	1634,28
698,93	1525,74
699,12	1478,63
699,32	1544,17
699,51	1507,30
699,70	1546,22
699,90	1486,83
700,09	1581,03
700,29	1523,69
700,48	1429,48
700,68	1486,83
700,87	1404,91
701,07	1437,67
701,26	1427,43
701,45	1392,62
701,65	1466,35
701,84	1421,29
702,04	1441,77
702,23	1452,01
702,43	1472,49
702,62	1509,35
702,81	1441,77
703,01	1415,15
703,20	1550,31
703,40	1419,24
703,59	1462,25
703,79	1447,91
703,98	1423,34
704,17	1456,11
704,37	1447,91
704,56	1392,62
704,76	1466,35
704,95	1503,21
705,14	1384,43
705,34	1452,01
705,53	1343,47
705,73	1329,13
705,92	1458,15
706,11	1409,00
706,31	1439,72
706,50	1449,96
706,70	1394,67
706,89	1505,26
707,08	1488,87
707,28	1492,97
707,47	1372,14
707,67	1449,96
707,86	1470,44
708,05	1460,20
708,25	1339,37
708,44	1490,92
708,64	1445,87
708,83	1441,77
709,02	1388,52
709,22	1386,47
709,41	1466,35
709,60	1523,69
709,80	1443,82
709,99	1439,72
710,19	1390,57
710,38	1452,01
710,57	1339,37
710,77	1361,90
710,96	1378,28
711,15	1480,68
711,35	1421,29
711,54	1433,58
711,73	1361,90
711,93	1423,34
712,12	1423,34
712,31	1404,91
712,51	1374,19
712,70	1361,90
712,89	1337,32
713,09	1415,15
713,28	1396,71
713,48	1404,91
713,67	1449,96
713,86	1454,06
714,06	1345,52
714,25	1339,37
714,44	1447,91
714,64	1419,24
714,83	1447,91
715,02	1447,91
715,22	1458,15
715,41	1433,58
715,60	1419,24
715,79	1351,66
715,99	1460,20
716,18	1445,87
716,37	1374,19
716,57	1431,53
716,76	1447,91
716,95	1466,35
717,15	1413,10
717,34	1345,52
717,53	1433,58
717,73	1497,07
717,92	1462,25
718,11	1447,91
718,31	1345,52
718,50	1441,77
718,69	1337,32
718,88	1521,64
719,08	1392,62
719,27	1388,52
719,46	1400,81
719,66	1529,83
719,85	1325,04
720,04	1445,87
720,23	1437,67
720,43	1368,04
720,62	1388,52
720,81	1384,43
721,01	1462,25
721,20	1470,44
721,39	1411,05
721,58	1363,95
721,78	1482,73
721,97	1466,35
722,16	1429,48
722,35	1423,34
722,55	1343,47
722,74	1431,53
722,93	1423,34
723,13	1345,52
723,32	1415,15
723,51	1384,43
723,70	1390,57
723,90	1439,72
724,09	1411,05
724,28	1286,12
724,47	1409,00
724,67	1429,48
724,86	1445,87
725,05	1382,38
725,24	1435,63
725,44	1400,81
725,63	1306,60
725,82	1314,80
726,01	1384,43
726,21	1456,11
726,40	1394,67
726,59	1480,68
726,78	1382,38
726,97	1464,30
727,17	1505,26
727,36	1544,17
727,55	1419,24
727,74	1327,08
727,94	1370,09
728,13	1378,28
728,32	1404,91
728,51	1456,11
728,70	1415,15
728,90	1435,63
729,09	1376,24
729,28	1447,91
729,47	1400,81
729,66	1466,35
729,86	1472,49
730,05	1374,19
730,24	1380,33
730,43	1419,24
730,63	1345,52
730,82	1359,85
731,01	1409,00
731,20	1415,15
731,39	1372,14
731,58	1425,39
731,78	1386,47
731,97	1384,43
732,16	1431,53
732,35	1447,91
732,54	1482,73
732,74	1511,40
732,93	1435,63
733,12	1423,34
733,31	1423,34
733,50	1359,85
733,69	1423,34
733,89	1452,01
734,08	1466,35
734,27	1503,21
734,46	1404,91
734,65	1419,24
734,84	1400,81
735,04	1409,00
735,23	1413,10
735,42	1406,95
735,61	1296,36
735,80	1423,34
735,99	1390,57
736,19	1419,24
736,38	1454,06
736,57	1413,10
736,76	1433,58
736,95	1466,35
737,14	1382,38
737,33	1423,34
737,53	1519,59
737,72	1337,32
737,91	1402,86
738,10	1417,19
738,29	1335,28
738,48	1382,38
738,67	1415,15
738,87	1390,57
739,06	1347,56
739,25	1435,63
739,44	1372,14
739,63	1425,39
739,82	1402,86
740,01	1409,00
740,20	1392,62
740,40	1378,28
740,59	1404,91
740,78	1421,29
740,97	1443,82
741,16	1415,15
741,35	1404,91
741,54	1441,77
741,73	1417,19
741,92	1437,67
742,12	1366,00
742,31	1441,77
742,50	1519,59
742,69	1413,10
742,88	1312,75
743,07	1423,34
743,26	1429,48
743,45	1353,71
743,64	1437,67
743,83	1413,10
744,02	1380,33
744,22	1382,38
744,41	1413,10
744,60	1378,28
744,79	1337,32
744,98	1431,53
745,17	1419,24
745,36	1417,19
745,55	1443,82
745,74	1443,82
745,93	1452,01
746,12	1425,39
746,31	1435,63
746,50	1419,24
746,70	1359,85
746,89	1400,81
747,08	1374,19
747,27	1343,47
747,46	1460,20
747,65	1386,47
747,84	1382,38
748,03	1400,81
748,22	1394,67
748,41	1497,07
748,60	1447,91
748,79	1495,02
748,98	1363,95
749,17	1318,89
749,36	1486,83
749,55	1357,80
749,74	1445,87
749,93	1449,96
750,12	1337,32
750,31	1484,78
750,50	1458,15
750,70	1488,87
750,89	1466,35
751,08	1550,31
751,27	1456,11
751,46	1413,10
751,65	1400,81
751,84	1339,37
752,03	1394,67
752,22	1482,73
752,41	1503,21
752,60	1427,43
752,79	1425,39
752,98	1423,34
753,17	1449,96
753,36	1462,25
753,55	1472,49
753,74	1433,58
753,93	1509,35
754,12	1417,19
754,31	1480,68
754,50	1503,21
754,69	1363,95
754,88	1435,63
755,07	1443,82
755,26	1431,53
755,45	1394,67
755,64	1404,91
755,83	1503,21
756,02	1484,78
756,21	1366,00
756,40	1454,06
756,59	1388,52
756,78	1474,54
756,97	1427,43
757,16	1474,54
757,35	1490,92
757,54	1415,15
757,72	1484,78
757,91	1423,34
758,10	1370,09
758,29	1357,80
758,48	1368,04
758,67	1349,61
758,86	1482,73
759,05	1413,10
759,24	1388,52
759,43	1429,48
759,62	1454,06
759,81	1482,73
760,00	1462,25
760,19	1421,29
760,38	1447,91
760,57	1337,32
760,76	1425,39
760,95	1480,68
761,14	1308,65
761,33	1404,91
761,52	1449,96
761,70	1443,82
761,89	1439,72
762,08	1419,24
762,27	1427,43
762,46	1452,01
762,65	1445,87
762,84	1409,00
763,03	1419,24
763,22	1398,76
763,41	1470,44
763,60	1406,95
763,79	1425,39
763,98	1417,19
764,16	1347,56
764,35	1454,06
764,54	1454,06
764,73	1583,08
764,92	1374,19
765,11	1574,89
765,30	1411,05
765,49	1411,05
765,68	1533,93
765,87	1482,73
766,06	1439,72
766,24	1550,31
766,43	1372,14
766,62	1435,63
766,81	1456,11
767,00	1486,83
767,19	1423,34
767,38	1488,87
767,57	1353,71
767,76	1425,39
767,94	1490,92
768,13	1464,30
768,32	1452,01
768,51	1419,24
768,70	1466,35
768,89	1419,24
769,08	1456,11
769,27	1425,39
769,45	1427,43
769,64	1437,67
769,83	1427,43
770,02	1421,29
770,21	1435,63
770,40	1443,82
770,59	1482,73
770,77	1439,72
770,96	1472,49
771,15	1484,78
771,34	1406,95
771,53	1585,13
771,72	1390,57
771,91	1359,85
772,09	1402,86
772,28	1390,57
772,47	1425,39
772,66	1492,97
772,85	1470,44
773,04	1376,24
773,22	1445,87
773,41	1495,02
773,60	1429,48
773,79	1441,77
773,98	1368,04
774,17	1343,47
774,35	1484,78
774,54	1439,72
774,73	1497,07
774,92	1429,48
775,11	1542,12
775,30	1578,98
775,48	1495,02
775,67	1474,54
775,86	1413,10
776,05	1576,94
776,24	1503,21
776,42	1429,48
776,61	1542,12
776,80	1435,63
776,99	1548,26
777,18	1433,58
777,36	1421,29
777,55	1427,43
777,74	1505,26
777,93	1462,25
778,12	1411,05
778,30	1529,83
778,49	1431,53
778,68	1460,20
778,87	1415,15
779,06	1419,24
779,24	1474,54
779,43	1374,19
779,62	1411,05
779,81	1435,63
779,99	1390,57
780,18	1419,24
780,37	1411,05
780,56	1464,30
780,75	1497,07
780,93	1437,67
781,12	1452,01
781,31	1513,45
781,50	1501,16
781,68	1456,11
781,87	1421,29
782,06	1429,48
782,25	1431,53
782,43	1462,25
782,62	1456,11
782,81	1421,29
783,00	1382,38
783,18	1341,42
783,37	1505,26
783,56	1472,49
783,75	1472,49
783,93	1357,80
784,12	1433,58
784,31	1462,25
784,50	1472,49
784,68	1390,57
784,87	1421,29
785,06	1497,07
785,24	1484,78
785,43	1439,72
785,62	1447,91
785,81	1476,59
785,99	1546,22
786,18	1345,52
786,37	1474,54
786,56	1386,47
786,74	1492,97
786,93	1439,72
787,12	1390,57
787,30	1470,44
787,49	1452,01
787,68	1452,01
787,87	1435,63
788,05	1466,35
788,24	1429,48
788,43	1445,87
788,61	1458,15
788,80	1435,63
788,99	1492,97
789,17	1505,26
789,36	1435,63
789,55	1486,83
789,73	1409,00
789,92	1335,28
790,11	1415,15
790,30	1474,54
790,48	1357,80
790,67	1443,82
790,86	1402,86
791,04	1513,45
791,23	1454,06
791,42	1421,29
791,60	1406,95
791,79	1480,68
791,98	1398,76
792,16	1456,11
792,35	1431,53
792,54	1443,82
792,72	1464,30
792,91	1431,53
793,10	1392,62
793,28	1482,73
793,47	1427,43
793,66	1482,73
793,84	1359,85
794,03	1361,90
794,22	1456,11
794,40	1423,34
794,59	1423,34
794,77	1378,28
794,96	1343,47
795,15	1484,78
795,33	1409,00
795,52	1445,87
795,71	1392,62
795,89	1359,85
796,08	1415,15
796,27	1355,76
796,45	1382,38
796,64	1368,04
796,82	1370,09
797,01	1447,91
797,20	1456,11
797,38	1312,75
797,57	1415,15
797,76	1382,38
797,94	1421,29
798,13	1445,87
798,31	1429,48
798,50	1374,19
798,69	1513,45
798,87	1421,29
799,06	1394,67
799,24	1273,84
799,43	1452,01
799,62	1460,20
799,80	1425,39
799,99	1478,63
800,17	1423,34
800,36	1466,35
800,55	1406,95
800,73	1386,47
800,92	1384,43
801,10	1337,32
801,29	1480,68
801,48	1400,81
801,66	1478,63
801,85	1337,32
802,03	1406,95
802,22	1464,30
802,40	1505,26
802,59	1363,95
802,78	1417,19
802,96	1466,35
803,15	1406,95
803,33	1449,96
803,52	1507,30
803,70	1435,63
803,89	1406,95
804,08	1406,95
804,26	1413,10
804,45	1392,62
804,63	1380,33
804,82	1447,91
805,00	1394,67
805,19	1425,39
805,37	1406,95
805,56	1513,45
805,74	1409,00
805,93	1382,38
806,12	1406,95
806,30	1404,91
806,49	1437,67
806,67	1419,24
806,86	1454,06
807,04	1499,11
807,23	1441,77
807,41	1347,56
807,60	1398,76
807,78	1390,57
807,97	1720,29
808,15	1335,28
808,34	1492,97
808,52	1435,63
808,71	1417,19
808,89	1390,57
809,08	1431,53
809,27	1398,76
809,45	1431,53
809,64	1392,62
809,82	1468,39
810,01	1427,43
810,19	1474,54
810,38	1386,47
810,56	1376,24
810,75	1386,47
810,93	1411,05
811,12	1419,24
811,30	1388,52
811,49	1458,15
811,67	1402,86
811,85	1460,20
812,04	1353,71
812,22	1298,41
812,41	1445,87
812,59	1406,95
812,78	1357,80
812,96	1466,35
813,15	1390,57
813,33	1370,09
813,52	1409,00
813,70	1462,25
813,89	1517,54
814,07	1501,16
814,26	1443,82
814,44	1353,71
814,63	1415,15
814,81	1382,38
815,00	1343,47
815,18	1374,19
815,36	1400,81
815,55	1423,34
815,73	1495,02
815,92	1439,72
816,10	1482,73
816,29	1443,82
816,47	1413,10
816,66	1265,64
816,84	1490,92
817,02	1497,07
817,21	1435,63
817,39	1501,16
817,58	1355,76
817,76	1447,91
817,95	1345,52
818,13	1347,56
818,32	1390,57
818,50	1423,34
818,68	1337,32
818,87	1472,49
819,05	1394,67
819,24	1431,53
819,42	1464,30
819,60	1384,43
819,79	1320,94
819,97	1406,95
820,16	1427,43
820,34	1404,91
820,53	1406,95
820,71	1402,86
820,89	1468,39
821,08	1392,62
821,26	1339,37
821,45	1390,57
821,63	1406,95
821,81	1372,14
822,00	1392,62
822,18	1447,91
822,37	1474,54
822,55	1423,34
822,73	1413,10
822,92	1490,92
823,10	1441,77
823,28	1374,19
823,47	1368,04
823,65	1355,76
823,84	1349,61
824,02	1533,93
824,20	1417,19
824,39	1462,25
824,57	1378,28
824,75	1497,07
824,94	1476,59
825,12	1540,07
825,31	1423,34
825,49	1535,98
825,67	1388,52
825,86	1429,48
826,04	1472,49
826,22	1521,64
826,41	1466,35
826,59	1445,87
826,77	1443,82
826,96	1499,11
827,14	1310,70
827,32	1388,52
827,51	1406,95
827,69	1474,54
827,87	1419,24
828,06	1488,87
828,24	1409,00
828,42	1427,43
828,61	1435,63
828,79	1535,98
828,97	1421,29
829,16	1464,30
829,34	1337,32
829,52	1421,29
829,71	1533,93
829,89	1456,11
830,07	1433,58
830,26	1581,03
830,44	1470,44
830,62	1361,90
830,81	1413,10
830,99	1437,67
831,17	1423,34
831,36	1390,57
831,54	1497,07
831,72	1433,58
831,91	1380,33
832,09	1429,48
832,27	1470,44
832,45	1472,49
832,64	1368,04
832,82	1460,20
833,00	1427,43
833,19	1419,24
833,37	1470,44
833,55	1462,25
833,73	1456,11
833,92	1486,83
834,10	1363,95
834,28	1413,10
834,47	1495,02
834,65	1402,86
834,83	1435,63
835,01	1482,73
835,20	1355,76
835,38	1439,72
835,56	1441,77
835,74	1476,59
835,93	1466,35
836,11	1390,57
836,29	1404,91
836,47	1458,15
836,66	1390,57
836,84	1480,68
837,02	1433,58
837,21	1511,40
837,39	1339,37
837,57	1452,01
837,75	1435,63
837,94	1382,38
838,12	1419,24
838,30	1411,05
838,48	1427,43
838,66	1470,44
838,85	1437,67
839,03	1417,19
839,21	1357,80
839,39	1388,52
839,58	1470,44
839,76	1538,02
839,94	1374,19
840,12	1447,91
840,31	1435,63
840,49	1353,71
840,67	1449,96
840,85	1390,57
841,03	1511,40
841,22	1488,87
841,40	1492,97
841,58	1456,11
841,76	1335,28
841,94	1396,71
842,13	1503,21
842,31	1425,39
842,49	1433,58
842,67	1400,81
842,85	1511,40
843,04	1538,02
843,22	1419,24
843,40	1400,81
843,58	1488,87
843,76	1390,57
843,95	1495,02
844,13	1417,19
844,31	1468,39
844,49	1402,86
844,67	1462,25
844,86	1501,16
845,04	1380,33
845,22	1343,47
845,40	1558,50
845,58	1454,06
845,76	1470,44
845,95	1390,57
846,13	1366,00
846,31	1540,07
846,49	1454,06
846,67	1368,04
846,85	1421,29
847,04	1425,39
847,22	1341,42
847,40	1314,80
847,58	1349,61
847,76	1445,87
847,94	1413,10
848,12	1509,35
848,31	1404,91
848,49	1505,26
848,67	1466,35
848,85	1499,11
849,03	1456,11
849,21	1433,58
849,39	1441,77
849,58	1452,01
849,76	1435,63
849,94	1394,67
850,12	1314,80
850,30	1511,40
850,48	1497,07
850,66	1417,19
850,84	1421,29
851,03	1398,76
851,21	1409,00
851,39	1462,25
851,57	1468,39
851,75	1439,72
851,93	1429,48
852,11	1425,39
852,29	1509,35
852,47	1499,11
852,66	1470,44
852,84	1413,10
853,02	1425,39
853,20	1550,31
853,38	1464,30
853,56	1417,19
853,74	1392,62
853,92	1417,19
854,10	1456,11
854,28	1347,56
854,46	1462,25
854,65	1464,30
854,83	1382,38
855,01	1458,15
855,19	1427,43
855,37	1396,71
855,55	1464,30
855,73	1495,02
855,91	1488,87
856,09	1511,40
856,27	1411,05
856,45	1462,25
856,63	1466,35
856,81	1468,39
857,00	1417,19
857,18	1490,92
857,36	1421,29
857,54	1386,47
857,72	1460,20
857,90	1417,19
858,08	1488,87
858,26	1413,10
858,44	1359,85
858,62	1433,58
858,80	1380,33
858,98	1476,59
859,16	1378,28
859,34	1492,97
859,52	1400,81
859,70	1507,30
859,88	1392,62
860,06	1359,85
860,24	1396,71
860,42	1400,81
860,60	1464,30
860,78	1384,43
860,96	1507,30
861,14	1404,91
861,32	1501,16
861,50	1470,44
861,69	1462,25
861,87	1470,44
862,05	1445,87
862,23	1406,95
862,41	1400,81
862,59	1456,11
862,77	1425,39
862,95	1441,77
863,13	1521,64
863,31	1472,49
863,49	1359,85
863,67	1441,77
863,85	1427,43
864,03	1497,07
864,21	1392,62
864,39	1462,25
864,57	1503,21
864,75	1472,49
864,92	1574,89
865,10	1443,82
865,28	1398,76
865,46	1372,14
865,64	1396,71
865,82	1460,20
866,00	1402,86
866,18	1480,68
866,36	1443,82
866,54	1474,54
866,72	1452,01
866,90	1394,67
867,08	1443,82
867,26	1406,95
867,44	1394,67
867,62	1419,24
867,80	1439,72
867,98	1492,97
868,16	1394,67
868,34	1505,26
868,52	1400,81
868,70	1431,53
868,88	1406,95
869,06	1503,21
869,24	1419,24
869,42	1384,43
869,59	1386,47
869,77	1458,15
869,95	1423,34
870,13	1431,53
870,31	1404,91
870,49	1447,91
870,67	1347,56
870,85	1417,19
871,03	1495,02
871,21	1570,79
871,39	1470,44
871,57	1425,39
871,75	1464,30
871,92	1415,15
872,10	1402,86
872,28	1372,14
872,46	1425,39
872,64	1476,59
872,82	1419,24
873,00	1458,15
873,18	1394,67
873,36	1337,32
873,54	1347,56
873,72	1353,71
873,89	1452,01
874,07	1447,91
874,25	1472,49
874,43	1431,53
874,61	1474,54
874,79	1415,15
874,97	1429,48
875,15	1574,89
875,33	1394,67
875,50	1456,11
875,68	1415,15
875,86	1468,39
876,04	1454,06
876,22	1372,14
876,40	1413,10
876,58	1437,67
876,76	1484,78
876,93	1437,67
877,11	1482,73
877,29	1476,59
877,47	1447,91
877,65	1427,43
877,83	1531,88
878,01	1443,82
878,18	1402,86
878,36	1421,29
878,54	1380,33
878,72	1376,24
878,90	1380,33
879,08	1452,01
879,25	1507,30
879,43	1380,33
879,61	1370,09
879,79	1411,05
879,97	1423,34
880,15	1427,43
880,32	1409,00
880,50	1417,19
880,68	1398,76
880,86	1415,15
881,04	1466,35
881,22	1400,81
881,39	1542,12
881,57	1564,65
881,75	1535,98
881,93	1445,87
882,11	1458,15
882,28	1429,48
882,46	1443,82
882,64	1447,91
882,82	1484,78
883,00	1492,97
883,18	1443,82
883,35	1417,19
883,53	1492,97
883,71	1464,30
883,89	1437,67
884,07	1388,52
884,24	1439,72
884,42	1433,58
884,60	1460,20
884,78	1548,26
884,95	1447,91
885,13	1392,62
885,31	1472,49
885,49	1411,05
885,67	1460,20
885,84	1441,77
886,02	1415,15
886,20	1380,33
886,38	1449,96
886,55	1423,34
886,73	1413,10
886,91	1497,07
887,09	1345,52
887,26	1435,63
887,44	1374,19
887,62	1480,68
887,80	1396,71
887,98	1394,67
888,15	1462,25
888,33	1441,77
888,51	1390,57
888,69	1443,82
888,86	1538,02
889,04	1449,96
889,22	1382,38
889,39	1501,16
889,57	1443,82
889,75	1386,47
889,93	1421,29
890,10	1423,34
890,28	1476,59
890,46	1452,01
890,64	1513,45
890,81	1392,62
890,99	1361,90
891,17	1359,85
891,34	1529,83
891,52	1390,57
891,70	1402,86
891,88	1415,15
892,05	1445,87
892,23	1452,01
892,41	1423,34
892,58	1437,67
892,76	1501,16
892,94	1435,63
893,12	1499,11
893,29	1437,67
893,47	1347,56
893,65	1507,30
893,82	1394,67
894,00	1433,58
894,18	1492,97
894,35	1345,52
894,53	1468,39
894,71	1527,78
894,89	1449,96
895,06	1423,34
895,24	1286,12
895,42	1333,23
895,59	1497,07
895,77	1421,29
895,95	1458,15
896,12	1525,74
896,30	1396,71
896,48	1454,06
896,65	1535,98
896,83	1392,62
897,01	1376,24
897,18	1484,78
897,36	1470,44
897,54	1398,76
897,71	1509,35
897,89	1495,02
898,07	1390,57
898,24	1449,96
898,42	1388,52
898,59	1462,25
898,77	1400,81
898,95	1447,91
899,12	1443,82
899,30	1466,35
899,48	1431,53
899,65	1388,52
899,83	1394,67
900,01	1404,91
900,18	1515,50
900,36	1447,91
900,53	1406,95
900,71	1456,11
900,89	1437,67
901,06	1464,30
901,24	1441,77
901,42	1488,87
901,59	1464,30
901,77	1507,30
901,94	1480,68
902,12	1515,50
902,30	1472,49
902,47	1478,63
902,65	1345,52
902,82	1411,05
903,00	1437,67
903,18	1445,87
903,35	1519,59
903,53	1396,71
903,70	1503,21
903,88	1337,32
904,06	1376,24
904,23	1398,76
904,41	1400,81
904,58	1419,24
904,76	1400,81
904,93	1527,78
905,11	1361,90
905,29	1441,77
905,46	1503,21
905,64	1476,59
905,81	1357,80
905,99	1476,59
906,16	1406,95
906,34	1458,15
906,52	1411,05
906,69	1423,34
906,87	1464,30
907,04	1425,39
907,22	1447,91
907,39	1519,59
907,57	1394,67
907,75	1421,29
907,92	1386,47
908,10	1374,19
908,27	1363,95
908,45	1447,91
908,62	1394,67
908,80	1490,92
908,97	1415,15
909,15	1435,63
909,32	1394,67
909,50	1454,06
909,67	1411,05
909,85	1445,87
910,03	1359,85
910,20	1468,39
910,38	1396,71
910,55	1468,39
910,73	1435,63
910,90	1419,24
911,08	1400,81
911,25	1488,87
911,43	1466,35
911,60	1409,00
911,78	1497,07
911,95	1454,06
912,13	1376,24
912,30	1404,91
912,48	1464,30
912,65	1458,15
912,83	1302,51
913,00	1462,25
913,18	1433,58
913,35	1368,04
913,53	1366,00
913,70	1452,01
913,88	1419,24
914,05	1423,34
914,23	1370,09
914,40	1404,91
914,58	1415,15
914,75	1452,01
914,93	1409,00
915,10	1417,19
915,27	1507,30
915,45	1433,58
915,62	1415,15
915,80	1388,52
915,97	1421,29
916,15	1370,09
916,32	1505,26
916,50	1441,77
916,67	1427,43
916,85	1386,47
917,02	1456,11
917,20	1472,49
917,37	1449,96
917,54	1552,36
917,72	1531,88
917,89	1439,72
918,07	1552,36
918,24	1468,39
918,42	1421,29
918,59	1431,53
918,77	1406,95
918,94	1425,39
919,11	1449,96
919,29	1417,19
919,46	1443,82
919,64	1544,17
919,81	1523,69
919,99	1386,47
920,16	1501,16
920,33	1437,67
920,51	1396,71
920,68	1445,87
920,86	1398,76
921,03	1445,87
921,20	1355,76
921,38	1452,01
921,55	1361,90
921,73	1472,49
921,90	1419,24
922,07	1488,87
922,25	1413,10
922,42	1484,78
922,60	1443,82
922,77	1452,01
922,94	1398,76
923,12	1488,87
923,29	1474,54
923,47	1421,29
923,64	1447,91
923,81	1394,67
923,99	1376,24
924,16	1497,07
924,34	1398,76
924,51	1507,30
924,68	1591,27
924,86	1394,67
925,03	1452,01
925,20	1517,54
925,38	1476,59
925,55	1552,36
925,72	1429,48
925,90	1382,38
926,07	1466,35
926,25	1312,75
926,42	1437,67
926,59	1445,87
926,77	1501,16
926,94	1456,11
927,11	1345,52
927,29	1380,33
927,46	1439,72
927,63	1462,25
927,81	1423,34
927,98	1445,87
928,15	1490,92
928,33	1517,54
928,50	1419,24
928,67	1488,87
928,85	1460,20
929,02	1511,40
929,19	1460,20
929,37	1458,15
929,54	1435,63
929,71	1527,78
929,89	1411,05
930,06	1423,34
930,23	1458,15
930,41	1433,58
930,58	1411,05
930,75	1417,19
930,92	1509,35
931,10	1517,54
931,27	1423,34
931,44	1515,50
931,62	1421,29
931,79	1423,34
931,96	1406,95
932,14	1411,05
932,31	1456,11
932,48	1484,78
932,65	1421,29
932,83	1441,77
933,00	1454,06
933,17	1503,21
933,35	1443,82
933,52	1484,78
933,69	1474,54
933,86	1517,54
934,04	1409,00
934,21	1421,29
934,38	1402,86
934,55	1437,67
934,73	1388,52
934,90	1406,95
935,07	1456,11
935,25	1517,54
935,42	1456,11
935,59	1505,26
935,76	1361,90
935,94	1456,11
936,11	1456,11
936,28	1558,50
936,45	1370,09
936,63	1382,38
936,80	1452,01
936,97	1452,01
937,14	1509,35
937,31	1581,03
937,49	1462,25
937,66	1470,44
937,83	1435,63
938,00	1511,40
938,18	1507,30
938,35	1425,39
938,52	1511,40
938,69	1429,48
938,87	1458,15
939,04	1386,47
939,21	1476,59
939,38	1429,48
939,55	1388,52
939,73	1486,83
939,90	1478,63
940,07	1445,87
940,24	1509,35
940,41	1472,49
940,59	1411,05
940,76	1427,43
940,93	1447,91
941,10	1468,39
941,27	1443,82
941,45	1458,15
941,62	1435,63
941,79	1454,06
941,96	1406,95
942,13	1388,52
942,31	1415,15
942,48	1523,69
942,65	1546,22
942,82	1400,81
942,99	1409,00
943,16	1458,15
943,34	1429,48
943,51	1427,43
943,68	1468,39
943,85	1322,99
944,02	1476,59
944,19	1404,91
944,37	1456,11
944,54	1472,49
944,71	1445,87
944,88	1525,74
945,05	1413,10
945,22	1392,62
945,40	1484,78
945,57	1439,72
945,74	1413,10
945,91	1456,11
946,08	1458,15
946,25	1460,20
946,42	1419,24
946,60	1423,34
946,77	1507,30
946,94	1546,22
947,11	1423,34
947,28	1456,11
947,45	1421,29
947,62	1396,71
947,79	1505,26
947,97	1492,97
948,14	1497,07
948,31	1396,71
948,48	1468,39
948,65	1437,67
948,82	1353,71
948,99	1460,20
949,16	1472,49
949,33	1406,95
949,51	1497,07
949,68	1445,87
949,85	1499,11
950,02	1419,24
950,19	1460,20
950,36	1488,87
950,53	1429,48
950,70	1460,20
950,87	1484,78
951,04	1507,30
951,22	1484,78
951,39	1497,07
951,56	1359,85
951,73	1521,64
951,90	1368,04
952,07	1447,91
952,24	1406,95
952,41	1406,95
952,58	1392,62
952,75	1472,49
952,92	1417,19
953,09	1366,00
953,26	1400,81
953,43	1413,10
953,61	1519,59
953,78	1462,25
953,95	1540,07
954,12	1427,43
954,29	1402,86
954,46	1427,43
954,63	1445,87
954,80	1548,26
954,97	1376,24
955,14	1380,33
955,31	1398,76
955,48	1460,20
955,65	1406,95
955,82	1419,24
955,99	1445,87
956,16	1529,83
956,33	1533,93
956,50	1409,00
956,67	1458,15
956,84	1445,87
957,01	1415,15
957,18	1517,54
957,35	1400,81
957,52	1423,34
957,69	1435,63
957,86	1423,34
958,03	1441,77
958,20	1411,05
958,37	1458,15
958,54	1464,30
958,71	1425,39
958,88	1617,90
959,05	1331,18
959,22	1468,39
959,39	1486,83
959,56	1429,48
959,73	1443,82
959,90	1462,25
960,07	1460,20
960,24	1372,14
960,41	1320,94
960,58	1404,91
960,75	1458,15
960,92	1437,67
961,09	1415,15
961,26	1468,39
961,43	1505,26
961,60	1413,10
961,77	1478,63
961,94	1349,61
962,11	1380,33
962,28	1472,49
962,45	1466,35
962,62	1476,59
962,79	1458,15
962,96	1443,82
963,13	1445,87
963,30	1466,35
963,47	1474,54
963,64	1382,38
963,81	1454,06
963,98	1361,90
964,14	1355,76
964,31	1503,21
964,48	1466,35
964,65	1470,44
964,82	1413,10
964,99	1406,95
965,16	1513,45
965,33	1370,09
965,50	1478,63
965,67	1458,15
965,84	1452,01
966,01	1439,72
966,18	1378,28
966,35	1509,35
966,51	1445,87
966,68	1425,39
966,85	1472,49
967,02	1501,16
967,19	1406,95
967,36	1447,91
967,53	1447,91
967,70	1480,68
967,87	1478,63
968,04	1497,07
968,21	1378,28
968,37	1480,68
968,54	1460,20
968,71	1419,24
968,88	1431,53
969,05	1402,86
969,22	1370,09
969,39	1472,49
969,56	1468,39
969,72	1439,72
969,89	1425,39
970,06	1466,35
970,23	1390,57
970,40	1517,54
970,57	1427,43
970,74	1470,44
970,91	1337,32
971,07	1462,25
971,24	1480,68
971,41	1513,45
971,58	1445,87
971,75	1486,83
971,92	1437,67
972,09	1417,19
972,25	1466,35
972,42	1411,05
972,59	1472,49
972,76	1456,11
972,93	1415,15
973,10	1488,87
973,27	1454,06
973,43	1382,38
973,60	1488,87
973,77	1474,54
973,94	1478,63
974,11	1560,55
974,28	1474,54
974,44	1357,80
974,61	1478,63
974,78	1409,00
974,95	1378,28
975,12	1384,43
975,28	1503,21
975,45	1427,43
975,62	1406,95
975,79	1366,00
975,96	1409,00
976,12	1439,72
976,29	1431,53
976,46	1378,28
976,63	1417,19
976,80	1400,81
976,96	1372,14
977,13	1423,34
977,30	1417,19
977,47	1439,72
977,64	1439,72
977,80	1353,71
977,97	1316,84
978,14	1415,15
978,31	1437,67
978,48	1427,43
978,64	1347,56
978,81	1437,67
978,98	1443,82
979,15	1433,58
979,31	1458,15
979,48	1454,06
979,65	1368,04
979,82	1413,10
979,98	1427,43
980,15	1374,19
980,32	1499,11
980,49	1398,76
980,66	1431,53
980,82	1366,00
980,99	1439,72
981,16	1357,80
981,33	1368,04
981,49	1415,15
981,66	1409,00
981,83	1495,02
981,99	1404,91
982,16	1406,95
982,33	1443,82
982,50	1392,62
982,66	1474,54
982,83	1417,19
983,00	1415,15
983,17	1386,47
983,33	1331,18
983,50	1435,63
983,67	1458,15
983,83	1460,20
984,00	1384,43
984,17	1415,15
984,34	1351,66
984,50	1386,47
984,67	1425,39
984,84	1452,01
985,00	1431,53
985,17	1404,91
985,34	1404,91
985,51	1466,35
985,67	1425,39
985,84	1417,19
986,01	1368,04
986,17	1460,20
986,34	1316,84
986,51	1394,67
986,67	1413,10
986,84	1329,13
987,01	1388,52
987,17	1394,67
987,34	1419,24
987,51	1423,34
987,67	1429,48
987,84	1404,91
988,01	1466,35
988,17	1341,42
988,34	1423,34
988,51	1372,14
988,67	1409,00
988,84	1417,19
989,01	1316,84
989,17	1384,43
989,34	1423,34
989,51	1419,24
989,67	1468,39
989,84	1386,47
990,01	1425,39
990,17	1454,06
990,34	1308,65
990,51	1374,19
990,67	1366,00
990,84	1333,23
991,01	1413,10
991,17	1409,00
991,34	1333,23
991,50	1437,67
991,67	1380,33
991,84	1404,91
992,00	1462,25
992,17	1425,39
992,34	1445,87
992,50	1411,05
992,67	1429,48
992,83	1429,48
993,00	1394,67
993,17	1460,20
993,33	1357,80
993,50	1490,92
993,66	1355,76
993,83	1466,35
994,00	1357,80
994,16	1370,09
994,33	1390,57
994,49	1452,01
994,66	1495,02
994,83	1349,61
994,99	1419,24
995,16	1527,78
995,32	1492,97
995,49	1456,11
995,66	1460,20
995,82	1460,20
995,99	1359,85
996,15	1456,11
996,32	1382,38
996,48	1312,75
996,65	1462,25
996,82	1431,53
996,98	1409,00
997,15	1443,82
997,31	1433,58
997,48	1376,24
997,64	1413,10
997,81	1394,67
997,97	1419,24
998,14	1376,24
998,31	1505,26
998,47	1406,95
998,64	1492,97
998,80	1245,16
998,97	1488,87
999,13	1372,14
999,30	1409,00
999,46	1421,29
999,63	1353,71
999,79	1458,15
999,96	1529,83
1000,12	1413,10
1000,29	1378,28
1000,45	1452,01
1000,62	1439,72
1000,79	1480,68
1000,95	1411,05
1001,12	1466,35
1001,28	1415,15
1001,45	1466,35
1001,61	1415,15
1001,78	1447,91
1001,94	1433,58
1002,11	1519,59
1002,27	1406,95
1002,44	1396,71
1002,60	1435,63
1002,77	1492,97
1002,93	1540,07
1003,10	1423,34
1003,26	1462,25
1003,43	1462,25
1003,59	1439,72
1003,76	1398,76
1003,92	1390,57
1004,09	1439,72
1004,25	1415,15
1004,41	1474,54
1004,58	1388,52
1004,74	1439,72
1004,91	1302,51
1005,07	1394,67
1005,24	1515,50
1005,40	1486,83
1005,57	1347,56
1005,73	1404,91
1005,90	1456,11
1006,06	1316,84
1006,23	1486,83
1006,39	1458,15
1006,55	1357,80
1006,72	1398,76
1006,88	1415,15
1007,05	1484,78
1007,21	1466,35
1007,38	1396,71
1007,54	1429,48
1007,71	1466,35
1007,87	1427,43
1008,03	1431,53
1008,20	1458,15
1008,36	1437,67
1008,53	1431,53
1008,69	1452,01
1008,86	1404,91
1009,02	1320,94
1009,18	1456,11
1009,35	1388,52
1009,51	1400,81
1009,68	1427,43
1009,84	1439,72
1010,01	1392,62
1010,17	1388,52
1010,33	1449,96
1010,50	1443,82
1010,66	1480,68
1010,83	1427,43
1010,99	1419,24
1011,15	1366,00
1011,32	1460,20
1011,48	1382,38
1011,65	1462,25
1011,81	1368,04
1011,97	1507,30
1012,14	1445,87
1012,30	1415,15
1012,46	1466,35
1012,63	1415,15
1012,79	1411,05
1012,96	1359,85
1013,12	1380,33
1013,28	1409,00
1013,45	1308,65
1013,61	1320,94
1013,77	1472,49
1013,94	1411,05
1014,10	1433,58
1014,26	1406,95
1014,43	1501,16
1014,59	1406,95
1014,76	1454,06
1014,92	1437,67
1015,08	1363,95
1015,25	1316,84
1015,41	1458,15
1015,57	1531,88
1015,74	1351,66
1015,90	1388,52
1016,06	1452,01
1016,23	1411,05
1016,39	1386,47
1016,55	1400,81
1016,72	1452,01
1016,88	1392,62
1017,04	1415,15
1017,21	1380,33
1017,37	1331,18
1017,53	1382,38
1017,70	1468,39
1017,86	1406,95
1018,02	1388,52
1018,19	1417,19
1018,35	1353,71
1018,51	1431,53
1018,67	1470,44
1018,84	1347,56
1019,00	1380,33
1019,16	1429,48
1019,33	1406,95
1019,49	1492,97
1019,65	1433,58
1019,82	1421,29
1019,98	1482,73
1020,14	1443,82
1020,30	1488,87
1020,47	1343,47
1020,63	1470,44
1020,79	1429,48
1020,96	1437,67
1021,12	1429,48
1021,28	1392,62
1021,44	1394,67
1021,61	1466,35
1021,77	1443,82
1021,93	1345,52
1022,09	1452,01
1022,26	1480,68
1022,42	1445,87
1022,58	1468,39
1022,74	1325,04
1022,91	1421,29
1023,07	1497,07
1023,23	1355,76
1023,39	1396,71
1023,56	1368,04
1023,72	1460,20
1023,88	1372,14
1024,04	1480,68
1024,21	1421,29
1024,37	1460,20
1024,53	1413,10
1024,69	1267,69
1024,86	1368,04
1025,02	1400,81
1025,18	1400,81
1025,34	1409,00
1025,50	1529,83
1025,67	1363,95
1025,83	1343,47
1025,99	1390,57
1026,15	1458,15
1026,32	1355,76
1026,48	1406,95
1026,64	1501,16
1026,80	1468,39
1026,96	1409,00
1027,13	1478,63
1027,29	1458,15
1027,45	1402,86
1027,61	1351,66
1027,77	1417,19
1027,94	1345,52
1028,10	1433,58
1028,26	1310,70
1028,42	1386,47
1028,58	1417,19
1028,75	1429,48
1028,91	1406,95
1029,07	1419,24
1029,23	1460,20
1029,39	1353,71
1029,55	1398,76
1029,72	1404,91
1029,88	1458,15
1030,04	1368,04
1030,20	1417,19
1030,36	1370,09
1030,52	1394,67
1030,69	1490,92
1030,85	1390,57
1031,01	1466,35
1031,17	1409,00
1031,33	1427,43
1031,49	1517,54
1031,65	1370,09
1031,82	1441,77
1031,98	1427,43
1032,14	1460,20
1032,30	1406,95
1032,46	1501,16
1032,62	1449,96
1032,78	1443,82
1032,95	1329,13
1033,11	1406,95
1033,27	1404,91
1033,43	1384,43
1033,59	1499,11
1033,75	1480,68
1033,91	1406,95
1034,07	1486,83
1034,24	1433,58
1034,40	1460,20
1034,56	1329,13
1034,72	1394,67
1034,88	1363,95
1035,04	1411,05
1035,20	1390,57
1035,36	1411,05
1035,52	1429,48
1035,68	1372,14
1035,85	1406,95
1036,01	1427,43
1036,17	1466,35
1036,33	1435,63
1036,49	1409,00
1036,65	1404,91
1036,81	1476,59
1036,97	1331,18
1037,13	1361,90
1037,29	1335,28
1037,45	1425,39
1037,61	1382,38
1037,78	1419,24
1037,94	1419,24
1038,10	1462,25
1038,26	1419,24
1038,42	1421,29
1038,58	1421,29
1038,74	1388,52
1038,90	1435,63
1039,06	1419,24
1039,22	1484,78
1039,38	1486,83
1039,54	1425,39
1039,70	1415,15
1039,86	1466,35
1040,02	1388,52
1040,18	1439,72
1040,34	1456,11
1040,50	1456,11
1040,66	1333,23
1040,83	1427,43
1040,99	1402,86
1041,15	1458,15
1041,31	1454,06
1041,47	1486,83
1041,63	1478,63
1041,79	1437,67
1041,95	1484,78
1042,11	1398,76
1042,27	1452,01
1042,43	1456,11
1042,59	1419,24
1042,75	1372,14
1042,91	1380,33
