344,25	1202,16
344,46	1202,16
344,68	1202,16
344,90	1220,59
345,12	1292,27
345,34	1398,76
345,55	1515,50
345,77	1429,48
345,99	1361,90
346,21	1394,67
346,42	1396,71
346,64	1396,71
346,86	1376,24
347,08	1417,19
347,30	1374,19
347,51	1449,96
347,73	1454,06
347,95	1476,59
348,17	1374,19
348,38	1449,96
348,60	1357,80
348,82	1370,09
349,04	1296,36
349,25	1411,05
349,47	1482,73
349,69	1480,68
349,91	1488,87
350,13	1472,49
350,34	1449,96
350,56	1376,24
350,78	1411,05
351,00	1386,47
351,21	1388,52
351,43	1460,20
351,65	1431,53
351,87	1437,67
352,08	1435,63
352,30	1447,91
352,52	1294,32
352,74	1353,71
352,95	1460,20
353,17	1417,19
353,39	1388,52
353,61	1378,28
353,82	1507,30
354,04	1415,15
354,26	1409,00
354,47	1488,87
354,69	1368,04
354,91	1406,95
355,13	1357,80
355,34	1378,28
355,56	1335,28
355,78	1456,11
356,00	1439,72
356,21	1370,09
356,43	1396,71
356,65	1396,71
356,86	1472,49
357,08	1540,07
357,30	1513,45
357,52	1411,05
357,73	1452,01
357,95	1398,76
358,17	1435,63
358,38	1464,30
358,60	1409,00
358,82	1482,73
359,04	1525,74
359,25	1564,65
359,47	1519,59
359,69	1472,49
359,90	1417,19
360,12	1538,02
360,34	1497,07
360,56	1472,49
360,77	1615,85
360,99	1540,07
361,21	1435,63
361,42	1449,96
361,64	1591,27
361,86	1585,13
362,07	1562,60
362,29	1511,40
362,51	1515,50
362,73	1388,52
362,94	1589,22
363,16	1576,94
363,38	1456,11
363,59	1558,50
363,81	1546,22
364,03	1503,21
364,24	1540,07
364,46	1515,50
364,68	1527,78
364,89	1542,12
365,11	1564,65
365,33	1578,98
365,54	1507,30
365,76	1538,02
365,98	1519,59
366,19	1589,22
366,41	1556,46
366,63	1531,88
366,84	1507,30
367,06	1542,12
367,28	1611,75
367,49	1542,12
367,71	1578,98
367,93	1529,83
368,14	1505,26
368,36	1525,74
368,58	1593,32
368,79	1546,22
369,01	1556,46
369,23	1591,27
369,44	1497,07
369,66	1466,35
369,88	1587,18
370,09	1466,35
370,31	1497,07
370,53	1531,88
370,74	1531,88
370,96	1538,02
371,18	1497,07
371,39	1472,49
371,61	1554,41
371,82	1593,32
372,04	1540,07
372,26	1517,54
372,47	1495,02
372,69	1578,98
372,91	1519,59
373,12	1544,17
373,34	1591,27
373,56	1406,95
373,77	1431,53
373,99	1562,60
374,20	1507,30
374,42	1505,26
374,64	1595,37
374,85	1527,78
375,07	1550,31
375,29	1513,45
375,50	1492,97
375,72	1544,17
375,93	1466,35
376,15	1492,97
376,37	1538,02
376,58	1447,91
376,80	1497,07
377,01	1437,67
377,23	1585,13
377,45	1480,68
377,66	1519,59
377,88	1431,53
378,10	1527,78
378,31	1437,67
378,53	1542,12
378,74	1552,36
378,96	1501,16
379,18	1503,21
379,39	1503,21
379,61	1427,43
379,82	1474,54
380,04	1499,11
380,26	1501,16
380,47	1443,82
380,69	1472,49
380,90	1468,39
381,12	1421,29
381,33	1495,02
381,55	1449,96
381,77	1503,21
381,98	1499,11
382,20	1419,24
382,41	1384,43
382,63	1447,91
382,85	1443,82
383,06	1433,58
383,28	1529,83
383,49	1468,39
383,71	1490,92
383,92	1421,29
384,14	1439,72
384,36	1300,46
384,57	1427,43
384,79	1386,47
385,00	1466,35
385,22	1460,20
385,43	1363,95
385,65	1521,64
385,87	1411,05
386,08	1429,48
386,30	1456,11
386,51	1556,46
386,73	1425,39
386,94	1492,97
387,16	1486,83
387,37	1570,79
387,59	1472,49
387,81	1415,15
388,02	1447,91
388,24	1339,37
388,45	1374,19
388,67	1411,05
388,88	1486,83
389,10	1409,00
389,31	1519,59
389,53	1492,97
389,75	1554,41
389,96	1433,58
390,18	1396,71
390,39	1339,37
390,61	1538,02
390,82	1359,85
391,04	1392,62
391,25	1427,43
391,47	1509,35
391,68	1445,87
391,90	1490,92
392,11	1497,07
392,33	1329,13
392,54	1409,00
392,76	1388,52
392,97	1445,87
393,19	1490,92
393,41	1521,64
393,62	1509,35
393,84	1458,15
394,05	1548,26
394,27	1460,20
394,48	1443,82
394,70	1521,64
394,91	1509,35
395,13	1548,26
395,34	1429,48
395,56	1427,43
395,77	1533,93
395,99	1425,39
396,20	1562,60
396,42	1390,57
396,63	1478,63
396,85	1443,82
397,06	1490,92
397,28	1449,96
397,49	1517,54
397,71	1460,20
397,92	1492,97
398,14	1527,78
398,35	1617,90
398,57	1458,15
398,78	1505,26
399,00	1519,59
399,21	1466,35
399,43	1441,77
399,64	1538,02
399,86	1449,96
400,07	1490,92
400,29	1513,45
400,50	1466,35
400,72	1540,07
400,93	1454,06
401,14	1558,50
401,36	1527,78
401,57	1507,30
401,79	1560,55
402,00	1495,02
402,22	1454,06
402,43	1546,22
402,65	1507,30
402,86	1449,96
403,08	1556,46
403,29	1472,49
403,51	1521,64
403,72	1517,54
403,94	1427,43
404,15	1566,70
404,36	1527,78
404,58	1767,40
404,79	1521,64
405,01	1509,35
405,22	1509,35
405,44	1443,82
405,65	1591,27
405,87	1558,50
406,08	1562,60
406,30	1437,67
406,51	1515,50
406,72	1439,72
406,94	1552,36
407,15	1523,69
407,37	1572,84
407,58	1546,22
407,80	1540,07
408,01	1488,87
408,23	1507,30
408,44	1445,87
408,65	1507,30
408,87	1533,93
409,08	1574,89
409,30	1419,24
409,51	1476,59
409,73	1427,43
409,94	1513,45
410,15	1540,07
410,37	1482,73
410,58	1511,40
410,80	1572,84
411,01	1486,83
411,23	1466,35
411,44	1404,91
411,65	1609,70
411,87	1435,63
412,08	1566,70
412,30	1599,46
412,51	1480,68
412,72	1568,74
412,94	1542,12
413,15	1443,82
413,37	1433,58
413,58	1413,10
413,79	1538,02
414,01	1527,78
414,22	1533,93
414,44	1490,92
414,65	1560,55
414,86	1417,19
415,08	1445,87
415,29	1517,54
415,51	1454,06
415,72	1472,49
415,93	1503,21
416,15	1468,39
416,36	1562,60
416,58	1492,97
416,79	1495,02
417,00	1595,37
417,22	1556,46
417,43	1468,39
417,65	1562,60
417,86	1632,23
418,07	1544,17
418,29	1460,20
418,50	1648,61
418,71	1452,01
418,93	1445,87
419,14	1456,11
419,36	1447,91
419,57	1429,48
419,78	1560,55
420,00	1439,72
420,21	1513,45
420,42	1527,78
420,64	1576,94
420,85	1505,26
421,06	1593,32
421,28	1497,07
421,49	1538,02
421,71	1558,50
421,92	1484,78
422,13	1478,63
422,35	1591,27
422,56	1515,50
422,77	1427,43
422,99	1527,78
423,20	1468,39
423,41	1468,39
423,63	1501,16
423,84	1482,73
424,05	1564,65
424,27	1415,15
424,48	1568,74
424,69	1472,49
424,91	1830,88
425,12	1521,64
425,33	1597,42
425,55	1558,50
425,76	1429,48
425,97	1499,11
426,19	1509,35
426,40	1476,59
426,61	1615,85
426,83	1550,31
427,04	1591,27
427,25	1505,26
427,47	1583,08
427,68	1558,50
427,89	1529,83
428,11	1499,11
428,32	1574,89
428,53	1542,12
428,75	1521,64
428,96	1558,50
429,17	1484,78
429,39	1558,50
429,60	1492,97
429,81	1628,14
430,03	1482,73
430,24	1505,26
430,45	1535,98
430,67	1554,41
430,88	1531,88
431,09	1458,15
431,30	1535,98
431,52	1480,68
431,73	1460,20
431,94	1550,31
432,16	1488,87
432,37	1509,35
432,58	1529,83
432,80	1509,35
433,01	1527,78
433,22	1419,24
433,43	1476,59
433,65	1490,92
433,86	1449,96
434,07	1415,15
434,29	1509,35
434,50	1513,45
434,71	1474,54
434,92	1550,31
435,14	1595,37
435,35	1523,69
435,56	1447,91
435,77	1468,39
435,99	1486,83
436,20	1431,53
436,41	1527,78
436,63	1497,07
436,84	1542,12
437,05	1460,20
437,26	1492,97
437,48	1538,02
437,69	1517,54
437,90	1443,82
438,11	1538,02
438,33	1488,87
438,54	1564,65
438,75	1533,93
438,96	1607,66
439,18	1460,20
439,39	1538,02
439,60	1503,21
439,82	1574,89
440,03	1558,50
440,24	1613,80
440,45	1464,30
440,67	1484,78
440,88	1585,13
441,09	1540,07
441,30	1460,20
441,51	1583,08
441,73	1515,50
441,94	1480,68
442,15	1591,27
442,36	1609,70
442,58	1519,59
442,79	1468,39
443,00	1406,95
443,21	1619,94
443,43	1507,30
443,64	1503,21
443,85	1544,17
444,06	1562,60
444,28	1611,75
444,49	1417,19
444,70	1472,49
444,91	1581,03
445,12	1556,46
445,34	1535,98
445,55	1556,46
445,76	1505,26
445,97	1468,39
446,18	1509,35
446,40	1576,94
446,61	1482,73
446,82	1542,12
447,03	1585,13
447,25	1570,79
447,46	1517,54
447,67	1587,18
447,88	1525,74
448,09	1544,17
448,31	1667,05
448,52	1556,46
448,73	1568,74
448,94	1540,07
449,15	1583,08
449,37	1546,22
449,58	1523,69
449,79	1597,42
450,00	1742,82
450,21	1488,87
450,43	1587,18
450,64	1550,31
450,85	1583,08
451,06	1593,32
451,27	1630,18
451,48	1615,85
451,70	1525,74
451,91	1554,41
452,12	1636,33
452,33	1644,52
452,54	1601,51
452,76	1665,00
452,97	1576,94
453,18	1546,22
453,39	1609,70
453,60	1662,95
453,81	1513,45
454,03	1617,90
454,24	1581,03
454,45	1542,12
454,66	1648,61
454,87	1654,76
455,08	1681,38
455,30	1640,42
455,51	1656,81
455,72	1607,66
455,93	1669,09
456,14	1697,77
456,35	1603,56
456,56	1650,66
456,78	1638,38
456,99	1693,67
457,20	1605,61
457,41	1589,22
457,62	1730,53
457,83	1734,63
458,04	1621,99
458,26	1601,51
458,47	1660,90
458,68	1640,42
458,89	1648,61
459,10	1589,22
459,31	1630,18
459,52	1701,86
459,74	1636,33
459,95	1669,09
460,16	1578,98
460,37	1701,86
460,58	1677,29
460,79	1652,71
461,00	1703,91
461,21	1665,00
461,43	1640,42
461,64	1644,52
461,85	1724,39
462,06	1589,22
462,27	1585,13
462,48	1581,03
462,69	1724,39
462,90	1587,18
463,12	1636,33
463,33	1601,51
463,54	1677,29
463,75	1677,29
463,96	1613,80
464,17	1722,34
464,38	1740,77
464,59	1665,00
464,80	1703,91
465,01	1665,00
465,23	1705,96
465,44	1671,14
465,65	1695,72
465,86	1701,86
466,07	1683,43
466,28	1695,72
466,49	1693,67
466,70	1683,43
466,91	1730,53
467,12	1648,61
467,33	1716,20
467,55	1726,44
467,76	1705,96
467,97	1677,29
468,18	1718,25
468,39	1632,23
468,60	1816,55
468,81	1773,54
469,02	1767,40
469,23	1716,20
469,44	1724,39
469,65	1693,67
469,86	1837,03
470,07	1783,78
470,29	1843,17
470,50	1791,97
470,71	1685,48
470,92	1757,16
471,13	1822,69
471,34	1859,56
471,55	1794,02
471,76	1810,40
471,97	1787,88
472,18	1718,25
472,39	1863,65
472,60	1826,79
472,81	1849,32
473,02	1765,35
473,23	1824,74
473,44	1808,36
473,65	1804,26
473,87	1820,64
474,08	1898,47
474,29	1701,86
474,50	1812,45
474,71	1773,54
474,92	1798,12
475,13	1845,22
475,34	1935,33
475,55	1824,74
475,76	1849,32
475,97	1957,86
476,18	1867,75
476,39	1890,28
476,60	1939,43
476,81	1927,14
477,02	1851,36
477,23	1877,99
477,44	1939,43
477,65	1800,16
477,86	1898,47
478,07	1988,58
478,28	1986,53
478,49	1923,04
478,70	2007,01
478,91	1882,08
479,12	2043,87
479,33	1986,53
479,54	1964,00
479,75	2013,15
479,96	2074,59
480,17	2011,11
480,38	1982,43
480,59	1912,80
480,80	2072,54
481,01	2080,74
481,22	2052,06
481,43	2021,35
481,64	2074,59
481,85	2047,97
482,06	2062,30
482,27	2164,70
482,48	2123,74
482,69	2156,51
482,90	2082,78
483,11	2242,53
483,32	2111,46
483,53	2090,98
483,74	2158,56
483,95	2109,41
484,16	2150,37
484,37	2125,79
484,58	2189,28
484,79	2287,58
485,00	2256,86
485,21	2189,28
485,42	2269,15
485,63	2289,63
485,84	2224,09
486,05	2277,34
486,26	2240,48
486,47	2363,36
486,68	2303,96
486,89	2344,92
487,10	2281,44
487,31	2461,66
487,52	2439,13
487,73	2383,84
487,94	2326,49
488,15	2387,93
488,36	2475,99
488,57	2447,32
488,77	2367,45
488,98	2482,14
489,19	2637,78
489,40	2498,52
489,61	2379,74
489,82	2482,14
490,03	2629,59
490,24	2389,98
490,45	2457,56
490,66	2633,69
490,87	2609,11
491,08	2590,68
491,29	2490,33
491,50	2551,77
491,71	2400,22
491,92	2588,63
492,13	2439,13
492,33	2432,99
492,54	2514,91
492,75	2607,06
492,96	2582,49
493,17	2633,69
493,38	2512,86
493,59	2570,20
493,80	2650,07
494,01	2740,18
494,22	2668,50
494,43	2654,17
494,64	2754,52
494,85	2701,27
495,05	2598,87
495,26	2762,71
495,47	2664,41
495,68	2744,28
495,89	2580,44
496,10	2705,37
496,31	2652,12
496,52	2717,65
496,73	2643,93
496,94	2652,12
497,15	2688,98
497,35	2627,54
497,56	2695,13
497,77	2803,67
497,98	2656,22
498,19	2688,98
498,40	2723,80
498,61	2742,23
498,82	2555,86
499,03	2715,61
499,23	2635,74
499,44	2791,38
499,65	2674,65
499,86	2621,40
500,07	2668,50
500,28	2729,94
500,49	2635,74
500,70	2813,91
500,91	2613,21
501,11	2748,37
501,32	2590,68
501,53	2811,86
501,74	2846,68
501,95	2701,27
502,16	2584,54
502,37	2789,33
502,57	2777,05
502,78	2842,58
502,99	2656,22
503,20	2889,68
503,41	2754,52
503,62	2924,50
503,83	2920,40
504,03	2736,09
504,24	2893,78
504,45	2830,29
504,66	2889,68
504,87	2953,17
505,08	2815,96
505,29	2994,13
505,49	2967,51
505,70	3160,02
505,91	2789,33
506,12	3074,00
506,33	2930,64
506,54	3090,38
506,75	2983,89
506,95	3096,53
507,16	3039,19
507,37	3041,23
507,58	3082,19
507,79	3291,09
508,00	3129,30
508,20	3217,36
508,41	3037,14
508,62	3313,61
508,83	3170,26
509,04	3160,02
509,24	3235,79
509,45	3702,73
509,66	3227,60
509,87	3405,77
510,08	3241,93
510,29	3452,88
510,49	3309,52
510,70	3547,08
510,91	3307,47
511,12	3583,95
511,33	3315,66
511,53	3368,91
511,74	3399,63
511,95	3430,35
512,16	3436,49
512,37	3659,72
512,57	3434,44
512,78	3549,13
512,99	3375,05
513,20	3768,26
513,41	3569,61
513,61	3592,14
513,82	3330,00
514,03	3608,52
514,24	3516,36
514,45	3686,34
514,65	3479,50
514,86	3563,47
515,07	3436,49
515,28	3622,86
515,49	3434,44
515,69	3639,24
515,90	3438,54
516,11	3661,77
516,32	3534,79
516,52	3727,30
516,73	3559,37
516,94	3704,78
517,15	3399,63
517,36	3600,33
517,56	3432,40
517,77	3485,64
517,98	3528,65
518,19	3643,34
518,39	3348,43
518,60	3567,56
518,81	3454,92
519,02	3489,74
519,22	3389,39
519,43	3710,92
519,64	3286,99
519,85	3344,33
520,05	3301,33
520,26	3467,21
520,47	3229,65
520,68	3473,36
520,88	3332,05
521,09	3373,00
521,30	3094,48
521,51	3332,05
521,71	3141,58
521,92	3274,70
522,13	3170,26
522,34	3293,13
522,54	2873,30
522,75	3272,65
522,96	2877,40
523,17	3196,88
523,37	3067,86
523,58	3057,62
523,79	2836,44
523,99	2957,27
524,20	2680,79
524,41	3065,81
524,62	2731,99
524,82	2848,72
525,03	2758,61
525,24	2953,17
525,45	2570,20
525,65	2686,94
525,86	2639,83
526,07	2734,04
526,27	2486,23
526,48	2703,32
526,69	2656,22
526,90	2660,31
527,10	2639,83
527,31	2680,79
527,52	2545,63
527,72	2594,78
527,93	2383,84
528,14	2492,38
528,34	2469,85
528,55	2367,45
528,76	2414,56
528,97	2506,71
529,17	2332,64
529,38	2480,09
529,59	2267,10
529,79	2400,22
530,00	2228,19
530,21	2275,29
530,41	2136,03
530,62	2250,72
530,83	2363,36
531,03	2287,58
531,24	2181,09
531,45	2234,33
531,65	2146,27
531,86	2146,27
532,07	2066,40
532,27	2117,60
532,48	2097,12
532,69	2176,99
532,89	2007,01
533,10	2084,83
533,31	2074,59
533,51	1976,29
533,72	1976,29
533,93	1955,81
534,13	1929,19
534,34	1941,47
534,55	1837,03
534,75	2011,11
534,96	1953,76
535,17	1976,29
535,37	2027,49
535,58	1902,56
535,79	1841,12
535,99	1871,84
536,20	1839,08
536,41	1869,80
536,61	1794,02
536,82	1898,47
537,03	1841,12
537,23	1798,12
537,44	1753,06
537,64	1751,01
537,85	1794,02
538,06	1949,67
538,26	1818,60
538,47	1871,84
538,68	1638,38
538,88	1751,01
539,09	1765,35
539,30	1673,19
539,50	1726,44
539,71	1765,35
539,91	1685,48
540,12	1796,07
540,33	1730,53
540,53	1699,81
540,74	1810,40
540,94	1734,63
541,15	1650,66
541,36	1724,39
541,56	1677,29
541,77	1757,16
541,98	1650,66
542,18	1757,16
542,39	1724,39
542,59	1736,68
542,80	1619,94
543,01	1687,53
543,21	1650,66
543,42	1689,57
543,62	1691,62
543,83	1482,73
544,04	1587,18
544,24	1611,75
544,45	1599,46
544,65	1699,81
544,86	1662,95
545,06	1630,18
545,27	1615,85
545,48	1615,85
545,68	1578,98
545,89	1619,94
546,09	1540,07
546,30	1617,90
546,51	1708,01
546,71	1597,42
546,92	1488,87
547,12	1576,94
547,33	1558,50
547,53	1583,08
547,74	1535,98
547,95	1632,23
548,15	1589,22
548,36	1628,14
548,56	1548,26
548,77	1564,65
548,97	1521,64
549,18	1519,59
549,39	1605,61
549,59	1554,41
549,80	1554,41
550,00	1523,69
550,21	1535,98
550,41	1574,89
550,62	1449,96
550,82	1638,38
551,03	1482,73
551,23	1593,32
551,44	1607,66
551,65	1548,26
551,85	1492,97
552,06	1515,50
552,26	1515,50
552,47	1443,82
552,67	1495,02
552,88	1499,11
553,08	1497,07
553,29	1554,41
553,49	1507,30
553,70	1482,73
553,90	1599,46
554,11	1443,82
554,32	1542,12
554,52	1542,12
554,73	1474,54
554,93	1505,26
555,14	1501,16
555,34	1525,74
555,55	1525,74
555,75	1503,21
555,96	1435,63
556,16	1484,78
556,37	1581,03
556,57	1351,66
556,78	1454,06
556,98	1486,83
557,19	1581,03
557,39	1464,30
557,60	1554,41
557,80	1443,82
558,01	1499,11
558,21	1431,53
558,42	1527,78
558,62	1505,26
558,83	1550,31
559,03	1415,15
559,24	1437,67
559,44	1538,02
559,65	1468,39
559,85	1449,96
560,06	1443,82
560,26	1507,30
560,47	1486,83
560,67	1478,63
560,88	1486,83
561,08	1497,07
561,29	1540,07
561,49	1406,95
561,70	1452,01
561,90	1470,44
562,10	1521,64
562,31	1460,20
562,51	1390,57
562,72	1378,28
562,92	1470,44
563,13	1574,89
563,33	1482,73
563,54	1452,01
563,74	1558,50
563,95	1425,39
564,15	1492,97
564,36	1472,49
564,56	1427,43
564,76	1533,93
564,97	1499,11
565,17	1464,30
565,38	1462,25
565,58	1466,35
565,79	1445,87
565,99	1517,54
566,20	1409,00
566,40	1456,11
566,60	1556,46
566,81	1568,74
567,01	1527,78
567,22	1462,25
567,42	1427,43
567,63	1490,92
567,83	1466,35
568,04	1460,20
568,24	1476,59
568,44	1447,91
568,65	1486,83
568,85	1544,17
569,06	1458,15
569,26	1462,25
569,47	1474,54
569,67	1464,30
569,87	1429,48
570,08	1439,72
570,28	1480,68
570,49	1443,82
570,69	1533,93
570,89	1531,88
571,10	1460,20
571,30	1476,59
571,51	1509,35
571,71	1472,49
571,91	1521,64
572,12	1519,59
572,32	1449,96
572,53	1482,73
572,73	1503,21
572,93	1488,87
573,14	1425,39
573,34	1497,07
573,55	1415,15
573,75	1437,67
573,95	1550,31
574,16	1406,95
574,36	1523,69
574,57	1509,35
574,77	1396,71
574,97	1474,54
575,18	1421,29
575,38	1462,25
575,59	1509,35
575,79	1333,23
575,99	1495,02
576,20	1447,91
576,40	1439,72
576,60	1464,30
576,81	1406,95
577,01	1538,02
577,22	1523,69
577,42	1517,54
577,62	1429,48
577,83	1425,39
578,03	1468,39
578,23	1443,82
578,44	1415,15
578,64	1501,16
578,84	1501,16
579,05	1394,67
579,25	1519,59
579,45	1486,83
579,66	1431,53
579,86	1456,11
580,07	1470,44
580,27	1445,87
580,47	1388,52
580,68	1392,62
580,88	1480,68
581,08	1409,00
581,29	1443,82
581,49	1386,47
581,69	1492,97
581,90	1433,58
582,10	1417,19
582,30	1474,54
582,51	1462,25
582,71	1396,71
582,91	1409,00
583,12	1423,34
583,32	1464,30
583,52	1370,09
583,73	1445,87
583,93	1404,91
584,13	1435,63
584,34	1443,82
584,54	1392,62
584,74	1439,72
584,94	1533,93
585,15	1578,98
585,35	1544,17
585,55	1482,73
585,76	1376,24
585,96	1423,34
586,16	1478,63
586,37	1351,66
586,57	1437,67
586,77	1390,57
586,98	1437,67
587,18	1431,53
587,38	1413,10
587,58	1462,25
587,79	1390,57
587,99	1433,58
588,19	1449,96
588,40	1433,58
588,60	1517,54
588,80	1490,92
589,00	1464,30
589,21	1454,06
589,41	1505,26
589,61	1431,53
589,82	1456,11
590,02	1411,05
590,22	1429,48
590,42	1468,39
590,63	1490,92
590,83	1472,49
591,03	1476,59
591,23	1468,39
591,44	1509,35
591,64	1484,78
591,84	1351,66
592,05	1478,63
592,25	1427,43
592,45	1456,11
592,65	1499,11
592,86	1345,52
593,06	1445,87
593,26	1406,95
593,46	1406,95
593,67	1376,24
593,87	1480,68
594,07	1361,90
594,27	1439,72
594,48	1513,45
594,68	1396,71
594,88	1431,53
595,08	1423,34
595,29	1470,44
595,49	1511,40
595,69	1445,87
595,89	1376,24
596,10	1423,34
596,30	1449,96
596,50	1447,91
596,70	1454,06
596,90	1390,57
597,11	1454,06
597,31	1406,95
597,51	1370,09
597,71	1431,53
597,92	1533,93
598,12	1439,72
598,32	1462,25
598,52	1390,57
598,72	1357,80
598,93	1468,39
599,13	1578,98
599,33	1476,59
599,53	1460,20
599,74	1411,05
599,94	1452,01
600,14	1402,86
600,34	1398,76
600,54	1527,78
600,75	1435,63
600,95	1462,25
601,15	1546,22
601,35	1402,86
601,55	1429,48
601,76	1447,91
601,96	1531,88
602,16	1433,58
602,36	1503,21
602,56	1447,91
602,76	1458,15
602,97	1480,68
603,17	1406,95
603,37	1458,15
603,57	1486,83
603,77	1482,73
603,98	1468,39
604,18	1429,48
604,38	1447,91
604,58	1404,91
604,78	1435,63
604,98	1415,15
605,19	1411,05
605,39	1378,28
605,59	1513,45
605,79	1529,83
605,99	1476,59
606,19	1396,71
606,40	1495,02
606,60	1456,11
606,80	1423,34
607,00	1529,83
607,20	1476,59
607,40	1382,38
607,61	1398,76
607,81	1433,58
608,01	1466,35
608,21	1538,02
608,41	1452,01
608,61	1501,16
608,81	1437,67
609,02	1361,90
609,22	1480,68
609,42	1468,39
609,62	1388,52
609,82	1525,74
610,02	1439,72
610,22	1515,50
610,43	1484,78
610,63	1447,91
610,83	1427,43
611,03	1507,30
611,23	1472,49
611,43	1527,78
611,63	1398,76
611,83	1345,52
612,04	1449,96
612,24	1521,64
612,44	1492,97
612,64	1384,43
612,84	1443,82
613,04	1404,91
613,24	1488,87
613,44	1468,39
613,64	1419,24
613,85	1507,30
614,05	1468,39
614,25	1425,39
614,45	1421,29
614,65	1472,49
614,85	1357,80
615,05	1394,67
615,25	1488,87
615,45	1454,06
615,65	1476,59
615,86	1458,15
616,06	1495,02
616,26	1507,30
616,46	1466,35
616,66	1454,06
616,86	1468,39
617,06	1368,04
617,26	1515,50
617,46	1370,09
617,66	1488,87
617,86	1466,35
618,07	1394,67
618,27	1501,16
618,47	1376,24
618,67	1550,31
618,87	1380,33
619,07	1478,63
619,27	1472,49
619,47	1415,15
619,67	1558,50
619,87	1396,71
620,07	1435,63
620,27	1439,72
620,47	1425,39
620,67	1447,91
620,87	1411,05
621,07	1456,11
621,28	1447,91
621,48	1349,61
621,68	1443,82
621,88	1437,67
622,08	1435,63
622,28	1505,26
622,48	1460,20
622,68	1458,15
622,88	1521,64
623,08	1449,96
623,28	1505,26
623,48	1423,34
623,68	1417,19
623,88	1378,28
624,08	1535,98
624,28	1384,43
624,48	1499,11
624,68	1394,67
624,88	1421,29
625,08	1429,48
625,28	1386,47
625,48	1505,26
625,68	1404,91
625,88	1458,15
626,08	1454,06
626,28	1538,02
626,48	1411,05
626,68	1404,91
626,88	1458,15
627,08	1419,24
627,28	1540,07
627,48	1419,24
627,68	1488,87
627,88	1423,34
628,08	1437,67
628,28	1464,30
628,49	1447,91
628,68	1423,34
628,88	1464,30
629,08	1333,23
629,28	1550,31
629,48	1335,28
629,68	1472,49
629,88	1468,39
630,08	1460,20
630,28	1462,25
630,48	1439,72
630,68	1423,34
630,88	1417,19
631,08	1402,86
631,28	1488,87
631,48	1458,15
631,68	1392,62
631,88	1429,48
632,08	1495,02
632,28	1507,30
632,48	1423,34
632,68	1443,82
632,88	1431,53
633,08	1509,35
633,28	1423,34
633,48	1449,96
633,68	1452,01
633,88	1550,31
634,08	1505,26
634,28	1470,44
634,48	1519,59
634,68	1470,44
634,88	1439,72
635,08	1429,48
635,28	1456,11
635,48	1439,72
635,68	1470,44
635,87	1437,67
636,07	1497,07
636,27	1349,61
636,47	1482,73
636,67	1482,73
636,87	1529,83
637,07	1513,45
637,27	1480,68
637,47	1484,78
637,67	1505,26
637,87	1406,95
638,07	1521,64
638,27	1396,71
638,47	1495,02
638,67	1439,72
638,86	1460,20
639,06	1449,96
639,26	1472,49
639,46	1413,10
639,66	1511,40
639,86	1452,01
640,06	1431,53
640,26	1486,83
640,46	1415,15
640,66	1488,87
640,86	1423,34
641,06	1472,49
641,25	1454,06
641,45	1468,39
641,65	1394,67
641,85	1486,83
642,05	1474,54
642,25	1445,87
642,45	1472,49
642,65	1398,76
642,85	1423,34
643,05	1435,63
643,24	1480,68
643,44	1472,49
643,64	1499,11
643,84	1378,28
644,04	1488,87
644,24	1497,07
644,44	1380,33
644,64	1433,58
644,84	1419,24
645,03	1411,05
645,23	1462,25
645,43	1427,43
645,63	1499,11
645,83	1425,39
646,03	1423,34
646,23	1460,20
646,42	1531,88
646,62	1464,30
646,82	1468,39
647,02	1443,82
647,22	1447,91
647,42	1413,10
647,62	1384,43
647,82	1472,49
648,01	1605,61
648,21	1366,00
648,41	1470,44
648,61	1556,46
648,81	1472,49
649,01	1449,96
649,20	1355,76
649,40	1456,11
649,60	1454,06
649,80	1460,20
650,00	1458,15
650,20	1490,92
650,40	1542,12
650,59	1474,54
650,79	1445,87
650,99	1499,11
651,19	1384,43
651,39	1505,26
651,58	1462,25
651,78	1435,63
651,98	1527,78
652,18	1462,25
652,38	1466,35
652,58	1435,63
652,77	1396,71
652,97	1562,60
653,17	1484,78
653,37	1480,68
653,57	1531,88
653,77	1462,25
653,96	1396,71
654,16	1429,48
654,36	1423,34
654,56	1452,01
654,76	1507,30
654,95	1474,54
655,15	1406,95
655,35	1482,73
655,55	1531,88
655,75	1513,45
655,94	1447,91
656,14	1435,63
656,34	1458,15
656,54	1368,04
656,73	1527,78
656,93	1492,97
657,13	1425,39
657,33	1517,54
657,53	1472,49
657,72	1492,97
657,92	1441,77
658,12	1462,25
658,32	1468,39
658,52	1357,80
658,71	1406,95
658,91	1349,61
659,11	1372,14
659,31	1513,45
659,50	1462,25
659,70	1431,53
659,90	1558,50
660,10	1370,09
660,29	1460,20
660,49	1437,67
660,69	1454,06
660,89	1540,07
661,08	1519,59
661,28	1411,05
661,48	1452,01
661,68	1507,30
661,87	1464,30
662,07	1480,68
662,27	1478,63
662,47	1458,15
662,66	1431,53
662,86	1398,76
663,06	1474,54
663,26	1339,37
663,45	1468,39
663,65	1452,01
663,85	1439,72
664,05	1509,35
664,24	1411,05
664,44	1353,71
664,64	1478,63
664,84	1456,11
665,03	1511,40
665,23	1472,49
665,43	1501,16
665,62	1390,57
665,82	1409,00
666,02	1411,05
666,22	1439,72
666,41	1417,19
666,61	1404,91
666,81	1515,50
667,00	1449,96
667,20	1353,71
667,40	1411,05
667,60	1474,54
667,79	1458,15
667,99	1406,95
668,19	1460,20
668,38	1435,63
668,58	1458,15
668,78	1437,67
668,97	1501,16
669,17	1435,63
669,37	1511,40
669,57	1503,21
669,76	1425,39
669,96	1542,12
670,16	1417,19
670,35	1454,06
670,55	1466,35
670,75	1411,05
670,94	1497,07
671,14	1429,48
671,34	1441,77
671,53	1472,49
671,73	1443,82
671,93	1484,78
672,12	1474,54
672,32	1441,77
672,52	1521,64
672,71	1439,72
672,91	1423,34
673,11	1460,20
673,30	1505,26
673,50	1349,61
673,70	1443,82
673,89	1439,72
674,09	1497,07
674,29	1382,38
674,48	1359,85
674,68	1464,30
674,88	1619,94
675,07	1499,11
675,27	1429,48
675,46	1386,47
675,66	1411,05
675,86	1443,82
676,05	1454,06
676,25	1443,82
676,45	1468,39
676,64	1452,01
676,84	1497,07
677,04	1445,87
677,23	1492,97
677,43	1484,78
677,62	1488,87
677,82	1427,43
678,02	1431,53
678,21	1439,72
678,41	1591,27
678,61	1394,67
678,80	1490,92
679,00	1468,39
679,19	1472,49
679,39	1529,83
679,59	1456,11
679,78	1456,11
679,98	1341,42
680,17	1464,30
680,37	1521,64
680,57	1406,95
680,76	1538,02
680,96	1435,63
681,16	1419,24
681,35	1374,19
681,55	1527,78
681,74	1501,16
681,94	1394,67
682,13	1341,42
682,33	1505,26
682,53	1357,80
682,72	1439,72
682,92	1394,67
683,11	1419,24
683,31	1419,24
683,51	1411,05
683,70	1452,01
683,90	1464,30
684,09	1535,98
684,29	1507,30
684,48	1415,15
684,68	1466,35
684,88	1445,87
685,07	1449,96
685,27	1540,07
685,46	1441,77
685,66	1396,71
685,85	1533,93
686,05	1538,02
686,25	1400,81
686,44	1429,48
686,64	1482,73
686,83	1388,52
687,03	1556,46
687,22	1464,30
687,42	1423,34
687,61	1490,92
687,81	1431,53
688,01	1515,50
688,20	1452,01
688,40	1335,28
688,59	1476,59
688,79	1447,91
688,98	1456,11
689,18	1476,59
689,37	1390,57
689,57	1478,63
689,76	1452,01
689,96	1443,82
690,15	1449,96
690,35	1411,05
690,54	1527,78
690,74	1431,53
690,94	1423,34
691,13	1488,87
691,33	1492,97
691,52	1501,16
691,72	1497,07
691,91	1464,30
692,11	1421,29
692,30	1460,20
692,50	1495,02
692,69	1431,53
692,89	1449,96
693,08	1347,56
693,28	1507,30
693,47	1433,58
693,67	1525,74
693,86	1366,00
694,06	1511,40
694,25	1411,05
694,45	1462,25
694,64	1394,67
694,84	1538,02
695,03	1511,40
695,23	1378,28
695,42	1409,00
695,62	1415,15
695,81	1474,54
696,01	1435,63
696,20	1382,38
696,40	1384,43
696,59	1390,57
696,78	1394,67
696,98	1507,30
697,17	1476,59
697,37	1460,20
697,56	1404,91
697,76	1466,35
697,95	1501,16
698,15	1488,87
698,34	1443,82
698,54	1525,74
698,73	1550,31
698,93	1466,35
699,12	1366,00
699,32	1413,10
699,51	1402,86
699,70	1409,00
699,90	1488,87
700,09	1488,87
700,29	1478,63
700,48	1468,39
700,68	1400,81
700,87	1396,71
701,07	1425,39
701,26	1492,97
701,45	1370,09
701,65	1343,47
701,84	1378,28
702,04	1464,30
702,23	1445,87
702,43	1478,63
702,62	1501,16
702,81	1400,81
703,01	1478,63
703,20	1560,55
703,40	1556,46
703,59	1458,15
703,79	1437,67
703,98	1423,34
704,17	1427,43
704,37	1394,67
704,56	1486,83
704,76	1437,67
704,95	1392,62
705,14	1415,15
705,34	1429,48
705,53	1454,06
705,73	1396,71
705,92	1415,15
706,11	1449,96
706,31	1359,85
706,50	1476,59
706,70	1409,00
706,89	1452,01
707,08	1427,43
707,28	1478,63
707,47	1300,46
707,67	1417,19
707,86	1443,82
708,05	1429,48
708,25	1370,09
708,44	1384,43
708,64	1339,37
708,83	1347,56
709,02	1449,96
709,22	1470,44
709,41	1462,25
709,60	1476,59
709,80	1464,30
709,99	1355,76
710,19	1361,90
710,38	1445,87
710,57	1359,85
710,77	1372,14
710,96	1411,05
711,15	1499,11
711,35	1349,61
711,54	1421,29
711,73	1400,81
711,93	1370,09
712,12	1413,10
712,31	1413,10
712,51	1402,86
712,70	1449,96
712,89	1386,47
713,09	1413,10
713,28	1388,52
713,48	1458,15
713,67	1394,67
713,86	1390,57
714,06	1376,24
714,25	1406,95
714,44	1415,15
714,64	1488,87
714,83	1378,28
715,02	1443,82
715,22	1406,95
715,41	1363,95
715,60	1318,89
715,79	1386,47
715,99	1488,87
716,18	1447,91
716,37	1419,24
716,57	1503,21
716,76	1505,26
716,95	1427,43
717,15	1464,30
717,34	1423,34
717,53	1443,82
717,73	1447,91
717,92	1349,61
718,11	1378,28
718,31	1341,42
718,50	1480,68
718,69	1363,95
718,88	1511,40
719,08	1366,00
719,27	1374,19
719,46	1423,34
719,66	1402,86
719,85	1290,22
720,04	1472,49
720,23	1417,19
720,43	1376,24
720,62	1400,81
720,81	1290,22
721,01	1423,34
721,20	1486,83
721,39	1443,82
721,58	1390,57
721,78	1484,78
721,97	1382,38
722,16	1417,19
722,35	1398,76
722,55	1421,29
722,74	1425,39
722,93	1402,86
723,13	1433,58
723,32	1378,28
723,51	1288,17
723,70	1409,00
723,90	1320,94
724,09	1452,01
724,28	1404,91
724,47	1363,95
724,67	1406,95
724,86	1462,25
725,05	1366,00
725,24	1386,47
725,44	1433,58
725,63	1308,65
725,82	1327,08
726,01	1329,13
726,21	1515,50
726,40	1452,01
726,59	1476,59
726,78	1308,65
726,97	1435,63
727,17	1415,15
727,36	1474,54
727,55	1384,43
727,74	1394,67
727,94	1353,71
728,13	1470,44
728,32	1376,24
728,51	1392,62
728,70	1386,47
728,90	1443,82
729,09	1419,24
729,28	1413,10
729,47	1398,76
729,66	1376,24
729,86	1511,40
730,05	1388,52
730,24	1398,76
730,43	1431,53
730,63	1382,38
730,82	1499,11
731,01	1384,43
731,20	1384,43
731,39	1466,35
731,58	1462,25
731,78	1507,30
731,97	1417,19
732,16	1402,86
732,35	1435,63
732,54	1470,44
732,74	1449,96
732,93	1402,86
733,12	1427,43
733,31	1421,29
733,50	1421,29
733,69	1380,33
733,89	1554,41
734,08	1513,45
734,27	1400,81
734,46	1447,91
734,65	1406,95
734,84	1439,72
735,04	1413,10
735,23	1318,89
735,42	1357,80
735,61	1363,95
735,80	1529,83
735,99	1417,19
736,19	1413,10
736,38	1423,34
736,57	1443,82
736,76	1325,04
736,95	1431,53
737,14	1433,58
737,33	1406,95
737,53	1519,59
737,72	1349,61
737,91	1357,80
738,10	1480,68
738,29	1464,30
738,48	1384,43
738,67	1413,10
738,87	1470,44
739,06	1413,10
739,25	1363,95
739,44	1382,38
739,63	1460,20
739,82	1347,56
740,01	1331,18
740,20	1423,34
740,40	1366,00
740,59	1437,67
740,78	1308,65
740,97	1425,39
741,16	1445,87
741,35	1470,44
741,54	1499,11
741,73	1439,72
741,92	1406,95
742,12	1447,91
742,31	1419,24
742,50	1468,39
742,69	1382,38
742,88	1435,63
743,07	1349,61
743,26	1413,10
743,45	1464,30
743,64	1409,00
743,83	1466,35
744,02	1415,15
744,22	1419,24
744,41	1431,53
744,60	1423,34
744,79	1421,29
744,98	1503,21
745,17	1396,71
745,36	1406,95
745,55	1466,35
745,74	1366,00
745,93	1396,71
746,12	1329,13
746,31	1349,61
746,50	1503,21
746,70	1339,37
746,89	1466,35
747,08	1359,85
747,27	1376,24
747,46	1353,71
747,65	1427,43
747,84	1492,97
748,03	1390,57
748,22	1396,71
748,41	1517,54
748,60	1419,24
748,79	1402,86
748,98	1402,86
749,17	1437,67
749,36	1443,82
749,55	1406,95
749,74	1382,38
749,93	1482,73
750,12	1425,39
750,31	1452,01
750,50	1495,02
750,70	1437,67
750,89	1499,11
751,08	1533,93
751,27	1427,43
751,46	1409,00
751,65	1398,76
751,84	1415,15
752,03	1357,80
752,22	1406,95
752,41	1396,71
752,60	1435,63
752,79	1527,78
752,98	1388,52
753,17	1456,11
753,36	1464,30
753,55	1468,39
753,74	1417,19
753,93	1507,30
754,12	1413,10
754,31	1431,53
754,50	1474,54
754,69	1480,68
754,88	1394,67
755,07	1392,62
755,26	1464,30
755,45	1374,19
755,64	1419,24
755,83	1511,40
756,02	1411,05
756,21	1392,62
756,40	1499,11
756,59	1333,23
756,78	1427,43
756,97	1529,83
757,16	1509,35
757,35	1499,11
757,54	1466,35
757,72	1497,07
757,91	1417,19
758,10	1474,54
758,29	1466,35
758,48	1421,29
758,67	1439,72
758,86	1435,63
759,05	1386,47
759,24	1433,58
759,43	1480,68
759,62	1380,33
759,81	1398,76
760,00	1552,36
760,19	1452,01
760,38	1544,17
760,57	1409,00
760,76	1411,05
760,95	1462,25
761,14	1413,10
761,33	1361,90
761,52	1337,32
761,70	1441,77
761,89	1441,77
762,08	1505,26
762,27	1351,66
762,46	1492,97
762,65	1495,02
762,84	1468,39
763,03	1517,54
763,22	1439,72
763,41	1574,89
763,60	1415,15
763,79	1435,63
763,98	1476,59
764,16	1449,96
764,35	1484,78
764,54	1462,25
764,73	1351,66
764,92	1462,25
765,11	1644,52
765,30	1482,73
765,49	1417,19
765,68	1464,30
765,87	1556,46
766,06	1490,92
766,24	1409,00
766,43	1415,15
766,62	1374,19
766,81	1396,71
767,00	1574,89
767,19	1460,20
767,38	1488,87
767,57	1290,22
767,76	1421,29
767,94	1560,55
768,13	1488,87
768,32	1523,69
768,51	1464,30
768,70	1472,49
768,89	1546,22
769,08	1542,12
769,27	1476,59
769,45	1435,63
769,64	1523,69
769,83	1370,09
770,02	1376,24
770,21	1445,87
770,40	1583,08
770,59	1443,82
770,77	1468,39
770,96	1495,02
771,15	1456,11
771,34	1466,35
771,53	1527,78
771,72	1458,15
771,91	1456,11
772,09	1503,21
772,28	1452,01
772,47	1476,59
772,66	1538,02
772,85	1445,87
773,04	1486,83
773,22	1460,20
773,41	1445,87
773,60	1464,30
773,79	1409,00
773,98	1488,87
774,17	1499,11
774,35	1452,01
774,54	1439,72
774,73	1576,94
774,92	1474,54
775,11	1398,76
775,30	1509,35
775,48	1437,67
775,67	1495,02
775,86	1409,00
776,05	1566,70
776,24	1503,21
776,42	1538,02
776,61	1429,48
776,80	1462,25
776,99	1521,64
777,18	1517,54
777,36	1480,68
777,55	1417,19
777,74	1562,60
777,93	1490,92
778,12	1406,95
778,30	1511,40
778,49	1456,11
778,68	1513,45
778,87	1540,07
779,06	1529,83
779,24	1456,11
779,43	1478,63
779,62	1531,88
779,81	1486,83
779,99	1413,10
780,18	1476,59
780,37	1476,59
780,56	1464,30
780,75	1462,25
780,93	1554,41
781,12	1462,25
781,31	1499,11
781,50	1540,07
781,68	1382,38
781,87	1400,81
782,06	1427,43
782,25	1423,34
782,43	1495,02
782,62	1456,11
782,81	1431,53
783,00	1409,00
783,18	1394,67
783,37	1443,82
783,56	1550,31
783,75	1552,36
783,93	1474,54
784,12	1392,62
784,31	1601,51
784,50	1425,39
784,68	1484,78
784,87	1398,76
785,06	1527,78
785,24	1386,47
785,43	1581,03
785,62	1429,48
785,81	1464,30
785,99	1435,63
786,18	1443,82
786,37	1472,49
786,56	1472,49
786,74	1501,16
786,93	1441,77
787,12	1443,82
787,30	1431,53
787,49	1480,68
787,68	1429,48
787,87	1449,96
788,05	1402,86
788,24	1400,81
788,43	1478,63
788,61	1492,97
788,80	1439,72
788,99	1423,34
789,17	1441,77
789,36	1445,87
789,55	1462,25
789,73	1439,72
789,92	1380,33
790,11	1419,24
790,30	1470,44
790,48	1343,47
790,67	1458,15
790,86	1447,91
791,04	1460,20
791,23	1449,96
791,42	1495,02
791,60	1310,70
791,79	1511,40
791,98	1325,04
792,16	1470,44
792,35	1415,15
792,54	1492,97
792,72	1517,54
792,91	1466,35
793,10	1396,71
793,28	1429,48
793,47	1497,07
793,66	1411,05
793,84	1476,59
794,03	1421,29
794,22	1378,28
794,40	1501,16
794,59	1452,01
794,77	1388,52
794,96	1406,95
795,15	1431,53
795,33	1415,15
795,52	1437,67
795,71	1382,38
795,89	1409,00
796,08	1370,09
796,27	1431,53
796,45	1366,00
796,64	1470,44
796,82	1341,42
797,01	1353,71
797,20	1423,34
797,38	1409,00
797,57	1366,00
797,76	1482,73
797,94	1495,02
798,13	1501,16
798,31	1472,49
798,50	1388,52
798,69	1523,69
798,87	1443,82
799,06	1472,49
799,24	1366,00
799,43	1517,54
799,62	1339,37
799,80	1400,81
799,99	1478,63
800,17	1396,71
800,36	1425,39
800,55	1411,05
800,73	1458,15
800,92	1355,76
801,10	1431,53
801,29	1435,63
801,48	1472,49
801,66	1435,63
801,85	1421,29
802,03	1421,29
802,22	1503,21
802,40	1402,86
802,59	1441,77
802,78	1331,18
802,96	1421,29
803,15	1462,25
803,33	1505,26
803,52	1470,44
803,70	1402,86
803,89	1476,59
804,08	1423,34
804,26	1435,63
804,45	1449,96
804,63	1462,25
804,82	1445,87
805,00	1386,47
805,19	1357,80
805,37	1394,67
805,56	1431,53
805,74	1417,19
805,93	1402,86
806,12	1486,83
806,30	1359,85
806,49	1431,53
806,67	1482,73
806,86	1409,00
807,04	1454,06
807,23	1486,83
807,41	1374,19
807,60	1454,06
807,78	1419,24
807,97	1804,26
808,15	1409,00
808,34	1322,99
808,52	1482,73
808,71	1392,62
808,89	1439,72
809,08	1447,91
809,27	1464,30
809,45	1419,24
809,64	1456,11
809,82	1449,96
810,01	1376,24
810,19	1394,67
810,38	1396,71
810,56	1411,05
810,75	1409,00
810,93	1359,85
811,12	1398,76
811,30	1529,83
811,49	1415,15
811,67	1521,64
811,85	1372,14
812,04	1400,81
812,22	1449,96
812,41	1480,68
812,59	1417,19
812,78	1396,71
812,96	1382,38
813,15	1421,29
813,33	1437,67
813,52	1429,48
813,70	1482,73
813,89	1386,47
814,07	1384,43
814,26	1419,24
814,44	1380,33
814,63	1368,04
814,81	1394,67
815,00	1370,09
815,18	1476,59
815,36	1439,72
815,55	1415,15
815,73	1423,34
815,92	1429,48
816,10	1478,63
816,29	1468,39
816,47	1413,10
816,66	1435,63
816,84	1484,78
817,02	1380,33
817,21	1445,87
817,39	1460,20
817,58	1316,84
817,76	1378,28
817,95	1460,20
818,13	1355,76
818,32	1374,19
818,50	1437,67
818,68	1359,85
818,87	1435,63
819,05	1402,86
819,24	1404,91
819,42	1470,44
819,60	1482,73
819,79	1376,24
819,97	1449,96
820,16	1378,28
820,34	1439,72
820,53	1404,91
820,71	1415,15
820,89	1519,59
821,08	1447,91
821,26	1470,44
821,45	1392,62
821,63	1462,25
821,81	1347,56
822,00	1370,09
822,18	1472,49
822,37	1503,21
822,55	1443,82
822,73	1454,06
822,92	1429,48
823,10	1363,95
823,28	1423,34
823,47	1490,92
823,65	1435,63
823,84	1390,57
824,02	1478,63
824,20	1439,72
824,39	1417,19
824,57	1466,35
824,75	1478,63
824,94	1478,63
825,12	1615,85
825,31	1443,82
825,49	1433,58
825,67	1476,59
825,86	1480,68
826,04	1525,74
826,22	1546,22
826,41	1576,94
826,59	1409,00
826,77	1466,35
826,96	1454,06
827,14	1406,95
827,32	1488,87
827,51	1439,72
827,69	1472,49
827,87	1411,05
828,06	1511,40
828,24	1433,58
828,42	1427,43
828,61	1484,78
828,79	1386,47
828,97	1443,82
829,16	1519,59
829,34	1433,58
829,52	1488,87
829,71	1581,03
829,89	1419,24
830,07	1462,25
830,26	1474,54
830,44	1415,15
830,62	1515,50
830,81	1488,87
830,99	1429,48
831,17	1488,87
831,36	1427,43
831,54	1501,16
831,72	1570,79
831,91	1529,83
832,09	1443,82
832,27	1378,28
832,45	1425,39
832,64	1437,67
832,82	1417,19
833,00	1435,63
833,19	1445,87
833,37	1497,07
833,55	1497,07
833,73	1406,95
833,92	1445,87
834,10	1411,05
834,28	1482,73
834,47	1511,40
834,65	1548,26
834,83	1503,21
835,01	1488,87
835,20	1398,76
835,38	1474,54
835,56	1499,11
835,74	1480,68
835,93	1398,76
836,11	1515,50
836,29	1415,15
836,47	1548,26
836,66	1413,10
836,84	1435,63
837,02	1417,19
837,21	1521,64
837,39	1472,49
837,57	1497,07
837,75	1464,30
837,94	1476,59
838,12	1480,68
838,30	1495,02
838,48	1443,82
838,66	1406,95
838,85	1554,41
839,03	1495,02
839,21	1363,95
839,39	1363,95
839,58	1447,91
839,76	1519,59
839,94	1515,50
840,12	1548,26
840,31	1470,44
840,49	1470,44
840,67	1417,19
840,85	1460,20
841,03	1376,24
841,22	1492,97
841,40	1441,77
841,58	1525,74
841,76	1374,19
841,94	1472,49
842,13	1546,22
842,31	1548,26
842,49	1478,63
842,67	1425,39
842,85	1429,48
843,04	1470,44
843,22	1464,30
843,40	1454,06
843,58	1497,07
843,76	1533,93
843,95	1527,78
844,13	1478,63
844,31	1460,20
844,49	1445,87
844,67	1460,20
844,86	1464,30
845,04	1449,96
845,22	1368,04
845,40	1427,43
845,58	1484,78
845,76	1435,63
845,95	1482,73
846,13	1462,25
846,31	1509,35
846,49	1443,82
846,67	1454,06
846,85	1435,63
847,04	1429,48
847,22	1427,43
847,40	1456,11
847,58	1413,10
847,76	1431,53
847,94	1431,53
848,12	1501,16
848,31	1421,29
848,49	1396,71
848,67	1507,30
848,85	1497,07
849,03	1523,69
849,21	1527,78
849,39	1378,28
849,58	1378,28
849,76	1468,39
849,94	1394,67
850,12	1413,10
850,30	1488,87
850,48	1452,01
850,66	1511,40
850,84	1478,63
851,03	1556,46
851,21	1511,40
851,39	1464,30
851,57	1472,49
851,75	1462,25
851,93	1425,39
852,11	1464,30
852,29	1480,68
852,47	1507,30
852,66	1546,22
852,84	1480,68
853,02	1413,10
853,20	1546,22
853,38	1525,74
853,56	1533,93
853,74	1406,95
853,92	1476,59
854,10	1425,39
854,28	1368,04
854,46	1404,91
854,65	1490,92
854,83	1452,01
855,01	1570,79
855,19	1447,91
855,37	1531,88
855,55	1515,50
855,73	1519,59
855,91	1488,87
856,09	1482,73
856,27	1517,54
856,45	1488,87
856,63	1456,11
856,81	1439,72
857,00	1525,74
857,18	1462,25
857,36	1378,28
857,54	1513,45
857,72	1492,97
857,90	1484,78
858,08	1535,98
858,26	1499,11
858,44	1486,83
858,62	1452,01
858,80	1517,54
858,98	1492,97
859,16	1415,15
859,34	1435,63
859,52	1583,08
859,70	1552,36
859,88	1427,43
860,06	1417,19
860,24	1542,12
860,42	1445,87
860,60	1495,02
860,78	1509,35
860,96	1419,24
861,14	1419,24
861,32	1482,73
861,50	1482,73
861,69	1486,83
861,87	1445,87
862,05	1492,97
862,23	1406,95
862,41	1482,73
862,59	1484,78
862,77	1495,02
862,95	1488,87
863,13	1503,21
863,31	1499,11
863,49	1472,49
863,67	1486,83
863,85	1388,52
864,03	1454,06
864,21	1458,15
864,39	1480,68
864,57	1429,48
864,75	1593,32
864,92	1503,21
865,10	1572,84
865,28	1415,15
865,46	1429,48
865,64	1456,11
865,82	1484,78
866,00	1433,58
866,18	1501,16
866,36	1421,29
866,54	1519,59
866,72	1495,02
866,90	1503,21
867,08	1540,07
867,26	1404,91
867,44	1439,72
867,62	1484,78
867,80	1445,87
867,98	1480,68
868,16	1501,16
868,34	1433,58
868,52	1468,39
868,70	1527,78
868,88	1445,87
869,06	1486,83
869,24	1378,28
869,42	1490,92
869,59	1505,26
869,77	1490,92
869,95	1460,20
870,13	1486,83
870,31	1472,49
870,49	1523,69
870,67	1398,76
870,85	1456,11
871,03	1540,07
871,21	1509,35
871,39	1472,49
871,57	1519,59
871,75	1460,20
871,92	1501,16
872,10	1535,98
872,28	1376,24
872,46	1456,11
872,64	1460,20
872,82	1531,88
873,00	1445,87
873,18	1452,01
873,36	1492,97
873,54	1404,91
873,72	1464,30
873,89	1437,67
874,07	1454,06
874,25	1476,59
874,43	1558,50
874,61	1460,20
874,79	1544,17
874,97	1439,72
875,15	1509,35
875,33	1447,91
875,50	1525,74
875,68	1495,02
875,86	1529,83
876,04	1423,34
876,22	1501,16
876,40	1486,83
876,58	1525,74
876,76	1540,07
876,93	1525,74
877,11	1404,91
877,29	1411,05
877,47	1458,15
877,65	1406,95
877,83	1476,59
878,01	1462,25
878,18	1404,91
878,36	1454,06
878,54	1382,38
878,72	1482,73
878,90	1472,49
879,08	1515,50
879,25	1458,15
879,43	1507,30
879,61	1427,43
879,79	1468,39
879,97	1480,68
880,15	1468,39
880,32	1437,67
880,50	1464,30
880,68	1535,98
880,86	1497,07
881,04	1480,68
881,22	1435,63
881,39	1474,54
881,57	1558,50
881,75	1499,11
881,93	1570,79
882,11	1511,40
882,28	1449,96
882,46	1468,39
882,64	1437,67
882,82	1372,14
883,00	1560,55
883,18	1531,88
883,35	1462,25
883,53	1452,01
883,71	1517,54
883,89	1439,72
884,07	1417,19
884,24	1490,92
884,42	1492,97
884,60	1492,97
884,78	1452,01
884,95	1445,87
885,13	1431,53
885,31	1517,54
885,49	1499,11
885,67	1488,87
885,84	1517,54
886,02	1486,83
886,20	1462,25
886,38	1443,82
886,55	1452,01
886,73	1472,49
886,91	1433,58
887,09	1425,39
887,26	1486,83
887,44	1456,11
887,62	1501,16
887,80	1417,19
887,98	1525,74
888,15	1495,02
888,33	1454,06
888,51	1456,11
888,69	1513,45
888,86	1445,87
889,04	1466,35
889,22	1437,67
889,39	1447,91
889,57	1492,97
889,75	1409,00
889,93	1546,22
890,10	1464,30
890,28	1384,43
890,46	1564,65
890,64	1611,75
890,81	1466,35
890,99	1482,73
891,17	1458,15
891,34	1447,91
891,52	1441,77
891,70	1486,83
891,88	1462,25
892,05	1466,35
892,23	1529,83
892,41	1425,39
892,58	1458,15
892,76	1488,87
892,94	1413,10
893,12	1441,77
893,29	1484,78
893,47	1482,73
893,65	1454,06
893,82	1499,11
894,00	1415,15
894,18	1441,77
894,35	1458,15
894,53	1472,49
894,71	1484,78
894,89	1386,47
895,06	1462,25
895,24	1433,58
895,42	1411,05
895,59	1439,72
895,77	1439,72
895,95	1406,95
896,12	1443,82
896,30	1435,63
896,48	1380,33
896,65	1435,63
896,83	1437,67
897,01	1429,48
897,18	1513,45
897,36	1515,50
897,54	1521,64
897,71	1417,19
897,89	1503,21
898,07	1372,14
898,24	1468,39
898,42	1431,53
898,59	1445,87
898,77	1433,58
898,95	1441,77
899,12	1449,96
899,30	1368,04
899,48	1396,71
899,65	1456,11
899,83	1413,10
900,01	1390,57
900,18	1464,30
900,36	1411,05
900,53	1472,49
900,71	1376,24
900,89	1558,50
901,06	1499,11
901,24	1394,67
901,42	1462,25
901,59	1417,19
901,77	1515,50
901,94	1531,88
902,12	1419,24
902,30	1460,20
902,47	1439,72
902,65	1353,71
902,82	1445,87
903,00	1478,63
903,18	1429,48
903,35	1376,24
903,53	1431,53
903,70	1497,07
903,88	1464,30
904,06	1439,72
904,23	1525,74
904,41	1454,06
904,58	1521,64
904,76	1376,24
904,93	1394,67
905,11	1398,76
905,29	1497,07
905,46	1339,37
905,64	1531,88
905,81	1464,30
905,99	1456,11
906,16	1429,48
906,34	1478,63
906,52	1366,00
906,69	1495,02
906,87	1478,63
907,04	1402,86
907,22	1443,82
907,39	1476,59
907,57	1374,19
907,75	1576,94
907,92	1460,20
908,10	1503,21
908,27	1503,21
908,45	1368,04
908,62	1474,54
908,80	1474,54
908,97	1425,39
909,15	1406,95
909,32	1394,67
909,50	1503,21
909,67	1423,34
909,85	1359,85
910,03	1370,09
910,20	1490,92
910,38	1415,15
910,55	1509,35
910,73	1509,35
910,90	1456,11
911,08	1484,78
911,25	1501,16
911,43	1452,01
911,60	1404,91
911,78	1480,68
911,95	1484,78
912,13	1460,20
912,30	1482,73
912,48	1550,31
912,65	1441,77
912,83	1425,39
913,00	1454,06
913,18	1486,83
913,35	1470,44
913,53	1437,67
913,70	1509,35
913,88	1449,96
914,05	1486,83
914,23	1468,39
914,40	1431,53
914,58	1517,54
914,75	1495,02
914,93	1466,35
915,10	1447,91
915,27	1513,45
915,45	1415,15
915,62	1417,19
915,80	1583,08
915,97	1482,73
916,15	1404,91
916,32	1521,64
916,50	1484,78
916,67	1452,01
916,85	1460,20
917,02	1478,63
917,20	1486,83
917,37	1460,20
917,54	1521,64
917,72	1454,06
917,89	1495,02
918,07	1511,40
918,24	1472,49
918,42	1394,67
918,59	1449,96
918,77	1466,35
918,94	1462,25
919,11	1398,76
919,29	1452,01
919,46	1476,59
919,64	1505,26
919,81	1527,78
919,99	1431,53
920,16	1482,73
920,33	1550,31
920,51	1427,43
920,68	1490,92
920,86	1509,35
921,03	1505,26
921,20	1468,39
921,38	1464,30
921,55	1538,02
921,73	1419,24
921,90	1427,43
922,07	1423,34
922,25	1525,74
922,42	1449,96
922,60	1476,59
922,77	1525,74
922,94	1478,63
923,12	1460,20
923,29	1417,19
923,47	1443,82
923,64	1468,39
923,81	1452,01
923,99	1429,48
924,16	1464,30
924,34	1478,63
924,51	1411,05
924,68	1621,99
924,86	1425,39
925,03	1413,10
925,20	1495,02
925,38	1492,97
925,55	1382,38
925,72	1441,77
925,90	1492,97
926,07	1458,15
926,25	1464,30
926,42	1470,44
926,59	1476,59
926,77	1511,40
926,94	1511,40
927,11	1431,53
927,29	1486,83
927,46	1345,52
927,63	1564,65
927,81	1492,97
927,98	1384,43
928,15	1484,78
928,33	1562,60
928,50	1372,14
928,67	1435,63
928,85	1550,31
929,02	1452,01
929,19	1511,40
929,37	1578,98
929,54	1417,19
929,71	1562,60
929,89	1464,30
930,06	1503,21
930,23	1495,02
930,41	1550,31
930,58	1449,96
930,75	1607,66
930,92	1472,49
931,10	1474,54
931,27	1425,39
931,44	1572,84
931,62	1433,58
931,79	1443,82
931,96	1388,52
932,14	1449,96
932,31	1564,65
932,48	1523,69
932,65	1445,87
932,83	1429,48
933,00	1486,83
933,17	1544,17
933,35	1538,02
933,52	1562,60
933,69	1525,74
933,86	1542,12
934,04	1452,01
934,21	1445,87
934,38	1554,41
934,55	1490,92
934,73	1466,35
934,90	1429,48
935,07	1460,20
935,25	1538,02
935,42	1411,05
935,59	1460,20
935,76	1388,52
935,94	1454,06
936,11	1517,54
936,28	1449,96
936,45	1437,67
936,63	1482,73
936,80	1468,39
936,97	1415,15
937,14	1466,35
937,31	1542,12
937,49	1529,83
937,66	1492,97
937,83	1441,77
938,00	1503,21
938,18	1546,22
938,35	1472,49
938,52	1515,50
938,69	1501,16
938,87	1439,72
939,04	1513,45
939,21	1423,34
939,38	1517,54
939,55	1386,47
939,73	1548,26
939,90	1423,34
940,07	1396,71
940,24	1388,52
940,41	1554,41
940,59	1476,59
940,76	1474,54
940,93	1480,68
941,10	1460,20
941,27	1349,61
941,45	1409,00
941,62	1474,54
941,79	1509,35
941,96	1474,54
942,13	1460,20
942,31	1417,19
942,48	1499,11
942,65	1501,16
942,82	1488,87
942,99	1445,87
943,16	1449,96
943,34	1497,07
943,51	1439,72
943,68	1443,82
943,85	1531,88
944,02	1509,35
944,19	1392,62
944,37	1511,40
944,54	1386,47
944,71	1476,59
944,88	1519,59
945,05	1435,63
945,22	1495,02
945,40	1470,44
945,57	1439,72
945,74	1417,19
945,91	1435,63
946,08	1566,70
946,25	1443,82
946,42	1445,87
946,60	1497,07
946,77	1546,22
946,94	1523,69
947,11	1521,64
947,28	1492,97
947,45	1456,11
947,62	1488,87
947,79	1443,82
947,97	1480,68
948,14	1558,50
948,31	1511,40
948,48	1386,47
948,65	1519,59
948,82	1374,19
948,99	1525,74
949,16	1460,20
949,33	1433,58
949,51	1488,87
949,68	1472,49
949,85	1505,26
950,02	1460,20
950,19	1419,24
950,36	1525,74
950,53	1456,11
950,70	1456,11
950,87	1472,49
951,04	1437,67
951,22	1558,50
951,39	1513,45
951,56	1515,50
951,73	1527,78
951,90	1423,34
952,07	1411,05
952,24	1542,12
952,41	1570,79
952,58	1402,86
952,75	1501,16
952,92	1427,43
953,09	1466,35
953,26	1529,83
953,43	1460,20
953,61	1501,16
953,78	1478,63
953,95	1476,59
954,12	1474,54
954,29	1497,07
954,46	1490,92
954,63	1509,35
954,80	1454,06
954,97	1462,25
955,14	1519,59
955,31	1488,87
955,48	1591,27
955,65	1431,53
955,82	1374,19
955,99	1550,31
956,16	1425,39
956,33	1490,92
956,50	1462,25
956,67	1478,63
956,84	1513,45
957,01	1527,78
957,18	1497,07
957,35	1429,48
957,52	1476,59
957,69	1589,22
957,86	1525,74
958,03	1437,67
958,20	1454,06
958,37	1505,26
958,54	1468,39
958,71	1361,90
958,88	1576,94
959,05	1347,56
959,22	1427,43
959,39	1505,26
959,56	1456,11
959,73	1433,58
959,90	1490,92
960,07	1476,59
960,24	1482,73
960,41	1404,91
960,58	1533,93
960,75	1404,91
960,92	1445,87
961,09	1492,97
961,26	1468,39
961,43	1488,87
961,60	1423,34
961,77	1478,63
961,94	1492,97
962,11	1429,48
962,28	1568,74
962,45	1419,24
962,62	1394,67
962,79	1501,16
962,96	1427,43
963,13	1398,76
963,30	1515,50
963,47	1476,59
963,64	1419,24
963,81	1480,68
963,98	1445,87
964,14	1544,17
964,31	1501,16
964,48	1439,72
964,65	1513,45
964,82	1505,26
964,99	1531,88
965,16	1398,76
965,33	1429,48
965,50	1468,39
965,67	1525,74
965,84	1437,67
966,01	1443,82
966,18	1441,77
966,35	1423,34
966,51	1394,67
966,68	1505,26
966,85	1384,43
967,02	1454,06
967,19	1402,86
967,36	1462,25
967,53	1394,67
967,70	1437,67
967,87	1357,80
968,04	1437,67
968,21	1415,15
968,37	1468,39
968,54	1384,43
968,71	1384,43
968,88	1431,53
969,05	1456,11
969,22	1439,72
969,39	1568,74
969,56	1515,50
969,72	1384,43
969,89	1419,24
970,06	1527,78
970,23	1474,54
970,40	1519,59
970,57	1515,50
970,74	1490,92
970,91	1447,91
971,07	1509,35
971,24	1490,92
971,41	1509,35
971,58	1488,87
971,75	1417,19
971,92	1380,33
972,09	1423,34
972,25	1458,15
972,42	1527,78
972,59	1353,71
972,76	1394,67
972,93	1396,71
973,10	1392,62
973,27	1525,74
973,43	1454,06
973,60	1499,11
973,77	1437,67
973,94	1384,43
974,11	1433,58
974,28	1472,49
974,44	1411,05
974,61	1378,28
974,78	1413,10
974,95	1411,05
975,12	1439,72
975,28	1497,07
975,45	1433,58
975,62	1486,83
975,79	1409,00
975,96	1429,48
976,12	1425,39
976,29	1497,07
976,46	1460,20
976,63	1447,91
976,80	1439,72
976,96	1468,39
977,13	1456,11
977,30	1380,33
977,47	1320,94
977,64	1468,39
977,80	1386,47
977,97	1376,24
978,14	1445,87
978,31	1345,52
978,48	1431,53
978,64	1441,77
978,81	1396,71
978,98	1519,59
979,15	1384,43
979,31	1554,41
979,48	1386,47
979,65	1421,29
979,82	1488,87
979,98	1470,44
980,15	1452,01
980,32	1411,05
980,49	1462,25
980,66	1388,52
980,82	1398,76
980,99	1437,67
981,16	1386,47
981,33	1402,86
981,49	1368,04
981,66	1476,59
981,83	1433,58
981,99	1439,72
982,16	1335,28
982,33	1452,01
982,50	1406,95
982,66	1476,59
982,83	1366,00
983,00	1470,44
983,17	1464,30
983,33	1435,63
983,50	1402,86
983,67	1468,39
983,83	1484,78
984,00	1363,95
984,17	1488,87
984,34	1347,56
984,50	1406,95
984,67	1464,30
984,84	1427,43
985,00	1435,63
985,17	1478,63
985,34	1443,82
985,51	1427,43
985,67	1394,67
985,84	1427,43
986,01	1419,24
986,17	1468,39
986,34	1409,00
986,51	1464,30
986,67	1417,19
986,84	1413,10
987,01	1355,76
987,17	1343,47
987,34	1386,47
987,51	1378,28
987,67	1413,10
987,84	1513,45
988,01	1429,48
988,17	1386,47
988,34	1380,33
988,51	1390,57
988,67	1468,39
988,84	1433,58
989,01	1431,53
989,17	1374,19
989,34	1419,24
989,51	1519,59
989,67	1435,63
989,84	1376,24
990,01	1492,97
990,17	1519,59
990,34	1431,53
990,51	1437,67
990,67	1454,06
990,84	1478,63
991,01	1284,08
991,17	1357,80
991,34	1343,47
991,50	1357,80
991,67	1398,76
991,84	1359,85
992,00	1417,19
992,17	1468,39
992,34	1472,49
992,50	1480,68
992,67	1476,59
992,83	1472,49
993,00	1419,24
993,17	1402,86
993,33	1431,53
993,50	1443,82
993,66	1519,59
993,83	1470,44
994,00	1402,86
994,16	1417,19
994,33	1345,52
994,49	1548,26
994,66	1419,24
994,83	1425,39
994,99	1402,86
995,16	1376,24
995,32	1478,63
995,49	1484,78
995,66	1390,57
995,82	1376,24
995,99	1435,63
996,15	1460,20
996,32	1378,28
996,48	1429,48
996,65	1423,34
996,82	1423,34
996,98	1411,05
997,15	1402,86
997,31	1394,67
997,48	1427,43
997,64	1339,37
997,81	1486,83
997,97	1370,09
998,14	1417,19
998,31	1404,91
998,47	1384,43
998,64	1413,10
998,80	1415,15
998,97	1466,35
999,13	1529,83
999,30	1501,16
999,46	1454,06
999,63	1447,91
999,79	1370,09
999,96	1454,06
1000,12	1415,15
1000,29	1411,05
1000,45	1449,96
1000,62	1394,67
1000,79	1423,34
1000,95	1406,95
1001,12	1431,53
1001,28	1363,95
1001,45	1474,54
1001,61	1486,83
1001,78	1431,53
1001,94	1423,34
1002,11	1542,12
1002,27	1411,05
1002,44	1409,00
1002,60	1406,95
1002,77	1398,76
1002,93	1441,77
1003,10	1368,04
1003,26	1413,10
1003,43	1452,01
1003,59	1341,42
1003,76	1452,01
1003,92	1361,90
1004,09	1421,29
1004,25	1392,62
1004,41	1439,72
1004,58	1384,43
1004,74	1421,29
1004,91	1357,80
1005,07	1413,10
1005,24	1458,15
1005,40	1355,76
1005,57	1351,66
1005,73	1390,57
1005,90	1435,63
1006,06	1439,72
1006,23	1454,06
1006,39	1429,48
1006,55	1404,91
1006,72	1374,19
1006,88	1357,80
1007,05	1452,01
1007,21	1468,39
1007,38	1421,29
1007,54	1486,83
1007,71	1456,11
1007,87	1411,05
1008,03	1439,72
1008,20	1449,96
1008,36	1411,05
1008,53	1470,44
1008,69	1411,05
1008,86	1439,72
1009,02	1425,39
1009,18	1466,35
1009,35	1425,39
1009,51	1337,32
1009,68	1406,95
1009,84	1366,00
1010,01	1370,09
1010,17	1374,19
1010,33	1503,21
1010,50	1411,05
1010,66	1476,59
1010,83	1456,11
1010,99	1492,97
1011,15	1374,19
1011,32	1474,54
1011,48	1419,24
1011,65	1454,06
1011,81	1458,15
1011,97	1353,71
1012,14	1456,11
1012,30	1462,25
1012,46	1472,49
1012,63	1406,95
1012,79	1439,72
1012,96	1361,90
1013,12	1386,47
1013,28	1452,01
1013,45	1415,15
1013,61	1406,95
1013,77	1433,58
1013,94	1374,19
1014,10	1394,67
1014,26	1398,76
1014,43	1353,71
1014,59	1392,62
1014,76	1437,67
1014,92	1511,40
1015,08	1359,85
1015,25	1423,34
1015,41	1458,15
1015,57	1480,68
1015,74	1441,77
1015,90	1337,32
1016,06	1423,34
1016,23	1439,72
1016,39	1370,09
1016,55	1501,16
1016,72	1382,38
1016,88	1433,58
1017,04	1357,80
1017,21	1437,67
1017,37	1325,04
1017,53	1378,28
1017,70	1505,26
1017,86	1443,82
1018,02	1347,56
1018,19	1406,95
1018,35	1390,57
1018,51	1361,90
1018,67	1409,00
1018,84	1376,24
1019,00	1378,28
1019,16	1413,10
1019,33	1406,95
1019,49	1454,06
1019,65	1318,89
1019,82	1413,10
1019,98	1368,04
1020,14	1374,19
1020,30	1474,54
1020,47	1386,47
1020,63	1411,05
1020,79	1402,86
1020,96	1382,38
1021,12	1431,53
1021,28	1421,29
1021,44	1355,76
1021,61	1380,33
1021,77	1382,38
1021,93	1447,91
1022,09	1452,01
1022,26	1441,77
1022,42	1415,15
1022,58	1503,21
1022,74	1376,24
1022,91	1402,86
1023,07	1435,63
1023,23	1331,18
1023,39	1380,33
1023,56	1433,58
1023,72	1495,02
1023,88	1388,52
1024,04	1486,83
1024,21	1359,85
1024,37	1480,68
1024,53	1478,63
1024,69	1355,76
1024,86	1468,39
1025,02	1425,39
1025,18	1411,05
1025,34	1441,77
1025,50	1513,45
1025,67	1466,35
1025,83	1378,28
1025,99	1499,11
1026,15	1433,58
1026,32	1402,86
1026,48	1396,71
1026,64	1425,39
1026,80	1341,42
1026,96	1443,82
1027,13	1411,05
1027,29	1452,01
1027,45	1425,39
1027,61	1357,80
1027,77	1478,63
1027,94	1546,22
1028,10	1433,58
1028,26	1288,17
1028,42	1402,86
1028,58	1443,82
1028,75	1378,28
1028,91	1472,49
1029,07	1357,80
1029,23	1417,19
1029,39	1419,24
1029,55	1480,68
1029,72	1398,76
1029,88	1533,93
1030,04	1378,28
1030,20	1468,39
1030,36	1386,47
1030,52	1519,59
1030,69	1404,91
1030,85	1464,30
1031,01	1441,77
1031,17	1390,57
1031,33	1447,91
1031,49	1474,54
1031,65	1437,67
1031,82	1445,87
1031,98	1443,82
1032,14	1435,63
1032,30	1452,01
1032,46	1429,48
1032,62	1355,76
1032,78	1443,82
1032,95	1419,24
1033,11	1366,00
1033,27	1421,29
1033,43	1398,76
1033,59	1421,29
1033,75	1392,62
1033,91	1396,71
1034,07	1509,35
1034,24	1316,84
1034,40	1380,33
1034,56	1492,97
1034,72	1429,48
1034,88	1402,86
1035,04	1372,14
1035,20	1452,01
1035,36	1349,61
1035,52	1447,91
1035,68	1425,39
1035,85	1437,67
1036,01	1474,54
1036,17	1505,26
1036,33	1370,09
1036,49	1386,47
1036,65	1353,71
1036,81	1361,90
1036,97	1374,19
1037,13	1427,43
1037,29	1394,67
1037,45	1466,35
1037,61	1384,43
1037,78	1415,15
1037,94	1421,29
1038,10	1499,11
1038,26	1366,00
1038,42	1370,09
1038,58	1497,07
1038,74	1384,43
1038,90	1458,15
1039,06	1409,00
1039,22	1382,38
1039,38	1437,67
1039,54	1374,19
1039,70	1406,95
1039,86	1452,01
1040,02	1406,95
1040,18	1374,19
1040,34	1419,24
1040,50	1351,66
1040,66	1363,95
1040,83	1413,10
1040,99	1404,91
1041,15	1527,78
1041,31	1415,15
1041,47	1476,59
1041,63	1460,20
1041,79	1370,09
1041,95	1456,11
1042,11	1460,20
1042,27	1511,40
1042,43	1464,30
1042,59	1411,05
1042,75	1415,15
1042,91	1378,28
