344,25	1169,39
344,46	1169,39
344,68	1169,39
344,90	1226,73
345,12	1247,21
345,34	1452,01
345,55	1353,71
345,77	1415,15
345,99	1370,09
346,21	1441,77
346,42	1433,58
346,64	1353,71
346,86	1402,86
347,08	1386,47
347,30	1347,56
347,51	1441,77
347,73	1390,57
347,95	1478,63
348,17	1431,53
348,38	1460,20
348,60	1417,19
348,82	1386,47
349,04	1445,87
349,25	1433,58
349,47	1462,25
349,69	1421,29
349,91	1497,07
350,13	1427,43
350,34	1488,87
350,56	1392,62
350,78	1458,15
351,00	1378,28
351,21	1492,97
351,43	1402,86
351,65	1411,05
351,87	1415,15
352,08	1458,15
352,30	1404,91
352,52	1435,63
352,74	1421,29
352,95	1421,29
353,17	1402,86
353,39	1452,01
353,61	1423,34
353,82	1456,11
354,04	1443,82
354,26	1445,87
354,47	1441,77
354,69	1406,95
354,91	1505,26
355,13	1441,77
355,34	1449,96
355,56	1388,52
355,78	1404,91
356,00	1458,15
356,21	1415,15
356,43	1482,73
356,65	1421,29
356,86	1421,29
357,08	1509,35
357,30	1429,48
357,52	1366,00
357,73	1429,48
357,95	1464,30
358,17	1472,49
358,38	1480,68
358,60	1419,24
358,82	1492,97
359,04	1576,94
359,25	1585,13
359,47	1611,75
359,69	1529,83
359,90	1474,54
360,12	1705,96
360,34	1595,37
360,56	1509,35
360,77	1671,14
360,99	1677,29
361,21	1646,57
361,42	1736,68
361,64	1732,58
361,86	1751,01
362,07	1742,82
362,29	1683,43
362,51	1884,13
362,73	1834,98
362,94	1802,21
363,16	1968,10
363,38	1871,84
363,59	1961,95
363,81	1994,72
364,03	2033,63
364,24	2041,82
364,46	1986,53
364,68	2058,21
364,89	1966,05
365,11	2121,70
365,33	2056,16
365,54	2078,69
365,76	1941,47
365,98	2009,06
366,19	2043,87
366,41	2168,80
366,63	1912,80
366,84	2029,54
367,06	2095,07
367,28	2115,55
367,49	1894,37
367,71	2035,68
367,93	1990,63
368,14	2078,69
368,36	2009,06
368,58	2013,15
368,79	2078,69
369,01	2076,64
369,23	2097,12
369,44	2054,11
369,66	1984,48
369,88	2009,06
370,09	1906,66
370,31	2019,30
370,53	1931,23
370,74	1996,77
370,96	1869,80
371,18	1994,72
371,39	1912,80
371,61	1978,34
371,82	1955,81
372,04	1910,75
372,26	1923,04
372,47	1949,67
372,69	1851,36
372,91	1894,37
373,12	1892,32
373,34	1896,42
373,56	1804,26
373,77	1880,04
373,99	1880,04
374,20	1890,28
374,42	1964,00
374,64	1964,00
374,85	1841,12
375,07	1861,60
375,29	1740,77
375,50	1753,06
375,72	1742,82
375,93	1689,57
376,15	1630,18
376,37	1634,28
376,58	1675,24
376,80	1619,94
377,01	1556,46
377,23	1644,52
377,45	1660,90
377,66	1578,98
377,88	1628,14
378,10	1597,42
378,31	1593,32
378,53	1683,43
378,74	1554,41
378,96	1546,22
379,18	1540,07
379,39	1624,04
379,61	1595,37
379,82	1488,87
380,04	1548,26
380,26	1533,93
380,47	1515,50
380,69	1525,74
380,90	1599,46
381,12	1380,33
381,33	1566,70
381,55	1538,02
381,77	1488,87
381,98	1497,07
382,20	1402,86
382,41	1390,57
382,63	1425,39
382,85	1497,07
383,06	1472,49
383,28	1466,35
383,49	1511,40
383,71	1462,25
383,92	1474,54
384,14	1423,34
384,36	1396,71
384,57	1507,30
384,79	1423,34
385,00	1495,02
385,22	1425,39
385,43	1415,15
385,65	1515,50
385,87	1523,69
386,08	1396,71
386,30	1404,91
386,51	1466,35
386,73	1495,02
386,94	1384,43
387,16	1499,11
387,37	1458,15
387,59	1423,34
387,81	1435,63
388,02	1529,83
388,24	1419,24
388,45	1484,78
388,67	1513,45
388,88	1447,91
389,10	1429,48
389,31	1476,59
389,53	1497,07
389,75	1560,55
389,96	1470,44
390,18	1409,00
390,39	1345,52
390,61	1497,07
390,82	1427,43
391,04	1517,54
391,25	1466,35
391,47	1390,57
391,68	1439,72
391,90	1480,68
392,11	1523,69
392,33	1548,26
392,54	1472,49
392,76	1409,00
392,97	1452,01
393,19	1546,22
393,41	1535,98
393,62	1546,22
393,84	1568,74
394,05	1472,49
394,27	1538,02
394,48	1513,45
394,70	1578,98
394,91	1560,55
395,13	1503,21
395,34	1413,10
395,56	1591,27
395,77	1554,41
395,99	1509,35
396,20	1544,17
396,42	1535,98
396,63	1519,59
396,85	1497,07
397,06	1501,16
397,28	1497,07
397,49	1552,36
397,71	1570,79
397,92	1548,26
398,14	1619,94
398,35	1681,38
398,57	1677,29
398,78	1648,61
399,00	1599,46
399,21	1652,71
399,43	1626,09
399,64	1689,57
399,86	1638,38
400,07	1626,09
400,29	1548,26
400,50	1654,76
400,72	1742,82
400,93	1796,07
401,14	1634,28
401,36	1701,86
401,57	1667,05
401,79	1818,60
402,00	1818,60
402,22	1759,21
402,43	1783,78
402,65	1701,86
402,86	1720,29
403,08	1787,88
403,29	1677,29
403,51	1773,54
403,72	1781,73
403,94	1730,53
404,15	1820,64
404,36	1626,09
404,58	2019,30
404,79	1712,10
405,01	1673,19
405,22	1738,73
405,44	1697,77
405,65	1748,97
405,87	1617,90
406,08	1718,25
406,30	1650,66
406,51	1708,01
406,72	1746,92
406,94	1687,53
407,15	1769,44
407,37	1693,67
407,58	1648,61
407,80	1619,94
408,01	1619,94
408,23	1574,89
408,44	1638,38
408,65	1581,03
408,87	1650,66
409,08	1628,14
409,30	1636,33
409,51	1492,97
409,73	1677,29
409,94	1544,17
410,15	1679,33
410,37	1591,27
410,58	1548,26
410,80	1589,22
411,01	1492,97
411,23	1593,32
411,44	1595,37
411,65	1632,23
411,87	1560,55
412,08	1564,65
412,30	1591,27
412,51	1593,32
412,72	1587,18
412,94	1513,45
413,15	1429,48
413,37	1583,08
413,58	1449,96
413,79	1540,07
414,01	1511,40
414,22	1562,60
414,44	1474,54
414,65	1591,27
414,86	1431,53
415,08	1513,45
415,29	1497,07
415,51	1355,76
415,72	1470,44
415,93	1507,30
416,15	1484,78
416,36	1560,55
416,58	1497,07
416,79	1556,46
417,00	1589,22
417,22	1441,77
417,43	1517,54
417,65	1492,97
417,86	1505,26
418,07	1480,68
418,29	1462,25
418,50	1554,41
418,71	1476,59
418,93	1431,53
419,14	1460,20
419,36	1497,07
419,57	1576,94
419,78	1529,83
420,00	1427,43
420,21	1396,71
420,42	1433,58
420,64	1464,30
420,85	1474,54
421,06	1497,07
421,28	1519,59
421,49	1464,30
421,71	1525,74
421,92	1513,45
422,13	1492,97
422,35	1484,78
422,56	1523,69
422,77	1470,44
422,99	1433,58
423,20	1497,07
423,41	1374,19
423,63	1443,82
423,84	1454,06
424,05	1511,40
424,27	1464,30
424,48	1406,95
424,69	1460,20
424,91	1816,55
425,12	1445,87
425,33	1411,05
425,55	1464,30
425,76	1478,63
425,97	1445,87
426,19	1452,01
426,40	1411,05
426,61	1478,63
426,83	1435,63
427,04	1544,17
427,25	1425,39
427,47	1458,15
427,68	1486,83
427,89	1400,81
428,11	1406,95
428,32	1480,68
428,53	1441,77
428,75	1415,15
428,96	1509,35
429,17	1513,45
429,39	1427,43
429,60	1511,40
429,81	1529,83
430,03	1406,95
430,24	1515,50
430,45	1523,69
430,67	1470,44
430,88	1468,39
431,09	1566,70
431,30	1484,78
431,52	1400,81
431,73	1396,71
431,94	1482,73
432,16	1501,16
432,37	1468,39
432,58	1439,72
432,80	1447,91
433,01	1503,21
433,22	1355,76
433,43	1560,55
433,65	1400,81
433,86	1439,72
434,07	1384,43
434,29	1443,82
434,50	1419,24
434,71	1382,38
434,92	1417,19
435,14	1394,67
435,35	1449,96
435,56	1437,67
435,77	1419,24
435,99	1439,72
436,20	1421,29
436,41	1402,86
436,63	1366,00
436,84	1466,35
437,05	1423,34
437,26	1486,83
437,48	1441,77
437,69	1478,63
437,90	1363,95
438,11	1476,59
438,33	1388,52
438,54	1390,57
438,75	1429,48
438,96	1515,50
439,18	1427,43
439,39	1519,59
439,60	1509,35
439,82	1382,38
440,03	1509,35
440,24	1452,01
440,45	1439,72
440,67	1452,01
440,88	1437,67
441,09	1499,11
441,30	1488,87
441,51	1460,20
441,73	1447,91
441,94	1370,09
442,15	1427,43
442,36	1499,11
442,58	1490,92
442,79	1392,62
443,00	1470,44
443,21	1476,59
443,43	1400,81
443,64	1488,87
443,85	1447,91
444,06	1497,07
444,28	1449,96
444,49	1347,56
444,70	1415,15
444,91	1511,40
445,12	1499,11
445,34	1413,10
445,55	1472,49
445,76	1423,34
445,97	1472,49
446,18	1513,45
446,40	1419,24
446,61	1476,59
446,82	1413,10
447,03	1454,06
447,25	1445,87
447,46	1497,07
447,67	1531,88
447,88	1470,44
448,09	1351,66
448,31	1437,67
448,52	1384,43
448,73	1517,54
448,94	1382,38
449,15	1480,68
449,37	1357,80
449,58	1372,14
449,79	1484,78
450,00	1462,25
450,21	1355,76
450,43	1517,54
450,64	1429,48
450,85	1488,87
451,06	1503,21
451,27	1503,21
451,48	1447,91
451,70	1384,43
451,91	1335,28
452,12	1431,53
452,33	1505,26
452,54	1531,88
452,76	1564,65
452,97	1484,78
453,18	1427,43
453,39	1484,78
453,60	1445,87
453,81	1437,67
454,03	1431,53
454,24	1488,87
454,45	1462,25
454,66	1413,10
454,87	1462,25
455,08	1380,33
455,30	1486,83
455,51	1509,35
455,72	1441,77
455,93	1476,59
456,14	1466,35
456,35	1331,18
456,56	1419,24
456,78	1447,91
456,99	1374,19
457,20	1443,82
457,41	1445,87
457,62	1472,49
457,83	1501,16
458,04	1474,54
458,26	1449,96
458,47	1419,24
458,68	1361,90
458,89	1392,62
459,10	1431,53
459,31	1478,63
459,52	1445,87
459,74	1505,26
459,95	1505,26
460,16	1462,25
460,37	1419,24
460,58	1480,68
460,79	1404,91
461,00	1490,92
461,21	1386,47
461,43	1402,86
461,64	1423,34
461,85	1390,57
462,06	1460,20
462,27	1413,10
462,48	1384,43
462,69	1482,73
462,90	1409,00
463,12	1423,34
463,33	1419,24
463,54	1476,59
463,75	1525,74
463,96	1468,39
464,17	1476,59
464,38	1423,34
464,59	1443,82
464,80	1460,20
465,01	1437,67
465,23	1531,88
465,44	1370,09
465,65	1339,37
465,86	1392,62
466,07	1480,68
466,28	1447,91
466,49	1464,30
466,70	1484,78
466,91	1581,03
467,12	1435,63
467,33	1419,24
467,55	1466,35
467,76	1456,11
467,97	1423,34
468,18	1488,87
468,39	1492,97
468,60	1513,45
468,81	1456,11
469,02	1460,20
469,23	1425,39
469,44	1437,67
469,65	1406,95
469,86	1380,33
470,07	1394,67
470,29	1531,88
470,50	1425,39
470,71	1441,77
470,92	1431,53
471,13	1472,49
471,34	1449,96
471,55	1454,06
471,76	1413,10
471,97	1464,30
472,18	1396,71
472,39	1406,95
472,60	1452,01
472,81	1406,95
473,02	1392,62
473,23	1474,54
473,44	1488,87
473,65	1437,67
473,87	1396,71
474,08	1468,39
474,29	1431,53
474,50	1460,20
474,71	1495,02
474,92	1456,11
475,13	1429,48
475,34	1421,29
475,55	1486,83
475,76	1460,20
475,97	1511,40
476,18	1392,62
476,39	1468,39
476,60	1474,54
476,81	1546,22
477,02	1447,91
477,23	1413,10
477,44	1411,05
477,65	1499,11
477,86	1394,67
478,07	1519,59
478,28	1583,08
478,49	1456,11
478,70	1495,02
478,91	1454,06
479,12	1482,73
479,33	1417,19
479,54	1429,48
479,75	1597,42
479,96	1460,20
480,17	1435,63
480,38	1429,48
480,59	1501,16
480,80	1509,35
481,01	1503,21
481,22	1452,01
481,43	1521,64
481,64	1462,25
481,85	1505,26
482,06	1513,45
482,27	1413,10
482,48	1466,35
482,69	1501,16
482,90	1400,81
483,11	1417,19
483,32	1439,72
483,53	1474,54
483,74	1484,78
483,95	1376,24
484,16	1478,63
484,37	1443,82
484,58	1482,73
484,79	1435,63
485,00	1390,57
485,21	1433,58
485,42	1501,16
485,63	1490,92
485,84	1394,67
486,05	1380,33
486,26	1445,87
486,47	1490,92
486,68	1390,57
486,89	1429,48
487,10	1382,38
487,31	1388,52
487,52	1439,72
487,73	1464,30
487,94	1363,95
488,15	1462,25
488,36	1548,26
488,57	1413,10
488,77	1499,11
488,98	1443,82
489,19	1433,58
489,40	1462,25
489,61	1423,34
489,82	1456,11
490,03	1452,01
490,24	1421,29
490,45	1421,29
490,66	1443,82
490,87	1488,87
491,08	1384,43
491,29	1472,49
491,50	1427,43
491,71	1490,92
491,92	1488,87
492,13	1527,78
492,33	1509,35
492,54	1458,15
492,75	1380,33
492,96	1441,77
493,17	1535,98
493,38	1435,63
493,59	1390,57
493,80	1513,45
494,01	1411,05
494,22	1499,11
494,43	1521,64
494,64	1398,76
494,85	1452,01
495,05	1433,58
495,26	1396,71
495,47	1562,60
495,68	1488,87
495,89	1396,71
496,10	1388,52
496,31	1533,93
496,52	1419,24
496,73	1535,98
496,94	1335,28
497,15	1497,07
497,35	1488,87
497,56	1462,25
497,77	1368,04
497,98	1538,02
498,19	1468,39
498,40	1495,02
498,61	1505,26
498,82	1394,67
499,03	1390,57
499,23	1515,50
499,44	1531,88
499,65	1445,87
499,86	1474,54
500,07	1507,30
500,28	1462,25
500,49	1382,38
500,70	1388,52
500,91	1390,57
501,11	1497,07
501,32	1538,02
501,53	1531,88
501,74	1578,98
501,95	1486,83
502,16	1476,59
502,37	1417,19
502,57	1476,59
502,78	1490,92
502,99	1439,72
503,20	1423,34
503,41	1431,53
503,62	1472,49
503,83	1478,63
504,03	1560,55
504,24	1486,83
504,45	1468,39
504,66	1470,44
504,87	1470,44
505,08	1394,67
505,29	1462,25
505,49	1404,91
505,70	1511,40
505,91	1431,53
506,12	1425,39
506,33	1456,11
506,54	1402,86
506,75	1484,78
506,95	1466,35
507,16	1499,11
507,37	1488,87
507,58	1458,15
507,79	1419,24
508,00	1509,35
508,20	1378,28
508,41	1431,53
508,62	1462,25
508,83	1468,39
509,04	1370,09
509,24	1513,45
509,45	1765,35
509,66	1480,68
509,87	1464,30
510,08	1460,20
510,29	1445,87
510,49	1497,07
510,70	1433,58
510,91	1454,06
511,12	1449,96
511,33	1441,77
511,53	1398,76
511,74	1445,87
511,95	1394,67
512,16	1519,59
512,37	1466,35
512,57	1415,15
512,78	1384,43
512,99	1445,87
513,20	1501,16
513,41	1519,59
513,61	1443,82
513,82	1445,87
514,03	1411,05
514,24	1497,07
514,45	1546,22
514,65	1443,82
514,86	1409,00
515,07	1429,48
515,28	1390,57
515,49	1421,29
515,69	1527,78
515,90	1427,43
516,11	1486,83
516,32	1431,53
516,52	1464,30
516,73	1515,50
516,94	1525,74
517,15	1464,30
517,36	1443,82
517,56	1609,70
517,77	1441,77
517,98	1513,45
518,19	1538,02
518,39	1529,83
518,60	1449,96
518,81	1429,48
519,02	1478,63
519,22	1318,89
519,43	1572,84
519,64	1452,01
519,85	1419,24
520,05	1460,20
520,26	1431,53
520,47	1468,39
520,68	1429,48
520,88	1447,91
521,09	1476,59
521,30	1427,43
521,51	1415,15
521,71	1535,98
521,92	1400,81
522,13	1501,16
522,34	1460,20
522,54	1495,02
522,75	1366,00
522,96	1488,87
523,17	1497,07
523,37	1570,79
523,58	1452,01
523,79	1482,73
523,99	1388,52
524,20	1419,24
524,41	1443,82
524,62	1509,35
524,82	1507,30
525,03	1521,64
525,24	1425,39
525,45	1482,73
525,65	1443,82
525,86	1558,50
526,07	1458,15
526,27	1411,05
526,48	1406,95
526,69	1511,40
526,90	1439,72
527,10	1480,68
527,31	1419,24
527,52	1470,44
527,72	1452,01
527,93	1507,30
528,14	1431,53
528,34	1474,54
528,55	1386,47
528,76	1472,49
528,97	1372,14
529,17	1495,02
529,38	1435,63
529,59	1533,93
529,79	1413,10
530,00	1531,88
530,21	1437,67
530,41	1427,43
530,62	1468,39
530,83	1492,97
531,03	1525,74
531,24	1499,11
531,45	1392,62
531,65	1505,26
531,86	1509,35
532,07	1529,83
532,27	1441,77
532,48	1513,45
532,69	1449,96
532,89	1435,63
533,10	1439,72
533,31	1429,48
533,51	1396,71
533,72	1435,63
533,93	1462,25
534,13	1486,83
534,34	1419,24
534,55	1538,02
534,75	1478,63
534,96	1499,11
535,17	1433,58
535,37	1505,26
535,58	1386,47
535,79	1423,34
535,99	1343,47
536,20	1347,56
536,41	1449,96
536,61	1443,82
536,82	1531,88
537,03	1372,14
537,23	1419,24
537,44	1413,10
537,64	1421,29
537,85	1421,29
538,06	1423,34
538,26	1595,37
538,47	1501,16
538,68	1427,43
538,88	1402,86
539,09	1398,76
539,30	1429,48
539,50	1558,50
539,71	1509,35
539,91	1488,87
540,12	1460,20
540,33	1378,28
540,53	1533,93
540,74	1429,48
540,94	1409,00
541,15	1474,54
541,36	1495,02
541,56	1488,87
541,77	1480,68
541,98	1452,01
542,18	1460,20
542,39	1445,87
542,59	1406,95
542,80	1486,83
543,01	1388,52
543,21	1505,26
543,42	1462,25
543,62	1484,78
543,83	1427,43
544,04	1452,01
544,24	1470,44
544,45	1460,20
544,65	1552,36
544,86	1441,77
545,06	1398,76
545,27	1445,87
545,48	1490,92
545,68	1482,73
545,89	1480,68
546,09	1466,35
546,30	1478,63
546,51	1492,97
546,71	1497,07
546,92	1503,21
547,12	1443,82
547,33	1468,39
547,53	1466,35
547,74	1486,83
547,95	1482,73
548,15	1462,25
548,36	1462,25
548,56	1505,26
548,77	1460,20
548,97	1499,11
549,18	1380,33
549,39	1511,40
549,59	1495,02
549,80	1445,87
550,00	1415,15
550,21	1435,63
550,41	1443,82
550,62	1507,30
550,82	1394,67
551,03	1460,20
551,23	1470,44
551,44	1435,63
551,65	1415,15
551,85	1468,39
552,06	1396,71
552,26	1513,45
552,47	1445,87
552,67	1302,51
552,88	1390,57
553,08	1460,20
553,29	1523,69
553,49	1429,48
553,70	1482,73
553,90	1572,84
554,11	1429,48
554,32	1523,69
554,52	1390,57
554,73	1421,29
554,93	1456,11
555,14	1402,86
555,34	1488,87
555,55	1507,30
555,75	1380,33
555,96	1435,63
556,16	1402,86
556,37	1464,30
556,57	1314,80
556,78	1396,71
556,98	1441,77
557,19	1538,02
557,39	1482,73
557,60	1433,58
557,80	1394,67
558,01	1468,39
558,21	1361,90
558,42	1462,25
558,62	1531,88
558,83	1472,49
559,03	1353,71
559,24	1460,20
559,44	1421,29
559,65	1394,67
559,85	1404,91
560,06	1447,91
560,26	1462,25
560,47	1472,49
560,67	1544,17
560,88	1419,24
561,08	1464,30
561,29	1505,26
561,49	1497,07
561,70	1519,59
561,90	1452,01
562,10	1464,30
562,31	1497,07
562,51	1411,05
562,72	1376,24
562,92	1419,24
563,13	1495,02
563,33	1452,01
563,54	1462,25
563,74	1544,17
563,95	1445,87
564,15	1458,15
564,36	1454,06
564,56	1370,09
564,76	1470,44
564,97	1404,91
565,17	1464,30
565,38	1529,83
565,58	1462,25
565,79	1474,54
565,99	1452,01
566,20	1472,49
566,40	1339,37
566,60	1488,87
566,81	1507,30
567,01	1482,73
567,22	1474,54
567,42	1417,19
567,63	1441,77
567,83	1474,54
568,04	1452,01
568,24	1486,83
568,44	1550,31
568,65	1466,35
568,85	1417,19
569,06	1464,30
569,26	1449,96
569,47	1497,07
569,67	1361,90
569,87	1503,21
570,08	1486,83
570,28	1435,63
570,49	1415,15
570,69	1540,07
570,89	1540,07
571,10	1458,15
571,30	1542,12
571,51	1443,82
571,71	1507,30
571,91	1544,17
572,12	1535,98
572,32	1538,02
572,53	1521,64
572,73	1456,11
572,93	1564,65
573,14	1441,77
573,34	1495,02
573,55	1480,68
573,75	1490,92
573,95	1478,63
574,16	1492,97
574,36	1435,63
574,57	1443,82
574,77	1511,40
574,97	1445,87
575,18	1386,47
575,38	1392,62
575,59	1431,53
575,79	1382,38
575,99	1495,02
576,20	1441,77
576,40	1533,93
576,60	1546,22
576,81	1433,58
577,01	1488,87
577,22	1466,35
577,42	1443,82
577,62	1437,67
577,83	1499,11
578,03	1482,73
578,23	1431,53
578,44	1439,72
578,64	1517,54
578,84	1525,74
579,05	1380,33
579,25	1456,11
579,45	1435,63
579,66	1388,52
579,86	1445,87
580,07	1466,35
580,27	1400,81
580,47	1447,91
580,68	1419,24
580,88	1382,38
581,08	1390,57
581,29	1415,15
581,49	1480,68
581,69	1525,74
581,90	1484,78
582,10	1454,06
582,30	1441,77
582,51	1488,87
582,71	1417,19
582,91	1464,30
583,12	1458,15
583,32	1468,39
583,52	1454,06
583,73	1431,53
583,93	1378,28
584,13	1468,39
584,34	1419,24
584,54	1456,11
584,74	1445,87
584,94	1466,35
585,15	1429,48
585,35	1538,02
585,55	1427,43
585,76	1533,93
585,96	1484,78
586,16	1531,88
586,37	1402,86
586,57	1454,06
586,77	1427,43
586,98	1490,92
587,18	1478,63
587,38	1486,83
587,58	1468,39
587,79	1400,81
587,99	1400,81
588,19	1486,83
588,40	1411,05
588,60	1460,20
588,80	1470,44
589,00	1421,29
589,21	1429,48
589,41	1566,70
589,61	1527,78
589,82	1478,63
590,02	1468,39
590,22	1431,53
590,42	1464,30
590,63	1527,78
590,83	1435,63
591,03	1529,83
591,23	1478,63
591,44	1488,87
591,64	1474,54
591,84	1413,10
592,05	1470,44
592,25	1470,44
592,45	1497,07
592,65	1413,10
592,86	1470,44
593,06	1538,02
593,26	1417,19
593,46	1466,35
593,67	1472,49
593,87	1470,44
594,07	1425,39
594,27	1476,59
594,48	1464,30
594,68	1523,69
594,88	1474,54
595,08	1427,43
595,29	1601,51
595,49	1415,15
595,69	1437,67
595,89	1402,86
596,10	1535,98
596,30	1445,87
596,50	1482,73
596,70	1507,30
596,90	1503,21
597,11	1429,48
597,31	1499,11
597,51	1400,81
597,71	1441,77
597,92	1480,68
598,12	1478,63
598,32	1421,29
598,52	1466,35
598,72	1462,25
598,93	1398,76
599,13	1558,50
599,33	1460,20
599,53	1568,74
599,74	1468,39
599,94	1513,45
600,14	1470,44
600,34	1488,87
600,54	1513,45
600,75	1447,91
600,95	1353,71
601,15	1515,50
601,35	1488,87
601,55	1462,25
601,76	1452,01
601,96	1578,98
602,16	1445,87
602,36	1492,97
602,56	1415,15
602,76	1447,91
602,97	1406,95
603,17	1449,96
603,37	1542,12
603,57	1523,69
603,77	1423,34
603,98	1370,09
604,18	1439,72
604,38	1443,82
604,58	1447,91
604,78	1462,25
604,98	1406,95
605,19	1376,24
605,39	1509,35
605,59	1515,50
605,79	1478,63
605,99	1458,15
606,19	1404,91
606,40	1423,34
606,60	1517,54
606,80	1462,25
607,00	1417,19
607,20	1517,54
607,40	1472,49
607,61	1406,95
607,81	1503,21
608,01	1554,41
608,21	1425,39
608,41	1443,82
608,61	1458,15
608,81	1439,72
609,02	1376,24
609,22	1486,83
609,42	1515,50
609,62	1472,49
609,82	1413,10
610,02	1439,72
610,22	1486,83
610,43	1409,00
610,63	1427,43
610,83	1527,78
611,03	1443,82
611,23	1431,53
611,43	1378,28
611,63	1462,25
611,83	1339,37
612,04	1431,53
612,24	1521,64
612,44	1527,78
612,64	1417,19
612,84	1429,48
613,04	1417,19
613,24	1460,20
613,44	1454,06
613,64	1484,78
613,85	1515,50
614,05	1441,77
614,25	1415,15
614,45	1445,87
614,65	1501,16
614,85	1484,78
615,05	1439,72
615,25	1544,17
615,45	1456,11
615,65	1394,67
615,86	1462,25
616,06	1540,07
616,26	1509,35
616,46	1558,50
616,66	1478,63
616,86	1497,07
617,06	1386,47
617,26	1470,44
617,46	1492,97
617,66	1511,40
617,86	1482,73
618,07	1486,83
618,27	1499,11
618,47	1445,87
618,67	1538,02
618,87	1476,59
619,07	1480,68
619,27	1449,96
619,47	1421,29
619,67	1542,12
619,87	1435,63
620,07	1546,22
620,27	1576,94
620,47	1419,24
620,67	1495,02
620,87	1529,83
621,07	1574,89
621,28	1480,68
621,48	1445,87
621,68	1488,87
621,88	1515,50
622,08	1390,57
622,28	1482,73
622,48	1548,26
622,68	1495,02
622,88	1538,02
623,08	1460,20
623,28	1456,11
623,48	1439,72
623,68	1374,19
623,88	1542,12
624,08	1568,74
624,28	1452,01
624,48	1495,02
624,68	1374,19
624,88	1478,63
625,08	1462,25
625,28	1456,11
625,48	1495,02
625,68	1544,17
625,88	1499,11
626,08	1497,07
626,28	1486,83
626,48	1423,34
626,68	1478,63
626,88	1447,91
627,08	1554,41
627,28	1562,60
627,48	1490,92
627,68	1447,91
627,88	1398,76
628,08	1470,44
628,28	1466,35
628,49	1492,97
628,68	1435,63
628,88	1339,37
629,08	1472,49
629,28	1486,83
629,48	1497,07
629,68	1540,07
629,88	1435,63
630,08	1484,78
630,28	1595,37
630,48	1468,39
630,68	1462,25
630,88	1509,35
631,08	1492,97
631,28	1544,17
631,48	1447,91
631,68	1533,93
631,88	1431,53
632,08	1564,65
632,28	1478,63
632,48	1445,87
632,68	1486,83
632,88	1443,82
633,08	1447,91
633,28	1531,88
633,48	1419,24
633,68	1458,15
633,88	1433,58
634,08	1556,46
634,28	1460,20
634,48	1511,40
634,68	1474,54
634,88	1542,12
635,08	1527,78
635,28	1507,30
635,48	1472,49
635,68	1433,58
635,87	1531,88
636,07	1480,68
636,27	1415,15
636,47	1548,26
636,67	1492,97
636,87	1562,60
637,07	1554,41
637,27	1497,07
637,47	1421,29
637,67	1533,93
637,87	1445,87
638,07	1511,40
638,27	1398,76
638,47	1550,31
638,67	1447,91
638,86	1533,93
639,06	1402,86
639,26	1482,73
639,46	1406,95
639,66	1531,88
639,86	1462,25
640,06	1554,41
640,26	1425,39
640,46	1456,11
640,66	1525,74
640,86	1480,68
641,06	1421,29
641,25	1505,26
641,45	1480,68
641,65	1462,25
641,85	1503,21
642,05	1544,17
642,25	1402,86
642,45	1495,02
642,65	1581,03
642,85	1466,35
643,05	1535,98
643,24	1560,55
643,44	1425,39
643,64	1501,16
643,84	1441,77
644,04	1476,59
644,24	1419,24
644,44	1523,69
644,64	1419,24
644,84	1384,43
645,03	1505,26
645,23	1523,69
645,43	1435,63
645,63	1521,64
645,83	1447,91
646,03	1454,06
646,23	1474,54
646,42	1505,26
646,62	1546,22
646,82	1474,54
647,02	1466,35
647,22	1542,12
647,42	1499,11
647,62	1452,01
647,82	1454,06
648,01	1658,85
648,21	1392,62
648,41	1533,93
648,61	1589,22
648,81	1591,27
649,01	1476,59
649,20	1413,10
649,40	1445,87
649,60	1441,77
649,80	1464,30
650,00	1513,45
650,20	1390,57
650,40	1613,80
650,59	1441,77
650,79	1429,48
650,99	1574,89
651,19	1511,40
651,39	1511,40
651,58	1507,30
651,78	1505,26
651,98	1482,73
652,18	1497,07
652,38	1445,87
652,58	1378,28
652,77	1505,26
652,97	1560,55
653,17	1488,87
653,37	1484,78
653,57	1495,02
653,77	1482,73
653,96	1480,68
654,16	1413,10
654,36	1511,40
654,56	1564,65
654,76	1509,35
654,95	1529,83
655,15	1449,96
655,35	1499,11
655,55	1433,58
655,75	1472,49
655,94	1560,55
656,14	1400,81
656,34	1470,44
656,54	1492,97
656,73	1513,45
656,93	1488,87
657,13	1527,78
657,33	1480,68
657,53	1460,20
657,72	1589,22
657,92	1529,83
658,12	1482,73
658,32	1548,26
658,52	1488,87
658,71	1472,49
658,91	1486,83
659,11	1478,63
659,31	1521,64
659,50	1562,60
659,70	1468,39
659,90	1505,26
660,10	1413,10
660,29	1464,30
660,49	1525,74
660,69	1490,92
660,89	1519,59
661,08	1507,30
661,28	1550,31
661,48	1484,78
661,68	1443,82
661,87	1509,35
662,07	1425,39
662,27	1464,30
662,47	1460,20
662,66	1445,87
662,86	1507,30
663,06	1492,97
663,26	1411,05
663,45	1568,74
663,65	1564,65
663,85	1443,82
664,05	1441,77
664,24	1441,77
664,44	1425,39
664,64	1488,87
664,84	1513,45
665,03	1572,84
665,23	1527,78
665,43	1513,45
665,62	1357,80
665,82	1501,16
666,02	1497,07
666,22	1462,25
666,41	1427,43
666,61	1497,07
666,81	1519,59
667,00	1499,11
667,20	1515,50
667,40	1529,83
667,60	1435,63
667,79	1529,83
667,99	1478,63
668,19	1503,21
668,38	1492,97
668,58	1509,35
668,78	1517,54
668,97	1552,36
669,17	1460,20
669,37	1497,07
669,57	1476,59
669,76	1490,92
669,96	1480,68
670,16	1492,97
670,35	1464,30
670,55	1527,78
670,75	1478,63
670,94	1466,35
671,14	1548,26
671,34	1462,25
671,53	1456,11
671,73	1458,15
671,93	1460,20
672,12	1550,31
672,32	1409,00
672,52	1452,01
672,71	1519,59
672,91	1574,89
673,11	1464,30
673,30	1613,80
673,50	1460,20
673,70	1456,11
673,89	1460,20
674,09	1529,83
674,29	1468,39
674,48	1529,83
674,68	1562,60
674,88	1480,68
675,07	1441,77
675,27	1474,54
675,46	1462,25
675,66	1521,64
675,86	1474,54
676,05	1400,81
676,25	1417,19
676,45	1478,63
676,64	1476,59
676,84	1525,74
677,04	1480,68
677,23	1535,98
677,43	1466,35
677,62	1460,20
677,82	1462,25
678,02	1452,01
678,21	1429,48
678,41	1464,30
678,61	1519,59
678,80	1464,30
679,00	1439,72
679,19	1454,06
679,39	1474,54
679,59	1546,22
679,78	1472,49
679,98	1445,87
680,17	1484,78
680,37	1490,92
680,57	1437,67
680,76	1433,58
680,96	1468,39
681,16	1472,49
681,35	1431,53
681,55	1531,88
681,74	1423,34
681,94	1566,70
682,13	1427,43
682,33	1519,59
682,53	1460,20
682,72	1509,35
682,92	1546,22
683,11	1480,68
683,31	1488,87
683,51	1423,34
683,70	1499,11
683,90	1499,11
684,09	1523,69
684,29	1554,41
684,48	1435,63
684,68	1507,30
684,88	1564,65
685,07	1466,35
685,27	1415,15
685,46	1480,68
685,66	1515,50
685,85	1548,26
686,05	1511,40
686,25	1482,73
686,44	1499,11
686,64	1509,35
686,83	1439,72
687,03	1523,69
687,22	1421,29
687,42	1505,26
687,61	1490,92
687,81	1527,78
688,01	1470,44
688,20	1445,87
688,40	1404,91
688,59	1503,21
688,79	1562,60
688,98	1538,02
689,18	1476,59
689,37	1466,35
689,57	1468,39
689,76	1499,11
689,96	1413,10
690,15	1525,74
690,35	1492,97
690,54	1486,83
690,74	1523,69
690,94	1507,30
691,13	1449,96
691,33	1554,41
691,52	1458,15
691,72	1486,83
691,91	1423,34
692,11	1550,31
692,30	1417,19
692,50	1503,21
692,69	1533,93
692,89	1509,35
693,08	1503,21
693,28	1529,83
693,47	1429,48
693,67	1529,83
693,86	1400,81
694,06	1527,78
694,25	1513,45
694,45	1515,50
694,64	1474,54
694,84	1521,64
695,03	1513,45
695,23	1435,63
695,42	1548,26
695,62	1456,11
695,81	1503,21
696,01	1574,89
696,20	1513,45
696,40	1509,35
696,59	1517,54
696,78	1503,21
696,98	1517,54
697,17	1427,43
697,37	1406,95
697,56	1398,76
697,76	1548,26
697,95	1513,45
698,15	1478,63
698,34	1558,50
698,54	1443,82
698,73	1626,09
698,93	1464,30
699,12	1419,24
699,32	1501,16
699,51	1488,87
699,70	1415,15
699,90	1492,97
700,09	1476,59
700,29	1497,07
700,48	1421,29
700,68	1531,88
700,87	1372,14
701,07	1509,35
701,26	1570,79
701,45	1488,87
701,65	1476,59
701,84	1462,25
702,04	1462,25
702,23	1484,78
702,43	1447,91
702,62	1490,92
702,81	1490,92
703,01	1443,82
703,20	1560,55
703,40	1411,05
703,59	1468,39
703,79	1466,35
703,98	1564,65
704,17	1447,91
704,37	1419,24
704,56	1454,06
704,76	1445,87
704,95	1372,14
705,14	1392,62
705,34	1488,87
705,53	1400,81
705,73	1306,60
705,92	1454,06
706,11	1531,88
706,31	1445,87
706,50	1419,24
706,70	1492,97
706,89	1437,67
707,08	1513,45
707,28	1492,97
707,47	1345,52
707,67	1466,35
707,86	1447,91
708,05	1452,01
708,25	1333,23
708,44	1359,85
708,64	1468,39
708,83	1466,35
709,02	1390,57
709,22	1435,63
709,41	1396,71
709,60	1538,02
709,80	1431,53
709,99	1413,10
710,19	1398,76
710,38	1374,19
710,57	1353,71
710,77	1380,33
710,96	1460,20
711,15	1400,81
711,35	1382,38
711,54	1449,96
711,73	1390,57
711,93	1300,46
712,12	1427,43
712,31	1458,15
712,51	1435,63
712,70	1368,04
712,89	1370,09
713,09	1347,56
713,28	1435,63
713,48	1359,85
713,67	1396,71
713,86	1370,09
714,06	1441,77
714,25	1402,86
714,44	1349,61
714,64	1429,48
714,83	1394,67
715,02	1368,04
715,22	1478,63
715,41	1333,23
715,60	1484,78
715,79	1370,09
715,99	1488,87
716,18	1380,33
716,37	1368,04
716,57	1390,57
716,76	1492,97
716,95	1431,53
717,15	1435,63
717,34	1396,71
717,53	1314,80
717,73	1472,49
717,92	1413,10
718,11	1531,88
718,31	1492,97
718,50	1388,52
718,69	1333,23
718,88	1484,78
719,08	1359,85
719,27	1449,96
719,46	1404,91
719,66	1460,20
719,85	1353,71
720,04	1486,83
720,23	1398,76
720,43	1376,24
720,62	1355,76
720,81	1402,86
721,01	1370,09
721,20	1445,87
721,39	1474,54
721,58	1386,47
721,78	1476,59
721,97	1366,00
722,16	1384,43
722,35	1427,43
722,55	1355,76
722,74	1437,67
722,93	1423,34
723,13	1361,90
723,32	1357,80
723,51	1318,89
723,70	1486,83
723,90	1406,95
724,09	1464,30
724,28	1445,87
724,47	1376,24
724,67	1431,53
724,86	1366,00
725,05	1316,84
725,24	1466,35
725,44	1402,86
725,63	1320,94
725,82	1341,42
726,01	1333,23
726,21	1466,35
726,40	1468,39
726,59	1488,87
726,78	1454,06
726,97	1445,87
727,17	1400,81
727,36	1380,33
727,55	1413,10
727,74	1421,29
727,94	1368,04
728,13	1439,72
728,32	1417,19
728,51	1304,56
728,70	1409,00
728,90	1343,47
729,09	1452,01
729,28	1386,47
729,47	1380,33
729,66	1368,04
729,86	1497,07
730,05	1351,66
730,24	1398,76
730,43	1386,47
730,63	1429,48
730,82	1382,38
731,01	1374,19
731,20	1402,86
731,39	1366,00
731,58	1386,47
731,78	1357,80
731,97	1404,91
732,16	1419,24
732,35	1458,15
732,54	1406,95
732,74	1497,07
732,93	1406,95
733,12	1468,39
733,31	1404,91
733,50	1386,47
733,69	1382,38
733,89	1558,50
734,08	1366,00
734,27	1337,32
734,46	1400,81
734,65	1413,10
734,84	1433,58
735,04	1390,57
735,23	1464,30
735,42	1392,62
735,61	1406,95
735,80	1456,11
735,99	1361,90
736,19	1458,15
736,38	1351,66
736,57	1406,95
736,76	1384,43
736,95	1454,06
737,14	1409,00
737,33	1449,96
737,53	1554,41
737,72	1449,96
737,91	1437,67
738,10	1429,48
738,29	1357,80
738,48	1535,98
738,67	1445,87
738,87	1437,67
739,06	1355,76
739,25	1472,49
739,44	1372,14
739,63	1423,34
739,82	1486,83
740,01	1452,01
740,20	1427,43
740,40	1398,76
740,59	1441,77
740,78	1437,67
740,97	1425,39
741,16	1406,95
741,35	1470,44
741,54	1509,35
741,73	1380,33
741,92	1447,91
742,12	1378,28
742,31	1404,91
742,50	1425,39
742,69	1488,87
742,88	1392,62
743,07	1368,04
743,26	1435,63
743,45	1433,58
743,64	1415,15
743,83	1529,83
744,02	1406,95
744,22	1480,68
744,41	1443,82
744,60	1423,34
744,79	1452,01
744,98	1396,71
745,17	1380,33
745,36	1525,74
745,55	1413,10
745,74	1419,24
745,93	1400,81
746,12	1464,30
746,31	1359,85
746,50	1427,43
746,70	1388,52
746,89	1488,87
747,08	1404,91
747,27	1423,34
747,46	1411,05
747,65	1392,62
747,84	1486,83
748,03	1423,34
748,22	1468,39
748,41	1488,87
748,60	1433,58
748,79	1415,15
748,98	1433,58
749,17	1462,25
749,36	1482,73
749,55	1449,96
749,74	1488,87
749,93	1468,39
750,12	1411,05
750,31	1417,19
750,50	1519,59
750,70	1423,34
750,89	1449,96
751,08	1535,98
751,27	1462,25
751,46	1439,72
751,65	1417,19
751,84	1439,72
752,03	1472,49
752,22	1519,59
752,41	1378,28
752,60	1484,78
752,79	1468,39
752,98	1423,34
753,17	1374,19
753,36	1443,82
753,55	1445,87
753,74	1423,34
753,93	1595,37
754,12	1431,53
754,31	1490,92
754,50	1488,87
754,69	1470,44
754,88	1423,34
755,07	1378,28
755,26	1447,91
755,45	1413,10
755,64	1558,50
755,83	1503,21
756,02	1513,45
756,21	1423,34
756,40	1466,35
756,59	1499,11
756,78	1525,74
756,97	1513,45
757,16	1595,37
757,35	1486,83
757,54	1351,66
757,72	1421,29
757,91	1507,30
758,10	1413,10
758,29	1398,76
758,48	1386,47
758,67	1449,96
758,86	1431,53
759,05	1425,39
759,24	1476,59
759,43	1546,22
759,62	1447,91
759,81	1501,16
760,00	1574,89
760,19	1449,96
760,38	1513,45
760,57	1482,73
760,76	1394,67
760,95	1482,73
761,14	1452,01
761,33	1413,10
761,52	1476,59
761,70	1419,24
761,89	1441,77
762,08	1447,91
762,27	1511,40
762,46	1456,11
762,65	1521,64
762,84	1452,01
763,03	1441,77
763,22	1388,52
763,41	1513,45
763,60	1517,54
763,79	1503,21
763,98	1503,21
764,16	1488,87
764,35	1546,22
764,54	1503,21
764,73	1458,15
764,92	1439,72
765,11	1533,93
765,30	1480,68
765,49	1472,49
765,68	1593,32
765,87	1507,30
766,06	1445,87
766,24	1478,63
766,43	1396,71
766,62	1470,44
766,81	1460,20
767,00	1521,64
767,19	1490,92
767,38	1583,08
767,57	1439,72
767,76	1452,01
767,94	1540,07
768,13	1544,17
768,32	1521,64
768,51	1452,01
768,70	1433,58
768,89	1583,08
769,08	1396,71
769,27	1503,21
769,45	1488,87
769,64	1540,07
769,83	1490,92
770,02	1482,73
770,21	1449,96
770,40	1482,73
770,59	1501,16
770,77	1470,44
770,96	1509,35
771,15	1456,11
771,34	1566,70
771,53	1529,83
771,72	1456,11
771,91	1507,30
772,09	1525,74
772,28	1413,10
772,47	1421,29
772,66	1533,93
772,85	1511,40
773,04	1466,35
773,22	1480,68
773,41	1562,60
773,60	1427,43
773,79	1497,07
773,98	1533,93
774,17	1406,95
774,35	1550,31
774,54	1538,02
774,73	1587,18
774,92	1538,02
775,11	1429,48
775,30	1613,80
775,48	1447,91
775,67	1476,59
775,86	1480,68
776,05	1605,61
776,24	1517,54
776,42	1531,88
776,61	1503,21
776,80	1492,97
776,99	1564,65
777,18	1513,45
777,36	1595,37
777,55	1488,87
777,74	1462,25
777,93	1552,36
778,12	1466,35
778,30	1548,26
778,49	1509,35
778,68	1505,26
778,87	1472,49
779,06	1529,83
779,24	1550,31
779,43	1574,89
779,62	1488,87
779,81	1460,20
779,99	1425,39
780,18	1617,90
780,37	1605,61
780,56	1617,90
780,75	1480,68
780,93	1624,04
781,12	1533,93
781,31	1497,07
781,50	1531,88
781,68	1550,31
781,87	1513,45
782,06	1509,35
782,25	1507,30
782,43	1497,07
782,62	1490,92
782,81	1474,54
783,00	1452,01
783,18	1478,63
783,37	1476,59
783,56	1511,40
783,75	1515,50
783,93	1466,35
784,12	1488,87
784,31	1525,74
784,50	1482,73
784,68	1470,44
784,87	1511,40
785,06	1554,41
785,24	1550,31
785,43	1591,27
785,62	1509,35
785,81	1605,61
785,99	1462,25
786,18	1398,76
786,37	1472,49
786,56	1454,06
786,74	1386,47
786,93	1478,63
787,12	1421,29
787,30	1409,00
787,49	1507,30
787,68	1544,17
787,87	1437,67
788,05	1452,01
788,24	1425,39
788,43	1470,44
788,61	1533,93
788,80	1449,96
788,99	1470,44
789,17	1470,44
789,36	1439,72
789,55	1413,10
789,73	1519,59
789,92	1394,67
790,11	1466,35
790,30	1495,02
790,48	1363,95
790,67	1445,87
790,86	1474,54
791,04	1474,54
791,23	1525,74
791,42	1562,60
791,60	1439,72
791,79	1554,41
791,98	1421,29
792,16	1574,89
792,35	1525,74
792,54	1423,34
792,72	1454,06
792,91	1511,40
793,10	1470,44
793,28	1445,87
793,47	1482,73
793,66	1335,28
793,84	1439,72
794,03	1468,39
794,22	1433,58
794,40	1476,59
794,59	1423,34
794,77	1409,00
794,96	1388,52
795,15	1476,59
795,33	1472,49
795,52	1488,87
795,71	1421,29
795,89	1482,73
796,08	1490,92
796,27	1497,07
796,45	1396,71
796,64	1452,01
796,82	1384,43
797,01	1429,48
797,20	1509,35
797,38	1454,06
797,57	1366,00
797,76	1452,01
797,94	1425,39
798,13	1439,72
798,31	1413,10
798,50	1396,71
798,69	1515,50
798,87	1415,15
799,06	1386,47
799,24	1372,14
799,43	1495,02
799,62	1427,43
799,80	1357,80
799,99	1531,88
800,17	1431,53
800,36	1435,63
800,55	1492,97
800,73	1449,96
800,92	1355,76
801,10	1363,95
801,29	1398,76
801,48	1460,20
801,66	1472,49
801,85	1396,71
802,03	1456,11
802,22	1413,10
802,40	1433,58
802,59	1423,34
802,78	1388,52
802,96	1429,48
803,15	1507,30
803,33	1366,00
803,52	1421,29
803,70	1376,24
803,89	1480,68
804,08	1390,57
804,26	1447,91
804,45	1425,39
804,63	1513,45
804,82	1443,82
805,00	1419,24
805,19	1363,95
805,37	1460,20
805,56	1476,59
805,74	1406,95
805,93	1337,32
806,12	1411,05
806,30	1435,63
806,49	1456,11
806,67	1460,20
806,86	1490,92
807,04	1449,96
807,23	1435,63
807,41	1460,20
807,60	1449,96
807,78	1421,29
807,97	1746,92
808,15	1318,89
808,34	1482,73
808,52	1398,76
808,71	1452,01
808,89	1437,67
809,08	1431,53
809,27	1345,52
809,45	1359,85
809,64	1433,58
809,82	1413,10
810,01	1447,91
810,19	1478,63
810,38	1435,63
810,56	1406,95
810,75	1443,82
810,93	1486,83
811,12	1390,57
811,30	1413,10
811,49	1476,59
811,67	1425,39
811,85	1519,59
812,04	1409,00
812,22	1452,01
812,41	1484,78
812,59	1441,77
812,78	1388,52
812,96	1406,95
813,15	1464,30
813,33	1423,34
813,52	1452,01
813,70	1484,78
813,89	1441,77
814,07	1488,87
814,26	1406,95
814,44	1394,67
814,63	1515,50
814,81	1390,57
815,00	1406,95
815,18	1470,44
815,36	1503,21
815,55	1359,85
815,73	1435,63
815,92	1445,87
816,10	1521,64
816,29	1484,78
816,47	1355,76
816,66	1490,92
816,84	1447,91
817,02	1503,21
817,21	1482,73
817,39	1464,30
817,58	1411,05
817,76	1345,52
817,95	1507,30
818,13	1343,47
818,32	1404,91
818,50	1454,06
818,68	1443,82
818,87	1402,86
819,05	1452,01
819,24	1437,67
819,42	1513,45
819,60	1398,76
819,79	1441,77
819,97	1398,76
820,16	1429,48
820,34	1445,87
820,53	1499,11
820,71	1458,15
820,89	1443,82
821,08	1394,67
821,26	1460,20
821,45	1454,06
821,63	1423,34
821,81	1439,72
822,00	1402,86
822,18	1480,68
822,37	1507,30
822,55	1466,35
822,73	1419,24
822,92	1495,02
823,10	1462,25
823,28	1456,11
823,47	1454,06
823,65	1443,82
823,84	1400,81
824,02	1488,87
824,20	1423,34
824,39	1490,92
824,57	1542,12
824,75	1443,82
824,94	1468,39
825,12	1548,26
825,31	1388,52
825,49	1523,69
825,67	1476,59
825,86	1513,45
826,04	1509,35
826,22	1433,58
826,41	1505,26
826,59	1511,40
826,77	1452,01
826,96	1421,29
827,14	1421,29
827,32	1406,95
827,51	1417,19
827,69	1521,64
827,87	1535,98
828,06	1527,78
828,24	1466,35
828,42	1421,29
828,61	1488,87
828,79	1519,59
828,97	1509,35
829,16	1529,83
829,34	1419,24
829,52	1468,39
829,71	1507,30
829,89	1521,64
830,07	1447,91
830,26	1486,83
830,44	1535,98
830,62	1540,07
830,81	1492,97
830,99	1452,01
831,17	1486,83
831,36	1404,91
831,54	1497,07
831,72	1572,84
831,91	1380,33
832,09	1484,78
832,27	1413,10
832,45	1505,26
832,64	1476,59
832,82	1589,22
833,00	1456,11
833,19	1488,87
833,37	1480,68
833,55	1472,49
833,73	1515,50
833,92	1486,83
834,10	1406,95
834,28	1495,02
834,47	1546,22
834,65	1449,96
834,83	1556,46
835,01	1495,02
835,20	1511,40
835,38	1517,54
835,56	1533,93
835,74	1558,50
835,93	1423,34
836,11	1560,55
836,29	1478,63
836,47	1529,83
836,66	1525,74
836,84	1531,88
837,02	1513,45
837,21	1517,54
837,39	1386,47
837,57	1583,08
837,75	1591,27
837,94	1447,91
838,12	1478,63
838,30	1546,22
838,48	1495,02
838,66	1505,26
838,85	1546,22
839,03	1538,02
839,21	1490,92
839,39	1515,50
839,58	1392,62
839,76	1497,07
839,94	1505,26
840,12	1505,26
840,31	1554,41
840,49	1525,74
840,67	1568,74
840,85	1472,49
841,03	1460,20
841,22	1533,93
841,40	1566,70
841,58	1538,02
841,76	1513,45
841,94	1439,72
842,13	1640,42
842,31	1550,31
842,49	1480,68
842,67	1492,97
842,85	1521,64
843,04	1626,09
843,22	1538,02
843,40	1472,49
843,58	1603,56
843,76	1486,83
843,95	1624,04
844,13	1535,98
844,31	1509,35
844,49	1499,11
844,67	1458,15
844,86	1546,22
845,04	1460,20
845,22	1445,87
845,40	1542,12
845,58	1574,89
845,76	1513,45
845,95	1568,74
846,13	1544,17
846,31	1611,75
846,49	1599,46
846,67	1538,02
846,85	1515,50
847,04	1562,60
847,22	1447,91
847,40	1509,35
847,58	1464,30
847,76	1576,94
847,94	1568,74
848,12	1574,89
848,31	1495,02
848,49	1458,15
848,67	1562,60
848,85	1583,08
849,03	1544,17
849,21	1630,18
849,39	1480,68
849,58	1527,78
849,76	1570,79
849,94	1619,94
850,12	1546,22
850,30	1558,50
850,48	1495,02
850,66	1562,60
850,84	1513,45
851,03	1595,37
851,21	1515,50
851,39	1566,70
851,57	1576,94
851,75	1587,18
851,93	1497,07
852,11	1587,18
852,29	1535,98
852,47	1509,35
852,66	1531,88
852,84	1501,16
853,02	1535,98
853,20	1650,66
853,38	1535,98
853,56	1677,29
853,74	1542,12
853,92	1525,74
854,10	1495,02
854,28	1548,26
854,46	1574,89
854,65	1540,07
854,83	1517,54
855,01	1546,22
855,19	1619,94
855,37	1517,54
855,55	1605,61
855,73	1613,80
855,91	1628,14
856,09	1593,32
856,27	1574,89
856,45	1546,22
856,63	1503,21
856,81	1550,31
857,00	1587,18
857,18	1574,89
857,36	1533,93
857,54	1636,33
857,72	1550,31
857,90	1599,46
858,08	1570,79
858,26	1701,86
858,44	1513,45
858,62	1505,26
858,80	1503,21
858,98	1603,56
859,16	1445,87
859,34	1556,46
859,52	1556,46
859,70	1624,04
859,88	1550,31
860,06	1597,42
860,24	1540,07
860,42	1550,31
860,60	1554,41
860,78	1566,70
860,96	1609,70
861,14	1624,04
861,32	1583,08
861,50	1546,22
861,69	1611,75
861,87	1576,94
862,05	1583,08
862,23	1492,97
862,41	1566,70
862,59	1574,89
862,77	1554,41
862,95	1585,13
863,13	1523,69
863,31	1552,36
863,49	1488,87
863,67	1566,70
863,85	1533,93
864,03	1542,12
864,21	1515,50
864,39	1642,47
864,57	1525,74
864,75	1566,70
864,92	1679,33
865,10	1595,37
865,28	1509,35
865,46	1546,22
865,64	1503,21
865,82	1636,33
866,00	1527,78
866,18	1585,13
866,36	1515,50
866,54	1564,65
866,72	1568,74
866,90	1531,88
867,08	1562,60
867,26	1531,88
867,44	1525,74
867,62	1519,59
867,80	1660,90
867,98	1527,78
868,16	1554,41
868,34	1634,28
868,52	1452,01
868,70	1564,65
868,88	1552,36
869,06	1499,11
869,24	1550,31
869,42	1503,21
869,59	1501,16
869,77	1515,50
869,95	1464,30
870,13	1515,50
870,31	1578,98
870,49	1525,74
870,67	1535,98
870,85	1505,26
871,03	1568,74
871,21	1703,91
871,39	1533,93
871,57	1583,08
871,75	1476,59
871,92	1585,13
872,10	1497,07
872,28	1417,19
872,46	1472,49
872,64	1472,49
872,82	1542,12
873,00	1546,22
873,18	1546,22
873,36	1492,97
873,54	1466,35
873,72	1581,03
873,89	1601,51
874,07	1533,93
874,25	1562,60
874,43	1488,87
874,61	1570,79
874,79	1597,42
874,97	1413,10
875,15	1595,37
875,33	1511,40
875,50	1607,66
875,68	1591,27
875,86	1605,61
876,04	1597,42
876,22	1550,31
876,40	1562,60
876,58	1576,94
876,76	1497,07
876,93	1531,88
877,11	1525,74
877,29	1578,98
877,47	1611,75
877,65	1550,31
877,83	1570,79
878,01	1480,68
878,18	1456,11
878,36	1593,32
878,54	1583,08
878,72	1433,58
878,90	1492,97
879,08	1480,68
879,25	1505,26
879,43	1548,26
879,61	1470,44
879,79	1519,59
879,97	1566,70
880,15	1480,68
880,32	1464,30
880,50	1617,90
880,68	1464,30
880,86	1544,17
881,04	1585,13
881,22	1531,88
881,39	1540,07
881,57	1597,42
881,75	1578,98
881,93	1609,70
882,11	1554,41
882,28	1482,73
882,46	1521,64
882,64	1587,18
882,82	1513,45
883,00	1505,26
883,18	1560,55
883,35	1507,30
883,53	1572,84
883,71	1574,89
883,89	1564,65
884,07	1509,35
884,24	1501,16
884,42	1505,26
884,60	1566,70
884,78	1617,90
884,95	1568,74
885,13	1550,31
885,31	1490,92
885,49	1527,78
885,67	1507,30
885,84	1452,01
886,02	1482,73
886,20	1503,21
886,38	1535,98
886,55	1562,60
886,73	1556,46
886,91	1640,42
887,09	1503,21
887,26	1538,02
887,44	1628,14
887,62	1601,51
887,80	1456,11
887,98	1517,54
888,15	1535,98
888,33	1595,37
888,51	1564,65
888,69	1546,22
888,86	1521,64
889,04	1572,84
889,22	1531,88
889,39	1595,37
889,57	1421,29
889,75	1589,22
889,93	1476,59
890,10	1552,36
890,28	1515,50
890,46	1513,45
890,64	1509,35
890,81	1515,50
890,99	1527,78
891,17	1460,20
891,34	1558,50
891,52	1525,74
891,70	1538,02
891,88	1523,69
892,05	1538,02
892,23	1462,25
892,41	1583,08
892,58	1452,01
892,76	1568,74
892,94	1468,39
893,12	1531,88
893,29	1570,79
893,47	1501,16
893,65	1566,70
893,82	1556,46
894,00	1501,16
894,18	1431,53
894,35	1527,78
894,53	1462,25
894,71	1472,49
894,89	1517,54
895,06	1511,40
895,24	1425,39
895,42	1445,87
895,59	1462,25
895,77	1406,95
895,95	1533,93
896,12	1421,29
896,30	1486,83
896,48	1495,02
896,65	1546,22
896,83	1535,98
897,01	1406,95
897,18	1521,64
897,36	1501,16
897,54	1505,26
897,71	1478,63
897,89	1497,07
898,07	1427,43
898,24	1478,63
898,42	1413,10
898,59	1550,31
898,77	1411,05
898,95	1366,00
899,12	1548,26
899,30	1529,83
899,48	1492,97
899,65	1460,20
899,83	1431,53
900,01	1519,59
900,18	1529,83
900,36	1507,30
900,53	1433,58
900,71	1587,18
900,89	1542,12
901,06	1515,50
901,24	1419,24
901,42	1542,12
901,59	1507,30
901,77	1578,98
901,94	1619,94
902,12	1445,87
902,30	1523,69
902,47	1447,91
902,65	1499,11
902,82	1419,24
903,00	1470,44
903,18	1546,22
903,35	1425,39
903,53	1439,72
903,70	1411,05
903,88	1554,41
904,06	1468,39
904,23	1548,26
904,41	1505,26
904,58	1529,83
904,76	1492,97
904,93	1484,78
905,11	1497,07
905,29	1499,11
905,46	1488,87
905,64	1511,40
905,81	1476,59
905,99	1521,64
906,16	1546,22
906,34	1361,90
906,52	1535,98
906,69	1478,63
906,87	1574,89
907,04	1439,72
907,22	1497,07
907,39	1564,65
907,57	1474,54
907,75	1548,26
907,92	1589,22
908,10	1578,98
908,27	1511,40
908,45	1470,44
908,62	1480,68
908,80	1478,63
908,97	1484,78
909,15	1517,54
909,32	1484,78
909,50	1554,41
909,67	1411,05
909,85	1511,40
910,03	1390,57
910,20	1499,11
910,38	1499,11
910,55	1540,07
910,73	1581,03
910,90	1488,87
911,08	1583,08
911,25	1519,59
911,43	1531,88
911,60	1495,02
911,78	1525,74
911,95	1470,44
912,13	1472,49
912,30	1474,54
912,48	1523,69
912,65	1495,02
912,83	1488,87
913,00	1513,45
913,18	1611,75
913,35	1458,15
913,53	1495,02
913,70	1593,32
913,88	1435,63
914,05	1570,79
914,23	1521,64
914,40	1523,69
914,58	1578,98
914,75	1574,89
914,93	1495,02
915,10	1515,50
915,27	1572,84
915,45	1509,35
915,62	1447,91
915,80	1544,17
915,97	1478,63
916,15	1581,03
916,32	1621,99
916,50	1486,83
916,67	1466,35
916,85	1501,16
917,02	1492,97
917,20	1644,52
917,37	1542,12
917,54	1583,08
917,72	1525,74
917,89	1591,27
918,07	1529,83
918,24	1576,94
918,42	1519,59
918,59	1488,87
918,77	1519,59
918,94	1505,26
919,11	1503,21
919,29	1599,46
919,46	1544,17
919,64	1527,78
919,81	1515,50
919,99	1497,07
920,16	1525,74
920,33	1531,88
920,51	1583,08
920,68	1583,08
920,86	1509,35
921,03	1607,66
921,20	1480,68
921,38	1482,73
921,55	1564,65
921,73	1515,50
921,90	1527,78
922,07	1478,63
922,25	1556,46
922,42	1597,42
922,60	1513,45
922,77	1492,97
922,94	1542,12
923,12	1540,07
923,29	1654,76
923,47	1591,27
923,64	1499,11
923,81	1585,13
923,99	1462,25
924,16	1513,45
924,34	1566,70
924,51	1585,13
924,68	1630,18
924,86	1462,25
925,03	1587,18
925,20	1560,55
925,38	1546,22
925,55	1562,60
925,72	1533,93
925,90	1484,78
926,07	1480,68
926,25	1562,60
926,42	1593,32
926,59	1572,84
926,77	1568,74
926,94	1607,66
927,11	1583,08
927,29	1525,74
927,46	1513,45
927,63	1540,07
927,81	1544,17
927,98	1624,04
928,15	1607,66
928,33	1636,33
928,50	1486,83
928,67	1570,79
928,85	1574,89
929,02	1593,32
929,19	1658,85
929,37	1607,66
929,54	1462,25
929,71	1656,81
929,89	1601,51
930,06	1591,27
930,23	1611,75
930,41	1572,84
930,58	1447,91
930,75	1572,84
930,92	1531,88
931,10	1542,12
931,27	1558,50
931,44	1640,42
931,62	1523,69
931,79	1654,76
931,96	1591,27
932,14	1593,32
932,31	1585,13
932,48	1599,46
932,65	1521,64
932,83	1593,32
933,00	1517,54
933,17	1603,56
933,35	1697,77
933,52	1601,51
933,69	1662,95
933,86	1572,84
934,04	1576,94
934,21	1538,02
934,38	1687,53
934,55	1495,02
934,73	1423,34
934,90	1533,93
935,07	1638,38
935,25	1630,18
935,42	1550,31
935,59	1497,07
935,76	1599,46
935,94	1595,37
936,11	1634,28
936,28	1591,27
936,45	1607,66
936,63	1513,45
936,80	1564,65
936,97	1593,32
937,14	1632,23
937,31	1667,05
937,49	1578,98
937,66	1585,13
937,83	1587,18
938,00	1531,88
938,18	1529,83
938,35	1581,03
938,52	1566,70
938,69	1456,11
938,87	1574,89
939,04	1544,17
939,21	1554,41
939,38	1550,31
939,55	1511,40
939,73	1529,83
939,90	1554,41
940,07	1605,61
940,24	1558,50
940,41	1568,74
940,59	1574,89
940,76	1611,75
940,93	1531,88
941,10	1490,92
941,27	1533,93
941,45	1591,27
941,62	1619,94
941,79	1591,27
941,96	1611,75
942,13	1697,77
942,31	1554,41
942,48	1656,81
942,65	1603,56
942,82	1546,22
942,99	1642,47
943,16	1505,26
943,34	1605,61
943,51	1564,65
943,68	1523,69
943,85	1535,98
944,02	1497,07
944,19	1462,25
944,37	1564,65
944,54	1495,02
944,71	1619,94
944,88	1607,66
945,05	1650,66
945,22	1605,61
945,40	1589,22
945,57	1525,74
945,74	1574,89
945,91	1535,98
946,08	1589,22
946,25	1560,55
946,42	1619,94
946,60	1519,59
946,77	1615,85
946,94	1595,37
947,11	1624,04
947,28	1581,03
947,45	1499,11
947,62	1611,75
947,79	1535,98
947,97	1605,61
948,14	1640,42
948,31	1574,89
948,48	1578,98
948,65	1507,30
948,82	1535,98
948,99	1550,31
949,16	1552,36
949,33	1546,22
949,51	1550,31
949,68	1599,46
949,85	1499,11
950,02	1548,26
950,19	1626,09
950,36	1595,37
950,53	1560,55
950,70	1568,74
950,87	1503,21
951,04	1529,83
951,22	1507,30
951,39	1650,66
951,56	1572,84
951,73	1548,26
951,90	1501,16
952,07	1583,08
952,24	1611,75
952,41	1523,69
952,58	1542,12
952,75	1517,54
952,92	1542,12
953,09	1519,59
953,26	1556,46
953,43	1546,22
953,61	1599,46
953,78	1609,70
953,95	1554,41
954,12	1585,13
954,29	1470,44
954,46	1456,11
954,63	1578,98
954,80	1673,19
954,97	1503,21
955,14	1527,78
955,31	1492,97
955,48	1533,93
955,65	1427,43
955,82	1456,11
955,99	1583,08
956,16	1529,83
956,33	1695,72
956,50	1507,30
956,67	1519,59
956,84	1466,35
957,01	1560,55
957,18	1568,74
957,35	1501,16
957,52	1554,41
957,69	1564,65
957,86	1464,30
958,03	1443,82
958,20	1509,35
958,37	1499,11
958,54	1488,87
958,71	1542,12
958,88	1644,52
959,05	1595,37
959,22	1472,49
959,39	1558,50
959,56	1490,92
959,73	1554,41
959,90	1599,46
960,07	1507,30
960,24	1517,54
960,41	1464,30
960,58	1439,72
960,75	1525,74
960,92	1607,66
961,09	1521,64
961,26	1624,04
961,43	1531,88
961,60	1497,07
961,77	1556,46
961,94	1511,40
962,11	1476,59
962,28	1515,50
962,45	1533,93
962,62	1435,63
962,79	1486,83
962,96	1605,61
963,13	1468,39
963,30	1462,25
963,47	1548,26
963,64	1509,35
963,81	1626,09
963,98	1492,97
964,14	1495,02
964,31	1497,07
964,48	1560,55
964,65	1564,65
964,82	1468,39
964,99	1552,36
965,16	1486,83
965,33	1441,77
965,50	1476,59
965,67	1529,83
965,84	1476,59
966,01	1552,36
966,18	1437,67
966,35	1495,02
966,51	1515,50
966,68	1597,42
966,85	1449,96
967,02	1613,80
967,19	1443,82
967,36	1468,39
967,53	1425,39
967,70	1486,83
967,87	1484,78
968,04	1486,83
968,21	1452,01
968,37	1505,26
968,54	1411,05
968,71	1578,98
968,88	1460,20
969,05	1441,77
969,22	1390,57
969,39	1415,15
969,56	1474,54
969,72	1585,13
969,89	1525,74
970,06	1523,69
970,23	1470,44
970,40	1519,59
970,57	1488,87
970,74	1509,35
970,91	1433,58
971,07	1525,74
971,24	1480,68
971,41	1464,30
971,58	1521,64
971,75	1423,34
971,92	1421,29
972,09	1441,77
972,25	1411,05
972,42	1429,48
972,59	1390,57
972,76	1470,44
972,93	1433,58
973,10	1384,43
973,27	1566,70
973,43	1447,91
973,60	1409,00
973,77	1480,68
973,94	1413,10
974,11	1560,55
974,28	1480,68
974,44	1486,83
974,61	1486,83
974,78	1411,05
974,95	1431,53
975,12	1439,72
975,28	1466,35
975,45	1445,87
975,62	1519,59
975,79	1445,87
975,96	1435,63
976,12	1417,19
976,29	1480,68
976,46	1357,80
976,63	1427,43
976,80	1398,76
976,96	1470,44
977,13	1460,20
977,30	1458,15
977,47	1560,55
977,64	1433,58
977,80	1417,19
977,97	1394,67
978,14	1513,45
978,31	1429,48
978,48	1507,30
978,64	1441,77
978,81	1472,49
978,98	1361,90
979,15	1402,86
979,31	1376,24
979,48	1396,71
979,65	1406,95
979,82	1466,35
979,98	1374,19
980,15	1505,26
980,32	1476,59
980,49	1357,80
980,66	1427,43
980,82	1452,01
980,99	1415,15
981,16	1415,15
981,33	1501,16
981,49	1484,78
981,66	1415,15
981,83	1349,61
981,99	1441,77
982,16	1361,90
982,33	1419,24
982,50	1386,47
982,66	1417,19
982,83	1394,67
983,00	1439,72
983,17	1419,24
983,33	1398,76
983,50	1421,29
983,67	1454,06
983,83	1382,38
984,00	1384,43
984,17	1515,50
984,34	1488,87
984,50	1419,24
984,67	1435,63
984,84	1419,24
985,00	1421,29
985,17	1447,91
985,34	1435,63
985,51	1402,86
985,67	1390,57
985,84	1394,67
986,01	1404,91
986,17	1374,19
986,34	1384,43
986,51	1488,87
986,67	1402,86
986,84	1392,62
987,01	1423,34
987,17	1474,54
987,34	1398,76
987,51	1454,06
987,67	1484,78
987,84	1454,06
988,01	1566,70
988,17	1351,66
988,34	1370,09
988,51	1400,81
988,67	1462,25
988,84	1409,00
989,01	1433,58
989,17	1329,13
989,34	1495,02
989,51	1544,17
989,67	1380,33
989,84	1419,24
990,01	1343,47
990,17	1470,44
990,34	1419,24
990,51	1396,71
990,67	1439,72
990,84	1398,76
991,01	1351,66
991,17	1339,37
991,34	1427,43
991,50	1413,10
991,67	1435,63
991,84	1368,04
992,00	1423,34
992,17	1339,37
992,34	1460,20
992,50	1515,50
992,67	1347,56
992,83	1478,63
993,00	1454,06
993,17	1454,06
993,33	1429,48
993,50	1372,14
993,66	1419,24
993,83	1507,30
994,00	1386,47
994,16	1390,57
994,33	1466,35
994,49	1421,29
994,66	1396,71
994,83	1433,58
994,99	1456,11
995,16	1474,54
995,32	1439,72
995,49	1499,11
995,66	1476,59
995,82	1372,14
995,99	1423,34
996,15	1376,24
996,32	1390,57
996,48	1437,67
996,65	1359,85
996,82	1425,39
996,98	1396,71
997,15	1484,78
997,31	1443,82
997,48	1503,21
997,64	1349,61
997,81	1507,30
997,97	1445,87
998,14	1378,28
998,31	1447,91
998,47	1413,10
998,64	1447,91
998,80	1349,61
998,97	1470,44
999,13	1466,35
999,30	1413,10
999,46	1374,19
999,63	1433,58
999,79	1433,58
999,96	1538,02
1000,12	1341,42
1000,29	1398,76
1000,45	1318,89
1000,62	1390,57
1000,79	1468,39
1000,95	1468,39
1001,12	1361,90
1001,28	1423,34
1001,45	1441,77
1001,61	1406,95
1001,78	1359,85
1001,94	1460,20
1002,11	1527,78
1002,27	1406,95
1002,44	1406,95
1002,60	1378,28
1002,77	1515,50
1002,93	1492,97
1003,10	1480,68
1003,26	1425,39
1003,43	1517,54
1003,59	1466,35
1003,76	1449,96
1003,92	1400,81
1004,09	1394,67
1004,25	1492,97
1004,41	1429,48
1004,58	1429,48
1004,74	1425,39
1004,91	1423,34
1005,07	1415,15
1005,24	1462,25
1005,40	1419,24
1005,57	1388,52
1005,73	1486,83
1005,90	1447,91
1006,06	1480,68
1006,23	1406,95
1006,39	1386,47
1006,55	1406,95
1006,72	1406,95
1006,88	1343,47
1007,05	1437,67
1007,21	1409,00
1007,38	1443,82
1007,54	1439,72
1007,71	1388,52
1007,87	1470,44
1008,03	1509,35
1008,20	1468,39
1008,36	1415,15
1008,53	1435,63
1008,69	1439,72
1008,86	1468,39
1009,02	1359,85
1009,18	1509,35
1009,35	1437,67
1009,51	1380,33
1009,68	1386,47
1009,84	1470,44
1010,01	1355,76
1010,17	1419,24
1010,33	1409,00
1010,50	1361,90
1010,66	1443,82
1010,83	1433,58
1010,99	1484,78
1011,15	1322,99
1011,32	1425,39
1011,48	1400,81
1011,65	1425,39
1011,81	1355,76
1011,97	1390,57
1012,14	1470,44
1012,30	1400,81
1012,46	1333,23
1012,63	1411,05
1012,79	1384,43
1012,96	1411,05
1013,12	1417,19
1013,28	1415,15
1013,45	1333,23
1013,61	1376,24
1013,77	1468,39
1013,94	1400,81
1014,10	1404,91
1014,26	1380,33
1014,43	1406,95
1014,59	1413,10
1014,76	1400,81
1014,92	1529,83
1015,08	1368,04
1015,25	1353,71
1015,41	1476,59
1015,57	1452,01
1015,74	1355,76
1015,90	1435,63
1016,06	1406,95
1016,23	1458,15
1016,39	1398,76
1016,55	1456,11
1016,72	1423,34
1016,88	1419,24
1017,04	1345,52
1017,21	1372,14
1017,37	1308,65
1017,53	1423,34
1017,70	1392,62
1017,86	1402,86
1018,02	1376,24
1018,19	1382,38
1018,35	1382,38
1018,51	1435,63
1018,67	1443,82
1018,84	1402,86
1019,00	1417,19
1019,16	1513,45
1019,33	1447,91
1019,49	1476,59
1019,65	1368,04
1019,82	1390,57
1019,98	1423,34
1020,14	1396,71
1020,30	1523,69
1020,47	1337,32
1020,63	1423,34
1020,79	1454,06
1020,96	1320,94
1021,12	1433,58
1021,28	1478,63
1021,44	1376,24
1021,61	1406,95
1021,77	1406,95
1021,93	1421,29
1022,09	1435,63
1022,26	1443,82
1022,42	1382,38
1022,58	1454,06
1022,74	1370,09
1022,91	1388,52
1023,07	1343,47
1023,23	1411,05
1023,39	1447,91
1023,56	1374,19
1023,72	1511,40
1023,88	1314,80
1024,04	1431,53
1024,21	1445,87
1024,37	1417,19
1024,53	1466,35
1024,69	1402,86
1024,86	1458,15
1025,02	1431,53
1025,18	1413,10
1025,34	1368,04
1025,50	1484,78
1025,67	1409,00
1025,83	1390,57
1025,99	1484,78
1026,15	1538,02
1026,32	1409,00
1026,48	1361,90
1026,64	1437,67
1026,80	1449,96
1026,96	1447,91
1027,13	1456,11
1027,29	1435,63
1027,45	1435,63
1027,61	1380,33
1027,77	1392,62
1027,94	1476,59
1028,10	1394,67
1028,26	1292,27
1028,42	1380,33
1028,58	1439,72
1028,75	1361,90
1028,91	1388,52
1029,07	1386,47
1029,23	1456,11
1029,39	1437,67
1029,55	1394,67
1029,72	1378,28
1029,88	1413,10
1030,04	1464,30
1030,20	1392,62
1030,36	1339,37
1030,52	1372,14
1030,69	1409,00
1030,85	1361,90
1031,01	1406,95
1031,17	1411,05
1031,33	1458,15
1031,49	1409,00
1031,65	1366,00
1031,82	1458,15
1031,98	1398,76
1032,14	1425,39
1032,30	1368,04
1032,46	1431,53
1032,62	1423,34
1032,78	1425,39
1032,95	1388,52
1033,11	1427,43
1033,27	1425,39
1033,43	1413,10
1033,59	1449,96
1033,75	1388,52
1033,91	1400,81
1034,07	1435,63
1034,24	1456,11
1034,40	1372,14
1034,56	1421,29
1034,72	1468,39
1034,88	1492,97
1035,04	1394,67
1035,20	1439,72
1035,36	1318,89
1035,52	1421,29
1035,68	1331,18
1035,85	1374,19
1036,01	1456,11
1036,17	1484,78
1036,33	1382,38
1036,49	1390,57
1036,65	1413,10
1036,81	1417,19
1036,97	1386,47
1037,13	1398,76
1037,29	1417,19
1037,45	1435,63
1037,61	1415,15
1037,78	1462,25
1037,94	1376,24
1038,10	1409,00
1038,26	1421,29
1038,42	1437,67
1038,58	1484,78
1038,74	1366,00
1038,90	1398,76
1039,06	1406,95
1039,22	1464,30
1039,38	1419,24
1039,54	1417,19
1039,70	1431,53
1039,86	1458,15
1040,02	1445,87
1040,18	1538,02
1040,34	1404,91
1040,50	1433,58
1040,66	1449,96
1040,83	1447,91
1040,99	1411,05
1041,15	1546,22
1041,31	1476,59
1041,47	1368,04
1041,63	1458,15
1041,79	1456,11
1041,95	1433,58
1042,11	1374,19
1042,27	1464,30
1042,43	1355,76
1042,59	1456,11
1042,75	1359,85
1042,91	1445,87
