344,25	1284,08
344,46	1284,08
344,68	1284,08
344,90	1218,54
345,12	1243,12
345,34	1337,32
345,55	1476,59
345,77	1394,67
345,99	1431,53
346,21	1486,83
346,42	1357,80
346,64	1423,34
346,86	1370,09
347,08	1478,63
347,30	1390,57
347,51	1468,39
347,73	1474,54
347,95	1447,91
348,17	1333,23
348,38	1366,00
348,60	1398,76
348,82	1441,77
349,04	1413,10
349,25	1511,40
349,47	1476,59
349,69	1439,72
349,91	1478,63
350,13	1462,25
350,34	1470,44
350,56	1333,23
350,78	1429,48
351,00	1425,39
351,21	1478,63
351,43	1409,00
351,65	1361,90
351,87	1478,63
352,08	1372,14
352,30	1423,34
352,52	1361,90
352,74	1384,43
352,95	1384,43
353,17	1357,80
353,39	1388,52
353,61	1404,91
353,82	1464,30
354,04	1478,63
354,26	1540,07
354,47	1458,15
354,69	1488,87
354,91	1439,72
355,13	1409,00
355,34	1460,20
355,56	1480,68
355,78	1447,91
356,00	1460,20
356,21	1388,52
356,43	1398,76
356,65	1398,76
356,86	1482,73
357,08	1552,36
357,30	1441,77
357,52	1464,30
357,73	1439,72
357,95	1437,67
358,17	1341,42
358,38	1509,35
358,60	1488,87
358,82	1460,20
359,04	1476,59
359,25	1501,16
359,47	1538,02
359,69	1462,25
359,90	1490,92
360,12	1517,54
360,34	1511,40
360,56	1525,74
360,77	1535,98
360,99	1593,32
361,21	1550,31
361,42	1560,55
361,64	1644,52
361,86	1599,46
362,07	1597,42
362,29	1558,50
362,51	1552,36
362,73	1578,98
362,94	1523,69
363,16	1665,00
363,38	1607,66
363,59	1589,22
363,81	1578,98
364,03	1628,14
364,24	1648,61
364,46	1533,93
364,68	1603,56
364,89	1576,94
365,11	1677,29
365,33	1638,38
365,54	1669,09
365,76	1636,33
365,98	1693,67
366,19	1730,53
366,41	1728,49
366,63	1572,84
366,84	1687,53
367,06	1568,74
367,28	1697,77
367,49	1681,38
367,71	1617,90
367,93	1591,27
368,14	1681,38
368,36	1585,13
368,58	1595,37
368,79	1611,75
369,01	1693,67
369,23	1677,29
369,44	1699,81
369,66	1589,22
369,88	1755,11
370,09	1593,32
370,31	1650,66
370,53	1673,19
370,74	1550,31
370,96	1626,09
371,18	1652,71
371,39	1642,47
371,61	1648,61
371,82	1693,67
372,04	1578,98
372,26	1581,03
372,47	1593,32
372,69	1615,85
372,91	1751,01
373,12	1648,61
373,34	1560,55
373,56	1570,79
373,77	1621,99
373,99	1646,57
374,20	1667,05
374,42	1718,25
374,64	1650,66
374,85	1570,79
375,07	1564,65
375,29	1642,47
375,50	1599,46
375,72	1578,98
375,93	1679,33
376,15	1525,74
376,37	1548,26
376,58	1556,46
376,80	1593,32
377,01	1570,79
377,23	1574,89
377,45	1533,93
377,66	1484,78
377,88	1601,51
378,10	1513,45
378,31	1501,16
378,53	1570,79
378,74	1546,22
378,96	1603,56
379,18	1535,98
379,39	1531,88
379,61	1454,06
379,82	1533,93
380,04	1468,39
380,26	1560,55
380,47	1478,63
380,69	1562,60
380,90	1519,59
381,12	1388,52
381,33	1523,69
381,55	1488,87
381,77	1445,87
381,98	1474,54
382,20	1384,43
382,41	1488,87
382,63	1439,72
382,85	1486,83
383,06	1621,99
383,28	1548,26
383,49	1423,34
383,71	1503,21
383,92	1499,11
384,14	1435,63
384,36	1417,19
384,57	1468,39
384,79	1400,81
385,00	1406,95
385,22	1429,48
385,43	1439,72
385,65	1509,35
385,87	1425,39
386,08	1345,52
386,30	1488,87
386,51	1484,78
386,73	1427,43
386,94	1382,38
387,16	1484,78
387,37	1523,69
387,59	1441,77
387,81	1546,22
388,02	1499,11
388,24	1421,29
388,45	1429,48
388,67	1431,53
388,88	1517,54
389,10	1466,35
389,31	1562,60
389,53	1492,97
389,75	1501,16
389,96	1507,30
390,18	1507,30
390,39	1443,82
390,61	1482,73
390,82	1449,96
391,04	1411,05
391,25	1472,49
391,47	1513,45
391,68	1458,15
391,90	1476,59
392,11	1480,68
392,33	1515,50
392,54	1460,20
392,76	1443,82
392,97	1427,43
393,19	1495,02
393,41	1574,89
393,62	1505,26
393,84	1554,41
394,05	1509,35
394,27	1435,63
394,48	1445,87
394,70	1533,93
394,91	1499,11
395,13	1445,87
395,34	1578,98
395,56	1605,61
395,77	1490,92
395,99	1445,87
396,20	1560,55
396,42	1439,72
396,63	1474,54
396,85	1468,39
397,06	1495,02
397,28	1480,68
397,49	1589,22
397,71	1402,86
397,92	1452,01
398,14	1578,98
398,35	1626,09
398,57	1576,94
398,78	1525,74
399,00	1624,04
399,21	1544,17
399,43	1572,84
399,64	1581,03
399,86	1581,03
400,07	1603,56
400,29	1626,09
400,50	1652,71
400,72	1650,66
400,93	1570,79
401,14	1525,74
401,36	1609,70
401,57	1603,56
401,79	1658,85
402,00	1587,18
402,22	1595,37
402,43	1597,42
402,65	1599,46
402,86	1521,64
403,08	1705,96
403,29	1570,79
403,51	1658,85
403,72	1591,27
403,94	1574,89
404,15	1648,61
404,36	1667,05
404,58	1892,32
404,79	1642,47
405,01	1611,75
405,22	1605,61
405,44	1564,65
405,65	1619,94
405,87	1546,22
406,08	1632,23
406,30	1556,46
406,51	1527,78
406,72	1605,61
406,94	1554,41
407,15	1587,18
407,37	1599,46
407,58	1554,41
407,80	1578,98
408,01	1523,69
408,23	1603,56
408,44	1650,66
408,65	1488,87
408,87	1507,30
409,08	1515,50
409,30	1644,52
409,51	1554,41
409,73	1497,07
409,94	1556,46
410,15	1611,75
410,37	1621,99
410,58	1535,98
410,80	1558,50
411,01	1472,49
411,23	1583,08
411,44	1576,94
411,65	1585,13
411,87	1562,60
412,08	1570,79
412,30	1581,03
412,51	1490,92
412,72	1597,42
412,94	1621,99
413,15	1538,02
413,37	1564,65
413,58	1585,13
413,79	1501,16
414,01	1583,08
414,22	1619,94
414,44	1589,22
414,65	1578,98
414,86	1484,78
415,08	1464,30
415,29	1474,54
415,51	1538,02
415,72	1581,03
415,93	1495,02
416,15	1513,45
416,36	1591,27
416,58	1566,70
416,79	1615,85
417,00	1642,47
417,22	1501,16
417,43	1515,50
417,65	1587,18
417,86	1656,81
418,07	1595,37
418,29	1597,42
418,50	1574,89
418,71	1603,56
418,93	1468,39
419,14	1529,83
419,36	1570,79
419,57	1601,51
419,78	1658,85
420,00	1464,30
420,21	1599,46
420,42	1597,42
420,64	1681,38
420,85	1695,72
421,06	1605,61
421,28	1572,84
421,49	1540,07
421,71	1613,80
421,92	1615,85
422,13	1665,00
422,35	1701,86
422,56	1656,81
422,77	1683,43
422,99	1527,78
423,20	1660,90
423,41	1603,56
423,63	1597,42
423,84	1656,81
424,05	1665,00
424,27	1701,86
424,48	1650,66
424,69	1669,09
424,91	2111,46
425,12	1673,19
425,33	1621,99
425,55	1619,94
425,76	1617,90
425,97	1660,90
426,19	1736,68
426,40	1738,73
426,61	1716,20
426,83	1742,82
427,04	1673,19
427,25	1751,01
427,47	1751,01
427,68	1720,29
427,89	1718,25
428,11	1613,80
428,32	1683,43
428,53	1746,92
428,75	1603,56
428,96	1781,73
429,17	1671,14
429,39	1667,05
429,60	1609,70
429,81	1763,30
430,03	1685,48
430,24	1701,86
430,45	1609,70
430,67	1646,57
430,88	1718,25
431,09	1728,49
431,30	1699,81
431,52	1654,76
431,73	1691,62
431,94	1675,24
432,16	1693,67
432,37	1607,66
432,58	1609,70
432,80	1660,90
433,01	1734,63
433,22	1601,51
433,43	1701,86
433,65	1583,08
433,86	1544,17
434,07	1593,32
434,29	1570,79
434,50	1546,22
434,71	1636,33
434,92	1710,05
435,14	1538,02
435,35	1521,64
435,56	1550,31
435,77	1568,74
435,99	1675,24
436,20	1552,36
436,41	1581,03
436,63	1601,51
436,84	1632,23
437,05	1591,27
437,26	1482,73
437,48	1683,43
437,69	1527,78
437,90	1683,43
438,11	1593,32
438,33	1462,25
438,54	1507,30
438,75	1697,77
438,96	1601,51
439,18	1632,23
439,39	1630,18
439,60	1499,11
439,82	1527,78
440,03	1566,70
440,24	1656,81
440,45	1452,01
440,67	1546,22
440,88	1568,74
441,09	1636,33
441,30	1630,18
441,51	1595,37
441,73	1533,93
441,94	1531,88
442,15	1556,46
442,36	1642,47
442,58	1544,17
442,79	1546,22
443,00	1556,46
443,21	1652,71
443,43	1499,11
443,64	1593,32
443,85	1540,07
444,06	1609,70
444,28	1642,47
444,49	1599,46
444,70	1615,85
444,91	1736,68
445,12	1626,09
445,34	1556,46
445,55	1662,95
445,76	1685,48
445,97	1638,38
446,18	1568,74
446,40	1679,33
446,61	1597,42
446,82	1693,67
447,03	1619,94
447,25	1624,04
447,46	1654,76
447,67	1550,31
447,88	1662,95
448,09	1699,81
448,31	1759,21
448,52	1718,25
448,73	1742,82
448,94	1708,01
449,15	1669,09
449,37	1744,87
449,58	1712,10
449,79	1773,54
450,00	1914,85
450,21	1804,26
450,43	1732,58
450,64	1806,31
450,85	1757,16
451,06	1943,52
451,27	1812,45
451,48	1705,96
451,70	1800,16
451,91	1865,70
452,12	1841,12
452,33	2070,50
452,54	1699,81
452,76	2033,63
452,97	2033,63
453,18	1886,18
453,39	1947,62
453,60	1992,67
453,81	1904,61
454,03	2019,30
454,24	1996,77
454,45	1972,19
454,66	1970,15
454,87	2093,02
455,08	1986,53
455,30	2197,47
455,51	2029,54
455,72	2144,22
455,93	1923,04
456,14	2068,45
456,35	1961,95
456,56	2353,12
456,78	2043,87
456,99	2146,27
457,20	2039,78
457,41	2181,09
457,62	2013,15
457,83	2234,33
458,04	1994,72
458,26	2060,26
458,47	1970,15
458,68	2045,92
458,89	1904,61
459,10	1880,04
459,31	2068,45
459,52	2066,40
459,74	1949,67
459,95	2000,87
460,16	1908,71
460,37	2027,49
460,58	1886,18
460,79	2009,06
461,00	1925,09
461,21	1910,75
461,43	1861,60
461,64	1865,70
461,85	1732,58
462,06	1675,24
462,27	1734,63
462,48	1931,23
462,69	1746,92
462,90	1775,59
463,12	1959,91
463,33	1834,98
463,54	1691,62
463,75	1738,73
463,96	1767,40
464,17	1765,35
464,38	1669,09
464,59	1759,21
464,80	1626,09
465,01	1601,51
465,23	1708,01
465,44	1734,63
465,65	1615,85
465,86	1585,13
466,07	1632,23
466,28	1679,33
466,49	1705,96
466,70	1689,57
466,91	1658,85
467,12	1583,08
467,33	1607,66
467,55	1679,33
467,76	1607,66
467,97	1501,16
468,18	1619,94
468,39	1726,44
468,60	1693,67
468,81	1595,37
469,02	1601,51
469,23	1531,88
469,44	1548,26
469,65	1562,60
469,86	1574,89
470,07	1572,84
470,29	1695,72
470,50	1630,18
470,71	1599,46
470,92	1599,46
471,13	1529,83
471,34	1626,09
471,55	1513,45
471,76	1630,18
471,97	1562,60
472,18	1576,94
472,39	1566,70
472,60	1558,50
472,81	1642,47
473,02	1566,70
473,23	1585,13
473,44	1519,59
473,65	1568,74
473,87	1513,45
474,08	1576,94
474,29	1488,87
474,50	1595,37
474,71	1589,22
474,92	1523,69
475,13	1583,08
475,34	1535,98
475,55	1472,49
475,76	1497,07
475,97	1617,90
476,18	1564,65
476,39	1507,30
476,60	1499,11
476,81	1527,78
477,02	1521,64
477,23	1564,65
477,44	1492,97
477,65	1458,15
477,86	1615,85
478,07	1513,45
478,28	1533,93
478,49	1517,54
478,70	1554,41
478,91	1535,98
479,12	1492,97
479,33	1562,60
479,54	1490,92
479,75	1572,84
479,96	1519,59
480,17	1490,92
480,38	1386,47
480,59	1525,74
480,80	1484,78
481,01	1531,88
481,22	1460,20
481,43	1492,97
481,64	1583,08
481,85	1468,39
482,06	1480,68
482,27	1515,50
482,48	1507,30
482,69	1621,99
482,90	1482,73
483,11	1495,02
483,32	1544,17
483,53	1435,63
483,74	1474,54
483,95	1421,29
484,16	1460,20
484,37	1503,21
484,58	1527,78
484,79	1517,54
485,00	1546,22
485,21	1417,19
485,42	1464,30
485,63	1585,13
485,84	1468,39
486,05	1466,35
486,26	1472,49
486,47	1521,64
486,68	1445,87
486,89	1447,91
487,10	1441,77
487,31	1482,73
487,52	1503,21
487,73	1521,64
487,94	1452,01
488,15	1413,10
488,36	1587,18
488,57	1464,30
488,77	1456,11
488,98	1480,68
489,19	1419,24
489,40	1445,87
489,61	1486,83
489,82	1517,54
490,03	1478,63
490,24	1417,19
490,45	1535,98
490,66	1431,53
490,87	1544,17
491,08	1417,19
491,29	1482,73
491,50	1400,81
491,71	1472,49
491,92	1484,78
492,13	1482,73
492,33	1406,95
492,54	1445,87
492,75	1404,91
492,96	1458,15
493,17	1439,72
493,38	1439,72
493,59	1452,01
493,80	1484,78
494,01	1478,63
494,22	1398,76
494,43	1499,11
494,64	1468,39
494,85	1468,39
495,05	1372,14
495,26	1437,67
495,47	1466,35
495,68	1472,49
495,89	1419,24
496,10	1361,90
496,31	1552,36
496,52	1466,35
496,73	1544,17
496,94	1482,73
497,15	1550,31
497,35	1400,81
497,56	1429,48
497,77	1509,35
497,98	1433,58
498,19	1454,06
498,40	1472,49
498,61	1544,17
498,82	1331,18
499,03	1388,52
499,23	1449,96
499,44	1527,78
499,65	1529,83
499,86	1480,68
500,07	1462,25
500,28	1419,24
500,49	1435,63
500,70	1368,04
500,91	1402,86
501,11	1468,39
501,32	1458,15
501,53	1433,58
501,74	1564,65
501,95	1419,24
502,16	1452,01
502,37	1425,39
502,57	1423,34
502,78	1517,54
502,99	1476,59
503,20	1529,83
503,41	1439,72
503,62	1480,68
503,83	1546,22
504,03	1415,15
504,24	1488,87
504,45	1529,83
504,66	1400,81
504,87	1429,48
505,08	1433,58
505,29	1472,49
505,49	1390,57
505,70	1464,30
505,91	1548,26
506,12	1454,06
506,33	1521,64
506,54	1460,20
506,75	1443,82
506,95	1454,06
507,16	1511,40
507,37	1468,39
507,58	1456,11
507,79	1499,11
508,00	1533,93
508,20	1435,63
508,41	1427,43
508,62	1445,87
508,83	1398,76
509,04	1419,24
509,24	1488,87
509,45	1753,06
509,66	1546,22
509,87	1470,44
510,08	1454,06
510,29	1505,26
510,49	1525,74
510,70	1533,93
510,91	1460,20
511,12	1370,09
511,33	1406,95
511,53	1447,91
511,74	1464,30
511,95	1425,39
512,16	1468,39
512,37	1492,97
512,57	1441,77
512,78	1409,00
512,99	1523,69
513,20	1511,40
513,41	1515,50
513,61	1374,19
513,82	1556,46
514,03	1413,10
514,24	1499,11
514,45	1460,20
514,65	1402,86
514,86	1409,00
515,07	1386,47
515,28	1480,68
515,49	1466,35
515,69	1392,62
515,90	1437,67
516,11	1437,67
516,32	1447,91
516,52	1452,01
516,73	1439,72
516,94	1527,78
517,15	1527,78
517,36	1488,87
517,56	1540,07
517,77	1433,58
517,98	1423,34
518,19	1470,44
518,39	1488,87
518,60	1427,43
518,81	1513,45
519,02	1382,38
519,22	1437,67
519,43	1566,70
519,64	1501,16
519,85	1411,05
520,05	1433,58
520,26	1404,91
520,47	1490,92
520,68	1497,07
520,88	1452,01
521,09	1523,69
521,30	1495,02
521,51	1466,35
521,71	1546,22
521,92	1468,39
522,13	1484,78
522,34	1445,87
522,54	1402,86
522,75	1382,38
522,96	1431,53
523,17	1497,07
523,37	1439,72
523,58	1378,28
523,79	1404,91
523,99	1497,07
524,20	1429,48
524,41	1347,56
524,62	1488,87
524,82	1437,67
525,03	1378,28
525,24	1388,52
525,45	1400,81
525,65	1482,73
525,86	1517,54
526,07	1406,95
526,27	1456,11
526,48	1441,77
526,69	1527,78
526,90	1439,72
527,10	1482,73
527,31	1415,15
527,52	1400,81
527,72	1456,11
527,93	1445,87
528,14	1447,91
528,34	1409,00
528,55	1419,24
528,76	1480,68
528,97	1433,58
529,17	1472,49
529,38	1458,15
529,59	1456,11
529,79	1486,83
530,00	1511,40
530,21	1468,39
530,41	1460,20
530,62	1402,86
530,83	1484,78
531,03	1458,15
531,24	1445,87
531,45	1447,91
531,65	1568,74
531,86	1445,87
532,07	1472,49
532,27	1423,34
532,48	1472,49
532,69	1511,40
532,89	1380,33
533,10	1445,87
533,31	1419,24
533,51	1452,01
533,72	1409,00
533,93	1492,97
534,13	1413,10
534,34	1413,10
534,55	1452,01
534,75	1460,20
534,96	1511,40
535,17	1511,40
535,37	1519,59
535,58	1538,02
535,79	1435,63
535,99	1320,94
536,20	1437,67
536,41	1521,64
536,61	1433,58
536,82	1572,84
537,03	1470,44
537,23	1415,15
537,44	1382,38
537,64	1527,78
537,85	1415,15
538,06	1480,68
538,26	1445,87
538,47	1431,53
538,68	1431,53
538,88	1509,35
539,09	1400,81
539,30	1490,92
539,50	1462,25
539,71	1505,26
539,91	1478,63
540,12	1464,30
540,33	1445,87
540,53	1472,49
540,74	1392,62
540,94	1421,29
541,15	1476,59
541,36	1349,61
541,56	1419,24
541,77	1499,11
541,98	1406,95
542,18	1521,64
542,39	1472,49
542,59	1431,53
542,80	1492,97
543,01	1406,95
543,21	1370,09
543,42	1458,15
543,62	1503,21
543,83	1505,26
544,04	1474,54
544,24	1372,14
544,45	1431,53
544,65	1544,17
544,86	1419,24
545,06	1476,59
545,27	1468,39
545,48	1368,04
545,68	1437,67
545,89	1458,15
546,09	1398,76
546,30	1431,53
546,51	1480,68
546,71	1370,09
546,92	1425,39
547,12	1474,54
547,33	1476,59
547,53	1447,91
547,74	1449,96
547,95	1390,57
548,15	1507,30
548,36	1564,65
548,56	1501,16
548,77	1472,49
548,97	1460,20
549,18	1394,67
549,39	1517,54
549,59	1419,24
549,80	1456,11
550,00	1497,07
550,21	1368,04
550,41	1409,00
550,62	1492,97
550,82	1449,96
551,03	1357,80
551,23	1435,63
551,44	1423,34
551,65	1384,43
551,85	1423,34
552,06	1368,04
552,26	1425,39
552,47	1464,30
552,67	1378,28
552,88	1380,33
553,08	1423,34
553,29	1466,35
553,49	1449,96
553,70	1476,59
553,90	1558,50
554,11	1437,67
554,32	1474,54
554,52	1431,53
554,73	1480,68
554,93	1318,89
555,14	1390,57
555,34	1513,45
555,55	1484,78
555,75	1388,52
555,96	1429,48
556,16	1388,52
556,37	1488,87
556,57	1439,72
556,78	1525,74
556,98	1488,87
557,19	1533,93
557,39	1368,04
557,60	1433,58
557,80	1396,71
558,01	1480,68
558,21	1464,30
558,42	1411,05
558,62	1431,53
558,83	1505,26
559,03	1415,15
559,24	1433,58
559,44	1458,15
559,65	1439,72
559,85	1413,10
560,06	1372,14
560,26	1433,58
560,47	1499,11
560,67	1492,97
560,88	1535,98
561,08	1562,60
561,29	1466,35
561,49	1452,01
561,70	1456,11
561,90	1433,58
562,10	1417,19
562,31	1501,16
562,51	1497,07
562,72	1402,86
562,92	1452,01
563,13	1517,54
563,33	1462,25
563,54	1490,92
563,74	1535,98
563,95	1435,63
564,15	1454,06
564,36	1495,02
564,56	1429,48
564,76	1490,92
564,97	1388,52
565,17	1409,00
565,38	1447,91
565,58	1521,64
565,79	1439,72
565,99	1421,29
566,20	1564,65
566,40	1396,71
566,60	1497,07
566,81	1476,59
567,01	1521,64
567,22	1359,85
567,42	1359,85
567,63	1423,34
567,83	1482,73
568,04	1507,30
568,24	1449,96
568,44	1466,35
568,65	1447,91
568,85	1462,25
569,06	1476,59
569,26	1372,14
569,47	1517,54
569,67	1368,04
569,87	1413,10
570,08	1501,16
570,28	1415,15
570,49	1386,47
570,69	1456,11
570,89	1529,83
571,10	1423,34
571,30	1482,73
571,51	1458,15
571,71	1544,17
571,91	1540,07
572,12	1519,59
572,32	1476,59
572,53	1404,91
572,73	1470,44
572,93	1552,36
573,14	1492,97
573,34	1480,68
573,55	1384,43
573,75	1511,40
573,95	1515,50
574,16	1482,73
574,36	1404,91
574,57	1490,92
574,77	1421,29
574,97	1413,10
575,18	1439,72
575,38	1402,86
575,59	1470,44
575,79	1429,48
575,99	1474,54
576,20	1415,15
576,40	1492,97
576,60	1466,35
576,81	1415,15
577,01	1566,70
577,22	1495,02
577,42	1449,96
577,62	1429,48
577,83	1353,71
578,03	1497,07
578,23	1447,91
578,44	1355,76
578,64	1329,13
578,84	1470,44
579,05	1347,56
579,25	1517,54
579,45	1339,37
579,66	1458,15
579,86	1474,54
580,07	1507,30
580,27	1462,25
580,47	1353,71
580,68	1327,08
580,88	1456,11
581,08	1445,87
581,29	1386,47
581,49	1439,72
581,69	1435,63
581,90	1497,07
582,10	1404,91
582,30	1454,06
582,51	1443,82
582,71	1449,96
582,91	1431,53
583,12	1404,91
583,32	1443,82
583,52	1439,72
583,73	1449,96
583,93	1392,62
584,13	1472,49
584,34	1474,54
584,54	1396,71
584,74	1363,95
584,94	1439,72
585,15	1495,02
585,35	1529,83
585,55	1417,19
585,76	1392,62
585,96	1431,53
586,16	1503,21
586,37	1468,39
586,57	1507,30
586,77	1396,71
586,98	1447,91
587,18	1521,64
587,38	1445,87
587,58	1454,06
587,79	1542,12
587,99	1462,25
588,19	1374,19
588,40	1419,24
588,60	1519,59
588,80	1400,81
589,00	1458,15
589,21	1513,45
589,41	1445,87
589,61	1439,72
589,82	1413,10
590,02	1468,39
590,22	1495,02
590,42	1370,09
590,63	1482,73
590,83	1458,15
591,03	1394,67
591,23	1460,20
591,44	1458,15
591,64	1411,05
591,84	1468,39
592,05	1472,49
592,25	1400,81
592,45	1495,02
592,65	1452,01
592,86	1423,34
593,06	1535,98
593,26	1495,02
593,46	1435,63
593,67	1392,62
593,87	1488,87
594,07	1419,24
594,27	1421,29
594,48	1454,06
594,68	1509,35
594,88	1456,11
595,08	1462,25
595,29	1513,45
595,49	1523,69
595,69	1335,28
595,89	1484,78
596,10	1454,06
596,30	1402,86
596,50	1435,63
596,70	1384,43
596,90	1452,01
597,11	1404,91
597,31	1495,02
597,51	1447,91
597,71	1472,49
597,92	1490,92
598,12	1492,97
598,32	1531,88
598,52	1427,43
598,72	1370,09
598,93	1464,30
599,13	1564,65
599,33	1501,16
599,53	1495,02
599,74	1435,63
599,94	1517,54
600,14	1480,68
600,34	1353,71
600,54	1546,22
600,75	1417,19
600,95	1456,11
601,15	1476,59
601,35	1404,91
601,55	1384,43
601,76	1417,19
601,96	1587,18
602,16	1497,07
602,36	1474,54
602,56	1372,14
602,76	1417,19
602,97	1431,53
603,17	1513,45
603,37	1427,43
603,57	1462,25
603,77	1460,20
603,98	1478,63
604,18	1480,68
604,38	1519,59
604,58	1325,04
604,78	1509,35
604,98	1456,11
605,19	1464,30
605,39	1480,68
605,59	1376,24
605,79	1445,87
605,99	1445,87
606,19	1425,39
606,40	1456,11
606,60	1429,48
606,80	1404,91
607,00	1441,77
607,20	1382,38
607,40	1431,53
607,61	1402,86
607,81	1437,67
608,01	1529,83
608,21	1531,88
608,41	1517,54
608,61	1513,45
608,81	1429,48
609,02	1386,47
609,22	1443,82
609,42	1417,19
609,62	1464,30
609,82	1454,06
610,02	1509,35
610,22	1476,59
610,43	1478,63
610,63	1439,72
610,83	1484,78
611,03	1476,59
611,23	1488,87
611,43	1501,16
611,63	1431,53
611,83	1353,71
612,04	1441,77
612,24	1517,54
612,44	1439,72
612,64	1523,69
612,84	1458,15
613,04	1380,33
613,24	1464,30
613,44	1359,85
613,64	1427,43
613,85	1505,26
614,05	1509,35
614,25	1425,39
614,45	1419,24
614,65	1501,16
614,85	1361,90
615,05	1456,11
615,25	1535,98
615,45	1411,05
615,65	1413,10
615,86	1533,93
616,06	1437,67
616,26	1490,92
616,46	1441,77
616,66	1406,95
616,86	1466,35
617,06	1431,53
617,26	1441,77
617,46	1513,45
617,66	1509,35
617,86	1480,68
618,07	1351,66
618,27	1490,92
618,47	1429,48
618,67	1503,21
618,87	1431,53
619,07	1497,07
619,27	1439,72
619,47	1497,07
619,67	1511,40
619,87	1466,35
620,07	1521,64
620,27	1492,97
620,47	1431,53
620,67	1497,07
620,87	1441,77
621,07	1521,64
621,28	1394,67
621,48	1464,30
621,68	1427,43
621,88	1449,96
622,08	1400,81
622,28	1427,43
622,48	1529,83
622,68	1464,30
622,88	1449,96
623,08	1492,97
623,28	1505,26
623,48	1417,19
623,68	1492,97
623,88	1462,25
624,08	1544,17
624,28	1425,39
624,48	1372,14
624,68	1411,05
624,88	1513,45
625,08	1464,30
625,28	1456,11
625,48	1509,35
625,68	1466,35
625,88	1462,25
626,08	1425,39
626,28	1509,35
626,48	1456,11
626,68	1509,35
626,88	1482,73
627,08	1452,01
627,28	1591,27
627,48	1439,72
627,68	1482,73
627,88	1460,20
628,08	1425,39
628,28	1486,83
628,49	1380,33
628,68	1456,11
628,88	1466,35
629,08	1413,10
629,28	1570,79
629,48	1464,30
629,68	1495,02
629,88	1478,63
630,08	1556,46
630,28	1525,74
630,48	1443,82
630,68	1411,05
630,88	1517,54
631,08	1464,30
631,28	1513,45
631,48	1415,15
631,68	1470,44
631,88	1466,35
632,08	1497,07
632,28	1474,54
632,48	1535,98
632,68	1521,64
632,88	1449,96
633,08	1519,59
633,28	1480,68
633,48	1513,45
633,68	1474,54
633,88	1458,15
634,08	1511,40
634,28	1462,25
634,48	1484,78
634,68	1462,25
634,88	1490,92
635,08	1447,91
635,28	1468,39
635,48	1394,67
635,68	1456,11
635,87	1435,63
636,07	1562,60
636,27	1402,86
636,47	1527,78
636,67	1466,35
636,87	1445,87
637,07	1550,31
637,27	1423,34
637,47	1462,25
637,67	1478,63
637,87	1445,87
638,07	1431,53
638,27	1482,73
638,47	1427,43
638,67	1484,78
638,86	1470,44
639,06	1363,95
639,26	1429,48
639,46	1435,63
639,66	1509,35
639,86	1501,16
640,06	1499,11
640,26	1419,24
640,46	1492,97
640,66	1486,83
640,86	1501,16
641,06	1392,62
641,25	1417,19
641,45	1613,80
641,65	1441,77
641,85	1443,82
642,05	1488,87
642,25	1443,82
642,45	1425,39
642,65	1437,67
642,85	1427,43
643,05	1484,78
643,24	1462,25
643,44	1447,91
643,64	1515,50
643,84	1425,39
644,04	1490,92
644,24	1501,16
644,44	1415,15
644,64	1378,28
644,84	1433,58
645,03	1529,83
645,23	1507,30
645,43	1333,23
645,63	1613,80
645,83	1333,23
646,03	1468,39
646,23	1464,30
646,42	1540,07
646,62	1439,72
646,82	1472,49
647,02	1370,09
647,22	1523,69
647,42	1443,82
647,62	1425,39
647,82	1449,96
648,01	1675,24
648,21	1413,10
648,41	1499,11
648,61	1464,30
648,81	1462,25
649,01	1492,97
649,20	1361,90
649,40	1443,82
649,60	1480,68
649,80	1480,68
650,00	1474,54
650,20	1472,49
650,40	1527,78
650,59	1456,11
650,79	1415,15
650,99	1452,01
651,19	1421,29
651,39	1488,87
651,58	1398,76
651,78	1552,36
651,98	1445,87
652,18	1441,77
652,38	1505,26
652,58	1435,63
652,77	1462,25
652,97	1468,39
653,17	1505,26
653,37	1560,55
653,57	1460,20
653,77	1523,69
653,96	1574,89
654,16	1499,11
654,36	1544,17
654,56	1501,16
654,76	1576,94
654,95	1468,39
655,15	1513,45
655,35	1456,11
655,55	1511,40
655,75	1468,39
655,94	1515,50
656,14	1529,83
656,34	1488,87
656,54	1490,92
656,73	1435,63
656,93	1402,86
657,13	1544,17
657,33	1464,30
657,53	1374,19
657,72	1578,98
657,92	1466,35
658,12	1427,43
658,32	1542,12
658,52	1378,28
658,71	1533,93
658,91	1458,15
659,11	1441,77
659,31	1542,12
659,50	1388,52
659,70	1462,25
659,90	1587,18
660,10	1464,30
660,29	1533,93
660,49	1398,76
660,69	1511,40
660,89	1497,07
661,08	1429,48
661,28	1456,11
661,48	1460,20
661,68	1454,06
661,87	1404,91
662,07	1404,91
662,27	1476,59
662,47	1488,87
662,66	1470,44
662,86	1478,63
663,06	1470,44
663,26	1413,10
663,45	1521,64
663,65	1466,35
663,85	1435,63
664,05	1525,74
664,24	1474,54
664,44	1390,57
664,64	1445,87
664,84	1468,39
665,03	1511,40
665,23	1476,59
665,43	1372,14
665,62	1474,54
665,82	1495,02
666,02	1370,09
666,22	1574,89
666,41	1447,91
666,61	1462,25
666,81	1507,30
667,00	1456,11
667,20	1441,77
667,40	1626,09
667,60	1419,24
667,79	1472,49
667,99	1439,72
668,19	1484,78
668,38	1417,19
668,58	1423,34
668,78	1376,24
668,97	1546,22
669,17	1439,72
669,37	1419,24
669,57	1376,24
669,76	1548,26
669,96	1529,83
670,16	1472,49
670,35	1437,67
670,55	1439,72
670,75	1388,52
670,94	1404,91
671,14	1486,83
671,34	1535,98
671,53	1460,20
671,73	1470,44
671,93	1443,82
672,12	1495,02
672,32	1431,53
672,52	1447,91
672,71	1495,02
672,91	1470,44
673,11	1452,01
673,30	1509,35
673,50	1484,78
673,70	1382,38
673,89	1345,52
674,09	1511,40
674,29	1531,88
674,48	1517,54
674,68	1558,50
674,88	1480,68
675,07	1472,49
675,27	1439,72
675,46	1478,63
675,66	1456,11
675,86	1497,07
676,05	1466,35
676,25	1472,49
676,45	1556,46
676,64	1415,15
676,84	1495,02
677,04	1456,11
677,23	1468,39
677,43	1409,00
677,62	1449,96
677,82	1497,07
678,02	1486,83
678,21	1488,87
678,41	1439,72
678,61	1406,95
678,80	1390,57
679,00	1474,54
679,19	1587,18
679,39	1486,83
679,59	1568,74
679,78	1425,39
679,98	1435,63
680,17	1398,76
680,37	1495,02
680,57	1468,39
680,76	1521,64
680,96	1509,35
681,16	1406,95
681,35	1417,19
681,55	1421,29
681,74	1478,63
681,94	1466,35
682,13	1415,15
682,33	1503,21
682,53	1525,74
682,72	1409,00
682,92	1406,95
683,11	1548,26
683,31	1525,74
683,51	1468,39
683,70	1435,63
683,90	1574,89
684,09	1456,11
684,29	1478,63
684,48	1380,33
684,68	1449,96
684,88	1568,74
685,07	1480,68
685,27	1490,92
685,46	1497,07
685,66	1486,83
685,85	1409,00
686,05	1570,79
686,25	1452,01
686,44	1411,05
686,64	1462,25
686,83	1535,98
687,03	1486,83
687,22	1460,20
687,42	1470,44
687,61	1472,49
687,81	1468,39
688,01	1576,94
688,20	1472,49
688,40	1443,82
688,59	1468,39
688,79	1593,32
688,98	1535,98
689,18	1431,53
689,37	1527,78
689,57	1421,29
689,76	1482,73
689,96	1454,06
690,15	1404,91
690,35	1378,28
690,54	1505,26
690,74	1421,29
690,94	1439,72
691,13	1521,64
691,33	1497,07
691,52	1398,76
691,72	1515,50
691,91	1441,77
692,11	1533,93
692,30	1456,11
692,50	1554,41
692,69	1474,54
692,89	1447,91
693,08	1343,47
693,28	1488,87
693,47	1421,29
693,67	1560,55
693,86	1447,91
694,06	1486,83
694,25	1525,74
694,45	1447,91
694,64	1425,39
694,84	1351,66
695,03	1507,30
695,23	1525,74
695,42	1482,73
695,62	1431,53
695,81	1517,54
696,01	1550,31
696,20	1411,05
696,40	1439,72
696,59	1476,59
696,78	1468,39
696,98	1462,25
697,17	1441,77
697,37	1411,05
697,56	1478,63
697,76	1499,11
697,95	1486,83
698,15	1429,48
698,34	1521,64
698,54	1476,59
698,73	1576,94
698,93	1511,40
699,12	1423,34
699,32	1443,82
699,51	1527,78
699,70	1378,28
699,90	1388,52
700,09	1472,49
700,29	1486,83
700,48	1398,76
700,68	1458,15
700,87	1394,67
701,07	1449,96
701,26	1488,87
701,45	1402,86
701,65	1347,56
701,84	1548,26
702,04	1435,63
702,23	1425,39
702,43	1400,81
702,62	1511,40
702,81	1427,43
703,01	1499,11
703,20	1574,89
703,40	1409,00
703,59	1538,02
703,79	1476,59
703,98	1439,72
704,17	1509,35
704,37	1460,20
704,56	1480,68
704,76	1445,87
704,95	1404,91
705,14	1357,80
705,34	1458,15
705,53	1337,32
705,73	1329,13
705,92	1423,34
706,11	1521,64
706,31	1423,34
706,50	1380,33
706,70	1435,63
706,89	1538,02
707,08	1404,91
707,28	1570,79
707,47	1380,33
707,67	1404,91
707,86	1454,06
708,05	1431,53
708,25	1472,49
708,44	1439,72
708,64	1368,04
708,83	1384,43
709,02	1396,71
709,22	1497,07
709,41	1396,71
709,60	1474,54
709,80	1531,88
709,99	1392,62
710,19	1439,72
710,38	1464,30
710,57	1398,76
710,77	1322,99
710,96	1384,43
711,15	1452,01
711,35	1382,38
711,54	1431,53
711,73	1378,28
711,93	1431,53
712,12	1421,29
712,31	1411,05
712,51	1452,01
712,70	1406,95
712,89	1361,90
713,09	1456,11
713,28	1413,10
713,48	1425,39
713,67	1464,30
713,86	1476,59
714,06	1390,57
714,25	1353,71
714,44	1333,23
714,64	1439,72
714,83	1421,29
715,02	1398,76
715,22	1581,03
715,41	1419,24
715,60	1484,78
715,79	1388,52
715,99	1431,53
716,18	1460,20
716,37	1359,85
716,57	1378,28
716,76	1431,53
716,95	1439,72
717,15	1421,29
717,34	1308,65
717,53	1366,00
717,73	1435,63
717,92	1464,30
718,11	1437,67
718,31	1464,30
718,50	1433,58
718,69	1380,33
718,88	1447,91
719,08	1386,47
719,27	1433,58
719,46	1441,77
719,66	1406,95
719,85	1425,39
720,04	1396,71
720,23	1402,86
720,43	1460,20
720,62	1363,95
720,81	1396,71
721,01	1443,82
721,20	1605,61
721,39	1392,62
721,58	1421,29
721,78	1486,83
721,97	1394,67
722,16	1501,16
722,35	1415,15
722,55	1388,52
722,74	1497,07
722,93	1390,57
723,13	1343,47
723,32	1351,66
723,51	1409,00
723,70	1423,34
723,90	1406,95
724,09	1337,32
724,28	1368,04
724,47	1368,04
724,67	1480,68
724,86	1425,39
725,05	1380,33
725,24	1370,09
725,44	1413,10
725,63	1302,51
725,82	1376,24
726,01	1366,00
726,21	1415,15
726,40	1366,00
726,59	1396,71
726,78	1376,24
726,97	1343,47
727,17	1378,28
727,36	1562,60
727,55	1392,62
727,74	1449,96
727,94	1345,52
728,13	1462,25
728,32	1415,15
728,51	1429,48
728,70	1327,08
728,90	1419,24
729,09	1357,80
729,28	1409,00
729,47	1394,67
729,66	1419,24
729,86	1439,72
730,05	1370,09
730,24	1345,52
730,43	1425,39
730,63	1400,81
730,82	1499,11
731,01	1413,10
731,20	1419,24
731,39	1406,95
731,58	1388,52
731,78	1419,24
731,97	1392,62
732,16	1413,10
732,35	1488,87
732,54	1384,43
732,74	1433,58
732,93	1343,47
733,12	1392,62
733,31	1472,49
733,50	1392,62
733,69	1386,47
733,89	1449,96
734,08	1458,15
734,27	1406,95
734,46	1396,71
734,65	1417,19
734,84	1347,56
735,04	1439,72
735,23	1433,58
735,42	1357,80
735,61	1327,08
735,80	1497,07
735,99	1439,72
736,19	1409,00
736,38	1331,18
736,57	1413,10
736,76	1382,38
736,95	1458,15
737,14	1429,48
737,33	1357,80
737,53	1415,15
737,72	1363,95
737,91	1378,28
738,10	1433,58
738,29	1406,95
738,48	1384,43
738,67	1413,10
738,87	1402,86
739,06	1415,15
739,25	1427,43
739,44	1411,05
739,63	1417,19
739,82	1441,77
740,01	1415,15
740,20	1421,29
740,40	1427,43
740,59	1488,87
740,78	1439,72
740,97	1470,44
741,16	1447,91
741,35	1527,78
741,54	1384,43
741,73	1423,34
741,92	1421,29
742,12	1402,86
742,31	1425,39
742,50	1421,29
742,69	1431,53
742,88	1396,71
743,07	1429,48
743,26	1439,72
743,45	1372,14
743,64	1417,19
743,83	1402,86
744,02	1427,43
744,22	1380,33
744,41	1538,02
744,60	1372,14
744,79	1363,95
744,98	1419,24
745,17	1392,62
745,36	1460,20
745,55	1484,78
745,74	1470,44
745,93	1507,30
746,12	1394,67
746,31	1396,71
746,50	1413,10
746,70	1425,39
746,89	1372,14
747,08	1343,47
747,27	1400,81
747,46	1400,81
747,65	1409,00
747,84	1488,87
748,03	1390,57
748,22	1409,00
748,41	1431,53
748,60	1423,34
748,79	1392,62
748,98	1427,43
749,17	1398,76
749,36	1400,81
749,55	1439,72
749,74	1370,09
749,93	1476,59
750,12	1439,72
750,31	1388,52
750,50	1458,15
750,70	1359,85
750,89	1423,34
751,08	1640,42
751,27	1376,24
751,46	1458,15
751,65	1366,00
751,84	1531,88
752,03	1374,19
752,22	1492,97
752,41	1435,63
752,60	1503,21
752,79	1509,35
752,98	1435,63
753,17	1511,40
753,36	1390,57
753,55	1476,59
753,74	1460,20
753,93	1527,78
754,12	1435,63
754,31	1464,30
754,50	1499,11
754,69	1404,91
754,88	1347,56
755,07	1341,42
755,26	1421,29
755,45	1406,95
755,64	1394,67
755,83	1511,40
756,02	1456,11
756,21	1439,72
756,40	1488,87
756,59	1447,91
756,78	1423,34
756,97	1472,49
757,16	1515,50
757,35	1535,98
757,54	1411,05
757,72	1421,29
757,91	1374,19
758,10	1411,05
758,29	1435,63
758,48	1501,16
758,67	1419,24
758,86	1402,86
759,05	1480,68
759,24	1525,74
759,43	1499,11
759,62	1386,47
759,81	1454,06
760,00	1472,49
760,19	1445,87
760,38	1472,49
760,57	1415,15
760,76	1515,50
760,95	1560,55
761,14	1417,19
761,33	1429,48
761,52	1462,25
761,70	1462,25
761,89	1421,29
762,08	1384,43
762,27	1503,21
762,46	1474,54
762,65	1492,97
762,84	1427,43
763,03	1460,20
763,22	1398,76
763,41	1464,30
763,60	1425,39
763,79	1476,59
763,98	1480,68
764,16	1423,34
764,35	1411,05
764,54	1501,16
764,73	1492,97
764,92	1421,29
765,11	1544,17
765,30	1447,91
765,49	1509,35
765,68	1472,49
765,87	1521,64
766,06	1490,92
766,24	1509,35
766,43	1554,41
766,62	1499,11
766,81	1454,06
767,00	1492,97
767,19	1443,82
767,38	1511,40
767,57	1345,52
767,76	1509,35
767,94	1521,64
768,13	1398,76
768,32	1501,16
768,51	1490,92
768,70	1505,26
768,89	1509,35
769,08	1425,39
769,27	1443,82
769,45	1423,34
769,64	1466,35
769,83	1513,45
770,02	1437,67
770,21	1488,87
770,40	1478,63
770,59	1486,83
770,77	1396,71
770,96	1529,83
771,15	1472,49
771,34	1470,44
771,53	1609,70
771,72	1449,96
771,91	1445,87
772,09	1452,01
772,28	1443,82
772,47	1486,83
772,66	1452,01
772,85	1535,98
773,04	1558,50
773,22	1497,07
773,41	1546,22
773,60	1443,82
773,79	1492,97
773,98	1476,59
774,17	1484,78
774,35	1474,54
774,54	1492,97
774,73	1533,93
774,92	1482,73
775,11	1513,45
775,30	1626,09
775,48	1478,63
775,67	1554,41
775,86	1431,53
776,05	1517,54
776,24	1468,39
776,42	1509,35
776,61	1527,78
776,80	1460,20
776,99	1503,21
777,18	1568,74
777,36	1431,53
777,55	1490,92
777,74	1474,54
777,93	1478,63
778,12	1452,01
778,30	1513,45
778,49	1452,01
778,68	1572,84
778,87	1523,69
779,06	1398,76
779,24	1550,31
779,43	1533,93
779,62	1425,39
779,81	1509,35
779,99	1400,81
780,18	1501,16
780,37	1519,59
780,56	1505,26
780,75	1484,78
780,93	1484,78
781,12	1544,17
781,31	1497,07
781,50	1550,31
781,68	1470,44
781,87	1427,43
782,06	1470,44
782,25	1542,12
782,43	1558,50
782,62	1445,87
782,81	1464,30
783,00	1478,63
783,18	1441,77
783,37	1497,07
783,56	1492,97
783,75	1570,79
783,93	1540,07
784,12	1525,74
784,31	1662,95
784,50	1505,26
784,68	1511,40
784,87	1460,20
785,06	1454,06
785,24	1478,63
785,43	1533,93
785,62	1392,62
785,81	1497,07
785,99	1468,39
786,18	1396,71
786,37	1503,21
786,56	1437,67
786,74	1435,63
786,93	1460,20
787,12	1521,64
787,30	1421,29
787,49	1595,37
787,68	1447,91
787,87	1519,59
788,05	1490,92
788,24	1468,39
788,43	1431,53
788,61	1538,02
788,80	1484,78
788,99	1417,19
789,17	1495,02
789,36	1409,00
789,55	1423,34
789,73	1509,35
789,92	1521,64
790,11	1406,95
790,30	1497,07
790,48	1425,39
790,67	1396,71
790,86	1425,39
791,04	1390,57
791,23	1490,92
791,42	1478,63
791,60	1437,67
791,79	1503,21
791,98	1386,47
792,16	1486,83
792,35	1470,44
792,54	1398,76
792,72	1466,35
792,91	1458,15
793,10	1406,95
793,28	1406,95
793,47	1474,54
793,66	1472,49
793,84	1404,91
794,03	1380,33
794,22	1472,49
794,40	1505,26
794,59	1443,82
794,77	1382,38
794,96	1441,77
795,15	1445,87
795,33	1435,63
795,52	1464,30
795,71	1386,47
795,89	1386,47
796,08	1525,74
796,27	1462,25
796,45	1390,57
796,64	1419,24
796,82	1423,34
797,01	1425,39
797,20	1443,82
797,38	1417,19
797,57	1429,48
797,76	1497,07
797,94	1429,48
798,13	1513,45
798,31	1363,95
798,50	1419,24
798,69	1478,63
798,87	1464,30
799,06	1419,24
799,24	1413,10
799,43	1372,14
799,62	1466,35
799,80	1335,28
799,99	1503,21
800,17	1390,57
800,36	1427,43
800,55	1380,33
800,73	1376,24
800,92	1462,25
801,10	1349,61
801,29	1447,91
801,48	1452,01
801,66	1449,96
801,85	1419,24
802,03	1445,87
802,22	1484,78
802,40	1443,82
802,59	1478,63
802,78	1443,82
802,96	1390,57
803,15	1441,77
803,33	1441,77
803,52	1445,87
803,70	1458,15
803,89	1386,47
804,08	1396,71
804,26	1335,28
804,45	1406,95
804,63	1497,07
804,82	1482,73
805,00	1425,39
805,19	1480,68
805,37	1439,72
805,56	1525,74
805,74	1372,14
805,93	1370,09
806,12	1484,78
806,30	1439,72
806,49	1441,77
806,67	1538,02
806,86	1339,37
807,04	1421,29
807,23	1484,78
807,41	1411,05
807,60	1454,06
807,78	1359,85
807,97	1662,95
808,15	1361,90
808,34	1415,15
808,52	1482,73
808,71	1415,15
808,89	1492,97
809,08	1390,57
809,27	1398,76
809,45	1333,23
809,64	1435,63
809,82	1411,05
810,01	1464,30
810,19	1517,54
810,38	1374,19
810,56	1417,19
810,75	1411,05
810,93	1345,52
811,12	1429,48
811,30	1492,97
811,49	1452,01
811,67	1488,87
811,85	1531,88
812,04	1402,86
812,22	1419,24
812,41	1406,95
812,59	1339,37
812,78	1339,37
812,96	1458,15
813,15	1402,86
813,33	1413,10
813,52	1402,86
813,70	1392,62
813,89	1351,66
814,07	1488,87
814,26	1452,01
814,44	1419,24
814,63	1456,11
814,81	1376,24
815,00	1384,43
815,18	1374,19
815,36	1413,10
815,55	1409,00
815,73	1435,63
815,92	1447,91
816,10	1525,74
816,29	1390,57
816,47	1376,24
816,66	1384,43
816,84	1437,67
817,02	1507,30
817,21	1468,39
817,39	1406,95
817,58	1458,15
817,76	1443,82
817,95	1513,45
818,13	1411,05
818,32	1460,20
818,50	1454,06
818,68	1501,16
818,87	1488,87
819,05	1413,10
819,24	1476,59
819,42	1476,59
819,60	1394,67
819,79	1439,72
819,97	1480,68
820,16	1439,72
820,34	1468,39
820,53	1388,52
820,71	1429,48
820,89	1464,30
821,08	1441,77
821,26	1308,65
821,45	1470,44
821,63	1413,10
821,81	1390,57
822,00	1392,62
822,18	1433,58
822,37	1398,76
822,55	1411,05
822,73	1386,47
822,92	1492,97
823,10	1449,96
823,28	1415,15
823,47	1452,01
823,65	1492,97
823,84	1417,19
824,02	1488,87
824,20	1429,48
824,39	1439,72
824,57	1499,11
824,75	1513,45
824,94	1499,11
825,12	1531,88
825,31	1415,15
825,49	1505,26
825,67	1460,20
825,86	1368,04
826,04	1529,83
826,22	1427,43
826,41	1507,30
826,59	1417,19
826,77	1503,21
826,96	1521,64
827,14	1413,10
827,32	1466,35
827,51	1380,33
827,69	1538,02
827,87	1474,54
828,06	1507,30
828,24	1419,24
828,42	1417,19
828,61	1546,22
828,79	1468,39
828,97	1515,50
829,16	1509,35
829,34	1398,76
829,52	1441,77
829,71	1558,50
829,89	1468,39
830,07	1538,02
830,26	1454,06
830,44	1447,91
830,62	1529,83
830,81	1445,87
830,99	1517,54
831,17	1452,01
831,36	1452,01
831,54	1452,01
831,72	1562,60
831,91	1419,24
832,09	1464,30
832,27	1421,29
832,45	1486,83
832,64	1449,96
832,82	1501,16
833,00	1421,29
833,19	1409,00
833,37	1402,86
833,55	1419,24
833,73	1542,12
833,92	1488,87
834,10	1466,35
834,28	1478,63
834,47	1509,35
834,65	1505,26
834,83	1564,65
835,01	1478,63
835,20	1435,63
835,38	1511,40
835,56	1454,06
835,74	1507,30
835,93	1460,20
836,11	1517,54
836,29	1462,25
836,47	1542,12
836,66	1415,15
836,84	1521,64
837,02	1476,59
837,21	1572,84
837,39	1447,91
837,57	1546,22
837,75	1566,70
837,94	1398,76
838,12	1394,67
838,30	1509,35
838,48	1382,38
838,66	1439,72
838,85	1578,98
839,03	1560,55
839,21	1380,33
839,39	1490,92
839,58	1439,72
839,76	1497,07
839,94	1513,45
840,12	1419,24
840,31	1511,40
840,49	1515,50
840,67	1488,87
840,85	1325,04
841,03	1447,91
841,22	1437,67
841,40	1472,49
841,58	1527,78
841,76	1509,35
841,94	1437,67
842,13	1503,21
842,31	1505,26
842,49	1495,02
842,67	1468,39
842,85	1499,11
843,04	1527,78
843,22	1480,68
843,40	1454,06
843,58	1517,54
843,76	1535,98
843,95	1542,12
844,13	1472,49
844,31	1505,26
844,49	1519,59
844,67	1404,91
844,86	1406,95
845,04	1472,49
845,22	1454,06
845,40	1435,63
845,58	1568,74
845,76	1497,07
845,95	1492,97
846,13	1452,01
846,31	1509,35
846,49	1550,31
846,67	1566,70
846,85	1425,39
847,04	1538,02
847,22	1402,86
847,40	1423,34
847,58	1456,11
847,76	1470,44
847,94	1509,35
848,12	1533,93
848,31	1464,30
848,49	1468,39
848,67	1406,95
848,85	1427,43
849,03	1542,12
849,21	1525,74
849,39	1490,92
849,58	1521,64
849,76	1529,83
849,94	1509,35
850,12	1472,49
850,30	1564,65
850,48	1468,39
850,66	1578,98
850,84	1562,60
851,03	1480,68
851,21	1464,30
851,39	1454,06
851,57	1550,31
851,75	1546,22
851,93	1482,73
852,11	1431,53
852,29	1576,94
852,47	1466,35
852,66	1583,08
852,84	1464,30
853,02	1409,00
853,20	1601,51
853,38	1529,83
853,56	1548,26
853,74	1484,78
853,92	1538,02
854,10	1441,77
854,28	1503,21
854,46	1495,02
854,65	1503,21
854,83	1542,12
855,01	1583,08
855,19	1488,87
855,37	1587,18
855,55	1597,42
855,73	1505,26
855,91	1507,30
856,09	1472,49
856,27	1640,42
856,45	1599,46
856,63	1437,67
856,81	1546,22
857,00	1611,75
857,18	1501,16
857,36	1441,77
857,54	1472,49
857,72	1503,21
857,90	1486,83
858,08	1507,30
858,26	1552,36
858,44	1556,46
858,62	1591,27
858,80	1474,54
858,98	1566,70
859,16	1482,73
859,34	1599,46
859,52	1511,40
859,70	1558,50
859,88	1468,39
860,06	1478,63
860,24	1560,55
860,42	1480,68
860,60	1540,07
860,78	1533,93
860,96	1509,35
861,14	1486,83
861,32	1552,36
861,50	1503,21
861,69	1538,02
861,87	1523,69
862,05	1486,83
862,23	1447,91
862,41	1544,17
862,59	1427,43
862,77	1533,93
862,95	1527,78
863,13	1531,88
863,31	1480,68
863,49	1482,73
863,67	1517,54
863,85	1388,52
864,03	1562,60
864,21	1544,17
864,39	1556,46
864,57	1538,02
864,75	1544,17
864,92	1581,03
865,10	1531,88
865,28	1527,78
865,46	1474,54
865,64	1538,02
865,82	1593,32
866,00	1411,05
866,18	1568,74
866,36	1515,50
866,54	1564,65
866,72	1544,17
866,90	1509,35
867,08	1523,69
867,26	1435,63
867,44	1480,68
867,62	1484,78
867,80	1521,64
867,98	1538,02
868,16	1558,50
868,34	1572,84
868,52	1513,45
868,70	1419,24
868,88	1517,54
869,06	1484,78
869,24	1488,87
869,42	1398,76
869,59	1480,68
869,77	1499,11
869,95	1515,50
870,13	1542,12
870,31	1476,59
870,49	1603,56
870,67	1454,06
870,85	1443,82
871,03	1484,78
871,21	1630,18
871,39	1427,43
871,57	1478,63
871,75	1544,17
871,92	1521,64
872,10	1509,35
872,28	1531,88
872,46	1564,65
872,64	1472,49
872,82	1492,97
873,00	1474,54
873,18	1447,91
873,36	1439,72
873,54	1402,86
873,72	1464,30
873,89	1492,97
874,07	1517,54
874,25	1570,79
874,43	1511,40
874,61	1615,85
874,79	1525,74
874,97	1468,39
875,15	1593,32
875,33	1515,50
875,50	1464,30
875,68	1439,72
875,86	1605,61
876,04	1529,83
876,22	1464,30
876,40	1515,50
876,58	1542,12
876,76	1564,65
876,93	1517,54
877,11	1472,49
877,29	1535,98
877,47	1466,35
877,65	1431,53
877,83	1615,85
878,01	1484,78
878,18	1429,48
878,36	1484,78
878,54	1484,78
878,72	1515,50
878,90	1525,74
879,08	1552,36
879,25	1558,50
879,43	1423,34
879,61	1515,50
879,79	1552,36
879,97	1478,63
880,15	1576,94
880,32	1415,15
880,50	1474,54
880,68	1538,02
880,86	1431,53
881,04	1513,45
881,22	1615,85
881,39	1460,20
881,57	1597,42
881,75	1538,02
881,93	1658,85
882,11	1568,74
882,28	1519,59
882,46	1587,18
882,64	1454,06
882,82	1394,67
883,00	1464,30
883,18	1470,44
883,35	1421,29
883,53	1525,74
883,71	1521,64
883,89	1519,59
884,07	1431,53
884,24	1609,70
884,42	1447,91
884,60	1435,63
884,78	1613,80
884,95	1480,68
885,13	1585,13
885,31	1476,59
885,49	1529,83
885,67	1462,25
885,84	1535,98
886,02	1431,53
886,20	1554,41
886,38	1441,77
886,55	1560,55
886,73	1490,92
886,91	1404,91
887,09	1484,78
887,26	1552,36
887,44	1484,78
887,62	1476,59
887,80	1533,93
887,98	1492,97
888,15	1505,26
888,33	1517,54
888,51	1521,64
888,69	1552,36
888,86	1531,88
889,04	1511,40
889,22	1466,35
889,39	1550,31
889,57	1513,45
889,75	1472,49
889,93	1503,21
890,10	1419,24
890,28	1497,07
890,46	1601,51
890,64	1441,77
890,81	1531,88
890,99	1314,80
891,17	1437,67
891,34	1454,06
891,52	1462,25
891,70	1406,95
891,88	1466,35
892,05	1488,87
892,23	1499,11
892,41	1495,02
892,58	1456,11
892,76	1468,39
892,94	1411,05
893,12	1576,94
893,29	1480,68
893,47	1425,39
893,65	1503,21
893,82	1492,97
894,00	1572,84
894,18	1443,82
894,35	1423,34
894,53	1466,35
894,71	1533,93
894,89	1492,97
895,06	1464,30
895,24	1439,72
895,42	1425,39
895,59	1517,54
895,77	1499,11
895,95	1468,39
896,12	1462,25
896,30	1533,93
896,48	1470,44
896,65	1482,73
896,83	1427,43
897,01	1466,35
897,18	1519,59
897,36	1558,50
897,54	1538,02
897,71	1419,24
897,89	1492,97
898,07	1376,24
898,24	1460,20
898,42	1433,58
898,59	1449,96
898,77	1499,11
898,95	1548,26
899,12	1435,63
899,30	1445,87
899,48	1570,79
899,65	1478,63
899,83	1390,57
900,01	1376,24
900,18	1554,41
900,36	1488,87
900,53	1423,34
900,71	1474,54
900,89	1505,26
901,06	1527,78
901,24	1437,67
901,42	1492,97
901,59	1400,81
901,77	1470,44
901,94	1431,53
902,12	1521,64
902,30	1398,76
902,47	1390,57
902,65	1472,49
902,82	1456,11
903,00	1535,98
903,18	1445,87
903,35	1411,05
903,53	1472,49
903,70	1562,60
903,88	1492,97
904,06	1525,74
904,23	1460,20
904,41	1468,39
904,58	1470,44
904,76	1429,48
904,93	1497,07
905,11	1499,11
905,29	1566,70
905,46	1431,53
905,64	1535,98
905,81	1431,53
905,99	1542,12
906,16	1484,78
906,34	1466,35
906,52	1486,83
906,69	1406,95
906,87	1552,36
907,04	1472,49
907,22	1394,67
907,39	1464,30
907,57	1497,07
907,75	1507,30
907,92	1480,68
908,10	1560,55
908,27	1445,87
908,45	1535,98
908,62	1419,24
908,80	1445,87
908,97	1499,11
909,15	1472,49
909,32	1497,07
909,50	1464,30
909,67	1384,43
909,85	1456,11
910,03	1368,04
910,20	1380,33
910,38	1519,59
910,55	1511,40
910,73	1490,92
910,90	1427,43
911,08	1529,83
911,25	1497,07
911,43	1572,84
911,60	1400,81
911,78	1497,07
911,95	1456,11
912,13	1480,68
912,30	1476,59
912,48	1423,34
912,65	1409,00
912,83	1484,78
913,00	1490,92
913,18	1501,16
913,35	1546,22
913,53	1460,20
913,70	1566,70
913,88	1452,01
914,05	1519,59
914,23	1490,92
914,40	1468,39
914,58	1482,73
914,75	1517,54
914,93	1452,01
915,10	1527,78
915,27	1544,17
915,45	1437,67
915,62	1515,50
915,80	1435,63
915,97	1468,39
916,15	1409,00
916,32	1587,18
916,50	1591,27
916,67	1443,82
916,85	1546,22
917,02	1511,40
917,20	1554,41
917,37	1449,96
917,54	1540,07
917,72	1523,69
917,89	1447,91
918,07	1480,68
918,24	1517,54
918,42	1486,83
918,59	1517,54
918,77	1507,30
918,94	1441,77
919,11	1535,98
919,29	1466,35
919,46	1480,68
919,64	1554,41
919,81	1421,29
919,99	1472,49
920,16	1529,83
920,33	1521,64
920,51	1531,88
920,68	1464,30
920,86	1568,74
921,03	1525,74
921,20	1437,67
921,38	1492,97
921,55	1509,35
921,73	1462,25
921,90	1437,67
922,07	1468,39
922,25	1482,73
922,42	1578,98
922,60	1556,46
922,77	1495,02
922,94	1533,93
923,12	1423,34
923,29	1578,98
923,47	1472,49
923,64	1482,73
923,81	1486,83
923,99	1400,81
924,16	1511,40
924,34	1398,76
924,51	1605,61
924,68	1525,74
924,86	1523,69
925,03	1456,11
925,20	1619,94
925,38	1535,98
925,55	1511,40
925,72	1501,16
925,90	1390,57
926,07	1476,59
926,25	1542,12
926,42	1513,45
926,59	1527,78
926,77	1490,92
926,94	1495,02
927,11	1544,17
927,29	1466,35
927,46	1476,59
927,63	1478,63
927,81	1574,89
927,98	1503,21
928,15	1492,97
928,33	1552,36
928,50	1470,44
928,67	1578,98
928,85	1415,15
929,02	1501,16
929,19	1527,78
929,37	1589,22
929,54	1478,63
929,71	1538,02
929,89	1468,39
930,06	1492,97
930,23	1472,49
930,41	1556,46
930,58	1492,97
930,75	1546,22
930,92	1550,31
931,10	1484,78
931,27	1533,93
931,44	1572,84
931,62	1456,11
931,79	1513,45
931,96	1595,37
932,14	1552,36
932,31	1617,90
932,48	1525,74
932,65	1503,21
932,83	1380,33
933,00	1435,63
933,17	1566,70
933,35	1552,36
933,52	1517,54
933,69	1546,22
933,86	1507,30
934,04	1503,21
934,21	1521,64
934,38	1503,21
934,55	1509,35
934,73	1437,67
934,90	1497,07
935,07	1548,26
935,25	1611,75
935,42	1454,06
935,59	1619,94
935,76	1484,78
935,94	1484,78
936,11	1509,35
936,28	1558,50
936,45	1488,87
936,63	1480,68
936,80	1509,35
936,97	1511,40
937,14	1566,70
937,31	1585,13
937,49	1454,06
937,66	1562,60
937,83	1585,13
938,00	1505,26
938,18	1521,64
938,35	1550,31
938,52	1550,31
938,69	1529,83
938,87	1501,16
939,04	1521,64
939,21	1507,30
939,38	1570,79
939,55	1411,05
939,73	1513,45
939,90	1544,17
940,07	1462,25
940,24	1501,16
940,41	1550,31
940,59	1411,05
940,76	1492,97
940,93	1417,19
941,10	1439,72
941,27	1480,68
941,45	1486,83
941,62	1507,30
941,79	1472,49
941,96	1558,50
942,13	1542,12
942,31	1445,87
942,48	1535,98
942,65	1570,79
942,82	1468,39
942,99	1527,78
943,16	1482,73
943,34	1501,16
943,51	1533,93
943,68	1529,83
943,85	1529,83
944,02	1492,97
944,19	1476,59
944,37	1521,64
944,54	1511,40
944,71	1449,96
944,88	1562,60
945,05	1519,59
945,22	1505,26
945,40	1515,50
945,57	1544,17
945,74	1521,64
945,91	1503,21
946,08	1482,73
946,25	1568,74
946,42	1503,21
946,60	1472,49
946,77	1574,89
946,94	1509,35
947,11	1546,22
947,28	1423,34
947,45	1476,59
947,62	1488,87
947,79	1525,74
947,97	1593,32
948,14	1578,98
948,31	1460,20
948,48	1431,53
948,65	1507,30
948,82	1462,25
948,99	1542,12
949,16	1484,78
949,33	1433,58
949,51	1521,64
949,68	1501,16
949,85	1458,15
950,02	1550,31
950,19	1427,43
950,36	1576,94
950,53	1452,01
950,70	1447,91
950,87	1513,45
951,04	1523,69
951,22	1439,72
951,39	1507,30
951,56	1488,87
951,73	1556,46
951,90	1488,87
952,07	1497,07
952,24	1409,00
952,41	1513,45
952,58	1501,16
952,75	1558,50
952,92	1366,00
953,09	1529,83
953,26	1527,78
953,43	1480,68
953,61	1472,49
953,78	1517,54
953,95	1474,54
954,12	1396,71
954,29	1478,63
954,46	1501,16
954,63	1562,60
954,80	1552,36
954,97	1544,17
955,14	1517,54
955,31	1488,87
955,48	1486,83
955,65	1480,68
955,82	1449,96
955,99	1576,94
956,16	1484,78
956,33	1515,50
956,50	1511,40
956,67	1472,49
956,84	1540,07
957,01	1478,63
957,18	1523,69
957,35	1445,87
957,52	1529,83
957,69	1472,49
957,86	1492,97
958,03	1431,53
958,20	1501,16
958,37	1552,36
958,54	1542,12
958,71	1472,49
958,88	1540,07
959,05	1474,54
959,22	1497,07
959,39	1529,83
959,56	1411,05
959,73	1554,41
959,90	1492,97
960,07	1480,68
960,24	1548,26
960,41	1523,69
960,58	1552,36
960,75	1507,30
960,92	1495,02
961,09	1482,73
961,26	1497,07
961,43	1521,64
961,60	1470,44
961,77	1521,64
961,94	1497,07
962,11	1482,73
962,28	1617,90
962,45	1484,78
962,62	1431,53
962,79	1556,46
962,96	1497,07
963,13	1460,20
963,30	1435,63
963,47	1501,16
963,64	1507,30
963,81	1583,08
963,98	1449,96
964,14	1468,39
964,31	1452,01
964,48	1525,74
964,65	1490,92
964,82	1470,44
964,99	1560,55
965,16	1447,91
965,33	1435,63
965,50	1519,59
965,67	1431,53
965,84	1449,96
966,01	1460,20
966,18	1454,06
966,35	1447,91
966,51	1441,77
966,68	1546,22
966,85	1533,93
967,02	1492,97
967,19	1439,72
967,36	1497,07
967,53	1497,07
967,70	1476,59
967,87	1499,11
968,04	1447,91
968,21	1443,82
968,37	1589,22
968,54	1400,81
968,71	1452,01
968,88	1490,92
969,05	1409,00
969,22	1476,59
969,39	1474,54
969,56	1511,40
969,72	1460,20
969,89	1421,29
970,06	1531,88
970,23	1423,34
970,40	1421,29
970,57	1384,43
970,74	1419,24
970,91	1441,77
971,07	1398,76
971,24	1460,20
971,41	1449,96
971,58	1437,67
971,75	1456,11
971,92	1470,44
972,09	1447,91
972,25	1433,58
972,42	1517,54
972,59	1404,91
972,76	1523,69
972,93	1435,63
973,10	1515,50
973,27	1576,94
973,43	1472,49
973,60	1486,83
973,77	1476,59
973,94	1435,63
974,11	1521,64
974,28	1474,54
974,44	1415,15
974,61	1452,01
974,78	1488,87
974,95	1472,49
975,12	1578,98
975,28	1544,17
975,45	1515,50
975,62	1460,20
975,79	1431,53
975,96	1419,24
976,12	1490,92
976,29	1435,63
976,46	1429,48
976,63	1439,72
976,80	1443,82
976,96	1452,01
977,13	1431,53
977,30	1411,05
977,47	1404,91
977,64	1421,29
977,80	1460,20
977,97	1480,68
978,14	1421,29
978,31	1445,87
978,48	1484,78
978,64	1538,02
978,81	1439,72
978,98	1402,86
979,15	1429,48
979,31	1497,07
979,48	1445,87
979,65	1372,14
979,82	1521,64
979,98	1386,47
980,15	1472,49
980,32	1576,94
980,49	1382,38
980,66	1390,57
980,82	1380,33
980,99	1490,92
981,16	1390,57
981,33	1503,21
981,49	1484,78
981,66	1452,01
981,83	1423,34
981,99	1370,09
982,16	1368,04
982,33	1409,00
982,50	1279,98
982,66	1460,20
982,83	1366,00
983,00	1458,15
983,17	1357,80
983,33	1460,20
983,50	1404,91
983,67	1372,14
983,83	1388,52
984,00	1400,81
984,17	1505,26
984,34	1409,00
984,50	1394,67
984,67	1394,67
984,84	1427,43
985,00	1406,95
985,17	1415,15
985,34	1507,30
985,51	1415,15
985,67	1409,00
985,84	1413,10
986,01	1423,34
986,17	1439,72
986,34	1388,52
986,51	1429,48
986,67	1406,95
986,84	1427,43
987,01	1402,86
987,17	1486,83
987,34	1347,56
987,51	1454,06
987,67	1431,53
987,84	1476,59
988,01	1402,86
988,17	1312,75
988,34	1400,81
988,51	1449,96
988,67	1519,59
988,84	1464,30
989,01	1368,04
989,17	1458,15
989,34	1415,15
989,51	1429,48
989,67	1425,39
989,84	1492,97
990,01	1345,52
990,17	1454,06
990,34	1398,76
990,51	1480,68
990,67	1445,87
990,84	1386,47
991,01	1366,00
991,17	1486,83
991,34	1390,57
991,50	1345,52
991,67	1406,95
991,84	1284,08
992,00	1433,58
992,17	1388,52
992,34	1452,01
992,50	1521,64
992,67	1441,77
992,83	1492,97
993,00	1370,09
993,17	1372,14
993,33	1456,11
993,50	1490,92
993,66	1476,59
993,83	1513,45
994,00	1417,19
994,16	1380,33
994,33	1456,11
994,49	1472,49
994,66	1495,02
994,83	1388,52
994,99	1409,00
995,16	1402,86
995,32	1417,19
995,49	1460,20
995,66	1419,24
995,82	1470,44
995,99	1384,43
996,15	1409,00
996,32	1462,25
996,48	1390,57
996,65	1327,08
996,82	1470,44
996,98	1406,95
997,15	1419,24
997,31	1499,11
997,48	1509,35
997,64	1445,87
997,81	1449,96
997,97	1343,47
998,14	1382,38
998,31	1472,49
998,47	1419,24
998,64	1421,29
998,80	1425,39
998,97	1466,35
999,13	1419,24
999,30	1433,58
999,46	1445,87
999,63	1390,57
999,79	1325,04
999,96	1396,71
1000,12	1415,15
1000,29	1435,63
1000,45	1511,40
1000,62	1343,47
1000,79	1409,00
1000,95	1372,14
1001,12	1439,72
1001,28	1415,15
1001,45	1470,44
1001,61	1406,95
1001,78	1429,48
1001,94	1521,64
1002,11	1476,59
1002,27	1470,44
1002,44	1316,84
1002,60	1363,95
1002,77	1466,35
1002,93	1411,05
1003,10	1400,81
1003,26	1435,63
1003,43	1511,40
1003,59	1406,95
1003,76	1400,81
1003,92	1521,64
1004,09	1452,01
1004,25	1439,72
1004,41	1503,21
1004,58	1406,95
1004,74	1325,04
1004,91	1456,11
1005,07	1435,63
1005,24	1583,08
1005,40	1497,07
1005,57	1417,19
1005,73	1361,90
1005,90	1388,52
1006,06	1492,97
1006,23	1529,83
1006,39	1413,10
1006,55	1308,65
1006,72	1363,95
1006,88	1376,24
1007,05	1429,48
1007,21	1402,86
1007,38	1406,95
1007,54	1396,71
1007,71	1415,15
1007,87	1370,09
1008,03	1400,81
1008,20	1474,54
1008,36	1501,16
1008,53	1456,11
1008,69	1447,91
1008,86	1339,37
1009,02	1449,96
1009,18	1437,67
1009,35	1398,76
1009,51	1406,95
1009,68	1394,67
1009,84	1466,35
1010,01	1363,95
1010,17	1415,15
1010,33	1456,11
1010,50	1427,43
1010,66	1474,54
1010,83	1449,96
1010,99	1507,30
1011,15	1372,14
1011,32	1439,72
1011,48	1466,35
1011,65	1423,34
1011,81	1361,90
1011,97	1478,63
1012,14	1468,39
1012,30	1392,62
1012,46	1419,24
1012,63	1468,39
1012,79	1388,52
1012,96	1480,68
1013,12	1419,24
1013,28	1482,73
1013,45	1464,30
1013,61	1372,14
1013,77	1474,54
1013,94	1454,06
1014,10	1423,34
1014,26	1345,52
1014,43	1431,53
1014,59	1329,13
1014,76	1427,43
1014,92	1511,40
1015,08	1314,80
1015,25	1404,91
1015,41	1523,69
1015,57	1384,43
1015,74	1409,00
1015,90	1529,83
1016,06	1406,95
1016,23	1462,25
1016,39	1386,47
1016,55	1488,87
1016,72	1374,19
1016,88	1394,67
1017,04	1302,51
1017,21	1417,19
1017,37	1318,89
1017,53	1357,80
1017,70	1357,80
1017,86	1447,91
1018,02	1423,34
1018,19	1353,71
1018,35	1388,52
1018,51	1306,60
1018,67	1439,72
1018,84	1476,59
1019,00	1271,79
1019,16	1454,06
1019,33	1435,63
1019,49	1386,47
1019,65	1421,29
1019,82	1439,72
1019,98	1341,42
1020,14	1441,77
1020,30	1470,44
1020,47	1357,80
1020,63	1515,50
1020,79	1425,39
1020,96	1411,05
1021,12	1337,32
1021,28	1482,73
1021,44	1435,63
1021,61	1388,52
1021,77	1501,16
1021,93	1427,43
1022,09	1423,34
1022,26	1470,44
1022,42	1406,95
1022,58	1406,95
1022,74	1445,87
1022,91	1429,48
1023,07	1378,28
1023,23	1415,15
1023,39	1429,48
1023,56	1353,71
1023,72	1470,44
1023,88	1409,00
1024,04	1462,25
1024,21	1349,61
1024,37	1415,15
1024,53	1458,15
1024,69	1392,62
1024,86	1359,85
1025,02	1380,33
1025,18	1351,66
1025,34	1341,42
1025,50	1452,01
1025,67	1417,19
1025,83	1474,54
1025,99	1411,05
1026,15	1501,16
1026,32	1331,18
1026,48	1382,38
1026,64	1429,48
1026,80	1470,44
1026,96	1439,72
1027,13	1402,86
1027,29	1527,78
1027,45	1388,52
1027,61	1302,51
1027,77	1447,91
1027,94	1427,43
1028,10	1452,01
1028,26	1316,84
1028,42	1353,71
1028,58	1464,30
1028,75	1406,95
1028,91	1390,57
1029,07	1382,38
1029,23	1372,14
1029,39	1433,58
1029,55	1390,57
1029,72	1478,63
1029,88	1449,96
1030,04	1433,58
1030,20	1419,24
1030,36	1341,42
1030,52	1339,37
1030,69	1425,39
1030,85	1404,91
1031,01	1343,47
1031,17	1398,76
1031,33	1433,58
1031,49	1488,87
1031,65	1368,04
1031,82	1390,57
1031,98	1351,66
1032,14	1513,45
1032,30	1421,29
1032,46	1431,53
1032,62	1396,71
1032,78	1402,86
1032,95	1386,47
1033,11	1402,86
1033,27	1345,52
1033,43	1312,75
1033,59	1443,82
1033,75	1363,95
1033,91	1339,37
1034,07	1480,68
1034,24	1456,11
1034,40	1335,28
1034,56	1370,09
1034,72	1435,63
1034,88	1425,39
1035,04	1390,57
1035,20	1406,95
1035,36	1296,36
1035,52	1386,47
1035,68	1392,62
1035,85	1404,91
1036,01	1380,33
1036,17	1513,45
1036,33	1488,87
1036,49	1394,67
1036,65	1423,34
1036,81	1409,00
1036,97	1415,15
1037,13	1415,15
1037,29	1445,87
1037,45	1466,35
1037,61	1390,57
1037,78	1425,39
1037,94	1411,05
1038,10	1400,81
1038,26	1345,52
1038,42	1372,14
1038,58	1452,01
1038,74	1378,28
1038,90	1437,67
1039,06	1396,71
1039,22	1368,04
1039,38	1384,43
1039,54	1419,24
1039,70	1363,95
1039,86	1447,91
1040,02	1361,90
1040,18	1454,06
1040,34	1368,04
1040,50	1400,81
1040,66	1409,00
1040,83	1357,80
1040,99	1478,63
1041,15	1443,82
1041,31	1456,11
1041,47	1374,19
1041,63	1359,85
1041,79	1419,24
1041,95	1382,38
1042,11	1419,24
1042,27	1437,67
1042,43	1406,95
1042,59	1523,69
1042,75	1388,52
1042,91	1443,82
