344,25	1236,97
344,46	1236,97
344,68	1236,97
344,90	1247,21
345,12	1232,88
345,34	1351,66
345,55	1411,05
345,77	1370,09
345,99	1363,95
346,21	1402,86
346,42	1486,83
346,64	1378,28
346,86	1316,84
347,08	1425,39
347,30	1333,23
347,51	1447,91
347,73	1449,96
347,95	1466,35
348,17	1345,52
348,38	1406,95
348,60	1382,38
348,82	1431,53
349,04	1370,09
349,25	1452,01
349,47	1497,07
349,69	1452,01
349,91	1413,10
350,13	1462,25
350,34	1445,87
350,56	1296,36
350,78	1390,57
351,00	1437,67
351,21	1443,82
351,43	1406,95
351,65	1413,10
351,87	1423,34
352,08	1409,00
352,30	1433,58
352,52	1452,01
352,74	1466,35
352,95	1452,01
353,17	1476,59
353,39	1372,14
353,61	1331,18
353,82	1413,10
354,04	1456,11
354,26	1415,15
354,47	1478,63
354,69	1470,44
354,91	1482,73
355,13	1404,91
355,34	1353,71
355,56	1353,71
355,78	1435,63
356,00	1495,02
356,21	1427,43
356,43	1441,77
356,65	1366,00
356,86	1435,63
357,08	1492,97
357,30	1513,45
357,52	1415,15
357,73	1396,71
357,95	1466,35
358,17	1345,52
358,38	1458,15
358,60	1419,24
358,82	1355,76
359,04	1517,54
359,25	1464,30
359,47	1472,49
359,69	1406,95
359,90	1478,63
360,12	1488,87
360,34	1447,91
360,56	1427,43
360,77	1558,50
360,99	1533,93
361,21	1503,21
361,42	1470,44
361,64	1431,53
361,86	1466,35
362,07	1497,07
362,29	1443,82
362,51	1423,34
362,73	1452,01
362,94	1439,72
363,16	1525,74
363,38	1406,95
363,59	1505,26
363,81	1478,63
364,03	1462,25
364,24	1406,95
364,46	1552,36
364,68	1509,35
364,89	1413,10
365,11	1497,07
365,33	1523,69
365,54	1552,36
365,76	1454,06
365,98	1583,08
366,19	1456,11
366,41	1576,94
366,63	1452,01
366,84	1413,10
367,06	1454,06
367,28	1492,97
367,49	1454,06
367,71	1490,92
367,93	1515,50
368,14	1488,87
368,36	1402,86
368,58	1472,49
368,79	1486,83
369,01	1503,21
369,23	1515,50
369,44	1570,79
369,66	1386,47
369,88	1466,35
370,09	1472,49
370,31	1472,49
370,53	1445,87
370,74	1437,67
370,96	1431,53
371,18	1503,21
371,39	1431,53
371,61	1472,49
371,82	1540,07
372,04	1427,43
372,26	1462,25
372,47	1509,35
372,69	1495,02
372,91	1566,70
373,12	1417,19
373,34	1437,67
373,56	1353,71
373,77	1439,72
373,99	1562,60
374,20	1523,69
374,42	1540,07
374,64	1544,17
374,85	1443,82
375,07	1564,65
375,29	1519,59
375,50	1468,39
375,72	1425,39
375,93	1421,29
376,15	1507,30
376,37	1503,21
376,58	1415,15
376,80	1574,89
377,01	1454,06
377,23	1490,92
377,45	1474,54
377,66	1497,07
377,88	1488,87
378,10	1542,12
378,31	1386,47
378,53	1599,46
378,74	1419,24
378,96	1443,82
379,18	1468,39
379,39	1437,67
379,61	1445,87
379,82	1427,43
380,04	1433,58
380,26	1531,88
380,47	1499,11
380,69	1400,81
380,90	1599,46
381,12	1490,92
381,33	1468,39
381,55	1351,66
381,77	1402,86
381,98	1433,58
382,20	1398,76
382,41	1404,91
382,63	1458,15
382,85	1505,26
383,06	1546,22
383,28	1509,35
383,49	1351,66
383,71	1486,83
383,92	1449,96
384,14	1429,48
384,36	1384,43
384,57	1425,39
384,79	1470,44
385,00	1548,26
385,22	1433,58
385,43	1423,34
385,65	1392,62
385,87	1488,87
386,08	1409,00
386,30	1452,01
386,51	1378,28
386,73	1396,71
386,94	1423,34
387,16	1374,19
387,37	1495,02
387,59	1452,01
387,81	1435,63
388,02	1449,96
388,24	1359,85
388,45	1449,96
388,67	1404,91
388,88	1480,68
389,10	1400,81
389,31	1550,31
389,53	1433,58
389,75	1482,73
389,96	1402,86
390,18	1464,30
390,39	1378,28
390,61	1464,30
390,82	1415,15
391,04	1468,39
391,25	1359,85
391,47	1382,38
391,68	1376,24
391,90	1464,30
392,11	1464,30
392,33	1476,59
392,54	1390,57
392,76	1398,76
392,97	1390,57
393,19	1505,26
393,41	1413,10
393,62	1497,07
393,84	1417,19
394,05	1441,77
394,27	1382,38
394,48	1390,57
394,70	1529,83
394,91	1464,30
395,13	1505,26
395,34	1404,91
395,56	1456,11
395,77	1454,06
395,99	1458,15
396,20	1488,87
396,42	1439,72
396,63	1476,59
396,85	1486,83
397,06	1417,19
397,28	1433,58
397,49	1443,82
397,71	1458,15
397,92	1437,67
398,14	1466,35
398,35	1603,56
398,57	1372,14
398,78	1509,35
399,00	1413,10
399,21	1417,19
399,43	1476,59
399,64	1466,35
399,86	1501,16
400,07	1456,11
400,29	1427,43
400,50	1488,87
400,72	1484,78
400,93	1472,49
401,14	1464,30
401,36	1425,39
401,57	1497,07
401,79	1548,26
402,00	1460,20
402,22	1497,07
402,43	1517,54
402,65	1396,71
402,86	1449,96
403,08	1423,34
403,29	1466,35
403,51	1492,97
403,72	1458,15
403,94	1460,20
404,15	1447,91
404,36	1519,59
404,58	1753,06
404,79	1593,32
405,01	1458,15
405,22	1509,35
405,44	1402,86
405,65	1515,50
405,87	1460,20
406,08	1439,72
406,30	1370,09
406,51	1501,16
406,72	1501,16
406,94	1433,58
407,15	1443,82
407,37	1531,88
407,58	1513,45
407,80	1482,73
408,01	1513,45
408,23	1531,88
408,44	1505,26
408,65	1437,67
408,87	1468,39
409,08	1456,11
409,30	1550,31
409,51	1476,59
409,73	1406,95
409,94	1435,63
410,15	1566,70
410,37	1439,72
410,58	1480,68
410,80	1486,83
411,01	1550,31
411,23	1474,54
411,44	1517,54
411,65	1578,98
411,87	1542,12
412,08	1462,25
412,30	1544,17
412,51	1482,73
412,72	1503,21
412,94	1478,63
413,15	1363,95
413,37	1433,58
413,58	1439,72
413,79	1488,87
414,01	1501,16
414,22	1527,78
414,44	1456,11
414,65	1497,07
414,86	1439,72
415,08	1507,30
415,29	1396,71
415,51	1452,01
415,72	1447,91
415,93	1423,34
416,15	1419,24
416,36	1499,11
416,58	1527,78
416,79	1394,67
417,00	1480,68
417,22	1449,96
417,43	1515,50
417,65	1466,35
417,86	1454,06
418,07	1454,06
418,29	1488,87
418,50	1538,02
418,71	1400,81
418,93	1503,21
419,14	1458,15
419,36	1449,96
419,57	1490,92
419,78	1540,07
420,00	1429,48
420,21	1484,78
420,42	1470,44
420,64	1449,96
420,85	1492,97
421,06	1476,59
421,28	1554,41
421,49	1437,67
421,71	1527,78
421,92	1466,35
422,13	1476,59
422,35	1595,37
422,56	1484,78
422,77	1511,40
422,99	1511,40
423,20	1505,26
423,41	1497,07
423,63	1472,49
423,84	1550,31
424,05	1452,01
424,27	1427,43
424,48	1484,78
424,69	1550,31
424,91	1785,83
425,12	1482,73
425,33	1509,35
425,55	1531,88
425,76	1431,53
425,97	1554,41
426,19	1488,87
426,40	1464,30
426,61	1507,30
426,83	1488,87
427,04	1542,12
427,25	1433,58
427,47	1476,59
427,68	1427,43
427,89	1515,50
428,11	1519,59
428,32	1406,95
428,53	1458,15
428,75	1523,69
428,96	1535,98
429,17	1468,39
429,39	1429,48
429,60	1525,74
429,81	1583,08
430,03	1468,39
430,24	1443,82
430,45	1488,87
430,67	1476,59
430,88	1568,74
431,09	1404,91
431,30	1445,87
431,52	1447,91
431,73	1429,48
431,94	1521,64
432,16	1429,48
432,37	1488,87
432,58	1445,87
432,80	1490,92
433,01	1554,41
433,22	1495,02
433,43	1603,56
433,65	1421,29
433,86	1429,48
434,07	1390,57
434,29	1468,39
434,50	1454,06
434,71	1474,54
434,92	1425,39
435,14	1531,88
435,35	1425,39
435,56	1476,59
435,77	1513,45
435,99	1456,11
436,20	1437,67
436,41	1452,01
436,63	1353,71
436,84	1468,39
437,05	1484,78
437,26	1445,87
437,48	1511,40
437,69	1507,30
437,90	1478,63
438,11	1490,92
438,33	1425,39
438,54	1492,97
438,75	1439,72
438,96	1421,29
439,18	1374,19
439,39	1611,75
439,60	1441,77
439,82	1462,25
440,03	1542,12
440,24	1490,92
440,45	1472,49
440,67	1519,59
440,88	1472,49
441,09	1464,30
441,30	1513,45
441,51	1501,16
441,73	1462,25
441,94	1409,00
442,15	1445,87
442,36	1482,73
442,58	1394,67
442,79	1482,73
443,00	1353,71
443,21	1566,70
443,43	1456,11
443,64	1470,44
443,85	1570,79
444,06	1529,83
444,28	1511,40
444,49	1492,97
444,70	1427,43
444,91	1462,25
445,12	1482,73
445,34	1470,44
445,55	1558,50
445,76	1505,26
445,97	1445,87
446,18	1513,45
446,40	1535,98
446,61	1413,10
446,82	1464,30
447,03	1554,41
447,25	1517,54
447,46	1443,82
447,67	1581,03
447,88	1495,02
448,09	1538,02
448,31	1492,97
448,52	1503,21
448,73	1501,16
448,94	1495,02
449,15	1505,26
449,37	1478,63
449,58	1552,36
449,79	1427,43
450,00	1587,18
450,21	1439,72
450,43	1435,63
450,64	1480,68
450,85	1478,63
451,06	1441,77
451,27	1632,23
451,48	1466,35
451,70	1398,76
451,91	1482,73
452,12	1484,78
452,33	1456,11
452,54	1392,62
452,76	1538,02
452,97	1564,65
453,18	1583,08
453,39	1529,83
453,60	1492,97
453,81	1517,54
454,03	1468,39
454,24	1480,68
454,45	1439,72
454,66	1478,63
454,87	1495,02
455,08	1560,55
455,30	1476,59
455,51	1527,78
455,72	1452,01
455,93	1564,65
456,14	1503,21
456,35	1521,64
456,56	1533,93
456,78	1517,54
456,99	1560,55
457,20	1507,30
457,41	1599,46
457,62	1574,89
457,83	1509,35
458,04	1488,87
458,26	1488,87
458,47	1570,79
458,68	1486,83
458,89	1538,02
459,10	1497,07
459,31	1470,44
459,52	1560,55
459,74	1564,65
459,95	1521,64
460,16	1546,22
460,37	1552,36
460,58	1556,46
460,79	1476,59
461,00	1640,42
461,21	1435,63
461,43	1546,22
461,64	1527,78
461,85	1517,54
462,06	1484,78
462,27	1445,87
462,48	1562,60
462,69	1619,94
462,90	1531,88
463,12	1542,12
463,33	1497,07
463,54	1513,45
463,75	1505,26
463,96	1531,88
464,17	1486,83
464,38	1529,83
464,59	1513,45
464,80	1533,93
465,01	1589,22
465,23	1570,79
465,44	1458,15
465,65	1437,67
465,86	1482,73
466,07	1488,87
466,28	1497,07
466,49	1595,37
466,70	1519,59
466,91	1626,09
467,12	1554,41
467,33	1458,15
467,55	1513,45
467,76	1499,11
467,97	1478,63
468,18	1550,31
468,39	1533,93
468,60	1669,09
468,81	1523,69
469,02	1564,65
469,23	1519,59
469,44	1507,30
469,65	1421,29
469,86	1578,98
470,07	1443,82
470,29	1552,36
470,50	1474,54
470,71	1519,59
470,92	1519,59
471,13	1621,99
471,34	1566,70
471,55	1531,88
471,76	1492,97
471,97	1525,74
472,18	1519,59
472,39	1497,07
472,60	1466,35
472,81	1566,70
473,02	1548,26
473,23	1646,57
473,44	1564,65
473,65	1589,22
473,87	1470,44
474,08	1542,12
474,29	1531,88
474,50	1538,02
474,71	1505,26
474,92	1558,50
475,13	1595,37
475,34	1538,02
475,55	1472,49
475,76	1488,87
475,97	1583,08
476,18	1517,54
476,39	1544,17
476,60	1615,85
476,81	1595,37
477,02	1593,32
477,23	1540,07
477,44	1523,69
477,65	1556,46
477,86	1601,51
478,07	1605,61
478,28	1585,13
478,49	1499,11
478,70	1550,31
478,91	1492,97
479,12	1529,83
479,33	1540,07
479,54	1492,97
479,75	1695,72
479,96	1560,55
480,17	1525,74
480,38	1558,50
480,59	1544,17
480,80	1587,18
481,01	1472,49
481,22	1521,64
481,43	1535,98
481,64	1593,32
481,85	1562,60
482,06	1632,23
482,27	1556,46
482,48	1650,66
482,69	1576,94
482,90	1589,22
483,11	1644,52
483,32	1601,51
483,53	1509,35
483,74	1566,70
483,95	1564,65
484,16	1449,96
484,37	1533,93
484,58	1576,94
484,79	1572,84
485,00	1583,08
485,21	1599,46
485,42	1619,94
485,63	1615,85
485,84	1640,42
486,05	1497,07
486,26	1562,60
486,47	1595,37
486,68	1613,80
486,89	1517,54
487,10	1624,04
487,31	1591,27
487,52	1546,22
487,73	1644,52
487,94	1566,70
488,15	1585,13
488,36	1558,50
488,57	1589,22
488,77	1613,80
488,98	1636,33
489,19	1644,52
489,40	1593,32
489,61	1628,14
489,82	1607,66
490,03	1660,90
490,24	1546,22
490,45	1658,85
490,66	1527,78
490,87	1603,56
491,08	1611,75
491,29	1576,94
491,50	1511,40
491,71	1572,84
491,92	1550,31
492,13	1636,33
492,33	1587,18
492,54	1572,84
492,75	1595,37
492,96	1578,98
493,17	1648,61
493,38	1550,31
493,59	1595,37
493,80	1681,38
494,01	1587,18
494,22	1615,85
494,43	1628,14
494,64	1542,12
494,85	1570,79
495,05	1626,09
495,26	1589,22
495,47	1605,61
495,68	1644,52
495,89	1562,60
496,10	1619,94
496,31	1687,53
496,52	1685,48
496,73	1605,61
496,94	1581,03
497,15	1562,60
497,35	1650,66
497,56	1630,18
497,77	1613,80
497,98	1628,14
498,19	1714,15
498,40	1679,33
498,61	1695,72
498,82	1558,50
499,03	1556,46
499,23	1671,14
499,44	1701,86
499,65	1712,10
499,86	1660,90
500,07	1634,28
500,28	1640,42
500,49	1634,28
500,70	1597,42
500,91	1556,46
501,11	1650,66
501,32	1665,00
501,53	1640,42
501,74	1603,56
501,95	1556,46
502,16	1683,43
502,37	1558,50
502,57	1646,57
502,78	1638,38
502,99	1689,57
503,20	1574,89
503,41	1650,66
503,62	1552,36
503,83	1638,38
504,03	1546,22
504,24	1634,28
504,45	1607,66
504,66	1654,76
504,87	1665,00
505,08	1591,27
505,29	1609,70
505,49	1654,76
505,70	1564,65
505,91	1589,22
506,12	1673,19
506,33	1703,91
506,54	1542,12
506,75	1708,01
506,95	1615,85
507,16	1734,63
507,37	1634,28
507,58	1654,76
507,79	1640,42
508,00	1589,22
508,20	1558,50
508,41	1628,14
508,62	1724,39
508,83	1658,85
509,04	1595,37
509,24	1660,90
509,45	1964,00
509,66	1695,72
509,87	1644,52
510,08	1636,33
510,29	1695,72
510,49	1673,19
510,70	1564,65
510,91	1665,00
511,12	1630,18
511,33	1636,33
511,53	1587,18
511,74	1601,51
511,95	1628,14
512,16	1699,81
512,37	1701,86
512,57	1636,33
512,78	1535,98
512,99	1628,14
513,20	1695,72
513,41	1679,33
513,61	1581,03
513,82	1621,99
514,03	1646,57
514,24	1646,57
514,45	1677,29
514,65	1591,27
514,86	1574,89
515,07	1593,32
515,28	1558,50
515,49	1689,57
515,69	1603,56
515,90	1714,15
516,11	1644,52
516,32	1656,81
516,52	1675,24
516,73	1685,48
516,94	1710,05
517,15	1613,80
517,36	1611,75
517,56	1673,19
517,77	1585,13
517,98	1705,96
518,19	1683,43
518,39	1724,39
518,60	1609,70
518,81	1609,70
519,02	1640,42
519,22	1667,05
519,43	1693,67
519,64	1603,56
519,85	1562,60
520,05	1683,43
520,26	1587,18
520,47	1660,90
520,68	1552,36
520,88	1574,89
521,09	1638,38
521,30	1734,63
521,51	1654,76
521,71	1693,67
521,92	1734,63
522,13	1576,94
522,34	1632,23
522,54	1669,09
522,75	1581,03
522,96	1734,63
523,17	1675,24
523,37	1601,51
523,58	1650,66
523,79	1665,00
523,99	1593,32
524,20	1615,85
524,41	1669,09
524,62	1708,01
524,82	1699,81
525,03	1640,42
525,24	1619,94
525,45	1691,62
525,65	1540,07
525,86	1703,91
526,07	1642,47
526,27	1667,05
526,48	1621,99
526,69	1845,22
526,90	1589,22
527,10	1662,95
527,31	1628,14
527,52	1662,95
527,72	1748,97
527,93	1718,25
528,14	1601,51
528,34	1630,18
528,55	1583,08
528,76	1593,32
528,97	1628,14
529,17	1646,57
529,38	1605,61
529,59	1619,94
529,79	1658,85
530,00	1677,29
530,21	1744,87
530,41	1607,66
530,62	1632,23
530,83	1718,25
531,03	1609,70
531,24	1667,05
531,45	1646,57
531,65	1667,05
531,86	1601,51
532,07	1689,57
532,27	1605,61
532,48	1607,66
532,69	1681,38
532,89	1656,81
533,10	1652,71
533,31	1660,90
533,51	1667,05
533,72	1621,99
533,93	1624,04
534,13	1609,70
534,34	1527,78
534,55	1634,28
534,75	1589,22
534,96	1734,63
535,17	1572,84
535,37	1669,09
535,58	1652,71
535,79	1660,90
535,99	1554,41
536,20	1574,89
536,41	1650,66
536,61	1640,42
536,82	1677,29
537,03	1615,85
537,23	1599,46
537,44	1640,42
537,64	1621,99
537,85	1691,62
538,06	1607,66
538,26	1677,29
538,47	1605,61
538,68	1640,42
538,88	1554,41
539,09	1552,36
539,30	1605,61
539,50	1701,86
539,71	1658,85
539,91	1695,72
540,12	1693,67
540,33	1673,19
540,53	1636,33
540,74	1597,42
540,94	1626,09
541,15	1648,61
541,36	1578,98
541,56	1642,47
541,77	1699,81
541,98	1662,95
542,18	1742,82
542,39	1634,28
542,59	1576,94
542,80	1566,70
543,01	1533,93
543,21	1656,81
543,42	1591,27
543,62	1656,81
543,83	1652,71
544,04	1656,81
544,24	1597,42
544,45	1560,55
544,65	1640,42
544,86	1632,23
545,06	1521,64
545,27	1572,84
545,48	1531,88
545,68	1695,72
545,89	1609,70
546,09	1605,61
546,30	1619,94
546,51	1638,38
546,71	1599,46
546,92	1472,49
547,12	1570,79
547,33	1583,08
547,53	1652,71
547,74	1628,14
547,95	1560,55
548,15	1619,94
548,36	1607,66
548,56	1556,46
548,77	1621,99
548,97	1638,38
549,18	1568,74
549,39	1656,81
549,59	1583,08
549,80	1560,55
550,00	1585,13
550,21	1691,62
550,41	1527,78
550,62	1558,50
550,82	1503,21
551,03	1482,73
551,23	1505,26
551,44	1642,47
551,65	1605,61
551,85	1585,13
552,06	1583,08
552,26	1544,17
552,47	1603,56
552,67	1529,83
552,88	1544,17
553,08	1507,30
553,29	1642,47
553,49	1630,18
553,70	1499,11
553,90	1630,18
554,11	1509,35
554,32	1568,74
554,52	1624,04
554,73	1517,54
554,93	1546,22
555,14	1540,07
555,34	1665,00
555,55	1671,14
555,75	1617,90
555,96	1609,70
556,16	1585,13
556,37	1665,00
556,57	1574,89
556,78	1562,60
556,98	1705,96
557,19	1679,33
557,39	1583,08
557,60	1531,88
557,80	1603,56
558,01	1650,66
558,21	1554,41
558,42	1636,33
558,62	1746,92
558,83	1632,23
559,03	1558,50
559,24	1597,42
559,44	1718,25
559,65	1609,70
559,85	1701,86
560,06	1630,18
560,26	1652,71
560,47	1669,09
560,67	1777,64
560,88	1714,15
561,08	1689,57
561,29	1634,28
561,49	1630,18
561,70	1650,66
561,90	1646,57
562,10	1665,00
562,31	1695,72
562,51	1693,67
562,72	1599,46
562,92	1650,66
563,13	1683,43
563,33	1765,35
563,54	1683,43
563,74	1822,69
563,95	1654,76
564,15	1720,29
564,36	1810,40
564,56	1779,68
564,76	1716,20
564,97	1710,05
565,17	1728,49
565,38	1834,98
565,58	1681,38
565,79	1773,54
565,99	1800,16
566,20	1767,40
566,40	1787,88
566,60	1839,08
566,81	1822,69
567,01	1753,06
567,22	1804,26
567,42	1710,05
567,63	1789,92
567,83	1857,51
568,04	1855,46
568,24	1890,28
568,44	1767,40
568,65	1775,59
568,85	1789,92
569,06	1767,40
569,26	1759,21
569,47	1843,17
569,67	1716,20
569,87	1746,92
570,08	1845,22
570,28	1820,64
570,49	1761,25
570,69	1957,86
570,89	1886,18
571,10	1800,16
571,30	1775,59
571,51	1816,55
571,71	1828,84
571,91	1849,32
572,12	1746,92
572,32	1847,27
572,53	1816,55
572,73	1847,27
572,93	1847,27
573,14	1841,12
573,34	1744,87
573,55	1871,84
573,75	1820,64
573,95	1877,99
574,16	1906,66
574,36	1882,08
574,57	1824,74
574,77	1931,23
574,97	1798,12
575,18	1877,99
575,38	1806,31
575,59	1814,50
575,79	1816,55
575,99	1890,28
576,20	1877,99
576,40	1916,90
576,60	1896,42
576,81	1853,41
577,01	1902,56
577,22	1894,37
577,42	1837,03
577,62	1873,89
577,83	1796,07
578,03	1949,67
578,23	1873,89
578,44	1869,80
578,64	1935,33
578,84	1810,40
579,05	1820,64
579,25	1859,56
579,45	1783,78
579,66	1851,36
579,86	1806,31
580,07	1935,33
580,27	1875,94
580,47	1824,74
580,68	1761,25
580,88	1849,32
581,08	1806,31
581,29	1759,21
581,49	1800,16
581,69	1787,88
581,90	1880,04
582,10	1796,07
582,30	1738,73
582,51	1849,32
582,71	1802,21
582,91	1775,59
583,12	1796,07
583,32	1779,68
583,52	1814,50
583,73	1744,87
583,93	1748,97
584,13	1808,36
584,34	1832,93
584,54	1791,97
584,74	1830,88
584,94	1791,97
585,15	1992,67
585,35	1859,56
585,55	1970,15
585,76	1832,93
585,96	1877,99
586,16	1933,28
586,37	1892,32
586,57	1804,26
586,77	1892,32
586,98	1908,71
587,18	1890,28
587,38	1966,05
587,58	1816,55
587,79	1849,32
587,99	1927,14
588,19	1880,04
588,40	1927,14
588,60	2035,68
588,80	1896,42
589,00	2011,11
589,21	1949,67
589,41	1988,58
589,61	1970,15
589,82	1998,82
590,02	1894,37
590,22	2095,07
590,42	2072,54
590,63	2095,07
590,83	1972,19
591,03	1994,72
591,23	2080,74
591,44	2086,88
591,64	2039,78
591,84	2082,78
592,05	2127,84
592,25	2125,79
592,45	1992,67
592,65	2074,59
592,86	2025,44
593,06	2080,74
593,26	1994,72
593,46	2052,06
593,67	1974,24
593,87	2088,93
594,07	2058,21
594,27	2179,04
594,48	2054,11
594,68	2088,93
594,88	2105,31
595,08	2131,94
595,29	2097,12
595,49	2086,88
595,69	2033,63
595,89	2115,55
596,10	2115,55
596,30	2119,65
596,50	2078,69
596,70	2211,81
596,90	2105,31
597,11	2070,50
597,31	2131,94
597,51	2033,63
597,71	2156,51
597,92	2189,28
598,12	2072,54
598,32	2203,61
598,52	2047,97
598,72	2043,87
598,93	2074,59
599,13	2226,14
599,33	2029,54
599,53	2127,84
599,74	2103,26
599,94	2111,46
600,14	2107,36
600,34	2115,55
600,54	2154,46
600,75	2074,59
600,95	2004,96
601,15	2023,39
601,35	1937,38
601,55	2035,68
601,76	1978,34
601,96	2054,11
602,16	1998,82
602,36	2047,97
602,56	1947,62
602,76	1927,14
602,97	1892,32
603,17	1898,47
603,37	1939,43
603,57	1828,84
603,77	1791,97
603,98	1892,32
604,18	1781,73
604,38	1767,40
604,58	1808,36
604,78	1816,55
604,98	1861,60
605,19	1775,59
605,39	1839,08
605,59	1740,77
605,79	1837,03
605,99	1753,06
606,19	1783,78
606,40	1716,20
606,60	1830,88
606,80	1662,95
607,00	1699,81
607,20	1599,46
607,40	1708,01
607,61	1703,91
607,81	1708,01
608,01	1691,62
608,21	1701,86
608,41	1564,65
608,61	1626,09
608,81	1617,90
609,02	1560,55
609,22	1603,56
609,42	1609,70
609,62	1576,94
609,82	1624,04
610,02	1650,66
610,22	1589,22
610,43	1527,78
610,63	1570,79
610,83	1607,66
611,03	1675,24
611,23	1585,13
611,43	1779,68
611,63	1632,23
611,83	1572,84
612,04	1673,19
612,24	1718,25
612,44	1609,70
612,64	1675,24
612,84	1613,80
613,04	1685,48
613,24	1611,75
613,44	1679,33
613,64	1759,21
613,85	1714,15
614,05	1697,77
614,25	1685,48
614,45	1636,33
614,65	1800,16
614,85	1699,81
615,05	1703,91
615,25	1714,15
615,45	1777,64
615,65	1724,39
615,86	1794,02
616,06	1791,97
616,26	1738,73
616,46	1882,08
616,66	1761,25
616,86	1871,84
617,06	1775,59
617,26	1867,75
617,46	1843,17
617,66	1914,85
617,86	1961,95
618,07	1877,99
618,27	1980,39
618,47	1841,12
618,67	1996,77
618,87	1910,75
619,07	2000,87
619,27	2199,52
619,47	2138,08
619,67	2070,50
619,87	2088,93
620,07	2086,88
620,27	2353,12
620,47	2152,42
620,67	2275,29
620,87	2246,62
621,07	2469,85
621,28	2226,14
621,48	2551,77
621,68	2377,69
621,88	2547,67
622,08	2412,51
622,28	2639,83
622,48	2439,13
622,68	2772,95
622,88	2623,45
623,08	2803,67
623,28	2559,96
623,48	2881,49
623,68	2779,09
623,88	2959,31
624,08	2852,82
624,28	3033,04
624,48	2959,31
624,68	3114,96
624,88	2783,19
625,08	3307,47
625,28	3319,76
625,48	3446,73
625,68	3354,57
625,88	3764,17
626,08	3352,52
626,28	3831,75
626,48	3569,61
626,68	3809,22
626,88	3663,82
627,08	4007,87
627,28	3979,20
627,48	4036,55
627,68	3770,31
627,88	4016,07
628,08	3807,17
628,28	4237,25
628,49	3938,24
628,68	4233,15
628,88	4040,64
629,08	4417,47
629,28	4116,42
629,48	4310,97
629,68	4059,07
629,88	4521,92
630,08	4192,19
630,28	4171,71
630,48	4034,50
630,68	4165,57
630,88	3928,00
631,08	4079,55
631,28	3631,05
631,48	3860,42
631,68	3485,64
631,88	3534,79
632,08	3504,07
632,28	3438,54
632,48	3198,93
632,68	3266,51
632,88	2873,30
633,08	2887,64
633,28	2693,08
633,48	2957,27
633,68	2578,39
633,88	2686,94
634,08	2459,61
634,28	2531,29
634,48	2256,86
634,68	2422,75
634,88	2138,08
635,08	2133,98
635,28	2054,11
635,48	2056,16
635,68	1986,53
635,87	1996,77
636,07	1830,88
636,27	1910,75
636,47	1894,37
636,67	1828,84
636,87	1777,64
637,07	1775,59
637,27	1540,07
637,47	1746,92
637,67	1800,16
637,87	1581,03
638,07	1705,96
638,27	1533,93
638,47	1542,12
638,67	1564,65
638,86	1591,27
639,06	1601,51
639,26	1656,81
639,46	1544,17
639,66	1540,07
639,86	1548,26
640,06	1578,98
640,26	1617,90
640,46	1550,31
640,66	1556,46
640,86	1658,85
641,06	1478,63
641,25	1515,50
641,45	1476,59
641,65	1439,72
641,85	1556,46
642,05	1456,11
642,25	1404,91
642,45	1505,26
642,65	1437,67
642,85	1460,20
643,05	1503,21
643,24	1515,50
643,44	1525,74
643,64	1462,25
643,84	1376,24
644,04	1406,95
644,24	1476,59
644,44	1406,95
644,64	1492,97
644,84	1406,95
645,03	1554,41
645,23	1507,30
645,43	1421,29
645,63	1540,07
645,83	1441,77
646,03	1447,91
646,23	1435,63
646,42	1472,49
646,62	1454,06
646,82	1458,15
647,02	1488,87
647,22	1458,15
647,42	1515,50
647,62	1447,91
647,82	1439,72
648,01	1603,56
648,21	1445,87
648,41	1462,25
648,61	1499,11
648,81	1546,22
649,01	1533,93
649,20	1452,01
649,40	1523,69
649,60	1439,72
649,80	1435,63
650,00	1497,07
650,20	1433,58
650,40	1464,30
650,59	1507,30
650,79	1439,72
650,99	1488,87
651,19	1390,57
651,39	1503,21
651,58	1449,96
651,78	1503,21
651,98	1458,15
652,18	1437,67
652,38	1495,02
652,58	1466,35
652,77	1476,59
652,97	1402,86
653,17	1476,59
653,37	1462,25
653,57	1423,34
653,77	1501,16
653,96	1515,50
654,16	1400,81
654,36	1474,54
654,56	1433,58
654,76	1517,54
654,95	1492,97
655,15	1468,39
655,35	1406,95
655,55	1484,78
655,75	1429,48
655,94	1470,44
656,14	1447,91
656,34	1452,01
656,54	1433,58
656,73	1476,59
656,93	1439,72
657,13	1386,47
657,33	1335,28
657,53	1447,91
657,72	1464,30
657,92	1492,97
658,12	1423,34
658,32	1429,48
658,52	1411,05
658,71	1460,20
658,91	1529,83
659,11	1507,30
659,31	1431,53
659,50	1400,81
659,70	1431,53
659,90	1525,74
660,10	1390,57
660,29	1443,82
660,49	1495,02
660,69	1470,44
660,89	1415,15
661,08	1476,59
661,28	1452,01
661,48	1449,96
661,68	1443,82
661,87	1380,33
662,07	1406,95
662,27	1468,39
662,47	1388,52
662,66	1415,15
662,86	1396,71
663,06	1402,86
663,26	1372,14
663,45	1464,30
663,65	1429,48
663,85	1398,76
664,05	1402,86
664,24	1380,33
664,44	1472,49
664,64	1429,48
664,84	1402,86
665,03	1507,30
665,23	1419,24
665,43	1411,05
665,62	1351,66
665,82	1411,05
666,02	1366,00
666,22	1581,03
666,41	1427,43
666,61	1521,64
666,81	1415,15
667,00	1452,01
667,20	1357,80
667,40	1511,40
667,60	1472,49
667,79	1333,23
667,99	1478,63
668,19	1429,48
668,38	1351,66
668,58	1423,34
668,78	1456,11
668,97	1538,02
669,17	1368,04
669,37	1423,34
669,57	1376,24
669,76	1503,21
669,96	1478,63
670,16	1474,54
670,35	1435,63
670,55	1427,43
670,75	1488,87
670,94	1517,54
671,14	1456,11
671,34	1452,01
671,53	1421,29
671,73	1437,67
671,93	1341,42
672,12	1435,63
672,32	1466,35
672,52	1456,11
672,71	1511,40
672,91	1564,65
673,11	1482,73
673,30	1488,87
673,50	1441,77
673,70	1466,35
673,89	1433,58
674,09	1406,95
674,29	1382,38
674,48	1482,73
674,68	1460,20
674,88	1452,01
675,07	1447,91
675,27	1476,59
675,46	1437,67
675,66	1476,59
675,86	1404,91
676,05	1472,49
676,25	1404,91
676,45	1429,48
676,64	1394,67
676,84	1486,83
677,04	1439,72
677,23	1474,54
677,43	1423,34
677,62	1468,39
677,82	1439,72
678,02	1454,06
678,21	1443,82
678,41	1443,82
678,61	1413,10
678,80	1406,95
679,00	1415,15
679,19	1505,26
679,39	1546,22
679,59	1452,01
679,78	1361,90
679,98	1316,84
680,17	1269,74
680,37	1456,11
680,57	1363,95
680,76	1433,58
680,96	1443,82
681,16	1427,43
681,35	1437,67
681,55	1439,72
681,74	1462,25
681,94	1441,77
682,13	1394,67
682,33	1472,49
682,53	1380,33
682,72	1523,69
682,92	1355,76
683,11	1478,63
683,31	1435,63
683,51	1458,15
683,70	1417,19
683,90	1492,97
684,09	1452,01
684,29	1515,50
684,48	1433,58
684,68	1370,09
684,88	1525,74
685,07	1460,20
685,27	1357,80
685,46	1499,11
685,66	1433,58
685,85	1437,67
686,05	1546,22
686,25	1388,52
686,44	1454,06
686,64	1447,91
686,83	1413,10
687,03	1556,46
687,22	1462,25
687,42	1404,91
687,61	1396,71
687,81	1388,52
688,01	1492,97
688,20	1331,18
688,40	1417,19
688,59	1431,53
688,79	1497,07
688,98	1499,11
689,18	1423,34
689,37	1460,20
689,57	1490,92
689,76	1406,95
689,96	1380,33
690,15	1470,44
690,35	1378,28
690,54	1435,63
690,74	1431,53
690,94	1533,93
691,13	1433,58
691,33	1497,07
691,52	1468,39
691,72	1452,01
691,91	1501,16
692,11	1447,91
692,30	1392,62
692,50	1505,26
692,69	1460,20
692,89	1452,01
693,08	1349,61
693,28	1443,82
693,47	1435,63
693,67	1517,54
693,86	1425,39
694,06	1427,43
694,25	1359,85
694,45	1417,19
694,64	1445,87
694,84	1386,47
695,03	1341,42
695,23	1452,01
695,42	1394,67
695,62	1429,48
695,81	1468,39
696,01	1421,29
696,20	1347,56
696,40	1421,29
696,59	1400,81
696,78	1363,95
696,98	1454,06
697,17	1449,96
697,37	1382,38
697,56	1460,20
697,76	1433,58
697,95	1503,21
698,15	1419,24
698,34	1525,74
698,54	1445,87
698,73	1521,64
698,93	1355,76
699,12	1294,32
699,32	1376,24
699,51	1452,01
699,70	1353,71
699,90	1458,15
700,09	1433,58
700,29	1394,67
700,48	1435,63
700,68	1484,78
700,87	1390,57
701,07	1388,52
701,26	1415,15
701,45	1415,15
701,65	1454,06
701,84	1333,23
702,04	1406,95
702,23	1398,76
702,43	1380,33
702,62	1458,15
702,81	1443,82
703,01	1484,78
703,20	1517,54
703,40	1386,47
703,59	1417,19
703,79	1509,35
703,98	1464,30
704,17	1472,49
704,37	1470,44
704,56	1490,92
704,76	1441,77
704,95	1419,24
705,14	1392,62
705,34	1427,43
705,53	1409,00
705,73	1341,42
705,92	1429,48
706,11	1521,64
706,31	1355,76
706,50	1505,26
706,70	1421,29
706,89	1452,01
707,08	1447,91
707,28	1513,45
707,47	1433,58
707,67	1425,39
707,86	1419,24
708,05	1460,20
708,25	1382,38
708,44	1443,82
708,64	1447,91
708,83	1409,00
709,02	1388,52
709,22	1452,01
709,41	1406,95
709,60	1478,63
709,80	1388,52
709,99	1388,52
710,19	1495,02
710,38	1445,87
710,57	1400,81
710,77	1409,00
710,96	1404,91
711,15	1443,82
711,35	1378,28
711,54	1476,59
711,73	1452,01
711,93	1390,57
712,12	1439,72
712,31	1429,48
712,51	1464,30
712,70	1427,43
712,89	1368,04
713,09	1386,47
713,28	1357,80
713,48	1449,96
713,67	1449,96
713,86	1458,15
714,06	1366,00
714,25	1394,67
714,44	1310,70
714,64	1454,06
714,83	1452,01
715,02	1398,76
715,22	1460,20
715,41	1439,72
715,60	1392,62
715,79	1417,19
715,99	1470,44
716,18	1435,63
716,37	1386,47
716,57	1382,38
716,76	1503,21
716,95	1427,43
717,15	1368,04
717,34	1357,80
717,53	1400,81
717,73	1406,95
717,92	1439,72
718,11	1478,63
718,31	1402,86
718,50	1443,82
718,69	1310,70
718,88	1505,26
719,08	1415,15
719,27	1353,71
719,46	1472,49
719,66	1406,95
719,85	1302,51
720,04	1472,49
720,23	1370,09
720,43	1353,71
720,62	1366,00
720,81	1384,43
721,01	1402,86
721,20	1429,48
721,39	1447,91
721,58	1419,24
721,78	1443,82
721,97	1466,35
722,16	1335,28
722,35	1419,24
722,55	1425,39
722,74	1462,25
722,93	1464,30
723,13	1363,95
723,32	1378,28
723,51	1363,95
723,70	1325,04
723,90	1466,35
724,09	1511,40
724,28	1406,95
724,47	1351,66
724,67	1443,82
724,86	1429,48
725,05	1466,35
725,24	1363,95
725,44	1423,34
725,63	1339,37
725,82	1353,71
726,01	1421,29
726,21	1388,52
726,40	1406,95
726,59	1433,58
726,78	1413,10
726,97	1398,76
727,17	1388,52
727,36	1421,29
727,55	1488,87
727,74	1370,09
727,94	1441,77
728,13	1464,30
728,32	1421,29
728,51	1464,30
728,70	1345,52
728,90	1343,47
729,09	1421,29
729,28	1480,68
729,47	1388,52
729,66	1400,81
729,86	1394,67
730,05	1388,52
730,24	1333,23
730,43	1312,75
730,63	1415,15
730,82	1456,11
731,01	1351,66
731,20	1421,29
731,39	1425,39
731,58	1380,33
731,78	1458,15
731,97	1409,00
732,16	1386,47
732,35	1400,81
732,54	1437,67
732,74	1495,02
732,93	1402,86
733,12	1359,85
733,31	1447,91
733,50	1361,90
733,69	1466,35
733,89	1486,83
734,08	1495,02
734,27	1361,90
734,46	1388,52
734,65	1361,90
734,84	1366,00
735,04	1470,44
735,23	1466,35
735,42	1462,25
735,61	1378,28
735,80	1411,05
735,99	1433,58
736,19	1417,19
736,38	1454,06
736,57	1427,43
736,76	1347,56
736,95	1476,59
737,14	1435,63
737,33	1468,39
737,53	1492,97
737,72	1415,15
737,91	1392,62
738,10	1449,96
738,29	1331,18
738,48	1363,95
738,67	1488,87
738,87	1437,67
739,06	1423,34
739,25	1409,00
739,44	1380,33
739,63	1406,95
739,82	1376,24
740,01	1402,86
740,20	1452,01
740,40	1470,44
740,59	1507,30
740,78	1376,24
740,97	1486,83
741,16	1458,15
741,35	1476,59
741,54	1445,87
741,73	1433,58
741,92	1409,00
742,12	1384,43
742,31	1363,95
742,50	1392,62
742,69	1380,33
742,88	1413,10
743,07	1443,82
743,26	1458,15
743,45	1456,11
743,64	1445,87
743,83	1376,24
744,02	1409,00
744,22	1409,00
744,41	1419,24
744,60	1402,86
744,79	1441,77
744,98	1472,49
745,17	1357,80
745,36	1497,07
745,55	1378,28
745,74	1390,57
745,93	1415,15
746,12	1378,28
746,31	1378,28
746,50	1505,26
746,70	1396,71
746,89	1497,07
747,08	1406,95
747,27	1378,28
747,46	1443,82
747,65	1503,21
747,84	1540,07
748,03	1478,63
748,22	1492,97
748,41	1445,87
748,60	1386,47
748,79	1390,57
748,98	1406,95
749,17	1497,07
749,36	1388,52
749,55	1417,19
749,74	1396,71
749,93	1402,86
750,12	1335,28
750,31	1355,76
750,50	1425,39
750,70	1417,19
750,89	1495,02
751,08	1564,65
751,27	1441,77
751,46	1423,34
751,65	1345,52
751,84	1482,73
752,03	1402,86
752,22	1447,91
752,41	1441,77
752,60	1429,48
752,79	1445,87
752,98	1339,37
753,17	1394,67
753,36	1370,09
753,55	1486,83
753,74	1425,39
753,93	1441,77
754,12	1437,67
754,31	1431,53
754,50	1495,02
754,69	1384,43
754,88	1392,62
755,07	1376,24
755,26	1396,71
755,45	1388,52
755,64	1361,90
755,83	1462,25
756,02	1476,59
756,21	1413,10
756,40	1472,49
756,59	1386,47
756,78	1431,53
756,97	1400,81
757,16	1470,44
757,35	1423,34
757,54	1355,76
757,72	1374,19
757,91	1411,05
758,10	1447,91
758,29	1423,34
758,48	1513,45
758,67	1411,05
758,86	1525,74
759,05	1456,11
759,24	1423,34
759,43	1478,63
759,62	1347,56
759,81	1449,96
760,00	1517,54
760,19	1423,34
760,38	1509,35
760,57	1421,29
760,76	1423,34
760,95	1490,92
761,14	1372,14
761,33	1445,87
761,52	1460,20
761,70	1474,54
761,89	1497,07
762,08	1484,78
762,27	1378,28
762,46	1466,35
762,65	1460,20
762,84	1427,43
763,03	1406,95
763,22	1388,52
763,41	1464,30
763,60	1376,24
763,79	1468,39
763,98	1460,20
764,16	1390,57
764,35	1464,30
764,54	1462,25
764,73	1417,19
764,92	1499,11
765,11	1460,20
765,30	1521,64
765,49	1409,00
765,68	1509,35
765,87	1484,78
766,06	1452,01
766,24	1396,71
766,43	1452,01
766,62	1413,10
766,81	1482,73
767,00	1454,06
767,19	1374,19
767,38	1488,87
767,57	1349,61
767,76	1447,91
767,94	1499,11
768,13	1409,00
768,32	1505,26
768,51	1474,54
768,70	1583,08
768,89	1521,64
769,08	1497,07
769,27	1390,57
769,45	1384,43
769,64	1511,40
769,83	1341,42
770,02	1380,33
770,21	1482,73
770,40	1503,21
770,59	1431,53
770,77	1454,06
770,96	1501,16
771,15	1472,49
771,34	1435,63
771,53	1531,88
771,72	1468,39
771,91	1357,80
772,09	1460,20
772,28	1423,34
772,47	1495,02
772,66	1449,96
772,85	1462,25
773,04	1468,39
773,22	1499,11
773,41	1497,07
773,60	1488,87
773,79	1484,78
773,98	1435,63
774,17	1464,30
774,35	1476,59
774,54	1439,72
774,73	1431,53
774,92	1464,30
775,11	1445,87
775,30	1472,49
775,48	1431,53
775,67	1396,71
775,86	1425,39
776,05	1538,02
776,24	1384,43
776,42	1447,91
776,61	1513,45
776,80	1435,63
776,99	1464,30
777,18	1435,63
777,36	1396,71
777,55	1439,72
777,74	1431,53
777,93	1470,44
778,12	1378,28
778,30	1497,07
778,49	1413,10
778,68	1474,54
778,87	1464,30
779,06	1472,49
779,24	1480,68
779,43	1419,24
779,62	1409,00
779,81	1419,24
779,99	1486,83
780,18	1435,63
780,37	1492,97
780,56	1523,69
780,75	1409,00
780,93	1513,45
781,12	1390,57
781,31	1505,26
781,50	1564,65
781,68	1404,91
781,87	1386,47
782,06	1476,59
782,25	1384,43
782,43	1474,54
782,62	1382,38
782,81	1509,35
783,00	1468,39
783,18	1445,87
783,37	1427,43
783,56	1472,49
783,75	1501,16
783,93	1390,57
784,12	1433,58
784,31	1419,24
784,50	1413,10
784,68	1456,11
784,87	1437,67
785,06	1531,88
785,24	1359,85
785,43	1427,43
785,62	1415,15
785,81	1472,49
785,99	1476,59
786,18	1439,72
786,37	1353,71
786,56	1386,47
786,74	1501,16
786,93	1441,77
787,12	1449,96
787,30	1429,48
787,49	1511,40
787,68	1386,47
787,87	1398,76
788,05	1480,68
788,24	1339,37
788,43	1456,11
788,61	1486,83
788,80	1452,01
788,99	1382,38
789,17	1480,68
789,36	1413,10
789,55	1437,67
789,73	1449,96
789,92	1462,25
790,11	1409,00
790,30	1415,15
790,48	1411,05
790,67	1445,87
790,86	1411,05
791,04	1478,63
791,23	1402,86
791,42	1527,78
791,60	1482,73
791,79	1406,95
791,98	1413,10
792,16	1454,06
792,35	1435,63
792,54	1435,63
792,72	1486,83
792,91	1503,21
793,10	1402,86
793,28	1441,77
793,47	1431,53
793,66	1386,47
793,84	1380,33
794,03	1329,13
794,22	1499,11
794,40	1433,58
794,59	1497,07
794,77	1421,29
794,96	1341,42
795,15	1462,25
795,33	1351,66
795,52	1538,02
795,71	1325,04
795,89	1378,28
796,08	1495,02
796,27	1449,96
796,45	1449,96
796,64	1398,76
796,82	1427,43
797,01	1474,54
797,20	1480,68
797,38	1476,59
797,57	1394,67
797,76	1480,68
797,94	1452,01
798,13	1490,92
798,31	1400,81
798,50	1427,43
798,69	1492,97
798,87	1460,20
799,06	1413,10
799,24	1341,42
799,43	1409,00
799,62	1400,81
799,80	1374,19
799,99	1482,73
800,17	1466,35
800,36	1388,52
800,55	1486,83
800,73	1429,48
800,92	1449,96
801,10	1423,34
801,29	1445,87
801,48	1390,57
801,66	1454,06
801,85	1347,56
802,03	1366,00
802,22	1443,82
802,40	1437,67
802,59	1419,24
802,78	1374,19
802,96	1398,76
803,15	1433,58
803,33	1425,39
803,52	1411,05
803,70	1392,62
803,89	1472,49
804,08	1390,57
804,26	1411,05
804,45	1390,57
804,63	1382,38
804,82	1445,87
805,00	1443,82
805,19	1396,71
805,37	1492,97
805,56	1466,35
805,74	1431,53
805,93	1411,05
806,12	1454,06
806,30	1437,67
806,49	1386,47
806,67	1413,10
806,86	1406,95
807,04	1480,68
807,23	1423,34
807,41	1431,53
807,60	1390,57
807,78	1415,15
807,97	1738,73
808,15	1394,67
808,34	1359,85
808,52	1380,33
808,71	1304,56
808,89	1310,70
809,08	1327,08
809,27	1447,91
809,45	1452,01
809,64	1411,05
809,82	1415,15
810,01	1372,14
810,19	1435,63
810,38	1417,19
810,56	1411,05
810,75	1435,63
810,93	1445,87
811,12	1357,80
811,30	1476,59
811,49	1337,32
811,67	1478,63
811,85	1435,63
812,04	1419,24
812,22	1386,47
812,41	1486,83
812,59	1427,43
812,78	1402,86
812,96	1370,09
813,15	1361,90
813,33	1427,43
813,52	1472,49
813,70	1390,57
813,89	1415,15
814,07	1476,59
814,26	1470,44
814,44	1429,48
814,63	1396,71
814,81	1439,72
815,00	1427,43
815,18	1439,72
815,36	1413,10
815,55	1378,28
815,73	1449,96
815,92	1435,63
816,10	1476,59
816,29	1468,39
816,47	1388,52
816,66	1392,62
816,84	1525,74
817,02	1447,91
817,21	1409,00
817,39	1460,20
817,58	1443,82
817,76	1386,47
817,95	1443,82
818,13	1406,95
818,32	1431,53
818,50	1488,87
818,68	1433,58
818,87	1466,35
819,05	1431,53
819,24	1456,11
819,42	1452,01
819,60	1388,52
819,79	1439,72
819,97	1538,02
820,16	1439,72
820,34	1456,11
820,53	1390,57
820,71	1351,66
820,89	1447,91
821,08	1447,91
821,26	1335,28
821,45	1388,52
821,63	1388,52
821,81	1439,72
822,00	1372,14
822,18	1501,16
822,37	1388,52
822,55	1464,30
822,73	1427,43
822,92	1511,40
823,10	1419,24
823,28	1345,52
823,47	1409,00
823,65	1484,78
823,84	1384,43
824,02	1456,11
824,20	1413,10
824,39	1333,23
824,57	1406,95
824,75	1509,35
824,94	1521,64
825,12	1544,17
825,31	1417,19
825,49	1433,58
825,67	1447,91
825,86	1392,62
826,04	1421,29
826,22	1413,10
826,41	1488,87
826,59	1472,49
826,77	1464,30
826,96	1468,39
827,14	1378,28
827,32	1419,24
827,51	1402,86
827,69	1476,59
827,87	1425,39
828,06	1486,83
828,24	1384,43
828,42	1394,67
828,61	1468,39
828,79	1431,53
828,97	1470,44
829,16	1523,69
829,34	1368,04
829,52	1413,10
829,71	1478,63
829,89	1476,59
830,07	1425,39
830,26	1413,10
830,44	1456,11
830,62	1452,01
830,81	1417,19
830,99	1441,77
831,17	1419,24
831,36	1382,38
831,54	1447,91
831,72	1484,78
831,91	1425,39
832,09	1370,09
832,27	1402,86
832,45	1490,92
832,64	1361,90
832,82	1421,29
833,00	1419,24
833,19	1445,87
833,37	1386,47
833,55	1480,68
833,73	1509,35
833,92	1495,02
834,10	1388,52
834,28	1478,63
834,47	1460,20
834,65	1370,09
834,83	1509,35
835,01	1415,15
835,20	1447,91
835,38	1441,77
835,56	1421,29
835,74	1521,64
835,93	1474,54
836,11	1460,20
836,29	1443,82
836,47	1503,21
836,66	1366,00
836,84	1454,06
837,02	1398,76
837,21	1447,91
837,39	1400,81
837,57	1468,39
837,75	1501,16
837,94	1439,72
838,12	1466,35
838,30	1421,29
838,48	1425,39
838,66	1437,67
838,85	1490,92
839,03	1398,76
839,21	1343,47
839,39	1402,86
839,58	1417,19
839,76	1513,45
839,94	1574,89
840,12	1411,05
840,31	1552,36
840,49	1505,26
840,67	1404,91
840,85	1339,37
841,03	1499,11
841,22	1447,91
841,40	1441,77
841,58	1425,39
841,76	1497,07
841,94	1456,11
842,13	1505,26
842,31	1464,30
842,49	1445,87
842,67	1449,96
842,85	1464,30
843,04	1505,26
843,22	1464,30
843,40	1429,48
843,58	1568,74
843,76	1443,82
843,95	1460,20
844,13	1456,11
844,31	1345,52
844,49	1398,76
844,67	1443,82
844,86	1495,02
845,04	1431,53
845,22	1419,24
845,40	1464,30
845,58	1462,25
845,76	1445,87
845,95	1464,30
846,13	1413,10
846,31	1437,67
846,49	1452,01
846,67	1462,25
846,85	1482,73
847,04	1447,91
847,22	1490,92
847,40	1476,59
847,58	1419,24
847,76	1503,21
847,94	1398,76
848,12	1445,87
848,31	1390,57
848,49	1372,14
848,67	1472,49
848,85	1460,20
849,03	1492,97
849,21	1460,20
849,39	1466,35
849,58	1466,35
849,76	1527,78
849,94	1478,63
850,12	1396,71
850,30	1468,39
850,48	1462,25
850,66	1460,20
850,84	1445,87
851,03	1507,30
851,21	1402,86
851,39	1476,59
851,57	1460,20
851,75	1409,00
851,93	1462,25
852,11	1419,24
852,29	1384,43
852,47	1509,35
852,66	1447,91
852,84	1472,49
853,02	1447,91
853,20	1513,45
853,38	1521,64
853,56	1486,83
853,74	1476,59
853,92	1427,43
854,10	1402,86
854,28	1427,43
854,46	1449,96
854,65	1394,67
854,83	1480,68
855,01	1411,05
855,19	1437,67
855,37	1427,43
855,55	1472,49
855,73	1392,62
855,91	1497,07
856,09	1382,38
856,27	1511,40
856,45	1552,36
856,63	1419,24
856,81	1449,96
857,00	1488,87
857,18	1466,35
857,36	1468,39
857,54	1425,39
857,72	1497,07
857,90	1404,91
858,08	1460,20
858,26	1443,82
858,44	1460,20
858,62	1439,72
858,80	1427,43
858,98	1464,30
859,16	1427,43
859,34	1456,11
859,52	1470,44
859,70	1460,20
859,88	1427,43
860,06	1435,63
860,24	1368,04
860,42	1540,07
860,60	1458,15
860,78	1409,00
860,96	1472,49
861,14	1452,01
861,32	1523,69
861,50	1538,02
861,69	1470,44
861,87	1531,88
862,05	1535,98
862,23	1390,57
862,41	1382,38
862,59	1415,15
862,77	1456,11
862,95	1345,52
863,13	1531,88
863,31	1435,63
863,49	1460,20
863,67	1544,17
863,85	1415,15
864,03	1454,06
864,21	1435,63
864,39	1415,15
864,57	1423,34
864,75	1542,12
864,92	1560,55
865,10	1415,15
865,28	1357,80
865,46	1447,91
865,64	1415,15
865,82	1447,91
866,00	1458,15
866,18	1515,50
866,36	1415,15
866,54	1538,02
866,72	1497,07
866,90	1556,46
867,08	1482,73
867,26	1447,91
867,44	1406,95
867,62	1523,69
867,80	1468,39
867,98	1531,88
868,16	1394,67
868,34	1519,59
868,52	1462,25
868,70	1441,77
868,88	1439,72
869,06	1458,15
869,24	1429,48
869,42	1347,56
869,59	1415,15
869,77	1404,91
869,95	1472,49
870,13	1441,77
870,31	1376,24
870,49	1441,77
870,67	1452,01
870,85	1409,00
871,03	1429,48
871,21	1613,80
871,39	1462,25
871,57	1452,01
871,75	1476,59
871,92	1480,68
872,10	1447,91
872,28	1431,53
872,46	1480,68
872,64	1490,92
872,82	1517,54
873,00	1449,96
873,18	1421,29
873,36	1474,54
873,54	1427,43
873,72	1449,96
873,89	1472,49
874,07	1435,63
874,25	1574,89
874,43	1550,31
874,61	1456,11
874,79	1456,11
874,97	1482,73
875,15	1523,69
875,33	1411,05
875,50	1454,06
875,68	1447,91
875,86	1370,09
876,04	1431,53
876,22	1462,25
876,40	1361,90
876,58	1492,97
876,76	1460,20
876,93	1476,59
877,11	1468,39
877,29	1460,20
877,47	1390,57
877,65	1437,67
877,83	1460,20
878,01	1505,26
878,18	1409,00
878,36	1468,39
878,54	1433,58
878,72	1413,10
878,90	1406,95
879,08	1492,97
879,25	1533,93
879,43	1390,57
879,61	1384,43
879,79	1400,81
879,97	1392,62
880,15	1466,35
880,32	1447,91
880,50	1497,07
880,68	1517,54
880,86	1497,07
881,04	1468,39
881,22	1519,59
881,39	1509,35
881,57	1499,11
881,75	1441,77
881,93	1460,20
882,11	1456,11
882,28	1406,95
882,46	1359,85
882,64	1433,58
882,82	1415,15
883,00	1464,30
883,18	1445,87
883,35	1411,05
883,53	1509,35
883,71	1470,44
883,89	1533,93
884,07	1406,95
884,24	1421,29
884,42	1378,28
884,60	1402,86
884,78	1513,45
884,95	1363,95
885,13	1310,70
885,31	1456,11
885,49	1347,56
885,67	1437,67
885,84	1470,44
886,02	1355,76
886,20	1400,81
886,38	1521,64
886,55	1466,35
886,73	1435,63
886,91	1382,38
887,09	1376,24
887,26	1406,95
887,44	1443,82
887,62	1513,45
887,80	1394,67
887,98	1492,97
888,15	1464,30
888,33	1445,87
888,51	1505,26
888,69	1511,40
888,86	1519,59
889,04	1525,74
889,22	1443,82
889,39	1517,54
889,57	1478,63
889,75	1474,54
889,93	1415,15
890,10	1443,82
890,28	1458,15
890,46	1544,17
890,64	1472,49
890,81	1445,87
890,99	1421,29
891,17	1480,68
891,34	1501,16
891,52	1433,58
891,70	1396,71
891,88	1460,20
892,05	1445,87
892,23	1409,00
892,41	1423,34
892,58	1466,35
892,76	1482,73
892,94	1413,10
893,12	1538,02
893,29	1503,21
893,47	1452,01
893,65	1452,01
893,82	1452,01
894,00	1464,30
894,18	1406,95
894,35	1507,30
894,53	1421,29
894,71	1484,78
894,89	1439,72
895,06	1441,77
895,24	1415,15
895,42	1406,95
895,59	1394,67
895,77	1439,72
895,95	1433,58
896,12	1392,62
896,30	1400,81
896,48	1519,59
896,65	1431,53
896,83	1427,43
897,01	1396,71
897,18	1517,54
897,36	1503,21
897,54	1411,05
897,71	1372,14
897,89	1425,39
898,07	1472,49
898,24	1347,56
898,42	1503,21
898,59	1517,54
898,77	1466,35
898,95	1433,58
899,12	1427,43
899,30	1439,72
899,48	1484,78
899,65	1449,96
899,83	1378,28
900,01	1372,14
900,18	1523,69
900,36	1402,86
900,53	1458,15
900,71	1470,44
900,89	1431,53
901,06	1443,82
901,24	1439,72
901,42	1394,67
901,59	1445,87
901,77	1460,20
901,94	1519,59
902,12	1398,76
902,30	1361,90
902,47	1357,80
902,65	1388,52
902,82	1490,92
903,00	1454,06
903,18	1400,81
903,35	1400,81
903,53	1433,58
903,70	1468,39
903,88	1396,71
904,06	1482,73
904,23	1400,81
904,41	1435,63
904,58	1429,48
904,76	1423,34
904,93	1515,50
905,11	1411,05
905,29	1429,48
905,46	1460,20
905,64	1507,30
905,81	1476,59
905,99	1435,63
906,16	1505,26
906,34	1398,76
906,52	1464,30
906,69	1437,67
906,87	1499,11
907,04	1433,58
907,22	1411,05
907,39	1411,05
907,57	1386,47
907,75	1490,92
907,92	1366,00
908,10	1523,69
908,27	1449,96
908,45	1390,57
908,62	1443,82
908,80	1495,02
908,97	1382,38
909,15	1447,91
909,32	1388,52
909,50	1447,91
909,67	1353,71
909,85	1409,00
910,03	1392,62
910,20	1359,85
910,38	1460,20
910,55	1394,67
910,73	1452,01
910,90	1480,68
911,08	1486,83
911,25	1466,35
911,43	1490,92
911,60	1439,72
911,78	1374,19
911,95	1462,25
912,13	1458,15
912,30	1476,59
912,48	1411,05
912,65	1366,00
912,83	1456,11
913,00	1400,81
913,18	1421,29
913,35	1394,67
913,53	1339,37
913,70	1535,98
913,88	1437,67
914,05	1507,30
914,23	1445,87
914,40	1452,01
914,58	1458,15
914,75	1458,15
914,93	1456,11
915,10	1417,19
915,27	1476,59
915,45	1517,54
915,62	1503,21
915,80	1378,28
915,97	1421,29
916,15	1505,26
916,32	1488,87
916,50	1429,48
916,67	1456,11
916,85	1411,05
917,02	1431,53
917,20	1449,96
917,37	1484,78
917,54	1429,48
917,72	1439,72
917,89	1509,35
918,07	1480,68
918,24	1486,83
918,42	1482,73
918,59	1429,48
918,77	1484,78
918,94	1478,63
919,11	1411,05
919,29	1515,50
919,46	1447,91
919,64	1488,87
919,81	1478,63
919,99	1476,59
920,16	1583,08
920,33	1482,73
920,51	1409,00
920,68	1499,11
920,86	1445,87
921,03	1529,83
921,20	1423,34
921,38	1505,26
921,55	1460,20
921,73	1488,87
921,90	1458,15
922,07	1511,40
922,25	1394,67
922,42	1415,15
922,60	1419,24
922,77	1458,15
922,94	1460,20
923,12	1447,91
923,29	1499,11
923,47	1415,15
923,64	1411,05
923,81	1454,06
923,99	1460,20
924,16	1521,64
924,34	1458,15
924,51	1452,01
924,68	1439,72
924,86	1452,01
925,03	1382,38
925,20	1343,47
925,38	1427,43
925,55	1523,69
925,72	1497,07
925,90	1515,50
926,07	1427,43
926,25	1439,72
926,42	1488,87
926,59	1572,84
926,77	1495,02
926,94	1535,98
927,11	1472,49
927,29	1488,87
927,46	1435,63
927,63	1501,16
927,81	1433,58
927,98	1517,54
928,15	1400,81
928,33	1566,70
928,50	1480,68
928,67	1468,39
928,85	1384,43
929,02	1400,81
929,19	1503,21
929,37	1578,98
929,54	1454,06
929,71	1484,78
929,89	1413,10
930,06	1476,59
930,23	1447,91
930,41	1529,83
930,58	1380,33
930,75	1521,64
930,92	1501,16
931,10	1466,35
931,27	1419,24
931,44	1482,73
931,62	1478,63
931,79	1466,35
931,96	1449,96
932,14	1499,11
932,31	1433,58
932,48	1540,07
932,65	1392,62
932,83	1431,53
933,00	1349,61
933,17	1464,30
933,35	1544,17
933,52	1480,68
933,69	1445,87
933,86	1505,26
934,04	1394,67
934,21	1482,73
934,38	1388,52
934,55	1398,76
934,73	1409,00
934,90	1523,69
935,07	1435,63
935,25	1466,35
935,42	1361,90
935,59	1382,38
935,76	1488,87
935,94	1382,38
936,11	1492,97
936,28	1513,45
936,45	1394,67
936,63	1466,35
936,80	1429,48
936,97	1474,54
937,14	1511,40
937,31	1517,54
937,49	1445,87
937,66	1423,34
937,83	1505,26
938,00	1460,20
938,18	1509,35
938,35	1476,59
938,52	1429,48
938,69	1466,35
938,87	1507,30
939,04	1390,57
939,21	1413,10
939,38	1370,09
939,55	1411,05
939,73	1449,96
939,90	1472,49
940,07	1431,53
940,24	1394,67
940,41	1538,02
940,59	1488,87
940,76	1406,95
940,93	1447,91
941,10	1431,53
941,27	1388,52
941,45	1435,63
941,62	1445,87
941,79	1466,35
941,96	1435,63
942,13	1521,64
942,31	1464,30
942,48	1486,83
942,65	1437,67
942,82	1478,63
942,99	1474,54
943,16	1507,30
943,34	1470,44
943,51	1503,21
943,68	1406,95
943,85	1433,58
944,02	1474,54
944,19	1415,15
944,37	1449,96
944,54	1501,16
944,71	1472,49
944,88	1488,87
945,05	1402,86
945,22	1423,34
945,40	1392,62
945,57	1435,63
945,74	1439,72
945,91	1458,15
946,08	1511,40
946,25	1386,47
946,42	1488,87
946,60	1431,53
946,77	1564,65
946,94	1507,30
947,11	1470,44
947,28	1501,16
947,45	1409,00
947,62	1431,53
947,79	1495,02
947,97	1560,55
948,14	1533,93
948,31	1472,49
948,48	1478,63
948,65	1511,40
948,82	1374,19
948,99	1454,06
949,16	1366,00
949,33	1492,97
949,51	1433,58
949,68	1497,07
949,85	1409,00
950,02	1482,73
950,19	1478,63
950,36	1456,11
950,53	1497,07
950,70	1427,43
950,87	1480,68
951,04	1458,15
951,22	1456,11
951,39	1419,24
951,56	1404,91
951,73	1454,06
951,90	1464,30
952,07	1466,35
952,24	1503,21
952,41	1454,06
952,58	1431,53
952,75	1454,06
952,92	1443,82
953,09	1523,69
953,26	1400,81
953,43	1509,35
953,61	1525,74
953,78	1443,82
953,95	1456,11
954,12	1376,24
954,29	1429,48
954,46	1370,09
954,63	1374,19
954,80	1531,88
954,97	1382,38
955,14	1415,15
955,31	1478,63
955,48	1435,63
955,65	1441,77
955,82	1456,11
955,99	1497,07
956,16	1392,62
956,33	1466,35
956,50	1464,30
956,67	1411,05
956,84	1482,73
957,01	1378,28
957,18	1402,86
957,35	1464,30
957,52	1443,82
957,69	1435,63
957,86	1445,87
958,03	1513,45
958,20	1476,59
958,37	1415,15
958,54	1464,30
958,71	1398,76
958,88	1437,67
959,05	1421,29
959,22	1402,86
959,39	1550,31
959,56	1400,81
959,73	1460,20
959,90	1447,91
960,07	1357,80
960,24	1441,77
960,41	1413,10
960,58	1445,87
960,75	1413,10
960,92	1472,49
961,09	1409,00
961,26	1517,54
961,43	1462,25
961,60	1394,67
961,77	1447,91
961,94	1419,24
962,11	1398,76
962,28	1517,54
962,45	1523,69
962,62	1439,72
962,79	1435,63
962,96	1511,40
963,13	1482,73
963,30	1390,57
963,47	1439,72
963,64	1419,24
963,81	1538,02
963,98	1374,19
964,14	1454,06
964,31	1421,29
964,48	1570,79
964,65	1505,26
964,82	1423,34
964,99	1517,54
965,16	1400,81
965,33	1456,11
965,50	1470,44
965,67	1480,68
965,84	1445,87
966,01	1423,34
966,18	1404,91
966,35	1474,54
966,51	1449,96
966,68	1486,83
966,85	1464,30
967,02	1456,11
967,19	1499,11
967,36	1441,77
967,53	1400,81
967,70	1462,25
967,87	1488,87
968,04	1443,82
968,21	1470,44
968,37	1470,44
968,54	1394,67
968,71	1406,95
968,88	1363,95
969,05	1351,66
969,22	1478,63
969,39	1452,01
969,56	1542,12
969,72	1388,52
969,89	1456,11
970,06	1411,05
970,23	1443,82
970,40	1460,20
970,57	1425,39
970,74	1462,25
970,91	1433,58
971,07	1392,62
971,24	1464,30
971,41	1488,87
971,58	1419,24
971,75	1454,06
971,92	1402,86
972,09	1370,09
972,25	1476,59
972,42	1433,58
972,59	1398,76
972,76	1447,91
972,93	1415,15
973,10	1400,81
973,27	1417,19
973,43	1421,29
973,60	1386,47
973,77	1449,96
973,94	1472,49
974,11	1433,58
974,28	1443,82
974,44	1431,53
974,61	1480,68
974,78	1468,39
974,95	1392,62
975,12	1456,11
975,28	1486,83
975,45	1431,53
975,62	1544,17
975,79	1425,39
975,96	1406,95
976,12	1492,97
976,29	1386,47
976,46	1361,90
976,63	1497,07
976,80	1357,80
976,96	1386,47
977,13	1390,57
977,30	1466,35
977,47	1480,68
977,64	1427,43
977,80	1329,13
977,97	1402,86
978,14	1484,78
978,31	1435,63
978,48	1427,43
978,64	1435,63
978,81	1513,45
978,98	1394,67
979,15	1363,95
979,31	1378,28
979,48	1406,95
979,65	1402,86
979,82	1523,69
979,98	1372,14
980,15	1406,95
980,32	1550,31
980,49	1394,67
980,66	1361,90
980,82	1460,20
980,99	1413,10
981,16	1439,72
981,33	1470,44
981,49	1366,00
981,66	1478,63
981,83	1355,76
981,99	1411,05
982,16	1368,04
982,33	1398,76
982,50	1390,57
982,66	1452,01
982,83	1388,52
983,00	1449,96
983,17	1329,13
983,33	1523,69
983,50	1445,87
983,67	1454,06
983,83	1363,95
984,00	1386,47
984,17	1482,73
984,34	1384,43
984,50	1355,76
984,67	1435,63
984,84	1366,00
985,00	1374,19
985,17	1423,34
985,34	1435,63
985,51	1497,07
985,67	1517,54
985,84	1357,80
986,01	1419,24
986,17	1460,20
986,34	1388,52
986,51	1388,52
986,67	1394,67
986,84	1388,52
987,01	1396,71
987,17	1447,91
987,34	1394,67
987,51	1394,67
987,67	1378,28
987,84	1437,67
988,01	1464,30
988,17	1320,94
988,34	1425,39
988,51	1460,20
988,67	1452,01
988,84	1482,73
989,01	1421,29
989,17	1380,33
989,34	1384,43
989,51	1388,52
989,67	1517,54
989,84	1413,10
990,01	1441,77
990,17	1466,35
990,34	1304,56
990,51	1492,97
990,67	1374,19
990,84	1361,90
991,01	1294,32
991,17	1417,19
991,34	1400,81
991,50	1476,59
991,67	1452,01
991,84	1306,60
992,00	1351,66
992,17	1439,72
992,34	1447,91
992,50	1462,25
992,67	1417,19
992,83	1456,11
993,00	1370,09
993,17	1437,67
993,33	1394,67
993,50	1423,34
993,66	1421,29
993,83	1472,49
994,00	1429,48
994,16	1474,54
994,33	1394,67
994,49	1419,24
994,66	1390,57
994,83	1400,81
994,99	1400,81
995,16	1402,86
995,32	1517,54
995,49	1427,43
995,66	1279,98
995,82	1423,34
995,99	1349,61
996,15	1441,77
996,32	1398,76
996,48	1363,95
996,65	1388,52
996,82	1380,33
996,98	1325,04
997,15	1433,58
997,31	1406,95
997,48	1452,01
997,64	1419,24
997,81	1456,11
997,97	1396,71
998,14	1409,00
998,31	1484,78
998,47	1378,28
998,64	1441,77
998,80	1452,01
998,97	1406,95
999,13	1476,59
999,30	1466,35
999,46	1431,53
999,63	1404,91
999,79	1370,09
999,96	1445,87
1000,12	1468,39
1000,29	1437,67
1000,45	1495,02
1000,62	1396,71
1000,79	1478,63
1000,95	1433,58
1001,12	1366,00
1001,28	1363,95
1001,45	1456,11
1001,61	1392,62
1001,78	1335,28
1001,94	1476,59
1002,11	1488,87
1002,27	1484,78
1002,44	1413,10
1002,60	1460,20
1002,77	1368,04
1002,93	1476,59
1003,10	1441,77
1003,26	1441,77
1003,43	1507,30
1003,59	1443,82
1003,76	1411,05
1003,92	1351,66
1004,09	1398,76
1004,25	1449,96
1004,41	1480,68
1004,58	1357,80
1004,74	1466,35
1004,91	1411,05
1005,07	1529,83
1005,24	1513,45
1005,40	1417,19
1005,57	1382,38
1005,73	1357,80
1005,90	1372,14
1006,06	1419,24
1006,23	1548,26
1006,39	1435,63
1006,55	1398,76
1006,72	1415,15
1006,88	1380,33
1007,05	1390,57
1007,21	1380,33
1007,38	1388,52
1007,54	1374,19
1007,71	1404,91
1007,87	1409,00
1008,03	1400,81
1008,20	1419,24
1008,36	1374,19
1008,53	1445,87
1008,69	1370,09
1008,86	1386,47
1009,02	1349,61
1009,18	1452,01
1009,35	1378,28
1009,51	1411,05
1009,68	1406,95
1009,84	1398,76
1010,01	1472,49
1010,17	1458,15
1010,33	1538,02
1010,50	1402,86
1010,66	1478,63
1010,83	1398,76
1010,99	1503,21
1011,15	1363,95
1011,32	1538,02
1011,48	1462,25
1011,65	1431,53
1011,81	1347,56
1011,97	1347,56
1012,14	1513,45
1012,30	1411,05
1012,46	1478,63
1012,63	1482,73
1012,79	1433,58
1012,96	1335,28
1013,12	1394,67
1013,28	1458,15
1013,45	1435,63
1013,61	1341,42
1013,77	1388,52
1013,94	1417,19
1014,10	1388,52
1014,26	1335,28
1014,43	1509,35
1014,59	1370,09
1014,76	1474,54
1014,92	1374,19
1015,08	1406,95
1015,25	1331,18
1015,41	1513,45
1015,57	1439,72
1015,74	1382,38
1015,90	1386,47
1016,06	1331,18
1016,23	1423,34
1016,39	1384,43
1016,55	1517,54
1016,72	1435,63
1016,88	1425,39
1017,04	1333,23
1017,21	1345,52
1017,37	1382,38
1017,53	1380,33
1017,70	1343,47
1017,86	1366,00
1018,02	1388,52
1018,19	1404,91
1018,35	1435,63
1018,51	1366,00
1018,67	1486,83
1018,84	1413,10
1019,00	1329,13
1019,16	1499,11
1019,33	1368,04
1019,49	1486,83
1019,65	1396,71
1019,82	1406,95
1019,98	1423,34
1020,14	1449,96
1020,30	1499,11
1020,47	1378,28
1020,63	1462,25
1020,79	1400,81
1020,96	1372,14
1021,12	1366,00
1021,28	1511,40
1021,44	1460,20
1021,61	1370,09
1021,77	1386,47
1021,93	1331,18
1022,09	1411,05
1022,26	1529,83
1022,42	1411,05
1022,58	1419,24
1022,74	1351,66
1022,91	1417,19
1023,07	1454,06
1023,23	1396,71
1023,39	1415,15
1023,56	1361,90
1023,72	1492,97
1023,88	1402,86
1024,04	1427,43
1024,21	1333,23
1024,37	1429,48
1024,53	1470,44
1024,69	1406,95
1024,86	1404,91
1025,02	1439,72
1025,18	1359,85
1025,34	1392,62
1025,50	1445,87
1025,67	1406,95
1025,83	1452,01
1025,99	1349,61
1026,15	1429,48
1026,32	1372,14
1026,48	1402,86
1026,64	1456,11
1026,80	1419,24
1026,96	1519,59
1027,13	1490,92
1027,29	1443,82
1027,45	1425,39
1027,61	1398,76
1027,77	1409,00
1027,94	1417,19
1028,10	1374,19
1028,26	1396,71
1028,42	1349,61
1028,58	1415,15
1028,75	1378,28
1028,91	1452,01
1029,07	1345,52
1029,23	1427,43
1029,39	1406,95
1029,55	1423,34
1029,72	1486,83
1029,88	1447,91
1030,04	1458,15
1030,20	1339,37
1030,36	1409,00
1030,52	1376,24
1030,69	1427,43
1030,85	1488,87
1031,01	1476,59
1031,17	1376,24
1031,33	1345,52
1031,49	1474,54
1031,65	1351,66
1031,82	1406,95
1031,98	1398,76
1032,14	1406,95
1032,30	1409,00
1032,46	1464,30
1032,62	1447,91
1032,78	1458,15
1032,95	1396,71
1033,11	1353,71
1033,27	1427,43
1033,43	1404,91
1033,59	1357,80
1033,75	1441,77
1033,91	1357,80
1034,07	1542,12
1034,24	1456,11
1034,40	1355,76
1034,56	1421,29
1034,72	1468,39
1034,88	1447,91
1035,04	1413,10
1035,20	1386,47
1035,36	1404,91
1035,52	1394,67
1035,68	1312,75
1035,85	1431,53
1036,01	1441,77
1036,17	1552,36
1036,33	1460,20
1036,49	1310,70
1036,65	1460,20
1036,81	1429,48
1036,97	1441,77
1037,13	1345,52
1037,29	1355,76
1037,45	1421,29
1037,61	1431,53
1037,78	1363,95
1037,94	1384,43
1038,10	1384,43
1038,26	1464,30
1038,42	1417,19
1038,58	1415,15
1038,74	1337,32
1038,90	1460,20
1039,06	1454,06
1039,22	1411,05
1039,38	1353,71
1039,54	1370,09
1039,70	1449,96
1039,86	1484,78
1040,02	1386,47
1040,18	1490,92
1040,34	1402,86
1040,50	1454,06
1040,66	1470,44
1040,83	1392,62
1040,99	1394,67
1041,15	1507,30
1041,31	1402,86
1041,47	1394,67
1041,63	1517,54
1041,79	1370,09
1041,95	1378,28
1042,11	1335,28
1042,27	1390,57
1042,43	1394,67
1042,59	1476,59
1042,75	1423,34
1042,91	1480,68
