344,25	1228,78
344,46	1228,78
344,68	1228,78
344,90	1259,50
345,12	1294,32
345,34	1452,01
345,55	1462,25
345,77	1357,80
345,99	1363,95
346,21	1370,09
346,42	1398,76
346,64	1361,90
346,86	1316,84
347,08	1421,29
347,30	1345,52
347,51	1366,00
347,73	1458,15
347,95	1462,25
348,17	1396,71
348,38	1464,30
348,60	1312,75
348,82	1419,24
349,04	1386,47
349,25	1456,11
349,47	1454,06
349,69	1439,72
349,91	1486,83
350,13	1419,24
350,34	1445,87
350,56	1353,71
350,78	1417,19
351,00	1445,87
351,21	1488,87
351,43	1484,78
351,65	1335,28
351,87	1441,77
352,08	1411,05
352,30	1454,06
352,52	1366,00
352,74	1396,71
352,95	1376,24
353,17	1406,95
353,39	1382,38
353,61	1406,95
353,82	1310,70
354,04	1456,11
354,26	1464,30
354,47	1474,54
354,69	1384,43
354,91	1458,15
355,13	1452,01
355,34	1394,67
355,56	1404,91
355,78	1474,54
356,00	1413,10
356,21	1386,47
356,43	1421,29
356,65	1458,15
356,86	1460,20
357,08	1466,35
357,30	1548,26
357,52	1396,71
357,73	1456,11
357,95	1458,15
358,17	1452,01
358,38	1441,77
358,60	1368,04
358,82	1421,29
359,04	1476,59
359,25	1474,54
359,47	1531,88
359,69	1433,58
359,90	1435,63
360,12	1447,91
360,34	1462,25
360,56	1468,39
360,77	1552,36
360,99	1449,96
361,21	1425,39
361,42	1452,01
361,64	1585,13
361,86	1527,78
362,07	1476,59
362,29	1492,97
362,51	1458,15
362,73	1454,06
362,94	1417,19
363,16	1538,02
363,38	1443,82
363,59	1497,07
363,81	1574,89
364,03	1458,15
364,24	1505,26
364,46	1396,71
364,68	1492,97
364,89	1456,11
365,11	1490,92
365,33	1527,78
365,54	1544,17
365,76	1472,49
365,98	1507,30
366,19	1484,78
366,41	1562,60
366,63	1439,72
366,84	1509,35
367,06	1478,63
367,28	1562,60
367,49	1507,30
367,71	1525,74
367,93	1456,11
368,14	1550,31
368,36	1474,54
368,58	1501,16
368,79	1458,15
369,01	1570,79
369,23	1484,78
369,44	1505,26
369,66	1460,20
369,88	1566,70
370,09	1488,87
370,31	1478,63
370,53	1509,35
370,74	1445,87
370,96	1470,44
371,18	1521,64
371,39	1458,15
371,61	1521,64
371,82	1462,25
372,04	1431,53
372,26	1482,73
372,47	1513,45
372,69	1570,79
372,91	1544,17
373,12	1529,83
373,34	1484,78
373,56	1376,24
373,77	1554,41
373,99	1484,78
374,20	1521,64
374,42	1538,02
374,64	1521,64
374,85	1497,07
375,07	1507,30
375,29	1568,74
375,50	1472,49
375,72	1462,25
375,93	1486,83
376,15	1460,20
376,37	1464,30
376,58	1472,49
376,80	1456,11
377,01	1435,63
377,23	1540,07
377,45	1478,63
377,66	1538,02
377,88	1466,35
378,10	1431,53
378,31	1423,34
378,53	1523,69
378,74	1411,05
378,96	1511,40
379,18	1511,40
379,39	1476,59
379,61	1495,02
379,82	1505,26
380,04	1431,53
380,26	1529,83
380,47	1464,30
380,69	1484,78
380,90	1447,91
381,12	1449,96
381,33	1482,73
381,55	1449,96
381,77	1419,24
381,98	1386,47
382,20	1423,34
382,41	1390,57
382,63	1572,84
382,85	1474,54
383,06	1454,06
383,28	1550,31
383,49	1468,39
383,71	1441,77
383,92	1361,90
384,14	1482,73
384,36	1370,09
384,57	1374,19
384,79	1357,80
385,00	1427,43
385,22	1499,11
385,43	1374,19
385,65	1476,59
385,87	1503,21
386,08	1404,91
386,30	1443,82
386,51	1456,11
386,73	1425,39
386,94	1449,96
387,16	1394,67
387,37	1492,97
387,59	1452,01
387,81	1427,43
388,02	1460,20
388,24	1456,11
388,45	1460,20
388,67	1495,02
388,88	1513,45
389,10	1355,76
389,31	1585,13
389,53	1509,35
389,75	1507,30
389,96	1415,15
390,18	1429,48
390,39	1353,71
390,61	1431,53
390,82	1458,15
391,04	1456,11
391,25	1535,98
391,47	1499,11
391,68	1443,82
391,90	1433,58
392,11	1421,29
392,33	1445,87
392,54	1474,54
392,76	1357,80
392,97	1413,10
393,19	1488,87
393,41	1484,78
393,62	1449,96
393,84	1456,11
394,05	1490,92
394,27	1409,00
394,48	1519,59
394,70	1486,83
394,91	1509,35
395,13	1507,30
395,34	1452,01
395,56	1476,59
395,77	1425,39
395,99	1378,28
396,20	1505,26
396,42	1417,19
396,63	1505,26
396,85	1447,91
397,06	1513,45
397,28	1413,10
397,49	1464,30
397,71	1486,83
397,92	1427,43
398,14	1456,11
398,35	1558,50
398,57	1552,36
398,78	1492,97
399,00	1531,88
399,21	1458,15
399,43	1466,35
399,64	1460,20
399,86	1464,30
400,07	1425,39
400,29	1505,26
400,50	1550,31
400,72	1419,24
400,93	1476,59
401,14	1509,35
401,36	1478,63
401,57	1482,73
401,79	1484,78
402,00	1488,87
402,22	1488,87
402,43	1490,92
402,65	1558,50
402,86	1456,11
403,08	1521,64
403,29	1523,69
403,51	1515,50
403,72	1470,44
403,94	1484,78
404,15	1595,37
404,36	1538,02
404,58	1794,02
404,79	1529,83
405,01	1413,10
405,22	1468,39
405,44	1406,95
405,65	1501,16
405,87	1482,73
406,08	1470,44
406,30	1470,44
406,51	1482,73
406,72	1423,34
406,94	1519,59
407,15	1480,68
407,37	1521,64
407,58	1468,39
407,80	1456,11
408,01	1497,07
408,23	1529,83
408,44	1484,78
408,65	1443,82
408,87	1578,98
409,08	1409,00
409,30	1535,98
409,51	1484,78
409,73	1492,97
409,94	1439,72
410,15	1550,31
410,37	1515,50
410,58	1437,67
410,80	1441,77
411,01	1462,25
411,23	1482,73
411,44	1386,47
411,65	1578,98
411,87	1492,97
412,08	1495,02
412,30	1642,47
412,51	1361,90
412,72	1503,21
412,94	1546,22
413,15	1376,24
413,37	1460,20
413,58	1484,78
413,79	1484,78
414,01	1470,44
414,22	1454,06
414,44	1544,17
414,65	1439,72
414,86	1456,11
415,08	1468,39
415,29	1529,83
415,51	1505,26
415,72	1513,45
415,93	1486,83
416,15	1400,81
416,36	1478,63
416,58	1535,98
416,79	1462,25
417,00	1497,07
417,22	1439,72
417,43	1488,87
417,65	1533,93
417,86	1542,12
418,07	1501,16
418,29	1480,68
418,50	1464,30
418,71	1527,78
418,93	1486,83
419,14	1439,72
419,36	1441,77
419,57	1472,49
419,78	1515,50
420,00	1452,01
420,21	1507,30
420,42	1476,59
420,64	1513,45
420,85	1433,58
421,06	1531,88
421,28	1476,59
421,49	1452,01
421,71	1587,18
421,92	1478,63
422,13	1511,40
422,35	1501,16
422,56	1492,97
422,77	1464,30
422,99	1521,64
423,20	1521,64
423,41	1429,48
423,63	1460,20
423,84	1515,50
424,05	1542,12
424,27	1497,07
424,48	1499,11
424,69	1486,83
424,91	1877,99
425,12	1497,07
425,33	1474,54
425,55	1558,50
425,76	1525,74
425,97	1525,74
426,19	1521,64
426,40	1488,87
426,61	1511,40
426,83	1472,49
427,04	1527,78
427,25	1515,50
427,47	1527,78
427,68	1535,98
427,89	1482,73
428,11	1497,07
428,32	1423,34
428,53	1476,59
428,75	1542,12
428,96	1589,22
429,17	1538,02
429,39	1525,74
429,60	1560,55
429,81	1550,31
430,03	1484,78
430,24	1443,82
430,45	1560,55
430,67	1538,02
430,88	1558,50
431,09	1470,44
431,30	1513,45
431,52	1497,07
431,73	1556,46
431,94	1527,78
432,16	1517,54
432,37	1619,94
432,58	1515,50
432,80	1484,78
433,01	1554,41
433,22	1411,05
433,43	1601,51
433,65	1554,41
433,86	1484,78
434,07	1445,87
434,29	1490,92
434,50	1445,87
434,71	1595,37
434,92	1603,56
435,14	1593,32
435,35	1462,25
435,56	1411,05
435,77	1554,41
435,99	1427,43
436,20	1466,35
436,41	1521,64
436,63	1347,56
436,84	1490,92
437,05	1484,78
437,26	1464,30
437,48	1488,87
437,69	1505,26
437,90	1388,52
438,11	1417,19
438,33	1452,01
438,54	1398,76
438,75	1435,63
438,96	1472,49
439,18	1423,34
439,39	1552,36
439,60	1425,39
439,82	1470,44
440,03	1566,70
440,24	1519,59
440,45	1404,91
440,67	1445,87
440,88	1466,35
441,09	1501,16
441,30	1521,64
441,51	1495,02
441,73	1386,47
441,94	1421,29
442,15	1550,31
442,36	1497,07
442,58	1488,87
442,79	1439,72
443,00	1431,53
443,21	1556,46
443,43	1566,70
443,64	1578,98
443,85	1497,07
444,06	1540,07
444,28	1538,02
444,49	1441,77
444,70	1480,68
444,91	1603,56
445,12	1523,69
445,34	1466,35
445,55	1503,21
445,76	1519,59
445,97	1519,59
446,18	1509,35
446,40	1546,22
446,61	1419,24
446,82	1513,45
447,03	1531,88
447,25	1501,16
447,46	1402,86
447,67	1587,18
447,88	1535,98
448,09	1468,39
448,31	1642,47
448,52	1454,06
448,73	1621,99
448,94	1560,55
449,15	1589,22
449,37	1560,55
449,58	1497,07
449,79	1503,21
450,00	1595,37
450,21	1486,83
450,43	1472,49
450,64	1517,54
450,85	1515,50
451,06	1613,80
451,27	1497,07
451,48	1617,90
451,70	1476,59
451,91	1474,54
452,12	1548,26
452,33	1542,12
452,54	1488,87
452,76	1552,36
452,97	1619,94
453,18	1476,59
453,39	1572,84
453,60	1472,49
453,81	1507,30
454,03	1550,31
454,24	1519,59
454,45	1513,45
454,66	1486,83
454,87	1603,56
455,08	1609,70
455,30	1472,49
455,51	1570,79
455,72	1628,14
455,93	1613,80
456,14	1411,05
456,35	1599,46
456,56	1624,04
456,78	1656,81
456,99	1619,94
457,20	1538,02
457,41	1495,02
457,62	1595,37
457,83	1566,70
458,04	1538,02
458,26	1562,60
458,47	1603,56
458,68	1513,45
458,89	1638,38
459,10	1488,87
459,31	1583,08
459,52	1599,46
459,74	1665,00
459,95	1617,90
460,16	1562,60
460,37	1595,37
460,58	1695,72
460,79	1472,49
461,00	1558,50
461,21	1503,21
461,43	1517,54
461,64	1540,07
461,85	1501,16
462,06	1578,98
462,27	1499,11
462,48	1566,70
462,69	1611,75
462,90	1486,83
463,12	1626,09
463,33	1550,31
463,54	1513,45
463,75	1501,16
463,96	1621,99
464,17	1556,46
464,38	1548,26
464,59	1542,12
464,80	1478,63
465,01	1501,16
465,23	1458,15
465,44	1509,35
465,65	1542,12
465,86	1554,41
466,07	1615,85
466,28	1597,42
466,49	1599,46
466,70	1607,66
466,91	1630,18
467,12	1624,04
467,33	1531,88
467,55	1525,74
467,76	1576,94
467,97	1511,40
468,18	1662,95
468,39	1521,64
468,60	1675,24
468,81	1611,75
469,02	1501,16
469,23	1531,88
469,44	1591,27
469,65	1511,40
469,86	1542,12
470,07	1527,78
470,29	1712,10
470,50	1546,22
470,71	1607,66
470,92	1558,50
471,13	1566,70
471,34	1701,86
471,55	1632,23
471,76	1533,93
471,97	1548,26
472,18	1566,70
472,39	1593,32
472,60	1615,85
472,81	1648,61
473,02	1540,07
473,23	1705,96
473,44	1619,94
473,65	1531,88
473,87	1621,99
474,08	1662,95
474,29	1654,76
474,50	1648,61
474,71	1544,17
474,92	1658,85
475,13	1652,71
475,34	1613,80
475,55	1468,39
475,76	1540,07
475,97	1681,38
476,18	1611,75
476,39	1583,08
476,60	1583,08
476,81	1648,61
477,02	1605,61
477,23	1615,85
477,44	1658,85
477,65	1646,57
477,86	1609,70
478,07	1660,90
478,28	1728,49
478,49	1531,88
478,70	1691,62
478,91	1621,99
479,12	1652,71
479,33	1544,17
479,54	1601,51
479,75	1673,19
479,96	1716,20
480,17	1738,73
480,38	1634,28
480,59	1617,90
480,80	1626,09
481,01	1605,61
481,22	1619,94
481,43	1669,09
481,64	1710,05
481,85	1654,76
482,06	1716,20
482,27	1646,57
482,48	1744,87
482,69	1728,49
482,90	1730,53
483,11	1714,15
483,32	1699,81
483,53	1740,77
483,74	1671,14
483,95	1607,66
484,16	1628,14
484,37	1609,70
484,58	1677,29
484,79	1613,80
485,00	1603,56
485,21	1583,08
485,42	1728,49
485,63	1779,68
485,84	1699,81
486,05	1708,01
486,26	1689,57
486,47	1726,44
486,68	1773,54
486,89	1763,30
487,10	1724,39
487,31	1751,01
487,52	1718,25
487,73	1736,68
487,94	1730,53
488,15	1730,53
488,36	1746,92
488,57	1722,34
488,77	1726,44
488,98	1673,19
489,19	1769,44
489,40	1800,16
489,61	1773,54
489,82	1755,11
490,03	1816,55
490,24	1662,95
490,45	1839,08
490,66	1726,44
490,87	1734,63
491,08	1662,95
491,29	1791,97
491,50	1716,20
491,71	1806,31
491,92	1693,67
492,13	1771,49
492,33	1718,25
492,54	1781,73
492,75	1744,87
492,96	1734,63
493,17	1785,83
493,38	1769,44
493,59	1765,35
493,80	1794,02
494,01	1751,01
494,22	1871,84
494,43	1832,93
494,64	1796,07
494,85	1730,53
495,05	1826,79
495,26	1869,80
495,47	1882,08
495,68	1882,08
495,89	1800,16
496,10	1816,55
496,31	1794,02
496,52	1814,50
496,73	1832,93
496,94	1865,70
497,15	1804,26
497,35	1873,89
497,56	1886,18
497,77	1732,58
497,98	1843,17
498,19	1814,50
498,40	1939,43
498,61	1933,28
498,82	1916,90
499,03	1859,56
499,23	1843,17
499,44	1820,64
499,65	1865,70
499,86	1832,93
500,07	1890,28
500,28	1839,08
500,49	1896,42
500,70	1902,56
500,91	1890,28
501,11	1937,38
501,32	1959,91
501,53	1867,75
501,74	1990,63
501,95	1855,46
502,16	1988,58
502,37	1869,80
502,57	1959,91
502,78	1959,91
502,99	1959,91
503,20	1826,79
503,41	1910,75
503,62	1886,18
503,83	1943,52
504,03	1966,05
504,24	1955,81
504,45	1982,43
504,66	1914,85
504,87	2027,49
505,08	1896,42
505,29	1908,71
505,49	1869,80
505,70	1955,81
505,91	1927,14
506,12	1859,56
506,33	2017,25
506,54	1925,09
506,75	2070,50
506,95	1857,51
507,16	2043,87
507,37	1980,39
507,58	2072,54
507,79	1996,77
508,00	1992,67
508,20	1855,46
508,41	1927,14
508,62	2037,73
508,83	1988,58
509,04	1933,28
509,24	2033,63
509,45	2258,91
509,66	1964,00
509,87	1996,77
510,08	1978,34
510,29	2017,25
510,49	2121,70
510,70	1933,28
510,91	2088,93
511,12	1953,76
511,33	1976,29
511,53	1939,43
511,74	1931,23
511,95	1896,42
512,16	2054,11
512,37	1949,67
512,57	1955,81
512,78	2029,54
512,99	2033,63
513,20	1996,77
513,41	2125,79
513,61	1916,90
513,82	2039,78
514,03	1972,19
514,24	2035,68
514,45	2054,11
514,65	1943,52
514,86	1918,95
515,07	2037,73
515,28	1935,33
515,49	2052,06
515,69	1996,77
515,90	2068,45
516,11	2017,25
516,32	2050,02
516,52	1988,58
516,73	2033,63
516,94	2056,16
517,15	2011,11
517,36	1918,95
517,56	2062,30
517,77	2064,35
517,98	2082,78
518,19	1990,63
518,39	1953,76
518,60	2000,87
518,81	2066,40
519,02	1894,37
519,22	2007,01
519,43	1980,39
519,64	2072,54
519,85	1970,15
520,05	2000,87
520,26	1966,05
520,47	2160,61
520,68	1935,33
520,88	2064,35
521,09	1939,43
521,30	2060,26
521,51	1998,82
521,71	2101,22
521,92	1955,81
522,13	2011,11
522,34	1945,57
522,54	1984,48
522,75	1882,08
522,96	2150,37
523,17	1972,19
523,37	2156,51
523,58	1931,23
523,79	1984,48
523,99	1980,39
524,20	2037,73
524,41	1992,67
524,62	2058,21
524,82	2021,35
525,03	2113,50
525,24	1953,76
525,45	2004,96
525,65	1892,32
525,86	2076,64
526,07	1984,48
526,27	2029,54
526,48	2037,73
526,69	2195,42
526,90	1918,95
527,10	2045,92
527,31	1875,94
527,52	2009,06
527,72	1994,72
527,93	2105,31
528,14	1904,61
528,34	2031,58
528,55	1888,23
528,76	2054,11
528,97	1964,00
529,17	2019,30
529,38	1957,86
529,59	2031,58
529,79	1978,34
530,00	2000,87
530,21	1980,39
530,41	1992,67
530,62	1931,23
530,83	2029,54
531,03	2039,78
531,24	1984,48
531,45	1980,39
531,65	2050,02
531,86	1994,72
532,07	2029,54
532,27	1935,33
532,48	1957,86
532,69	1976,29
532,89	1990,63
533,10	1984,48
533,31	1923,04
533,51	1941,47
533,72	1910,75
533,93	1978,34
534,13	2086,88
534,34	1957,86
534,55	2033,63
534,75	1943,52
534,96	2021,35
535,17	1912,80
535,37	2021,35
535,58	2015,20
535,79	2050,02
535,99	1980,39
536,20	1951,71
536,41	1869,80
536,61	1992,67
536,82	1992,67
537,03	1941,47
537,23	1972,19
537,44	1970,15
537,64	1861,60
537,85	1941,47
538,06	1875,94
538,26	2004,96
538,47	1986,53
538,68	1951,71
538,88	1843,17
539,09	1894,37
539,30	1857,51
539,50	1925,09
539,71	1904,61
539,91	1949,67
540,12	1949,67
540,33	1998,82
540,53	1961,95
540,74	1931,23
540,94	1894,37
541,15	1812,45
541,36	1882,08
541,56	1994,72
541,77	1849,32
541,98	1847,27
542,18	1853,41
542,39	1898,47
542,59	1841,12
542,80	1808,36
543,01	1783,78
543,21	1880,04
543,42	1830,88
543,62	1751,01
543,83	1800,16
544,04	1859,56
544,24	1865,70
544,45	1779,68
544,65	1847,27
544,86	1732,58
545,06	1855,46
545,27	1796,07
545,48	1751,01
545,68	1898,47
545,89	1892,32
546,09	1763,30
546,30	1771,49
546,51	1820,64
546,71	1851,36
546,92	1834,98
547,12	1775,59
547,33	1648,61
547,53	1763,30
547,74	1693,67
547,95	1742,82
548,15	1736,68
548,36	1861,60
548,56	1826,79
548,77	1765,35
548,97	1759,21
549,18	1798,12
549,39	1691,62
549,59	1746,92
549,80	1646,57
550,00	1677,29
550,21	1800,16
550,41	1681,38
550,62	1779,68
550,82	1701,86
551,03	1691,62
551,23	1773,54
551,44	1671,14
551,65	1824,74
551,85	1693,67
552,06	1751,01
552,26	1714,15
552,47	1730,53
552,67	1695,72
552,88	1626,09
553,08	1646,57
553,29	1724,39
553,49	1820,64
553,70	1710,05
553,90	1824,74
554,11	1658,85
554,32	1794,02
554,52	1732,58
554,73	1699,81
554,93	1718,25
555,14	1665,00
555,34	1777,64
555,55	1773,54
555,75	1738,73
555,96	1701,86
556,16	1798,12
556,37	1767,40
556,57	1630,18
556,78	1722,34
556,98	1931,23
557,19	1869,80
557,39	1808,36
557,60	1777,64
557,80	1781,73
558,01	1773,54
558,21	1816,55
558,42	1865,70
558,62	1882,08
558,83	1902,56
559,03	1777,64
559,24	1914,85
559,44	1937,38
559,65	1904,61
559,85	1953,76
560,06	1929,19
560,26	2000,87
560,47	1953,76
560,67	2078,69
560,88	1964,00
561,08	2117,60
561,29	2123,74
561,49	2166,75
561,70	2146,27
561,90	2217,95
562,10	2052,06
562,31	2217,95
562,51	2381,79
562,72	2217,95
562,92	2183,13
563,13	2430,94
563,33	2289,63
563,54	2529,24
563,74	2480,09
563,95	2625,50
564,15	2480,09
564,36	2684,89
564,56	2619,35
564,76	2801,62
564,97	2541,53
565,17	2930,64
565,38	2770,90
565,58	3088,34
565,79	2838,48
565,99	3366,86
566,20	3143,63
566,40	3358,67
566,60	3291,09
566,81	3626,95
567,01	3569,61
567,22	3604,42
567,42	3487,69
567,63	3854,28
567,83	3600,33
568,04	3887,04
568,24	3837,89
568,44	4413,37
568,65	3876,80
568,85	4347,84
569,06	4409,28
569,26	4673,46
569,47	4630,46
569,67	4599,74
569,87	4609,98
570,08	5052,34
570,28	5140,40
570,49	5369,77
570,69	4962,23
570,89	5793,70
571,10	5392,30
571,30	5459,88
571,51	5525,42
571,71	5857,19
571,91	5566,38
572,12	6002,60
572,32	5793,70
572,53	6059,94
572,73	5900,20
572,93	6311,84
573,14	5873,57
573,34	6506,40
573,55	5730,22
573,75	6377,37
573,95	5904,29
574,16	6125,47
574,36	5795,75
574,57	5824,42
574,77	5623,72
574,97	5550,00
575,18	5275,57
575,38	5570,48
575,59	5101,49
575,79	5253,04
575,99	4786,10
576,20	4870,07
576,40	4503,48
576,60	4679,61
576,81	4046,79
577,01	4163,52
577,22	3960,77
577,42	3874,76
577,62	3583,95
577,83	3692,49
578,03	3168,21
578,23	3172,30
578,44	2861,01
578,64	2930,64
578,84	2660,31
579,05	2652,12
579,25	2439,13
579,45	2533,34
579,66	2152,42
579,86	2226,14
580,07	2172,89
580,27	2187,23
580,47	1980,39
580,68	1927,14
580,88	1798,12
581,08	1867,75
581,29	1767,40
581,49	1853,41
581,69	1785,83
581,90	1742,82
582,10	1681,38
582,30	1708,01
582,51	1665,00
582,71	1708,01
582,91	1574,89
583,12	1593,32
583,32	1538,02
583,52	1599,46
583,73	1546,22
583,93	1566,70
584,13	1597,42
584,34	1564,65
584,54	1519,59
584,74	1546,22
584,94	1591,27
585,15	1578,98
585,35	1531,88
585,55	1613,80
585,76	1464,30
585,96	1521,64
586,16	1525,74
586,37	1411,05
586,57	1503,21
586,77	1480,68
586,98	1519,59
587,18	1449,96
587,38	1562,60
587,58	1525,74
587,79	1546,22
587,99	1501,16
588,19	1413,10
588,40	1470,44
588,60	1597,42
588,80	1468,39
589,00	1435,63
589,21	1556,46
589,41	1449,96
589,61	1468,39
589,82	1517,54
590,02	1427,43
590,22	1519,59
590,42	1466,35
590,63	1562,60
590,83	1478,63
591,03	1501,16
591,23	1458,15
591,44	1474,54
591,64	1439,72
591,84	1398,76
592,05	1519,59
592,25	1513,45
592,45	1517,54
592,65	1464,30
592,86	1445,87
593,06	1427,43
593,26	1423,34
593,46	1480,68
593,67	1452,01
593,87	1423,34
594,07	1402,86
594,27	1462,25
594,48	1413,10
594,68	1411,05
594,88	1406,95
595,08	1464,30
595,29	1585,13
595,49	1521,64
595,69	1505,26
595,89	1445,87
596,10	1495,02
596,30	1445,87
596,50	1439,72
596,70	1433,58
596,90	1468,39
597,11	1392,62
597,31	1413,10
597,51	1394,67
597,71	1552,36
597,92	1525,74
598,12	1411,05
598,32	1460,20
598,52	1433,58
598,72	1449,96
598,93	1447,91
599,13	1552,36
599,33	1372,14
599,53	1552,36
599,74	1531,88
599,94	1466,35
600,14	1413,10
600,34	1404,91
600,54	1525,74
600,75	1488,87
600,95	1376,24
601,15	1425,39
601,35	1449,96
601,55	1439,72
601,76	1415,15
601,96	1548,26
602,16	1443,82
602,36	1478,63
602,56	1343,47
602,76	1398,76
602,97	1447,91
603,17	1433,58
603,37	1482,73
603,57	1474,54
603,77	1460,20
603,98	1488,87
604,18	1449,96
604,38	1488,87
604,58	1316,84
604,78	1445,87
604,98	1447,91
605,19	1511,40
605,39	1486,83
605,59	1540,07
605,79	1413,10
605,99	1439,72
606,19	1429,48
606,40	1431,53
606,60	1400,81
606,80	1357,80
607,00	1400,81
607,20	1384,43
607,40	1355,76
607,61	1406,95
607,81	1509,35
608,01	1449,96
608,21	1525,74
608,41	1460,20
608,61	1423,34
608,81	1359,85
609,02	1404,91
609,22	1464,30
609,42	1445,87
609,62	1452,01
609,82	1398,76
610,02	1454,06
610,22	1409,00
610,43	1415,15
610,63	1439,72
610,83	1544,17
611,03	1492,97
611,23	1447,91
611,43	1402,86
611,63	1478,63
611,83	1339,37
612,04	1406,95
612,24	1597,42
612,44	1413,10
612,64	1372,14
612,84	1392,62
613,04	1413,10
613,24	1437,67
613,44	1406,95
613,64	1390,57
613,85	1499,11
614,05	1447,91
614,25	1400,81
614,45	1466,35
614,65	1460,20
614,85	1427,43
615,05	1441,77
615,25	1503,21
615,45	1472,49
615,65	1411,05
615,86	1486,83
616,06	1421,29
616,26	1435,63
616,46	1525,74
616,66	1378,28
616,86	1505,26
617,06	1435,63
617,26	1517,54
617,46	1531,88
617,66	1433,58
617,86	1521,64
618,07	1441,77
618,27	1501,16
618,47	1439,72
618,67	1484,78
618,87	1443,82
619,07	1425,39
619,27	1492,97
619,47	1472,49
619,67	1552,36
619,87	1378,28
620,07	1497,07
620,27	1476,59
620,47	1427,43
620,67	1386,47
620,87	1437,67
621,07	1499,11
621,28	1402,86
621,48	1499,11
621,68	1454,06
621,88	1529,83
622,08	1423,34
622,28	1560,55
622,48	1417,19
622,68	1392,62
622,88	1456,11
623,08	1390,57
623,28	1351,66
623,48	1540,07
623,68	1376,24
623,88	1384,43
624,08	1480,68
624,28	1425,39
624,48	1488,87
624,68	1347,56
624,88	1515,50
625,08	1468,39
625,28	1482,73
625,48	1404,91
625,68	1478,63
625,88	1417,19
626,08	1415,15
626,28	1417,19
626,48	1435,63
626,68	1417,19
626,88	1515,50
627,08	1468,39
627,28	1566,70
627,48	1460,20
627,68	1419,24
627,88	1499,11
628,08	1474,54
628,28	1427,43
628,49	1511,40
628,68	1425,39
628,88	1527,78
629,08	1466,35
629,28	1497,07
629,48	1425,39
629,68	1388,52
629,88	1501,16
630,08	1505,26
630,28	1517,54
630,48	1363,95
630,68	1431,53
630,88	1443,82
631,08	1433,58
631,28	1433,58
631,48	1474,54
631,68	1398,76
631,88	1429,48
632,08	1505,26
632,28	1429,48
632,48	1449,96
632,68	1406,95
632,88	1439,72
633,08	1501,16
633,28	1433,58
633,48	1456,11
633,68	1503,21
633,88	1425,39
634,08	1542,12
634,28	1406,95
634,48	1421,29
634,68	1331,18
634,88	1437,67
635,08	1357,80
635,28	1437,67
635,48	1382,38
635,68	1368,04
635,87	1497,07
636,07	1484,78
636,27	1337,32
636,47	1380,33
636,67	1464,30
636,87	1492,97
637,07	1507,30
637,27	1445,87
637,47	1472,49
637,67	1468,39
637,87	1425,39
638,07	1425,39
638,27	1368,04
638,47	1452,01
638,67	1318,89
638,86	1458,15
639,06	1468,39
639,26	1472,49
639,46	1361,90
639,66	1513,45
639,86	1470,44
640,06	1394,67
640,26	1447,91
640,46	1396,71
640,66	1472,49
640,86	1574,89
641,06	1417,19
641,25	1556,46
641,45	1411,05
641,65	1394,67
641,85	1474,54
642,05	1447,91
642,25	1413,10
642,45	1388,52
642,65	1374,19
642,85	1333,23
643,05	1415,15
643,24	1423,34
643,44	1503,21
643,64	1361,90
643,84	1396,71
644,04	1327,08
644,24	1462,25
644,44	1429,48
644,64	1402,86
644,84	1427,43
645,03	1478,63
645,23	1488,87
645,43	1361,90
645,63	1480,68
645,83	1378,28
646,03	1417,19
646,23	1402,86
646,42	1478,63
646,62	1433,58
646,82	1398,76
647,02	1441,77
647,22	1406,95
647,42	1413,10
647,62	1378,28
647,82	1431,53
648,01	1656,81
648,21	1343,47
648,41	1398,76
648,61	1470,44
648,81	1517,54
649,01	1458,15
649,20	1437,67
649,40	1404,91
649,60	1419,24
649,80	1370,09
650,00	1470,44
650,20	1353,71
650,40	1445,87
650,59	1404,91
650,79	1511,40
650,99	1447,91
651,19	1425,39
651,39	1388,52
651,58	1429,48
651,78	1427,43
651,98	1521,64
652,18	1456,11
652,38	1443,82
652,58	1462,25
652,77	1427,43
652,97	1540,07
653,17	1470,44
653,37	1482,73
653,57	1445,87
653,77	1435,63
653,96	1492,97
654,16	1435,63
654,36	1472,49
654,56	1478,63
654,76	1468,39
654,95	1390,57
655,15	1458,15
655,35	1468,39
655,55	1402,86
655,75	1445,87
655,94	1431,53
656,14	1417,19
656,34	1468,39
656,54	1431,53
656,73	1540,07
656,93	1445,87
657,13	1431,53
657,33	1343,47
657,53	1447,91
657,72	1503,21
657,92	1406,95
658,12	1413,10
658,32	1517,54
658,52	1388,52
658,71	1411,05
658,91	1443,82
659,11	1476,59
659,31	1380,33
659,50	1486,83
659,70	1492,97
659,90	1531,88
660,10	1449,96
660,29	1447,91
660,49	1402,86
660,69	1435,63
660,89	1499,11
661,08	1417,19
661,28	1398,76
661,48	1474,54
661,68	1478,63
661,87	1402,86
662,07	1458,15
662,27	1472,49
662,47	1392,62
662,66	1413,10
662,86	1486,83
663,06	1425,39
663,26	1423,34
663,45	1519,59
663,65	1345,52
663,85	1499,11
664,05	1454,06
664,24	1411,05
664,44	1431,53
664,64	1353,71
664,84	1384,43
665,03	1470,44
665,23	1413,10
665,43	1404,91
665,62	1429,48
665,82	1421,29
666,02	1386,47
666,22	1409,00
666,41	1419,24
666,61	1476,59
666,81	1468,39
667,00	1435,63
667,20	1480,68
667,40	1476,59
667,60	1460,20
667,79	1325,04
667,99	1386,47
668,19	1421,29
668,38	1366,00
668,58	1490,92
668,78	1384,43
668,97	1527,78
669,17	1394,67
669,37	1460,20
669,57	1384,43
669,76	1533,93
669,96	1443,82
670,16	1415,15
670,35	1425,39
670,55	1421,29
670,75	1355,76
670,94	1437,67
671,14	1552,36
671,34	1429,48
671,53	1413,10
671,73	1456,11
671,93	1433,58
672,12	1468,39
672,32	1427,43
672,52	1599,46
672,71	1460,20
672,91	1492,97
673,11	1417,19
673,30	1470,44
673,50	1355,76
673,70	1380,33
673,89	1431,53
674,09	1486,83
674,29	1460,20
674,48	1470,44
674,68	1476,59
674,88	1452,01
675,07	1460,20
675,27	1382,38
675,46	1376,24
675,66	1439,72
675,86	1431,53
676,05	1503,21
676,25	1480,68
676,45	1400,81
676,64	1382,38
676,84	1482,73
677,04	1359,85
677,23	1495,02
677,43	1464,30
677,62	1419,24
677,82	1462,25
678,02	1431,53
678,21	1492,97
678,41	1427,43
678,61	1378,28
678,80	1396,71
679,00	1458,15
679,19	1499,11
679,39	1439,72
679,59	1517,54
679,78	1376,24
679,98	1439,72
680,17	1409,00
680,37	1488,87
680,57	1353,71
680,76	1458,15
680,96	1441,77
681,16	1353,71
681,35	1415,15
681,55	1486,83
681,74	1398,76
681,94	1486,83
682,13	1445,87
682,33	1431,53
682,53	1376,24
682,72	1413,10
682,92	1462,25
683,11	1429,48
683,31	1447,91
683,51	1402,86
683,70	1449,96
683,90	1411,05
684,09	1447,91
684,29	1527,78
684,48	1429,48
684,68	1462,25
684,88	1495,02
685,07	1484,78
685,27	1402,86
685,46	1452,01
685,66	1460,20
685,85	1456,11
686,05	1529,83
686,25	1464,30
686,44	1400,81
686,64	1474,54
686,83	1368,04
687,03	1517,54
687,22	1472,49
687,42	1486,83
687,61	1370,09
687,81	1427,43
688,01	1456,11
688,20	1417,19
688,40	1400,81
688,59	1437,67
688,79	1476,59
688,98	1472,49
689,18	1398,76
689,37	1398,76
689,57	1447,91
689,76	1431,53
689,96	1363,95
690,15	1464,30
690,35	1404,91
690,54	1419,24
690,74	1419,24
690,94	1454,06
691,13	1492,97
691,33	1490,92
691,52	1507,30
691,72	1533,93
691,91	1431,53
692,11	1472,49
692,30	1390,57
692,50	1501,16
692,69	1480,68
692,89	1370,09
693,08	1347,56
693,28	1544,17
693,47	1411,05
693,67	1581,03
693,86	1423,34
694,06	1419,24
694,25	1322,99
694,45	1449,96
694,64	1480,68
694,84	1425,39
695,03	1411,05
695,23	1454,06
695,42	1478,63
695,62	1353,71
695,81	1456,11
696,01	1468,39
696,20	1396,71
696,40	1413,10
696,59	1441,77
696,78	1417,19
696,98	1513,45
697,17	1370,09
697,37	1456,11
697,56	1497,07
697,76	1447,91
697,95	1421,29
698,15	1374,19
698,34	1488,87
698,54	1421,29
698,73	1533,93
698,93	1501,16
699,12	1439,72
699,32	1476,59
699,51	1441,77
699,70	1402,86
699,90	1452,01
700,09	1511,40
700,29	1423,34
700,48	1409,00
700,68	1396,71
700,87	1456,11
701,07	1460,20
701,26	1429,48
701,45	1390,57
701,65	1355,76
701,84	1421,29
702,04	1374,19
702,23	1366,00
702,43	1411,05
702,62	1452,01
702,81	1427,43
703,01	1368,04
703,20	1517,54
703,40	1386,47
703,59	1353,71
703,79	1490,92
703,98	1476,59
704,17	1413,10
704,37	1339,37
704,56	1497,07
704,76	1423,34
704,95	1449,96
705,14	1374,19
705,34	1400,81
705,53	1417,19
705,73	1419,24
705,92	1398,76
706,11	1439,72
706,31	1427,43
706,50	1472,49
706,70	1402,86
706,89	1411,05
707,08	1484,78
707,28	1452,01
707,47	1406,95
707,67	1431,53
707,86	1497,07
708,05	1341,42
708,25	1411,05
708,44	1382,38
708,64	1458,15
708,83	1433,58
709,02	1374,19
709,22	1505,26
709,41	1456,11
709,60	1476,59
709,80	1423,34
709,99	1429,48
710,19	1392,62
710,38	1372,14
710,57	1406,95
710,77	1353,71
710,96	1406,95
711,15	1480,68
711,35	1497,07
711,54	1431,53
711,73	1368,04
711,93	1439,72
712,12	1447,91
712,31	1429,48
712,51	1396,71
712,70	1411,05
712,89	1392,62
713,09	1445,87
713,28	1386,47
713,48	1402,86
713,67	1460,20
713,86	1339,37
714,06	1419,24
714,25	1474,54
714,44	1378,28
714,64	1460,20
714,83	1341,42
715,02	1433,58
715,22	1402,86
715,41	1519,59
715,60	1376,24
715,79	1345,52
715,99	1437,67
716,18	1327,08
716,37	1415,15
716,57	1423,34
716,76	1484,78
716,95	1429,48
717,15	1396,71
717,34	1335,28
717,53	1439,72
717,73	1437,67
717,92	1366,00
718,11	1456,11
718,31	1402,86
718,50	1417,19
718,69	1398,76
718,88	1529,83
719,08	1384,43
719,27	1349,61
719,46	1423,34
719,66	1472,49
719,85	1400,81
720,04	1390,57
720,23	1370,09
720,43	1384,43
720,62	1384,43
720,81	1366,00
721,01	1349,61
721,20	1501,16
721,39	1357,80
721,58	1447,91
721,78	1415,15
721,97	1462,25
722,16	1357,80
722,35	1409,00
722,55	1380,33
722,74	1464,30
722,93	1394,67
723,13	1355,76
723,32	1386,47
723,51	1384,43
723,70	1406,95
723,90	1468,39
724,09	1456,11
724,28	1376,24
724,47	1363,95
724,67	1452,01
724,86	1406,95
725,05	1370,09
725,24	1370,09
725,44	1382,38
725,63	1345,52
725,82	1374,19
726,01	1314,80
726,21	1433,58
726,40	1331,18
726,59	1456,11
726,78	1345,52
726,97	1368,04
727,17	1406,95
727,36	1529,83
727,55	1325,04
727,74	1445,87
727,94	1382,38
728,13	1460,20
728,32	1370,09
728,51	1390,57
728,70	1359,85
728,90	1404,91
729,09	1386,47
729,28	1382,38
729,47	1392,62
729,66	1390,57
729,86	1501,16
730,05	1409,00
730,24	1406,95
730,43	1437,67
730,63	1400,81
730,82	1458,15
731,01	1384,43
731,20	1394,67
731,39	1427,43
731,58	1374,19
731,78	1460,20
731,97	1476,59
732,16	1445,87
732,35	1527,78
732,54	1392,62
732,74	1472,49
732,93	1478,63
733,12	1409,00
733,31	1378,28
733,50	1269,74
733,69	1452,01
733,89	1488,87
734,08	1470,44
734,27	1366,00
734,46	1437,67
734,65	1390,57
734,84	1433,58
735,04	1388,52
735,23	1398,76
735,42	1411,05
735,61	1382,38
735,80	1535,98
735,99	1337,32
736,19	1376,24
736,38	1445,87
736,57	1423,34
736,76	1425,39
736,95	1495,02
737,14	1454,06
737,33	1404,91
737,53	1474,54
737,72	1474,54
737,91	1423,34
738,10	1437,67
738,29	1398,76
738,48	1429,48
738,67	1343,47
738,87	1386,47
739,06	1343,47
739,25	1419,24
739,44	1400,81
739,63	1472,49
739,82	1443,82
740,01	1368,04
740,20	1456,11
740,40	1374,19
740,59	1431,53
740,78	1423,34
740,97	1478,63
741,16	1325,04
741,35	1409,00
741,54	1478,63
741,73	1452,01
741,92	1368,04
742,12	1366,00
742,31	1421,29
742,50	1437,67
742,69	1366,00
742,88	1372,14
743,07	1372,14
743,26	1460,20
743,45	1486,83
743,64	1419,24
743,83	1413,10
744,02	1431,53
744,22	1361,90
744,41	1474,54
744,60	1366,00
744,79	1406,95
744,98	1474,54
745,17	1355,76
745,36	1388,52
745,55	1386,47
745,74	1417,19
745,93	1382,38
746,12	1472,49
746,31	1386,47
746,50	1411,05
746,70	1337,32
746,89	1435,63
747,08	1468,39
747,27	1325,04
747,46	1439,72
747,65	1382,38
747,84	1462,25
748,03	1384,43
748,22	1386,47
748,41	1505,26
748,60	1437,67
748,79	1392,62
748,98	1402,86
749,17	1368,04
749,36	1456,11
749,55	1454,06
749,74	1402,86
749,93	1529,83
750,12	1460,20
750,31	1419,24
750,50	1409,00
750,70	1351,66
750,89	1476,59
751,08	1460,20
751,27	1433,58
751,46	1476,59
751,65	1419,24
751,84	1462,25
752,03	1402,86
752,22	1488,87
752,41	1472,49
752,60	1429,48
752,79	1478,63
752,98	1460,20
753,17	1374,19
753,36	1421,29
753,55	1390,57
753,74	1370,09
753,93	1460,20
754,12	1423,34
754,31	1456,11
754,50	1515,50
754,69	1478,63
754,88	1456,11
755,07	1366,00
755,26	1394,67
755,45	1310,70
755,64	1368,04
755,83	1431,53
756,02	1402,86
756,21	1429,48
756,40	1474,54
756,59	1413,10
756,78	1519,59
756,97	1480,68
757,16	1445,87
757,35	1458,15
757,54	1419,24
757,72	1402,86
757,91	1376,24
758,10	1439,72
758,29	1445,87
758,48	1429,48
758,67	1443,82
758,86	1466,35
759,05	1460,20
759,24	1435,63
759,43	1492,97
759,62	1382,38
759,81	1486,83
760,00	1492,97
760,19	1486,83
760,38	1495,02
760,57	1454,06
760,76	1421,29
760,95	1466,35
761,14	1335,28
761,33	1429,48
761,52	1443,82
761,70	1396,71
761,89	1390,57
762,08	1443,82
762,27	1359,85
762,46	1462,25
762,65	1462,25
762,84	1486,83
763,03	1472,49
763,22	1447,91
763,41	1490,92
763,60	1490,92
763,79	1433,58
763,98	1558,50
764,16	1417,19
764,35	1505,26
764,54	1435,63
764,73	1492,97
764,92	1357,80
765,11	1515,50
765,30	1454,06
765,49	1394,67
765,68	1552,36
765,87	1503,21
766,06	1423,34
766,24	1437,67
766,43	1372,14
766,62	1466,35
766,81	1372,14
767,00	1482,73
767,19	1406,95
767,38	1449,96
767,57	1433,58
767,76	1542,12
767,94	1460,20
768,13	1388,52
768,32	1523,69
768,51	1343,47
768,70	1427,43
768,89	1505,26
769,08	1388,52
769,27	1449,96
769,45	1468,39
769,64	1497,07
769,83	1415,15
770,02	1409,00
770,21	1435,63
770,40	1449,96
770,59	1425,39
770,77	1353,71
770,96	1525,74
771,15	1472,49
771,34	1460,20
771,53	1521,64
771,72	1470,44
771,91	1355,76
772,09	1390,57
772,28	1435,63
772,47	1441,77
772,66	1550,31
772,85	1425,39
773,04	1482,73
773,22	1462,25
773,41	1458,15
773,60	1378,28
773,79	1464,30
773,98	1392,62
774,17	1415,15
774,35	1464,30
774,54	1409,00
774,73	1525,74
774,92	1431,53
775,11	1460,20
775,30	1521,64
775,48	1388,52
775,67	1394,67
775,86	1476,59
776,05	1546,22
776,24	1513,45
776,42	1544,17
776,61	1484,78
776,80	1482,73
776,99	1470,44
777,18	1472,49
777,36	1419,24
777,55	1372,14
777,74	1468,39
777,93	1513,45
778,12	1548,26
778,30	1548,26
778,49	1478,63
778,68	1531,88
778,87	1447,91
779,06	1386,47
779,24	1486,83
779,43	1466,35
779,62	1482,73
779,81	1417,19
779,99	1386,47
780,18	1357,80
780,37	1519,59
780,56	1490,92
780,75	1505,26
780,93	1484,78
781,12	1515,50
781,31	1460,20
781,50	1478,63
781,68	1447,91
781,87	1419,24
782,06	1490,92
782,25	1468,39
782,43	1492,97
782,62	1331,18
782,81	1478,63
783,00	1402,86
783,18	1488,87
783,37	1497,07
783,56	1521,64
783,75	1548,26
783,93	1570,79
784,12	1443,82
784,31	1540,07
784,50	1462,25
784,68	1372,14
784,87	1351,66
785,06	1464,30
785,24	1460,20
785,43	1509,35
785,62	1454,06
785,81	1454,06
785,99	1507,30
786,18	1507,30
786,37	1359,85
786,56	1456,11
786,74	1394,67
786,93	1462,25
787,12	1361,90
787,30	1380,33
787,49	1513,45
787,68	1409,00
787,87	1411,05
788,05	1427,43
788,24	1433,58
788,43	1411,05
788,61	1484,78
788,80	1470,44
788,99	1413,10
789,17	1439,72
789,36	1474,54
789,55	1554,41
789,73	1437,67
789,92	1472,49
790,11	1492,97
790,30	1449,96
790,48	1484,78
790,67	1490,92
790,86	1435,63
791,04	1458,15
791,23	1503,21
791,42	1472,49
791,60	1472,49
791,79	1480,68
791,98	1394,67
792,16	1474,54
792,35	1376,24
792,54	1386,47
792,72	1542,12
792,91	1456,11
793,10	1447,91
793,28	1435,63
793,47	1501,16
793,66	1413,10
793,84	1345,52
794,03	1409,00
794,22	1503,21
794,40	1402,86
794,59	1452,01
794,77	1404,91
794,96	1337,32
795,15	1452,01
795,33	1445,87
795,52	1454,06
795,71	1431,53
795,89	1390,57
796,08	1355,76
796,27	1464,30
796,45	1419,24
796,64	1452,01
796,82	1439,72
797,01	1380,33
797,20	1439,72
797,38	1458,15
797,57	1349,61
797,76	1413,10
797,94	1488,87
798,13	1478,63
798,31	1402,86
798,50	1458,15
798,69	1464,30
798,87	1406,95
799,06	1423,34
799,24	1363,95
799,43	1560,55
799,62	1353,71
799,80	1462,25
799,99	1529,83
800,17	1468,39
800,36	1411,05
800,55	1466,35
800,73	1513,45
800,92	1327,08
801,10	1394,67
801,29	1386,47
801,48	1495,02
801,66	1349,61
801,85	1454,06
802,03	1394,67
802,22	1454,06
802,40	1472,49
802,59	1349,61
802,78	1390,57
802,96	1464,30
803,15	1548,26
803,33	1366,00
803,52	1384,43
803,70	1452,01
803,89	1456,11
804,08	1439,72
804,26	1355,76
804,45	1353,71
804,63	1437,67
804,82	1456,11
805,00	1454,06
805,19	1411,05
805,37	1314,80
805,56	1480,68
805,74	1456,11
805,93	1421,29
806,12	1511,40
806,30	1429,48
806,49	1378,28
806,67	1429,48
806,86	1437,67
807,04	1445,87
807,23	1341,42
807,41	1372,14
807,60	1361,90
807,78	1476,59
807,97	1755,11
808,15	1318,89
808,34	1427,43
808,52	1400,81
808,71	1353,71
808,89	1415,15
809,08	1421,29
809,27	1333,23
809,45	1368,04
809,64	1447,91
809,82	1392,62
810,01	1398,76
810,19	1380,33
810,38	1439,72
810,56	1435,63
810,75	1482,73
810,93	1486,83
811,12	1376,24
811,30	1492,97
811,49	1505,26
811,67	1404,91
811,85	1497,07
812,04	1480,68
812,22	1486,83
812,41	1445,87
812,59	1390,57
812,78	1423,34
812,96	1429,48
813,15	1413,10
813,33	1417,19
813,52	1402,86
813,70	1441,77
813,89	1423,34
814,07	1452,01
814,26	1435,63
814,44	1355,76
814,63	1423,34
814,81	1384,43
815,00	1390,57
815,18	1443,82
815,36	1437,67
815,55	1372,14
815,73	1378,28
815,92	1482,73
816,10	1507,30
816,29	1409,00
816,47	1316,84
816,66	1441,77
816,84	1495,02
817,02	1484,78
817,21	1466,35
817,39	1423,34
817,58	1349,61
817,76	1413,10
817,95	1415,15
818,13	1431,53
818,32	1382,38
818,50	1423,34
818,68	1435,63
818,87	1464,30
819,05	1355,76
819,24	1431,53
819,42	1421,29
819,60	1386,47
819,79	1482,73
819,97	1425,39
820,16	1423,34
820,34	1396,71
820,53	1345,52
820,71	1351,66
820,89	1445,87
821,08	1433,58
821,26	1400,81
821,45	1443,82
821,63	1374,19
821,81	1404,91
822,00	1384,43
822,18	1433,58
822,37	1472,49
822,55	1402,86
822,73	1345,52
822,92	1458,15
823,10	1374,19
823,28	1394,67
823,47	1452,01
823,65	1359,85
823,84	1376,24
824,02	1419,24
824,20	1394,67
824,39	1398,76
824,57	1439,72
824,75	1497,07
824,94	1441,77
825,12	1499,11
825,31	1413,10
825,49	1484,78
825,67	1439,72
825,86	1402,86
826,04	1462,25
826,22	1468,39
826,41	1505,26
826,59	1413,10
826,77	1390,57
826,96	1384,43
827,14	1372,14
827,32	1421,29
827,51	1421,29
827,69	1462,25
827,87	1476,59
828,06	1492,97
828,24	1421,29
828,42	1409,00
828,61	1419,24
828,79	1472,49
828,97	1439,72
829,16	1486,83
829,34	1466,35
829,52	1492,97
829,71	1542,12
829,89	1495,02
830,07	1421,29
830,26	1474,54
830,44	1419,24
830,62	1527,78
830,81	1456,11
830,99	1400,81
831,17	1501,16
831,36	1384,43
831,54	1497,07
831,72	1486,83
831,91	1361,90
832,09	1433,58
832,27	1402,86
832,45	1456,11
832,64	1382,38
832,82	1503,21
833,00	1413,10
833,19	1433,58
833,37	1423,34
833,55	1341,42
833,73	1456,11
833,92	1474,54
834,10	1443,82
834,28	1456,11
834,47	1447,91
834,65	1507,30
834,83	1476,59
835,01	1503,21
835,20	1449,96
835,38	1488,87
835,56	1447,91
835,74	1452,01
835,93	1517,54
836,11	1492,97
836,29	1415,15
836,47	1531,88
836,66	1439,72
836,84	1492,97
837,02	1404,91
837,21	1574,89
837,39	1411,05
837,57	1519,59
837,75	1486,83
837,94	1456,11
838,12	1435,63
838,30	1372,14
838,48	1400,81
838,66	1449,96
838,85	1576,94
839,03	1456,11
839,21	1396,71
839,39	1486,83
839,58	1472,49
839,76	1574,89
839,94	1452,01
840,12	1390,57
840,31	1435,63
840,49	1421,29
840,67	1392,62
840,85	1400,81
841,03	1439,72
841,22	1452,01
841,40	1374,19
841,58	1421,29
841,76	1429,48
841,94	1505,26
842,13	1519,59
842,31	1476,59
842,49	1411,05
842,67	1419,24
842,85	1394,67
843,04	1492,97
843,22	1462,25
843,40	1456,11
843,58	1525,74
843,76	1400,81
843,95	1458,15
844,13	1482,73
844,31	1468,39
844,49	1413,10
844,67	1439,72
844,86	1431,53
845,04	1363,95
845,22	1429,48
845,40	1445,87
845,58	1497,07
845,76	1443,82
845,95	1396,71
846,13	1433,58
846,31	1562,60
846,49	1495,02
846,67	1398,76
846,85	1413,10
847,04	1449,96
847,22	1345,52
847,40	1454,06
847,58	1427,43
847,76	1376,24
847,94	1509,35
848,12	1497,07
848,31	1466,35
848,49	1456,11
848,67	1460,20
848,85	1470,44
849,03	1495,02
849,21	1535,98
849,39	1544,17
849,58	1402,86
849,76	1431,53
849,94	1454,06
850,12	1462,25
850,30	1458,15
850,48	1447,91
850,66	1552,36
850,84	1501,16
851,03	1437,67
851,21	1427,43
851,39	1355,76
851,57	1468,39
851,75	1472,49
851,93	1382,38
852,11	1470,44
852,29	1388,52
852,47	1374,19
852,66	1499,11
852,84	1404,91
853,02	1456,11
853,20	1513,45
853,38	1542,12
853,56	1452,01
853,74	1550,31
853,92	1443,82
854,10	1468,39
854,28	1435,63
854,46	1435,63
854,65	1353,71
854,83	1441,77
855,01	1404,91
855,19	1411,05
855,37	1497,07
855,55	1464,30
855,73	1439,72
855,91	1458,15
856,09	1480,68
856,27	1495,02
856,45	1443,82
856,63	1435,63
856,81	1505,26
857,00	1511,40
857,18	1497,07
857,36	1409,00
857,54	1480,68
857,72	1382,38
857,90	1468,39
858,08	1505,26
858,26	1462,25
858,44	1470,44
858,62	1423,34
858,80	1359,85
858,98	1495,02
859,16	1490,92
859,34	1419,24
859,52	1505,26
859,70	1581,03
859,88	1513,45
860,06	1421,29
860,24	1466,35
860,42	1355,76
860,60	1533,93
860,78	1488,87
860,96	1454,06
861,14	1439,72
861,32	1425,39
861,50	1429,48
861,69	1421,29
861,87	1431,53
862,05	1578,98
862,23	1406,95
862,41	1429,48
862,59	1497,07
862,77	1433,58
862,95	1476,59
863,13	1456,11
863,31	1411,05
863,49	1378,28
863,67	1447,91
863,85	1517,54
864,03	1568,74
864,21	1497,07
864,39	1556,46
864,57	1417,19
864,75	1441,77
864,92	1495,02
865,10	1466,35
865,28	1480,68
865,46	1402,86
865,64	1449,96
865,82	1421,29
866,00	1415,15
866,18	1423,34
866,36	1435,63
866,54	1492,97
866,72	1409,00
866,90	1445,87
867,08	1409,00
867,26	1417,19
867,44	1394,67
867,62	1429,48
867,80	1449,96
867,98	1505,26
868,16	1456,11
868,34	1509,35
868,52	1380,33
868,70	1353,71
868,88	1447,91
869,06	1449,96
869,24	1445,87
869,42	1339,37
869,59	1464,30
869,77	1445,87
869,95	1505,26
870,13	1445,87
870,31	1382,38
870,49	1550,31
870,67	1456,11
870,85	1492,97
871,03	1454,06
871,21	1521,64
871,39	1443,82
871,57	1347,56
871,75	1429,48
871,92	1384,43
872,10	1488,87
872,28	1462,25
872,46	1419,24
872,64	1443,82
872,82	1425,39
873,00	1466,35
873,18	1456,11
873,36	1517,54
873,54	1392,62
873,72	1419,24
873,89	1599,46
874,07	1572,84
874,25	1568,74
874,43	1511,40
874,61	1431,53
874,79	1415,15
874,97	1425,39
875,15	1460,20
875,33	1437,67
875,50	1507,30
875,68	1480,68
875,86	1488,87
876,04	1468,39
876,22	1472,49
876,40	1478,63
876,58	1462,25
876,76	1443,82
876,93	1419,24
877,11	1431,53
877,29	1509,35
877,47	1452,01
877,65	1460,20
877,83	1517,54
878,01	1544,17
878,18	1417,19
878,36	1409,00
878,54	1427,43
878,72	1359,85
878,90	1443,82
879,08	1466,35
879,25	1515,50
879,43	1427,43
879,61	1454,06
879,79	1437,67
879,97	1452,01
880,15	1486,83
880,32	1322,99
880,50	1398,76
880,68	1509,35
880,86	1486,83
881,04	1480,68
881,22	1513,45
881,39	1445,87
881,57	1570,79
881,75	1464,30
881,93	1529,83
882,11	1452,01
882,28	1474,54
882,46	1445,87
882,64	1413,10
882,82	1482,73
883,00	1474,54
883,18	1468,39
883,35	1544,17
883,53	1507,30
883,71	1525,74
883,89	1439,72
884,07	1427,43
884,24	1460,20
884,42	1484,78
884,60	1415,15
884,78	1507,30
884,95	1411,05
885,13	1470,44
885,31	1470,44
885,49	1355,76
885,67	1439,72
885,84	1427,43
886,02	1460,20
886,20	1462,25
886,38	1458,15
886,55	1486,83
886,73	1433,58
886,91	1538,02
887,09	1398,76
887,26	1441,77
887,44	1466,35
887,62	1523,69
887,80	1394,67
887,98	1497,07
888,15	1423,34
888,33	1402,86
888,51	1490,92
888,69	1470,44
888,86	1490,92
889,04	1466,35
889,22	1423,34
889,39	1597,42
889,57	1484,78
889,75	1435,63
889,93	1513,45
890,10	1492,97
890,28	1439,72
890,46	1495,02
890,64	1484,78
890,81	1439,72
890,99	1454,06
891,17	1425,39
891,34	1472,49
891,52	1492,97
891,70	1404,91
891,88	1441,77
892,05	1519,59
892,23	1423,34
892,41	1366,00
892,58	1480,68
892,76	1468,39
892,94	1470,44
893,12	1462,25
893,29	1492,97
893,47	1380,33
893,65	1390,57
893,82	1437,67
894,00	1497,07
894,18	1413,10
894,35	1370,09
894,53	1525,74
894,71	1462,25
894,89	1386,47
895,06	1452,01
895,24	1355,76
895,42	1472,49
895,59	1484,78
895,77	1474,54
895,95	1419,24
896,12	1368,04
896,30	1443,82
896,48	1359,85
896,65	1488,87
896,83	1468,39
897,01	1439,72
897,18	1372,14
897,36	1486,83
897,54	1445,87
897,71	1382,38
897,89	1511,40
898,07	1325,04
898,24	1419,24
898,42	1443,82
898,59	1460,20
898,77	1380,33
898,95	1341,42
899,12	1396,71
899,30	1417,19
899,48	1441,77
899,65	1527,78
899,83	1400,81
900,01	1466,35
900,18	1503,21
900,36	1441,77
900,53	1443,82
900,71	1464,30
900,89	1509,35
901,06	1466,35
901,24	1464,30
901,42	1542,12
901,59	1486,83
901,77	1597,42
901,94	1443,82
902,12	1398,76
902,30	1390,57
902,47	1423,34
902,65	1398,76
902,82	1509,35
903,00	1429,48
903,18	1515,50
903,35	1468,39
903,53	1419,24
903,70	1402,86
903,88	1419,24
904,06	1433,58
904,23	1482,73
904,41	1462,25
904,58	1492,97
904,76	1443,82
904,93	1501,16
905,11	1476,59
905,29	1458,15
905,46	1449,96
905,64	1484,78
905,81	1394,67
905,99	1413,10
906,16	1402,86
906,34	1413,10
906,52	1470,44
906,69	1413,10
906,87	1454,06
907,04	1325,04
907,22	1423,34
907,39	1509,35
907,57	1439,72
907,75	1542,12
907,92	1449,96
908,10	1505,26
908,27	1398,76
908,45	1409,00
908,62	1406,95
908,80	1394,67
908,97	1400,81
909,15	1513,45
909,32	1398,76
909,50	1421,29
909,67	1378,28
909,85	1476,59
910,03	1394,67
910,20	1425,39
910,38	1400,81
910,55	1411,05
910,73	1417,19
910,90	1423,34
911,08	1570,79
911,25	1470,44
911,43	1460,20
911,60	1384,43
911,78	1413,10
911,95	1423,34
912,13	1390,57
912,30	1425,39
912,48	1478,63
912,65	1406,95
912,83	1472,49
913,00	1445,87
913,18	1460,20
913,35	1466,35
913,53	1400,81
913,70	1454,06
913,88	1409,00
914,05	1441,77
914,23	1441,77
914,40	1456,11
914,58	1406,95
914,75	1421,29
914,93	1529,83
915,10	1402,86
915,27	1497,07
915,45	1423,34
915,62	1484,78
915,80	1492,97
915,97	1394,67
916,15	1462,25
916,32	1495,02
916,50	1447,91
916,67	1495,02
916,85	1435,63
917,02	1435,63
917,20	1429,48
917,37	1503,21
917,54	1478,63
917,72	1464,30
917,89	1531,88
918,07	1472,49
918,24	1470,44
918,42	1439,72
918,59	1423,34
918,77	1454,06
918,94	1435,63
919,11	1474,54
919,29	1431,53
919,46	1396,71
919,64	1484,78
919,81	1482,73
919,99	1425,39
920,16	1519,59
920,33	1566,70
920,51	1413,10
920,68	1474,54
920,86	1452,01
921,03	1484,78
921,20	1425,39
921,38	1445,87
921,55	1495,02
921,73	1409,00
921,90	1468,39
922,07	1452,01
922,25	1429,48
922,42	1447,91
922,60	1409,00
922,77	1431,53
922,94	1454,06
923,12	1499,11
923,29	1470,44
923,47	1443,82
923,64	1466,35
923,81	1484,78
923,99	1402,86
924,16	1550,31
924,34	1443,82
924,51	1570,79
924,68	1513,45
924,86	1429,48
925,03	1480,68
925,20	1521,64
925,38	1474,54
925,55	1458,15
925,72	1454,06
925,90	1404,91
926,07	1492,97
926,25	1452,01
926,42	1484,78
926,59	1511,40
926,77	1460,20
926,94	1529,83
927,11	1441,77
927,29	1427,43
927,46	1431,53
927,63	1523,69
927,81	1376,24
927,98	1474,54
928,15	1402,86
928,33	1462,25
928,50	1474,54
928,67	1597,42
928,85	1427,43
929,02	1409,00
929,19	1525,74
929,37	1460,20
929,54	1378,28
929,71	1515,50
929,89	1460,20
930,06	1454,06
930,23	1482,73
930,41	1474,54
930,58	1417,19
930,75	1398,76
930,92	1544,17
931,10	1525,74
931,27	1484,78
931,44	1435,63
931,62	1347,56
931,79	1439,72
931,96	1501,16
932,14	1419,24
932,31	1501,16
932,48	1552,36
932,65	1466,35
932,83	1484,78
933,00	1452,01
933,17	1466,35
933,35	1499,11
933,52	1603,56
933,69	1505,26
933,86	1546,22
934,04	1443,82
934,21	1470,44
934,38	1474,54
934,55	1435,63
934,73	1445,87
934,90	1578,98
935,07	1439,72
935,25	1525,74
935,42	1429,48
935,59	1421,29
935,76	1419,24
935,94	1460,20
936,11	1409,00
936,28	1482,73
936,45	1509,35
936,63	1429,48
936,80	1411,05
936,97	1458,15
937,14	1470,44
937,31	1411,05
937,49	1443,82
937,66	1535,98
937,83	1476,59
938,00	1484,78
938,18	1486,83
938,35	1468,39
938,52	1572,84
938,69	1433,58
938,87	1533,93
939,04	1390,57
939,21	1464,30
939,38	1488,87
939,55	1394,67
939,73	1533,93
939,90	1439,72
940,07	1470,44
940,24	1456,11
940,41	1497,07
940,59	1411,05
940,76	1447,91
940,93	1388,52
941,10	1472,49
941,27	1474,54
941,45	1497,07
941,62	1406,95
941,79	1460,20
941,96	1535,98
942,13	1464,30
942,31	1458,15
942,48	1472,49
942,65	1509,35
942,82	1388,52
942,99	1566,70
943,16	1462,25
943,34	1396,71
943,51	1472,49
943,68	1478,63
943,85	1462,25
944,02	1427,43
944,19	1443,82
944,37	1501,16
944,54	1433,58
944,71	1517,54
944,88	1529,83
945,05	1452,01
945,22	1529,83
945,40	1454,06
945,57	1454,06
945,74	1529,83
945,91	1472,49
946,08	1443,82
946,25	1533,93
946,42	1495,02
946,60	1488,87
946,77	1595,37
946,94	1406,95
947,11	1495,02
947,28	1402,86
947,45	1492,97
947,62	1476,59
947,79	1447,91
947,97	1492,97
948,14	1499,11
948,31	1447,91
948,48	1439,72
948,65	1423,34
948,82	1396,71
948,99	1558,50
949,16	1402,86
949,33	1488,87
949,51	1468,39
949,68	1474,54
949,85	1525,74
950,02	1474,54
950,19	1370,09
950,36	1468,39
950,53	1378,28
950,70	1402,86
950,87	1490,92
951,04	1419,24
951,22	1476,59
951,39	1488,87
951,56	1460,20
951,73	1415,15
951,90	1419,24
952,07	1476,59
952,24	1460,20
952,41	1515,50
952,58	1384,43
952,75	1519,59
952,92	1439,72
953,09	1423,34
953,26	1368,04
953,43	1402,86
953,61	1595,37
953,78	1456,11
953,95	1427,43
954,12	1439,72
954,29	1419,24
954,46	1515,50
954,63	1492,97
954,80	1562,60
954,97	1468,39
955,14	1476,59
955,31	1488,87
955,48	1497,07
955,65	1423,34
955,82	1486,83
955,99	1566,70
956,16	1427,43
956,33	1507,30
956,50	1431,53
956,67	1492,97
956,84	1460,20
957,01	1409,00
957,18	1523,69
957,35	1445,87
957,52	1462,25
957,69	1447,91
957,86	1472,49
958,03	1415,15
958,20	1447,91
958,37	1468,39
958,54	1378,28
958,71	1449,96
958,88	1525,74
959,05	1435,63
959,22	1374,19
959,39	1464,30
959,56	1421,29
959,73	1505,26
959,90	1431,53
960,07	1320,94
960,24	1417,19
960,41	1443,82
960,58	1523,69
960,75	1429,48
960,92	1507,30
961,09	1449,96
961,26	1552,36
961,43	1464,30
961,60	1443,82
961,77	1513,45
961,94	1392,62
962,11	1425,39
962,28	1562,60
962,45	1404,91
962,62	1456,11
962,79	1488,87
962,96	1423,34
963,13	1480,68
963,30	1468,39
963,47	1478,63
963,64	1445,87
963,81	1529,83
963,98	1392,62
964,14	1431,53
964,31	1527,78
964,48	1484,78
964,65	1525,74
964,82	1396,71
964,99	1515,50
965,16	1456,11
965,33	1402,86
965,50	1548,26
965,67	1441,77
965,84	1433,58
966,01	1470,44
966,18	1349,61
966,35	1445,87
966,51	1419,24
966,68	1490,92
966,85	1394,67
967,02	1519,59
967,19	1437,67
967,36	1392,62
967,53	1409,00
967,70	1433,58
967,87	1501,16
968,04	1452,01
968,21	1417,19
968,37	1437,67
968,54	1368,04
968,71	1462,25
968,88	1290,22
969,05	1431,53
969,22	1353,71
969,39	1441,77
969,56	1449,96
969,72	1492,97
969,89	1378,28
970,06	1472,49
970,23	1331,18
970,40	1556,46
970,57	1390,57
970,74	1490,92
970,91	1406,95
971,07	1503,21
971,24	1445,87
971,41	1435,63
971,58	1474,54
971,75	1460,20
971,92	1394,67
972,09	1437,67
972,25	1468,39
972,42	1482,73
972,59	1460,20
972,76	1458,15
972,93	1490,92
973,10	1409,00
973,27	1523,69
973,43	1437,67
973,60	1443,82
973,77	1423,34
973,94	1392,62
974,11	1413,10
974,28	1449,96
974,44	1419,24
974,61	1421,29
974,78	1499,11
974,95	1349,61
975,12	1462,25
975,28	1429,48
975,45	1380,33
975,62	1384,43
975,79	1441,77
975,96	1345,52
976,12	1411,05
976,29	1513,45
976,46	1427,43
976,63	1394,67
976,80	1400,81
976,96	1404,91
977,13	1370,09
977,30	1308,65
977,47	1492,97
977,64	1443,82
977,80	1413,10
977,97	1396,71
978,14	1466,35
978,31	1468,39
978,48	1447,91
978,64	1392,62
978,81	1404,91
978,98	1462,25
979,15	1419,24
979,31	1482,73
979,48	1447,91
979,65	1435,63
979,82	1447,91
979,98	1404,91
980,15	1484,78
980,32	1535,98
980,49	1390,57
980,66	1454,06
980,82	1447,91
980,99	1411,05
981,16	1466,35
981,33	1382,38
981,49	1472,49
981,66	1431,53
981,83	1435,63
981,99	1413,10
982,16	1384,43
982,33	1423,34
982,50	1345,52
982,66	1419,24
982,83	1357,80
983,00	1488,87
983,17	1398,76
983,33	1445,87
983,50	1488,87
983,67	1390,57
983,83	1472,49
984,00	1380,33
984,17	1488,87
984,34	1402,86
984,50	1318,89
984,67	1429,48
984,84	1402,86
985,00	1417,19
985,17	1384,43
985,34	1427,43
985,51	1392,62
985,67	1464,30
985,84	1392,62
986,01	1316,84
986,17	1318,89
986,34	1449,96
986,51	1361,90
986,67	1396,71
986,84	1390,57
987,01	1370,09
987,17	1392,62
987,34	1380,33
987,51	1304,56
987,67	1456,11
987,84	1349,61
988,01	1458,15
988,17	1347,56
988,34	1333,23
988,51	1456,11
988,67	1390,57
988,84	1423,34
989,01	1372,14
989,17	1394,67
989,34	1429,48
989,51	1449,96
989,67	1345,52
989,84	1423,34
990,01	1423,34
990,17	1499,11
990,34	1441,77
990,51	1476,59
990,67	1331,18
990,84	1411,05
991,01	1335,28
991,17	1380,33
991,34	1370,09
991,50	1398,76
991,67	1392,62
991,84	1349,61
992,00	1460,20
992,17	1376,24
992,34	1439,72
992,50	1421,29
992,67	1388,52
992,83	1480,68
993,00	1351,66
993,17	1468,39
993,33	1400,81
993,50	1454,06
993,66	1390,57
993,83	1445,87
994,00	1396,71
994,16	1468,39
994,33	1431,53
994,49	1394,67
994,66	1421,29
994,83	1341,42
994,99	1384,43
995,16	1439,72
995,32	1423,34
995,49	1460,20
995,66	1464,30
995,82	1425,39
995,99	1312,75
996,15	1454,06
996,32	1499,11
996,48	1388,52
996,65	1415,15
996,82	1439,72
996,98	1425,39
997,15	1456,11
997,31	1439,72
997,48	1419,24
997,64	1368,04
997,81	1431,53
997,97	1417,19
998,14	1366,00
998,31	1443,82
998,47	1329,13
998,64	1505,26
998,80	1415,15
998,97	1441,77
999,13	1433,58
999,30	1439,72
999,46	1431,53
999,63	1423,34
999,79	1406,95
999,96	1445,87
1000,12	1390,57
1000,29	1433,58
1000,45	1425,39
1000,62	1378,28
1000,79	1396,71
1000,95	1462,25
1001,12	1378,28
1001,28	1431,53
1001,45	1437,67
1001,61	1488,87
1001,78	1382,38
1001,94	1505,26
1002,11	1394,67
1002,27	1456,11
1002,44	1333,23
1002,60	1392,62
1002,77	1519,59
1002,93	1548,26
1003,10	1388,52
1003,26	1406,95
1003,43	1495,02
1003,59	1411,05
1003,76	1366,00
1003,92	1376,24
1004,09	1486,83
1004,25	1490,92
1004,41	1423,34
1004,58	1415,15
1004,74	1470,44
1004,91	1392,62
1005,07	1390,57
1005,24	1454,06
1005,40	1476,59
1005,57	1314,80
1005,73	1419,24
1005,90	1411,05
1006,06	1341,42
1006,23	1439,72
1006,39	1447,91
1006,55	1372,14
1006,72	1413,10
1006,88	1388,52
1007,05	1411,05
1007,21	1490,92
1007,38	1361,90
1007,54	1466,35
1007,71	1411,05
1007,87	1347,56
1008,03	1415,15
1008,20	1419,24
1008,36	1419,24
1008,53	1406,95
1008,69	1382,38
1008,86	1423,34
1009,02	1433,58
1009,18	1503,21
1009,35	1380,33
1009,51	1441,77
1009,68	1425,39
1009,84	1466,35
1010,01	1443,82
1010,17	1370,09
1010,33	1413,10
1010,50	1435,63
1010,66	1503,21
1010,83	1466,35
1010,99	1443,82
1011,15	1421,29
1011,32	1366,00
1011,48	1433,58
1011,65	1470,44
1011,81	1376,24
1011,97	1384,43
1012,14	1456,11
1012,30	1449,96
1012,46	1472,49
1012,63	1382,38
1012,79	1464,30
1012,96	1400,81
1013,12	1482,73
1013,28	1415,15
1013,45	1439,72
1013,61	1359,85
1013,77	1404,91
1013,94	1456,11
1014,10	1378,28
1014,26	1441,77
1014,43	1384,43
1014,59	1388,52
1014,76	1425,39
1014,92	1511,40
1015,08	1351,66
1015,25	1341,42
1015,41	1443,82
1015,57	1460,20
1015,74	1384,43
1015,90	1413,10
1016,06	1439,72
1016,23	1503,21
1016,39	1361,90
1016,55	1404,91
1016,72	1402,86
1016,88	1402,86
1017,04	1343,47
1017,21	1423,34
1017,37	1286,12
1017,53	1380,33
1017,70	1460,20
1017,86	1419,24
1018,02	1349,61
1018,19	1435,63
1018,35	1351,66
1018,51	1355,76
1018,67	1470,44
1018,84	1443,82
1019,00	1382,38
1019,16	1480,68
1019,33	1413,10
1019,49	1441,77
1019,65	1390,57
1019,82	1337,32
1019,98	1400,81
1020,14	1398,76
1020,30	1468,39
1020,47	1320,94
1020,63	1535,98
1020,79	1415,15
1020,96	1359,85
1021,12	1370,09
1021,28	1484,78
1021,44	1400,81
1021,61	1452,01
1021,77	1417,19
1021,93	1296,36
1022,09	1464,30
1022,26	1441,77
1022,42	1402,86
1022,58	1503,21
1022,74	1431,53
1022,91	1427,43
1023,07	1435,63
1023,23	1316,84
1023,39	1341,42
1023,56	1357,80
1023,72	1445,87
1023,88	1349,61
1024,04	1427,43
1024,21	1368,04
1024,37	1431,53
1024,53	1482,73
1024,69	1454,06
1024,86	1509,35
1025,02	1384,43
1025,18	1380,33
1025,34	1404,91
1025,50	1431,53
1025,67	1363,95
1025,83	1445,87
1025,99	1380,33
1026,15	1445,87
1026,32	1423,34
1026,48	1396,71
1026,64	1447,91
1026,80	1368,04
1026,96	1470,44
1027,13	1470,44
1027,29	1462,25
1027,45	1341,42
1027,61	1409,00
1027,77	1396,71
1027,94	1486,83
1028,10	1470,44
1028,26	1427,43
1028,42	1388,52
1028,58	1396,71
1028,75	1353,71
1028,91	1445,87
1029,07	1353,71
1029,23	1462,25
1029,39	1275,88
1029,55	1443,82
1029,72	1411,05
1029,88	1466,35
1030,04	1404,91
1030,20	1472,49
1030,36	1398,76
1030,52	1404,91
1030,69	1447,91
1030,85	1443,82
1031,01	1388,52
1031,17	1411,05
1031,33	1404,91
1031,49	1439,72
1031,65	1435,63
1031,82	1413,10
1031,98	1380,33
1032,14	1394,67
1032,30	1406,95
1032,46	1423,34
1032,62	1441,77
1032,78	1390,57
1032,95	1384,43
1033,11	1400,81
1033,27	1322,99
1033,43	1497,07
1033,59	1406,95
1033,75	1398,76
1033,91	1452,01
1034,07	1437,67
1034,24	1449,96
1034,40	1404,91
1034,56	1511,40
1034,72	1415,15
1034,88	1390,57
1035,04	1341,42
1035,20	1421,29
1035,36	1318,89
1035,52	1415,15
1035,68	1310,70
1035,85	1409,00
1036,01	1384,43
1036,17	1488,87
1036,33	1423,34
1036,49	1419,24
1036,65	1415,15
1036,81	1386,47
1036,97	1388,52
1037,13	1429,48
1037,29	1439,72
1037,45	1456,11
1037,61	1447,91
1037,78	1396,71
1037,94	1400,81
1038,10	1447,91
1038,26	1417,19
1038,42	1353,71
1038,58	1495,02
1038,74	1363,95
1038,90	1476,59
1039,06	1431,53
1039,22	1361,90
1039,38	1343,47
1039,54	1349,61
1039,70	1413,10
1039,86	1390,57
1040,02	1429,48
1040,18	1470,44
1040,34	1435,63
1040,50	1419,24
1040,66	1492,97
1040,83	1439,72
1040,99	1370,09
1041,15	1445,87
1041,31	1400,81
1041,47	1497,07
1041,63	1392,62
1041,79	1394,67
1041,95	1456,11
1042,11	1388,52
1042,27	1472,49
1042,43	1298,41
1042,59	1488,87
1042,75	1368,04
1042,91	1337,32
