344,25	1286,12
344,46	1286,12
344,68	1286,12
344,90	1331,18
345,12	1218,54
345,34	1400,81
345,55	1402,86
345,77	1464,30
345,99	1388,52
346,21	1456,11
346,42	1433,58
346,64	1415,15
346,86	1282,03
347,08	1394,67
347,30	1343,47
347,51	1390,57
347,73	1353,71
347,95	1441,77
348,17	1374,19
348,38	1492,97
348,60	1259,50
348,82	1447,91
349,04	1349,61
349,25	1359,85
349,47	1495,02
349,69	1439,72
349,91	1468,39
350,13	1388,52
350,34	1406,95
350,56	1380,33
350,78	1343,47
351,00	1415,15
351,21	1423,34
351,43	1413,10
351,65	1325,04
351,87	1370,09
352,08	1435,63
352,30	1427,43
352,52	1341,42
352,74	1476,59
352,95	1388,52
353,17	1437,67
353,39	1361,90
353,61	1402,86
353,82	1398,76
354,04	1349,61
354,26	1478,63
354,47	1452,01
354,69	1386,47
354,91	1396,71
355,13	1339,37
355,34	1411,05
355,56	1355,76
355,78	1443,82
356,00	1439,72
356,21	1398,76
356,43	1437,67
356,65	1392,62
356,86	1398,76
357,08	1419,24
357,30	1488,87
357,52	1390,57
357,73	1474,54
357,95	1435,63
358,17	1384,43
358,38	1431,53
358,60	1423,34
358,82	1470,44
359,04	1372,14
359,25	1435,63
359,47	1447,91
359,69	1333,23
359,90	1400,81
360,12	1533,93
360,34	1392,62
360,56	1398,76
360,77	1447,91
360,99	1495,02
361,21	1392,62
361,42	1404,91
361,64	1462,25
361,86	1454,06
362,07	1474,54
362,29	1421,29
362,51	1513,45
362,73	1402,86
362,94	1333,23
363,16	1533,93
363,38	1353,71
363,59	1443,82
363,81	1320,94
364,03	1462,25
364,24	1419,24
364,46	1396,71
364,68	1501,16
364,89	1335,28
365,11	1366,00
365,33	1431,53
365,54	1452,01
365,76	1470,44
365,98	1505,26
366,19	1454,06
366,41	1562,60
366,63	1445,87
366,84	1452,01
367,06	1413,10
367,28	1527,78
367,49	1488,87
367,71	1402,86
367,93	1421,29
368,14	1470,44
368,36	1429,48
368,58	1437,67
368,79	1390,57
369,01	1505,26
369,23	1564,65
369,44	1466,35
369,66	1331,18
369,88	1519,59
370,09	1341,42
370,31	1368,04
370,53	1488,87
370,74	1400,81
370,96	1454,06
371,18	1472,49
371,39	1439,72
371,61	1476,59
371,82	1492,97
372,04	1456,11
372,26	1368,04
372,47	1488,87
372,69	1480,68
372,91	1439,72
373,12	1458,15
373,34	1456,11
373,56	1331,18
373,77	1398,76
373,99	1421,29
374,20	1464,30
374,42	1427,43
374,64	1517,54
374,85	1357,80
375,07	1513,45
375,29	1458,15
375,50	1470,44
375,72	1419,24
375,93	1390,57
376,15	1382,38
376,37	1468,39
376,58	1386,47
376,80	1355,76
377,01	1411,05
377,23	1464,30
377,45	1411,05
377,66	1427,43
377,88	1492,97
378,10	1355,76
378,31	1413,10
378,53	1486,83
378,74	1419,24
378,96	1488,87
379,18	1429,48
379,39	1398,76
379,61	1456,11
379,82	1398,76
380,04	1445,87
380,26	1501,16
380,47	1382,38
380,69	1380,33
380,90	1533,93
381,12	1474,54
381,33	1462,25
381,55	1355,76
381,77	1468,39
381,98	1425,39
382,20	1411,05
382,41	1460,20
382,63	1415,15
382,85	1454,06
383,06	1458,15
383,28	1466,35
383,49	1421,29
383,71	1370,09
383,92	1404,91
384,14	1335,28
384,36	1374,19
384,57	1419,24
384,79	1427,43
385,00	1468,39
385,22	1400,81
385,43	1357,80
385,65	1431,53
385,87	1460,20
386,08	1341,42
386,30	1439,72
386,51	1443,82
386,73	1396,71
386,94	1366,00
387,16	1492,97
387,37	1488,87
387,59	1415,15
387,81	1333,23
388,02	1593,32
388,24	1392,62
388,45	1480,68
388,67	1478,63
388,88	1427,43
389,10	1421,29
389,31	1384,43
389,53	1474,54
389,75	1454,06
389,96	1411,05
390,18	1425,39
390,39	1370,09
390,61	1497,07
390,82	1357,80
391,04	1452,01
391,25	1425,39
391,47	1419,24
391,68	1425,39
391,90	1501,16
392,11	1398,76
392,33	1429,48
392,54	1402,86
392,76	1433,58
392,97	1402,86
393,19	1384,43
393,41	1447,91
393,62	1427,43
393,84	1441,77
394,05	1404,91
394,27	1421,29
394,48	1480,68
394,70	1386,47
394,91	1458,15
395,13	1472,49
395,34	1374,19
395,56	1372,14
395,77	1419,24
395,99	1443,82
396,20	1472,49
396,42	1458,15
396,63	1419,24
396,85	1497,07
397,06	1339,37
397,28	1382,38
397,49	1398,76
397,71	1366,00
397,92	1447,91
398,14	1374,19
398,35	1503,21
398,57	1345,52
398,78	1437,67
399,00	1411,05
399,21	1390,57
399,43	1419,24
399,64	1400,81
399,86	1429,48
400,07	1400,81
400,29	1392,62
400,50	1415,15
400,72	1443,82
400,93	1429,48
401,14	1404,91
401,36	1454,06
401,57	1445,87
401,79	1550,31
402,00	1501,16
402,22	1431,53
402,43	1443,82
402,65	1458,15
402,86	1372,14
403,08	1402,86
403,29	1478,63
403,51	1423,34
403,72	1394,67
403,94	1406,95
404,15	1484,78
404,36	1460,20
404,58	1617,90
404,79	1509,35
405,01	1431,53
405,22	1462,25
405,44	1368,04
405,65	1409,00
405,87	1495,02
406,08	1452,01
406,30	1380,33
406,51	1427,43
406,72	1540,07
406,94	1396,71
407,15	1413,10
407,37	1511,40
407,58	1458,15
407,80	1513,45
408,01	1437,67
408,23	1452,01
408,44	1411,05
408,65	1409,00
408,87	1396,71
409,08	1353,71
409,30	1431,53
409,51	1380,33
409,73	1525,74
409,94	1382,38
410,15	1445,87
410,37	1482,73
410,58	1501,16
410,80	1398,76
411,01	1452,01
411,23	1435,63
411,44	1423,34
411,65	1507,30
411,87	1503,21
412,08	1445,87
412,30	1433,58
412,51	1386,47
412,72	1544,17
412,94	1478,63
413,15	1343,47
413,37	1411,05
413,58	1386,47
413,79	1404,91
414,01	1468,39
414,22	1511,40
414,44	1472,49
414,65	1413,10
414,86	1409,00
415,08	1363,95
415,29	1480,68
415,51	1425,39
415,72	1495,02
415,93	1363,95
416,15	1429,48
416,36	1409,00
416,58	1490,92
416,79	1480,68
417,00	1370,09
417,22	1361,90
417,43	1488,87
417,65	1462,25
417,86	1447,91
418,07	1513,45
418,29	1423,34
418,50	1396,71
418,71	1466,35
418,93	1525,74
419,14	1378,28
419,36	1431,53
419,57	1437,67
419,78	1503,21
420,00	1400,81
420,21	1429,48
420,42	1513,45
420,64	1452,01
420,85	1374,19
421,06	1423,34
421,28	1394,67
421,49	1449,96
421,71	1452,01
421,92	1411,05
422,13	1429,48
422,35	1441,77
422,56	1443,82
422,77	1423,34
422,99	1396,71
423,20	1384,43
423,41	1447,91
423,63	1472,49
423,84	1382,38
424,05	1535,98
424,27	1437,67
424,48	1466,35
424,69	1435,63
424,91	1710,05
425,12	1419,24
425,33	1476,59
425,55	1376,24
425,76	1400,81
425,97	1480,68
426,19	1443,82
426,40	1406,95
426,61	1492,97
426,83	1427,43
427,04	1337,32
427,25	1382,38
427,47	1495,02
427,68	1357,80
427,89	1404,91
428,11	1376,24
428,32	1443,82
428,53	1445,87
428,75	1380,33
428,96	1523,69
429,17	1517,54
429,39	1400,81
429,60	1488,87
429,81	1492,97
430,03	1427,43
430,24	1325,04
430,45	1472,49
430,67	1456,11
430,88	1525,74
431,09	1396,71
431,30	1449,96
431,52	1449,96
431,73	1390,57
431,94	1460,20
432,16	1505,26
432,37	1523,69
432,58	1396,71
432,80	1417,19
433,01	1456,11
433,22	1421,29
433,43	1452,01
433,65	1386,47
433,86	1370,09
434,07	1466,35
434,29	1468,39
434,50	1345,52
434,71	1425,39
434,92	1366,00
435,14	1353,71
435,35	1439,72
435,56	1419,24
435,77	1406,95
435,99	1413,10
436,20	1474,54
436,41	1359,85
436,63	1400,81
436,84	1435,63
437,05	1472,49
437,26	1388,52
437,48	1492,97
437,69	1427,43
437,90	1423,34
438,11	1396,71
438,33	1386,47
438,54	1460,20
438,75	1470,44
438,96	1523,69
439,18	1368,04
439,39	1429,48
439,60	1474,54
439,82	1423,34
440,03	1488,87
440,24	1470,44
440,45	1492,97
440,67	1409,00
440,88	1480,68
441,09	1492,97
441,30	1447,91
441,51	1587,18
441,73	1413,10
441,94	1370,09
442,15	1478,63
442,36	1460,20
442,58	1355,76
442,79	1355,76
443,00	1456,11
443,21	1445,87
443,43	1404,91
443,64	1411,05
443,85	1396,71
444,06	1533,93
444,28	1497,07
444,49	1439,72
444,70	1388,52
444,91	1507,30
445,12	1445,87
445,34	1382,38
445,55	1499,11
445,76	1441,77
445,97	1413,10
446,18	1374,19
446,40	1447,91
446,61	1415,15
446,82	1417,19
447,03	1499,11
447,25	1419,24
447,46	1454,06
447,67	1501,16
447,88	1443,82
448,09	1370,09
448,31	1398,76
448,52	1388,52
448,73	1394,67
448,94	1423,34
449,15	1462,25
449,37	1368,04
449,58	1529,83
449,79	1435,63
450,00	1478,63
450,21	1361,90
450,43	1429,48
450,64	1386,47
450,85	1374,19
451,06	1511,40
451,27	1501,16
451,48	1433,58
451,70	1445,87
451,91	1439,72
452,12	1423,34
452,33	1527,78
452,54	1456,11
452,76	1439,72
452,97	1437,67
453,18	1415,15
453,39	1417,19
453,60	1513,45
453,81	1409,00
454,03	1429,48
454,24	1433,58
454,45	1329,13
454,66	1433,58
454,87	1398,76
455,08	1400,81
455,30	1468,39
455,51	1439,72
455,72	1472,49
455,93	1460,20
456,14	1441,77
456,35	1404,91
456,56	1413,10
456,78	1409,00
456,99	1509,35
457,20	1488,87
457,41	1452,01
457,62	1433,58
457,83	1478,63
458,04	1462,25
458,26	1447,91
458,47	1413,10
458,68	1425,39
458,89	1478,63
459,10	1437,67
459,31	1464,30
459,52	1540,07
459,74	1525,74
459,95	1454,06
460,16	1439,72
460,37	1445,87
460,58	1523,69
460,79	1404,91
461,00	1513,45
461,21	1427,43
461,43	1454,06
461,64	1433,58
461,85	1474,54
462,06	1376,24
462,27	1427,43
462,48	1456,11
462,69	1527,78
462,90	1433,58
463,12	1497,07
463,33	1472,49
463,54	1345,52
463,75	1521,64
463,96	1472,49
464,17	1570,79
464,38	1378,28
464,59	1462,25
464,80	1406,95
465,01	1452,01
465,23	1417,19
465,44	1388,52
465,65	1355,76
465,86	1425,39
466,07	1441,77
466,28	1437,67
466,49	1529,83
466,70	1495,02
466,91	1507,30
467,12	1452,01
467,33	1447,91
467,55	1509,35
467,76	1458,15
467,97	1435,63
468,18	1486,83
468,39	1443,82
468,60	1511,40
468,81	1478,63
469,02	1413,10
469,23	1439,72
469,44	1427,43
469,65	1423,34
469,86	1417,19
470,07	1366,00
470,29	1585,13
470,50	1454,06
470,71	1374,19
470,92	1550,31
471,13	1558,50
471,34	1413,10
471,55	1423,34
471,76	1429,48
471,97	1468,39
472,18	1449,96
472,39	1433,58
472,60	1437,67
472,81	1404,91
473,02	1429,48
473,23	1472,49
473,44	1458,15
473,65	1454,06
473,87	1456,11
474,08	1366,00
474,29	1462,25
474,50	1425,39
474,71	1427,43
474,92	1515,50
475,13	1435,63
475,34	1468,39
475,55	1468,39
475,76	1472,49
475,97	1538,02
476,18	1429,48
476,39	1513,45
476,60	1445,87
476,81	1370,09
477,02	1437,67
477,23	1419,24
477,44	1464,30
477,65	1488,87
477,86	1390,57
478,07	1497,07
478,28	1462,25
478,49	1443,82
478,70	1497,07
478,91	1382,38
479,12	1409,00
479,33	1427,43
479,54	1435,63
479,75	1429,48
479,96	1441,77
480,17	1447,91
480,38	1445,87
480,59	1474,54
480,80	1429,48
481,01	1443,82
481,22	1466,35
481,43	1423,34
481,64	1517,54
481,85	1449,96
482,06	1400,81
482,27	1462,25
482,48	1402,86
482,69	1529,83
482,90	1490,92
483,11	1609,70
483,32	1404,91
483,53	1380,33
483,74	1441,77
483,95	1443,82
484,16	1386,47
484,37	1460,20
484,58	1507,30
484,79	1445,87
485,00	1447,91
485,21	1443,82
485,42	1511,40
485,63	1548,26
485,84	1380,33
486,05	1435,63
486,26	1433,58
486,47	1497,07
486,68	1492,97
486,89	1456,11
487,10	1447,91
487,31	1486,83
487,52	1388,52
487,73	1482,73
487,94	1462,25
488,15	1439,72
488,36	1464,30
488,57	1437,67
488,77	1519,59
488,98	1396,71
489,19	1515,50
489,40	1527,78
489,61	1452,01
489,82	1548,26
490,03	1454,06
490,24	1421,29
490,45	1456,11
490,66	1499,11
490,87	1521,64
491,08	1388,52
491,29	1464,30
491,50	1435,63
491,71	1433,58
491,92	1439,72
492,13	1447,91
492,33	1355,76
492,54	1480,68
492,75	1439,72
492,96	1423,34
493,17	1441,77
493,38	1429,48
493,59	1474,54
493,80	1531,88
494,01	1456,11
494,22	1562,60
494,43	1486,83
494,64	1431,53
494,85	1531,88
495,05	1505,26
495,26	1564,65
495,47	1564,65
495,68	1484,78
495,89	1441,77
496,10	1452,01
496,31	1396,71
496,52	1462,25
496,73	1376,24
496,94	1433,58
497,15	1554,41
497,35	1490,92
497,56	1421,29
497,77	1447,91
497,98	1468,39
498,19	1525,74
498,40	1525,74
498,61	1509,35
498,82	1437,67
499,03	1452,01
499,23	1503,21
499,44	1499,11
499,65	1492,97
499,86	1552,36
500,07	1429,48
500,28	1482,73
500,49	1445,87
500,70	1486,83
500,91	1411,05
501,11	1427,43
501,32	1495,02
501,53	1441,77
501,74	1476,59
501,95	1382,38
502,16	1449,96
502,37	1406,95
502,57	1601,51
502,78	1521,64
502,99	1515,50
503,20	1443,82
503,41	1413,10
503,62	1533,93
503,83	1484,78
504,03	1466,35
504,24	1445,87
504,45	1476,59
504,66	1492,97
504,87	1417,19
505,08	1376,24
505,29	1468,39
505,49	1351,66
505,70	1507,30
505,91	1445,87
506,12	1490,92
506,33	1476,59
506,54	1458,15
506,75	1435,63
506,95	1464,30
507,16	1497,07
507,37	1490,92
507,58	1521,64
507,79	1535,98
508,00	1472,49
508,20	1435,63
508,41	1398,76
508,62	1499,11
508,83	1462,25
509,04	1447,91
509,24	1544,17
509,45	1744,87
509,66	1468,39
509,87	1488,87
510,08	1456,11
510,29	1525,74
510,49	1562,60
510,70	1480,68
510,91	1458,15
511,12	1521,64
511,33	1470,44
511,53	1452,01
511,74	1501,16
511,95	1333,23
512,16	1468,39
512,37	1503,21
512,57	1390,57
512,78	1421,29
512,99	1495,02
513,20	1472,49
513,41	1521,64
513,61	1374,19
513,82	1474,54
514,03	1398,76
514,24	1503,21
514,45	1499,11
514,65	1415,15
514,86	1429,48
515,07	1468,39
515,28	1513,45
515,49	1421,29
515,69	1460,20
515,90	1492,97
516,11	1460,20
516,32	1437,67
516,52	1443,82
516,73	1560,55
516,94	1535,98
517,15	1423,34
517,36	1454,06
517,56	1550,31
517,77	1423,34
517,98	1509,35
518,19	1427,43
518,39	1511,40
518,60	1439,72
518,81	1538,02
519,02	1456,11
519,22	1437,67
519,43	1470,44
519,64	1429,48
519,85	1398,76
520,05	1480,68
520,26	1519,59
520,47	1589,22
520,68	1484,78
520,88	1398,76
521,09	1499,11
521,30	1449,96
521,51	1488,87
521,71	1513,45
521,92	1464,30
522,13	1439,72
522,34	1363,95
522,54	1445,87
522,75	1468,39
522,96	1499,11
523,17	1523,69
523,37	1499,11
523,58	1439,72
523,79	1388,52
523,99	1474,54
524,20	1384,43
524,41	1466,35
524,62	1531,88
524,82	1409,00
525,03	1382,38
525,24	1437,67
525,45	1415,15
525,65	1363,95
525,86	1542,12
526,07	1490,92
526,27	1439,72
526,48	1468,39
526,69	1425,39
526,90	1484,78
527,10	1456,11
527,31	1458,15
527,52	1490,92
527,72	1515,50
527,93	1568,74
528,14	1419,24
528,34	1480,68
528,55	1478,63
528,76	1464,30
528,97	1447,91
529,17	1470,44
529,38	1464,30
529,59	1474,54
529,79	1474,54
530,00	1517,54
530,21	1533,93
530,41	1497,07
530,62	1445,87
530,83	1535,98
531,03	1449,96
531,24	1476,59
531,45	1454,06
531,65	1462,25
531,86	1460,20
532,07	1490,92
532,27	1460,20
532,48	1431,53
532,69	1390,57
532,89	1464,30
533,10	1474,54
533,31	1472,49
533,51	1468,39
533,72	1548,26
533,93	1492,97
534,13	1462,25
534,34	1421,29
534,55	1488,87
534,75	1468,39
534,96	1497,07
535,17	1439,72
535,37	1394,67
535,58	1452,01
535,79	1398,76
535,99	1406,95
536,20	1437,67
536,41	1529,83
536,61	1482,73
536,82	1419,24
537,03	1486,83
537,23	1400,81
537,44	1472,49
537,64	1398,76
537,85	1501,16
538,06	1503,21
538,26	1601,51
538,47	1468,39
538,68	1458,15
538,88	1370,09
539,09	1425,39
539,30	1452,01
539,50	1552,36
539,71	1472,49
539,91	1484,78
540,12	1458,15
540,33	1460,20
540,53	1482,73
540,74	1415,15
540,94	1482,73
541,15	1511,40
541,36	1501,16
541,56	1466,35
541,77	1464,30
541,98	1462,25
542,18	1572,84
542,39	1478,63
542,59	1542,12
542,80	1480,68
543,01	1376,24
543,21	1492,97
543,42	1499,11
543,62	1497,07
543,83	1546,22
544,04	1468,39
544,24	1476,59
544,45	1411,05
544,65	1517,54
544,86	1517,54
545,06	1501,16
545,27	1419,24
545,48	1476,59
545,68	1544,17
545,89	1452,01
546,09	1437,67
546,30	1519,59
546,51	1495,02
546,71	1454,06
546,92	1423,34
547,12	1468,39
547,33	1511,40
547,53	1501,16
547,74	1472,49
547,95	1421,29
548,15	1482,73
548,36	1509,35
548,56	1499,11
548,77	1472,49
548,97	1435,63
549,18	1441,77
549,39	1480,68
549,59	1370,09
549,80	1581,03
550,00	1409,00
550,21	1454,06
550,41	1417,19
550,62	1425,39
550,82	1462,25
551,03	1351,66
551,23	1521,64
551,44	1466,35
551,65	1439,72
551,85	1417,19
552,06	1376,24
552,26	1458,15
552,47	1376,24
552,67	1490,92
552,88	1431,53
553,08	1433,58
553,29	1470,44
553,49	1517,54
553,70	1445,87
553,90	1581,03
554,11	1488,87
554,32	1472,49
554,52	1488,87
554,73	1458,15
554,93	1409,00
555,14	1478,63
555,34	1417,19
555,55	1574,89
555,75	1452,01
555,96	1480,68
556,16	1464,30
556,37	1529,83
556,57	1370,09
556,78	1470,44
556,98	1490,92
557,19	1517,54
557,39	1470,44
557,60	1513,45
557,80	1470,44
558,01	1402,86
558,21	1443,82
558,42	1435,63
558,62	1517,54
558,83	1505,26
559,03	1386,47
559,24	1392,62
559,44	1499,11
559,65	1521,64
559,85	1374,19
560,06	1392,62
560,26	1439,72
560,47	1423,34
560,67	1521,64
560,88	1488,87
561,08	1529,83
561,29	1507,30
561,49	1425,39
561,70	1419,24
561,90	1470,44
562,10	1382,38
562,31	1433,58
562,51	1388,52
562,72	1386,47
562,92	1431,53
563,13	1546,22
563,33	1449,96
563,54	1433,58
563,74	1601,51
563,95	1443,82
564,15	1452,01
564,36	1544,17
564,56	1443,82
564,76	1417,19
564,97	1482,73
565,17	1398,76
565,38	1587,18
565,58	1452,01
565,79	1456,11
565,99	1429,48
566,20	1507,30
566,40	1443,82
566,60	1505,26
566,81	1507,30
567,01	1472,49
567,22	1439,72
567,42	1458,15
567,63	1423,34
567,83	1441,77
568,04	1460,20
568,24	1501,16
568,44	1495,02
568,65	1490,92
568,85	1478,63
569,06	1419,24
569,26	1484,78
569,47	1552,36
569,67	1591,27
569,87	1396,71
570,08	1400,81
570,28	1501,16
570,49	1437,67
570,69	1527,78
570,89	1556,46
571,10	1484,78
571,30	1488,87
571,51	1484,78
571,71	1548,26
571,91	1486,83
572,12	1464,30
572,32	1515,50
572,53	1466,35
572,73	1595,37
572,93	1535,98
573,14	1511,40
573,34	1460,20
573,55	1466,35
573,75	1439,72
573,95	1431,53
574,16	1447,91
574,36	1443,82
574,57	1488,87
574,77	1492,97
574,97	1447,91
575,18	1437,67
575,38	1470,44
575,59	1419,24
575,79	1488,87
575,99	1464,30
576,20	1507,30
576,40	1505,26
576,60	1578,98
576,81	1499,11
577,01	1478,63
577,22	1548,26
577,42	1409,00
577,62	1406,95
577,83	1372,14
578,03	1556,46
578,23	1449,96
578,44	1505,26
578,64	1476,59
578,84	1374,19
579,05	1454,06
579,25	1515,50
579,45	1488,87
579,66	1456,11
579,86	1441,77
580,07	1472,49
580,27	1456,11
580,47	1521,64
580,68	1462,25
580,88	1406,95
581,08	1441,77
581,29	1427,43
581,49	1558,50
581,69	1486,83
581,90	1464,30
582,10	1441,77
582,30	1468,39
582,51	1554,41
582,71	1452,01
582,91	1427,43
583,12	1429,48
583,32	1484,78
583,52	1435,63
583,73	1525,74
583,93	1366,00
584,13	1484,78
584,34	1566,70
584,54	1439,72
584,74	1456,11
584,94	1476,59
585,15	1427,43
585,35	1427,43
585,55	1423,34
585,76	1443,82
585,96	1390,57
586,16	1411,05
586,37	1447,91
586,57	1398,76
586,77	1409,00
586,98	1456,11
587,18	1531,88
587,38	1445,87
587,58	1419,24
587,79	1511,40
587,99	1476,59
588,19	1492,97
588,40	1468,39
588,60	1464,30
588,80	1556,46
589,00	1533,93
589,21	1484,78
589,41	1492,97
589,61	1427,43
589,82	1409,00
590,02	1374,19
590,22	1517,54
590,42	1476,59
590,63	1454,06
590,83	1421,29
591,03	1540,07
591,23	1468,39
591,44	1452,01
591,64	1497,07
591,84	1511,40
592,05	1538,02
592,25	1552,36
592,45	1458,15
592,65	1462,25
592,86	1484,78
593,06	1476,59
593,26	1470,44
593,46	1441,77
593,67	1484,78
593,87	1452,01
594,07	1439,72
594,27	1431,53
594,48	1441,77
594,68	1492,97
594,88	1505,26
595,08	1435,63
595,29	1497,07
595,49	1443,82
595,69	1513,45
595,89	1478,63
596,10	1572,84
596,30	1472,49
596,50	1501,16
596,70	1527,78
596,90	1454,06
597,11	1452,01
597,31	1538,02
597,51	1468,39
597,71	1535,98
597,92	1538,02
598,12	1449,96
598,32	1503,21
598,52	1525,74
598,72	1439,72
598,93	1480,68
599,13	1535,98
599,33	1462,25
599,53	1556,46
599,74	1462,25
599,94	1429,48
600,14	1476,59
600,34	1474,54
600,54	1591,27
600,75	1509,35
600,95	1527,78
601,15	1429,48
601,35	1419,24
601,55	1478,63
601,76	1445,87
601,96	1587,18
602,16	1441,77
602,36	1554,41
602,56	1372,14
602,76	1468,39
602,97	1523,69
603,17	1544,17
603,37	1515,50
603,57	1472,49
603,77	1501,16
603,98	1490,92
604,18	1462,25
604,38	1456,11
604,58	1413,10
604,78	1499,11
604,98	1466,35
605,19	1415,15
605,39	1468,39
605,59	1576,94
605,79	1550,31
605,99	1472,49
606,19	1499,11
606,40	1443,82
606,60	1454,06
606,80	1478,63
607,00	1437,67
607,20	1478,63
607,40	1517,54
607,61	1417,19
607,81	1427,43
608,01	1564,65
608,21	1456,11
608,41	1431,53
608,61	1406,95
608,81	1300,46
609,02	1437,67
609,22	1482,73
609,42	1492,97
609,62	1456,11
609,82	1447,91
610,02	1564,65
610,22	1443,82
610,43	1376,24
610,63	1490,92
610,83	1521,64
611,03	1437,67
611,23	1523,69
611,43	1529,83
611,63	1497,07
611,83	1417,19
612,04	1476,59
612,24	1511,40
612,44	1572,84
612,64	1345,52
612,84	1492,97
613,04	1454,06
613,24	1527,78
613,44	1550,31
613,64	1488,87
613,85	1447,91
614,05	1521,64
614,25	1425,39
614,45	1421,29
614,65	1544,17
614,85	1431,53
615,05	1347,56
615,25	1482,73
615,45	1476,59
615,65	1435,63
615,86	1570,79
616,06	1495,02
616,26	1527,78
616,46	1570,79
616,66	1421,29
616,86	1495,02
617,06	1495,02
617,26	1562,60
617,46	1435,63
617,66	1570,79
617,86	1550,31
618,07	1386,47
618,27	1644,52
618,47	1495,02
618,67	1507,30
618,87	1515,50
619,07	1507,30
619,27	1535,98
619,47	1462,25
619,67	1505,26
619,87	1394,67
620,07	1593,32
620,27	1480,68
620,47	1423,34
620,67	1480,68
620,87	1449,96
621,07	1503,21
621,28	1535,98
621,48	1523,69
621,68	1492,97
621,88	1406,95
622,08	1595,37
622,28	1490,92
622,48	1576,94
622,68	1484,78
622,88	1533,93
623,08	1466,35
623,28	1452,01
623,48	1431,53
623,68	1578,98
623,88	1447,91
624,08	1613,80
624,28	1421,29
624,48	1497,07
624,68	1439,72
624,88	1480,68
625,08	1495,02
625,28	1521,64
625,48	1499,11
625,68	1439,72
625,88	1542,12
626,08	1429,48
626,28	1568,74
626,48	1429,48
626,68	1464,30
626,88	1468,39
627,08	1513,45
627,28	1591,27
627,48	1538,02
627,68	1445,87
627,88	1486,83
628,08	1419,24
628,28	1413,10
628,49	1484,78
628,68	1511,40
628,88	1468,39
629,08	1476,59
629,28	1486,83
629,48	1501,16
629,68	1431,53
629,88	1546,22
630,08	1509,35
630,28	1499,11
630,48	1474,54
630,68	1521,64
630,88	1519,59
631,08	1546,22
631,28	1521,64
631,48	1464,30
631,68	1468,39
631,88	1454,06
632,08	1576,94
632,28	1427,43
632,48	1486,83
632,68	1456,11
632,88	1535,98
633,08	1495,02
633,28	1460,20
633,48	1478,63
633,68	1509,35
633,88	1540,07
634,08	1488,87
634,28	1538,02
634,48	1497,07
634,68	1480,68
634,88	1546,22
635,08	1460,20
635,28	1521,64
635,48	1538,02
635,68	1419,24
635,87	1484,78
636,07	1482,73
636,27	1417,19
636,47	1568,74
636,67	1482,73
636,87	1564,65
637,07	1535,98
637,27	1497,07
637,47	1519,59
637,67	1531,88
637,87	1359,85
638,07	1550,31
638,27	1456,11
638,47	1515,50
638,67	1462,25
638,86	1568,74
639,06	1466,35
639,26	1587,18
639,46	1492,97
639,66	1499,11
639,86	1568,74
640,06	1587,18
640,26	1529,83
640,46	1484,78
640,66	1527,78
640,86	1509,35
641,06	1447,91
641,25	1519,59
641,45	1529,83
641,65	1513,45
641,85	1533,93
642,05	1505,26
642,25	1413,10
642,45	1548,26
642,65	1497,07
642,85	1382,38
643,05	1492,97
643,24	1411,05
643,44	1515,50
643,64	1558,50
643,84	1396,71
644,04	1398,76
644,24	1484,78
644,44	1425,39
644,64	1511,40
644,84	1458,15
645,03	1548,26
645,23	1562,60
645,43	1486,83
645,63	1535,98
645,83	1425,39
646,03	1538,02
646,23	1513,45
646,42	1601,51
646,62	1499,11
646,82	1546,22
647,02	1488,87
647,22	1607,66
647,42	1464,30
647,62	1535,98
647,82	1488,87
648,01	1683,43
648,21	1423,34
648,41	1556,46
648,61	1578,98
648,81	1554,41
649,01	1519,59
649,20	1480,68
649,40	1568,74
649,60	1503,21
649,80	1529,83
650,00	1503,21
650,20	1556,46
650,40	1490,92
650,59	1456,11
650,79	1581,03
650,99	1599,46
651,19	1499,11
651,39	1529,83
651,58	1531,88
651,78	1525,74
651,98	1542,12
652,18	1542,12
652,38	1519,59
652,58	1456,11
652,77	1529,83
652,97	1546,22
653,17	1552,36
653,37	1583,08
653,57	1529,83
653,77	1462,25
653,96	1527,78
654,16	1411,05
654,36	1503,21
654,56	1593,32
654,76	1599,46
654,95	1523,69
655,15	1464,30
655,35	1583,08
655,55	1517,54
655,75	1540,07
655,94	1517,54
656,14	1560,55
656,34	1593,32
656,54	1484,78
656,73	1492,97
656,93	1572,84
657,13	1570,79
657,33	1462,25
657,53	1490,92
657,72	1513,45
657,92	1492,97
658,12	1466,35
658,32	1605,61
658,52	1462,25
658,71	1527,78
658,91	1447,91
659,11	1529,83
659,31	1533,93
659,50	1525,74
659,70	1562,60
659,90	1546,22
660,10	1495,02
660,29	1437,67
660,49	1501,16
660,69	1538,02
660,89	1529,83
661,08	1558,50
661,28	1445,87
661,48	1507,30
661,68	1501,16
661,87	1460,20
662,07	1468,39
662,27	1507,30
662,47	1533,93
662,66	1511,40
662,86	1525,74
663,06	1548,26
663,26	1439,72
663,45	1531,88
663,65	1492,97
663,85	1490,92
664,05	1509,35
664,24	1578,98
664,44	1533,93
664,64	1507,30
664,84	1486,83
665,03	1542,12
665,23	1521,64
665,43	1515,50
665,62	1480,68
665,82	1599,46
666,02	1538,02
666,22	1538,02
666,41	1431,53
666,61	1538,02
666,81	1523,69
667,00	1478,63
667,20	1417,19
667,40	1527,78
667,60	1466,35
667,79	1482,73
667,99	1492,97
668,19	1507,30
668,38	1535,98
668,58	1505,26
668,78	1499,11
668,97	1554,41
669,17	1460,20
669,37	1488,87
669,57	1521,64
669,76	1691,62
669,96	1634,28
670,16	1509,35
670,35	1454,06
670,55	1591,27
670,75	1488,87
670,94	1521,64
671,14	1505,26
671,34	1517,54
671,53	1529,83
671,73	1544,17
671,93	1492,97
672,12	1492,97
672,32	1495,02
672,52	1576,94
672,71	1427,43
672,91	1568,74
673,11	1562,60
673,30	1519,59
673,50	1509,35
673,70	1406,95
673,89	1482,73
674,09	1505,26
674,29	1482,73
674,48	1542,12
674,68	1542,12
674,88	1540,07
675,07	1519,59
675,27	1519,59
675,46	1486,83
675,66	1468,39
675,86	1490,92
676,05	1509,35
676,25	1519,59
676,45	1564,65
676,64	1507,30
676,84	1568,74
677,04	1439,72
677,23	1531,88
677,43	1486,83
677,62	1509,35
677,82	1572,84
678,02	1464,30
678,21	1581,03
678,41	1509,35
678,61	1466,35
678,80	1552,36
679,00	1527,78
679,19	1533,93
679,39	1589,22
679,59	1515,50
679,78	1515,50
679,98	1490,92
680,17	1535,98
680,37	1540,07
680,57	1476,59
680,76	1560,55
680,96	1499,11
681,16	1482,73
681,35	1474,54
681,55	1419,24
681,74	1437,67
681,94	1593,32
682,13	1435,63
682,33	1546,22
682,53	1546,22
682,72	1443,82
682,92	1587,18
683,11	1521,64
683,31	1517,54
683,51	1572,84
683,70	1597,42
683,90	1531,88
684,09	1560,55
684,29	1585,13
684,48	1470,44
684,68	1527,78
684,88	1656,81
685,07	1499,11
685,27	1482,73
685,46	1552,36
685,66	1445,87
685,85	1550,31
686,05	1593,32
686,25	1562,60
686,44	1538,02
686,64	1603,56
686,83	1574,89
687,03	1554,41
687,22	1505,26
687,42	1527,78
687,61	1529,83
687,81	1525,74
688,01	1540,07
688,20	1505,26
688,40	1472,49
688,59	1509,35
688,79	1525,74
688,98	1490,92
689,18	1566,70
689,37	1523,69
689,57	1507,30
689,76	1572,84
689,96	1523,69
690,15	1443,82
690,35	1462,25
690,54	1527,78
690,74	1497,07
690,94	1503,21
691,13	1439,72
691,33	1556,46
691,52	1505,26
691,72	1599,46
691,91	1458,15
692,11	1566,70
692,30	1509,35
692,50	1621,99
692,69	1548,26
692,89	1591,27
693,08	1466,35
693,28	1589,22
693,47	1533,93
693,67	1591,27
693,86	1540,07
694,06	1546,22
694,25	1427,43
694,45	1544,17
694,64	1464,30
694,84	1492,97
695,03	1525,74
695,23	1540,07
695,42	1468,39
695,62	1568,74
695,81	1503,21
696,01	1531,88
696,20	1443,82
696,40	1486,83
696,59	1490,92
696,78	1574,89
696,98	1480,68
697,17	1466,35
697,37	1529,83
697,56	1521,64
697,76	1562,60
697,95	1560,55
698,15	1417,19
698,34	1550,31
698,54	1497,07
698,73	1681,38
698,93	1499,11
699,12	1452,01
699,32	1538,02
699,51	1558,50
699,70	1413,10
699,90	1480,68
700,09	1529,83
700,29	1519,59
700,48	1476,59
700,68	1421,29
700,87	1484,78
701,07	1497,07
701,26	1476,59
701,45	1439,72
701,65	1505,26
701,84	1511,40
702,04	1468,39
702,23	1456,11
702,43	1417,19
702,62	1433,58
702,81	1515,50
703,01	1449,96
703,20	1478,63
703,40	1388,52
703,59	1427,43
703,79	1449,96
703,98	1368,04
704,17	1468,39
704,37	1472,49
704,56	1423,34
704,76	1419,24
704,95	1421,29
705,14	1409,00
705,34	1460,20
705,53	1460,20
705,73	1351,66
705,92	1421,29
706,11	1478,63
706,31	1431,53
706,50	1490,92
706,70	1484,78
706,89	1452,01
707,08	1466,35
707,28	1435,63
707,47	1425,39
707,67	1456,11
707,86	1409,00
708,05	1421,29
708,25	1437,67
708,44	1402,86
708,64	1480,68
708,83	1359,85
709,02	1468,39
709,22	1449,96
709,41	1398,76
709,60	1509,35
709,80	1454,06
709,99	1370,09
710,19	1361,90
710,38	1468,39
710,57	1335,28
710,77	1370,09
710,96	1404,91
711,15	1468,39
711,35	1388,52
711,54	1394,67
711,73	1384,43
711,93	1327,08
712,12	1388,52
712,31	1374,19
712,51	1441,77
712,70	1429,48
712,89	1302,51
713,09	1378,28
713,28	1433,58
713,48	1386,47
713,67	1409,00
713,86	1409,00
714,06	1529,83
714,25	1288,17
714,44	1359,85
714,64	1474,54
714,83	1423,34
715,02	1300,46
715,22	1417,19
715,41	1431,53
715,60	1452,01
715,79	1445,87
715,99	1419,24
716,18	1454,06
716,37	1347,56
716,57	1402,86
716,76	1443,82
716,95	1372,14
717,15	1445,87
717,34	1345,52
717,53	1390,57
717,73	1437,67
717,92	1353,71
718,11	1431,53
718,31	1335,28
718,50	1492,97
718,69	1347,56
718,88	1445,87
719,08	1411,05
719,27	1419,24
719,46	1327,08
719,66	1409,00
719,85	1374,19
720,04	1411,05
720,23	1357,80
720,43	1368,04
720,62	1421,29
720,81	1390,57
721,01	1462,25
721,20	1482,73
721,39	1357,80
721,58	1409,00
721,78	1390,57
721,97	1445,87
722,16	1394,67
722,35	1417,19
722,55	1366,00
722,74	1415,15
722,93	1398,76
723,13	1327,08
723,32	1447,91
723,51	1363,95
723,70	1404,91
723,90	1419,24
724,09	1423,34
724,28	1427,43
724,47	1492,97
724,67	1392,62
724,86	1439,72
725,05	1380,33
725,24	1406,95
725,44	1421,29
725,63	1392,62
725,82	1429,48
726,01	1415,15
726,21	1531,88
726,40	1400,81
726,59	1492,97
726,78	1449,96
726,97	1347,56
727,17	1454,06
727,36	1402,86
727,55	1318,89
727,74	1413,10
727,94	1427,43
728,13	1415,15
728,32	1404,91
728,51	1361,90
728,70	1359,85
728,90	1398,76
729,09	1421,29
729,28	1413,10
729,47	1415,15
729,66	1396,71
729,86	1462,25
730,05	1288,17
730,24	1361,90
730,43	1363,95
730,63	1427,43
730,82	1413,10
731,01	1390,57
731,20	1460,20
731,39	1413,10
731,58	1402,86
731,78	1429,48
731,97	1415,15
732,16	1433,58
732,35	1538,02
732,54	1388,52
732,74	1472,49
732,93	1433,58
733,12	1511,40
733,31	1388,52
733,50	1415,15
733,69	1437,67
733,89	1488,87
734,08	1458,15
734,27	1445,87
734,46	1476,59
734,65	1437,67
734,84	1361,90
735,04	1398,76
735,23	1474,54
735,42	1345,52
735,61	1300,46
735,80	1544,17
735,99	1439,72
736,19	1357,80
736,38	1347,56
736,57	1421,29
736,76	1298,41
736,95	1468,39
737,14	1427,43
737,33	1404,91
737,53	1443,82
737,72	1374,19
737,91	1429,48
738,10	1433,58
738,29	1390,57
738,48	1392,62
738,67	1392,62
738,87	1372,14
739,06	1384,43
739,25	1433,58
739,44	1327,08
739,63	1417,19
739,82	1478,63
740,01	1404,91
740,20	1398,76
740,40	1386,47
740,59	1388,52
740,78	1417,19
740,97	1347,56
741,16	1402,86
741,35	1427,43
741,54	1454,06
741,73	1429,48
741,92	1343,47
742,12	1437,67
742,31	1456,11
742,50	1509,35
742,69	1441,77
742,88	1415,15
743,07	1370,09
743,26	1423,34
743,45	1406,95
743,64	1409,00
743,83	1425,39
744,02	1402,86
744,22	1368,04
744,41	1468,39
744,60	1419,24
744,79	1503,21
744,98	1429,48
745,17	1443,82
745,36	1368,04
745,55	1509,35
745,74	1413,10
745,93	1474,54
746,12	1511,40
746,31	1390,57
746,50	1476,59
746,70	1372,14
746,89	1421,29
747,08	1384,43
747,27	1388,52
747,46	1488,87
747,65	1460,20
747,84	1437,67
748,03	1376,24
748,22	1439,72
748,41	1474,54
748,60	1511,40
748,79	1429,48
748,98	1513,45
749,17	1406,95
749,36	1466,35
749,55	1425,39
749,74	1370,09
749,93	1515,50
750,12	1519,59
750,31	1435,63
750,50	1480,68
750,70	1486,83
750,89	1525,74
751,08	1527,78
751,27	1478,63
751,46	1431,53
751,65	1390,57
751,84	1497,07
752,03	1482,73
752,22	1482,73
752,41	1388,52
752,60	1384,43
752,79	1433,58
752,98	1423,34
753,17	1396,71
753,36	1484,78
753,55	1390,57
753,74	1486,83
753,93	1542,12
754,12	1361,90
754,31	1570,79
754,50	1511,40
754,69	1478,63
754,88	1548,26
755,07	1398,76
755,26	1382,38
755,45	1406,95
755,64	1458,15
755,83	1437,67
756,02	1509,35
756,21	1542,12
756,40	1484,78
756,59	1415,15
756,78	1521,64
756,97	1533,93
757,16	1460,20
757,35	1480,68
757,54	1409,00
757,72	1490,92
757,91	1454,06
758,10	1421,29
758,29	1427,43
758,48	1447,91
758,67	1388,52
758,86	1486,83
759,05	1443,82
759,24	1521,64
759,43	1550,31
759,62	1517,54
759,81	1574,89
760,00	1546,22
760,19	1406,95
760,38	1435,63
760,57	1476,59
760,76	1421,29
760,95	1439,72
761,14	1482,73
761,33	1452,01
761,52	1472,49
761,70	1482,73
761,89	1568,74
762,08	1476,59
762,27	1456,11
762,46	1478,63
762,65	1452,01
762,84	1495,02
763,03	1464,30
763,22	1468,39
763,41	1505,26
763,60	1445,87
763,79	1585,13
763,98	1499,11
764,16	1478,63
764,35	1587,18
764,54	1462,25
764,73	1429,48
764,92	1572,84
765,11	1646,57
765,30	1476,59
765,49	1503,21
765,68	1564,65
765,87	1568,74
766,06	1535,98
766,24	1513,45
766,43	1466,35
766,62	1529,83
766,81	1546,22
767,00	1519,59
767,19	1556,46
767,38	1552,36
767,57	1470,44
767,76	1552,36
767,94	1562,60
768,13	1482,73
768,32	1548,26
768,51	1427,43
768,70	1538,02
768,89	1540,07
769,08	1492,97
769,27	1443,82
769,45	1476,59
769,64	1599,46
769,83	1423,34
770,02	1486,83
770,21	1474,54
770,40	1482,73
770,59	1472,49
770,77	1568,74
770,96	1495,02
771,15	1611,75
771,34	1546,22
771,53	1695,72
771,72	1517,54
771,91	1513,45
772,09	1576,94
772,28	1542,12
772,47	1554,41
772,66	1544,17
772,85	1484,78
773,04	1497,07
773,22	1535,98
773,41	1552,36
773,60	1452,01
773,79	1517,54
773,98	1587,18
774,17	1566,70
774,35	1548,26
774,54	1576,94
774,73	1568,74
774,92	1583,08
775,11	1570,79
775,30	1533,93
775,48	1535,98
775,67	1550,31
775,86	1509,35
776,05	1609,70
776,24	1615,85
776,42	1644,52
776,61	1484,78
776,80	1531,88
776,99	1499,11
777,18	1630,18
777,36	1542,12
777,55	1593,32
777,74	1560,55
777,93	1617,90
778,12	1462,25
778,30	1675,24
778,49	1570,79
778,68	1581,03
778,87	1550,31
779,06	1611,75
779,24	1550,31
779,43	1624,04
779,62	1527,78
779,81	1578,98
779,99	1540,07
780,18	1527,78
780,37	1578,98
780,56	1521,64
780,75	1515,50
780,93	1566,70
781,12	1613,80
781,31	1568,74
781,50	1538,02
781,68	1497,07
781,87	1546,22
782,06	1583,08
782,25	1521,64
782,43	1503,21
782,62	1593,32
782,81	1468,39
783,00	1501,16
783,18	1413,10
783,37	1581,03
783,56	1558,50
783,75	1509,35
783,93	1546,22
784,12	1546,22
784,31	1564,65
784,50	1472,49
784,68	1529,83
784,87	1521,64
785,06	1587,18
785,24	1544,17
785,43	1578,98
785,62	1517,54
785,81	1578,98
785,99	1488,87
786,18	1550,31
786,37	1503,21
786,56	1521,64
786,74	1527,78
786,93	1509,35
787,12	1538,02
787,30	1458,15
787,49	1640,42
787,68	1495,02
787,87	1476,59
788,05	1585,13
788,24	1466,35
788,43	1490,92
788,61	1449,96
788,80	1540,07
788,99	1435,63
789,17	1460,20
789,36	1431,53
789,55	1542,12
789,73	1521,64
789,92	1427,43
790,11	1550,31
790,30	1511,40
790,48	1406,95
790,67	1460,20
790,86	1495,02
791,04	1449,96
791,23	1464,30
791,42	1480,68
791,60	1421,29
791,79	1478,63
791,98	1495,02
792,16	1546,22
792,35	1443,82
792,54	1462,25
792,72	1458,15
792,91	1513,45
793,10	1505,26
793,28	1421,29
793,47	1480,68
793,66	1394,67
793,84	1398,76
794,03	1359,85
794,22	1449,96
794,40	1435,63
794,59	1454,06
794,77	1386,47
794,96	1415,15
795,15	1398,76
795,33	1433,58
795,52	1574,89
795,71	1366,00
795,89	1400,81
796,08	1417,19
796,27	1386,47
796,45	1431,53
796,64	1460,20
796,82	1318,89
797,01	1390,57
797,20	1372,14
797,38	1435,63
797,57	1476,59
797,76	1409,00
797,94	1482,73
798,13	1480,68
798,31	1394,67
798,50	1314,80
798,69	1533,93
798,87	1460,20
799,06	1433,58
799,24	1423,34
799,43	1480,68
799,62	1396,71
799,80	1443,82
799,99	1540,07
800,17	1437,67
800,36	1439,72
800,55	1447,91
800,73	1413,10
800,92	1386,47
801,10	1372,14
801,29	1402,86
801,48	1437,67
801,66	1517,54
801,85	1331,18
802,03	1419,24
802,22	1411,05
802,40	1413,10
802,59	1316,84
802,78	1353,71
802,96	1517,54
803,15	1490,92
803,33	1492,97
803,52	1413,10
803,70	1437,67
803,89	1464,30
804,08	1363,95
804,26	1427,43
804,45	1363,95
804,63	1429,48
804,82	1462,25
805,00	1454,06
805,19	1361,90
805,37	1355,76
805,56	1421,29
805,74	1322,99
805,93	1433,58
806,12	1460,20
806,30	1521,64
806,49	1462,25
806,67	1513,45
806,86	1429,48
807,04	1409,00
807,23	1476,59
807,41	1409,00
807,60	1439,72
807,78	1431,53
807,97	1689,57
808,15	1312,75
808,34	1415,15
808,52	1458,15
808,71	1368,04
808,89	1507,30
809,08	1374,19
809,27	1380,33
809,45	1404,91
809,64	1372,14
809,82	1378,28
810,01	1443,82
810,19	1437,67
810,38	1335,28
810,56	1353,71
810,75	1443,82
810,93	1411,05
811,12	1404,91
811,30	1431,53
811,49	1368,04
811,67	1519,59
811,85	1447,91
812,04	1413,10
812,22	1382,38
812,41	1415,15
812,59	1372,14
812,78	1404,91
812,96	1449,96
813,15	1472,49
813,33	1359,85
813,52	1386,47
813,70	1402,86
813,89	1464,30
814,07	1443,82
814,26	1398,76
814,44	1355,76
814,63	1437,67
814,81	1427,43
815,00	1406,95
815,18	1476,59
815,36	1384,43
815,55	1382,38
815,73	1462,25
815,92	1390,57
816,10	1562,60
816,29	1490,92
816,47	1423,34
816,66	1466,35
816,84	1486,83
817,02	1447,91
817,21	1513,45
817,39	1423,34
817,58	1378,28
817,76	1366,00
817,95	1409,00
818,13	1339,37
818,32	1443,82
818,50	1433,58
818,68	1495,02
818,87	1542,12
819,05	1376,24
819,24	1519,59
819,42	1476,59
819,60	1462,25
819,79	1394,67
819,97	1427,43
820,16	1415,15
820,34	1435,63
820,53	1466,35
820,71	1472,49
820,89	1501,16
821,08	1441,77
821,26	1445,87
821,45	1388,52
821,63	1525,74
821,81	1474,54
822,00	1411,05
822,18	1417,19
822,37	1439,72
822,55	1431,53
822,73	1552,36
822,92	1419,24
823,10	1406,95
823,28	1390,57
823,47	1531,88
823,65	1355,76
823,84	1419,24
824,02	1409,00
824,20	1472,49
824,39	1501,16
824,57	1466,35
824,75	1546,22
824,94	1492,97
825,12	1470,44
825,31	1447,91
825,49	1456,11
825,67	1505,26
825,86	1492,97
826,04	1484,78
826,22	1501,16
826,41	1503,21
826,59	1499,11
826,77	1499,11
826,96	1435,63
827,14	1513,45
827,32	1454,06
827,51	1484,78
827,69	1552,36
827,87	1480,68
828,06	1542,12
828,24	1476,59
828,42	1419,24
828,61	1490,92
828,79	1544,17
828,97	1486,83
829,16	1585,13
829,34	1472,49
829,52	1425,39
829,71	1515,50
829,89	1581,03
830,07	1513,45
830,26	1474,54
830,44	1484,78
830,62	1611,75
830,81	1558,50
830,99	1458,15
831,17	1488,87
831,36	1449,96
831,54	1542,12
831,72	1558,50
831,91	1454,06
832,09	1566,70
832,27	1480,68
832,45	1529,83
832,64	1468,39
832,82	1531,88
833,00	1548,26
833,19	1447,91
833,37	1488,87
833,55	1509,35
833,73	1562,60
833,92	1533,93
834,10	1486,83
834,28	1517,54
834,47	1568,74
834,65	1587,18
834,83	1572,84
835,01	1558,50
835,20	1589,22
835,38	1529,83
835,56	1484,78
835,74	1562,60
835,93	1558,50
836,11	1597,42
836,29	1548,26
836,47	1607,66
836,66	1486,83
836,84	1615,85
837,02	1470,44
837,21	1597,42
837,39	1552,36
837,57	1515,50
837,75	1601,51
837,94	1560,55
838,12	1542,12
838,30	1538,02
838,48	1474,54
838,66	1595,37
838,85	1540,07
839,03	1529,83
839,21	1456,11
839,39	1449,96
839,58	1540,07
839,76	1583,08
839,94	1617,90
840,12	1523,69
840,31	1581,03
840,49	1474,54
840,67	1546,22
840,85	1568,74
841,03	1519,59
841,22	1603,56
841,40	1581,03
841,58	1562,60
841,76	1542,12
841,94	1507,30
842,13	1726,44
842,31	1587,18
842,49	1515,50
842,67	1488,87
842,85	1554,41
843,04	1617,90
843,22	1642,47
843,40	1523,69
843,58	1574,89
843,76	1458,15
843,95	1591,27
844,13	1484,78
844,31	1576,94
844,49	1538,02
844,67	1474,54
844,86	1589,22
845,04	1554,41
845,22	1519,59
845,40	1564,65
845,58	1593,32
845,76	1583,08
845,95	1566,70
846,13	1529,83
846,31	1634,28
846,49	1630,18
846,67	1605,61
846,85	1593,32
847,04	1724,39
847,22	1609,70
847,40	1609,70
847,58	1589,22
847,76	1703,91
847,94	1599,46
848,12	1669,09
848,31	1570,79
848,49	1550,31
848,67	1630,18
848,85	1630,18
849,03	1632,23
849,21	1646,57
849,39	1560,55
849,58	1560,55
849,76	1646,57
849,94	1619,94
850,12	1585,13
850,30	1681,38
850,48	1646,57
850,66	1617,90
850,84	1542,12
851,03	1523,69
851,21	1589,22
851,39	1654,76
851,57	1607,66
851,75	1568,74
851,93	1611,75
852,11	1628,14
852,29	1632,23
852,47	1644,52
852,66	1634,28
852,84	1542,12
853,02	1513,45
853,20	1716,20
853,38	1636,33
853,56	1626,09
853,74	1601,51
853,92	1640,42
854,10	1597,42
854,28	1628,14
854,46	1748,97
854,65	1611,75
854,83	1613,80
855,01	1619,94
855,19	1538,02
855,37	1589,22
855,55	1712,10
855,73	1669,09
855,91	1634,28
856,09	1689,57
856,27	1636,33
856,45	1650,66
856,63	1697,77
856,81	1642,47
857,00	1656,81
857,18	1581,03
857,36	1648,61
857,54	1570,79
857,72	1652,71
857,90	1710,05
858,08	1761,25
858,26	1660,90
858,44	1581,03
858,62	1675,24
858,80	1626,09
858,98	1671,14
859,16	1697,77
859,34	1628,14
859,52	1638,38
859,70	1783,78
859,88	1621,99
860,06	1624,04
860,24	1642,47
860,42	1619,94
860,60	1665,00
860,78	1589,22
860,96	1628,14
861,14	1626,09
861,32	1671,14
861,50	1742,82
861,69	1630,18
861,87	1648,61
862,05	1642,47
862,23	1570,79
862,41	1712,10
862,59	1673,19
862,77	1691,62
862,95	1728,49
863,13	1601,51
863,31	1542,12
863,49	1656,81
863,67	1593,32
863,85	1660,90
864,03	1669,09
864,21	1624,04
864,39	1613,80
864,57	1611,75
864,75	1619,94
864,92	1765,35
865,10	1660,90
865,28	1630,18
865,46	1687,53
865,64	1595,37
865,82	1624,04
866,00	1513,45
866,18	1648,61
866,36	1585,13
866,54	1693,67
866,72	1656,81
866,90	1673,19
867,08	1605,61
867,26	1628,14
867,44	1626,09
867,62	1685,48
867,80	1611,75
867,98	1654,76
868,16	1671,14
868,34	1691,62
868,52	1654,76
868,70	1615,85
868,88	1693,67
869,06	1568,74
869,24	1644,52
869,42	1521,64
869,59	1560,55
869,77	1689,57
869,95	1662,95
870,13	1705,96
870,31	1630,18
870,49	1660,90
870,67	1566,70
870,85	1533,93
871,03	1652,71
871,21	1693,67
871,39	1617,90
871,57	1632,23
871,75	1574,89
871,92	1652,71
872,10	1644,52
872,28	1628,14
872,46	1615,85
872,64	1708,01
872,82	1597,42
873,00	1613,80
873,18	1660,90
873,36	1570,79
873,54	1603,56
873,72	1540,07
873,89	1581,03
874,07	1515,50
874,25	1794,02
874,43	1701,86
874,61	1632,23
874,79	1652,71
874,97	1533,93
875,15	1697,77
875,33	1574,89
875,50	1572,84
875,68	1611,75
875,86	1660,90
876,04	1677,29
876,22	1718,25
876,40	1654,76
876,58	1570,79
876,76	1521,64
876,93	1638,38
877,11	1613,80
877,29	1669,09
877,47	1681,38
877,65	1656,81
877,83	1654,76
878,01	1656,81
878,18	1646,57
878,36	1583,08
878,54	1589,22
878,72	1605,61
878,90	1607,66
879,08	1626,09
879,25	1583,08
879,43	1658,85
879,61	1699,81
879,79	1656,81
879,97	1636,33
880,15	1624,04
880,32	1515,50
880,50	1685,48
880,68	1591,27
880,86	1658,85
881,04	1597,42
881,22	1617,90
881,39	1656,81
881,57	1748,97
881,75	1597,42
881,93	1595,37
882,11	1695,72
882,28	1587,18
882,46	1560,55
882,64	1576,94
882,82	1535,98
883,00	1679,33
883,18	1683,43
883,35	1640,42
883,53	1691,62
883,71	1538,02
883,89	1646,57
884,07	1597,42
884,24	1662,95
884,42	1515,50
884,60	1636,33
884,78	1667,05
884,95	1632,23
885,13	1564,65
885,31	1693,67
885,49	1525,74
885,67	1624,04
885,84	1591,27
886,02	1587,18
886,20	1568,74
886,38	1656,81
886,55	1585,13
886,73	1540,07
886,91	1619,94
887,09	1576,94
887,26	1603,56
887,44	1495,02
887,62	1716,20
887,80	1576,94
887,98	1621,99
888,15	1667,05
888,33	1552,36
888,51	1607,66
888,69	1660,90
888,86	1638,38
889,04	1568,74
889,22	1581,03
889,39	1646,57
889,57	1593,32
889,75	1521,64
889,93	1630,18
890,10	1509,35
890,28	1617,90
890,46	1613,80
890,64	1630,18
890,81	1589,22
890,99	1533,93
891,17	1613,80
891,34	1648,61
891,52	1554,41
891,70	1542,12
891,88	1527,78
892,05	1624,04
892,23	1626,09
892,41	1576,94
892,58	1521,64
892,76	1650,66
892,94	1478,63
893,12	1701,86
893,29	1613,80
893,47	1517,54
893,65	1488,87
893,82	1691,62
894,00	1521,64
894,18	1546,22
894,35	1544,17
894,53	1576,94
894,71	1621,99
894,89	1538,02
895,06	1546,22
895,24	1476,59
895,42	1460,20
895,59	1599,46
895,77	1517,54
895,95	1540,07
896,12	1433,58
896,30	1572,84
896,48	1499,11
896,65	1544,17
896,83	1484,78
897,01	1492,97
897,18	1533,93
897,36	1603,56
897,54	1480,68
897,71	1511,40
897,89	1603,56
898,07	1525,74
898,24	1531,88
898,42	1517,54
898,59	1581,03
898,77	1495,02
898,95	1501,16
899,12	1574,89
899,30	1492,97
899,48	1447,91
899,65	1501,16
899,83	1505,26
900,01	1417,19
900,18	1570,79
900,36	1548,26
900,53	1542,12
900,71	1605,61
900,89	1505,26
901,06	1443,82
901,24	1476,59
901,42	1531,88
901,59	1443,82
901,77	1564,65
901,94	1472,49
902,12	1554,41
902,30	1531,88
902,47	1515,50
902,65	1470,44
902,82	1478,63
903,00	1585,13
903,18	1492,97
903,35	1458,15
903,53	1423,34
903,70	1587,18
903,88	1456,11
904,06	1533,93
904,23	1585,13
904,41	1552,36
904,58	1503,21
904,76	1523,69
904,93	1611,75
905,11	1474,54
905,29	1574,89
905,46	1439,72
905,64	1544,17
905,81	1533,93
905,99	1517,54
906,16	1570,79
906,34	1509,35
906,52	1548,26
906,69	1546,22
906,87	1488,87
907,04	1523,69
907,22	1519,59
907,39	1609,70
907,57	1552,36
907,75	1511,40
907,92	1519,59
908,10	1699,81
908,27	1511,40
908,45	1484,78
908,62	1521,64
908,80	1439,72
908,97	1597,42
909,15	1615,85
909,32	1501,16
909,50	1525,74
909,67	1443,82
909,85	1486,83
910,03	1556,46
910,20	1472,49
910,38	1548,26
910,55	1519,59
910,73	1556,46
910,90	1492,97
911,08	1644,52
911,25	1546,22
911,43	1554,41
911,60	1470,44
911,78	1527,78
911,95	1480,68
912,13	1542,12
912,30	1544,17
912,48	1585,13
912,65	1501,16
912,83	1535,98
913,00	1488,87
913,18	1636,33
913,35	1570,79
913,53	1566,70
913,70	1613,80
913,88	1626,09
914,05	1585,13
914,23	1533,93
914,40	1576,94
914,58	1585,13
914,75	1519,59
914,93	1566,70
915,10	1548,26
915,27	1566,70
915,45	1613,80
915,62	1619,94
915,80	1566,70
915,97	1558,50
916,15	1611,75
916,32	1636,33
916,50	1495,02
916,67	1538,02
916,85	1507,30
917,02	1591,27
917,20	1599,46
917,37	1576,94
917,54	1648,61
917,72	1605,61
917,89	1574,89
918,07	1628,14
918,24	1589,22
918,42	1630,18
918,59	1607,66
918,77	1519,59
918,94	1597,42
919,11	1550,31
919,29	1548,26
919,46	1581,03
919,64	1628,14
919,81	1619,94
919,99	1607,66
920,16	1650,66
920,33	1638,38
920,51	1673,19
920,68	1540,07
920,86	1589,22
921,03	1642,47
921,20	1562,60
921,38	1601,51
921,55	1769,44
921,73	1562,60
921,90	1548,26
922,07	1683,43
922,25	1578,98
922,42	1632,23
922,60	1669,09
922,77	1621,99
922,94	1615,85
923,12	1546,22
923,29	1673,19
923,47	1601,51
923,64	1650,66
923,81	1638,38
923,99	1617,90
924,16	1630,18
924,34	1566,70
924,51	1697,77
924,68	1761,25
924,86	1552,36
925,03	1693,67
925,20	1624,04
925,38	1701,86
925,55	1591,27
925,72	1669,09
925,90	1591,27
926,07	1621,99
926,25	1519,59
926,42	1677,29
926,59	1624,04
926,77	1667,05
926,94	1673,19
927,11	1587,18
927,29	1581,03
927,46	1505,26
927,63	1621,99
927,81	1654,76
927,98	1665,00
928,15	1683,43
928,33	1738,73
928,50	1609,70
928,67	1566,70
928,85	1630,18
929,02	1597,42
929,19	1720,29
929,37	1613,80
929,54	1617,90
929,71	1689,57
929,89	1650,66
930,06	1636,33
930,23	1669,09
930,41	1691,62
930,58	1621,99
930,75	1578,98
930,92	1699,81
931,10	1656,81
931,27	1601,51
931,44	1724,39
931,62	1609,70
931,79	1660,90
931,96	1787,88
932,14	1644,52
932,31	1705,96
932,48	1718,25
932,65	1720,29
932,83	1710,05
933,00	1722,34
933,17	1687,53
933,35	1665,00
933,52	1611,75
933,69	1918,95
933,86	1726,44
934,04	1736,68
934,21	1601,51
934,38	1746,92
934,55	1683,43
934,73	1636,33
934,90	1611,75
935,07	1681,38
935,25	1773,54
935,42	1529,83
935,59	1689,57
935,76	1601,51
935,94	1621,99
936,11	1693,67
936,28	1675,24
936,45	1675,24
936,63	1591,27
936,80	1636,33
936,97	1679,33
937,14	1748,97
937,31	1751,01
937,49	1742,82
937,66	1697,77
937,83	1621,99
938,00	1619,94
938,18	1714,15
938,35	1693,67
938,52	1832,93
938,69	1613,80
938,87	1810,40
939,04	1527,78
939,21	1716,20
939,38	1685,48
939,55	1665,00
939,73	1675,24
939,90	1740,77
940,07	1581,03
940,24	1624,04
940,41	1771,49
940,59	1751,01
940,76	1593,32
940,93	1714,15
941,10	1626,09
941,27	1685,48
941,45	1681,38
941,62	1718,25
941,79	1722,34
941,96	1728,49
942,13	1716,20
942,31	1722,34
942,48	1677,29
942,65	1841,12
942,82	1619,94
942,99	1738,73
943,16	1644,52
943,34	1691,62
943,51	1796,07
943,68	1677,29
943,85	1671,14
944,02	1705,96
944,19	1554,41
944,37	1748,97
944,54	1675,24
944,71	1703,91
944,88	1785,83
945,05	1695,72
945,22	1748,97
945,40	1671,14
945,57	1636,33
945,74	1562,60
945,91	1630,18
946,08	1812,45
946,25	1675,24
946,42	1656,81
946,60	1679,33
946,77	1837,03
946,94	1685,48
947,11	1722,34
947,28	1572,84
947,45	1693,67
947,62	1677,29
947,79	1722,34
947,97	1681,38
948,14	1718,25
948,31	1683,43
948,48	1689,57
948,65	1578,98
948,82	1648,61
948,99	1730,53
949,16	1669,09
949,33	1613,80
949,51	1718,25
949,68	1708,01
949,85	1656,81
950,02	1667,05
950,19	1642,47
950,36	1624,04
950,53	1636,33
950,70	1599,46
950,87	1624,04
951,04	1650,66
951,22	1650,66
951,39	1701,86
951,56	1607,66
951,73	1562,60
951,90	1597,42
952,07	1654,76
952,24	1624,04
952,41	1630,18
952,58	1658,85
952,75	1562,60
952,92	1632,23
953,09	1599,46
953,26	1615,85
953,43	1718,25
953,61	1726,44
953,78	1572,84
953,95	1626,09
954,12	1488,87
954,29	1658,85
954,46	1509,35
954,63	1607,66
954,80	1673,19
954,97	1566,70
955,14	1613,80
955,31	1564,65
955,48	1519,59
955,65	1525,74
955,82	1583,08
955,99	1685,48
956,16	1617,90
956,33	1708,01
956,50	1591,27
956,67	1535,98
956,84	1583,08
957,01	1578,98
957,18	1601,51
957,35	1558,50
957,52	1581,03
957,69	1669,09
957,86	1554,41
958,03	1591,27
958,20	1519,59
958,37	1613,80
958,54	1470,44
958,71	1501,16
958,88	1568,74
959,05	1624,04
959,22	1556,46
959,39	1570,79
959,56	1501,16
959,73	1624,04
959,90	1552,36
960,07	1533,93
960,24	1556,46
960,41	1617,90
960,58	1626,09
960,75	1503,21
960,92	1544,17
961,09	1570,79
961,26	1583,08
961,43	1531,88
961,60	1562,60
961,77	1562,60
961,94	1509,35
962,11	1531,88
962,28	1628,14
962,45	1638,38
962,62	1517,54
962,79	1458,15
962,96	1523,69
963,13	1642,47
963,30	1515,50
963,47	1601,51
963,64	1503,21
963,81	1564,65
963,98	1419,24
964,14	1523,69
964,31	1560,55
964,48	1562,60
964,65	1609,70
964,82	1525,74
964,99	1605,61
965,16	1429,48
965,33	1398,76
965,50	1501,16
965,67	1554,41
965,84	1550,31
966,01	1492,97
966,18	1464,30
966,35	1519,59
966,51	1558,50
966,68	1533,93
966,85	1538,02
967,02	1486,83
967,19	1460,20
967,36	1456,11
967,53	1402,86
967,70	1525,74
967,87	1509,35
968,04	1499,11
968,21	1550,31
968,37	1648,61
968,54	1464,30
968,71	1529,83
968,88	1431,53
969,05	1435,63
969,22	1470,44
969,39	1464,30
969,56	1478,63
969,72	1529,83
969,89	1570,79
970,06	1478,63
970,23	1480,68
970,40	1550,31
970,57	1468,39
970,74	1548,26
970,91	1474,54
971,07	1519,59
971,24	1490,92
971,41	1535,98
971,58	1513,45
971,75	1492,97
971,92	1476,59
972,09	1478,63
972,25	1499,11
972,42	1552,36
972,59	1443,82
972,76	1417,19
972,93	1454,06
973,10	1497,07
973,27	1503,21
973,43	1425,39
973,60	1460,20
973,77	1425,39
973,94	1460,20
974,11	1454,06
974,28	1419,24
974,44	1470,44
974,61	1490,92
974,78	1572,84
974,95	1468,39
975,12	1513,45
975,28	1441,77
975,45	1380,33
975,62	1497,07
975,79	1384,43
975,96	1525,74
976,12	1533,93
976,29	1433,58
976,46	1462,25
976,63	1429,48
976,80	1411,05
976,96	1411,05
977,13	1454,06
977,30	1388,52
977,47	1509,35
977,64	1445,87
977,80	1435,63
977,97	1382,38
978,14	1492,97
978,31	1456,11
978,48	1411,05
978,64	1560,55
978,81	1423,34
978,98	1492,97
979,15	1474,54
979,31	1456,11
979,48	1441,77
979,65	1527,78
979,82	1470,44
979,98	1400,81
980,15	1447,91
980,32	1505,26
980,49	1429,48
980,66	1458,15
980,82	1370,09
980,99	1404,91
981,16	1396,71
981,33	1431,53
981,49	1396,71
981,66	1488,87
981,83	1341,42
981,99	1388,52
982,16	1419,24
982,33	1433,58
982,50	1349,61
982,66	1386,47
982,83	1335,28
983,00	1439,72
983,17	1390,57
983,33	1431,53
983,50	1474,54
983,67	1466,35
983,83	1431,53
984,00	1316,84
984,17	1527,78
984,34	1427,43
984,50	1366,00
984,67	1390,57
984,84	1425,39
985,00	1454,06
985,17	1443,82
985,34	1382,38
985,51	1472,49
985,67	1452,01
985,84	1398,76
986,01	1368,04
986,17	1318,89
986,34	1374,19
986,51	1376,24
986,67	1402,86
986,84	1435,63
987,01	1409,00
987,17	1396,71
987,34	1413,10
987,51	1368,04
987,67	1310,70
987,84	1449,96
988,01	1464,30
988,17	1347,56
988,34	1409,00
988,51	1372,14
988,67	1439,72
988,84	1378,28
989,01	1417,19
989,17	1425,39
989,34	1435,63
989,51	1433,58
989,67	1499,11
989,84	1441,77
990,01	1425,39
990,17	1445,87
990,34	1314,80
990,51	1435,63
990,67	1376,24
990,84	1366,00
991,01	1298,41
991,17	1433,58
991,34	1359,85
991,50	1411,05
991,67	1349,61
991,84	1366,00
992,00	1329,13
992,17	1456,11
992,34	1447,91
992,50	1458,15
992,67	1433,58
992,83	1456,11
993,00	1423,34
993,17	1400,81
993,33	1470,44
993,50	1376,24
993,66	1449,96
993,83	1501,16
994,00	1378,28
994,16	1368,04
994,33	1382,38
994,49	1458,15
994,66	1427,43
994,83	1419,24
994,99	1392,62
995,16	1488,87
995,32	1466,35
995,49	1468,39
995,66	1445,87
995,82	1366,00
995,99	1347,56
996,15	1415,15
996,32	1388,52
996,48	1417,19
996,65	1382,38
996,82	1402,86
996,98	1404,91
997,15	1480,68
997,31	1396,71
997,48	1458,15
997,64	1388,52
997,81	1417,19
997,97	1419,24
998,14	1388,52
998,31	1409,00
998,47	1361,90
998,64	1445,87
998,80	1404,91
998,97	1447,91
999,13	1513,45
999,30	1433,58
999,46	1429,48
999,63	1359,85
999,79	1392,62
999,96	1400,81
1000,12	1458,15
1000,29	1411,05
1000,45	1433,58
1000,62	1353,71
1000,79	1400,81
1000,95	1415,15
1001,12	1452,01
1001,28	1415,15
1001,45	1386,47
1001,61	1433,58
1001,78	1398,76
1001,94	1390,57
1002,11	1488,87
1002,27	1437,67
1002,44	1411,05
1002,60	1368,04
1002,77	1368,04
1002,93	1460,20
1003,10	1472,49
1003,26	1435,63
1003,43	1406,95
1003,59	1443,82
1003,76	1390,57
1003,92	1404,91
1004,09	1474,54
1004,25	1437,67
1004,41	1437,67
1004,58	1456,11
1004,74	1456,11
1004,91	1419,24
1005,07	1480,68
1005,24	1478,63
1005,40	1359,85
1005,57	1392,62
1005,73	1400,81
1005,90	1361,90
1006,06	1505,26
1006,23	1400,81
1006,39	1501,16
1006,55	1345,52
1006,72	1349,61
1006,88	1382,38
1007,05	1400,81
1007,21	1380,33
1007,38	1312,75
1007,54	1400,81
1007,71	1388,52
1007,87	1388,52
1008,03	1394,67
1008,20	1366,00
1008,36	1384,43
1008,53	1468,39
1008,69	1366,00
1008,86	1484,78
1009,02	1366,00
1009,18	1515,50
1009,35	1429,48
1009,51	1398,76
1009,68	1462,25
1009,84	1388,52
1010,01	1398,76
1010,17	1357,80
1010,33	1427,43
1010,50	1460,20
1010,66	1482,73
1010,83	1402,86
1010,99	1492,97
1011,15	1421,29
1011,32	1452,01
1011,48	1361,90
1011,65	1335,28
1011,81	1386,47
1011,97	1435,63
1012,14	1466,35
1012,30	1423,34
1012,46	1431,53
1012,63	1400,81
1012,79	1462,25
1012,96	1396,71
1013,12	1388,52
1013,28	1415,15
1013,45	1404,91
1013,61	1456,11
1013,77	1400,81
1013,94	1398,76
1014,10	1419,24
1014,26	1386,47
1014,43	1431,53
1014,59	1361,90
1014,76	1468,39
1014,92	1497,07
1015,08	1382,38
1015,25	1443,82
1015,41	1439,72
1015,57	1452,01
1015,74	1425,39
1015,90	1423,34
1016,06	1402,86
1016,23	1435,63
1016,39	1355,76
1016,55	1464,30
1016,72	1394,67
1016,88	1443,82
1017,04	1275,88
1017,21	1396,71
1017,37	1355,76
1017,53	1421,29
1017,70	1384,43
1017,86	1447,91
1018,02	1421,29
1018,19	1415,15
1018,35	1359,85
1018,51	1382,38
1018,67	1441,77
1018,84	1388,52
1019,00	1443,82
1019,16	1517,54
1019,33	1404,91
1019,49	1429,48
1019,65	1425,39
1019,82	1435,63
1019,98	1376,24
1020,14	1452,01
1020,30	1492,97
1020,47	1318,89
1020,63	1388,52
1020,79	1374,19
1020,96	1370,09
1021,12	1378,28
1021,28	1492,97
1021,44	1368,04
1021,61	1425,39
1021,77	1335,28
1021,93	1404,91
1022,09	1482,73
1022,26	1361,90
1022,42	1339,37
1022,58	1427,43
1022,74	1386,47
1022,91	1310,70
1023,07	1398,76
1023,23	1374,19
1023,39	1431,53
1023,56	1388,52
1023,72	1378,28
1023,88	1331,18
1024,04	1417,19
1024,21	1357,80
1024,37	1464,30
1024,53	1388,52
1024,69	1370,09
1024,86	1411,05
1025,02	1392,62
1025,18	1357,80
1025,34	1398,76
1025,50	1388,52
1025,67	1382,38
1025,83	1435,63
1025,99	1374,19
1026,15	1396,71
1026,32	1419,24
1026,48	1366,00
1026,64	1454,06
1026,80	1452,01
1026,96	1468,39
1027,13	1423,34
1027,29	1368,04
1027,45	1427,43
1027,61	1404,91
1027,77	1443,82
1027,94	1445,87
1028,10	1413,10
1028,26	1296,36
1028,42	1417,19
1028,58	1452,01
1028,75	1409,00
1028,91	1466,35
1029,07	1343,47
1029,23	1447,91
1029,39	1415,15
1029,55	1427,43
1029,72	1449,96
1029,88	1402,86
1030,04	1363,95
1030,20	1419,24
1030,36	1374,19
1030,52	1439,72
1030,69	1357,80
1030,85	1441,77
1031,01	1400,81
1031,17	1402,86
1031,33	1429,48
1031,49	1470,44
1031,65	1400,81
1031,82	1419,24
1031,98	1341,42
1032,14	1427,43
1032,30	1343,47
1032,46	1353,71
1032,62	1376,24
1032,78	1374,19
1032,95	1374,19
1033,11	1421,29
1033,27	1480,68
1033,43	1468,39
1033,59	1417,19
1033,75	1478,63
1033,91	1382,38
1034,07	1470,44
1034,24	1425,39
1034,40	1392,62
1034,56	1431,53
1034,72	1406,95
1034,88	1392,62
1035,04	1331,18
1035,20	1339,37
1035,36	1355,76
1035,52	1372,14
1035,68	1452,01
1035,85	1382,38
1036,01	1374,19
1036,17	1484,78
1036,33	1390,57
1036,49	1339,37
1036,65	1386,47
1036,81	1380,33
1036,97	1419,24
1037,13	1406,95
1037,29	1388,52
1037,45	1515,50
1037,61	1404,91
1037,78	1419,24
1037,94	1394,67
1038,10	1376,24
1038,26	1359,85
1038,42	1376,24
1038,58	1361,90
1038,74	1335,28
1038,90	1370,09
1039,06	1329,13
1039,22	1335,28
1039,38	1415,15
1039,54	1374,19
1039,70	1372,14
1039,86	1419,24
1040,02	1404,91
1040,18	1447,91
1040,34	1439,72
1040,50	1449,96
1040,66	1335,28
1040,83	1372,14
1040,99	1423,34
1041,15	1503,21
1041,31	1374,19
1041,47	1400,81
1041,63	1415,15
1041,79	1386,47
1041,95	1384,43
1042,11	1322,99
1042,27	1445,87
1042,43	1433,58
1042,59	1382,38
1042,75	1433,58
1042,91	1359,85
