344,25	1361,90
344,46	1361,90
344,68	1361,90
344,90	1251,31
345,12	1292,27
345,34	1417,19
345,55	1511,40
345,77	1458,15
345,99	1390,57
346,21	1421,29
346,42	1435,63
346,64	1398,76
346,86	1380,33
347,08	1503,21
347,30	1386,47
347,51	1368,04
347,73	1327,08
347,95	1505,26
348,17	1366,00
348,38	1423,34
348,60	1380,33
348,82	1349,61
349,04	1382,38
349,25	1441,77
349,47	1411,05
349,69	1517,54
349,91	1470,44
350,13	1429,48
350,34	1361,90
350,56	1322,99
350,78	1388,52
351,00	1447,91
351,21	1419,24
351,43	1415,15
351,65	1406,95
351,87	1376,24
352,08	1417,19
352,30	1454,06
352,52	1363,95
352,74	1402,86
352,95	1433,58
353,17	1257,45
353,39	1421,29
353,61	1452,01
353,82	1368,04
354,04	1388,52
354,26	1462,25
354,47	1445,87
354,69	1417,19
354,91	1374,19
355,13	1355,76
355,34	1374,19
355,56	1349,61
355,78	1357,80
356,00	1454,06
356,21	1341,42
356,43	1380,33
356,65	1341,42
356,86	1366,00
357,08	1509,35
357,30	1507,30
357,52	1382,38
357,73	1374,19
357,95	1468,39
358,17	1411,05
358,38	1366,00
358,60	1417,19
358,82	1447,91
359,04	1345,52
359,25	1429,48
359,47	1472,49
359,69	1441,77
359,90	1361,90
360,12	1433,58
360,34	1454,06
360,56	1382,38
360,77	1499,11
360,99	1406,95
361,21	1361,90
361,42	1484,78
361,64	1464,30
361,86	1447,91
362,07	1480,68
362,29	1437,67
362,51	1447,91
362,73	1382,38
362,94	1441,77
363,16	1593,32
363,38	1413,10
363,59	1456,11
363,81	1454,06
364,03	1478,63
364,24	1460,20
364,46	1378,28
364,68	1495,02
364,89	1449,96
365,11	1425,39
365,33	1447,91
365,54	1357,80
365,76	1394,67
365,98	1445,87
366,19	1501,16
366,41	1517,54
366,63	1394,67
366,84	1413,10
367,06	1433,58
367,28	1419,24
367,49	1474,54
367,71	1445,87
367,93	1392,62
368,14	1478,63
368,36	1368,04
368,58	1458,15
368,79	1480,68
369,01	1495,02
369,23	1456,11
369,44	1513,45
369,66	1398,76
369,88	1503,21
370,09	1349,61
370,31	1482,73
370,53	1497,07
370,74	1374,19
370,96	1437,67
371,18	1499,11
371,39	1513,45
371,61	1515,50
371,82	1458,15
372,04	1484,78
372,26	1480,68
372,47	1419,24
372,69	1415,15
372,91	1515,50
373,12	1462,25
373,34	1456,11
373,56	1411,05
373,77	1490,92
373,99	1425,39
374,20	1470,44
374,42	1370,09
374,64	1550,31
374,85	1341,42
375,07	1472,49
375,29	1417,19
375,50	1415,15
375,72	1456,11
375,93	1443,82
376,15	1388,52
376,37	1400,81
376,58	1435,63
376,80	1507,30
377,01	1322,99
377,23	1445,87
377,45	1429,48
377,66	1484,78
377,88	1460,20
378,10	1429,48
378,31	1468,39
378,53	1529,83
378,74	1470,44
378,96	1540,07
379,18	1470,44
379,39	1425,39
379,61	1413,10
379,82	1421,29
380,04	1417,19
380,26	1417,19
380,47	1449,96
380,69	1370,09
380,90	1478,63
381,12	1445,87
381,33	1396,71
381,55	1480,68
381,77	1486,83
381,98	1406,95
382,20	1370,09
382,41	1404,91
382,63	1363,95
382,85	1456,11
383,06	1431,53
383,28	1478,63
383,49	1409,00
383,71	1478,63
383,92	1386,47
384,14	1431,53
384,36	1402,86
384,57	1427,43
384,79	1357,80
385,00	1454,06
385,22	1421,29
385,43	1374,19
385,65	1415,15
385,87	1402,86
386,08	1437,67
386,30	1406,95
386,51	1409,00
386,73	1431,53
386,94	1374,19
387,16	1398,76
387,37	1529,83
387,59	1341,42
387,81	1435,63
388,02	1425,39
388,24	1339,37
388,45	1456,11
388,67	1325,04
388,88	1470,44
389,10	1472,49
389,31	1578,98
389,53	1431,53
389,75	1452,01
389,96	1431,53
390,18	1404,91
390,39	1390,57
390,61	1374,19
390,82	1398,76
391,04	1435,63
391,25	1400,81
391,47	1357,80
391,68	1380,33
391,90	1458,15
392,11	1447,91
392,33	1378,28
392,54	1363,95
392,76	1417,19
392,97	1404,91
393,19	1513,45
393,41	1445,87
393,62	1425,39
393,84	1476,59
394,05	1464,30
394,27	1445,87
394,48	1404,91
394,70	1429,48
394,91	1386,47
395,13	1413,10
395,34	1386,47
395,56	1402,86
395,77	1425,39
395,99	1339,37
396,20	1476,59
396,42	1411,05
396,63	1394,67
396,85	1474,54
397,06	1433,58
397,28	1421,29
397,49	1497,07
397,71	1345,52
397,92	1404,91
398,14	1429,48
398,35	1546,22
398,57	1452,01
398,78	1509,35
399,00	1411,05
399,21	1372,14
399,43	1431,53
399,64	1409,00
399,86	1417,19
400,07	1517,54
400,29	1452,01
400,50	1441,77
400,72	1460,20
400,93	1456,11
401,14	1431,53
401,36	1429,48
401,57	1460,20
401,79	1509,35
402,00	1380,33
402,22	1497,07
402,43	1378,28
402,65	1396,71
402,86	1341,42
403,08	1376,24
403,29	1404,91
403,51	1511,40
403,72	1425,39
403,94	1409,00
404,15	1404,91
404,36	1427,43
404,58	1689,57
404,79	1488,87
405,01	1345,52
405,22	1411,05
405,44	1347,56
405,65	1460,20
405,87	1454,06
406,08	1437,67
406,30	1404,91
406,51	1404,91
406,72	1417,19
406,94	1505,26
407,15	1474,54
407,37	1484,78
407,58	1464,30
407,80	1429,48
408,01	1492,97
408,23	1415,15
408,44	1419,24
408,65	1396,71
408,87	1431,53
409,08	1419,24
409,30	1507,30
409,51	1413,10
409,73	1431,53
409,94	1533,93
410,15	1566,70
410,37	1423,34
410,58	1406,95
410,80	1495,02
411,01	1439,72
411,23	1452,01
411,44	1394,67
411,65	1558,50
411,87	1490,92
412,08	1384,43
412,30	1529,83
412,51	1460,20
412,72	1542,12
412,94	1429,48
413,15	1363,95
413,37	1529,83
413,58	1472,49
413,79	1499,11
414,01	1443,82
414,22	1505,26
414,44	1484,78
414,65	1456,11
414,86	1435,63
415,08	1392,62
415,29	1472,49
415,51	1398,76
415,72	1361,90
415,93	1443,82
416,15	1468,39
416,36	1480,68
416,58	1431,53
416,79	1470,44
417,00	1353,71
417,22	1445,87
417,43	1464,30
417,65	1490,92
417,86	1454,06
418,07	1452,01
418,29	1329,13
418,50	1476,59
418,71	1425,39
418,93	1415,15
419,14	1384,43
419,36	1441,77
419,57	1406,95
419,78	1497,07
420,00	1374,19
420,21	1404,91
420,42	1511,40
420,64	1462,25
420,85	1335,28
421,06	1398,76
421,28	1394,67
421,49	1460,20
421,71	1568,74
421,92	1415,15
422,13	1443,82
422,35	1478,63
422,56	1404,91
422,77	1435,63
422,99	1421,29
423,20	1441,77
423,41	1425,39
423,63	1488,87
423,84	1474,54
424,05	1538,02
424,27	1449,96
424,48	1454,06
424,69	1476,59
424,91	1806,31
425,12	1400,81
425,33	1411,05
425,55	1394,67
425,76	1394,67
425,97	1445,87
426,19	1488,87
426,40	1441,77
426,61	1521,64
426,83	1380,33
427,04	1433,58
427,25	1427,43
427,47	1425,39
427,68	1419,24
427,89	1437,67
428,11	1431,53
428,32	1396,71
428,53	1349,61
428,75	1439,72
428,96	1507,30
429,17	1482,73
429,39	1370,09
429,60	1474,54
429,81	1454,06
430,03	1404,91
430,24	1427,43
430,45	1417,19
430,67	1454,06
430,88	1482,73
431,09	1437,67
431,30	1503,21
431,52	1484,78
431,73	1423,34
431,94	1484,78
432,16	1431,53
432,37	1470,44
432,58	1466,35
432,80	1415,15
433,01	1550,31
433,22	1396,71
433,43	1544,17
433,65	1470,44
433,86	1366,00
434,07	1411,05
434,29	1482,73
434,50	1347,56
434,71	1488,87
434,92	1456,11
435,14	1433,58
435,35	1441,77
435,56	1398,76
435,77	1378,28
435,99	1458,15
436,20	1437,67
436,41	1402,86
436,63	1423,34
436,84	1417,19
437,05	1419,24
437,26	1488,87
437,48	1462,25
437,69	1439,72
437,90	1413,10
438,11	1359,85
438,33	1445,87
438,54	1554,41
438,75	1427,43
438,96	1490,92
439,18	1460,20
439,39	1447,91
439,60	1380,33
439,82	1445,87
440,03	1456,11
440,24	1544,17
440,45	1396,71
440,67	1363,95
440,88	1421,29
441,09	1402,86
441,30	1452,01
441,51	1566,70
441,73	1398,76
441,94	1413,10
442,15	1503,21
442,36	1464,30
442,58	1394,67
442,79	1378,28
443,00	1396,71
443,21	1542,12
443,43	1382,38
443,64	1419,24
443,85	1437,67
444,06	1445,87
444,28	1513,45
444,49	1456,11
444,70	1482,73
444,91	1509,35
445,12	1572,84
445,34	1482,73
445,55	1560,55
445,76	1538,02
445,97	1462,25
446,18	1486,83
446,40	1443,82
446,61	1482,73
446,82	1409,00
447,03	1503,21
447,25	1478,63
447,46	1435,63
447,67	1415,15
447,88	1427,43
448,09	1423,34
448,31	1402,86
448,52	1439,72
448,73	1480,68
448,94	1433,58
449,15	1439,72
449,37	1423,34
449,58	1490,92
449,79	1456,11
450,00	1570,79
450,21	1458,15
450,43	1478,63
450,64	1382,38
450,85	1499,11
451,06	1513,45
451,27	1538,02
451,48	1370,09
451,70	1439,72
451,91	1382,38
452,12	1505,26
452,33	1470,44
452,54	1437,67
452,76	1449,96
452,97	1470,44
453,18	1439,72
453,39	1503,21
453,60	1456,11
453,81	1441,77
454,03	1433,58
454,24	1462,25
454,45	1343,47
454,66	1431,53
454,87	1419,24
455,08	1421,29
455,30	1425,39
455,51	1437,67
455,72	1423,34
455,93	1480,68
456,14	1466,35
456,35	1439,72
456,56	1443,82
456,78	1542,12
456,99	1447,91
457,20	1441,77
457,41	1449,96
457,62	1503,21
457,83	1568,74
458,04	1380,33
458,26	1480,68
458,47	1474,54
458,68	1406,95
458,89	1427,43
459,10	1351,66
459,31	1456,11
459,52	1490,92
459,74	1486,83
459,95	1466,35
460,16	1404,91
460,37	1603,56
460,58	1482,73
460,79	1464,30
461,00	1476,59
461,21	1390,57
461,43	1413,10
461,64	1443,82
461,85	1431,53
462,06	1499,11
462,27	1402,86
462,48	1472,49
462,69	1447,91
462,90	1390,57
463,12	1468,39
463,33	1437,67
463,54	1488,87
463,75	1507,30
463,96	1556,46
464,17	1488,87
464,38	1372,14
464,59	1556,46
464,80	1476,59
465,01	1409,00
465,23	1474,54
465,44	1478,63
465,65	1480,68
465,86	1396,71
466,07	1462,25
466,28	1447,91
466,49	1497,07
466,70	1476,59
466,91	1540,07
467,12	1396,71
467,33	1427,43
467,55	1464,30
467,76	1431,53
467,97	1394,67
468,18	1505,26
468,39	1427,43
468,60	1566,70
468,81	1478,63
469,02	1441,77
469,23	1445,87
469,44	1503,21
469,65	1382,38
469,86	1468,39
470,07	1425,39
470,29	1525,74
470,50	1468,39
470,71	1497,07
470,92	1509,35
471,13	1415,15
471,34	1554,41
471,55	1454,06
471,76	1472,49
471,97	1472,49
472,18	1505,26
472,39	1454,06
472,60	1425,39
472,81	1488,87
473,02	1429,48
473,23	1478,63
473,44	1486,83
473,65	1464,30
473,87	1488,87
474,08	1435,63
474,29	1421,29
474,50	1499,11
474,71	1513,45
474,92	1538,02
475,13	1452,01
475,34	1482,73
475,55	1376,24
475,76	1445,87
475,97	1576,94
476,18	1439,72
476,39	1466,35
476,60	1425,39
476,81	1505,26
477,02	1447,91
477,23	1388,52
477,44	1441,77
477,65	1417,19
477,86	1423,34
478,07	1488,87
478,28	1447,91
478,49	1357,80
478,70	1456,11
478,91	1406,95
479,12	1409,00
479,33	1402,86
479,54	1417,19
479,75	1468,39
479,96	1492,97
480,17	1456,11
480,38	1476,59
480,59	1433,58
480,80	1447,91
481,01	1449,96
481,22	1458,15
481,43	1462,25
481,64	1515,50
481,85	1402,86
482,06	1490,92
482,27	1449,96
482,48	1400,81
482,69	1509,35
482,90	1492,97
483,11	1521,64
483,32	1470,44
483,53	1417,19
483,74	1531,88
483,95	1427,43
484,16	1464,30
484,37	1490,92
484,58	1519,59
484,79	1421,29
485,00	1480,68
485,21	1409,00
485,42	1509,35
485,63	1578,98
485,84	1458,15
486,05	1468,39
486,26	1439,72
486,47	1525,74
486,68	1474,54
486,89	1546,22
487,10	1427,43
487,31	1556,46
487,52	1435,63
487,73	1587,18
487,94	1431,53
488,15	1462,25
488,36	1515,50
488,57	1411,05
488,77	1421,29
488,98	1486,83
489,19	1480,68
489,40	1439,72
489,61	1474,54
489,82	1570,79
490,03	1572,84
490,24	1380,33
490,45	1499,11
490,66	1535,98
490,87	1470,44
491,08	1431,53
491,29	1468,39
491,50	1359,85
491,71	1429,48
491,92	1511,40
492,13	1386,47
492,33	1396,71
492,54	1462,25
492,75	1503,21
492,96	1452,01
493,17	1462,25
493,38	1423,34
493,59	1425,39
493,80	1570,79
494,01	1529,83
494,22	1482,73
494,43	1449,96
494,64	1472,49
494,85	1495,02
495,05	1464,30
495,26	1544,17
495,47	1515,50
495,68	1517,54
495,89	1495,02
496,10	1456,11
496,31	1531,88
496,52	1472,49
496,73	1476,59
496,94	1492,97
497,15	1501,16
497,35	1470,44
497,56	1546,22
497,77	1445,87
497,98	1505,26
498,19	1533,93
498,40	1538,02
498,61	1554,41
498,82	1425,39
499,03	1517,54
499,23	1497,07
499,44	1525,74
499,65	1621,99
499,86	1554,41
500,07	1454,06
500,28	1505,26
500,49	1413,10
500,70	1535,98
500,91	1431,53
501,11	1468,39
501,32	1421,29
501,53	1497,07
501,74	1478,63
501,95	1458,15
502,16	1431,53
502,37	1447,91
502,57	1521,64
502,78	1462,25
502,99	1458,15
503,20	1468,39
503,41	1445,87
503,62	1456,11
503,83	1525,74
504,03	1482,73
504,24	1505,26
504,45	1525,74
504,66	1535,98
504,87	1423,34
505,08	1503,21
505,29	1425,39
505,49	1495,02
505,70	1535,98
505,91	1454,06
506,12	1433,58
506,33	1552,36
506,54	1490,92
506,75	1554,41
506,95	1517,54
507,16	1595,37
507,37	1468,39
507,58	1525,74
507,79	1544,17
508,00	1423,34
508,20	1386,47
508,41	1474,54
508,62	1513,45
508,83	1486,83
509,04	1441,77
509,24	1550,31
509,45	1822,69
509,66	1499,11
509,87	1513,45
510,08	1486,83
510,29	1497,07
510,49	1482,73
510,70	1447,91
510,91	1492,97
511,12	1476,59
511,33	1437,67
511,53	1462,25
511,74	1447,91
511,95	1382,38
512,16	1605,61
512,37	1468,39
512,57	1390,57
512,78	1425,39
512,99	1458,15
513,20	1486,83
513,41	1529,83
513,61	1484,78
513,82	1497,07
514,03	1505,26
514,24	1515,50
514,45	1603,56
514,65	1458,15
514,86	1439,72
515,07	1447,91
515,28	1490,92
515,49	1474,54
515,69	1552,36
515,90	1413,10
516,11	1497,07
516,32	1480,68
516,52	1447,91
516,73	1527,78
516,94	1540,07
517,15	1513,45
517,36	1458,15
517,56	1591,27
517,77	1462,25
517,98	1533,93
518,19	1443,82
518,39	1499,11
518,60	1507,30
518,81	1523,69
519,02	1390,57
519,22	1449,96
519,43	1552,36
519,64	1511,40
519,85	1427,43
520,05	1497,07
520,26	1462,25
520,47	1558,50
520,68	1470,44
520,88	1445,87
521,09	1529,83
521,30	1484,78
521,51	1398,76
521,71	1560,55
521,92	1472,49
522,13	1513,45
522,34	1523,69
522,54	1423,34
522,75	1409,00
522,96	1564,65
523,17	1511,40
523,37	1519,59
523,58	1423,34
523,79	1525,74
523,99	1454,06
524,20	1521,64
524,41	1550,31
524,62	1492,97
524,82	1503,21
525,03	1560,55
525,24	1542,12
525,45	1468,39
525,65	1476,59
525,86	1583,08
526,07	1505,26
526,27	1441,77
526,48	1521,64
526,69	1533,93
526,90	1425,39
527,10	1478,63
527,31	1449,96
527,52	1470,44
527,72	1495,02
527,93	1589,22
528,14	1513,45
528,34	1495,02
528,55	1482,73
528,76	1488,87
528,97	1478,63
529,17	1488,87
529,38	1550,31
529,59	1458,15
529,79	1484,78
530,00	1439,72
530,21	1568,74
530,41	1468,39
530,62	1433,58
530,83	1640,42
531,03	1630,18
531,24	1574,89
531,45	1531,88
531,65	1583,08
531,86	1533,93
532,07	1466,35
532,27	1435,63
532,48	1468,39
532,69	1454,06
532,89	1482,73
533,10	1400,81
533,31	1546,22
533,51	1529,83
533,72	1513,45
533,93	1464,30
534,13	1476,59
534,34	1413,10
534,55	1503,21
534,75	1462,25
534,96	1591,27
535,17	1525,74
535,37	1431,53
535,58	1480,68
535,79	1449,96
535,99	1427,43
536,20	1542,12
536,41	1415,15
536,61	1486,83
536,82	1492,97
537,03	1515,50
537,23	1445,87
537,44	1404,91
537,64	1517,54
537,85	1474,54
538,06	1454,06
538,26	1578,98
538,47	1468,39
538,68	1515,50
538,88	1427,43
539,09	1509,35
539,30	1503,21
539,50	1503,21
539,71	1540,07
539,91	1548,26
540,12	1519,59
540,33	1447,91
540,53	1454,06
540,74	1460,20
540,94	1474,54
541,15	1495,02
541,36	1513,45
541,56	1505,26
541,77	1460,20
541,98	1480,68
542,18	1515,50
542,39	1589,22
542,59	1503,21
542,80	1570,79
543,01	1462,25
543,21	1425,39
543,42	1540,07
543,62	1472,49
543,83	1468,39
544,04	1423,34
544,24	1513,45
544,45	1550,31
544,65	1576,94
544,86	1468,39
545,06	1456,11
545,27	1431,53
545,48	1374,19
545,68	1546,22
545,89	1417,19
546,09	1425,39
546,30	1439,72
546,51	1478,63
546,71	1435,63
546,92	1460,20
547,12	1484,78
547,33	1486,83
547,53	1505,26
547,74	1538,02
547,95	1409,00
548,15	1505,26
548,36	1513,45
548,56	1499,11
548,77	1462,25
548,97	1454,06
549,18	1415,15
549,39	1499,11
549,59	1468,39
549,80	1464,30
550,00	1464,30
550,21	1521,64
550,41	1472,49
550,62	1509,35
550,82	1482,73
551,03	1419,24
551,23	1503,21
551,44	1464,30
551,65	1480,68
551,85	1472,49
552,06	1409,00
552,26	1548,26
552,47	1443,82
552,67	1497,07
552,88	1476,59
553,08	1511,40
553,29	1538,02
553,49	1495,02
553,70	1513,45
553,90	1476,59
554,11	1366,00
554,32	1513,45
554,52	1468,39
554,73	1568,74
554,93	1425,39
555,14	1445,87
555,34	1460,20
555,55	1464,30
555,75	1472,49
555,96	1384,43
556,16	1472,49
556,37	1544,17
556,57	1431,53
556,78	1470,44
556,98	1460,20
557,19	1529,83
557,39	1558,50
557,60	1427,43
557,80	1419,24
558,01	1456,11
558,21	1466,35
558,42	1452,01
558,62	1478,63
558,83	1529,83
559,03	1437,67
559,24	1515,50
559,44	1497,07
559,65	1535,98
559,85	1458,15
560,06	1484,78
560,26	1533,93
560,47	1519,59
560,67	1521,64
560,88	1449,96
561,08	1585,13
561,29	1558,50
561,49	1437,67
561,70	1486,83
561,90	1548,26
562,10	1462,25
562,31	1486,83
562,51	1460,20
562,72	1437,67
562,92	1507,30
563,13	1583,08
563,33	1462,25
563,54	1558,50
563,74	1562,60
563,95	1449,96
564,15	1533,93
564,36	1507,30
564,56	1507,30
564,76	1452,01
564,97	1482,73
565,17	1445,87
565,38	1544,17
565,58	1458,15
565,79	1484,78
565,99	1497,07
566,20	1542,12
566,40	1480,68
566,60	1552,36
566,81	1562,60
567,01	1476,59
567,22	1456,11
567,42	1515,50
567,63	1452,01
567,83	1540,07
568,04	1538,02
568,24	1490,92
568,44	1591,27
568,65	1472,49
568,85	1458,15
569,06	1525,74
569,26	1466,35
569,47	1531,88
569,67	1415,15
569,87	1495,02
570,08	1583,08
570,28	1529,83
570,49	1538,02
570,69	1529,83
570,89	1552,36
571,10	1634,28
571,30	1515,50
571,51	1507,30
571,71	1529,83
571,91	1628,14
572,12	1558,50
572,32	1480,68
572,53	1519,59
572,73	1558,50
572,93	1601,51
573,14	1521,64
573,34	1472,49
573,55	1470,44
573,75	1540,07
573,95	1478,63
574,16	1523,69
574,36	1531,88
574,57	1515,50
574,77	1468,39
574,97	1499,11
575,18	1488,87
575,38	1507,30
575,59	1476,59
575,79	1427,43
575,99	1517,54
576,20	1458,15
576,40	1574,89
576,60	1605,61
576,81	1544,17
577,01	1546,22
577,22	1535,98
577,42	1464,30
577,62	1544,17
577,83	1429,48
578,03	1576,94
578,23	1456,11
578,44	1470,44
578,64	1470,44
578,84	1560,55
579,05	1517,54
579,25	1566,70
579,45	1396,71
579,66	1464,30
579,86	1507,30
580,07	1476,59
580,27	1497,07
580,47	1464,30
580,68	1482,73
580,88	1480,68
581,08	1492,97
581,29	1503,21
581,49	1476,59
581,69	1548,26
581,90	1413,10
582,10	1452,01
582,30	1472,49
582,51	1490,92
582,71	1507,30
582,91	1482,73
583,12	1452,01
583,32	1501,16
583,52	1499,11
583,73	1458,15
583,93	1525,74
584,13	1505,26
584,34	1501,16
584,54	1462,25
584,74	1593,32
584,94	1499,11
585,15	1488,87
585,35	1578,98
585,55	1460,20
585,76	1484,78
585,96	1439,72
586,16	1564,65
586,37	1445,87
586,57	1484,78
586,77	1398,76
586,98	1533,93
587,18	1576,94
587,38	1476,59
587,58	1460,20
587,79	1552,36
587,99	1447,91
588,19	1456,11
588,40	1421,29
588,60	1587,18
588,80	1404,91
589,00	1484,78
589,21	1501,16
589,41	1507,30
589,61	1433,58
589,82	1511,40
590,02	1398,76
590,22	1601,51
590,42	1542,12
590,63	1540,07
590,83	1554,41
591,03	1556,46
591,23	1497,07
591,44	1619,94
591,64	1492,97
591,84	1505,26
592,05	1535,98
592,25	1501,16
592,45	1464,30
592,65	1599,46
592,86	1445,87
593,06	1632,23
593,26	1415,15
593,46	1542,12
593,67	1449,96
593,87	1527,78
594,07	1540,07
594,27	1619,94
594,48	1505,26
594,68	1558,50
594,88	1470,44
595,08	1470,44
595,29	1484,78
595,49	1562,60
595,69	1476,59
595,89	1538,02
596,10	1507,30
596,30	1576,94
596,50	1435,63
596,70	1581,03
596,90	1462,25
597,11	1503,21
597,31	1488,87
597,51	1497,07
597,71	1564,65
597,92	1544,17
598,12	1554,41
598,32	1583,08
598,52	1499,11
598,72	1550,31
598,93	1593,32
599,13	1558,50
599,33	1546,22
599,53	1599,46
599,74	1472,49
599,94	1540,07
600,14	1447,91
600,34	1521,64
600,54	1542,12
600,75	1513,45
600,95	1437,67
601,15	1509,35
601,35	1454,06
601,55	1544,17
601,76	1480,68
601,96	1603,56
602,16	1458,15
602,36	1628,14
602,56	1492,97
602,76	1456,11
602,97	1452,01
603,17	1525,74
603,37	1531,88
603,57	1560,55
603,77	1499,11
603,98	1531,88
604,18	1460,20
604,38	1523,69
604,58	1402,86
604,78	1521,64
604,98	1464,30
605,19	1499,11
605,39	1511,40
605,59	1558,50
605,79	1480,68
605,99	1505,26
606,19	1523,69
606,40	1544,17
606,60	1538,02
606,80	1431,53
607,00	1523,69
607,20	1515,50
607,40	1452,01
607,61	1552,36
607,81	1503,21
608,01	1581,03
608,21	1564,65
608,41	1509,35
608,61	1501,16
608,81	1513,45
609,02	1470,44
609,22	1468,39
609,42	1515,50
609,62	1386,47
609,82	1503,21
610,02	1521,64
610,22	1509,35
610,43	1476,59
610,63	1505,26
610,83	1509,35
611,03	1505,26
611,23	1478,63
611,43	1572,84
611,63	1486,83
611,83	1415,15
612,04	1546,22
612,24	1570,79
612,44	1484,78
612,64	1562,60
612,84	1488,87
613,04	1484,78
613,24	1538,02
613,44	1435,63
613,64	1495,02
613,85	1540,07
614,05	1540,07
614,25	1560,55
614,45	1470,44
614,65	1521,64
614,85	1462,25
615,05	1503,21
615,25	1562,60
615,45	1484,78
615,65	1529,83
615,86	1546,22
616,06	1521,64
616,26	1568,74
616,46	1615,85
616,66	1509,35
616,86	1558,50
617,06	1464,30
617,26	1578,98
617,46	1593,32
617,66	1531,88
617,86	1591,27
618,07	1458,15
618,27	1585,13
618,47	1472,49
618,67	1591,27
618,87	1562,60
619,07	1492,97
619,27	1669,09
619,47	1560,55
619,67	1621,99
619,87	1505,26
620,07	1517,54
620,27	1552,36
620,47	1568,74
620,67	1654,76
620,87	1556,46
621,07	1578,98
621,28	1609,70
621,48	1568,74
621,68	1630,18
621,88	1619,94
622,08	1595,37
622,28	1589,22
622,48	1648,61
622,68	1593,32
622,88	1581,03
623,08	1617,90
623,28	1523,69
623,48	1601,51
623,68	1619,94
623,88	1560,55
624,08	1708,01
624,28	1535,98
624,48	1568,74
624,68	1546,22
624,88	1525,74
625,08	1652,71
625,28	1597,42
625,48	1636,33
625,68	1529,83
625,88	1550,31
626,08	1456,11
626,28	1556,46
626,48	1460,20
626,68	1544,17
626,88	1593,32
627,08	1601,51
627,28	1681,38
627,48	1646,57
627,68	1636,33
627,88	1538,02
628,08	1572,84
628,28	1562,60
628,49	1581,03
628,68	1515,50
628,88	1546,22
629,08	1558,50
629,28	1546,22
629,48	1525,74
629,68	1660,90
629,88	1585,13
630,08	1662,95
630,28	1697,77
630,48	1538,02
630,68	1578,98
630,88	1626,09
631,08	1583,08
631,28	1691,62
631,48	1509,35
631,68	1546,22
631,88	1632,23
632,08	1640,42
632,28	1599,46
632,48	1611,75
632,68	1533,93
632,88	1665,00
633,08	1660,90
633,28	1585,13
633,48	1632,23
633,68	1562,60
633,88	1521,64
634,08	1673,19
634,28	1597,42
634,48	1615,85
634,68	1566,70
634,88	1660,90
635,08	1480,68
635,28	1589,22
635,48	1601,51
635,68	1601,51
635,87	1624,04
636,07	1691,62
636,27	1525,74
636,47	1630,18
636,67	1576,94
636,87	1578,98
637,07	1617,90
637,27	1574,89
637,47	1599,46
637,67	1638,38
637,87	1568,74
638,07	1636,33
638,27	1523,69
638,47	1667,05
638,67	1585,13
638,86	1605,61
639,06	1568,74
639,26	1564,65
639,46	1583,08
639,66	1615,85
639,86	1595,37
640,06	1660,90
640,26	1593,32
640,46	1624,04
640,66	1644,52
640,86	1669,09
641,06	1523,69
641,25	1621,99
641,45	1593,32
641,65	1540,07
641,85	1542,12
642,05	1607,66
642,25	1535,98
642,45	1564,65
642,65	1634,28
642,85	1691,62
643,05	1589,22
643,24	1605,61
643,44	1585,13
643,64	1601,51
643,84	1611,75
644,04	1609,70
644,24	1638,38
644,44	1632,23
644,64	1554,41
644,84	1581,03
645,03	1615,85
645,23	1652,71
645,43	1621,99
645,63	1568,74
645,83	1593,32
646,03	1603,56
646,23	1576,94
646,42	1648,61
646,62	1640,42
646,82	1607,66
647,02	1615,85
647,22	1619,94
647,42	1597,42
647,62	1640,42
647,82	1560,55
648,01	1652,71
648,21	1517,54
648,41	1675,24
648,61	1654,76
648,81	1771,49
649,01	1595,37
649,20	1619,94
649,40	1714,15
649,60	1640,42
649,80	1607,66
650,00	1644,52
650,20	1630,18
650,40	1693,67
650,59	1578,98
650,79	1675,24
650,99	1648,61
651,19	1595,37
651,39	1624,04
651,58	1599,46
651,78	1665,00
651,98	1642,47
652,18	1572,84
652,38	1667,05
652,58	1605,61
652,77	1744,87
652,97	1746,92
653,17	1654,76
653,37	1673,19
653,57	1632,23
653,77	1630,18
653,96	1636,33
654,16	1587,18
654,36	1650,66
654,56	1662,95
654,76	1552,36
654,95	1697,77
655,15	1576,94
655,35	1634,28
655,55	1654,76
655,75	1660,90
655,94	1626,09
656,14	1679,33
656,34	1662,95
656,54	1587,18
656,73	1685,48
656,93	1636,33
657,13	1654,76
657,33	1712,10
657,53	1628,14
657,72	1712,10
657,92	1607,66
658,12	1626,09
658,32	1693,67
658,52	1632,23
658,71	1677,29
658,91	1654,76
659,11	1642,47
659,31	1744,87
659,50	1638,38
659,70	1677,29
659,90	1769,44
660,10	1724,39
660,29	1718,25
660,49	1593,32
660,69	1685,48
660,89	1677,29
661,08	1638,38
661,28	1630,18
661,48	1599,46
661,68	1619,94
661,87	1636,33
662,07	1771,49
662,27	1689,57
662,47	1626,09
662,66	1710,05
662,86	1677,29
663,06	1656,81
663,26	1562,60
663,45	1669,09
663,65	1654,76
663,85	1652,71
664,05	1687,53
664,24	1607,66
664,44	1583,08
664,64	1644,52
664,84	1646,57
665,03	1757,16
665,23	1652,71
665,43	1621,99
665,62	1574,89
665,82	1683,43
666,02	1705,96
666,22	1597,42
666,41	1546,22
666,61	1748,97
666,81	1619,94
667,00	1589,22
667,20	1648,61
667,40	1677,29
667,60	1552,36
667,79	1617,90
667,99	1630,18
668,19	1638,38
668,38	1615,85
668,58	1648,61
668,78	1681,38
668,97	1734,63
669,17	1716,20
669,37	1673,19
669,57	1593,32
669,76	1701,86
669,96	1607,66
670,16	1609,70
670,35	1646,57
670,55	1646,57
670,75	1644,52
670,94	1599,46
671,14	1726,44
671,34	1621,99
671,53	1587,18
671,73	1578,98
671,93	1673,19
672,12	1568,74
672,32	1654,76
672,52	1642,47
672,71	1630,18
672,91	1601,51
673,11	1587,18
673,30	1601,51
673,50	1628,14
673,70	1634,28
673,89	1515,50
674,09	1673,19
674,29	1587,18
674,48	1599,46
674,68	1531,88
674,88	1576,94
675,07	1621,99
675,27	1511,40
675,46	1554,41
675,66	1593,32
675,86	1615,85
676,05	1671,14
676,25	1566,70
676,45	1591,27
676,64	1519,59
676,84	1603,56
677,04	1542,12
677,23	1638,38
677,43	1538,02
677,62	1621,99
677,82	1638,38
678,02	1585,13
678,21	1632,23
678,41	1603,56
678,61	1556,46
678,80	1617,90
679,00	1615,85
679,19	1677,29
679,39	1650,66
679,59	1538,02
679,78	1607,66
679,98	1542,12
680,17	1593,32
680,37	1621,99
680,57	1632,23
680,76	1589,22
680,96	1605,61
681,16	1562,60
681,35	1540,07
681,55	1562,60
681,74	1558,50
681,94	1603,56
682,13	1628,14
682,33	1648,61
682,53	1519,59
682,72	1574,89
682,92	1558,50
683,11	1560,55
683,31	1669,09
683,51	1585,13
683,70	1665,00
683,90	1578,98
684,09	1656,81
684,29	1634,28
684,48	1550,31
684,68	1605,61
684,88	1642,47
685,07	1630,18
685,27	1542,12
685,46	1681,38
685,66	1632,23
685,85	1611,75
686,05	1687,53
686,25	1630,18
686,44	1656,81
686,64	1603,56
686,83	1615,85
687,03	1712,10
687,22	1671,14
687,42	1570,79
687,61	1683,43
687,81	1554,41
688,01	1701,86
688,20	1675,24
688,40	1574,89
688,59	1695,72
688,79	1574,89
688,98	1636,33
689,18	1699,81
689,37	1652,71
689,57	1654,76
689,76	1648,61
689,96	1624,04
690,15	1685,48
690,35	1630,18
690,54	1736,68
690,74	1611,75
690,94	1609,70
691,13	1755,11
691,33	1775,59
691,52	1716,20
691,72	1691,62
691,91	1665,00
692,11	1787,88
692,30	1722,34
692,50	1718,25
692,69	1712,10
692,89	1722,34
693,08	1613,80
693,28	1703,91
693,47	1656,81
693,67	1759,21
693,86	1638,38
694,06	1716,20
694,25	1677,29
694,45	1759,21
694,64	1624,04
694,84	1724,39
695,03	1669,09
695,23	1691,62
695,42	1611,75
695,62	1632,23
695,81	1710,05
696,01	1689,57
696,20	1650,66
696,40	1642,47
696,59	1630,18
696,78	1683,43
696,98	1673,19
697,17	1697,77
697,37	1634,28
697,56	1714,15
697,76	1624,04
697,95	1730,53
698,15	1611,75
698,34	1619,94
698,54	1621,99
698,73	1759,21
698,93	1646,57
699,12	1589,22
699,32	1619,94
699,51	1619,94
699,70	1525,74
699,90	1511,40
700,09	1540,07
700,29	1595,37
700,48	1509,35
700,68	1501,16
700,87	1589,22
701,07	1552,36
701,26	1554,41
701,45	1542,12
701,65	1513,45
701,84	1486,83
702,04	1552,36
702,23	1478,63
702,43	1497,07
702,62	1488,87
702,81	1578,98
703,01	1447,91
703,20	1503,21
703,40	1490,92
703,59	1533,93
703,79	1482,73
703,98	1525,74
704,17	1462,25
704,37	1548,26
704,56	1490,92
704,76	1370,09
704,95	1402,86
705,14	1406,95
705,34	1482,73
705,53	1443,82
705,73	1380,33
705,92	1476,59
706,11	1443,82
706,31	1341,42
706,50	1439,72
706,70	1447,91
706,89	1480,68
707,08	1462,25
707,28	1394,67
707,47	1417,19
707,67	1433,58
707,86	1484,78
708,05	1431,53
708,25	1396,71
708,44	1374,19
708,64	1396,71
708,83	1388,52
709,02	1409,00
709,22	1394,67
709,41	1363,95
709,60	1546,22
709,80	1421,29
709,99	1517,54
710,19	1320,94
710,38	1462,25
710,57	1456,11
710,77	1361,90
710,96	1384,43
711,15	1411,05
711,35	1431,53
711,54	1452,01
711,73	1366,00
711,93	1372,14
712,12	1421,29
712,31	1339,37
712,51	1390,57
712,70	1380,33
712,89	1316,84
713,09	1419,24
713,28	1452,01
713,48	1372,14
713,67	1472,49
713,86	1411,05
714,06	1406,95
714,25	1402,86
714,44	1441,77
714,64	1413,10
714,83	1374,19
715,02	1425,39
715,22	1472,49
715,41	1423,34
715,60	1374,19
715,79	1402,86
715,99	1425,39
716,18	1396,71
716,37	1468,39
716,57	1462,25
716,76	1425,39
716,95	1388,52
717,15	1484,78
717,34	1312,75
717,53	1366,00
717,73	1507,30
717,92	1384,43
718,11	1482,73
718,31	1486,83
718,50	1452,01
718,69	1462,25
718,88	1449,96
719,08	1427,43
719,27	1366,00
719,46	1468,39
719,66	1406,95
719,85	1351,66
720,04	1390,57
720,23	1329,13
720,43	1466,35
720,62	1368,04
720,81	1318,89
721,01	1458,15
721,20	1476,59
721,39	1419,24
721,58	1398,76
721,78	1435,63
721,97	1421,29
722,16	1488,87
722,35	1425,39
722,55	1441,77
722,74	1394,67
722,93	1376,24
723,13	1435,63
723,32	1433,58
723,51	1390,57
723,70	1398,76
723,90	1449,96
724,09	1449,96
724,28	1374,19
724,47	1366,00
724,67	1423,34
724,86	1355,76
725,05	1386,47
725,24	1433,58
725,44	1380,33
725,63	1308,65
725,82	1374,19
726,01	1374,19
726,21	1507,30
726,40	1349,61
726,59	1476,59
726,78	1392,62
726,97	1384,43
727,17	1404,91
727,36	1404,91
727,55	1495,02
727,74	1337,32
727,94	1368,04
728,13	1404,91
728,32	1372,14
728,51	1363,95
728,70	1361,90
728,90	1439,72
729,09	1415,15
729,28	1396,71
729,47	1462,25
729,66	1429,48
729,86	1400,81
730,05	1322,99
730,24	1449,96
730,43	1460,20
730,63	1417,19
730,82	1478,63
731,01	1400,81
731,20	1421,29
731,39	1372,14
731,58	1380,33
731,78	1435,63
731,97	1333,23
732,16	1464,30
732,35	1351,66
732,54	1404,91
732,74	1404,91
732,93	1392,62
733,12	1392,62
733,31	1433,58
733,50	1347,56
733,69	1509,35
733,89	1472,49
734,08	1460,20
734,27	1439,72
734,46	1427,43
734,65	1413,10
734,84	1402,86
735,04	1357,80
735,23	1472,49
735,42	1495,02
735,61	1386,47
735,80	1472,49
735,99	1409,00
736,19	1366,00
736,38	1398,76
736,57	1378,28
736,76	1363,95
736,95	1431,53
737,14	1462,25
737,33	1456,11
737,53	1490,92
737,72	1419,24
737,91	1366,00
738,10	1439,72
738,29	1284,08
738,48	1433,58
738,67	1423,34
738,87	1497,07
739,06	1359,85
739,25	1468,39
739,44	1343,47
739,63	1523,69
739,82	1452,01
740,01	1366,00
740,20	1384,43
740,40	1464,30
740,59	1437,67
740,78	1449,96
740,97	1400,81
741,16	1402,86
741,35	1456,11
741,54	1415,15
741,73	1380,33
741,92	1351,66
742,12	1388,52
742,31	1370,09
742,50	1484,78
742,69	1404,91
742,88	1449,96
743,07	1419,24
743,26	1353,71
743,45	1439,72
743,64	1462,25
743,83	1431,53
744,02	1419,24
744,22	1374,19
744,41	1486,83
744,60	1429,48
744,79	1511,40
744,98	1529,83
745,17	1386,47
745,36	1447,91
745,55	1468,39
745,74	1480,68
745,93	1470,44
746,12	1376,24
746,31	1394,67
746,50	1423,34
746,70	1484,78
746,89	1374,19
747,08	1314,80
747,27	1376,24
747,46	1460,20
747,65	1425,39
747,84	1540,07
748,03	1523,69
748,22	1427,43
748,41	1441,77
748,60	1495,02
748,79	1454,06
748,98	1503,21
749,17	1462,25
749,36	1507,30
749,55	1441,77
749,74	1380,33
749,93	1540,07
750,12	1386,47
750,31	1402,86
750,50	1499,11
750,70	1425,39
750,89	1507,30
751,08	1634,28
751,27	1476,59
751,46	1462,25
751,65	1415,15
751,84	1554,41
752,03	1345,52
752,22	1495,02
752,41	1544,17
752,60	1396,71
752,79	1533,93
752,98	1439,72
753,17	1423,34
753,36	1478,63
753,55	1454,06
753,74	1466,35
753,93	1544,17
754,12	1447,91
754,31	1523,69
754,50	1454,06
754,69	1423,34
754,88	1495,02
755,07	1458,15
755,26	1443,82
755,45	1398,76
755,64	1466,35
755,83	1525,74
756,02	1460,20
756,21	1533,93
756,40	1486,83
756,59	1458,15
756,78	1480,68
756,97	1581,03
757,16	1486,83
757,35	1501,16
757,54	1497,07
757,72	1501,16
757,91	1406,95
758,10	1484,78
758,29	1460,20
758,48	1513,45
758,67	1452,01
758,86	1574,89
759,05	1533,93
759,24	1546,22
759,43	1521,64
759,62	1474,54
759,81	1507,30
760,00	1583,08
760,19	1486,83
760,38	1521,64
760,57	1435,63
760,76	1472,49
760,95	1585,13
761,14	1476,59
761,33	1464,30
761,52	1505,26
761,70	1484,78
761,89	1527,78
762,08	1560,55
762,27	1572,84
762,46	1572,84
762,65	1519,59
762,84	1570,79
763,03	1574,89
763,22	1564,65
763,41	1552,36
763,60	1439,72
763,79	1607,66
763,98	1482,73
764,16	1552,36
764,35	1581,03
764,54	1607,66
764,73	1513,45
764,92	1570,79
765,11	1681,38
765,30	1578,98
765,49	1499,11
765,68	1665,00
765,87	1552,36
766,06	1513,45
766,24	1589,22
766,43	1554,41
766,62	1599,46
766,81	1638,38
767,00	1644,52
767,19	1525,74
767,38	1687,53
767,57	1535,98
767,76	1615,85
767,94	1650,66
768,13	1611,75
768,32	1654,76
768,51	1626,09
768,70	1648,61
768,89	1581,03
769,08	1675,24
769,27	1617,90
769,45	1591,27
769,64	1712,10
769,83	1572,84
770,02	1673,19
770,21	1656,81
770,40	1712,10
770,59	1589,22
770,77	1662,95
770,96	1699,81
771,15	1724,39
771,34	1665,00
771,53	1759,21
771,72	1738,73
771,91	1640,42
772,09	1621,99
772,28	1619,94
772,47	1642,47
772,66	1703,91
772,85	1667,05
773,04	1634,28
773,22	1718,25
773,41	1761,25
773,60	1630,18
773,79	1708,01
773,98	1619,94
774,17	1656,81
774,35	1728,49
774,54	1654,76
774,73	1773,54
774,92	1736,68
775,11	1847,27
775,30	1738,73
775,48	1771,49
775,67	1697,77
775,86	1746,92
776,05	1689,57
776,24	1740,77
776,42	1742,82
776,61	1806,31
776,80	1689,57
776,99	1736,68
777,18	1816,55
777,36	1787,88
777,55	1679,33
777,74	1812,45
777,93	1716,20
778,12	1816,55
778,30	1816,55
778,49	1775,59
778,68	1812,45
778,87	1791,97
779,06	1718,25
779,24	1826,79
779,43	1734,63
779,62	1785,83
779,81	1794,02
779,99	1742,82
780,18	1746,92
780,37	1832,93
780,56	1908,71
780,75	1822,69
780,93	1771,49
781,12	1787,88
781,31	1742,82
781,50	1808,36
781,68	1705,96
781,87	1654,76
782,06	1722,34
782,25	1757,16
782,43	1783,78
782,62	1724,39
782,81	1742,82
783,00	1724,39
783,18	1693,67
783,37	1728,49
783,56	1695,72
783,75	1800,16
783,93	1697,77
784,12	1861,60
784,31	1689,57
784,50	1742,82
784,68	1619,94
784,87	1607,66
785,06	1665,00
785,24	1722,34
785,43	1634,28
785,62	1716,20
785,81	1601,51
785,99	1591,27
786,18	1540,07
786,37	1615,85
786,56	1550,31
786,74	1662,95
786,93	1701,86
787,12	1591,27
787,30	1472,49
787,49	1621,99
787,68	1538,02
787,87	1531,88
788,05	1583,08
788,24	1531,88
788,43	1521,64
788,61	1646,57
788,80	1492,97
788,99	1540,07
789,17	1587,18
789,36	1523,69
789,55	1562,60
789,73	1521,64
789,92	1478,63
790,11	1492,97
790,30	1546,22
790,48	1583,08
790,67	1501,16
790,86	1492,97
791,04	1519,59
791,23	1468,39
791,42	1482,73
791,60	1449,96
791,79	1445,87
791,98	1454,06
792,16	1583,08
792,35	1464,30
792,54	1521,64
792,72	1464,30
792,91	1398,76
793,10	1368,04
793,28	1411,05
793,47	1492,97
793,66	1406,95
793,84	1415,15
794,03	1490,92
794,22	1525,74
794,40	1409,00
794,59	1435,63
794,77	1400,81
794,96	1374,19
795,15	1460,20
795,33	1378,28
795,52	1460,20
795,71	1466,35
795,89	1378,28
796,08	1439,72
796,27	1445,87
796,45	1423,34
796,64	1380,33
796,82	1404,91
797,01	1486,83
797,20	1474,54
797,38	1415,15
797,57	1325,04
797,76	1488,87
797,94	1441,77
798,13	1423,34
798,31	1394,67
798,50	1333,23
798,69	1501,16
798,87	1351,66
799,06	1431,53
799,24	1392,62
799,43	1374,19
799,62	1411,05
799,80	1372,14
799,99	1488,87
800,17	1458,15
800,36	1382,38
800,55	1427,43
800,73	1411,05
800,92	1390,57
801,10	1404,91
801,29	1437,67
801,48	1497,07
801,66	1349,61
801,85	1406,95
802,03	1462,25
802,22	1368,04
802,40	1429,48
802,59	1468,39
802,78	1452,01
802,96	1476,59
803,15	1476,59
803,33	1476,59
803,52	1460,20
803,70	1380,33
803,89	1402,86
804,08	1347,56
804,26	1429,48
804,45	1392,62
804,63	1452,01
804,82	1456,11
805,00	1345,52
805,19	1402,86
805,37	1366,00
805,56	1382,38
805,74	1357,80
805,93	1431,53
806,12	1499,11
806,30	1363,95
806,49	1495,02
806,67	1396,71
806,86	1499,11
807,04	1433,58
807,23	1495,02
807,41	1366,00
807,60	1476,59
807,78	1419,24
807,97	1718,25
808,15	1308,65
808,34	1425,39
808,52	1466,35
808,71	1413,10
808,89	1398,76
809,08	1492,97
809,27	1398,76
809,45	1495,02
809,64	1384,43
809,82	1425,39
810,01	1484,78
810,19	1441,77
810,38	1427,43
810,56	1349,61
810,75	1419,24
810,93	1372,14
811,12	1421,29
811,30	1429,48
811,49	1437,67
811,67	1458,15
811,85	1445,87
812,04	1429,48
812,22	1445,87
812,41	1406,95
812,59	1374,19
812,78	1478,63
812,96	1382,38
813,15	1458,15
813,33	1351,66
813,52	1452,01
813,70	1439,72
813,89	1460,20
814,07	1427,43
814,26	1355,76
814,44	1445,87
814,63	1478,63
814,81	1366,00
815,00	1351,66
815,18	1423,34
815,36	1521,64
815,55	1458,15
815,73	1507,30
815,92	1560,55
816,10	1578,98
816,29	1452,01
816,47	1380,33
816,66	1452,01
816,84	1460,20
817,02	1445,87
817,21	1533,93
817,39	1492,97
817,58	1402,86
817,76	1474,54
817,95	1486,83
818,13	1402,86
818,32	1417,19
818,50	1445,87
818,68	1492,97
818,87	1490,92
819,05	1550,31
819,24	1468,39
819,42	1452,01
819,60	1452,01
819,79	1466,35
819,97	1417,19
820,16	1396,71
820,34	1366,00
820,53	1497,07
820,71	1454,06
820,89	1439,72
821,08	1540,07
821,26	1445,87
821,45	1427,43
821,63	1449,96
821,81	1464,30
822,00	1447,91
822,18	1419,24
822,37	1480,68
822,55	1421,29
822,73	1476,59
822,92	1464,30
823,10	1472,49
823,28	1544,17
823,47	1460,20
823,65	1464,30
823,84	1419,24
824,02	1425,39
824,20	1484,78
824,39	1460,20
824,57	1566,70
824,75	1517,54
824,94	1495,02
825,12	1517,54
825,31	1425,39
825,49	1484,78
825,67	1466,35
825,86	1382,38
826,04	1525,74
826,22	1492,97
826,41	1552,36
826,59	1472,49
826,77	1513,45
826,96	1445,87
827,14	1578,98
827,32	1452,01
827,51	1435,63
827,69	1513,45
827,87	1452,01
828,06	1554,41
828,24	1445,87
828,42	1488,87
828,61	1566,70
828,79	1517,54
828,97	1523,69
829,16	1581,03
829,34	1419,24
829,52	1511,40
829,71	1550,31
829,89	1538,02
830,07	1527,78
830,26	1497,07
830,44	1546,22
830,62	1564,65
830,81	1576,94
830,99	1521,64
831,17	1527,78
831,36	1495,02
831,54	1533,93
831,72	1533,93
831,91	1501,16
832,09	1429,48
832,27	1523,69
832,45	1460,20
832,64	1495,02
832,82	1562,60
833,00	1529,83
833,19	1478,63
833,37	1550,31
833,55	1513,45
833,73	1431,53
833,92	1460,20
834,10	1515,50
834,28	1415,15
834,47	1634,28
834,65	1593,32
834,83	1570,79
835,01	1566,70
835,20	1499,11
835,38	1478,63
835,56	1468,39
835,74	1611,75
835,93	1621,99
836,11	1601,51
836,29	1544,17
836,47	1634,28
836,66	1595,37
836,84	1525,74
837,02	1544,17
837,21	1636,33
837,39	1556,46
837,57	1599,46
837,75	1626,09
837,94	1570,79
838,12	1484,78
838,30	1552,36
838,48	1572,84
838,66	1554,41
838,85	1626,09
839,03	1595,37
839,21	1523,69
839,39	1513,45
839,58	1630,18
839,76	1589,22
839,94	1648,61
840,12	1634,28
840,31	1640,42
840,49	1511,40
840,67	1613,80
840,85	1495,02
841,03	1656,81
841,22	1550,31
841,40	1673,19
841,58	1533,93
841,76	1535,98
841,94	1576,94
842,13	1693,67
842,31	1720,29
842,49	1601,51
842,67	1568,74
842,85	1595,37
843,04	1701,86
843,22	1718,25
843,40	1605,61
843,58	1742,82
843,76	1681,38
843,95	1710,05
844,13	1601,51
844,31	1615,85
844,49	1675,24
844,67	1632,23
844,86	1585,13
845,04	1681,38
845,22	1648,61
845,40	1593,32
845,58	1687,53
845,76	1710,05
845,95	1675,24
846,13	1632,23
846,31	1685,48
846,49	1652,71
846,67	1689,57
846,85	1726,44
847,04	1613,80
847,22	1613,80
847,40	1585,13
847,58	1736,68
847,76	1662,95
847,94	1605,61
848,12	1662,95
848,31	1744,87
848,49	1685,48
848,67	1753,06
848,85	1705,96
849,03	1710,05
849,21	1716,20
849,39	1703,91
849,58	1648,61
849,76	1781,73
849,94	1697,77
850,12	1636,33
850,30	1746,92
850,48	1769,44
850,66	1734,63
850,84	1761,25
851,03	1714,15
851,21	1675,24
851,39	1683,43
851,57	1759,21
851,75	1568,74
851,93	1748,97
852,11	1669,09
852,29	1744,87
852,47	1705,96
852,66	1800,16
852,84	1687,53
853,02	1728,49
853,20	1730,53
853,38	1816,55
853,56	1703,91
853,74	1722,34
853,92	1648,61
854,10	1699,81
854,28	1630,18
854,46	1673,19
854,65	1751,01
854,83	1667,05
855,01	1669,09
855,19	1681,38
855,37	1660,90
855,55	1710,05
855,73	1757,16
855,91	1665,00
856,09	1642,47
856,27	1699,81
856,45	1628,14
856,63	1701,86
856,81	1685,48
857,00	1687,53
857,18	1658,85
857,36	1730,53
857,54	1658,85
857,72	1689,57
857,90	1626,09
858,08	1732,58
858,26	1601,51
858,44	1650,66
858,62	1710,05
858,80	1521,64
858,98	1771,49
859,16	1652,71
859,34	1703,91
859,52	1693,67
859,70	1671,14
859,88	1589,22
860,06	1636,33
860,24	1671,14
860,42	1607,66
860,60	1693,67
860,78	1552,36
860,96	1593,32
861,14	1697,77
861,32	1556,46
861,50	1538,02
861,69	1632,23
861,87	1599,46
862,05	1699,81
862,23	1556,46
862,41	1708,01
862,59	1531,88
862,77	1626,09
862,95	1576,94
863,13	1681,38
863,31	1552,36
863,49	1572,84
863,67	1615,85
863,85	1431,53
864,03	1621,99
864,21	1531,88
864,39	1521,64
864,57	1638,38
864,75	1480,68
864,92	1632,23
865,10	1533,93
865,28	1398,76
865,46	1499,11
865,64	1546,22
865,82	1531,88
866,00	1497,07
866,18	1544,17
866,36	1435,63
866,54	1605,61
866,72	1556,46
866,90	1548,26
867,08	1492,97
867,26	1531,88
867,44	1411,05
867,62	1474,54
867,80	1533,93
867,98	1538,02
868,16	1484,78
868,34	1535,98
868,52	1507,30
868,70	1429,48
868,88	1460,20
869,06	1535,98
869,24	1458,15
869,42	1398,76
869,59	1497,07
869,77	1454,06
869,95	1558,50
870,13	1443,82
870,31	1394,67
870,49	1509,35
870,67	1392,62
870,85	1454,06
871,03	1402,86
871,21	1607,66
871,39	1462,25
871,57	1445,87
871,75	1466,35
871,92	1513,45
872,10	1492,97
872,28	1363,95
872,46	1480,68
872,64	1488,87
872,82	1460,20
873,00	1435,63
873,18	1468,39
873,36	1398,76
873,54	1404,91
873,72	1427,43
873,89	1413,10
874,07	1427,43
874,25	1466,35
874,43	1484,78
874,61	1441,77
874,79	1425,39
874,97	1423,34
875,15	1443,82
875,33	1447,91
875,50	1474,54
875,68	1443,82
875,86	1472,49
876,04	1503,21
876,22	1439,72
876,40	1406,95
876,58	1466,35
876,76	1546,22
876,93	1511,40
877,11	1341,42
877,29	1511,40
877,47	1435,63
877,65	1458,15
877,83	1466,35
878,01	1433,58
878,18	1378,28
878,36	1425,39
878,54	1425,39
878,72	1355,76
878,90	1368,04
879,08	1519,59
879,25	1390,57
879,43	1374,19
879,61	1441,77
879,79	1466,35
879,97	1460,20
880,15	1431,53
880,32	1337,32
880,50	1511,40
880,68	1400,81
880,86	1511,40
881,04	1482,73
881,22	1484,78
881,39	1468,39
881,57	1499,11
881,75	1402,86
881,93	1486,83
882,11	1462,25
882,28	1382,38
882,46	1388,52
882,64	1431,53
882,82	1423,34
883,00	1458,15
883,18	1468,39
883,35	1476,59
883,53	1329,13
883,71	1380,33
883,89	1474,54
884,07	1404,91
884,24	1454,06
884,42	1441,77
884,60	1423,34
884,78	1472,49
884,95	1370,09
885,13	1466,35
885,31	1402,86
885,49	1363,95
885,67	1431,53
885,84	1425,39
886,02	1423,34
886,20	1439,72
886,38	1392,62
886,55	1390,57
886,73	1372,14
886,91	1452,01
887,09	1413,10
887,26	1529,83
887,44	1441,77
887,62	1466,35
887,80	1398,76
887,98	1372,14
888,15	1417,19
888,33	1433,58
888,51	1419,24
888,69	1478,63
888,86	1386,47
889,04	1480,68
889,22	1372,14
889,39	1411,05
889,57	1456,11
889,75	1413,10
889,93	1343,47
890,10	1447,91
890,28	1409,00
890,46	1443,82
890,64	1400,81
890,81	1392,62
890,99	1456,11
891,17	1390,57
891,34	1419,24
891,52	1433,58
891,70	1298,41
891,88	1419,24
892,05	1419,24
892,23	1415,15
892,41	1462,25
892,58	1427,43
892,76	1413,10
892,94	1382,38
893,12	1431,53
893,29	1396,71
893,47	1396,71
893,65	1380,33
893,82	1372,14
894,00	1419,24
894,18	1320,94
894,35	1472,49
894,53	1470,44
894,71	1497,07
894,89	1425,39
895,06	1406,95
895,24	1415,15
895,42	1376,24
895,59	1427,43
895,77	1388,52
895,95	1452,01
896,12	1376,24
896,30	1470,44
896,48	1345,52
896,65	1523,69
896,83	1386,47
897,01	1437,67
897,18	1431,53
897,36	1452,01
897,54	1411,05
897,71	1411,05
897,89	1370,09
898,07	1413,10
898,24	1347,56
898,42	1392,62
898,59	1398,76
898,77	1449,96
898,95	1372,14
899,12	1474,54
899,30	1351,66
899,48	1421,29
899,65	1431,53
899,83	1345,52
900,01	1398,76
900,18	1355,76
900,36	1404,91
900,53	1378,28
900,71	1398,76
900,89	1425,39
901,06	1390,57
901,24	1402,86
901,42	1421,29
901,59	1417,19
901,77	1464,30
901,94	1423,34
902,12	1427,43
902,30	1464,30
902,47	1374,19
902,65	1353,71
902,82	1417,19
903,00	1441,77
903,18	1478,63
903,35	1374,19
903,53	1423,34
903,70	1472,49
903,88	1478,63
904,06	1384,43
904,23	1419,24
904,41	1380,33
904,58	1406,95
904,76	1411,05
904,93	1419,24
905,11	1372,14
905,29	1429,48
905,46	1409,00
905,64	1529,83
905,81	1353,71
905,99	1464,30
906,16	1464,30
906,34	1388,52
906,52	1421,29
906,69	1400,81
906,87	1411,05
907,04	1396,71
907,22	1335,28
907,39	1433,58
907,57	1458,15
907,75	1472,49
907,92	1419,24
908,10	1478,63
908,27	1409,00
908,45	1511,40
908,62	1366,00
908,80	1480,68
908,97	1441,77
909,15	1454,06
909,32	1425,39
909,50	1411,05
909,67	1427,43
909,85	1460,20
910,03	1372,14
910,20	1386,47
910,38	1452,01
910,55	1492,97
910,73	1396,71
910,90	1468,39
911,08	1527,78
911,25	1460,20
911,43	1425,39
911,60	1447,91
911,78	1396,71
911,95	1464,30
912,13	1411,05
912,30	1392,62
912,48	1378,28
912,65	1429,48
912,83	1452,01
913,00	1427,43
913,18	1452,01
913,35	1431,53
913,53	1339,37
913,70	1550,31
913,88	1452,01
914,05	1423,34
914,23	1417,19
914,40	1488,87
914,58	1318,89
914,75	1497,07
914,93	1445,87
915,10	1404,91
915,27	1466,35
915,45	1368,04
915,62	1447,91
915,80	1495,02
915,97	1421,29
916,15	1441,77
916,32	1529,83
916,50	1488,87
916,67	1439,72
916,85	1404,91
917,02	1398,76
917,20	1437,67
917,37	1398,76
917,54	1409,00
917,72	1382,38
917,89	1417,19
918,07	1443,82
918,24	1499,11
918,42	1404,91
918,59	1368,04
918,77	1480,68
918,94	1466,35
919,11	1392,62
919,29	1378,28
919,46	1452,01
919,64	1486,83
919,81	1331,18
919,99	1374,19
920,16	1433,58
920,33	1521,64
920,51	1417,19
920,68	1443,82
920,86	1437,67
921,03	1429,48
921,20	1359,85
921,38	1419,24
921,55	1411,05
921,73	1423,34
921,90	1415,15
922,07	1419,24
922,25	1398,76
922,42	1437,67
922,60	1441,77
922,77	1415,15
922,94	1370,09
923,12	1443,82
923,29	1337,32
923,47	1509,35
923,64	1425,39
923,81	1327,08
923,99	1425,39
924,16	1464,30
924,34	1361,90
924,51	1507,30
924,68	1447,91
924,86	1443,82
925,03	1394,67
925,20	1497,07
925,38	1404,91
925,55	1533,93
925,72	1419,24
925,90	1382,38
926,07	1474,54
926,25	1417,19
926,42	1445,87
926,59	1423,34
926,77	1433,58
926,94	1484,78
927,11	1386,47
927,29	1529,83
927,46	1435,63
927,63	1421,29
927,81	1435,63
927,98	1366,00
928,15	1486,83
928,33	1421,29
928,50	1456,11
928,67	1488,87
928,85	1423,34
929,02	1425,39
929,19	1460,20
929,37	1390,57
929,54	1368,04
929,71	1515,50
929,89	1409,00
930,06	1396,71
930,23	1431,53
930,41	1374,19
930,58	1423,34
930,75	1419,24
930,92	1454,06
931,10	1406,95
931,27	1378,28
931,44	1468,39
931,62	1378,28
931,79	1421,29
931,96	1419,24
932,14	1429,48
932,31	1499,11
932,48	1415,15
932,65	1345,52
932,83	1382,38
933,00	1437,67
933,17	1431,53
933,35	1456,11
933,52	1435,63
933,69	1542,12
933,86	1454,06
934,04	1456,11
934,21	1482,73
934,38	1353,71
934,55	1445,87
934,73	1417,19
934,90	1495,02
935,07	1372,14
935,25	1435,63
935,42	1370,09
935,59	1366,00
935,76	1406,95
935,94	1392,62
936,11	1368,04
936,28	1484,78
936,45	1433,58
936,63	1419,24
936,80	1347,56
936,97	1445,87
937,14	1490,92
937,31	1509,35
937,49	1470,44
937,66	1470,44
937,83	1390,57
938,00	1476,59
938,18	1462,25
938,35	1361,90
938,52	1480,68
938,69	1519,59
938,87	1439,72
939,04	1400,81
939,21	1386,47
939,38	1454,06
939,55	1378,28
939,73	1419,24
939,90	1404,91
940,07	1386,47
940,24	1419,24
940,41	1464,30
940,59	1423,34
940,76	1456,11
940,93	1388,52
941,10	1374,19
941,27	1398,76
941,45	1458,15
941,62	1345,52
941,79	1372,14
941,96	1394,67
942,13	1529,83
942,31	1429,48
942,48	1466,35
942,65	1468,39
942,82	1398,76
942,99	1331,18
943,16	1394,67
943,34	1454,06
943,51	1359,85
943,68	1406,95
943,85	1355,76
944,02	1462,25
944,19	1390,57
944,37	1445,87
944,54	1419,24
944,71	1374,19
944,88	1484,78
945,05	1359,85
945,22	1454,06
945,40	1445,87
945,57	1449,96
945,74	1425,39
945,91	1482,73
946,08	1464,30
946,25	1378,28
946,42	1415,15
946,60	1394,67
946,77	1492,97
946,94	1421,29
947,11	1443,82
947,28	1374,19
947,45	1415,15
947,62	1503,21
947,79	1347,56
947,97	1511,40
948,14	1480,68
948,31	1431,53
948,48	1298,41
948,65	1415,15
948,82	1384,43
948,99	1466,35
949,16	1413,10
949,33	1368,04
949,51	1386,47
949,68	1501,16
949,85	1398,76
950,02	1386,47
950,19	1458,15
950,36	1427,43
950,53	1413,10
950,70	1415,15
950,87	1445,87
951,04	1417,19
951,22	1452,01
951,39	1480,68
951,56	1370,09
951,73	1413,10
951,90	1437,67
952,07	1337,32
952,24	1431,53
952,41	1404,91
952,58	1327,08
952,75	1558,50
952,92	1400,81
953,09	1374,19
953,26	1394,67
953,43	1495,02
953,61	1482,73
953,78	1437,67
953,95	1374,19
954,12	1454,06
954,29	1482,73
954,46	1439,72
954,63	1374,19
954,80	1476,59
954,97	1390,57
955,14	1490,92
955,31	1466,35
955,48	1366,00
955,65	1409,00
955,82	1415,15
955,99	1437,67
956,16	1398,76
956,33	1454,06
956,50	1466,35
956,67	1433,58
956,84	1456,11
957,01	1409,00
957,18	1423,34
957,35	1427,43
957,52	1462,25
957,69	1480,68
957,86	1374,19
958,03	1374,19
958,20	1464,30
958,37	1464,30
958,54	1392,62
958,71	1425,39
958,88	1474,54
959,05	1411,05
959,22	1359,85
959,39	1413,10
959,56	1353,71
959,73	1372,14
959,90	1413,10
960,07	1366,00
960,24	1441,77
960,41	1452,01
960,58	1398,76
960,75	1413,10
960,92	1535,98
961,09	1402,86
961,26	1486,83
961,43	1390,57
961,60	1382,38
961,77	1435,63
961,94	1411,05
962,11	1423,34
962,28	1431,53
962,45	1429,48
962,62	1353,71
962,79	1482,73
962,96	1388,52
963,13	1398,76
963,30	1454,06
963,47	1429,48
963,64	1404,91
963,81	1529,83
963,98	1398,76
964,14	1456,11
964,31	1480,68
964,48	1472,49
964,65	1484,78
964,82	1445,87
964,99	1447,91
965,16	1308,65
965,33	1331,18
965,50	1449,96
965,67	1382,38
965,84	1400,81
966,01	1466,35
966,18	1325,04
966,35	1415,15
966,51	1402,86
966,68	1517,54
966,85	1474,54
967,02	1460,20
967,19	1454,06
967,36	1449,96
967,53	1411,05
967,70	1513,45
967,87	1320,94
968,04	1353,71
968,21	1415,15
968,37	1409,00
968,54	1380,33
968,71	1435,63
968,88	1456,11
969,05	1363,95
969,22	1466,35
969,39	1341,42
969,56	1415,15
969,72	1370,09
969,89	1470,44
970,06	1394,67
970,23	1484,78
970,40	1429,48
970,57	1376,24
970,74	1503,21
970,91	1376,24
971,07	1421,29
971,24	1421,29
971,41	1490,92
971,58	1368,04
971,75	1437,67
971,92	1417,19
972,09	1406,95
972,25	1359,85
972,42	1400,81
972,59	1429,48
972,76	1421,29
972,93	1419,24
973,10	1378,28
973,27	1458,15
973,43	1404,91
973,60	1431,53
973,77	1511,40
973,94	1449,96
974,11	1452,01
974,28	1435,63
974,44	1339,37
974,61	1495,02
974,78	1505,26
974,95	1433,58
975,12	1406,95
975,28	1456,11
975,45	1345,52
975,62	1458,15
975,79	1382,38
975,96	1349,61
976,12	1417,19
976,29	1427,43
976,46	1406,95
976,63	1402,86
976,80	1390,57
976,96	1396,71
977,13	1460,20
977,30	1359,85
977,47	1370,09
977,64	1427,43
977,80	1396,71
977,97	1400,81
978,14	1472,49
978,31	1419,24
978,48	1437,67
978,64	1431,53
978,81	1380,33
978,98	1413,10
979,15	1415,15
979,31	1417,19
979,48	1452,01
979,65	1333,23
979,82	1505,26
979,98	1402,86
980,15	1419,24
980,32	1474,54
980,49	1415,15
980,66	1370,09
980,82	1480,68
980,99	1421,29
981,16	1384,43
981,33	1415,15
981,49	1445,87
981,66	1417,19
981,83	1351,66
981,99	1370,09
982,16	1435,63
982,33	1382,38
982,50	1343,47
982,66	1394,67
982,83	1366,00
983,00	1454,06
983,17	1361,90
983,33	1445,87
983,50	1402,86
983,67	1421,29
983,83	1337,32
984,00	1417,19
984,17	1443,82
984,34	1384,43
984,50	1433,58
984,67	1390,57
984,84	1388,52
985,00	1355,76
985,17	1359,85
985,34	1363,95
985,51	1376,24
985,67	1406,95
985,84	1482,73
986,01	1335,28
986,17	1445,87
986,34	1413,10
986,51	1370,09
986,67	1366,00
986,84	1454,06
987,01	1415,15
987,17	1435,63
987,34	1327,08
987,51	1445,87
987,67	1396,71
987,84	1419,24
988,01	1404,91
988,17	1339,37
988,34	1366,00
988,51	1439,72
988,67	1429,48
988,84	1357,80
989,01	1431,53
989,17	1431,53
989,34	1402,86
989,51	1398,76
989,67	1431,53
989,84	1392,62
990,01	1458,15
990,17	1466,35
990,34	1329,13
990,51	1429,48
990,67	1398,76
990,84	1368,04
991,01	1329,13
991,17	1406,95
991,34	1370,09
991,50	1372,14
991,67	1417,19
991,84	1349,61
992,00	1404,91
992,17	1331,18
992,34	1431,53
992,50	1388,52
992,67	1443,82
992,83	1394,67
993,00	1439,72
993,17	1454,06
993,33	1425,39
993,50	1425,39
993,66	1415,15
993,83	1482,73
994,00	1439,72
994,16	1449,96
994,33	1382,38
994,49	1466,35
994,66	1456,11
994,83	1411,05
994,99	1456,11
995,16	1406,95
995,32	1413,10
995,49	1507,30
995,66	1341,42
995,82	1411,05
995,99	1419,24
996,15	1492,97
996,32	1380,33
996,48	1333,23
996,65	1382,38
996,82	1468,39
996,98	1386,47
997,15	1443,82
997,31	1394,67
997,48	1388,52
997,64	1372,14
997,81	1415,15
997,97	1406,95
998,14	1386,47
998,31	1417,19
998,47	1425,39
998,64	1492,97
998,80	1378,28
998,97	1386,47
999,13	1454,06
999,30	1419,24
999,46	1454,06
999,63	1351,66
999,79	1378,28
999,96	1529,83
1000,12	1363,95
1000,29	1402,86
1000,45	1402,86
1000,62	1400,81
1000,79	1476,59
1000,95	1413,10
1001,12	1361,90
1001,28	1417,19
1001,45	1486,83
1001,61	1429,48
1001,78	1415,15
1001,94	1531,88
1002,11	1404,91
1002,27	1445,87
1002,44	1327,08
1002,60	1398,76
1002,77	1419,24
1002,93	1423,34
1003,10	1474,54
1003,26	1374,19
1003,43	1456,11
1003,59	1492,97
1003,76	1443,82
1003,92	1359,85
1004,09	1366,00
1004,25	1398,76
1004,41	1386,47
1004,58	1439,72
1004,74	1396,71
1004,91	1372,14
1005,07	1423,34
1005,24	1472,49
1005,40	1392,62
1005,57	1433,58
1005,73	1441,77
1005,90	1370,09
1006,06	1372,14
1006,23	1454,06
1006,39	1452,01
1006,55	1374,19
1006,72	1433,58
1006,88	1380,33
1007,05	1441,77
1007,21	1441,77
1007,38	1390,57
1007,54	1370,09
1007,71	1495,02
1007,87	1304,56
1008,03	1394,67
1008,20	1423,34
1008,36	1366,00
1008,53	1386,47
1008,69	1417,19
1008,86	1398,76
1009,02	1382,38
1009,18	1382,38
1009,35	1417,19
1009,51	1339,37
1009,68	1443,82
1009,84	1376,24
1010,01	1409,00
1010,17	1298,41
1010,33	1404,91
1010,50	1433,58
1010,66	1454,06
1010,83	1374,19
1010,99	1398,76
1011,15	1292,27
1011,32	1439,72
1011,48	1347,56
1011,65	1406,95
1011,81	1327,08
1011,97	1427,43
1012,14	1464,30
1012,30	1404,91
1012,46	1413,10
1012,63	1396,71
1012,79	1394,67
1012,96	1419,24
1013,12	1372,14
1013,28	1404,91
1013,45	1421,29
1013,61	1376,24
1013,77	1366,00
1013,94	1435,63
1014,10	1325,04
1014,26	1366,00
1014,43	1472,49
1014,59	1390,57
1014,76	1429,48
1014,92	1484,78
1015,08	1298,41
1015,25	1390,57
1015,41	1472,49
1015,57	1441,77
1015,74	1449,96
1015,90	1353,71
1016,06	1413,10
1016,23	1404,91
1016,39	1417,19
1016,55	1476,59
1016,72	1337,32
1016,88	1439,72
1017,04	1390,57
1017,21	1433,58
1017,37	1406,95
1017,53	1370,09
1017,70	1429,48
1017,86	1322,99
1018,02	1380,33
1018,19	1480,68
1018,35	1411,05
1018,51	1388,52
1018,67	1411,05
1018,84	1337,32
1019,00	1380,33
1019,16	1415,15
1019,33	1345,52
1019,49	1400,81
1019,65	1398,76
1019,82	1431,53
1019,98	1437,67
1020,14	1363,95
1020,30	1421,29
1020,47	1366,00
1020,63	1421,29
1020,79	1421,29
1020,96	1335,28
1021,12	1425,39
1021,28	1370,09
1021,44	1372,14
1021,61	1456,11
1021,77	1427,43
1021,93	1349,61
1022,09	1472,49
1022,26	1431,53
1022,42	1447,91
1022,58	1452,01
1022,74	1349,61
1022,91	1394,67
1023,07	1439,72
1023,23	1312,75
1023,39	1370,09
1023,56	1359,85
1023,72	1433,58
1023,88	1314,80
1024,04	1429,48
1024,21	1376,24
1024,37	1413,10
1024,53	1435,63
1024,69	1355,76
1024,86	1456,11
1025,02	1357,80
1025,18	1337,32
1025,34	1294,32
1025,50	1423,34
1025,67	1441,77
1025,83	1425,39
1025,99	1474,54
1026,15	1343,47
1026,32	1366,00
1026,48	1409,00
1026,64	1454,06
1026,80	1488,87
1026,96	1392,62
1027,13	1333,23
1027,29	1470,44
1027,45	1392,62
1027,61	1292,27
1027,77	1359,85
1027,94	1443,82
1028,10	1449,96
1028,26	1296,36
1028,42	1353,71
1028,58	1456,11
1028,75	1431,53
1028,91	1382,38
1029,07	1411,05
1029,23	1388,52
1029,39	1337,32
1029,55	1468,39
1029,72	1390,57
1029,88	1443,82
1030,04	1431,53
1030,20	1431,53
1030,36	1288,17
1030,52	1415,15
1030,69	1435,63
1030,85	1499,11
1031,01	1347,56
1031,17	1353,71
1031,33	1417,19
1031,49	1466,35
1031,65	1337,32
1031,82	1413,10
1031,98	1392,62
1032,14	1449,96
1032,30	1402,86
1032,46	1472,49
1032,62	1368,04
1032,78	1427,43
1032,95	1433,58
1033,11	1415,15
1033,27	1425,39
1033,43	1345,52
1033,59	1492,97
1033,75	1472,49
1033,91	1361,90
1034,07	1488,87
1034,24	1456,11
1034,40	1327,08
1034,56	1353,71
1034,72	1478,63
1034,88	1366,00
1035,04	1409,00
1035,20	1345,52
1035,36	1351,66
1035,52	1427,43
1035,68	1417,19
1035,85	1372,14
1036,01	1406,95
1036,17	1441,77
1036,33	1388,52
1036,49	1314,80
1036,65	1415,15
1036,81	1476,59
1036,97	1466,35
1037,13	1437,67
1037,29	1380,33
1037,45	1456,11
1037,61	1431,53
1037,78	1394,67
1037,94	1406,95
1038,10	1470,44
1038,26	1337,32
1038,42	1341,42
1038,58	1339,37
1038,74	1368,04
1038,90	1404,91
1039,06	1439,72
1039,22	1409,00
1039,38	1429,48
1039,54	1306,60
1039,70	1445,87
1039,86	1425,39
1040,02	1388,52
1040,18	1429,48
1040,34	1429,48
1040,50	1370,09
1040,66	1376,24
1040,83	1419,24
1040,99	1421,29
1041,15	1464,30
1041,31	1447,91
1041,47	1368,04
1041,63	1368,04
1041,79	1382,38
1041,95	1488,87
1042,11	1417,19
1042,27	1429,48
1042,43	1427,43
1042,59	1425,39
1042,75	1406,95
1042,91	1435,63
