344,25	1247,21
344,46	1247,21
344,68	1247,21
344,90	1265,64
345,12	1288,17
345,34	1409,00
345,55	1466,35
345,77	1435,63
345,99	1425,39
346,21	1388,52
346,42	1419,24
346,64	1374,19
346,86	1398,76
347,08	1415,15
347,30	1423,34
347,51	1386,47
347,73	1390,57
347,95	1427,43
348,17	1413,10
348,38	1423,34
348,60	1310,70
348,82	1357,80
349,04	1398,76
349,25	1443,82
349,47	1388,52
349,69	1472,49
349,91	1394,67
350,13	1351,66
350,34	1423,34
350,56	1415,15
350,78	1402,86
351,00	1460,20
351,21	1398,76
351,43	1447,91
351,65	1439,72
351,87	1435,63
352,08	1386,47
352,30	1460,20
352,52	1400,81
352,74	1404,91
352,95	1429,48
353,17	1368,04
353,39	1376,24
353,61	1466,35
353,82	1447,91
354,04	1380,33
354,26	1398,76
354,47	1398,76
354,69	1435,63
354,91	1392,62
355,13	1370,09
355,34	1357,80
355,56	1390,57
355,78	1316,84
356,00	1421,29
356,21	1413,10
356,43	1419,24
356,65	1404,91
356,86	1433,58
357,08	1437,67
357,30	1527,78
357,52	1386,47
357,73	1415,15
357,95	1376,24
358,17	1286,12
358,38	1413,10
358,60	1468,39
358,82	1406,95
359,04	1445,87
359,25	1456,11
359,47	1486,83
359,69	1415,15
359,90	1366,00
360,12	1548,26
360,34	1415,15
360,56	1351,66
360,77	1550,31
360,99	1458,15
361,21	1419,24
361,42	1415,15
361,64	1470,44
361,86	1409,00
362,07	1429,48
362,29	1376,24
362,51	1466,35
362,73	1374,19
362,94	1402,86
363,16	1423,34
363,38	1304,56
363,59	1538,02
363,81	1458,15
364,03	1441,77
364,24	1478,63
364,46	1427,43
364,68	1406,95
364,89	1468,39
365,11	1478,63
365,33	1419,24
365,54	1441,77
365,76	1398,76
365,98	1361,90
366,19	1460,20
366,41	1480,68
366,63	1413,10
366,84	1382,38
367,06	1413,10
367,28	1501,16
367,49	1443,82
367,71	1384,43
367,93	1431,53
368,14	1376,24
368,36	1361,90
368,58	1423,34
368,79	1509,35
369,01	1488,87
369,23	1546,22
369,44	1445,87
369,66	1347,56
369,88	1546,22
370,09	1378,28
370,31	1421,29
370,53	1449,96
370,74	1443,82
370,96	1339,37
371,18	1394,67
371,39	1357,80
371,61	1466,35
371,82	1466,35
372,04	1382,38
372,26	1390,57
372,47	1480,68
372,69	1388,52
372,91	1515,50
373,12	1388,52
373,34	1540,07
373,56	1433,58
373,77	1527,78
373,99	1378,28
374,20	1449,96
374,42	1386,47
374,64	1486,83
374,85	1353,71
375,07	1456,11
375,29	1400,81
375,50	1417,19
375,72	1452,01
375,93	1370,09
376,15	1419,24
376,37	1435,63
376,58	1542,12
376,80	1476,59
377,01	1386,47
377,23	1398,76
377,45	1511,40
377,66	1341,42
377,88	1517,54
378,10	1482,73
378,31	1456,11
378,53	1443,82
378,74	1347,56
378,96	1468,39
379,18	1419,24
379,39	1417,19
379,61	1460,20
379,82	1474,54
380,04	1386,47
380,26	1423,34
380,47	1406,95
380,69	1462,25
380,90	1406,95
381,12	1366,00
381,33	1486,83
381,55	1441,77
381,77	1466,35
381,98	1460,20
382,20	1372,14
382,41	1398,76
382,63	1402,86
382,85	1460,20
383,06	1419,24
383,28	1458,15
383,49	1374,19
383,71	1468,39
383,92	1452,01
384,14	1368,04
384,36	1361,90
384,57	1429,48
384,79	1411,05
385,00	1478,63
385,22	1431,53
385,43	1404,91
385,65	1466,35
385,87	1427,43
386,08	1355,76
386,30	1390,57
386,51	1413,10
386,73	1411,05
386,94	1366,00
387,16	1476,59
387,37	1488,87
387,59	1431,53
387,81	1419,24
388,02	1417,19
388,24	1413,10
388,45	1431,53
388,67	1458,15
388,88	1439,72
389,10	1347,56
389,31	1439,72
389,53	1468,39
389,75	1468,39
389,96	1441,77
390,18	1363,95
390,39	1363,95
390,61	1374,19
390,82	1470,44
391,04	1527,78
391,25	1404,91
391,47	1415,15
391,68	1382,38
391,90	1478,63
392,11	1486,83
392,33	1386,47
392,54	1398,76
392,76	1452,01
392,97	1488,87
393,19	1419,24
393,41	1533,93
393,62	1413,10
393,84	1435,63
394,05	1425,39
394,27	1392,62
394,48	1427,43
394,70	1486,83
394,91	1441,77
395,13	1409,00
395,34	1329,13
395,56	1415,15
395,77	1431,53
395,99	1349,61
396,20	1445,87
396,42	1513,45
396,63	1411,05
396,85	1462,25
397,06	1431,53
397,28	1452,01
397,49	1484,78
397,71	1333,23
397,92	1482,73
398,14	1462,25
398,35	1544,17
398,57	1429,48
398,78	1460,20
399,00	1460,20
399,21	1390,57
399,43	1312,75
399,64	1425,39
399,86	1396,71
400,07	1400,81
400,29	1460,20
400,50	1468,39
400,72	1384,43
400,93	1435,63
401,14	1325,04
401,36	1384,43
401,57	1384,43
401,79	1464,30
402,00	1458,15
402,22	1472,49
402,43	1349,61
402,65	1460,20
402,86	1423,34
403,08	1472,49
403,29	1404,91
403,51	1503,21
403,72	1413,10
403,94	1404,91
404,15	1400,81
404,36	1423,34
404,58	1576,94
404,79	1468,39
405,01	1464,30
405,22	1452,01
405,44	1361,90
405,65	1449,96
405,87	1468,39
406,08	1386,47
406,30	1435,63
406,51	1509,35
406,72	1452,01
406,94	1415,15
407,15	1535,98
407,37	1484,78
407,58	1443,82
407,80	1488,87
408,01	1445,87
408,23	1470,44
408,44	1452,01
408,65	1390,57
408,87	1404,91
409,08	1492,97
409,30	1370,09
409,51	1314,80
409,73	1441,77
409,94	1468,39
410,15	1621,99
410,37	1452,01
410,58	1419,24
410,80	1406,95
411,01	1456,11
411,23	1476,59
411,44	1415,15
411,65	1546,22
411,87	1468,39
412,08	1376,24
412,30	1492,97
412,51	1380,33
412,72	1501,16
412,94	1443,82
413,15	1429,48
413,37	1517,54
413,58	1370,09
413,79	1447,91
414,01	1458,15
414,22	1527,78
414,44	1394,67
414,65	1462,25
414,86	1456,11
415,08	1361,90
415,29	1421,29
415,51	1402,86
415,72	1439,72
415,93	1386,47
416,15	1482,73
416,36	1484,78
416,58	1523,69
416,79	1454,06
417,00	1423,34
417,22	1431,53
417,43	1447,91
417,65	1439,72
417,86	1456,11
418,07	1458,15
418,29	1398,76
418,50	1402,86
418,71	1419,24
418,93	1390,57
419,14	1366,00
419,36	1462,25
419,57	1419,24
419,78	1456,11
420,00	1304,56
420,21	1521,64
420,42	1474,54
420,64	1484,78
420,85	1486,83
421,06	1396,71
421,28	1396,71
421,49	1398,76
421,71	1474,54
421,92	1478,63
422,13	1458,15
422,35	1452,01
422,56	1421,29
422,77	1447,91
422,99	1443,82
423,20	1445,87
423,41	1380,33
423,63	1382,38
423,84	1357,80
424,05	1427,43
424,27	1400,81
424,48	1423,34
424,69	1445,87
424,91	1665,00
425,12	1464,30
425,33	1370,09
425,55	1435,63
425,76	1390,57
425,97	1392,62
426,19	1419,24
426,40	1388,52
426,61	1484,78
426,83	1368,04
427,04	1476,59
427,25	1462,25
427,47	1456,11
427,68	1456,11
427,89	1445,87
428,11	1431,53
428,32	1349,61
428,53	1378,28
428,75	1460,20
428,96	1460,20
429,17	1456,11
429,39	1417,19
429,60	1511,40
429,81	1488,87
430,03	1409,00
430,24	1400,81
430,45	1478,63
430,67	1447,91
430,88	1445,87
431,09	1425,39
431,30	1421,29
431,52	1474,54
431,73	1355,76
431,94	1429,48
432,16	1470,44
432,37	1439,72
432,58	1429,48
432,80	1431,53
433,01	1474,54
433,22	1441,77
433,43	1527,78
433,65	1527,78
433,86	1429,48
434,07	1411,05
434,29	1400,81
434,50	1413,10
434,71	1462,25
434,92	1492,97
435,14	1445,87
435,35	1484,78
435,56	1458,15
435,77	1452,01
435,99	1466,35
436,20	1425,39
436,41	1495,02
436,63	1406,95
436,84	1478,63
437,05	1411,05
437,26	1474,54
437,48	1458,15
437,69	1533,93
437,90	1452,01
438,11	1458,15
438,33	1394,67
438,54	1443,82
438,75	1378,28
438,96	1419,24
439,18	1359,85
439,39	1359,85
439,60	1409,00
439,82	1439,72
440,03	1533,93
440,24	1411,05
440,45	1390,57
440,67	1388,52
440,88	1480,68
441,09	1542,12
441,30	1458,15
441,51	1400,81
441,73	1363,95
441,94	1404,91
442,15	1429,48
442,36	1433,58
442,58	1411,05
442,79	1445,87
443,00	1402,86
443,21	1525,74
443,43	1359,85
443,64	1460,20
443,85	1488,87
444,06	1488,87
444,28	1435,63
444,49	1413,10
444,70	1515,50
444,91	1476,59
445,12	1501,16
445,34	1406,95
445,55	1533,93
445,76	1456,11
445,97	1474,54
446,18	1474,54
446,40	1437,67
446,61	1419,24
446,82	1417,19
447,03	1505,26
447,25	1347,56
447,46	1443,82
447,67	1466,35
447,88	1392,62
448,09	1452,01
448,31	1439,72
448,52	1349,61
448,73	1492,97
448,94	1390,57
449,15	1460,20
449,37	1429,48
449,58	1361,90
449,79	1507,30
450,00	1583,08
450,21	1433,58
450,43	1380,33
450,64	1359,85
450,85	1488,87
451,06	1419,24
451,27	1501,16
451,48	1447,91
451,70	1363,95
451,91	1361,90
452,12	1488,87
452,33	1437,67
452,54	1400,81
452,76	1462,25
452,97	1521,64
453,18	1425,39
453,39	1513,45
453,60	1525,74
453,81	1380,33
454,03	1368,04
454,24	1400,81
454,45	1431,53
454,66	1443,82
454,87	1359,85
455,08	1439,72
455,30	1415,15
455,51	1593,32
455,72	1419,24
455,93	1439,72
456,14	1458,15
456,35	1431,53
456,56	1441,77
456,78	1425,39
456,99	1544,17
457,20	1447,91
457,41	1554,41
457,62	1533,93
457,83	1443,82
458,04	1433,58
458,26	1445,87
458,47	1472,49
458,68	1503,21
458,89	1445,87
459,10	1368,04
459,31	1468,39
459,52	1445,87
459,74	1443,82
459,95	1495,02
460,16	1392,62
460,37	1486,83
460,58	1423,34
460,79	1431,53
461,00	1564,65
461,21	1390,57
461,43	1437,67
461,64	1503,21
461,85	1433,58
462,06	1359,85
462,27	1488,87
462,48	1429,48
462,69	1515,50
462,90	1292,27
463,12	1460,20
463,33	1505,26
463,54	1386,47
463,75	1480,68
463,96	1490,92
464,17	1509,35
464,38	1431,53
464,59	1476,59
464,80	1374,19
465,01	1464,30
465,23	1447,91
465,44	1374,19
465,65	1368,04
465,86	1499,11
466,07	1447,91
466,28	1439,72
466,49	1538,02
466,70	1505,26
466,91	1507,30
467,12	1441,77
467,33	1435,63
467,55	1431,53
467,76	1409,00
467,97	1499,11
468,18	1478,63
468,39	1439,72
468,60	1505,26
468,81	1415,15
469,02	1427,43
469,23	1421,29
469,44	1449,96
469,65	1409,00
469,86	1386,47
470,07	1359,85
470,29	1566,70
470,50	1499,11
470,71	1484,78
470,92	1390,57
471,13	1462,25
471,34	1394,67
471,55	1472,49
471,76	1476,59
471,97	1478,63
472,18	1435,63
472,39	1378,28
472,60	1409,00
472,81	1449,96
473,02	1417,19
473,23	1533,93
473,44	1382,38
473,65	1431,53
473,87	1386,47
474,08	1462,25
474,29	1357,80
474,50	1482,73
474,71	1419,24
474,92	1476,59
475,13	1503,21
475,34	1419,24
475,55	1390,57
475,76	1478,63
475,97	1476,59
476,18	1509,35
476,39	1409,00
476,60	1470,44
476,81	1431,53
477,02	1458,15
477,23	1478,63
477,44	1376,24
477,65	1351,66
477,86	1515,50
478,07	1454,06
478,28	1454,06
478,49	1466,35
478,70	1478,63
478,91	1492,97
479,12	1419,24
479,33	1425,39
479,54	1384,43
479,75	1546,22
479,96	1402,86
480,17	1445,87
480,38	1474,54
480,59	1370,09
480,80	1529,83
481,01	1452,01
481,22	1406,95
481,43	1429,48
481,64	1527,78
481,85	1437,67
482,06	1413,10
482,27	1437,67
482,48	1505,26
482,69	1458,15
482,90	1415,15
483,11	1439,72
483,32	1431,53
483,53	1439,72
483,74	1452,01
483,95	1351,66
484,16	1413,10
484,37	1384,43
484,58	1458,15
484,79	1406,95
485,00	1406,95
485,21	1474,54
485,42	1425,39
485,63	1497,07
485,84	1417,19
486,05	1439,72
486,26	1456,11
486,47	1449,96
486,68	1425,39
486,89	1462,25
487,10	1517,54
487,31	1429,48
487,52	1398,76
487,73	1533,93
487,94	1466,35
488,15	1431,53
488,36	1409,00
488,57	1425,39
488,77	1394,67
488,98	1415,15
489,19	1585,13
489,40	1435,63
489,61	1505,26
489,82	1501,16
490,03	1452,01
490,24	1464,30
490,45	1505,26
490,66	1452,01
490,87	1505,26
491,08	1421,29
491,29	1443,82
491,50	1398,76
491,71	1476,59
491,92	1480,68
492,13	1484,78
492,33	1460,20
492,54	1366,00
492,75	1501,16
492,96	1400,81
493,17	1509,35
493,38	1437,67
493,59	1394,67
493,80	1464,30
494,01	1456,11
494,22	1484,78
494,43	1445,87
494,64	1437,67
494,85	1390,57
495,05	1458,15
495,26	1501,16
495,47	1439,72
495,68	1538,02
495,89	1435,63
496,10	1322,99
496,31	1415,15
496,52	1460,20
496,73	1460,20
496,94	1497,07
497,15	1515,50
497,35	1464,30
497,56	1396,71
497,77	1511,40
497,98	1427,43
498,19	1503,21
498,40	1400,81
498,61	1509,35
498,82	1456,11
499,03	1474,54
499,23	1427,43
499,44	1443,82
499,65	1398,76
499,86	1511,40
500,07	1468,39
500,28	1550,31
500,49	1447,91
500,70	1511,40
500,91	1398,76
501,11	1554,41
501,32	1474,54
501,53	1454,06
501,74	1527,78
501,95	1382,38
502,16	1433,58
502,37	1523,69
502,57	1458,15
502,78	1435,63
502,99	1472,49
503,20	1462,25
503,41	1376,24
503,62	1413,10
503,83	1507,30
504,03	1564,65
504,24	1431,53
504,45	1515,50
504,66	1472,49
504,87	1503,21
505,08	1433,58
505,29	1464,30
505,49	1433,58
505,70	1445,87
505,91	1456,11
506,12	1486,83
506,33	1570,79
506,54	1517,54
506,75	1533,93
506,95	1380,33
507,16	1525,74
507,37	1497,07
507,58	1435,63
507,79	1558,50
508,00	1398,76
508,20	1419,24
508,41	1400,81
508,62	1386,47
508,83	1460,20
509,04	1423,34
509,24	1507,30
509,45	1718,25
509,66	1400,81
509,87	1456,11
510,08	1486,83
510,29	1599,46
510,49	1449,96
510,70	1384,43
510,91	1525,74
511,12	1468,39
511,33	1427,43
511,53	1443,82
511,74	1443,82
511,95	1488,87
512,16	1462,25
512,37	1548,26
512,57	1452,01
512,78	1388,52
512,99	1495,02
513,20	1480,68
513,41	1581,03
513,61	1484,78
513,82	1466,35
514,03	1441,77
514,24	1441,77
514,45	1452,01
514,65	1460,20
514,86	1452,01
515,07	1511,40
515,28	1443,82
515,49	1492,97
515,69	1454,06
515,90	1472,49
516,11	1392,62
516,32	1372,14
516,52	1488,87
516,73	1521,64
516,94	1476,59
517,15	1404,91
517,36	1499,11
517,56	1544,17
517,77	1478,63
517,98	1482,73
518,19	1359,85
518,39	1466,35
518,60	1447,91
518,81	1492,97
519,02	1505,26
519,22	1488,87
519,43	1503,21
519,64	1376,24
519,85	1413,10
520,05	1550,31
520,26	1456,11
520,47	1511,40
520,68	1435,63
520,88	1445,87
521,09	1511,40
521,30	1521,64
521,51	1456,11
521,71	1474,54
521,92	1484,78
522,13	1480,68
522,34	1339,37
522,54	1427,43
522,75	1402,86
522,96	1568,74
523,17	1443,82
523,37	1554,41
523,58	1468,39
523,79	1392,62
523,99	1439,72
524,20	1427,43
524,41	1413,10
524,62	1568,74
524,82	1507,30
525,03	1449,96
525,24	1462,25
525,45	1372,14
525,65	1388,52
525,86	1523,69
526,07	1476,59
526,27	1380,33
526,48	1462,25
526,69	1513,45
526,90	1435,63
527,10	1517,54
527,31	1404,91
527,52	1384,43
527,72	1429,48
527,93	1476,59
528,14	1466,35
528,34	1464,30
528,55	1466,35
528,76	1447,91
528,97	1374,19
529,17	1449,96
529,38	1386,47
529,59	1394,67
529,79	1490,92
530,00	1431,53
530,21	1523,69
530,41	1542,12
530,62	1445,87
530,83	1517,54
531,03	1472,49
531,24	1529,83
531,45	1492,97
531,65	1466,35
531,86	1495,02
532,07	1482,73
532,27	1486,83
532,48	1454,06
532,69	1495,02
532,89	1497,07
533,10	1394,67
533,31	1460,20
533,51	1335,28
533,72	1427,43
533,93	1482,73
534,13	1570,79
534,34	1404,91
534,55	1439,72
534,75	1454,06
534,96	1624,04
535,17	1447,91
535,37	1470,44
535,58	1452,01
535,79	1466,35
535,99	1478,63
536,20	1501,16
536,41	1429,48
536,61	1478,63
536,82	1501,16
537,03	1370,09
537,23	1421,29
537,44	1425,39
537,64	1400,81
537,85	1538,02
538,06	1484,78
538,26	1517,54
538,47	1480,68
538,68	1441,77
538,88	1429,48
539,09	1474,54
539,30	1452,01
539,50	1505,26
539,71	1460,20
539,91	1474,54
540,12	1341,42
540,33	1419,24
540,53	1503,21
540,74	1468,39
540,94	1525,74
541,15	1462,25
541,36	1406,95
541,56	1445,87
541,77	1503,21
541,98	1505,26
542,18	1546,22
542,39	1445,87
542,59	1476,59
542,80	1445,87
543,01	1456,11
543,21	1435,63
543,42	1462,25
543,62	1474,54
543,83	1458,15
544,04	1445,87
544,24	1540,07
544,45	1460,20
544,65	1447,91
544,86	1540,07
545,06	1413,10
545,27	1421,29
545,48	1421,29
545,68	1480,68
545,89	1517,54
546,09	1454,06
546,30	1468,39
546,51	1519,59
546,71	1482,73
546,92	1529,83
547,12	1417,19
547,33	1384,43
547,53	1454,06
547,74	1476,59
547,95	1531,88
548,15	1462,25
548,36	1497,07
548,56	1390,57
548,77	1429,48
548,97	1542,12
549,18	1427,43
549,39	1488,87
549,59	1511,40
549,80	1413,10
550,00	1423,34
550,21	1513,45
550,41	1443,82
550,62	1447,91
550,82	1413,10
551,03	1419,24
551,23	1447,91
551,44	1470,44
551,65	1462,25
551,85	1443,82
552,06	1445,87
552,26	1488,87
552,47	1415,15
552,67	1417,19
552,88	1447,91
553,08	1488,87
553,29	1415,15
553,49	1478,63
553,70	1435,63
553,90	1505,26
554,11	1437,67
554,32	1523,69
554,52	1427,43
554,73	1474,54
554,93	1388,52
555,14	1488,87
555,34	1419,24
555,55	1452,01
555,75	1480,68
555,96	1474,54
556,16	1517,54
556,37	1509,35
556,57	1357,80
556,78	1470,44
556,98	1495,02
557,19	1460,20
557,39	1484,78
557,60	1417,19
557,80	1361,90
558,01	1533,93
558,21	1404,91
558,42	1433,58
558,62	1435,63
558,83	1550,31
559,03	1398,76
559,24	1464,30
559,44	1478,63
559,65	1480,68
559,85	1409,00
560,06	1488,87
560,26	1413,10
560,47	1449,96
560,67	1552,36
560,88	1468,39
561,08	1527,78
561,29	1548,26
561,49	1368,04
561,70	1400,81
561,90	1511,40
562,10	1472,49
562,31	1431,53
562,51	1413,10
562,72	1521,64
562,92	1462,25
563,13	1556,46
563,33	1470,44
563,54	1525,74
563,74	1591,27
563,95	1372,14
564,15	1488,87
564,36	1417,19
564,56	1470,44
564,76	1431,53
564,97	1478,63
565,17	1409,00
565,38	1468,39
565,58	1441,77
565,79	1423,34
565,99	1458,15
566,20	1445,87
566,40	1452,01
566,60	1527,78
566,81	1531,88
567,01	1507,30
567,22	1462,25
567,42	1427,43
567,63	1452,01
567,83	1544,17
568,04	1503,21
568,24	1462,25
568,44	1552,36
568,65	1456,11
568,85	1443,82
569,06	1458,15
569,26	1464,30
569,47	1525,74
569,67	1402,86
569,87	1435,63
570,08	1462,25
570,28	1429,48
570,49	1447,91
570,69	1505,26
570,89	1497,07
571,10	1480,68
571,30	1452,01
571,51	1449,96
571,71	1495,02
571,91	1525,74
572,12	1552,36
572,32	1529,83
572,53	1501,16
572,73	1527,78
572,93	1474,54
573,14	1460,20
573,34	1513,45
573,55	1460,20
573,75	1462,25
573,95	1478,63
574,16	1359,85
574,36	1513,45
574,57	1484,78
574,77	1441,77
574,97	1472,49
575,18	1456,11
575,38	1452,01
575,59	1521,64
575,79	1462,25
575,99	1548,26
576,20	1472,49
576,40	1492,97
576,60	1581,03
576,81	1476,59
577,01	1394,67
577,22	1578,98
577,42	1527,78
577,62	1495,02
577,83	1480,68
578,03	1507,30
578,23	1546,22
578,44	1490,92
578,64	1447,91
578,84	1492,97
579,05	1458,15
579,25	1527,78
579,45	1515,50
579,66	1480,68
579,86	1474,54
580,07	1486,83
580,27	1486,83
580,47	1449,96
580,68	1382,38
580,88	1429,48
581,08	1460,20
581,29	1458,15
581,49	1513,45
581,69	1470,44
581,90	1476,59
582,10	1478,63
582,30	1480,68
582,51	1460,20
582,71	1480,68
582,91	1337,32
583,12	1495,02
583,32	1423,34
583,52	1419,24
583,73	1462,25
583,93	1411,05
584,13	1515,50
584,34	1447,91
584,54	1390,57
584,74	1460,20
584,94	1476,59
585,15	1505,26
585,35	1619,94
585,55	1447,91
585,76	1482,73
585,96	1488,87
586,16	1564,65
586,37	1363,95
586,57	1400,81
586,77	1460,20
586,98	1468,39
587,18	1478,63
587,38	1492,97
587,58	1384,43
587,79	1509,35
587,99	1488,87
588,19	1454,06
588,40	1452,01
588,60	1546,22
588,80	1476,59
589,00	1456,11
589,21	1480,68
589,41	1470,44
589,61	1470,44
589,82	1542,12
590,02	1548,26
590,22	1525,74
590,42	1449,96
590,63	1519,59
590,83	1540,07
591,03	1452,01
591,23	1527,78
591,44	1501,16
591,64	1497,07
591,84	1417,19
592,05	1515,50
592,25	1593,32
592,45	1445,87
592,65	1490,92
592,86	1454,06
593,06	1484,78
593,26	1490,92
593,46	1476,59
593,67	1435,63
593,87	1447,91
594,07	1480,68
594,27	1501,16
594,48	1394,67
594,68	1562,60
594,88	1435,63
595,08	1452,01
595,29	1531,88
595,49	1511,40
595,69	1474,54
595,89	1449,96
596,10	1566,70
596,30	1472,49
596,50	1495,02
596,70	1447,91
596,90	1542,12
597,11	1456,11
597,31	1529,83
597,51	1445,87
597,71	1525,74
597,92	1560,55
598,12	1511,40
598,32	1560,55
598,52	1499,11
598,72	1460,20
598,93	1409,00
599,13	1558,50
599,33	1523,69
599,53	1535,98
599,74	1447,91
599,94	1439,72
600,14	1435,63
600,34	1433,58
600,54	1574,89
600,75	1488,87
600,95	1470,44
601,15	1472,49
601,35	1398,76
601,55	1486,83
601,76	1417,19
601,96	1613,80
602,16	1572,84
602,36	1521,64
602,56	1488,87
602,76	1456,11
602,97	1415,15
603,17	1462,25
603,37	1394,67
603,57	1452,01
603,77	1458,15
603,98	1472,49
604,18	1308,65
604,38	1507,30
604,58	1427,43
604,78	1433,58
604,98	1472,49
605,19	1431,53
605,39	1394,67
605,59	1466,35
605,79	1581,03
605,99	1511,40
606,19	1476,59
606,40	1454,06
606,60	1552,36
606,80	1400,81
607,00	1435,63
607,20	1386,47
607,40	1427,43
607,61	1501,16
607,81	1433,58
608,01	1521,64
608,21	1550,31
608,41	1447,91
608,61	1396,71
608,81	1406,95
609,02	1376,24
609,22	1417,19
609,42	1509,35
609,62	1439,72
609,82	1456,11
610,02	1507,30
610,22	1462,25
610,43	1429,48
610,63	1470,44
610,83	1499,11
611,03	1409,00
611,23	1548,26
611,43	1513,45
611,63	1419,24
611,83	1439,72
612,04	1570,79
612,24	1560,55
612,44	1511,40
612,64	1388,52
612,84	1398,76
613,04	1492,97
613,24	1540,07
613,44	1439,72
613,64	1462,25
613,85	1525,74
614,05	1570,79
614,25	1472,49
614,45	1497,07
614,65	1484,78
614,85	1466,35
615,05	1382,38
615,25	1495,02
615,45	1423,34
615,65	1390,57
615,86	1587,18
616,06	1511,40
616,26	1460,20
616,46	1544,17
616,66	1402,86
616,86	1544,17
617,06	1484,78
617,26	1488,87
617,46	1413,10
617,66	1513,45
617,86	1576,94
618,07	1470,44
618,27	1501,16
618,47	1449,96
618,67	1521,64
618,87	1466,35
619,07	1587,18
619,27	1538,02
619,47	1445,87
619,67	1560,55
619,87	1478,63
620,07	1554,41
620,27	1519,59
620,47	1447,91
620,67	1452,01
620,87	1433,58
621,07	1554,41
621,28	1439,72
621,48	1482,73
621,68	1566,70
621,88	1521,64
622,08	1464,30
622,28	1503,21
622,48	1552,36
622,68	1454,06
622,88	1583,08
623,08	1572,84
623,28	1458,15
623,48	1429,48
623,68	1460,20
623,88	1472,49
624,08	1621,99
624,28	1462,25
624,48	1546,22
624,68	1376,24
624,88	1464,30
625,08	1525,74
625,28	1544,17
625,48	1554,41
625,68	1550,31
625,88	1503,21
626,08	1447,91
626,28	1501,16
626,48	1445,87
626,68	1423,34
626,88	1529,83
627,08	1503,21
627,28	1597,42
627,48	1527,78
627,68	1509,35
627,88	1443,82
628,08	1488,87
628,28	1423,34
628,49	1525,74
628,68	1505,26
628,88	1523,69
629,08	1437,67
629,28	1513,45
629,48	1472,49
629,68	1462,25
629,88	1402,86
630,08	1591,27
630,28	1484,78
630,48	1445,87
630,68	1480,68
630,88	1398,76
631,08	1417,19
631,28	1529,83
631,48	1439,72
631,68	1445,87
631,88	1476,59
632,08	1497,07
632,28	1460,20
632,48	1507,30
632,68	1421,29
632,88	1499,11
633,08	1515,50
633,28	1468,39
633,48	1521,64
633,68	1472,49
633,88	1566,70
634,08	1605,61
634,28	1595,37
634,48	1511,40
634,68	1511,40
634,88	1533,93
635,08	1501,16
635,28	1535,98
635,48	1419,24
635,68	1449,96
635,87	1533,93
636,07	1589,22
636,27	1501,16
636,47	1550,31
636,67	1476,59
636,87	1501,16
637,07	1488,87
637,27	1478,63
637,47	1460,20
637,67	1503,21
637,87	1476,59
638,07	1585,13
638,27	1468,39
638,47	1503,21
638,67	1499,11
638,86	1554,41
639,06	1480,68
639,26	1538,02
639,46	1535,98
639,66	1538,02
639,86	1497,07
640,06	1546,22
640,26	1609,70
640,46	1548,26
640,66	1466,35
640,86	1472,49
641,06	1472,49
641,25	1585,13
641,45	1531,88
641,65	1509,35
641,85	1462,25
642,05	1554,41
642,25	1511,40
642,45	1462,25
642,65	1529,83
642,85	1411,05
643,05	1486,83
643,24	1464,30
643,44	1503,21
643,64	1544,17
643,84	1525,74
644,04	1478,63
644,24	1503,21
644,44	1517,54
644,64	1462,25
644,84	1452,01
645,03	1554,41
645,23	1497,07
645,43	1495,02
645,63	1576,94
645,83	1458,15
646,03	1484,78
646,23	1523,69
646,42	1591,27
646,62	1511,40
646,82	1654,76
647,02	1480,68
647,22	1552,36
647,42	1386,47
647,62	1507,30
647,82	1497,07
648,01	1634,28
648,21	1460,20
648,41	1488,87
648,61	1527,78
648,81	1601,51
649,01	1515,50
649,20	1386,47
649,40	1560,55
649,60	1433,58
649,80	1533,93
650,00	1527,78
650,20	1492,97
650,40	1490,92
650,59	1568,74
650,79	1525,74
650,99	1574,89
651,19	1550,31
651,39	1558,50
651,58	1480,68
651,78	1443,82
651,98	1548,26
652,18	1505,26
652,38	1484,78
652,58	1421,29
652,77	1519,59
652,97	1581,03
653,17	1560,55
653,37	1523,69
653,57	1542,12
653,77	1466,35
653,96	1495,02
654,16	1474,54
654,36	1501,16
654,56	1501,16
654,76	1617,90
654,95	1501,16
655,15	1486,83
655,35	1458,15
655,55	1542,12
655,75	1560,55
655,94	1458,15
656,14	1566,70
656,34	1474,54
656,54	1435,63
656,73	1544,17
656,93	1521,64
657,13	1544,17
657,33	1525,74
657,53	1505,26
657,72	1511,40
657,92	1480,68
658,12	1456,11
658,32	1535,98
658,52	1454,06
658,71	1505,26
658,91	1513,45
659,11	1587,18
659,31	1546,22
659,50	1505,26
659,70	1495,02
659,90	1550,31
660,10	1533,93
660,29	1562,60
660,49	1578,98
660,69	1548,26
660,89	1554,41
661,08	1527,78
661,28	1488,87
661,48	1513,45
661,68	1566,70
661,87	1497,07
662,07	1570,79
662,27	1566,70
662,47	1501,16
662,66	1535,98
662,86	1472,49
663,06	1525,74
663,26	1468,39
663,45	1601,51
663,65	1542,12
663,85	1492,97
664,05	1468,39
664,24	1517,54
664,44	1497,07
664,64	1460,20
664,84	1523,69
665,03	1525,74
665,23	1591,27
665,43	1509,35
665,62	1388,52
665,82	1531,88
666,02	1484,78
666,22	1578,98
666,41	1484,78
666,61	1513,45
666,81	1490,92
667,00	1509,35
667,20	1515,50
667,40	1535,98
667,60	1458,15
667,79	1515,50
667,99	1535,98
668,19	1497,07
668,38	1423,34
668,58	1546,22
668,78	1533,93
668,97	1554,41
669,17	1533,93
669,37	1538,02
669,57	1400,81
669,76	1529,83
669,96	1505,26
670,16	1591,27
670,35	1456,11
670,55	1546,22
670,75	1486,83
670,94	1548,26
671,14	1595,37
671,34	1529,83
671,53	1474,54
671,73	1589,22
671,93	1474,54
672,12	1513,45
672,32	1550,31
672,52	1538,02
672,71	1533,93
672,91	1513,45
673,11	1558,50
673,30	1511,40
673,50	1454,06
673,70	1406,95
673,89	1482,73
674,09	1404,91
674,29	1519,59
674,48	1589,22
674,68	1562,60
674,88	1468,39
675,07	1550,31
675,27	1505,26
675,46	1433,58
675,66	1449,96
675,86	1454,06
676,05	1566,70
676,25	1413,10
676,45	1587,18
676,64	1460,20
676,84	1609,70
677,04	1431,53
677,23	1519,59
677,43	1513,45
677,62	1603,56
677,82	1439,72
678,02	1519,59
678,21	1517,54
678,41	1552,36
678,61	1464,30
678,80	1464,30
679,00	1447,91
679,19	1535,98
679,39	1597,42
679,59	1503,21
679,78	1517,54
679,98	1509,35
680,17	1540,07
680,37	1581,03
680,57	1505,26
680,76	1470,44
680,96	1554,41
681,16	1476,59
681,35	1505,26
681,55	1548,26
681,74	1482,73
681,94	1464,30
682,13	1568,74
682,33	1570,79
682,53	1546,22
682,72	1576,94
682,92	1492,97
683,11	1484,78
683,31	1468,39
683,51	1540,07
683,70	1525,74
683,90	1482,73
684,09	1607,66
684,29	1535,98
684,48	1511,40
684,68	1515,50
684,88	1578,98
685,07	1464,30
685,27	1554,41
685,46	1517,54
685,66	1505,26
685,85	1486,83
686,05	1531,88
686,25	1542,12
686,44	1574,89
686,64	1550,31
686,83	1488,87
687,03	1478,63
687,22	1470,44
687,42	1482,73
687,61	1558,50
687,81	1480,68
688,01	1570,79
688,20	1538,02
688,40	1552,36
688,59	1572,84
688,79	1556,46
688,98	1513,45
689,18	1464,30
689,37	1529,83
689,57	1538,02
689,76	1509,35
689,96	1546,22
690,15	1505,26
690,35	1503,21
690,54	1603,56
690,74	1402,86
690,94	1554,41
691,13	1531,88
691,33	1566,70
691,52	1513,45
691,72	1550,31
691,91	1527,78
692,11	1564,65
692,30	1540,07
692,50	1519,59
692,69	1454,06
692,89	1535,98
693,08	1439,72
693,28	1634,28
693,47	1361,90
693,67	1515,50
693,86	1546,22
694,06	1505,26
694,25	1437,67
694,45	1533,93
694,64	1501,16
694,84	1476,59
695,03	1593,32
695,23	1492,97
695,42	1552,36
695,62	1488,87
695,81	1515,50
696,01	1566,70
696,20	1482,73
696,40	1472,49
696,59	1533,93
696,78	1529,83
696,98	1519,59
697,17	1497,07
697,37	1558,50
697,56	1458,15
697,76	1503,21
697,95	1529,83
698,15	1452,01
698,34	1495,02
698,54	1501,16
698,73	1529,83
698,93	1474,54
699,12	1497,07
699,32	1495,02
699,51	1503,21
699,70	1406,95
699,90	1601,51
700,09	1550,31
700,29	1486,83
700,48	1409,00
700,68	1437,67
700,87	1441,77
701,07	1452,01
701,26	1492,97
701,45	1521,64
701,65	1456,11
701,84	1368,04
702,04	1480,68
702,23	1437,67
702,43	1449,96
702,62	1458,15
702,81	1497,07
703,01	1406,95
703,20	1480,68
703,40	1484,78
703,59	1431,53
703,79	1413,10
703,98	1523,69
704,17	1538,02
704,37	1445,87
704,56	1406,95
704,76	1431,53
704,95	1359,85
705,14	1335,28
705,34	1525,74
705,53	1427,43
705,73	1314,80
705,92	1390,57
706,11	1441,77
706,31	1392,62
706,50	1406,95
706,70	1396,71
706,89	1423,34
707,08	1460,20
707,28	1503,21
707,47	1388,52
707,67	1396,71
707,86	1435,63
708,05	1417,19
708,25	1425,39
708,44	1394,67
708,64	1423,34
708,83	1415,15
709,02	1396,71
709,22	1447,91
709,41	1415,15
709,60	1517,54
709,80	1484,78
709,99	1363,95
710,19	1409,00
710,38	1404,91
710,57	1353,71
710,77	1310,70
710,96	1456,11
711,15	1372,14
711,35	1388,52
711,54	1415,15
711,73	1456,11
711,93	1363,95
712,12	1372,14
712,31	1357,80
712,51	1456,11
712,70	1380,33
712,89	1409,00
713,09	1394,67
713,28	1435,63
713,48	1480,68
713,67	1425,39
713,86	1394,67
714,06	1370,09
714,25	1343,47
714,44	1388,52
714,64	1472,49
714,83	1449,96
715,02	1386,47
715,22	1533,93
715,41	1409,00
715,60	1390,57
715,79	1347,56
715,99	1482,73
716,18	1419,24
716,37	1406,95
716,57	1361,90
716,76	1386,47
716,95	1462,25
717,15	1339,37
717,34	1361,90
717,53	1380,33
717,73	1417,19
717,92	1454,06
718,11	1454,06
718,31	1398,76
718,50	1425,39
718,69	1341,42
718,88	1535,98
719,08	1357,80
719,27	1411,05
719,46	1417,19
719,66	1419,24
719,85	1427,43
720,04	1449,96
720,23	1374,19
720,43	1376,24
720,62	1431,53
720,81	1447,91
721,01	1427,43
721,20	1421,29
721,39	1419,24
721,58	1310,70
721,78	1472,49
721,97	1423,34
722,16	1431,53
722,35	1388,52
722,55	1400,81
722,74	1441,77
722,93	1490,92
723,13	1378,28
723,32	1470,44
723,51	1400,81
723,70	1480,68
723,90	1439,72
724,09	1302,51
724,28	1382,38
724,47	1370,09
724,67	1368,04
724,86	1380,33
725,05	1353,71
725,24	1374,19
725,44	1431,53
725,63	1337,32
725,82	1359,85
726,01	1425,39
726,21	1544,17
726,40	1445,87
726,59	1486,83
726,78	1402,86
726,97	1433,58
727,17	1419,24
727,36	1464,30
727,55	1349,61
727,74	1378,28
727,94	1351,66
728,13	1464,30
728,32	1388,52
728,51	1370,09
728,70	1433,58
728,90	1404,91
729,09	1437,67
729,28	1359,85
729,47	1409,00
729,66	1431,53
729,86	1384,43
730,05	1390,57
730,24	1492,97
730,43	1421,29
730,63	1398,76
730,82	1431,53
731,01	1427,43
731,20	1374,19
731,39	1345,52
731,58	1351,66
731,78	1380,33
731,97	1378,28
732,16	1472,49
732,35	1329,13
732,54	1437,67
732,74	1488,87
732,93	1441,77
733,12	1460,20
733,31	1351,66
733,50	1290,22
733,69	1382,38
733,89	1488,87
734,08	1425,39
734,27	1380,33
734,46	1421,29
734,65	1351,66
734,84	1366,00
735,04	1409,00
735,23	1443,82
735,42	1433,58
735,61	1382,38
735,80	1445,87
735,99	1384,43
736,19	1341,42
736,38	1396,71
736,57	1486,83
736,76	1337,32
736,95	1398,76
737,14	1374,19
737,33	1460,20
737,53	1474,54
737,72	1392,62
737,91	1433,58
738,10	1447,91
738,29	1425,39
738,48	1445,87
738,67	1425,39
738,87	1372,14
739,06	1437,67
739,25	1470,44
739,44	1341,42
739,63	1443,82
739,82	1380,33
740,01	1433,58
740,20	1421,29
740,40	1380,33
740,59	1447,91
740,78	1345,52
740,97	1482,73
741,16	1460,20
741,35	1470,44
741,54	1406,95
741,73	1384,43
741,92	1368,04
742,12	1388,52
742,31	1390,57
742,50	1488,87
742,69	1425,39
742,88	1337,32
743,07	1406,95
743,26	1443,82
743,45	1472,49
743,64	1406,95
743,83	1419,24
744,02	1427,43
744,22	1486,83
744,41	1476,59
744,60	1472,49
744,79	1441,77
744,98	1458,15
745,17	1409,00
745,36	1359,85
745,55	1460,20
745,74	1445,87
745,93	1318,89
746,12	1443,82
746,31	1421,29
746,50	1400,81
746,70	1439,72
746,89	1419,24
747,08	1400,81
747,27	1392,62
747,46	1370,09
747,65	1464,30
747,84	1357,80
748,03	1380,33
748,22	1423,34
748,41	1421,29
748,60	1361,90
748,79	1392,62
748,98	1406,95
749,17	1447,91
749,36	1449,96
749,55	1433,58
749,74	1370,09
749,93	1454,06
750,12	1425,39
750,31	1398,76
750,50	1466,35
750,70	1445,87
750,89	1515,50
751,08	1556,46
751,27	1382,38
751,46	1456,11
751,65	1447,91
751,84	1380,33
752,03	1366,00
752,22	1409,00
752,41	1454,06
752,60	1413,10
752,79	1484,78
752,98	1472,49
753,17	1511,40
753,36	1464,30
753,55	1411,05
753,74	1343,47
753,93	1470,44
754,12	1409,00
754,31	1509,35
754,50	1503,21
754,69	1423,34
754,88	1511,40
755,07	1513,45
755,26	1417,19
755,45	1353,71
755,64	1484,78
755,83	1433,58
756,02	1507,30
756,21	1468,39
756,40	1449,96
756,59	1515,50
756,78	1421,29
756,97	1495,02
757,16	1486,83
757,35	1474,54
757,54	1421,29
757,72	1462,25
757,91	1370,09
758,10	1433,58
758,29	1464,30
758,48	1458,15
758,67	1497,07
758,86	1497,07
759,05	1435,63
759,24	1466,35
759,43	1495,02
759,62	1433,58
759,81	1525,74
760,00	1597,42
760,19	1482,73
760,38	1519,59
760,57	1462,25
760,76	1505,26
760,95	1556,46
761,14	1499,11
761,33	1458,15
761,52	1529,83
761,70	1484,78
761,89	1531,88
762,08	1562,60
762,27	1460,20
762,46	1452,01
762,65	1503,21
762,84	1486,83
763,03	1499,11
763,22	1472,49
763,41	1454,06
763,60	1519,59
763,79	1497,07
763,98	1490,92
764,16	1511,40
764,35	1501,16
764,54	1492,97
764,73	1484,78
764,92	1523,69
765,11	1544,17
765,30	1550,31
765,49	1519,59
765,68	1505,26
765,87	1562,60
766,06	1490,92
766,24	1544,17
766,43	1474,54
766,62	1452,01
766,81	1501,16
767,00	1609,70
767,19	1427,43
767,38	1560,55
767,57	1499,11
767,76	1488,87
767,94	1535,98
768,13	1484,78
768,32	1513,45
768,51	1470,44
768,70	1550,31
768,89	1574,89
769,08	1445,87
769,27	1492,97
769,45	1535,98
769,64	1597,42
769,83	1497,07
770,02	1568,74
770,21	1517,54
770,40	1531,88
770,59	1566,70
770,77	1505,26
770,96	1550,31
771,15	1521,64
771,34	1609,70
771,53	1626,09
771,72	1568,74
771,91	1482,73
772,09	1447,91
772,28	1523,69
772,47	1566,70
772,66	1583,08
772,85	1490,92
773,04	1517,54
773,22	1490,92
773,41	1558,50
773,60	1509,35
773,79	1554,41
773,98	1632,23
774,17	1511,40
774,35	1587,18
774,54	1511,40
774,73	1552,36
774,92	1501,16
775,11	1523,69
775,30	1703,91
775,48	1503,21
775,67	1468,39
775,86	1488,87
776,05	1619,94
776,24	1609,70
776,42	1589,22
776,61	1533,93
776,80	1511,40
776,99	1533,93
777,18	1552,36
777,36	1603,56
777,55	1572,84
777,74	1595,37
777,93	1517,54
778,12	1544,17
778,30	1652,71
778,49	1564,65
778,68	1587,18
778,87	1513,45
779,06	1554,41
779,24	1529,83
779,43	1558,50
779,62	1556,46
779,81	1566,70
779,99	1554,41
780,18	1605,61
780,37	1587,18
780,56	1603,56
780,75	1546,22
780,93	1564,65
781,12	1525,74
781,31	1628,14
781,50	1525,74
781,68	1499,11
781,87	1425,39
782,06	1476,59
782,25	1525,74
782,43	1529,83
782,62	1523,69
782,81	1454,06
783,00	1572,84
783,18	1449,96
783,37	1566,70
783,56	1544,17
783,75	1521,64
783,93	1572,84
784,12	1609,70
784,31	1585,13
784,50	1542,12
784,68	1660,90
784,87	1503,21
785,06	1562,60
785,24	1525,74
785,43	1556,46
785,62	1538,02
785,81	1474,54
785,99	1470,44
786,18	1544,17
786,37	1533,93
786,56	1452,01
786,74	1554,41
786,93	1531,88
787,12	1462,25
787,30	1558,50
787,49	1527,78
787,68	1468,39
787,87	1443,82
788,05	1476,59
788,24	1394,67
788,43	1501,16
788,61	1570,79
788,80	1529,83
788,99	1458,15
789,17	1474,54
789,36	1447,91
789,55	1517,54
789,73	1474,54
789,92	1439,72
790,11	1452,01
790,30	1515,50
790,48	1452,01
790,67	1523,69
790,86	1486,83
791,04	1482,73
791,23	1509,35
791,42	1478,63
791,60	1476,59
791,79	1542,12
791,98	1486,83
792,16	1548,26
792,35	1499,11
792,54	1396,71
792,72	1519,59
792,91	1517,54
793,10	1460,20
793,28	1439,72
793,47	1429,48
793,66	1417,19
793,84	1464,30
794,03	1466,35
794,22	1513,45
794,40	1374,19
794,59	1513,45
794,77	1380,33
794,96	1456,11
795,15	1476,59
795,33	1488,87
795,52	1415,15
795,71	1425,39
795,89	1394,67
796,08	1509,35
796,27	1495,02
796,45	1400,81
796,64	1382,38
796,82	1447,91
797,01	1433,58
797,20	1517,54
797,38	1429,48
797,57	1355,76
797,76	1431,53
797,94	1431,53
798,13	1466,35
798,31	1386,47
798,50	1382,38
798,69	1527,78
798,87	1376,24
799,06	1413,10
799,24	1390,57
799,43	1542,12
799,62	1398,76
799,80	1400,81
799,99	1564,65
800,17	1495,02
800,36	1413,10
800,55	1409,00
800,73	1390,57
800,92	1388,52
801,10	1327,08
801,29	1363,95
801,48	1312,75
801,66	1474,54
801,85	1325,04
802,03	1435,63
802,22	1523,69
802,40	1431,53
802,59	1366,00
802,78	1402,86
802,96	1429,48
803,15	1458,15
803,33	1449,96
803,52	1499,11
803,70	1452,01
803,89	1441,77
804,08	1499,11
804,26	1449,96
804,45	1445,87
804,63	1435,63
804,82	1456,11
805,00	1380,33
805,19	1413,10
805,37	1411,05
805,56	1540,07
805,74	1370,09
805,93	1421,29
806,12	1503,21
806,30	1482,73
806,49	1404,91
806,67	1400,81
806,86	1415,15
807,04	1439,72
807,23	1349,61
807,41	1398,76
807,60	1452,01
807,78	1437,67
807,97	1722,34
808,15	1425,39
808,34	1374,19
808,52	1402,86
808,71	1335,28
808,89	1441,77
809,08	1437,67
809,27	1331,18
809,45	1470,44
809,64	1384,43
809,82	1464,30
810,01	1374,19
810,19	1478,63
810,38	1404,91
810,56	1447,91
810,75	1368,04
810,93	1413,10
811,12	1366,00
811,30	1484,78
811,49	1357,80
811,67	1505,26
811,85	1501,16
812,04	1427,43
812,22	1439,72
812,41	1433,58
812,59	1411,05
812,78	1419,24
812,96	1460,20
813,15	1435,63
813,33	1376,24
813,52	1355,76
813,70	1519,59
813,89	1396,71
814,07	1497,07
814,26	1411,05
814,44	1402,86
814,63	1386,47
814,81	1435,63
815,00	1392,62
815,18	1435,63
815,36	1415,15
815,55	1474,54
815,73	1400,81
815,92	1468,39
816,10	1570,79
816,29	1331,18
816,47	1359,85
816,66	1417,19
816,84	1523,69
817,02	1478,63
817,21	1531,88
817,39	1521,64
817,58	1409,00
817,76	1437,67
817,95	1546,22
818,13	1460,20
818,32	1443,82
818,50	1490,92
818,68	1452,01
818,87	1462,25
819,05	1380,33
819,24	1349,61
819,42	1335,28
819,60	1474,54
819,79	1447,91
819,97	1433,58
820,16	1509,35
820,34	1439,72
820,53	1423,34
820,71	1402,86
820,89	1544,17
821,08	1386,47
821,26	1472,49
821,45	1382,38
821,63	1439,72
821,81	1521,64
822,00	1447,91
822,18	1468,39
822,37	1476,59
822,55	1447,91
822,73	1441,77
822,92	1488,87
823,10	1460,20
823,28	1445,87
823,47	1423,34
823,65	1435,63
823,84	1419,24
824,02	1472,49
824,20	1445,87
824,39	1447,91
824,57	1445,87
824,75	1585,13
824,94	1460,20
825,12	1509,35
825,31	1382,38
825,49	1486,83
825,67	1474,54
825,86	1437,67
826,04	1521,64
826,22	1511,40
826,41	1630,18
826,59	1519,59
826,77	1550,31
826,96	1523,69
827,14	1427,43
827,32	1460,20
827,51	1458,15
827,69	1521,64
827,87	1435,63
828,06	1535,98
828,24	1488,87
828,42	1417,19
828,61	1540,07
828,79	1443,82
828,97	1535,98
829,16	1531,88
829,34	1490,92
829,52	1538,02
829,71	1605,61
829,89	1566,70
830,07	1449,96
830,26	1486,83
830,44	1464,30
830,62	1574,89
830,81	1482,73
830,99	1501,16
831,17	1550,31
831,36	1462,25
831,54	1574,89
831,72	1490,92
831,91	1495,02
832,09	1544,17
832,27	1439,72
832,45	1525,74
832,64	1464,30
832,82	1511,40
833,00	1499,11
833,19	1497,07
833,37	1490,92
833,55	1515,50
833,73	1562,60
833,92	1593,32
834,10	1447,91
834,28	1564,65
834,47	1452,01
834,65	1546,22
834,83	1595,37
835,01	1533,93
835,20	1470,44
835,38	1505,26
835,56	1488,87
835,74	1562,60
835,93	1593,32
836,11	1546,22
836,29	1515,50
836,47	1560,55
836,66	1488,87
836,84	1499,11
837,02	1423,34
837,21	1492,97
837,39	1556,46
837,57	1617,90
837,75	1611,75
837,94	1529,83
838,12	1503,21
838,30	1517,54
838,48	1511,40
838,66	1484,78
838,85	1562,60
839,03	1476,59
839,21	1544,17
839,39	1521,64
839,58	1568,74
839,76	1546,22
839,94	1542,12
840,12	1572,84
840,31	1613,80
840,49	1472,49
840,67	1548,26
840,85	1486,83
841,03	1640,42
841,22	1548,26
841,40	1556,46
841,58	1495,02
841,76	1480,68
841,94	1554,41
842,13	1669,09
842,31	1624,04
842,49	1591,27
842,67	1495,02
842,85	1585,13
843,04	1619,94
843,22	1662,95
843,40	1478,63
843,58	1525,74
843,76	1583,08
843,95	1669,09
844,13	1601,51
844,31	1564,65
844,49	1632,23
844,67	1556,46
844,86	1581,03
845,04	1581,03
845,22	1535,98
845,40	1462,25
845,58	1650,66
845,76	1531,88
845,95	1597,42
846,13	1648,61
846,31	1548,26
846,49	1587,18
846,67	1535,98
846,85	1621,99
847,04	1597,42
847,22	1681,38
847,40	1513,45
847,58	1613,80
847,76	1665,00
847,94	1574,89
848,12	1660,90
848,31	1626,09
848,49	1568,74
848,67	1558,50
848,85	1605,61
849,03	1638,38
849,21	1736,68
849,39	1531,88
849,58	1648,61
849,76	1662,95
849,94	1578,98
850,12	1572,84
850,30	1589,22
850,48	1591,27
850,66	1669,09
850,84	1624,04
851,03	1613,80
851,21	1607,66
851,39	1562,60
851,57	1652,71
851,75	1644,52
851,93	1619,94
852,11	1667,05
852,29	1628,14
852,47	1632,23
852,66	1660,90
852,84	1564,65
853,02	1636,33
853,20	1757,16
853,38	1656,81
853,56	1710,05
853,74	1693,67
853,92	1542,12
854,10	1615,85
854,28	1689,57
854,46	1652,71
854,65	1556,46
854,83	1609,70
855,01	1595,37
855,19	1599,46
855,37	1671,14
855,55	1615,85
855,73	1648,61
855,91	1630,18
856,09	1720,29
856,27	1691,62
856,45	1775,59
856,63	1544,17
856,81	1738,73
857,00	1691,62
857,18	1734,63
857,36	1650,66
857,54	1673,19
857,72	1697,77
857,90	1650,66
858,08	1710,05
858,26	1634,28
858,44	1630,18
858,62	1667,05
858,80	1595,37
858,98	1740,77
859,16	1679,33
859,34	1597,42
859,52	1634,28
859,70	1751,01
859,88	1597,42
860,06	1566,70
860,24	1619,94
860,42	1585,13
860,60	1705,96
860,78	1638,38
860,96	1660,90
861,14	1646,57
861,32	1714,15
861,50	1665,00
861,69	1673,19
861,87	1638,38
862,05	1701,86
862,23	1560,55
862,41	1705,96
862,59	1581,03
862,77	1675,24
862,95	1644,52
863,13	1593,32
863,31	1634,28
863,49	1632,23
863,67	1613,80
863,85	1685,48
864,03	1644,52
864,21	1591,27
864,39	1607,66
864,57	1646,57
864,75	1656,81
864,92	1718,25
865,10	1576,94
865,28	1609,70
865,46	1693,67
865,64	1613,80
865,82	1650,66
866,00	1523,69
866,18	1642,47
866,36	1630,18
866,54	1626,09
866,72	1615,85
866,90	1703,91
867,08	1632,23
867,26	1599,46
867,44	1566,70
867,62	1585,13
867,80	1595,37
867,98	1740,77
868,16	1712,10
868,34	1630,18
868,52	1693,67
868,70	1568,74
868,88	1605,61
869,06	1634,28
869,24	1611,75
869,42	1619,94
869,59	1587,18
869,77	1615,85
869,95	1648,61
870,13	1609,70
870,31	1599,46
870,49	1624,04
870,67	1599,46
870,85	1529,83
871,03	1624,04
871,21	1771,49
871,39	1587,18
871,57	1660,90
871,75	1554,41
871,92	1617,90
872,10	1640,42
872,28	1624,04
872,46	1591,27
872,64	1755,11
872,82	1683,43
873,00	1519,59
873,18	1595,37
873,36	1585,13
873,54	1572,84
873,72	1564,65
873,89	1708,01
874,07	1585,13
874,25	1648,61
874,43	1587,18
874,61	1675,24
874,79	1617,90
874,97	1630,18
875,15	1628,14
875,33	1634,28
875,50	1708,01
875,68	1581,03
875,86	1677,29
876,04	1656,81
876,22	1685,48
876,40	1554,41
876,58	1497,07
876,76	1607,66
876,93	1636,33
877,11	1630,18
877,29	1597,42
877,47	1662,95
877,65	1613,80
877,83	1607,66
878,01	1677,29
878,18	1619,94
878,36	1619,94
878,54	1675,24
878,72	1554,41
878,90	1540,07
879,08	1691,62
879,25	1755,11
879,43	1599,46
879,61	1597,42
879,79	1613,80
879,97	1621,99
880,15	1578,98
880,32	1624,04
880,50	1722,34
880,68	1697,77
880,86	1681,38
881,04	1703,91
881,22	1755,11
881,39	1626,09
881,57	1650,66
881,75	1662,95
881,93	1652,71
882,11	1675,24
882,28	1591,27
882,46	1662,95
882,64	1589,22
882,82	1605,61
883,00	1615,85
883,18	1621,99
883,35	1658,85
883,53	1675,24
883,71	1572,84
883,89	1687,53
884,07	1638,38
884,24	1658,85
884,42	1585,13
884,60	1617,90
884,78	1589,22
884,95	1660,90
885,13	1621,99
885,31	1617,90
885,49	1552,36
885,67	1593,32
885,84	1675,24
886,02	1599,46
886,20	1628,14
886,38	1654,76
886,55	1607,66
886,73	1568,74
886,91	1630,18
887,09	1480,68
887,26	1624,04
887,44	1638,38
887,62	1720,29
887,80	1521,64
887,98	1591,27
888,15	1538,02
888,33	1607,66
888,51	1550,31
888,69	1689,57
888,86	1556,46
889,04	1650,66
889,22	1531,88
889,39	1636,33
889,57	1562,60
889,75	1581,03
889,93	1578,98
890,10	1603,56
890,28	1619,94
890,46	1656,81
890,64	1679,33
890,81	1566,70
890,99	1511,40
891,17	1615,85
891,34	1642,47
891,52	1568,74
891,70	1617,90
891,88	1525,74
892,05	1634,28
892,23	1488,87
892,41	1617,90
892,58	1513,45
892,76	1601,51
892,94	1562,60
893,12	1632,23
893,29	1636,33
893,47	1476,59
893,65	1515,50
893,82	1595,37
894,00	1566,70
894,18	1572,84
894,35	1466,35
894,53	1484,78
894,71	1603,56
894,89	1511,40
895,06	1578,98
895,24	1531,88
895,42	1581,03
895,59	1540,07
895,77	1480,68
895,95	1595,37
896,12	1472,49
896,30	1560,55
896,48	1492,97
896,65	1652,71
896,83	1578,98
897,01	1482,73
897,18	1472,49
897,36	1595,37
897,54	1572,84
897,71	1589,22
897,89	1595,37
898,07	1376,24
898,24	1478,63
898,42	1468,39
898,59	1560,55
898,77	1484,78
898,95	1499,11
899,12	1499,11
899,30	1480,68
899,48	1507,30
899,65	1503,21
899,83	1499,11
900,01	1480,68
900,18	1533,93
900,36	1562,60
900,53	1472,49
900,71	1486,83
900,89	1546,22
901,06	1484,78
901,24	1480,68
901,42	1550,31
901,59	1517,54
901,77	1552,36
901,94	1525,74
902,12	1554,41
902,30	1581,03
902,47	1554,41
902,65	1449,96
902,82	1495,02
903,00	1538,02
903,18	1531,88
903,35	1433,58
903,53	1474,54
903,70	1460,20
903,88	1466,35
904,06	1525,74
904,23	1419,24
904,41	1466,35
904,58	1486,83
904,76	1525,74
904,93	1611,75
905,11	1593,32
905,29	1478,63
905,46	1591,27
905,64	1585,13
905,81	1501,16
905,99	1501,16
906,16	1566,70
906,34	1511,40
906,52	1449,96
906,69	1525,74
906,87	1497,07
907,04	1513,45
907,22	1540,07
907,39	1507,30
907,57	1513,45
907,75	1535,98
907,92	1556,46
908,10	1624,04
908,27	1476,59
908,45	1505,26
908,62	1505,26
908,80	1576,94
908,97	1626,09
909,15	1583,08
909,32	1560,55
909,50	1546,22
909,67	1552,36
909,85	1523,69
910,03	1533,93
910,20	1544,17
910,38	1538,02
910,55	1583,08
910,73	1617,90
910,90	1523,69
911,08	1605,61
911,25	1531,88
911,43	1552,36
911,60	1499,11
911,78	1474,54
911,95	1564,65
912,13	1576,94
912,30	1548,26
912,48	1599,46
912,65	1470,44
912,83	1550,31
913,00	1529,83
913,18	1697,77
913,35	1531,88
913,53	1540,07
913,70	1669,09
913,88	1628,14
914,05	1574,89
914,23	1591,27
914,40	1578,98
914,58	1570,79
914,75	1533,93
914,93	1583,08
915,10	1556,46
915,27	1646,57
915,45	1587,18
915,62	1533,93
915,80	1513,45
915,97	1591,27
916,15	1578,98
916,32	1621,99
916,50	1554,41
916,67	1521,64
916,85	1589,22
917,02	1574,89
917,20	1538,02
917,37	1519,59
917,54	1574,89
917,72	1636,33
917,89	1593,32
918,07	1724,39
918,24	1613,80
918,42	1472,49
918,59	1607,66
918,77	1587,18
918,94	1564,65
919,11	1619,94
919,29	1505,26
919,46	1595,37
919,64	1630,18
919,81	1607,66
919,99	1511,40
920,16	1710,05
920,33	1523,69
920,51	1650,66
920,68	1636,33
920,86	1624,04
921,03	1642,47
921,20	1607,66
921,38	1611,75
921,55	1732,58
921,73	1603,56
921,90	1566,70
922,07	1533,93
922,25	1587,18
922,42	1595,37
922,60	1595,37
922,77	1581,03
922,94	1677,29
923,12	1535,98
923,29	1654,76
923,47	1558,50
923,64	1626,09
923,81	1669,09
923,99	1615,85
924,16	1681,38
924,34	1585,13
924,51	1679,33
924,68	1691,62
924,86	1560,55
925,03	1660,90
925,20	1693,67
925,38	1599,46
925,55	1638,38
925,72	1621,99
925,90	1646,57
926,07	1619,94
926,25	1609,70
926,42	1624,04
926,59	1587,18
926,77	1714,15
926,94	1675,24
927,11	1679,33
927,29	1570,79
927,46	1619,94
927,63	1646,57
927,81	1615,85
927,98	1636,33
928,15	1722,34
928,33	1708,01
928,50	1609,70
928,67	1583,08
928,85	1642,47
929,02	1646,57
929,19	1675,24
929,37	1626,09
929,54	1617,90
929,71	1712,10
929,89	1621,99
930,06	1677,29
930,23	1718,25
930,41	1714,15
930,58	1595,37
930,75	1660,90
930,92	1656,81
931,10	1648,61
931,27	1581,03
931,44	1722,34
931,62	1587,18
931,79	1642,47
931,96	1791,97
932,14	1562,60
932,31	1642,47
932,48	1542,12
932,65	1681,38
932,83	1636,33
933,00	1665,00
933,17	1646,57
933,35	1710,05
933,52	1708,01
933,69	1798,12
933,86	1697,77
934,04	1728,49
934,21	1652,71
934,38	1765,35
934,55	1714,15
934,73	1611,75
934,90	1593,32
935,07	1677,29
935,25	1755,11
935,42	1681,38
935,59	1619,94
935,76	1628,14
935,94	1656,81
936,11	1644,52
936,28	1683,43
936,45	1689,57
936,63	1556,46
936,80	1699,81
936,97	1689,57
937,14	1806,31
937,31	1746,92
937,49	1685,48
937,66	1708,01
937,83	1800,16
938,00	1650,66
938,18	1785,83
938,35	1679,33
938,52	1791,97
938,69	1589,22
938,87	1777,64
939,04	1613,80
939,21	1800,16
939,38	1683,43
939,55	1662,95
939,73	1652,71
939,90	1699,81
940,07	1603,56
940,24	1642,47
940,41	1708,01
940,59	1667,05
940,76	1691,62
940,93	1687,53
941,10	1638,38
941,27	1587,18
941,45	1660,90
941,62	1630,18
941,79	1673,19
941,96	1687,53
942,13	1791,97
942,31	1808,36
942,48	1722,34
942,65	1828,84
942,82	1599,46
942,99	1736,68
943,16	1767,40
943,34	1689,57
943,51	1646,57
943,68	1726,44
943,85	1656,81
944,02	1744,87
944,19	1597,42
944,37	1712,10
944,54	1652,71
944,71	1697,77
944,88	1712,10
945,05	1615,85
945,22	1595,37
945,40	1705,96
945,57	1640,42
945,74	1630,18
945,91	1593,32
946,08	1800,16
946,25	1705,96
946,42	1646,57
946,60	1693,67
946,77	1841,12
946,94	1716,20
947,11	1763,30
947,28	1615,85
947,45	1718,25
947,62	1732,58
947,79	1669,09
947,97	1740,77
948,14	1773,54
948,31	1712,10
948,48	1591,27
948,65	1740,77
948,82	1662,95
948,99	1599,46
949,16	1679,33
949,33	1630,18
949,51	1681,38
949,68	1724,39
949,85	1638,38
950,02	1591,27
950,19	1603,56
950,36	1656,81
950,53	1648,61
950,70	1548,26
950,87	1648,61
951,04	1578,98
951,22	1634,28
951,39	1753,06
951,56	1667,05
951,73	1679,33
951,90	1542,12
952,07	1665,00
952,24	1638,38
952,41	1619,94
952,58	1691,62
952,75	1693,67
952,92	1554,41
953,09	1675,24
953,26	1675,24
953,43	1562,60
953,61	1738,73
953,78	1601,51
953,95	1693,67
954,12	1540,07
954,29	1583,08
954,46	1529,83
954,63	1671,14
954,80	1687,53
954,97	1636,33
955,14	1533,93
955,31	1568,74
955,48	1554,41
955,65	1621,99
955,82	1501,16
955,99	1697,77
956,16	1593,32
956,33	1697,77
956,50	1484,78
956,67	1644,52
956,84	1673,19
957,01	1554,41
957,18	1535,98
957,35	1624,04
957,52	1642,47
957,69	1658,85
957,86	1642,47
958,03	1529,83
958,20	1552,36
958,37	1548,26
958,54	1546,22
958,71	1517,54
958,88	1636,33
959,05	1523,69
959,22	1511,40
959,39	1599,46
959,56	1572,84
959,73	1597,42
959,90	1564,65
960,07	1574,89
960,24	1462,25
960,41	1535,98
960,58	1538,02
960,75	1492,97
960,92	1482,73
961,09	1517,54
961,26	1574,89
961,43	1562,60
961,60	1560,55
961,77	1585,13
961,94	1523,69
962,11	1503,21
962,28	1636,33
962,45	1566,70
962,62	1452,01
962,79	1492,97
962,96	1572,84
963,13	1560,55
963,30	1470,44
963,47	1638,38
963,64	1480,68
963,81	1548,26
963,98	1445,87
964,14	1568,74
964,31	1581,03
964,48	1603,56
964,65	1574,89
964,82	1486,83
964,99	1568,74
965,16	1503,21
965,33	1486,83
965,50	1503,21
965,67	1501,16
965,84	1433,58
966,01	1474,54
966,18	1437,67
966,35	1574,89
966,51	1452,01
966,68	1611,75
966,85	1456,11
967,02	1619,94
967,19	1517,54
967,36	1523,69
967,53	1449,96
967,70	1535,98
967,87	1511,40
968,04	1548,26
968,21	1497,07
968,37	1497,07
968,54	1509,35
968,71	1466,35
968,88	1462,25
969,05	1445,87
969,22	1513,45
969,39	1505,26
969,56	1443,82
969,72	1452,01
969,89	1511,40
970,06	1478,63
970,23	1558,50
970,40	1538,02
970,57	1460,20
970,74	1531,88
970,91	1445,87
971,07	1456,11
971,24	1427,43
971,41	1507,30
971,58	1482,73
971,75	1511,40
971,92	1480,68
972,09	1470,44
972,25	1570,79
972,42	1484,78
972,59	1515,50
972,76	1437,67
972,93	1458,15
973,10	1447,91
973,27	1562,60
973,43	1441,77
973,60	1495,02
973,77	1519,59
973,94	1449,96
974,11	1542,12
974,28	1423,34
974,44	1419,24
974,61	1511,40
974,78	1439,72
974,95	1482,73
975,12	1425,39
975,28	1458,15
975,45	1476,59
975,62	1484,78
975,79	1357,80
975,96	1462,25
976,12	1386,47
976,29	1531,88
976,46	1402,86
976,63	1548,26
976,80	1495,02
976,96	1441,77
977,13	1460,20
977,30	1454,06
977,47	1433,58
977,64	1433,58
977,80	1458,15
977,97	1404,91
978,14	1439,72
978,31	1425,39
978,48	1464,30
978,64	1495,02
978,81	1411,05
978,98	1425,39
979,15	1392,62
979,31	1439,72
979,48	1400,81
979,65	1441,77
979,82	1476,59
979,98	1443,82
980,15	1404,91
980,32	1535,98
980,49	1456,11
980,66	1333,23
980,82	1425,39
980,99	1458,15
981,16	1347,56
981,33	1486,83
981,49	1384,43
981,66	1499,11
981,83	1454,06
981,99	1462,25
982,16	1372,14
982,33	1480,68
982,50	1325,04
982,66	1517,54
982,83	1421,29
983,00	1349,61
983,17	1378,28
983,33	1349,61
983,50	1449,96
983,67	1464,30
983,83	1384,43
984,00	1415,15
984,17	1452,01
984,34	1456,11
984,50	1366,00
984,67	1406,95
984,84	1427,43
985,00	1376,24
985,17	1380,33
985,34	1411,05
985,51	1472,49
985,67	1406,95
985,84	1445,87
986,01	1359,85
986,17	1449,96
986,34	1419,24
986,51	1400,81
986,67	1335,28
986,84	1382,38
987,01	1372,14
987,17	1445,87
987,34	1337,32
987,51	1419,24
987,67	1435,63
987,84	1423,34
988,01	1525,74
988,17	1419,24
988,34	1386,47
988,51	1429,48
988,67	1456,11
988,84	1353,71
989,01	1347,56
989,17	1425,39
989,34	1454,06
989,51	1439,72
989,67	1460,20
989,84	1392,62
990,01	1376,24
990,17	1447,91
990,34	1394,67
990,51	1501,16
990,67	1345,52
990,84	1359,85
991,01	1384,43
991,17	1372,14
991,34	1361,90
991,50	1452,01
991,67	1392,62
991,84	1382,38
992,00	1351,66
992,17	1339,37
992,34	1437,67
992,50	1447,91
992,67	1439,72
992,83	1406,95
993,00	1390,57
993,17	1435,63
993,33	1429,48
993,50	1431,53
993,66	1353,71
993,83	1495,02
994,00	1425,39
994,16	1464,30
994,33	1427,43
994,49	1427,43
994,66	1404,91
994,83	1472,49
994,99	1302,51
995,16	1466,35
995,32	1439,72
995,49	1492,97
995,66	1425,39
995,82	1396,71
995,99	1447,91
996,15	1482,73
996,32	1449,96
996,48	1363,95
996,65	1394,67
996,82	1384,43
996,98	1390,57
997,15	1452,01
997,31	1378,28
997,48	1406,95
997,64	1437,67
997,81	1456,11
997,97	1382,38
998,14	1372,14
998,31	1513,45
998,47	1390,57
998,64	1423,34
998,80	1333,23
998,97	1417,19
999,13	1443,82
999,30	1382,38
999,46	1447,91
999,63	1343,47
999,79	1406,95
999,96	1478,63
1000,12	1411,05
1000,29	1331,18
1000,45	1406,95
1000,62	1409,00
1000,79	1445,87
1000,95	1433,58
1001,12	1431,53
1001,28	1325,04
1001,45	1454,06
1001,61	1445,87
1001,78	1339,37
1001,94	1466,35
1002,11	1587,18
1002,27	1357,80
1002,44	1322,99
1002,60	1460,20
1002,77	1402,86
1002,93	1445,87
1003,10	1390,57
1003,26	1443,82
1003,43	1521,64
1003,59	1411,05
1003,76	1488,87
1003,92	1415,15
1004,09	1361,90
1004,25	1400,81
1004,41	1429,48
1004,58	1449,96
1004,74	1349,61
1004,91	1423,34
1005,07	1388,52
1005,24	1470,44
1005,40	1443,82
1005,57	1363,95
1005,73	1380,33
1005,90	1419,24
1006,06	1464,30
1006,23	1343,47
1006,39	1388,52
1006,55	1329,13
1006,72	1394,67
1006,88	1368,04
1007,05	1425,39
1007,21	1454,06
1007,38	1376,24
1007,54	1449,96
1007,71	1437,67
1007,87	1396,71
1008,03	1415,15
1008,20	1443,82
1008,36	1372,14
1008,53	1402,86
1008,69	1406,95
1008,86	1439,72
1009,02	1351,66
1009,18	1435,63
1009,35	1386,47
1009,51	1374,19
1009,68	1497,07
1009,84	1363,95
1010,01	1404,91
1010,17	1406,95
1010,33	1449,96
1010,50	1445,87
1010,66	1511,40
1010,83	1456,11
1010,99	1441,77
1011,15	1361,90
1011,32	1382,38
1011,48	1398,76
1011,65	1331,18
1011,81	1300,46
1011,97	1396,71
1012,14	1449,96
1012,30	1454,06
1012,46	1419,24
1012,63	1433,58
1012,79	1325,04
1012,96	1343,47
1013,12	1413,10
1013,28	1329,13
1013,45	1374,19
1013,61	1318,89
1013,77	1447,91
1013,94	1347,56
1014,10	1398,76
1014,26	1366,00
1014,43	1423,34
1014,59	1366,00
1014,76	1462,25
1014,92	1454,06
1015,08	1394,67
1015,25	1341,42
1015,41	1454,06
1015,57	1419,24
1015,74	1374,19
1015,90	1325,04
1016,06	1357,80
1016,23	1452,01
1016,39	1345,52
1016,55	1521,64
1016,72	1374,19
1016,88	1452,01
1017,04	1341,42
1017,21	1363,95
1017,37	1322,99
1017,53	1427,43
1017,70	1384,43
1017,86	1470,44
1018,02	1363,95
1018,19	1363,95
1018,35	1382,38
1018,51	1515,50
1018,67	1376,24
1018,84	1398,76
1019,00	1333,23
1019,16	1505,26
1019,33	1396,71
1019,49	1456,11
1019,65	1431,53
1019,82	1374,19
1019,98	1441,77
1020,14	1400,81
1020,30	1470,44
1020,47	1357,80
1020,63	1406,95
1020,79	1464,30
1020,96	1441,77
1021,12	1341,42
1021,28	1380,33
1021,44	1445,87
1021,61	1474,54
1021,77	1331,18
1021,93	1335,28
1022,09	1456,11
1022,26	1396,71
1022,42	1359,85
1022,58	1398,76
1022,74	1497,07
1022,91	1370,09
1023,07	1386,47
1023,23	1394,67
1023,39	1462,25
1023,56	1343,47
1023,72	1468,39
1023,88	1355,76
1024,04	1437,67
1024,21	1363,95
1024,37	1468,39
1024,53	1435,63
1024,69	1361,90
1024,86	1423,34
1025,02	1404,91
1025,18	1353,71
1025,34	1443,82
1025,50	1558,50
1025,67	1417,19
1025,83	1368,04
1025,99	1388,52
1026,15	1454,06
1026,32	1429,48
1026,48	1456,11
1026,64	1464,30
1026,80	1480,68
1026,96	1470,44
1027,13	1478,63
1027,29	1423,34
1027,45	1378,28
1027,61	1427,43
1027,77	1384,43
1027,94	1335,28
1028,10	1423,34
1028,26	1392,62
1028,42	1402,86
1028,58	1417,19
1028,75	1398,76
1028,91	1409,00
1029,07	1372,14
1029,23	1398,76
1029,39	1439,72
1029,55	1402,86
1029,72	1413,10
1029,88	1441,77
1030,04	1353,71
1030,20	1337,32
1030,36	1372,14
1030,52	1335,28
1030,69	1433,58
1030,85	1464,30
1031,01	1415,15
1031,17	1398,76
1031,33	1404,91
1031,49	1513,45
1031,65	1398,76
1031,82	1376,24
1031,98	1402,86
1032,14	1464,30
1032,30	1458,15
1032,46	1468,39
1032,62	1435,63
1032,78	1466,35
1032,95	1370,09
1033,11	1404,91
1033,27	1431,53
1033,43	1388,52
1033,59	1372,14
1033,75	1460,20
1033,91	1404,91
1034,07	1495,02
1034,24	1406,95
1034,40	1345,52
1034,56	1353,71
1034,72	1394,67
1034,88	1435,63
1035,04	1355,76
1035,20	1374,19
1035,36	1400,81
1035,52	1452,01
1035,68	1425,39
1035,85	1378,28
1036,01	1417,19
1036,17	1458,15
1036,33	1433,58
1036,49	1325,04
1036,65	1400,81
1036,81	1402,86
1036,97	1431,53
1037,13	1333,23
1037,29	1427,43
1037,45	1439,72
1037,61	1357,80
1037,78	1394,67
1037,94	1425,39
1038,10	1404,91
1038,26	1443,82
1038,42	1337,32
1038,58	1482,73
1038,74	1370,09
1038,90	1439,72
1039,06	1443,82
1039,22	1449,96
1039,38	1427,43
1039,54	1415,15
1039,70	1298,41
1039,86	1386,47
1040,02	1429,48
1040,18	1468,39
1040,34	1439,72
1040,50	1413,10
1040,66	1437,67
1040,83	1413,10
1040,99	1394,67
1041,15	1423,34
1041,31	1480,68
1041,47	1388,52
1041,63	1449,96
1041,79	1370,09
1041,95	1452,01
1042,11	1423,34
1042,27	1472,49
1042,43	1413,10
1042,59	1415,15
1042,75	1415,15
1042,91	1423,34
