344,25	1271,79
344,46	1271,79
344,68	1271,79
344,90	1300,46
345,12	1298,41
345,34	1472,49
345,55	1382,38
345,77	1484,78
345,99	1325,04
346,21	1402,86
346,42	1406,95
346,64	1413,10
346,86	1316,84
347,08	1484,78
347,30	1404,91
347,51	1411,05
347,73	1396,71
347,95	1458,15
348,17	1417,19
348,38	1368,04
348,60	1413,10
348,82	1357,80
349,04	1357,80
349,25	1546,22
349,47	1435,63
349,69	1423,34
349,91	1443,82
350,13	1308,65
350,34	1515,50
350,56	1374,19
350,78	1282,03
351,00	1419,24
351,21	1435,63
351,43	1460,20
351,65	1372,14
351,87	1394,67
352,08	1456,11
352,30	1464,30
352,52	1304,56
352,74	1466,35
352,95	1435,63
353,17	1378,28
353,39	1368,04
353,61	1411,05
353,82	1429,48
354,04	1335,28
354,26	1398,76
354,47	1409,00
354,69	1441,77
354,91	1388,52
355,13	1421,29
355,34	1398,76
355,56	1357,80
355,78	1415,15
356,00	1445,87
356,21	1384,43
356,43	1433,58
356,65	1423,34
356,86	1380,33
357,08	1466,35
357,30	1538,02
357,52	1355,76
357,73	1382,38
357,95	1433,58
358,17	1388,52
358,38	1314,80
358,60	1454,06
358,82	1441,77
359,04	1421,29
359,25	1527,78
359,47	1458,15
359,69	1386,47
359,90	1359,85
360,12	1497,07
360,34	1474,54
360,56	1366,00
360,77	1486,83
360,99	1464,30
361,21	1384,43
361,42	1400,81
361,64	1390,57
361,86	1507,30
362,07	1431,53
362,29	1413,10
362,51	1456,11
362,73	1343,47
362,94	1406,95
363,16	1478,63
363,38	1409,00
363,59	1415,15
363,81	1462,25
364,03	1452,01
364,24	1378,28
364,46	1452,01
364,68	1406,95
364,89	1372,14
365,11	1398,76
365,33	1464,30
365,54	1433,58
365,76	1452,01
365,98	1460,20
366,19	1456,11
366,41	1566,70
366,63	1478,63
366,84	1427,43
367,06	1427,43
367,28	1441,77
367,49	1411,05
367,71	1394,67
367,93	1441,77
368,14	1437,67
368,36	1419,24
368,58	1355,76
368,79	1468,39
369,01	1519,59
369,23	1490,92
369,44	1378,28
369,66	1370,09
369,88	1456,11
370,09	1425,39
370,31	1443,82
370,53	1523,69
370,74	1490,92
370,96	1447,91
371,18	1437,67
371,39	1423,34
371,61	1425,39
371,82	1476,59
372,04	1374,19
372,26	1439,72
372,47	1447,91
372,69	1372,14
372,91	1529,83
373,12	1382,38
373,34	1380,33
373,56	1296,36
373,77	1404,91
373,99	1347,56
374,20	1402,86
374,42	1492,97
374,64	1415,15
374,85	1435,63
375,07	1427,43
375,29	1400,81
375,50	1435,63
375,72	1390,57
375,93	1398,76
376,15	1402,86
376,37	1431,53
376,58	1454,06
376,80	1460,20
377,01	1398,76
377,23	1366,00
377,45	1378,28
377,66	1443,82
377,88	1501,16
378,10	1392,62
378,31	1370,09
378,53	1441,77
378,74	1476,59
378,96	1429,48
379,18	1368,04
379,39	1437,67
379,61	1396,71
379,82	1396,71
380,04	1466,35
380,26	1495,02
380,47	1384,43
380,69	1466,35
380,90	1488,87
381,12	1374,19
381,33	1357,80
381,55	1355,76
381,77	1429,48
381,98	1406,95
382,20	1355,76
382,41	1429,48
382,63	1466,35
382,85	1376,24
383,06	1488,87
383,28	1470,44
383,49	1427,43
383,71	1443,82
383,92	1376,24
384,14	1398,76
384,36	1353,71
384,57	1449,96
384,79	1361,90
385,00	1425,39
385,22	1382,38
385,43	1398,76
385,65	1441,77
385,87	1439,72
386,08	1361,90
386,30	1366,00
386,51	1445,87
386,73	1345,52
386,94	1421,29
387,16	1396,71
387,37	1499,11
387,59	1411,05
387,81	1388,52
388,02	1439,72
388,24	1327,08
388,45	1454,06
388,67	1341,42
388,88	1495,02
389,10	1329,13
389,31	1425,39
389,53	1456,11
389,75	1554,41
389,96	1374,19
390,18	1382,38
390,39	1353,71
390,61	1488,87
390,82	1406,95
391,04	1470,44
391,25	1443,82
391,47	1404,91
391,68	1392,62
391,90	1513,45
392,11	1386,47
392,33	1492,97
392,54	1419,24
392,76	1460,20
392,97	1368,04
393,19	1435,63
393,41	1413,10
393,62	1490,92
393,84	1454,06
394,05	1386,47
394,27	1409,00
394,48	1419,24
394,70	1445,87
394,91	1398,76
395,13	1445,87
395,34	1398,76
395,56	1445,87
395,77	1488,87
395,99	1413,10
396,20	1421,29
396,42	1509,35
396,63	1447,91
396,85	1359,85
397,06	1452,01
397,28	1388,52
397,49	1570,79
397,71	1415,15
397,92	1392,62
398,14	1429,48
398,35	1533,93
398,57	1464,30
398,78	1501,16
399,00	1499,11
399,21	1427,43
399,43	1441,77
399,64	1480,68
399,86	1419,24
400,07	1398,76
400,29	1468,39
400,50	1468,39
400,72	1411,05
400,93	1452,01
401,14	1400,81
401,36	1363,95
401,57	1386,47
401,79	1468,39
402,00	1419,24
402,22	1437,67
402,43	1390,57
402,65	1429,48
402,86	1421,29
403,08	1472,49
403,29	1406,95
403,51	1452,01
403,72	1404,91
403,94	1325,04
404,15	1462,25
404,36	1470,44
404,58	1669,09
404,79	1503,21
405,01	1517,54
405,22	1492,97
405,44	1382,38
405,65	1492,97
405,87	1439,72
406,08	1480,68
406,30	1433,58
406,51	1333,23
406,72	1437,67
406,94	1421,29
407,15	1521,64
407,37	1480,68
407,58	1386,47
407,80	1468,39
408,01	1382,38
408,23	1484,78
408,44	1402,86
408,65	1460,20
408,87	1392,62
409,08	1464,30
409,30	1429,48
409,51	1331,18
409,73	1443,82
409,94	1482,73
410,15	1527,78
410,37	1503,21
410,58	1486,83
410,80	1452,01
411,01	1376,24
411,23	1425,39
411,44	1452,01
411,65	1519,59
411,87	1435,63
412,08	1433,58
412,30	1556,46
412,51	1423,34
412,72	1452,01
412,94	1404,91
413,15	1456,11
413,37	1472,49
413,58	1398,76
413,79	1456,11
414,01	1437,67
414,22	1468,39
414,44	1439,72
414,65	1474,54
414,86	1388,52
415,08	1443,82
415,29	1466,35
415,51	1417,19
415,72	1433,58
415,93	1472,49
416,15	1419,24
416,36	1409,00
416,58	1486,83
416,79	1406,95
417,00	1415,15
417,22	1441,77
417,43	1388,52
417,65	1445,87
417,86	1521,64
418,07	1503,21
418,29	1492,97
418,50	1429,48
418,71	1468,39
418,93	1335,28
419,14	1390,57
419,36	1359,85
419,57	1337,32
419,78	1433,58
420,00	1361,90
420,21	1447,91
420,42	1404,91
420,64	1480,68
420,85	1437,67
421,06	1462,25
421,28	1476,59
421,49	1460,20
421,71	1411,05
421,92	1423,34
422,13	1392,62
422,35	1486,83
422,56	1533,93
422,77	1454,06
422,99	1474,54
423,20	1478,63
423,41	1472,49
423,63	1374,19
423,84	1527,78
424,05	1478,63
424,27	1441,77
424,48	1464,30
424,69	1480,68
424,91	1714,15
425,12	1355,76
425,33	1433,58
425,55	1394,67
425,76	1406,95
425,97	1509,35
426,19	1509,35
426,40	1429,48
426,61	1529,83
426,83	1466,35
427,04	1470,44
427,25	1509,35
427,47	1380,33
427,68	1380,33
427,89	1415,15
428,11	1349,61
428,32	1474,54
428,53	1406,95
428,75	1368,04
428,96	1398,76
429,17	1447,91
429,39	1411,05
429,60	1495,02
429,81	1456,11
430,03	1402,86
430,24	1400,81
430,45	1499,11
430,67	1456,11
430,88	1497,07
431,09	1409,00
431,30	1447,91
431,52	1449,96
431,73	1421,29
431,94	1409,00
432,16	1542,12
432,37	1517,54
432,58	1415,15
432,80	1370,09
433,01	1458,15
433,22	1374,19
433,43	1443,82
433,65	1460,20
433,86	1398,76
434,07	1417,19
434,29	1433,58
434,50	1392,62
434,71	1429,48
434,92	1402,86
435,14	1511,40
435,35	1505,26
435,56	1421,29
435,77	1417,19
435,99	1429,48
436,20	1462,25
436,41	1470,44
436,63	1409,00
436,84	1499,11
437,05	1363,95
437,26	1433,58
437,48	1521,64
437,69	1417,19
437,90	1464,30
438,11	1390,57
438,33	1390,57
438,54	1460,20
438,75	1423,34
438,96	1460,20
439,18	1445,87
439,39	1501,16
439,60	1474,54
439,82	1486,83
440,03	1353,71
440,24	1472,49
440,45	1413,10
440,67	1409,00
440,88	1382,38
441,09	1542,12
441,30	1499,11
441,51	1548,26
441,73	1374,19
441,94	1378,28
442,15	1452,01
442,36	1517,54
442,58	1398,76
442,79	1445,87
443,00	1468,39
443,21	1404,91
443,43	1402,86
443,64	1400,81
443,85	1419,24
444,06	1464,30
444,28	1400,81
444,49	1423,34
444,70	1454,06
444,91	1482,73
445,12	1495,02
445,34	1447,91
445,55	1558,50
445,76	1456,11
445,97	1480,68
446,18	1374,19
446,40	1470,44
446,61	1392,62
446,82	1396,71
447,03	1521,64
447,25	1460,20
447,46	1425,39
447,67	1409,00
447,88	1456,11
448,09	1368,04
448,31	1413,10
448,52	1433,58
448,73	1464,30
448,94	1388,52
449,15	1466,35
449,37	1398,76
449,58	1486,83
449,79	1409,00
450,00	1507,30
450,21	1447,91
450,43	1464,30
450,64	1390,57
450,85	1411,05
451,06	1535,98
451,27	1538,02
451,48	1439,72
451,70	1378,28
451,91	1411,05
452,12	1394,67
452,33	1445,87
452,54	1452,01
452,76	1435,63
452,97	1533,93
453,18	1470,44
453,39	1480,68
453,60	1388,52
453,81	1429,48
454,03	1427,43
454,24	1406,95
454,45	1374,19
454,66	1458,15
454,87	1392,62
455,08	1470,44
455,30	1429,48
455,51	1507,30
455,72	1449,96
455,93	1486,83
456,14	1482,73
456,35	1409,00
456,56	1429,48
456,78	1452,01
456,99	1423,34
457,20	1406,95
457,41	1492,97
457,62	1501,16
457,83	1531,88
458,04	1409,00
458,26	1398,76
458,47	1404,91
458,68	1501,16
458,89	1372,14
459,10	1411,05
459,31	1519,59
459,52	1419,24
459,74	1472,49
459,95	1499,11
460,16	1413,10
460,37	1531,88
460,58	1503,21
460,79	1435,63
461,00	1458,15
461,21	1464,30
461,43	1470,44
461,64	1339,37
461,85	1398,76
462,06	1359,85
462,27	1449,96
462,48	1456,11
462,69	1472,49
462,90	1447,91
463,12	1490,92
463,33	1413,10
463,54	1415,15
463,75	1429,48
463,96	1460,20
464,17	1464,30
464,38	1538,02
464,59	1427,43
464,80	1390,57
465,01	1423,34
465,23	1460,20
465,44	1363,95
465,65	1474,54
465,86	1423,34
466,07	1406,95
466,28	1456,11
466,49	1456,11
466,70	1490,92
466,91	1552,36
467,12	1431,53
467,33	1445,87
467,55	1413,10
467,76	1427,43
467,97	1447,91
468,18	1497,07
468,39	1409,00
468,60	1546,22
468,81	1505,26
469,02	1353,71
469,23	1388,52
469,44	1497,07
469,65	1333,23
469,86	1398,76
470,07	1376,24
470,29	1433,58
470,50	1439,72
470,71	1492,97
470,92	1464,30
471,13	1476,59
471,34	1423,34
471,55	1531,88
471,76	1452,01
471,97	1427,43
472,18	1447,91
472,39	1406,95
472,60	1419,24
472,81	1441,77
473,02	1447,91
473,23	1452,01
473,44	1390,57
473,65	1429,48
473,87	1406,95
474,08	1492,97
474,29	1374,19
474,50	1460,20
474,71	1454,06
474,92	1472,49
475,13	1445,87
475,34	1507,30
475,55	1380,33
475,76	1503,21
475,97	1540,07
476,18	1464,30
476,39	1476,59
476,60	1492,97
476,81	1433,58
477,02	1501,16
477,23	1384,43
477,44	1433,58
477,65	1466,35
477,86	1492,97
478,07	1492,97
478,28	1417,19
478,49	1452,01
478,70	1429,48
478,91	1404,91
479,12	1398,76
479,33	1363,95
479,54	1415,15
479,75	1578,98
479,96	1492,97
480,17	1368,04
480,38	1437,67
480,59	1433,58
480,80	1583,08
481,01	1488,87
481,22	1452,01
481,43	1425,39
481,64	1396,71
481,85	1394,67
482,06	1503,21
482,27	1501,16
482,48	1517,54
482,69	1497,07
482,90	1435,63
483,11	1531,88
483,32	1468,39
483,53	1413,10
483,74	1525,74
483,95	1439,72
484,16	1392,62
484,37	1402,86
484,58	1458,15
484,79	1482,73
485,00	1488,87
485,21	1419,24
485,42	1431,53
485,63	1499,11
485,84	1411,05
486,05	1398,76
486,26	1568,74
486,47	1499,11
486,68	1505,26
486,89	1384,43
487,10	1423,34
487,31	1406,95
487,52	1431,53
487,73	1513,45
487,94	1386,47
488,15	1472,49
488,36	1466,35
488,57	1458,15
488,77	1421,29
488,98	1505,26
489,19	1486,83
489,40	1460,20
489,61	1419,24
489,82	1495,02
490,03	1441,77
490,24	1415,15
490,45	1499,11
490,66	1398,76
490,87	1507,30
491,08	1376,24
491,29	1464,30
491,50	1427,43
491,71	1435,63
491,92	1499,11
492,13	1435,63
492,33	1460,20
492,54	1464,30
492,75	1470,44
492,96	1447,91
493,17	1400,81
493,38	1384,43
493,59	1402,86
493,80	1427,43
494,01	1425,39
494,22	1443,82
494,43	1454,06
494,64	1468,39
494,85	1466,35
495,05	1433,58
495,26	1480,68
495,47	1509,35
495,68	1503,21
495,89	1458,15
496,10	1329,13
496,31	1443,82
496,52	1390,57
496,73	1464,30
496,94	1413,10
497,15	1546,22
497,35	1482,73
497,56	1445,87
497,77	1462,25
497,98	1470,44
498,19	1398,76
498,40	1443,82
498,61	1585,13
498,82	1376,24
499,03	1499,11
499,23	1460,20
499,44	1470,44
499,65	1421,29
499,86	1497,07
500,07	1470,44
500,28	1476,59
500,49	1417,19
500,70	1447,91
500,91	1503,21
501,11	1458,15
501,32	1501,16
501,53	1409,00
501,74	1439,72
501,95	1374,19
502,16	1501,16
502,37	1417,19
502,57	1462,25
502,78	1439,72
502,99	1478,63
503,20	1437,67
503,41	1433,58
503,62	1447,91
503,83	1521,64
504,03	1474,54
504,24	1437,67
504,45	1538,02
504,66	1421,29
504,87	1452,01
505,08	1552,36
505,29	1425,39
505,49	1439,72
505,70	1503,21
505,91	1441,77
506,12	1505,26
506,33	1474,54
506,54	1423,34
506,75	1511,40
506,95	1449,96
507,16	1472,49
507,37	1380,33
507,58	1437,67
507,79	1456,11
508,00	1417,19
508,20	1386,47
508,41	1357,80
508,62	1460,20
508,83	1441,77
509,04	1476,59
509,24	1517,54
509,45	1824,74
509,66	1490,92
509,87	1495,02
510,08	1470,44
510,29	1501,16
510,49	1441,77
510,70	1486,83
510,91	1466,35
511,12	1468,39
511,33	1411,05
511,53	1441,77
511,74	1409,00
511,95	1480,68
512,16	1509,35
512,37	1591,27
512,57	1396,71
512,78	1476,59
512,99	1437,67
513,20	1503,21
513,41	1511,40
513,61	1449,96
513,82	1431,53
514,03	1466,35
514,24	1527,78
514,45	1517,54
514,65	1525,74
514,86	1361,90
515,07	1490,92
515,28	1464,30
515,49	1462,25
515,69	1409,00
515,90	1359,85
516,11	1574,89
516,32	1449,96
516,52	1441,77
516,73	1497,07
516,94	1542,12
517,15	1476,59
517,36	1460,20
517,56	1507,30
517,77	1409,00
517,98	1478,63
518,19	1406,95
518,39	1529,83
518,60	1480,68
518,81	1443,82
519,02	1437,67
519,22	1325,04
519,43	1507,30
519,64	1466,35
519,85	1511,40
520,05	1492,97
520,26	1415,15
520,47	1556,46
520,68	1409,00
520,88	1488,87
521,09	1482,73
521,30	1501,16
521,51	1441,77
521,71	1492,97
521,92	1452,01
522,13	1398,76
522,34	1439,72
522,54	1429,48
522,75	1396,71
522,96	1478,63
523,17	1533,93
523,37	1509,35
523,58	1400,81
523,79	1472,49
523,99	1361,90
524,20	1431,53
524,41	1406,95
524,62	1640,42
524,82	1460,20
525,03	1476,59
525,24	1427,43
525,45	1437,67
525,65	1425,39
525,86	1568,74
526,07	1492,97
526,27	1439,72
526,48	1439,72
526,69	1505,26
526,90	1380,33
527,10	1511,40
527,31	1425,39
527,52	1505,26
527,72	1484,78
527,93	1480,68
528,14	1390,57
528,34	1411,05
528,55	1464,30
528,76	1576,94
528,97	1472,49
529,17	1425,39
529,38	1404,91
529,59	1462,25
529,79	1480,68
530,00	1521,64
530,21	1482,73
530,41	1501,16
530,62	1421,29
530,83	1546,22
531,03	1535,98
531,24	1511,40
531,45	1429,48
531,65	1411,05
531,86	1427,43
532,07	1492,97
532,27	1474,54
532,48	1505,26
532,69	1456,11
532,89	1470,44
533,10	1490,92
533,31	1454,06
533,51	1472,49
533,72	1443,82
533,93	1490,92
534,13	1431,53
534,34	1366,00
534,55	1486,83
534,75	1458,15
534,96	1568,74
535,17	1499,11
535,37	1476,59
535,58	1441,77
535,79	1431,53
535,99	1390,57
536,20	1472,49
536,41	1480,68
536,61	1429,48
536,82	1449,96
537,03	1400,81
537,23	1456,11
537,44	1402,86
537,64	1460,20
537,85	1474,54
538,06	1476,59
538,26	1447,91
538,47	1509,35
538,68	1425,39
538,88	1435,63
539,09	1394,67
539,30	1449,96
539,50	1525,74
539,71	1568,74
539,91	1394,67
540,12	1386,47
540,33	1515,50
540,53	1517,54
540,74	1456,11
540,94	1566,70
541,15	1484,78
541,36	1398,76
541,56	1468,39
541,77	1437,67
541,98	1531,88
542,18	1447,91
542,39	1523,69
542,59	1454,06
542,80	1497,07
543,01	1454,06
543,21	1482,73
543,42	1492,97
543,62	1474,54
543,83	1441,77
544,04	1488,87
544,24	1503,21
544,45	1431,53
544,65	1466,35
544,86	1505,26
545,06	1427,43
545,27	1468,39
545,48	1474,54
545,68	1431,53
545,89	1331,18
546,09	1400,81
546,30	1464,30
546,51	1464,30
546,71	1464,30
546,92	1460,20
547,12	1462,25
547,33	1515,50
547,53	1382,38
547,74	1521,64
547,95	1488,87
548,15	1431,53
548,36	1525,74
548,56	1521,64
548,77	1429,48
548,97	1449,96
549,18	1429,48
549,39	1435,63
549,59	1443,82
549,80	1363,95
550,00	1484,78
550,21	1456,11
550,41	1486,83
550,62	1472,49
550,82	1454,06
551,03	1427,43
551,23	1423,34
551,44	1447,91
551,65	1505,26
551,85	1447,91
552,06	1458,15
552,26	1470,44
552,47	1398,76
552,67	1452,01
552,88	1374,19
553,08	1488,87
553,29	1460,20
553,49	1499,11
553,70	1425,39
553,90	1589,22
554,11	1458,15
554,32	1585,13
554,52	1476,59
554,73	1497,07
554,93	1462,25
555,14	1417,19
555,34	1454,06
555,55	1538,02
555,75	1427,43
555,96	1439,72
556,16	1353,71
556,37	1523,69
556,57	1478,63
556,78	1574,89
556,98	1433,58
557,19	1476,59
557,39	1499,11
557,60	1529,83
557,80	1396,71
558,01	1429,48
558,21	1427,43
558,42	1478,63
558,62	1433,58
558,83	1570,79
559,03	1437,67
559,24	1394,67
559,44	1501,16
559,65	1480,68
559,85	1486,83
560,06	1439,72
560,26	1439,72
560,47	1423,34
560,67	1458,15
560,88	1449,96
561,08	1433,58
561,29	1601,51
561,49	1349,61
561,70	1449,96
561,90	1433,58
562,10	1454,06
562,31	1464,30
562,51	1443,82
562,72	1415,15
562,92	1470,44
563,13	1544,17
563,33	1554,41
563,54	1435,63
563,74	1484,78
563,95	1452,01
564,15	1501,16
564,36	1429,48
564,56	1452,01
564,76	1411,05
564,97	1443,82
565,17	1466,35
565,38	1460,20
565,58	1445,87
565,79	1390,57
565,99	1470,44
566,20	1542,12
566,40	1495,02
566,60	1525,74
566,81	1509,35
567,01	1507,30
567,22	1400,81
567,42	1468,39
567,63	1492,97
567,83	1507,30
568,04	1456,11
568,24	1511,40
568,44	1458,15
568,65	1429,48
568,85	1495,02
569,06	1497,07
569,26	1595,37
569,47	1531,88
569,67	1427,43
569,87	1464,30
570,08	1421,29
570,28	1458,15
570,49	1425,39
570,69	1411,05
570,89	1558,50
571,10	1499,11
571,30	1415,15
571,51	1497,07
571,71	1566,70
571,91	1505,26
572,12	1490,92
572,32	1507,30
572,53	1417,19
572,73	1587,18
572,93	1560,55
573,14	1497,07
573,34	1492,97
573,55	1384,43
573,75	1548,26
573,95	1495,02
574,16	1501,16
574,36	1464,30
574,57	1390,57
574,77	1456,11
574,97	1390,57
575,18	1435,63
575,38	1384,43
575,59	1433,58
575,79	1525,74
575,99	1540,07
576,20	1482,73
576,40	1423,34
576,60	1474,54
576,81	1462,25
577,01	1509,35
577,22	1503,21
577,42	1445,87
577,62	1542,12
577,83	1456,11
578,03	1484,78
578,23	1492,97
578,44	1398,76
578,64	1456,11
578,84	1347,56
579,05	1458,15
579,25	1513,45
579,45	1359,85
579,66	1447,91
579,86	1495,02
580,07	1478,63
580,27	1384,43
580,47	1445,87
580,68	1447,91
580,88	1492,97
581,08	1376,24
581,29	1394,67
581,49	1458,15
581,69	1513,45
581,90	1480,68
582,10	1429,48
582,30	1411,05
582,51	1554,41
582,71	1380,33
582,91	1413,10
583,12	1550,31
583,32	1470,44
583,52	1384,43
583,73	1449,96
583,93	1507,30
584,13	1482,73
584,34	1599,46
584,54	1466,35
584,74	1476,59
584,94	1519,59
585,15	1454,06
585,35	1445,87
585,55	1472,49
585,76	1482,73
585,96	1449,96
586,16	1486,83
586,37	1433,58
586,57	1435,63
586,77	1425,39
586,98	1470,44
587,18	1501,16
587,38	1513,45
587,58	1470,44
587,79	1503,21
587,99	1435,63
588,19	1421,29
588,40	1429,48
588,60	1497,07
588,80	1316,84
589,00	1472,49
589,21	1476,59
589,41	1423,34
589,61	1452,01
589,82	1529,83
590,02	1372,14
590,22	1533,93
590,42	1466,35
590,63	1486,83
590,83	1482,73
591,03	1406,95
591,23	1517,54
591,44	1556,46
591,64	1511,40
591,84	1357,80
592,05	1499,11
592,25	1595,37
592,45	1454,06
592,65	1495,02
592,86	1484,78
593,06	1462,25
593,26	1521,64
593,46	1452,01
593,67	1511,40
593,87	1460,20
594,07	1484,78
594,27	1452,01
594,48	1507,30
594,68	1482,73
594,88	1411,05
595,08	1460,20
595,29	1538,02
595,49	1535,98
595,69	1527,78
595,89	1511,40
596,10	1501,16
596,30	1445,87
596,50	1370,09
596,70	1480,68
596,90	1513,45
597,11	1411,05
597,31	1437,67
597,51	1525,74
597,71	1478,63
597,92	1484,78
598,12	1427,43
598,32	1503,21
598,52	1492,97
598,72	1443,82
598,93	1480,68
599,13	1482,73
599,33	1462,25
599,53	1466,35
599,74	1458,15
599,94	1435,63
600,14	1490,92
600,34	1486,83
600,54	1574,89
600,75	1511,40
600,95	1386,47
601,15	1486,83
601,35	1355,76
601,55	1464,30
601,76	1419,24
601,96	1583,08
602,16	1454,06
602,36	1546,22
602,56	1353,71
602,76	1449,96
602,97	1480,68
603,17	1513,45
603,37	1499,11
603,57	1466,35
603,77	1411,05
603,98	1452,01
604,18	1402,86
604,38	1435,63
604,58	1458,15
604,78	1599,46
604,98	1394,67
605,19	1480,68
605,39	1404,91
605,59	1497,07
605,79	1474,54
605,99	1486,83
606,19	1501,16
606,40	1511,40
606,60	1544,17
606,80	1540,07
607,00	1503,21
607,20	1437,67
607,40	1449,96
607,61	1525,74
607,81	1480,68
608,01	1456,11
608,21	1611,75
608,41	1538,02
608,61	1435,63
608,81	1388,52
609,02	1433,58
609,22	1486,83
609,42	1501,16
609,62	1449,96
609,82	1490,92
610,02	1484,78
610,22	1497,07
610,43	1429,48
610,63	1433,58
610,83	1454,06
611,03	1423,34
611,23	1570,79
611,43	1515,50
611,63	1501,16
611,83	1454,06
612,04	1452,01
612,24	1488,87
612,44	1492,97
612,64	1435,63
612,84	1435,63
613,04	1429,48
613,24	1521,64
613,44	1433,58
613,64	1472,49
613,85	1492,97
614,05	1492,97
614,25	1478,63
614,45	1447,91
614,65	1472,49
614,85	1521,64
615,05	1396,71
615,25	1503,21
615,45	1501,16
615,65	1421,29
615,86	1538,02
616,06	1507,30
616,26	1447,91
616,46	1492,97
616,66	1476,59
616,86	1482,73
617,06	1462,25
617,26	1544,17
617,46	1480,68
617,66	1488,87
617,86	1550,31
618,07	1480,68
618,27	1587,18
618,47	1488,87
618,67	1517,54
618,87	1499,11
619,07	1386,47
619,27	1484,78
619,47	1501,16
619,67	1621,99
619,87	1472,49
620,07	1540,07
620,27	1497,07
620,47	1492,97
620,67	1439,72
620,87	1454,06
621,07	1585,13
621,28	1447,91
621,48	1574,89
621,68	1462,25
621,88	1550,31
622,08	1558,50
622,28	1538,02
622,48	1535,98
622,68	1449,96
622,88	1581,03
623,08	1486,83
623,28	1533,93
623,48	1488,87
623,68	1423,34
623,88	1480,68
624,08	1593,32
624,28	1470,44
624,48	1460,20
624,68	1478,63
624,88	1495,02
625,08	1599,46
625,28	1525,74
625,48	1454,06
625,68	1474,54
625,88	1517,54
626,08	1513,45
626,28	1458,15
626,48	1480,68
626,68	1443,82
626,88	1546,22
627,08	1523,69
627,28	1677,29
627,48	1501,16
627,68	1484,78
627,88	1509,35
628,08	1566,70
628,28	1503,21
628,49	1513,45
628,68	1515,50
628,88	1546,22
629,08	1443,82
629,28	1576,94
629,48	1425,39
629,68	1535,98
629,88	1591,27
630,08	1552,36
630,28	1452,01
630,48	1562,60
630,68	1372,14
630,88	1531,88
631,08	1501,16
631,28	1540,07
631,48	1513,45
631,68	1474,54
631,88	1499,11
632,08	1468,39
632,28	1519,59
632,48	1484,78
632,68	1505,26
632,88	1515,50
633,08	1548,26
633,28	1458,15
633,48	1533,93
633,68	1454,06
633,88	1513,45
634,08	1556,46
634,28	1452,01
634,48	1611,75
634,68	1521,64
634,88	1386,47
635,08	1497,07
635,28	1439,72
635,48	1525,74
635,68	1406,95
635,87	1540,07
636,07	1445,87
636,27	1505,26
636,47	1591,27
636,67	1468,39
636,87	1492,97
637,07	1525,74
637,27	1460,20
637,47	1517,54
637,67	1482,73
637,87	1447,91
638,07	1558,50
638,27	1523,69
638,47	1521,64
638,67	1527,78
638,86	1472,49
639,06	1507,30
639,26	1531,88
639,46	1468,39
639,66	1546,22
639,86	1476,59
640,06	1665,00
640,26	1533,93
640,46	1449,96
640,66	1439,72
640,86	1593,32
641,06	1452,01
641,25	1669,09
641,45	1478,63
641,65	1490,92
641,85	1464,30
642,05	1472,49
642,25	1376,24
642,45	1578,98
642,65	1382,38
642,85	1472,49
643,05	1482,73
643,24	1394,67
643,44	1529,83
643,64	1482,73
643,84	1460,20
644,04	1515,50
644,24	1464,30
644,44	1488,87
644,64	1552,36
644,84	1507,30
645,03	1513,45
645,23	1531,88
645,43	1470,44
645,63	1585,13
645,83	1495,02
646,03	1454,06
646,23	1535,98
646,42	1576,94
646,62	1552,36
646,82	1501,16
647,02	1564,65
647,22	1476,59
647,42	1499,11
647,62	1533,93
647,82	1449,96
648,01	1660,90
648,21	1480,68
648,41	1544,17
648,61	1591,27
648,81	1581,03
649,01	1562,60
649,20	1443,82
649,40	1527,78
649,60	1533,93
649,80	1480,68
650,00	1470,44
650,20	1593,32
650,40	1527,78
650,59	1531,88
650,79	1495,02
650,99	1492,97
651,19	1529,83
651,39	1470,44
651,58	1519,59
651,78	1507,30
651,98	1556,46
652,18	1531,88
652,38	1488,87
652,58	1488,87
652,77	1478,63
652,97	1591,27
653,17	1521,64
653,37	1529,83
653,57	1576,94
653,77	1472,49
653,96	1568,74
654,16	1550,31
654,36	1464,30
654,56	1570,79
654,76	1552,36
654,95	1486,83
655,15	1427,43
655,35	1458,15
655,55	1587,18
655,75	1511,40
655,94	1558,50
656,14	1521,64
656,34	1617,90
656,54	1452,01
656,73	1593,32
656,93	1525,74
657,13	1544,17
657,33	1521,64
657,53	1566,70
657,72	1560,55
657,92	1478,63
658,12	1492,97
658,32	1552,36
658,52	1499,11
658,71	1558,50
658,91	1521,64
659,11	1521,64
659,31	1531,88
659,50	1527,78
659,70	1474,54
659,90	1544,17
660,10	1452,01
660,29	1501,16
660,49	1554,41
660,69	1501,16
660,89	1527,78
661,08	1581,03
661,28	1542,12
661,48	1523,69
661,68	1462,25
661,87	1505,26
662,07	1517,54
662,27	1548,26
662,47	1576,94
662,66	1562,60
662,86	1519,59
663,06	1556,46
663,26	1429,48
663,45	1552,36
663,65	1525,74
663,85	1503,21
664,05	1509,35
664,24	1593,32
664,44	1456,11
664,64	1409,00
664,84	1447,91
665,03	1595,37
665,23	1542,12
665,43	1495,02
665,62	1490,92
665,82	1509,35
666,02	1462,25
666,22	1538,02
666,41	1460,20
666,61	1521,64
666,81	1482,73
667,00	1499,11
667,20	1505,26
667,40	1558,50
667,60	1470,44
667,79	1546,22
667,99	1470,44
668,19	1480,68
668,38	1531,88
668,58	1533,93
668,78	1527,78
668,97	1554,41
669,17	1574,89
669,37	1538,02
669,57	1513,45
669,76	1521,64
669,96	1542,12
670,16	1554,41
670,35	1484,78
670,55	1542,12
670,75	1462,25
670,94	1607,66
671,14	1560,55
671,34	1570,79
671,53	1480,68
671,73	1540,07
671,93	1515,50
672,12	1513,45
672,32	1578,98
672,52	1503,21
672,71	1492,97
672,91	1552,36
673,11	1523,69
673,30	1486,83
673,50	1431,53
673,70	1435,63
673,89	1462,25
674,09	1503,21
674,29	1546,22
674,48	1533,93
674,68	1550,31
674,88	1472,49
675,07	1525,74
675,27	1474,54
675,46	1386,47
675,66	1480,68
675,86	1505,26
676,05	1540,07
676,25	1478,63
676,45	1482,73
676,64	1466,35
676,84	1556,46
677,04	1458,15
677,23	1492,97
677,43	1400,81
677,62	1589,22
677,82	1540,07
678,02	1531,88
678,21	1574,89
678,41	1511,40
678,61	1490,92
678,80	1531,88
679,00	1531,88
679,19	1511,40
679,39	1470,44
679,59	1540,07
679,78	1505,26
679,98	1417,19
680,17	1437,67
680,37	1488,87
680,57	1370,09
680,76	1480,68
680,96	1501,16
681,16	1454,06
681,35	1464,30
681,55	1490,92
681,74	1482,73
681,94	1437,67
682,13	1488,87
682,33	1585,13
682,53	1511,40
682,72	1486,83
682,92	1429,48
683,11	1478,63
683,31	1578,98
683,51	1484,78
683,70	1558,50
683,90	1419,24
684,09	1519,59
684,29	1523,69
684,48	1417,19
684,68	1517,54
684,88	1562,60
685,07	1552,36
685,27	1452,01
685,46	1554,41
685,66	1531,88
685,85	1507,30
686,05	1619,94
686,25	1640,42
686,44	1585,13
686,64	1568,74
686,83	1492,97
687,03	1468,39
687,22	1470,44
687,42	1482,73
687,61	1585,13
687,81	1474,54
688,01	1568,74
688,20	1554,41
688,40	1478,63
688,59	1472,49
688,79	1501,16
688,98	1533,93
689,18	1439,72
689,37	1607,66
689,57	1605,61
689,76	1538,02
689,96	1529,83
690,15	1542,12
690,35	1511,40
690,54	1556,46
690,74	1542,12
690,94	1597,42
691,13	1564,65
691,33	1560,55
691,52	1544,17
691,72	1591,27
691,91	1456,11
692,11	1538,02
692,30	1484,78
692,50	1595,37
692,69	1546,22
692,89	1632,23
693,08	1527,78
693,28	1523,69
693,47	1404,91
693,67	1601,51
693,86	1585,13
694,06	1521,64
694,25	1527,78
694,45	1597,42
694,64	1505,26
694,84	1505,26
695,03	1611,75
695,23	1456,11
695,42	1533,93
695,62	1593,32
695,81	1578,98
696,01	1554,41
696,20	1447,91
696,40	1484,78
696,59	1396,71
696,78	1503,21
696,98	1470,44
697,17	1456,11
697,37	1564,65
697,56	1533,93
697,76	1447,91
697,95	1527,78
698,15	1531,88
698,34	1544,17
698,54	1456,11
698,73	1640,42
698,93	1480,68
699,12	1533,93
699,32	1497,07
699,51	1595,37
699,70	1441,77
699,90	1538,02
700,09	1482,73
700,29	1521,64
700,48	1460,20
700,68	1497,07
700,87	1501,16
701,07	1515,50
701,26	1452,01
701,45	1437,67
701,65	1419,24
701,84	1415,15
702,04	1511,40
702,23	1427,43
702,43	1505,26
702,62	1464,30
702,81	1517,54
703,01	1511,40
703,20	1503,21
703,40	1486,83
703,59	1490,92
703,79	1503,21
703,98	1431,53
704,17	1478,63
704,37	1402,86
704,56	1482,73
704,76	1454,06
704,95	1386,47
705,14	1402,86
705,34	1419,24
705,53	1484,78
705,73	1400,81
705,92	1413,10
706,11	1464,30
706,31	1322,99
706,50	1415,15
706,70	1441,77
706,89	1470,44
707,08	1452,01
707,28	1525,74
707,47	1449,96
707,67	1427,43
707,86	1452,01
708,05	1462,25
708,25	1392,62
708,44	1421,29
708,64	1361,90
708,83	1447,91
709,02	1374,19
709,22	1474,54
709,41	1425,39
709,60	1462,25
709,80	1439,72
709,99	1411,05
710,19	1325,04
710,38	1521,64
710,57	1468,39
710,77	1398,76
710,96	1546,22
711,15	1437,67
711,35	1353,71
711,54	1409,00
711,73	1445,87
711,93	1423,34
712,12	1300,46
712,31	1320,94
712,51	1409,00
712,70	1449,96
712,89	1312,75
713,09	1435,63
713,28	1409,00
713,48	1398,76
713,67	1361,90
713,86	1388,52
714,06	1390,57
714,25	1402,86
714,44	1400,81
714,64	1439,72
714,83	1355,76
715,02	1398,76
715,22	1429,48
715,41	1466,35
715,60	1341,42
715,79	1304,56
715,99	1419,24
716,18	1538,02
716,37	1335,28
716,57	1488,87
716,76	1437,67
716,95	1392,62
717,15	1394,67
717,34	1327,08
717,53	1394,67
717,73	1415,15
717,92	1372,14
718,11	1533,93
718,31	1439,72
718,50	1443,82
718,69	1378,28
718,88	1464,30
719,08	1392,62
719,27	1366,00
719,46	1437,67
719,66	1404,91
719,85	1439,72
720,04	1417,19
720,23	1460,20
720,43	1421,29
720,62	1417,19
720,81	1345,52
721,01	1466,35
721,20	1484,78
721,39	1468,39
721,58	1382,38
721,78	1431,53
721,97	1437,67
722,16	1357,80
722,35	1388,52
722,55	1429,48
722,74	1441,77
722,93	1392,62
723,13	1495,02
723,32	1433,58
723,51	1322,99
723,70	1333,23
723,90	1402,86
724,09	1396,71
724,28	1392,62
724,47	1370,09
724,67	1421,29
724,86	1374,19
725,05	1394,67
725,24	1380,33
725,44	1378,28
725,63	1345,52
725,82	1345,52
726,01	1382,38
726,21	1447,91
726,40	1343,47
726,59	1398,76
726,78	1398,76
726,97	1368,04
727,17	1380,33
727,36	1480,68
727,55	1468,39
727,74	1349,61
727,94	1400,81
728,13	1394,67
728,32	1388,52
728,51	1390,57
728,70	1406,95
728,90	1318,89
729,09	1394,67
729,28	1398,76
729,47	1380,33
729,66	1351,66
729,86	1474,54
730,05	1437,67
730,24	1431,53
730,43	1468,39
730,63	1433,58
730,82	1452,01
731,01	1441,77
731,20	1423,34
731,39	1345,52
731,58	1437,67
731,78	1368,04
731,97	1329,13
732,16	1384,43
732,35	1472,49
732,54	1404,91
732,74	1478,63
732,93	1452,01
733,12	1357,80
733,31	1468,39
733,50	1374,19
733,69	1378,28
733,89	1460,20
734,08	1419,24
734,27	1425,39
734,46	1380,33
734,65	1284,08
734,84	1366,00
735,04	1439,72
735,23	1445,87
735,42	1357,80
735,61	1341,42
735,80	1382,38
735,99	1353,71
736,19	1388,52
736,38	1366,00
736,57	1372,14
736,76	1372,14
736,95	1378,28
737,14	1345,52
737,33	1402,86
737,53	1460,20
737,72	1445,87
737,91	1411,05
738,10	1529,83
738,29	1331,18
738,48	1439,72
738,67	1374,19
738,87	1542,12
739,06	1368,04
739,25	1370,09
739,44	1435,63
739,63	1361,90
739,82	1443,82
740,01	1366,00
740,20	1421,29
740,40	1320,94
740,59	1413,10
740,78	1411,05
740,97	1392,62
741,16	1472,49
741,35	1480,68
741,54	1511,40
741,73	1370,09
741,92	1298,41
742,12	1361,90
742,31	1456,11
742,50	1458,15
742,69	1511,40
742,88	1437,67
743,07	1402,86
743,26	1341,42
743,45	1380,33
743,64	1447,91
743,83	1404,91
744,02	1460,20
744,22	1390,57
744,41	1390,57
744,60	1423,34
744,79	1484,78
744,98	1382,38
745,17	1396,71
745,36	1429,48
745,55	1458,15
745,74	1392,62
745,93	1499,11
746,12	1421,29
746,31	1433,58
746,50	1374,19
746,70	1318,89
746,89	1386,47
747,08	1374,19
747,27	1349,61
747,46	1464,30
747,65	1492,97
747,84	1435,63
748,03	1374,19
748,22	1419,24
748,41	1454,06
748,60	1361,90
748,79	1386,47
748,98	1431,53
749,17	1452,01
749,36	1490,92
749,55	1335,28
749,74	1406,95
749,93	1447,91
750,12	1443,82
750,31	1492,97
750,50	1529,83
750,70	1400,81
750,89	1562,60
751,08	1546,22
751,27	1495,02
751,46	1472,49
751,65	1411,05
751,84	1499,11
752,03	1402,86
752,22	1419,24
752,41	1353,71
752,60	1425,39
752,79	1484,78
752,98	1439,72
753,17	1468,39
753,36	1419,24
753,55	1478,63
753,74	1372,14
753,93	1558,50
754,12	1419,24
754,31	1431,53
754,50	1492,97
754,69	1521,64
754,88	1458,15
755,07	1431,53
755,26	1464,30
755,45	1353,71
755,64	1486,83
755,83	1488,87
756,02	1458,15
756,21	1452,01
756,40	1482,73
756,59	1392,62
756,78	1499,11
756,97	1427,43
757,16	1513,45
757,35	1472,49
757,54	1363,95
757,72	1396,71
757,91	1443,82
758,10	1435,63
758,29	1449,96
758,48	1386,47
758,67	1423,34
758,86	1447,91
759,05	1468,39
759,24	1562,60
759,43	1513,45
759,62	1368,04
759,81	1529,83
760,00	1538,02
760,19	1507,30
760,38	1542,12
760,57	1472,49
760,76	1460,20
760,95	1474,54
761,14	1437,67
761,33	1462,25
761,52	1558,50
761,70	1409,00
761,89	1406,95
762,08	1480,68
762,27	1533,93
762,46	1544,17
762,65	1554,41
762,84	1460,20
763,03	1513,45
763,22	1509,35
763,41	1488,87
763,60	1589,22
763,79	1497,07
763,98	1523,69
764,16	1568,74
764,35	1495,02
764,54	1503,21
764,73	1533,93
764,92	1505,26
765,11	1619,94
765,30	1513,45
765,49	1427,43
765,68	1601,51
765,87	1484,78
766,06	1552,36
766,24	1482,73
766,43	1578,98
766,62	1552,36
766,81	1433,58
767,00	1578,98
767,19	1497,07
767,38	1531,88
767,57	1460,20
767,76	1458,15
767,94	1519,59
768,13	1486,83
768,32	1564,65
768,51	1505,26
768,70	1454,06
768,89	1570,79
769,08	1505,26
769,27	1499,11
769,45	1474,54
769,64	1597,42
769,83	1452,01
770,02	1437,67
770,21	1535,98
770,40	1566,70
770,59	1568,74
770,77	1525,74
770,96	1568,74
771,15	1417,19
771,34	1402,86
771,53	1621,99
771,72	1572,84
771,91	1503,21
772,09	1511,40
772,28	1562,60
772,47	1466,35
772,66	1558,50
772,85	1480,68
773,04	1583,08
773,22	1626,09
773,41	1513,45
773,60	1517,54
773,79	1429,48
773,98	1576,94
774,17	1531,88
774,35	1538,02
774,54	1533,93
774,73	1603,56
774,92	1529,83
775,11	1492,97
775,30	1558,50
775,48	1535,98
775,67	1576,94
775,86	1568,74
776,05	1662,95
776,24	1630,18
776,42	1548,26
776,61	1542,12
776,80	1535,98
776,99	1538,02
777,18	1570,79
777,36	1583,08
777,55	1605,61
777,74	1515,50
777,93	1511,40
778,12	1484,78
778,30	1658,85
778,49	1488,87
778,68	1595,37
778,87	1492,97
779,06	1597,42
779,24	1595,37
779,43	1527,78
779,62	1542,12
779,81	1490,92
779,99	1509,35
780,18	1595,37
780,37	1548,26
780,56	1619,94
780,75	1566,70
780,93	1535,98
781,12	1544,17
781,31	1599,46
781,50	1529,83
781,68	1572,84
781,87	1527,78
782,06	1531,88
782,25	1583,08
782,43	1538,02
782,62	1560,55
782,81	1542,12
783,00	1495,02
783,18	1513,45
783,37	1589,22
783,56	1566,70
783,75	1533,93
783,93	1523,69
784,12	1527,78
784,31	1576,94
784,50	1533,93
784,68	1521,64
784,87	1521,64
785,06	1615,85
785,24	1583,08
785,43	1558,50
785,62	1505,26
785,81	1531,88
785,99	1597,42
786,18	1513,45
786,37	1566,70
786,56	1464,30
786,74	1480,68
786,93	1439,72
787,12	1419,24
787,30	1497,07
787,49	1509,35
787,68	1466,35
787,87	1505,26
788,05	1542,12
788,24	1427,43
788,43	1503,21
788,61	1499,11
788,80	1509,35
788,99	1452,01
789,17	1478,63
789,36	1546,22
789,55	1538,02
789,73	1499,11
789,92	1425,39
790,11	1400,81
790,30	1482,73
790,48	1368,04
790,67	1452,01
790,86	1482,73
791,04	1421,29
791,23	1484,78
791,42	1497,07
791,60	1482,73
791,79	1456,11
791,98	1499,11
792,16	1472,49
792,35	1382,38
792,54	1423,34
792,72	1501,16
792,91	1509,35
793,10	1417,19
793,28	1400,81
793,47	1449,96
793,66	1517,54
793,84	1464,30
794,03	1423,34
794,22	1478,63
794,40	1390,57
794,59	1384,43
794,77	1378,28
794,96	1398,76
795,15	1435,63
795,33	1431,53
795,52	1458,15
795,71	1396,71
795,89	1361,90
796,08	1486,83
796,27	1415,15
796,45	1423,34
796,64	1386,47
796,82	1402,86
797,01	1515,50
797,20	1421,29
797,38	1476,59
797,57	1402,86
797,76	1439,72
797,94	1427,43
798,13	1511,40
798,31	1386,47
798,50	1445,87
798,69	1435,63
798,87	1390,57
799,06	1452,01
799,24	1425,39
799,43	1452,01
799,62	1366,00
799,80	1351,66
799,99	1523,69
800,17	1415,15
800,36	1476,59
800,55	1417,19
800,73	1431,53
800,92	1398,76
801,10	1351,66
801,29	1433,58
801,48	1357,80
801,66	1456,11
801,85	1353,71
802,03	1413,10
802,22	1406,95
802,40	1449,96
802,59	1445,87
802,78	1470,44
802,96	1415,15
803,15	1413,10
803,33	1511,40
803,52	1470,44
803,70	1427,43
803,89	1417,19
804,08	1445,87
804,26	1441,77
804,45	1329,13
804,63	1517,54
804,82	1454,06
805,00	1441,77
805,19	1386,47
805,37	1357,80
805,56	1476,59
805,74	1380,33
805,93	1413,10
806,12	1445,87
806,30	1417,19
806,49	1417,19
806,67	1480,68
806,86	1382,38
807,04	1454,06
807,23	1433,58
807,41	1378,28
807,60	1347,56
807,78	1435,63
807,97	1675,24
808,15	1384,43
808,34	1431,53
808,52	1439,72
808,71	1351,66
808,89	1402,86
809,08	1443,82
809,27	1341,42
809,45	1406,95
809,64	1300,46
809,82	1486,83
810,01	1454,06
810,19	1472,49
810,38	1411,05
810,56	1443,82
810,75	1443,82
810,93	1421,29
811,12	1406,95
811,30	1431,53
811,49	1357,80
811,67	1470,44
811,85	1466,35
812,04	1398,76
812,22	1394,67
812,41	1376,24
812,59	1392,62
812,78	1417,19
812,96	1392,62
813,15	1492,97
813,33	1390,57
813,52	1429,48
813,70	1470,44
813,89	1370,09
814,07	1435,63
814,26	1363,95
814,44	1413,10
814,63	1480,68
814,81	1462,25
815,00	1441,77
815,18	1488,87
815,36	1406,95
815,55	1427,43
815,73	1396,71
815,92	1525,74
816,10	1509,35
816,29	1449,96
816,47	1447,91
816,66	1482,73
816,84	1452,01
817,02	1433,58
817,21	1509,35
817,39	1402,86
817,58	1490,92
817,76	1411,05
817,95	1411,05
818,13	1439,72
818,32	1413,10
818,50	1433,58
818,68	1476,59
818,87	1476,59
819,05	1437,67
819,24	1468,39
819,42	1441,77
819,60	1398,76
819,79	1497,07
819,97	1452,01
820,16	1349,61
820,34	1460,20
820,53	1433,58
820,71	1435,63
820,89	1472,49
821,08	1429,48
821,26	1423,34
821,45	1482,73
821,63	1533,93
821,81	1400,81
822,00	1417,19
822,18	1488,87
822,37	1513,45
822,55	1413,10
822,73	1423,34
822,92	1492,97
823,10	1394,67
823,28	1443,82
823,47	1495,02
823,65	1468,39
823,84	1406,95
824,02	1509,35
824,20	1497,07
824,39	1476,59
824,57	1466,35
824,75	1531,88
824,94	1472,49
825,12	1560,55
825,31	1474,54
825,49	1515,50
825,67	1464,30
825,86	1433,58
826,04	1480,68
826,22	1599,46
826,41	1636,33
826,59	1503,21
826,77	1552,36
826,96	1525,74
827,14	1484,78
827,32	1478,63
827,51	1476,59
827,69	1605,61
827,87	1466,35
828,06	1519,59
828,24	1490,92
828,42	1472,49
828,61	1523,69
828,79	1413,10
828,97	1517,54
829,16	1531,88
829,34	1538,02
829,52	1509,35
829,71	1595,37
829,89	1533,93
830,07	1501,16
830,26	1458,15
830,44	1497,07
830,62	1568,74
830,81	1525,74
830,99	1521,64
831,17	1452,01
831,36	1415,15
831,54	1548,26
831,72	1578,98
831,91	1429,48
832,09	1482,73
832,27	1583,08
832,45	1550,31
832,64	1488,87
832,82	1523,69
833,00	1538,02
833,19	1439,72
833,37	1470,44
833,55	1515,50
833,73	1523,69
833,92	1511,40
834,10	1456,11
834,28	1544,17
834,47	1476,59
834,65	1521,64
834,83	1517,54
835,01	1544,17
835,20	1529,83
835,38	1585,13
835,56	1570,79
835,74	1533,93
835,93	1574,89
836,11	1535,98
836,29	1499,11
836,47	1529,83
836,66	1470,44
836,84	1634,28
837,02	1548,26
837,21	1587,18
837,39	1454,06
837,57	1587,18
837,75	1552,36
837,94	1495,02
838,12	1609,70
838,30	1507,30
838,48	1509,35
838,66	1533,93
838,85	1533,93
839,03	1480,68
839,21	1517,54
839,39	1462,25
839,58	1425,39
839,76	1556,46
839,94	1507,30
840,12	1599,46
840,31	1685,48
840,49	1572,84
840,67	1562,60
840,85	1542,12
841,03	1527,78
841,22	1503,21
841,40	1550,31
841,58	1654,76
841,76	1443,82
841,94	1542,12
842,13	1656,81
842,31	1601,51
842,49	1515,50
842,67	1478,63
842,85	1654,76
843,04	1765,35
843,22	1527,78
843,40	1554,41
843,58	1662,95
843,76	1552,36
843,95	1665,00
844,13	1564,65
844,31	1626,09
844,49	1624,04
844,67	1626,09
844,86	1583,08
845,04	1576,94
845,22	1566,70
845,40	1578,98
845,58	1656,81
845,76	1546,22
845,95	1662,95
846,13	1576,94
846,31	1583,08
846,49	1572,84
846,67	1560,55
846,85	1626,09
847,04	1648,61
847,22	1497,07
847,40	1533,93
847,58	1540,07
847,76	1638,38
847,94	1619,94
848,12	1605,61
848,31	1540,07
848,49	1572,84
848,67	1621,99
848,85	1658,85
849,03	1677,29
849,21	1587,18
849,39	1587,18
849,58	1673,19
849,76	1630,18
849,94	1605,61
850,12	1650,66
850,30	1710,05
850,48	1607,66
850,66	1677,29
850,84	1679,33
851,03	1619,94
851,21	1593,32
851,39	1634,28
851,57	1705,96
851,75	1570,79
851,93	1640,42
852,11	1644,52
852,29	1589,22
852,47	1652,71
852,66	1695,72
852,84	1621,99
853,02	1630,18
853,20	1677,29
853,38	1587,18
853,56	1681,38
853,74	1589,22
853,92	1605,61
854,10	1640,42
854,28	1570,79
854,46	1648,61
854,65	1687,53
854,83	1601,51
855,01	1693,67
855,19	1611,75
855,37	1654,76
855,55	1628,14
855,73	1650,66
855,91	1687,53
856,09	1685,48
856,27	1634,28
856,45	1640,42
856,63	1589,22
856,81	1679,33
857,00	1615,85
857,18	1615,85
857,36	1605,61
857,54	1675,24
857,72	1679,33
857,90	1628,14
858,08	1718,25
858,26	1593,32
858,44	1642,47
858,62	1613,80
858,80	1601,51
858,98	1716,20
859,16	1695,72
859,34	1548,26
859,52	1730,53
859,70	1665,00
859,88	1624,04
860,06	1689,57
860,24	1611,75
860,42	1638,38
860,60	1720,29
860,78	1656,81
860,96	1626,09
861,14	1652,71
861,32	1638,38
861,50	1617,90
861,69	1658,85
861,87	1681,38
862,05	1634,28
862,23	1615,85
862,41	1550,31
862,59	1609,70
862,77	1619,94
862,95	1527,78
863,13	1767,40
863,31	1677,29
863,49	1607,66
863,67	1585,13
863,85	1628,14
864,03	1748,97
864,21	1642,47
864,39	1673,19
864,57	1650,66
864,75	1615,85
864,92	1648,61
865,10	1628,14
865,28	1566,70
865,46	1611,75
865,64	1572,84
865,82	1652,71
866,00	1572,84
866,18	1665,00
866,36	1587,18
866,54	1683,43
866,72	1603,56
866,90	1562,60
867,08	1671,14
867,26	1624,04
867,44	1630,18
867,62	1583,08
867,80	1585,13
867,98	1728,49
868,16	1634,28
868,34	1691,62
868,52	1611,75
868,70	1646,57
868,88	1662,95
869,06	1546,22
869,24	1613,80
869,42	1595,37
869,59	1619,94
869,77	1591,27
869,95	1597,42
870,13	1632,23
870,31	1636,33
870,49	1660,90
870,67	1665,00
870,85	1621,99
871,03	1624,04
871,21	1796,07
871,39	1656,81
871,57	1540,07
871,75	1626,09
871,92	1595,37
872,10	1646,57
872,28	1523,69
872,46	1624,04
872,64	1605,61
872,82	1615,85
873,00	1583,08
873,18	1562,60
873,36	1601,51
873,54	1572,84
873,72	1595,37
873,89	1597,42
874,07	1632,23
874,25	1673,19
874,43	1550,31
874,61	1605,61
874,79	1609,70
874,97	1552,36
875,15	1607,66
875,33	1535,98
875,50	1677,29
875,68	1626,09
875,86	1654,76
876,04	1681,38
876,22	1568,74
876,40	1554,41
876,58	1613,80
876,76	1558,50
876,93	1636,33
877,11	1531,88
877,29	1654,76
877,47	1636,33
877,65	1636,33
877,83	1626,09
878,01	1634,28
878,18	1603,56
878,36	1558,50
878,54	1669,09
878,72	1554,41
878,90	1550,31
879,08	1619,94
879,25	1652,71
879,43	1570,79
879,61	1554,41
879,79	1667,05
879,97	1650,66
880,15	1699,81
880,32	1587,18
880,50	1634,28
880,68	1691,62
880,86	1621,99
881,04	1646,57
881,22	1724,39
881,39	1585,13
881,57	1712,10
881,75	1533,93
881,93	1677,29
882,11	1728,49
882,28	1546,22
882,46	1556,46
882,64	1607,66
882,82	1634,28
883,00	1583,08
883,18	1687,53
883,35	1642,47
883,53	1685,48
883,71	1570,79
883,89	1630,18
884,07	1611,75
884,24	1687,53
884,42	1689,57
884,60	1581,03
884,78	1697,77
884,95	1574,89
885,13	1564,65
885,31	1648,61
885,49	1613,80
885,67	1613,80
885,84	1691,62
886,02	1562,60
886,20	1546,22
886,38	1636,33
886,55	1626,09
886,73	1566,70
886,91	1609,70
887,09	1535,98
887,26	1574,89
887,44	1568,74
887,62	1683,43
887,80	1585,13
887,98	1621,99
888,15	1595,37
888,33	1548,26
888,51	1591,27
888,69	1677,29
888,86	1591,27
889,04	1564,65
889,22	1490,92
889,39	1581,03
889,57	1642,47
889,75	1525,74
889,93	1630,18
890,10	1560,55
890,28	1597,42
890,46	1640,42
890,64	1685,48
890,81	1587,18
890,99	1484,78
891,17	1554,41
891,34	1695,72
891,52	1558,50
891,70	1523,69
891,88	1615,85
892,05	1548,26
892,23	1550,31
892,41	1619,94
892,58	1546,22
892,76	1529,83
892,94	1492,97
893,12	1576,94
893,29	1538,02
893,47	1507,30
893,65	1540,07
893,82	1542,12
894,00	1484,78
894,18	1521,64
894,35	1558,50
894,53	1570,79
894,71	1601,51
894,89	1556,46
895,06	1521,64
895,24	1437,67
895,42	1527,78
895,59	1556,46
895,77	1456,11
895,95	1552,36
896,12	1495,02
896,30	1521,64
896,48	1519,59
896,65	1585,13
896,83	1505,26
897,01	1546,22
897,18	1552,36
897,36	1562,60
897,54	1488,87
897,71	1583,08
897,89	1552,36
898,07	1521,64
898,24	1468,39
898,42	1572,84
898,59	1605,61
898,77	1519,59
898,95	1443,82
899,12	1576,94
899,30	1501,16
899,48	1570,79
899,65	1583,08
899,83	1425,39
900,01	1554,41
900,18	1568,74
900,36	1495,02
900,53	1544,17
900,71	1574,89
900,89	1505,26
901,06	1458,15
901,24	1468,39
901,42	1558,50
901,59	1550,31
901,77	1515,50
901,94	1556,46
902,12	1558,50
902,30	1488,87
902,47	1507,30
902,65	1503,21
902,82	1511,40
903,00	1501,16
903,18	1558,50
903,35	1488,87
903,53	1521,64
903,70	1538,02
903,88	1482,73
904,06	1519,59
904,23	1466,35
904,41	1535,98
904,58	1583,08
904,76	1535,98
904,93	1470,44
905,11	1550,31
905,29	1544,17
905,46	1468,39
905,64	1511,40
905,81	1538,02
905,99	1515,50
906,16	1521,64
906,34	1511,40
906,52	1527,78
906,69	1468,39
906,87	1566,70
907,04	1507,30
907,22	1562,60
907,39	1548,26
907,57	1521,64
907,75	1585,13
907,92	1452,01
908,10	1720,29
908,27	1474,54
908,45	1507,30
908,62	1529,83
908,80	1468,39
908,97	1589,22
909,15	1531,88
909,32	1574,89
909,50	1576,94
909,67	1435,63
909,85	1497,07
910,03	1488,87
910,20	1585,13
910,38	1507,30
910,55	1460,20
910,73	1533,93
910,90	1466,35
911,08	1603,56
911,25	1548,26
911,43	1591,27
911,60	1519,59
911,78	1564,65
911,95	1540,07
912,13	1507,30
912,30	1554,41
912,48	1525,74
912,65	1513,45
912,83	1533,93
913,00	1542,12
913,18	1703,91
913,35	1529,83
913,53	1458,15
913,70	1597,42
913,88	1501,16
914,05	1591,27
914,23	1621,99
914,40	1519,59
914,58	1533,93
914,75	1669,09
914,93	1560,55
915,10	1562,60
915,27	1628,14
915,45	1560,55
915,62	1515,50
915,80	1525,74
915,97	1621,99
916,15	1572,84
916,32	1634,28
916,50	1550,31
916,67	1517,54
916,85	1556,46
917,02	1619,94
917,20	1703,91
917,37	1535,98
917,54	1665,00
917,72	1617,90
917,89	1644,52
918,07	1564,65
918,24	1626,09
918,42	1599,46
918,59	1535,98
918,77	1607,66
918,94	1568,74
919,11	1515,50
919,29	1576,94
919,46	1617,90
919,64	1521,64
919,81	1529,83
919,99	1550,31
920,16	1660,90
920,33	1533,93
920,51	1572,84
920,68	1603,56
920,86	1665,00
921,03	1640,42
921,20	1509,35
921,38	1587,18
921,55	1640,42
921,73	1476,59
921,90	1478,63
922,07	1609,70
922,25	1599,46
922,42	1619,94
922,60	1662,95
922,77	1597,42
922,94	1581,03
923,12	1568,74
923,29	1677,29
923,47	1611,75
923,64	1540,07
923,81	1607,66
923,99	1619,94
924,16	1679,33
924,34	1611,75
924,51	1656,81
924,68	1726,44
924,86	1660,90
925,03	1658,85
925,20	1632,23
925,38	1665,00
925,55	1628,14
925,72	1728,49
925,90	1628,14
926,07	1644,52
926,25	1634,28
926,42	1685,48
926,59	1650,66
926,77	1607,66
926,94	1650,66
927,11	1660,90
927,29	1656,81
927,46	1556,46
927,63	1697,77
927,81	1689,57
927,98	1568,74
928,15	1705,96
928,33	1761,25
928,50	1630,18
928,67	1730,53
928,85	1685,48
929,02	1605,61
929,19	1681,38
929,37	1660,90
929,54	1679,33
929,71	1708,01
929,89	1689,57
930,06	1564,65
930,23	1767,40
930,41	1728,49
930,58	1595,37
930,75	1679,33
930,92	1769,44
931,10	1628,14
931,27	1726,44
931,44	1654,76
931,62	1630,18
931,79	1581,03
931,96	1720,29
932,14	1613,80
932,31	1695,72
932,48	1624,04
932,65	1683,43
932,83	1708,01
933,00	1642,47
933,17	1724,39
933,35	1763,30
933,52	1624,04
933,69	1765,35
933,86	1728,49
934,04	1613,80
934,21	1624,04
934,38	1775,59
934,55	1714,15
934,73	1628,14
934,90	1601,51
935,07	1697,77
935,25	1859,56
935,42	1603,56
935,59	1685,48
935,76	1699,81
935,94	1611,75
936,11	1667,05
936,28	1726,44
936,45	1732,58
936,63	1617,90
936,80	1630,18
936,97	1685,48
937,14	1794,02
937,31	1712,10
937,49	1644,52
937,66	1701,86
937,83	1683,43
938,00	1597,42
938,18	1742,82
938,35	1607,66
938,52	1757,16
938,69	1634,28
938,87	1693,67
939,04	1593,32
939,21	1605,61
939,38	1744,87
939,55	1677,29
939,73	1671,14
939,90	1710,05
940,07	1662,95
940,24	1650,66
940,41	1730,53
940,59	1585,13
940,76	1671,14
940,93	1697,77
941,10	1591,27
941,27	1662,95
941,45	1710,05
941,62	1712,10
941,79	1650,66
941,96	1695,72
942,13	1769,44
942,31	1769,44
942,48	1718,25
942,65	1751,01
942,82	1679,33
942,99	1689,57
943,16	1712,10
943,34	1705,96
943,51	1578,98
943,68	1705,96
943,85	1611,75
944,02	1630,18
944,19	1591,27
944,37	1751,01
944,54	1523,69
944,71	1619,94
944,88	1677,29
945,05	1656,81
945,22	1611,75
945,40	1736,68
945,57	1681,38
945,74	1720,29
945,91	1599,46
946,08	1734,63
946,25	1630,18
946,42	1716,20
946,60	1748,97
946,77	1705,96
946,94	1701,86
947,11	1806,31
947,28	1574,89
947,45	1660,90
947,62	1646,57
947,79	1695,72
947,97	1673,19
948,14	1755,11
948,31	1628,14
948,48	1644,52
948,65	1689,57
948,82	1583,08
948,99	1679,33
949,16	1691,62
949,33	1615,85
949,51	1763,30
949,68	1699,81
949,85	1716,20
950,02	1642,47
950,19	1583,08
950,36	1671,14
950,53	1619,94
950,70	1521,64
950,87	1613,80
951,04	1546,22
951,22	1724,39
951,39	1636,33
951,56	1593,32
951,73	1601,51
951,90	1568,74
952,07	1542,12
952,24	1644,52
952,41	1665,00
952,58	1687,53
952,75	1583,08
952,92	1611,75
953,09	1597,42
953,26	1605,61
953,43	1585,13
953,61	1734,63
953,78	1613,80
953,95	1662,95
954,12	1554,41
954,29	1642,47
954,46	1552,36
954,63	1679,33
954,80	1548,26
954,97	1587,18
955,14	1597,42
955,31	1566,70
955,48	1581,03
955,65	1570,79
955,82	1525,74
955,99	1667,05
956,16	1591,27
956,33	1624,04
956,50	1515,50
956,67	1613,80
956,84	1542,12
957,01	1624,04
957,18	1593,32
957,35	1492,97
957,52	1533,93
957,69	1652,71
957,86	1578,98
958,03	1525,74
958,20	1570,79
958,37	1689,57
958,54	1574,89
958,71	1517,54
958,88	1611,75
959,05	1572,84
959,22	1570,79
959,39	1578,98
959,56	1531,88
959,73	1521,64
959,90	1581,03
960,07	1533,93
960,24	1439,72
960,41	1533,93
960,58	1546,22
960,75	1576,94
960,92	1542,12
961,09	1558,50
961,26	1613,80
961,43	1589,22
961,60	1476,59
961,77	1599,46
961,94	1535,98
962,11	1460,20
962,28	1587,18
962,45	1521,64
962,62	1505,26
962,79	1515,50
962,96	1581,03
963,13	1624,04
963,30	1562,60
963,47	1603,56
963,64	1548,26
963,81	1578,98
963,98	1476,59
964,14	1578,98
964,31	1525,74
964,48	1546,22
964,65	1529,83
964,82	1523,69
964,99	1538,02
965,16	1497,07
965,33	1474,54
965,50	1568,74
965,67	1517,54
965,84	1499,11
966,01	1515,50
966,18	1546,22
966,35	1542,12
966,51	1476,59
966,68	1701,86
966,85	1435,63
967,02	1503,21
967,19	1484,78
967,36	1458,15
967,53	1525,74
967,70	1583,08
967,87	1576,94
968,04	1460,20
968,21	1587,18
968,37	1515,50
968,54	1490,92
968,71	1454,06
968,88	1478,63
969,05	1552,36
969,22	1476,59
969,39	1509,35
969,56	1574,89
969,72	1492,97
969,89	1558,50
970,06	1538,02
970,23	1366,00
970,40	1486,83
970,57	1466,35
970,74	1562,60
970,91	1394,67
971,07	1460,20
971,24	1447,91
971,41	1527,78
971,58	1480,68
971,75	1486,83
971,92	1486,83
972,09	1486,83
972,25	1472,49
972,42	1433,58
972,59	1460,20
972,76	1374,19
972,93	1437,67
973,10	1486,83
973,27	1519,59
973,43	1421,29
973,60	1443,82
973,77	1480,68
973,94	1480,68
974,11	1484,78
974,28	1521,64
974,44	1404,91
974,61	1535,98
974,78	1488,87
974,95	1492,97
975,12	1492,97
975,28	1488,87
975,45	1388,52
975,62	1423,34
975,79	1427,43
975,96	1368,04
976,12	1511,40
976,29	1511,40
976,46	1400,81
976,63	1404,91
976,80	1468,39
976,96	1386,47
977,13	1423,34
977,30	1439,72
977,47	1404,91
977,64	1488,87
977,80	1394,67
977,97	1392,62
978,14	1429,48
978,31	1464,30
978,48	1396,71
978,64	1441,77
978,81	1462,25
978,98	1462,25
979,15	1368,04
979,31	1413,10
979,48	1458,15
979,65	1507,30
979,82	1490,92
979,98	1402,86
980,15	1492,97
980,32	1578,98
980,49	1468,39
980,66	1427,43
980,82	1411,05
980,99	1458,15
981,16	1425,39
981,33	1423,34
981,49	1443,82
981,66	1468,39
981,83	1419,24
981,99	1411,05
982,16	1382,38
982,33	1460,20
982,50	1388,52
982,66	1513,45
982,83	1370,09
983,00	1474,54
983,17	1439,72
983,33	1404,91
983,50	1484,78
983,67	1435,63
983,83	1478,63
984,00	1316,84
984,17	1497,07
984,34	1458,15
984,50	1427,43
984,67	1398,76
984,84	1413,10
985,00	1378,28
985,17	1366,00
985,34	1398,76
985,51	1370,09
985,67	1394,67
985,84	1378,28
986,01	1392,62
986,17	1431,53
986,34	1445,87
986,51	1437,67
986,67	1433,58
986,84	1421,29
987,01	1333,23
987,17	1357,80
987,34	1411,05
987,51	1390,57
987,67	1427,43
987,84	1468,39
988,01	1433,58
988,17	1384,43
988,34	1331,18
988,51	1470,44
988,67	1376,24
988,84	1423,34
989,01	1406,95
989,17	1452,01
989,34	1429,48
989,51	1413,10
989,67	1421,29
989,84	1400,81
990,01	1302,51
990,17	1417,19
990,34	1357,80
990,51	1427,43
990,67	1433,58
990,84	1435,63
991,01	1380,33
991,17	1406,95
991,34	1380,33
991,50	1386,47
991,67	1460,20
991,84	1396,71
992,00	1458,15
992,17	1413,10
992,34	1437,67
992,50	1370,09
992,67	1374,19
992,83	1384,43
993,00	1327,08
993,17	1523,69
993,33	1402,86
993,50	1511,40
993,66	1402,86
993,83	1550,31
994,00	1476,59
994,16	1462,25
994,33	1404,91
994,49	1415,15
994,66	1347,56
994,83	1392,62
994,99	1425,39
995,16	1390,57
995,32	1433,58
995,49	1409,00
995,66	1376,24
995,82	1411,05
995,99	1368,04
996,15	1431,53
996,32	1376,24
996,48	1386,47
996,65	1384,43
996,82	1361,90
996,98	1349,61
997,15	1509,35
997,31	1417,19
997,48	1443,82
997,64	1382,38
997,81	1423,34
997,97	1376,24
998,14	1374,19
998,31	1482,73
998,47	1396,71
998,64	1488,87
998,80	1390,57
998,97	1349,61
999,13	1443,82
999,30	1468,39
999,46	1374,19
999,63	1366,00
999,79	1394,67
999,96	1443,82
1000,12	1454,06
1000,29	1458,15
1000,45	1464,30
1000,62	1396,71
1000,79	1427,43
1000,95	1406,95
1001,12	1443,82
1001,28	1361,90
1001,45	1413,10
1001,61	1349,61
1001,78	1320,94
1001,94	1476,59
1002,11	1517,54
1002,27	1472,49
1002,44	1433,58
1002,60	1419,24
1002,77	1433,58
1002,93	1562,60
1003,10	1372,14
1003,26	1507,30
1003,43	1464,30
1003,59	1466,35
1003,76	1341,42
1003,92	1464,30
1004,09	1396,71
1004,25	1353,71
1004,41	1398,76
1004,58	1456,11
1004,74	1368,04
1004,91	1449,96
1005,07	1353,71
1005,24	1435,63
1005,40	1460,20
1005,57	1388,52
1005,73	1472,49
1005,90	1322,99
1006,06	1298,41
1006,23	1443,82
1006,39	1423,34
1006,55	1320,94
1006,72	1443,82
1006,88	1376,24
1007,05	1431,53
1007,21	1390,57
1007,38	1337,32
1007,54	1470,44
1007,71	1445,87
1007,87	1349,61
1008,03	1445,87
1008,20	1386,47
1008,36	1366,00
1008,53	1339,37
1008,69	1505,26
1008,86	1400,81
1009,02	1435,63
1009,18	1390,57
1009,35	1452,01
1009,51	1318,89
1009,68	1349,61
1009,84	1417,19
1010,01	1366,00
1010,17	1386,47
1010,33	1402,86
1010,50	1439,72
1010,66	1515,50
1010,83	1435,63
1010,99	1445,87
1011,15	1292,27
1011,32	1357,80
1011,48	1320,94
1011,65	1370,09
1011,81	1378,28
1011,97	1468,39
1012,14	1507,30
1012,30	1445,87
1012,46	1452,01
1012,63	1402,86
1012,79	1386,47
1012,96	1353,71
1013,12	1421,29
1013,28	1392,62
1013,45	1435,63
1013,61	1370,09
1013,77	1363,95
1013,94	1400,81
1014,10	1425,39
1014,26	1370,09
1014,43	1406,95
1014,59	1366,00
1014,76	1449,96
1014,92	1515,50
1015,08	1419,24
1015,25	1366,00
1015,41	1449,96
1015,57	1509,35
1015,74	1447,91
1015,90	1415,15
1016,06	1386,47
1016,23	1443,82
1016,39	1333,23
1016,55	1460,20
1016,72	1339,37
1016,88	1411,05
1017,04	1333,23
1017,21	1417,19
1017,37	1384,43
1017,53	1413,10
1017,70	1445,87
1017,86	1482,73
1018,02	1335,28
1018,19	1413,10
1018,35	1447,91
1018,51	1394,67
1018,67	1357,80
1018,84	1349,61
1019,00	1355,76
1019,16	1402,86
1019,33	1361,90
1019,49	1423,34
1019,65	1368,04
1019,82	1460,20
1019,98	1447,91
1020,14	1374,19
1020,30	1501,16
1020,47	1351,66
1020,63	1505,26
1020,79	1435,63
1020,96	1374,19
1021,12	1439,72
1021,28	1431,53
1021,44	1402,86
1021,61	1472,49
1021,77	1341,42
1021,93	1404,91
1022,09	1384,43
1022,26	1370,09
1022,42	1427,43
1022,58	1452,01
1022,74	1384,43
1022,91	1384,43
1023,07	1390,57
1023,23	1378,28
1023,39	1445,87
1023,56	1449,96
1023,72	1517,54
1023,88	1386,47
1024,04	1462,25
1024,21	1390,57
1024,37	1349,61
1024,53	1482,73
1024,69	1388,52
1024,86	1366,00
1025,02	1409,00
1025,18	1357,80
1025,34	1351,66
1025,50	1411,05
1025,67	1429,48
1025,83	1443,82
1025,99	1406,95
1026,15	1490,92
1026,32	1411,05
1026,48	1376,24
1026,64	1511,40
1026,80	1411,05
1026,96	1394,67
1027,13	1478,63
1027,29	1480,68
1027,45	1331,18
1027,61	1351,66
1027,77	1482,73
1027,94	1335,28
1028,10	1490,92
1028,26	1327,08
1028,42	1372,14
1028,58	1441,77
1028,75	1437,67
1028,91	1339,37
1029,07	1322,99
1029,23	1417,19
1029,39	1415,15
1029,55	1392,62
1029,72	1480,68
1029,88	1490,92
1030,04	1398,76
1030,20	1421,29
1030,36	1421,29
1030,52	1409,00
1030,69	1460,20
1030,85	1429,48
1031,01	1421,29
1031,17	1329,13
1031,33	1368,04
1031,49	1355,76
1031,65	1388,52
1031,82	1409,00
1031,98	1343,47
1032,14	1349,61
1032,30	1361,90
1032,46	1413,10
1032,62	1431,53
1032,78	1411,05
1032,95	1411,05
1033,11	1406,95
1033,27	1322,99
1033,43	1404,91
1033,59	1413,10
1033,75	1413,10
1033,91	1425,39
1034,07	1480,68
1034,24	1382,38
1034,40	1386,47
1034,56	1484,78
1034,72	1458,15
1034,88	1456,11
1035,04	1349,61
1035,20	1443,82
1035,36	1337,32
1035,52	1427,43
1035,68	1421,29
1035,85	1335,28
1036,01	1351,66
1036,17	1558,50
1036,33	1458,15
1036,49	1417,19
1036,65	1449,96
1036,81	1443,82
1036,97	1454,06
1037,13	1456,11
1037,29	1372,14
1037,45	1433,58
1037,61	1398,76
1037,78	1353,71
1037,94	1445,87
1038,10	1431,53
1038,26	1456,11
1038,42	1353,71
1038,58	1370,09
1038,74	1390,57
1038,90	1462,25
1039,06	1368,04
1039,22	1351,66
1039,38	1435,63
1039,54	1423,34
1039,70	1322,99
1039,86	1374,19
1040,02	1394,67
1040,18	1400,81
1040,34	1505,26
1040,50	1495,02
1040,66	1394,67
1040,83	1427,43
1040,99	1382,38
1041,15	1443,82
1041,31	1404,91
1041,47	1382,38
1041,63	1380,33
1041,79	1445,87
1041,95	1390,57
1042,11	1386,47
1042,27	1476,59
1042,43	1443,82
1042,59	1472,49
1042,75	1449,96
1042,91	1394,67
