344,25	1304,56
344,46	1304,56
344,68	1304,56
344,90	1288,17
345,12	1282,03
345,34	1400,81
345,55	1368,04
345,77	1437,67
345,99	1374,19
346,21	1312,75
346,42	1390,57
346,64	1341,42
346,86	1322,99
347,08	1435,63
347,30	1394,67
347,51	1386,47
347,73	1353,71
347,95	1468,39
348,17	1386,47
348,38	1419,24
348,60	1359,85
348,82	1427,43
349,04	1404,91
349,25	1466,35
349,47	1449,96
349,69	1419,24
349,91	1492,97
350,13	1353,71
350,34	1378,28
350,56	1327,08
350,78	1437,67
351,00	1421,29
351,21	1372,14
351,43	1421,29
351,65	1427,43
351,87	1468,39
352,08	1505,26
352,30	1452,01
352,52	1378,28
352,74	1331,18
352,95	1339,37
353,17	1394,67
353,39	1370,09
353,61	1368,04
353,82	1353,71
354,04	1417,19
354,26	1423,34
354,47	1507,30
354,69	1411,05
354,91	1404,91
355,13	1382,38
355,34	1419,24
355,56	1392,62
355,78	1478,63
356,00	1406,95
356,21	1368,04
356,43	1374,19
356,65	1386,47
356,86	1386,47
357,08	1447,91
357,30	1447,91
357,52	1427,43
357,73	1396,71
357,95	1411,05
358,17	1327,08
358,38	1427,43
358,60	1380,33
358,82	1390,57
359,04	1486,83
359,25	1474,54
359,47	1433,58
359,69	1415,15
359,90	1441,77
360,12	1540,07
360,34	1396,71
360,56	1394,67
360,77	1466,35
360,99	1431,53
361,21	1417,19
361,42	1433,58
361,64	1435,63
361,86	1466,35
362,07	1513,45
362,29	1441,77
362,51	1433,58
362,73	1488,87
362,94	1398,76
363,16	1513,45
363,38	1361,90
363,59	1488,87
363,81	1384,43
364,03	1482,73
364,24	1507,30
364,46	1392,62
364,68	1447,91
364,89	1425,39
365,11	1441,77
365,33	1472,49
365,54	1413,10
365,76	1462,25
365,98	1470,44
366,19	1497,07
366,41	1503,21
366,63	1466,35
366,84	1400,81
367,06	1495,02
367,28	1478,63
367,49	1425,39
367,71	1468,39
367,93	1370,09
368,14	1413,10
368,36	1452,01
368,58	1474,54
368,79	1488,87
369,01	1441,77
369,23	1558,50
369,44	1443,82
369,66	1368,04
369,88	1484,78
370,09	1421,29
370,31	1454,06
370,53	1435,63
370,74	1452,01
370,96	1435,63
371,18	1452,01
371,39	1460,20
371,61	1392,62
371,82	1484,78
372,04	1402,86
372,26	1419,24
372,47	1484,78
372,69	1411,05
372,91	1433,58
373,12	1413,10
373,34	1521,64
373,56	1376,24
373,77	1488,87
373,99	1353,71
374,20	1505,26
374,42	1452,01
374,64	1499,11
374,85	1419,24
375,07	1460,20
375,29	1394,67
375,50	1466,35
375,72	1392,62
375,93	1443,82
376,15	1429,48
376,37	1378,28
376,58	1466,35
376,80	1392,62
377,01	1398,76
377,23	1394,67
377,45	1503,21
377,66	1447,91
377,88	1394,67
378,10	1468,39
378,31	1476,59
378,53	1486,83
378,74	1370,09
378,96	1406,95
379,18	1437,67
379,39	1445,87
379,61	1398,76
379,82	1445,87
380,04	1474,54
380,26	1398,76
380,47	1353,71
380,69	1406,95
380,90	1517,54
381,12	1343,47
381,33	1380,33
381,55	1492,97
381,77	1501,16
381,98	1445,87
382,20	1409,00
382,41	1454,06
382,63	1478,63
382,85	1488,87
383,06	1382,38
383,28	1492,97
383,49	1325,04
383,71	1456,11
383,92	1404,91
384,14	1427,43
384,36	1308,65
384,57	1447,91
384,79	1400,81
385,00	1392,62
385,22	1318,89
385,43	1376,24
385,65	1482,73
385,87	1429,48
386,08	1341,42
386,30	1378,28
386,51	1441,77
386,73	1378,28
386,94	1435,63
387,16	1454,06
387,37	1464,30
387,59	1445,87
387,81	1429,48
388,02	1542,12
388,24	1411,05
388,45	1476,59
388,67	1443,82
388,88	1474,54
389,10	1441,77
389,31	1458,15
389,53	1533,93
389,75	1519,59
389,96	1460,20
390,18	1435,63
390,39	1396,71
390,61	1476,59
390,82	1388,52
391,04	1542,12
391,25	1482,73
391,47	1384,43
391,68	1343,47
391,90	1488,87
392,11	1495,02
392,33	1384,43
392,54	1423,34
392,76	1435,63
392,97	1384,43
393,19	1415,15
393,41	1445,87
393,62	1478,63
393,84	1501,16
394,05	1460,20
394,27	1396,71
394,48	1333,23
394,70	1456,11
394,91	1345,52
395,13	1468,39
395,34	1415,15
395,56	1390,57
395,77	1452,01
395,99	1347,56
396,20	1423,34
396,42	1458,15
396,63	1454,06
396,85	1359,85
397,06	1396,71
397,28	1419,24
397,49	1390,57
397,71	1454,06
397,92	1322,99
398,14	1458,15
398,35	1501,16
398,57	1415,15
398,78	1402,86
399,00	1478,63
399,21	1406,95
399,43	1468,39
399,64	1388,52
399,86	1439,72
400,07	1437,67
400,29	1443,82
400,50	1492,97
400,72	1447,91
400,93	1279,98
401,14	1419,24
401,36	1372,14
401,57	1409,00
401,79	1511,40
402,00	1470,44
402,22	1515,50
402,43	1411,05
402,65	1419,24
402,86	1388,52
403,08	1515,50
403,29	1499,11
403,51	1492,97
403,72	1413,10
403,94	1378,28
404,15	1400,81
404,36	1452,01
404,58	1714,15
404,79	1527,78
405,01	1460,20
405,22	1366,00
405,44	1374,19
405,65	1529,83
405,87	1419,24
406,08	1396,71
406,30	1482,73
406,51	1488,87
406,72	1458,15
406,94	1427,43
407,15	1435,63
407,37	1511,40
407,58	1521,64
407,80	1447,91
408,01	1495,02
408,23	1433,58
408,44	1445,87
408,65	1437,67
408,87	1400,81
409,08	1499,11
409,30	1486,83
409,51	1415,15
409,73	1439,72
409,94	1529,83
410,15	1501,16
410,37	1435,63
410,58	1464,30
410,80	1460,20
411,01	1327,08
411,23	1417,19
411,44	1474,54
411,65	1523,69
411,87	1413,10
412,08	1452,01
412,30	1546,22
412,51	1413,10
412,72	1583,08
412,94	1425,39
413,15	1439,72
413,37	1458,15
413,58	1421,29
413,79	1380,33
414,01	1413,10
414,22	1419,24
414,44	1384,43
414,65	1482,73
414,86	1447,91
415,08	1468,39
415,29	1406,95
415,51	1382,38
415,72	1443,82
415,93	1449,96
416,15	1429,48
416,36	1366,00
416,58	1447,91
416,79	1413,10
417,00	1368,04
417,22	1366,00
417,43	1343,47
417,65	1499,11
417,86	1458,15
418,07	1538,02
418,29	1398,76
418,50	1445,87
418,71	1454,06
418,93	1423,34
419,14	1370,09
419,36	1447,91
419,57	1478,63
419,78	1572,84
420,00	1329,13
420,21	1458,15
420,42	1431,53
420,64	1472,49
420,85	1374,19
421,06	1445,87
421,28	1515,50
421,49	1421,29
421,71	1517,54
421,92	1386,47
422,13	1513,45
422,35	1423,34
422,56	1394,67
422,77	1456,11
422,99	1404,91
423,20	1415,15
423,41	1507,30
423,63	1390,57
423,84	1423,34
424,05	1456,11
424,27	1466,35
424,48	1382,38
424,69	1458,15
424,91	1673,19
425,12	1402,86
425,33	1472,49
425,55	1447,91
425,76	1460,20
425,97	1468,39
426,19	1449,96
426,40	1388,52
426,61	1535,98
426,83	1341,42
427,04	1509,35
427,25	1423,34
427,47	1468,39
427,68	1378,28
427,89	1503,21
428,11	1361,90
428,32	1431,53
428,53	1394,67
428,75	1351,66
428,96	1478,63
429,17	1390,57
429,39	1400,81
429,60	1503,21
429,81	1484,78
430,03	1519,59
430,24	1402,86
430,45	1439,72
430,67	1523,69
430,88	1382,38
431,09	1406,95
431,30	1529,83
431,52	1460,20
431,73	1382,38
431,94	1538,02
432,16	1435,63
432,37	1452,01
432,58	1351,66
432,80	1421,29
433,01	1437,67
433,22	1370,09
433,43	1406,95
433,65	1464,30
433,86	1425,39
434,07	1447,91
434,29	1443,82
434,50	1349,61
434,71	1460,20
434,92	1495,02
435,14	1519,59
435,35	1431,53
435,56	1411,05
435,77	1478,63
435,99	1404,91
436,20	1445,87
436,41	1402,86
436,63	1435,63
436,84	1511,40
437,05	1382,38
437,26	1472,49
437,48	1480,68
437,69	1411,05
437,90	1501,16
438,11	1460,20
438,33	1382,38
438,54	1482,73
438,75	1429,48
438,96	1480,68
439,18	1472,49
439,39	1486,83
439,60	1409,00
439,82	1359,85
440,03	1456,11
440,24	1470,44
440,45	1347,56
440,67	1488,87
440,88	1488,87
441,09	1378,28
441,30	1423,34
441,51	1421,29
441,73	1372,14
441,94	1396,71
442,15	1460,20
442,36	1488,87
442,58	1392,62
442,79	1406,95
443,00	1402,86
443,21	1523,69
443,43	1392,62
443,64	1419,24
443,85	1419,24
444,06	1468,39
444,28	1431,53
444,49	1380,33
444,70	1492,97
444,91	1538,02
445,12	1488,87
445,34	1472,49
445,55	1484,78
445,76	1366,00
445,97	1419,24
446,18	1439,72
446,40	1370,09
446,61	1462,25
446,82	1392,62
447,03	1492,97
447,25	1341,42
447,46	1404,91
447,67	1445,87
447,88	1452,01
448,09	1445,87
448,31	1519,59
448,52	1470,44
448,73	1497,07
448,94	1411,05
449,15	1396,71
449,37	1435,63
449,58	1363,95
449,79	1443,82
450,00	1533,93
450,21	1437,67
450,43	1460,20
450,64	1400,81
450,85	1470,44
451,06	1495,02
451,27	1423,34
451,48	1456,11
451,70	1447,91
451,91	1359,85
452,12	1474,54
452,33	1460,20
452,54	1415,15
452,76	1468,39
452,97	1533,93
453,18	1406,95
453,39	1343,47
453,60	1456,11
453,81	1454,06
454,03	1413,10
454,24	1492,97
454,45	1462,25
454,66	1449,96
454,87	1472,49
455,08	1460,20
455,30	1505,26
455,51	1482,73
455,72	1429,48
455,93	1492,97
456,14	1419,24
456,35	1415,15
456,56	1468,39
456,78	1447,91
456,99	1431,53
457,20	1470,44
457,41	1499,11
457,62	1431,53
457,83	1495,02
458,04	1452,01
458,26	1495,02
458,47	1480,68
458,68	1466,35
458,89	1488,87
459,10	1382,38
459,31	1435,63
459,52	1456,11
459,74	1472,49
459,95	1464,30
460,16	1361,90
460,37	1470,44
460,58	1546,22
460,79	1466,35
461,00	1456,11
461,21	1431,53
461,43	1378,28
461,64	1411,05
461,85	1398,76
462,06	1474,54
462,27	1484,78
462,48	1452,01
462,69	1460,20
462,90	1411,05
463,12	1456,11
463,33	1413,10
463,54	1435,63
463,75	1462,25
463,96	1540,07
464,17	1507,30
464,38	1458,15
464,59	1470,44
464,80	1402,86
465,01	1466,35
465,23	1417,19
465,44	1425,39
465,65	1398,76
465,86	1486,83
466,07	1398,76
466,28	1454,06
466,49	1497,07
466,70	1540,07
466,91	1529,83
467,12	1417,19
467,33	1484,78
467,55	1435,63
467,76	1425,39
467,97	1470,44
468,18	1447,91
468,39	1386,47
468,60	1527,78
468,81	1433,58
469,02	1437,67
469,23	1478,63
469,44	1417,19
469,65	1415,15
469,86	1464,30
470,07	1476,59
470,29	1533,93
470,50	1466,35
470,71	1470,44
470,92	1474,54
471,13	1521,64
471,34	1492,97
471,55	1482,73
471,76	1460,20
471,97	1513,45
472,18	1466,35
472,39	1425,39
472,60	1359,85
472,81	1492,97
473,02	1437,67
473,23	1585,13
473,44	1449,96
473,65	1505,26
473,87	1384,43
474,08	1447,91
474,29	1396,71
474,50	1576,94
474,71	1437,67
474,92	1574,89
475,13	1445,87
475,34	1464,30
475,55	1423,34
475,76	1519,59
475,97	1452,01
476,18	1511,40
476,39	1404,91
476,60	1427,43
476,81	1452,01
477,02	1454,06
477,23	1533,93
477,44	1441,77
477,65	1468,39
477,86	1433,58
478,07	1484,78
478,28	1492,97
478,49	1452,01
478,70	1501,16
478,91	1482,73
479,12	1411,05
479,33	1423,34
479,54	1456,11
479,75	1589,22
479,96	1511,40
480,17	1437,67
480,38	1447,91
480,59	1460,20
480,80	1482,73
481,01	1529,83
481,22	1515,50
481,43	1411,05
481,64	1402,86
481,85	1478,63
482,06	1402,86
482,27	1558,50
482,48	1595,37
482,69	1544,17
482,90	1482,73
483,11	1535,98
483,32	1472,49
483,53	1542,12
483,74	1413,10
483,95	1482,73
484,16	1335,28
484,37	1419,24
484,58	1468,39
484,79	1466,35
485,00	1449,96
485,21	1443,82
485,42	1445,87
485,63	1488,87
485,84	1406,95
486,05	1435,63
486,26	1501,16
486,47	1578,98
486,68	1505,26
486,89	1368,04
487,10	1482,73
487,31	1521,64
487,52	1474,54
487,73	1572,84
487,94	1452,01
488,15	1431,53
488,36	1466,35
488,57	1511,40
488,77	1505,26
488,98	1429,48
489,19	1439,72
489,40	1527,78
489,61	1411,05
489,82	1546,22
490,03	1538,02
490,24	1357,80
490,45	1525,74
490,66	1445,87
490,87	1472,49
491,08	1427,43
491,29	1458,15
491,50	1402,86
491,71	1472,49
491,92	1462,25
492,13	1456,11
492,33	1419,24
492,54	1478,63
492,75	1507,30
492,96	1501,16
493,17	1546,22
493,38	1441,77
493,59	1386,47
493,80	1523,69
494,01	1386,47
494,22	1466,35
494,43	1462,25
494,64	1476,59
494,85	1519,59
495,05	1427,43
495,26	1458,15
495,47	1517,54
495,68	1431,53
495,89	1437,67
496,10	1366,00
496,31	1482,73
496,52	1492,97
496,73	1492,97
496,94	1476,59
497,15	1562,60
497,35	1523,69
497,56	1460,20
497,77	1470,44
497,98	1456,11
498,19	1452,01
498,40	1531,88
498,61	1552,36
498,82	1454,06
499,03	1433,58
499,23	1490,92
499,44	1517,54
499,65	1509,35
499,86	1452,01
500,07	1497,07
500,28	1503,21
500,49	1466,35
500,70	1495,02
500,91	1427,43
501,11	1419,24
501,32	1454,06
501,53	1486,83
501,74	1486,83
501,95	1382,38
502,16	1548,26
502,37	1402,86
502,57	1445,87
502,78	1464,30
502,99	1503,21
503,20	1406,95
503,41	1492,97
503,62	1357,80
503,83	1507,30
504,03	1486,83
504,24	1429,48
504,45	1492,97
504,66	1452,01
504,87	1540,07
505,08	1468,39
505,29	1482,73
505,49	1431,53
505,70	1624,04
505,91	1462,25
506,12	1449,96
506,33	1554,41
506,54	1423,34
506,75	1558,50
506,95	1449,96
507,16	1556,46
507,37	1431,53
507,58	1589,22
507,79	1435,63
508,00	1441,77
508,20	1419,24
508,41	1423,34
508,62	1462,25
508,83	1509,35
509,04	1445,87
509,24	1492,97
509,45	1732,58
509,66	1382,38
509,87	1544,17
510,08	1480,68
510,29	1454,06
510,49	1501,16
510,70	1423,34
510,91	1470,44
511,12	1486,83
511,33	1396,71
511,53	1427,43
511,74	1370,09
511,95	1382,38
512,16	1515,50
512,37	1449,96
512,57	1376,24
512,78	1384,43
512,99	1439,72
513,20	1615,85
513,41	1486,83
513,61	1470,44
513,82	1474,54
514,03	1484,78
514,24	1492,97
514,45	1495,02
514,65	1468,39
514,86	1472,49
515,07	1478,63
515,28	1523,69
515,49	1454,06
515,69	1499,11
515,90	1439,72
516,11	1398,76
516,32	1521,64
516,52	1439,72
516,73	1505,26
516,94	1550,31
517,15	1476,59
517,36	1470,44
517,56	1499,11
517,77	1439,72
517,98	1484,78
518,19	1439,72
518,39	1529,83
518,60	1447,91
518,81	1505,26
519,02	1427,43
519,22	1492,97
519,43	1497,07
519,64	1445,87
519,85	1400,81
520,05	1562,60
520,26	1517,54
520,47	1480,68
520,68	1486,83
520,88	1462,25
521,09	1449,96
521,30	1574,89
521,51	1552,36
521,71	1540,07
521,92	1433,58
522,13	1447,91
522,34	1517,54
522,54	1437,67
522,75	1458,15
522,96	1452,01
523,17	1480,68
523,37	1601,51
523,58	1452,01
523,79	1368,04
523,99	1423,34
524,20	1519,59
524,41	1449,96
524,62	1556,46
524,82	1527,78
525,03	1505,26
525,24	1437,67
525,45	1527,78
525,65	1507,30
525,86	1535,98
526,07	1509,35
526,27	1398,76
526,48	1447,91
526,69	1507,30
526,90	1460,20
527,10	1456,11
527,31	1452,01
527,52	1490,92
527,72	1474,54
527,93	1486,83
528,14	1482,73
528,34	1484,78
528,55	1366,00
528,76	1499,11
528,97	1482,73
529,17	1462,25
529,38	1437,67
529,59	1486,83
529,79	1468,39
530,00	1505,26
530,21	1538,02
530,41	1513,45
530,62	1464,30
530,83	1509,35
531,03	1470,44
531,24	1460,20
531,45	1456,11
531,65	1490,92
531,86	1447,91
532,07	1548,26
532,27	1458,15
532,48	1437,67
532,69	1466,35
532,89	1482,73
533,10	1513,45
533,31	1462,25
533,51	1429,48
533,72	1456,11
533,93	1468,39
534,13	1456,11
534,34	1515,50
534,55	1492,97
534,75	1419,24
534,96	1533,93
535,17	1511,40
535,37	1562,60
535,58	1421,29
535,79	1492,97
535,99	1480,68
536,20	1474,54
536,41	1449,96
536,61	1460,20
536,82	1517,54
537,03	1517,54
537,23	1390,57
537,44	1445,87
537,64	1431,53
537,85	1464,30
538,06	1466,35
538,26	1589,22
538,47	1542,12
538,68	1292,27
538,88	1474,54
539,09	1445,87
539,30	1456,11
539,50	1566,70
539,71	1529,83
539,91	1529,83
540,12	1447,91
540,33	1511,40
540,53	1507,30
540,74	1441,77
540,94	1470,44
541,15	1515,50
541,36	1513,45
541,56	1519,59
541,77	1517,54
541,98	1542,12
542,18	1495,02
542,39	1513,45
542,59	1519,59
542,80	1466,35
543,01	1464,30
543,21	1560,55
543,42	1533,93
543,62	1523,69
543,83	1439,72
544,04	1501,16
544,24	1472,49
544,45	1447,91
544,65	1468,39
544,86	1476,59
545,06	1523,69
545,27	1415,15
545,48	1433,58
545,68	1533,93
545,89	1513,45
546,09	1492,97
546,30	1419,24
546,51	1474,54
546,71	1548,26
546,92	1492,97
547,12	1462,25
547,33	1437,67
547,53	1429,48
547,74	1431,53
547,95	1429,48
548,15	1466,35
548,36	1466,35
548,56	1454,06
548,77	1490,92
548,97	1478,63
549,18	1378,28
549,39	1411,05
549,59	1447,91
549,80	1523,69
550,00	1439,72
550,21	1470,44
550,41	1419,24
550,62	1529,83
550,82	1464,30
551,03	1392,62
551,23	1454,06
551,44	1466,35
551,65	1431,53
551,85	1445,87
552,06	1443,82
552,26	1452,01
552,47	1443,82
552,67	1497,07
552,88	1394,67
553,08	1404,91
553,29	1378,28
553,49	1546,22
553,70	1388,52
553,90	1552,36
554,11	1421,29
554,32	1472,49
554,52	1511,40
554,73	1427,43
554,93	1372,14
555,14	1474,54
555,34	1511,40
555,55	1472,49
555,75	1484,78
555,96	1497,07
556,16	1515,50
556,37	1484,78
556,57	1474,54
556,78	1488,87
556,98	1554,41
557,19	1505,26
557,39	1429,48
557,60	1480,68
557,80	1476,59
558,01	1421,29
558,21	1476,59
558,42	1578,98
558,62	1468,39
558,83	1458,15
559,03	1449,96
559,24	1431,53
559,44	1480,68
559,65	1562,60
559,85	1439,72
560,06	1470,44
560,26	1423,34
560,47	1515,50
560,67	1538,02
560,88	1490,92
561,08	1495,02
561,29	1587,18
561,49	1476,59
561,70	1470,44
561,90	1499,11
562,10	1427,43
562,31	1527,78
562,51	1445,87
562,72	1449,96
562,92	1519,59
563,13	1544,17
563,33	1445,87
563,54	1525,74
563,74	1497,07
563,95	1454,06
564,15	1490,92
564,36	1484,78
564,56	1433,58
564,76	1554,41
564,97	1474,54
565,17	1484,78
565,38	1480,68
565,58	1452,01
565,79	1484,78
565,99	1474,54
566,20	1474,54
566,40	1488,87
566,60	1554,41
566,81	1597,42
567,01	1525,74
567,22	1406,95
567,42	1544,17
567,63	1456,11
567,83	1470,44
568,04	1515,50
568,24	1490,92
568,44	1538,02
568,65	1464,30
568,85	1435,63
569,06	1482,73
569,26	1507,30
569,47	1441,77
569,67	1425,39
569,87	1488,87
570,08	1503,21
570,28	1562,60
570,49	1466,35
570,69	1572,84
570,89	1548,26
571,10	1509,35
571,30	1497,07
571,51	1527,78
571,71	1492,97
571,91	1550,31
572,12	1519,59
572,32	1589,22
572,53	1511,40
572,73	1568,74
572,93	1589,22
573,14	1519,59
573,34	1470,44
573,55	1495,02
573,75	1488,87
573,95	1509,35
574,16	1478,63
574,36	1521,64
574,57	1486,83
574,77	1599,46
574,97	1474,54
575,18	1488,87
575,38	1558,50
575,59	1540,07
575,79	1443,82
575,99	1431,53
576,20	1447,91
576,40	1505,26
576,60	1595,37
576,81	1546,22
577,01	1558,50
577,22	1611,75
577,42	1540,07
577,62	1501,16
577,83	1538,02
578,03	1468,39
578,23	1507,30
578,44	1587,18
578,64	1636,33
578,84	1583,08
579,05	1480,68
579,25	1587,18
579,45	1488,87
579,66	1419,24
579,86	1490,92
580,07	1460,20
580,27	1509,35
580,47	1468,39
580,68	1452,01
580,88	1535,98
581,08	1447,91
581,29	1460,20
581,49	1480,68
581,69	1576,94
581,90	1521,64
582,10	1521,64
582,30	1382,38
582,51	1423,34
582,71	1386,47
582,91	1392,62
583,12	1447,91
583,32	1542,12
583,52	1484,78
583,73	1423,34
583,93	1433,58
584,13	1562,60
584,34	1531,88
584,54	1456,11
584,74	1452,01
584,94	1503,21
585,15	1523,69
585,35	1576,94
585,55	1529,83
585,76	1538,02
585,96	1495,02
586,16	1480,68
586,37	1443,82
586,57	1449,96
586,77	1460,20
586,98	1449,96
587,18	1499,11
587,38	1531,88
587,58	1472,49
587,79	1521,64
587,99	1425,39
588,19	1503,21
588,40	1472,49
588,60	1593,32
588,80	1445,87
589,00	1492,97
589,21	1488,87
589,41	1464,30
589,61	1429,48
589,82	1468,39
590,02	1515,50
590,22	1523,69
590,42	1562,60
590,63	1497,07
590,83	1484,78
591,03	1515,50
591,23	1511,40
591,44	1525,74
591,64	1482,73
591,84	1488,87
592,05	1597,42
592,25	1507,30
592,45	1501,16
592,65	1599,46
592,86	1437,67
593,06	1513,45
593,26	1501,16
593,46	1515,50
593,67	1480,68
593,87	1429,48
594,07	1458,15
594,27	1566,70
594,48	1499,11
594,68	1538,02
594,88	1519,59
595,08	1499,11
595,29	1556,46
595,49	1583,08
595,69	1523,69
595,89	1458,15
596,10	1482,73
596,30	1570,79
596,50	1521,64
596,70	1570,79
596,90	1513,45
597,11	1437,67
597,31	1417,19
597,51	1474,54
597,71	1564,65
597,92	1560,55
598,12	1486,83
598,32	1423,34
598,52	1484,78
598,72	1515,50
598,93	1466,35
599,13	1478,63
599,33	1503,21
599,53	1542,12
599,74	1495,02
599,94	1466,35
600,14	1441,77
600,34	1556,46
600,54	1521,64
600,75	1454,06
600,95	1521,64
601,15	1499,11
601,35	1439,72
601,55	1447,91
601,76	1423,34
601,96	1599,46
602,16	1488,87
602,36	1583,08
602,56	1480,68
602,76	1441,77
602,97	1492,97
603,17	1562,60
603,37	1509,35
603,57	1394,67
603,77	1478,63
603,98	1460,20
604,18	1460,20
604,38	1488,87
604,58	1472,49
604,78	1468,39
604,98	1550,31
605,19	1492,97
605,39	1505,26
605,59	1624,04
605,79	1488,87
605,99	1433,58
606,19	1425,39
606,40	1525,74
606,60	1486,83
606,80	1552,36
607,00	1562,60
607,20	1447,91
607,40	1519,59
607,61	1486,83
607,81	1570,79
608,01	1472,49
608,21	1548,26
608,41	1546,22
608,61	1583,08
608,81	1470,44
609,02	1447,91
609,22	1447,91
609,42	1513,45
609,62	1556,46
609,82	1558,50
610,02	1517,54
610,22	1384,43
610,43	1441,77
610,63	1499,11
610,83	1544,17
611,03	1452,01
611,23	1517,54
611,43	1566,70
611,63	1513,45
611,83	1425,39
612,04	1476,59
612,24	1581,03
612,44	1548,26
612,64	1406,95
612,84	1425,39
613,04	1499,11
613,24	1523,69
613,44	1468,39
613,64	1433,58
613,85	1499,11
614,05	1505,26
614,25	1456,11
614,45	1578,98
614,65	1492,97
614,85	1433,58
615,05	1462,25
615,25	1599,46
615,45	1513,45
615,65	1552,36
615,86	1578,98
616,06	1525,74
616,26	1468,39
616,46	1587,18
616,66	1488,87
616,86	1550,31
617,06	1472,49
617,26	1546,22
617,46	1509,35
617,66	1638,38
617,86	1595,37
618,07	1488,87
618,27	1499,11
618,47	1484,78
618,67	1542,12
618,87	1535,98
619,07	1521,64
619,27	1492,97
619,47	1507,30
619,67	1558,50
619,87	1470,44
620,07	1560,55
620,27	1521,64
620,47	1474,54
620,67	1519,59
620,87	1497,07
621,07	1570,79
621,28	1558,50
621,48	1474,54
621,68	1542,12
621,88	1533,93
622,08	1464,30
622,28	1513,45
622,48	1597,42
622,68	1454,06
622,88	1531,88
623,08	1587,18
623,28	1521,64
623,48	1578,98
623,68	1521,64
623,88	1574,89
624,08	1660,90
624,28	1468,39
624,48	1538,02
624,68	1482,73
624,88	1515,50
625,08	1533,93
625,28	1560,55
625,48	1566,70
625,68	1538,02
625,88	1546,22
626,08	1556,46
626,28	1499,11
626,48	1632,23
626,68	1519,59
626,88	1562,60
627,08	1593,32
627,28	1660,90
627,48	1521,64
627,68	1529,83
627,88	1562,60
628,08	1574,89
628,28	1589,22
628,49	1621,99
628,68	1558,50
628,88	1585,13
629,08	1517,54
629,28	1611,75
629,48	1558,50
629,68	1599,46
629,88	1558,50
630,08	1624,04
630,28	1480,68
630,48	1564,65
630,68	1501,16
630,88	1517,54
631,08	1570,79
631,28	1501,16
631,48	1554,41
631,68	1468,39
631,88	1546,22
632,08	1560,55
632,28	1495,02
632,48	1626,09
632,68	1570,79
632,88	1617,90
633,08	1564,65
633,28	1603,56
633,48	1552,36
633,68	1572,84
633,88	1542,12
634,08	1621,99
634,28	1558,50
634,48	1642,47
634,68	1589,22
634,88	1540,07
635,08	1472,49
635,28	1564,65
635,48	1462,25
635,68	1495,02
635,87	1509,35
636,07	1605,61
636,27	1507,30
636,47	1601,51
636,67	1572,84
636,87	1599,46
637,07	1533,93
637,27	1554,41
637,47	1542,12
637,67	1607,66
637,87	1480,68
638,07	1634,28
638,27	1482,73
638,47	1613,80
638,67	1513,45
638,86	1613,80
639,06	1544,17
639,26	1550,31
639,46	1462,25
639,66	1597,42
639,86	1533,93
640,06	1624,04
640,26	1599,46
640,46	1558,50
640,66	1538,02
640,86	1523,69
641,06	1554,41
641,25	1562,60
641,45	1642,47
641,65	1492,97
641,85	1437,67
642,05	1574,89
642,25	1460,20
642,45	1542,12
642,65	1574,89
642,85	1531,88
643,05	1501,16
643,24	1607,66
643,44	1552,36
643,64	1548,26
643,84	1560,55
644,04	1587,18
644,24	1529,83
644,44	1470,44
644,64	1509,35
644,84	1521,64
645,03	1523,69
645,23	1611,75
645,43	1542,12
645,63	1628,14
645,83	1476,59
646,03	1499,11
646,23	1621,99
646,42	1630,18
646,62	1554,41
646,82	1640,42
647,02	1497,07
647,22	1562,60
647,42	1531,88
647,62	1603,56
647,82	1615,85
648,01	1703,91
648,21	1544,17
648,41	1544,17
648,61	1581,03
648,81	1693,67
649,01	1525,74
649,20	1581,03
649,40	1566,70
649,60	1521,64
649,80	1560,55
650,00	1593,32
650,20	1535,98
650,40	1617,90
650,59	1458,15
650,79	1607,66
650,99	1568,74
651,19	1624,04
651,39	1542,12
651,58	1644,52
651,78	1603,56
651,98	1509,35
652,18	1566,70
652,38	1572,84
652,58	1568,74
652,77	1597,42
652,97	1578,98
653,17	1538,02
653,37	1570,79
653,57	1595,37
653,77	1527,78
653,96	1712,10
654,16	1621,99
654,36	1648,61
654,56	1578,98
654,76	1628,14
654,95	1634,28
655,15	1550,31
655,35	1472,49
655,55	1572,84
655,75	1574,89
655,94	1568,74
656,14	1527,78
656,34	1570,79
656,54	1490,92
656,73	1552,36
656,93	1572,84
657,13	1648,61
657,33	1589,22
657,53	1501,16
657,72	1570,79
657,92	1609,70
658,12	1566,70
658,32	1669,09
658,52	1538,02
658,71	1576,94
658,91	1574,89
659,11	1601,51
659,31	1617,90
659,50	1581,03
659,70	1630,18
659,90	1619,94
660,10	1517,54
660,29	1570,79
660,49	1578,98
660,69	1652,71
660,89	1636,33
661,08	1589,22
661,28	1521,64
661,48	1527,78
661,68	1595,37
661,87	1513,45
662,07	1585,13
662,27	1603,56
662,47	1542,12
662,66	1638,38
662,86	1521,64
663,06	1529,83
663,26	1525,74
663,45	1669,09
663,65	1542,12
663,85	1644,52
664,05	1581,03
664,24	1636,33
664,44	1531,88
664,64	1597,42
664,84	1621,99
665,03	1603,56
665,23	1640,42
665,43	1546,22
665,62	1521,64
665,82	1529,83
666,02	1603,56
666,22	1693,67
666,41	1521,64
666,61	1648,61
666,81	1572,84
667,00	1583,08
667,20	1550,31
667,40	1568,74
667,60	1562,60
667,79	1632,23
667,99	1540,07
668,19	1583,08
668,38	1525,74
668,58	1611,75
668,78	1566,70
668,97	1679,33
669,17	1507,30
669,37	1566,70
669,57	1429,48
669,76	1632,23
669,96	1535,98
670,16	1542,12
670,35	1564,65
670,55	1636,33
670,75	1542,12
670,94	1601,51
671,14	1552,36
671,34	1605,61
671,53	1568,74
671,73	1603,56
671,93	1558,50
672,12	1617,90
672,32	1603,56
672,52	1628,14
672,71	1505,26
672,91	1634,28
673,11	1568,74
673,30	1589,22
673,50	1548,26
673,70	1599,46
673,89	1507,30
674,09	1535,98
674,29	1611,75
674,48	1591,27
674,68	1583,08
674,88	1593,32
675,07	1581,03
675,27	1568,74
675,46	1529,83
675,66	1552,36
675,86	1560,55
676,05	1495,02
676,25	1517,54
676,45	1556,46
676,64	1574,89
676,84	1540,07
677,04	1517,54
677,23	1519,59
677,43	1517,54
677,62	1574,89
677,82	1533,93
678,02	1552,36
678,21	1488,87
678,41	1503,21
678,61	1595,37
678,80	1587,18
679,00	1523,69
679,19	1538,02
679,39	1615,85
679,59	1544,17
679,78	1517,54
679,98	1525,74
680,17	1548,26
680,37	1593,32
680,57	1535,98
680,76	1615,85
680,96	1552,36
681,16	1533,93
681,35	1476,59
681,55	1447,91
681,74	1558,50
681,94	1523,69
682,13	1572,84
682,33	1628,14
682,53	1595,37
682,72	1570,79
682,92	1525,74
683,11	1581,03
683,31	1619,94
683,51	1484,78
683,70	1603,56
683,90	1558,50
684,09	1519,59
684,29	1712,10
684,48	1501,16
684,68	1656,81
684,88	1595,37
685,07	1656,81
685,27	1607,66
685,46	1576,94
685,66	1578,98
685,85	1669,09
686,05	1634,28
686,25	1587,18
686,44	1611,75
686,64	1581,03
686,83	1488,87
687,03	1609,70
687,22	1538,02
687,42	1574,89
687,61	1574,89
687,81	1513,45
688,01	1540,07
688,20	1570,79
688,40	1574,89
688,59	1667,05
688,79	1527,78
688,98	1576,94
689,18	1638,38
689,37	1535,98
689,57	1538,02
689,76	1503,21
689,96	1615,85
690,15	1566,70
690,35	1490,92
690,54	1710,05
690,74	1574,89
690,94	1566,70
691,13	1658,85
691,33	1599,46
691,52	1589,22
691,72	1679,33
691,91	1525,74
692,11	1626,09
692,30	1605,61
692,50	1587,18
692,69	1669,09
692,89	1636,33
693,08	1540,07
693,28	1638,38
693,47	1486,83
693,67	1642,47
693,86	1540,07
694,06	1578,98
694,25	1578,98
694,45	1589,22
694,64	1589,22
694,84	1640,42
695,03	1554,41
695,23	1587,18
695,42	1552,36
695,62	1591,27
695,81	1626,09
696,01	1691,62
696,20	1570,79
696,40	1550,31
696,59	1562,60
696,78	1691,62
696,98	1599,46
697,17	1636,33
697,37	1562,60
697,56	1599,46
697,76	1568,74
697,95	1593,32
698,15	1535,98
698,34	1648,61
698,54	1615,85
698,73	1701,86
698,93	1599,46
699,12	1486,83
699,32	1564,65
699,51	1644,52
699,70	1542,12
699,90	1542,12
700,09	1558,50
700,29	1523,69
700,48	1531,88
700,68	1511,40
700,87	1456,11
701,07	1515,50
701,26	1540,07
701,45	1470,44
701,65	1470,44
701,84	1413,10
702,04	1505,26
702,23	1505,26
702,43	1398,76
702,62	1535,98
702,81	1470,44
703,01	1431,53
703,20	1558,50
703,40	1478,63
703,59	1425,39
703,79	1464,30
703,98	1472,49
704,17	1439,72
704,37	1390,57
704,56	1503,21
704,76	1429,48
704,95	1439,72
705,14	1409,00
705,34	1445,87
705,53	1431,53
705,73	1361,90
705,92	1454,06
706,11	1472,49
706,31	1335,28
706,50	1492,97
706,70	1482,73
706,89	1427,43
707,08	1517,54
707,28	1441,77
707,47	1368,04
707,67	1388,52
707,86	1472,49
708,05	1431,53
708,25	1417,19
708,44	1452,01
708,64	1406,95
708,83	1468,39
709,02	1433,58
709,22	1497,07
709,41	1423,34
709,60	1458,15
709,80	1456,11
709,99	1382,38
710,19	1386,47
710,38	1456,11
710,57	1339,37
710,77	1361,90
710,96	1378,28
711,15	1384,43
711,35	1394,67
711,54	1480,68
711,73	1335,28
711,93	1456,11
712,12	1456,11
712,31	1370,09
712,51	1398,76
712,70	1392,62
712,89	1419,24
713,09	1402,86
713,28	1392,62
713,48	1456,11
713,67	1470,44
713,86	1431,53
714,06	1404,91
714,25	1351,66
714,44	1439,72
714,64	1431,53
714,83	1298,41
715,02	1368,04
715,22	1380,33
715,41	1429,48
715,60	1404,91
715,79	1425,39
715,99	1402,86
716,18	1449,96
716,37	1351,66
716,57	1470,44
716,76	1411,05
716,95	1411,05
717,15	1443,82
717,34	1437,67
717,53	1413,10
717,73	1433,58
717,92	1480,68
718,11	1464,30
718,31	1443,82
718,50	1398,76
718,69	1368,04
718,88	1429,48
719,08	1404,91
719,27	1409,00
719,46	1394,67
719,66	1466,35
719,85	1333,23
720,04	1396,71
720,23	1368,04
720,43	1402,86
720,62	1390,57
720,81	1335,28
721,01	1476,59
721,20	1458,15
721,39	1314,80
721,58	1382,38
721,78	1447,91
721,97	1394,67
722,16	1431,53
722,35	1415,15
722,55	1368,04
722,74	1452,01
722,93	1388,52
723,13	1390,57
723,32	1380,33
723,51	1292,27
723,70	1372,14
723,90	1388,52
724,09	1376,24
724,28	1404,91
724,47	1355,76
724,67	1472,49
724,86	1353,71
725,05	1390,57
725,24	1386,47
725,44	1402,86
725,63	1318,89
725,82	1366,00
726,01	1357,80
726,21	1525,74
726,40	1376,24
726,59	1507,30
726,78	1417,19
726,97	1445,87
727,17	1470,44
727,36	1497,07
727,55	1411,05
727,74	1394,67
727,94	1398,76
728,13	1435,63
728,32	1431,53
728,51	1435,63
728,70	1402,86
728,90	1368,04
729,09	1411,05
729,28	1382,38
729,47	1464,30
729,66	1376,24
729,86	1415,15
730,05	1353,71
730,24	1392,62
730,43	1349,61
730,63	1435,63
730,82	1583,08
731,01	1423,34
731,20	1398,76
731,39	1359,85
731,58	1462,25
731,78	1417,19
731,97	1370,09
732,16	1314,80
732,35	1409,00
732,54	1458,15
732,74	1415,15
732,93	1406,95
733,12	1298,41
733,31	1411,05
733,50	1400,81
733,69	1306,60
733,89	1470,44
734,08	1470,44
734,27	1419,24
734,46	1398,76
734,65	1347,56
734,84	1335,28
735,04	1427,43
735,23	1449,96
735,42	1392,62
735,61	1390,57
735,80	1427,43
735,99	1388,52
736,19	1484,78
736,38	1411,05
736,57	1378,28
736,76	1388,52
736,95	1445,87
737,14	1394,67
737,33	1460,20
737,53	1460,20
737,72	1398,76
737,91	1376,24
738,10	1382,38
738,29	1376,24
738,48	1390,57
738,67	1409,00
738,87	1320,94
739,06	1335,28
739,25	1363,95
739,44	1427,43
739,63	1470,44
739,82	1376,24
740,01	1390,57
740,20	1425,39
740,40	1382,38
740,59	1443,82
740,78	1419,24
740,97	1452,01
741,16	1443,82
741,35	1480,68
741,54	1396,71
741,73	1384,43
741,92	1359,85
742,12	1492,97
742,31	1402,86
742,50	1525,74
742,69	1347,56
742,88	1374,19
743,07	1390,57
743,26	1474,54
743,45	1404,91
743,64	1374,19
743,83	1409,00
744,02	1454,06
744,22	1413,10
744,41	1517,54
744,60	1437,67
744,79	1456,11
744,98	1400,81
745,17	1361,90
745,36	1347,56
745,55	1456,11
745,74	1431,53
745,93	1497,07
746,12	1431,53
746,31	1396,71
746,50	1452,01
746,70	1349,61
746,89	1423,34
747,08	1357,80
747,27	1400,81
747,46	1409,00
747,65	1404,91
747,84	1509,35
748,03	1347,56
748,22	1447,91
748,41	1527,78
748,60	1435,63
748,79	1415,15
748,98	1439,72
749,17	1374,19
749,36	1474,54
749,55	1353,71
749,74	1380,33
749,93	1472,49
750,12	1431,53
750,31	1390,57
750,50	1583,08
750,70	1413,10
750,89	1529,83
751,08	1482,73
751,27	1458,15
751,46	1458,15
751,65	1431,53
751,84	1486,83
752,03	1402,86
752,22	1447,91
752,41	1411,05
752,60	1507,30
752,79	1458,15
752,98	1445,87
753,17	1519,59
753,36	1501,16
753,55	1435,63
753,74	1476,59
753,93	1456,11
754,12	1511,40
754,31	1531,88
754,50	1560,55
754,69	1454,06
754,88	1523,69
755,07	1468,39
755,26	1411,05
755,45	1447,91
755,64	1513,45
755,83	1488,87
756,02	1546,22
756,21	1464,30
756,40	1468,39
756,59	1468,39
756,78	1574,89
756,97	1515,50
757,16	1511,40
757,35	1497,07
757,54	1464,30
757,72	1460,20
757,91	1521,64
758,10	1443,82
758,29	1433,58
758,48	1429,48
758,67	1437,67
758,86	1513,45
759,05	1452,01
759,24	1544,17
759,43	1519,59
759,62	1490,92
759,81	1552,36
760,00	1538,02
760,19	1474,54
760,38	1474,54
760,57	1402,86
760,76	1466,35
760,95	1521,64
761,14	1447,91
761,33	1443,82
761,52	1552,36
761,70	1497,07
761,89	1419,24
762,08	1533,93
762,27	1454,06
762,46	1472,49
762,65	1525,74
762,84	1488,87
763,03	1492,97
763,22	1501,16
763,41	1589,22
763,60	1460,20
763,79	1509,35
763,98	1468,39
764,16	1501,16
764,35	1581,03
764,54	1521,64
764,73	1558,50
764,92	1525,74
765,11	1691,62
765,30	1523,69
765,49	1535,98
765,68	1601,51
765,87	1619,94
766,06	1562,60
766,24	1591,27
766,43	1540,07
766,62	1578,98
766,81	1517,54
767,00	1570,79
767,19	1562,60
767,38	1660,90
767,57	1513,45
767,76	1568,74
767,94	1578,98
768,13	1562,60
768,32	1566,70
768,51	1488,87
768,70	1578,98
768,89	1570,79
769,08	1533,93
769,27	1531,88
769,45	1464,30
769,64	1650,66
769,83	1595,37
770,02	1646,57
770,21	1482,73
770,40	1589,22
770,59	1533,93
770,77	1597,42
770,96	1630,18
771,15	1595,37
771,34	1587,18
771,53	1685,48
771,72	1624,04
771,91	1578,98
772,09	1556,46
772,28	1597,42
772,47	1570,79
772,66	1642,47
772,85	1695,72
773,04	1628,14
773,22	1652,71
773,41	1609,70
773,60	1652,71
773,79	1636,33
773,98	1609,70
774,17	1609,70
774,35	1595,37
774,54	1615,85
774,73	1636,33
774,92	1691,62
775,11	1550,31
775,30	1794,02
775,48	1654,76
775,67	1675,24
775,86	1529,83
776,05	1654,76
776,24	1601,51
776,42	1650,66
776,61	1679,33
776,80	1654,76
776,99	1634,28
777,18	1593,32
777,36	1619,94
777,55	1615,85
777,74	1613,80
777,93	1648,61
778,12	1697,77
778,30	1714,15
778,49	1540,07
778,68	1669,09
778,87	1662,95
779,06	1650,66
779,24	1701,86
779,43	1687,53
779,62	1685,48
779,81	1628,14
779,99	1626,09
780,18	1589,22
780,37	1730,53
780,56	1712,10
780,75	1650,66
780,93	1693,67
781,12	1621,99
781,31	1708,01
781,50	1689,57
781,68	1499,11
781,87	1611,75
782,06	1599,46
782,25	1685,48
782,43	1564,65
782,62	1652,71
782,81	1669,09
783,00	1581,03
783,18	1546,22
783,37	1513,45
783,56	1587,18
783,75	1609,70
783,93	1605,61
784,12	1587,18
784,31	1701,86
784,50	1630,18
784,68	1640,42
784,87	1566,70
785,06	1714,15
785,24	1585,13
785,43	1603,56
785,62	1619,94
785,81	1558,50
785,99	1619,94
786,18	1560,55
786,37	1562,60
786,56	1499,11
786,74	1525,74
786,93	1566,70
787,12	1523,69
787,30	1480,68
787,49	1667,05
787,68	1535,98
787,87	1531,88
788,05	1544,17
788,24	1402,86
788,43	1535,98
788,61	1605,61
788,80	1476,59
788,99	1445,87
789,17	1497,07
789,36	1366,00
789,55	1560,55
789,73	1460,20
789,92	1474,54
790,11	1427,43
790,30	1447,91
790,48	1374,19
790,67	1462,25
790,86	1531,88
791,04	1505,26
791,23	1484,78
791,42	1490,92
791,60	1406,95
791,79	1482,73
791,98	1421,29
792,16	1484,78
792,35	1486,83
792,54	1433,58
792,72	1531,88
792,91	1505,26
793,10	1404,91
793,28	1542,12
793,47	1527,78
793,66	1411,05
793,84	1415,15
794,03	1411,05
794,22	1509,35
794,40	1427,43
794,59	1523,69
794,77	1447,91
794,96	1351,66
795,15	1470,44
795,33	1411,05
795,52	1521,64
795,71	1466,35
795,89	1372,14
796,08	1480,68
796,27	1452,01
796,45	1382,38
796,64	1390,57
796,82	1398,76
797,01	1396,71
797,20	1456,11
797,38	1429,48
797,57	1398,76
797,76	1417,19
797,94	1456,11
798,13	1492,97
798,31	1406,95
798,50	1398,76
798,69	1546,22
798,87	1402,86
799,06	1394,67
799,24	1464,30
799,43	1464,30
799,62	1425,39
799,80	1376,24
799,99	1490,92
800,17	1380,33
800,36	1449,96
800,55	1394,67
800,73	1431,53
800,92	1402,86
801,10	1341,42
801,29	1406,95
801,48	1396,71
801,66	1333,23
801,85	1431,53
802,03	1542,12
802,22	1337,32
802,40	1474,54
802,59	1452,01
802,78	1419,24
802,96	1382,38
803,15	1533,93
803,33	1357,80
803,52	1464,30
803,70	1458,15
803,89	1449,96
804,08	1394,67
804,26	1495,02
804,45	1359,85
804,63	1413,10
804,82	1523,69
805,00	1454,06
805,19	1464,30
805,37	1445,87
805,56	1460,20
805,74	1411,05
805,93	1464,30
806,12	1488,87
806,30	1409,00
806,49	1413,10
806,67	1462,25
806,86	1378,28
807,04	1433,58
807,23	1392,62
807,41	1384,43
807,60	1417,19
807,78	1419,24
807,97	1697,77
808,15	1322,99
808,34	1478,63
808,52	1386,47
808,71	1327,08
808,89	1435,63
809,08	1425,39
809,27	1404,91
809,45	1439,72
809,64	1425,39
809,82	1431,53
810,01	1462,25
810,19	1464,30
810,38	1431,53
810,56	1472,49
810,75	1464,30
810,93	1384,43
811,12	1425,39
811,30	1470,44
811,49	1392,62
811,67	1480,68
811,85	1499,11
812,04	1402,86
812,22	1472,49
812,41	1439,72
812,59	1404,91
812,78	1419,24
812,96	1384,43
813,15	1474,54
813,33	1427,43
813,52	1581,03
813,70	1538,02
813,89	1480,68
814,07	1449,96
814,26	1392,62
814,44	1366,00
814,63	1398,76
814,81	1472,49
815,00	1335,28
815,18	1499,11
815,36	1449,96
815,55	1384,43
815,73	1513,45
815,92	1525,74
816,10	1497,07
816,29	1484,78
816,47	1306,60
816,66	1439,72
816,84	1480,68
817,02	1476,59
817,21	1490,92
817,39	1429,48
817,58	1325,04
817,76	1454,06
817,95	1404,91
818,13	1445,87
818,32	1431,53
818,50	1480,68
818,68	1433,58
818,87	1372,14
819,05	1419,24
819,24	1449,96
819,42	1484,78
819,60	1421,29
819,79	1495,02
819,97	1404,91
820,16	1437,67
820,34	1511,40
820,53	1368,04
820,71	1441,77
820,89	1351,66
821,08	1497,07
821,26	1380,33
821,45	1439,72
821,63	1427,43
821,81	1497,07
822,00	1454,06
822,18	1521,64
822,37	1472,49
822,55	1443,82
822,73	1527,78
822,92	1427,43
823,10	1507,30
823,28	1456,11
823,47	1419,24
823,65	1507,30
823,84	1476,59
824,02	1501,16
824,20	1458,15
824,39	1558,50
824,57	1521,64
824,75	1519,59
824,94	1525,74
825,12	1558,50
825,31	1449,96
825,49	1425,39
825,67	1525,74
825,86	1472,49
826,04	1570,79
826,22	1587,18
826,41	1597,42
826,59	1482,73
826,77	1472,49
826,96	1478,63
827,14	1490,92
827,32	1427,43
827,51	1533,93
827,69	1585,13
827,87	1574,89
828,06	1531,88
828,24	1497,07
828,42	1478,63
828,61	1599,46
828,79	1558,50
828,97	1503,21
829,16	1611,75
829,34	1513,45
829,52	1480,68
829,71	1652,71
829,89	1574,89
830,07	1531,88
830,26	1503,21
830,44	1470,44
830,62	1628,14
830,81	1548,26
830,99	1570,79
831,17	1476,59
831,36	1583,08
831,54	1621,99
831,72	1611,75
831,91	1513,45
832,09	1531,88
832,27	1576,94
832,45	1568,74
832,64	1560,55
832,82	1642,47
833,00	1613,80
833,19	1546,22
833,37	1607,66
833,55	1617,90
833,73	1609,70
833,92	1624,04
834,10	1533,93
834,28	1535,98
834,47	1621,99
834,65	1535,98
834,83	1644,52
835,01	1656,81
835,20	1640,42
835,38	1589,22
835,56	1609,70
835,74	1576,94
835,93	1624,04
836,11	1724,39
836,29	1546,22
836,47	1712,10
836,66	1568,74
836,84	1634,28
837,02	1597,42
837,21	1779,68
837,39	1621,99
837,57	1632,23
837,75	1624,04
837,94	1554,41
838,12	1642,47
838,30	1636,33
838,48	1609,70
838,66	1617,90
838,85	1730,53
839,03	1578,98
839,21	1679,33
839,39	1585,13
839,58	1650,66
839,76	1617,90
839,94	1689,57
840,12	1593,32
840,31	1783,78
840,49	1593,32
840,67	1738,73
840,85	1552,36
841,03	1705,96
841,22	1601,51
841,40	1710,05
841,58	1636,33
841,76	1636,33
841,94	1568,74
842,13	1855,46
842,31	1685,48
842,49	1560,55
842,67	1662,95
842,85	1722,34
843,04	1740,77
843,22	1695,72
843,40	1642,47
843,58	1781,73
843,76	1677,29
843,95	1701,86
844,13	1703,91
844,31	1771,49
844,49	1685,48
844,67	1687,53
844,86	1691,62
845,04	1703,91
845,22	1736,68
845,40	1656,81
845,58	1791,97
845,76	1759,21
845,95	1777,64
846,13	1726,44
846,31	1769,44
846,49	1742,82
846,67	1775,59
846,85	1820,64
847,04	1716,20
847,22	1767,40
847,40	1660,90
847,58	1789,92
847,76	1787,88
847,94	1851,36
848,12	1800,16
848,31	1712,10
848,49	1759,21
848,67	1763,30
848,85	1853,41
849,03	1898,47
849,21	1861,60
849,39	1902,56
849,58	1869,80
849,76	1802,21
849,94	1791,97
850,12	1779,68
850,30	1814,50
850,48	1867,75
850,66	1880,04
850,84	1822,69
851,03	1822,69
851,21	1820,64
851,39	1841,12
851,57	1898,47
851,75	1800,16
851,93	1859,56
852,11	1863,65
852,29	1955,81
852,47	1826,79
852,66	1986,53
852,84	1828,84
853,02	1908,71
853,20	1953,76
853,38	1896,42
853,56	1843,17
853,74	1894,37
853,92	1898,47
854,10	1867,75
854,28	1902,56
854,46	1945,57
854,65	1834,98
854,83	1832,93
855,01	1929,19
855,19	1892,32
855,37	1853,41
855,55	2025,44
855,73	1890,28
855,91	1927,14
856,09	1933,28
856,27	1984,48
856,45	1920,99
856,63	1974,24
856,81	1910,75
857,00	1818,60
857,18	1877,99
857,36	1980,39
857,54	1984,48
857,72	1871,84
857,90	1994,72
858,08	1988,58
858,26	1855,46
858,44	1978,34
858,62	1970,15
858,80	1861,60
858,98	1880,04
859,16	1851,36
859,34	1996,77
859,52	2041,82
859,70	2056,16
859,88	1910,75
860,06	1875,94
860,24	1853,41
860,42	1808,36
860,60	1925,09
860,78	1880,04
860,96	1875,94
861,14	1800,16
861,32	1994,72
861,50	1822,69
861,69	1785,83
861,87	1890,28
862,05	1847,27
862,23	1834,98
862,41	1916,90
862,59	1832,93
862,77	1888,23
862,95	1775,59
863,13	1800,16
863,31	1882,08
863,49	1783,78
863,67	1757,16
863,85	1902,56
864,03	1914,85
864,21	1888,23
864,39	1791,97
864,57	1957,86
864,75	1832,93
864,92	1898,47
865,10	1785,83
865,28	1755,11
865,46	1822,69
865,64	1877,99
865,82	1845,22
866,00	1847,27
866,18	1791,97
866,36	1783,78
866,54	1875,94
866,72	1804,26
866,90	1826,79
867,08	1818,60
867,26	1753,06
867,44	1771,49
867,62	1687,53
867,80	1798,12
867,98	1832,93
868,16	1845,22
868,34	1882,08
868,52	1775,59
868,70	1593,32
868,88	1726,44
869,06	1732,58
869,24	1742,82
869,42	1724,39
869,59	1748,97
869,77	1777,64
869,95	1789,92
870,13	1660,90
870,31	1751,01
870,49	1761,25
870,67	1728,49
870,85	1658,85
871,03	1736,68
871,21	2031,58
871,39	1767,40
871,57	1640,42
871,75	1751,01
871,92	1708,01
872,10	1705,96
872,28	1689,57
872,46	1677,29
872,64	1761,25
872,82	1802,21
873,00	1613,80
873,18	1636,33
873,36	1640,42
873,54	1626,09
873,72	1648,61
873,89	1742,82
874,07	1665,00
874,25	1763,30
874,43	1712,10
874,61	1845,22
874,79	1638,38
874,97	1701,86
875,15	1734,63
875,33	1677,29
875,50	1742,82
875,68	1724,39
875,86	1714,15
876,04	1771,49
876,22	1583,08
876,40	1615,85
876,58	1746,92
876,76	1665,00
876,93	1687,53
877,11	1576,94
877,29	1712,10
877,47	1738,73
877,65	1687,53
877,83	1652,71
878,01	1665,00
878,18	1665,00
878,36	1658,85
878,54	1773,54
878,72	1613,80
878,90	1654,76
879,08	1699,81
879,25	1798,12
879,43	1632,23
879,61	1679,33
879,79	1636,33
879,97	1621,99
880,15	1744,87
880,32	1634,28
880,50	1708,01
880,68	1619,94
880,86	1634,28
881,04	1691,62
881,22	1728,49
881,39	1701,86
881,57	1765,35
881,75	1701,86
881,93	1660,90
882,11	1683,43
882,28	1587,18
882,46	1593,32
882,64	1603,56
882,82	1695,72
883,00	1671,14
883,18	1734,63
883,35	1595,37
883,53	1648,61
883,71	1712,10
883,89	1710,05
884,07	1595,37
884,24	1636,33
884,42	1624,04
884,60	1681,38
884,78	1638,38
884,95	1634,28
885,13	1607,66
885,31	1689,57
885,49	1535,98
885,67	1556,46
885,84	1531,88
886,02	1607,66
886,20	1601,51
886,38	1570,79
886,55	1583,08
886,73	1521,64
886,91	1665,00
887,09	1581,03
887,26	1509,35
887,44	1677,29
887,62	1578,98
887,80	1548,26
887,98	1652,71
888,15	1535,98
888,33	1488,87
888,51	1560,55
888,69	1634,28
888,86	1607,66
889,04	1560,55
889,22	1556,46
889,39	1570,79
889,57	1540,07
889,75	1544,17
889,93	1505,26
890,10	1544,17
890,28	1552,36
890,46	1558,50
890,64	1597,42
890,81	1495,02
890,99	1435,63
891,17	1470,44
891,34	1546,22
891,52	1501,16
891,70	1505,26
891,88	1470,44
892,05	1486,83
892,23	1486,83
892,41	1591,27
892,58	1521,64
892,76	1447,91
892,94	1439,72
893,12	1595,37
893,29	1462,25
893,47	1486,83
893,65	1388,52
893,82	1492,97
894,00	1472,49
894,18	1464,30
894,35	1413,10
894,53	1511,40
894,71	1550,31
894,89	1441,77
895,06	1478,63
895,24	1458,15
895,42	1456,11
895,59	1402,86
895,77	1466,35
895,95	1495,02
896,12	1513,45
896,30	1423,34
896,48	1419,24
896,65	1476,59
896,83	1402,86
897,01	1402,86
897,18	1472,49
897,36	1535,98
897,54	1445,87
897,71	1466,35
897,89	1484,78
898,07	1419,24
898,24	1437,67
898,42	1421,29
898,59	1517,54
898,77	1421,29
898,95	1394,67
899,12	1325,04
899,30	1404,91
899,48	1490,92
899,65	1466,35
899,83	1452,01
900,01	1396,71
900,18	1476,59
900,36	1427,43
900,53	1359,85
900,71	1415,15
900,89	1499,11
901,06	1415,15
901,24	1443,82
901,42	1437,67
901,59	1413,10
901,77	1452,01
901,94	1402,86
902,12	1486,83
902,30	1447,91
902,47	1425,39
902,65	1378,28
902,82	1478,63
903,00	1392,62
903,18	1464,30
903,35	1378,28
903,53	1404,91
903,70	1492,97
903,88	1501,16
904,06	1533,93
904,23	1382,38
904,41	1353,71
904,58	1460,20
904,76	1443,82
904,93	1372,14
905,11	1449,96
905,29	1417,19
905,46	1378,28
905,64	1427,43
905,81	1390,57
905,99	1474,54
906,16	1462,25
906,34	1423,34
906,52	1474,54
906,69	1372,14
906,87	1419,24
907,04	1425,39
907,22	1468,39
907,39	1447,91
907,57	1411,05
907,75	1472,49
907,92	1433,58
908,10	1484,78
908,27	1402,86
908,45	1419,24
908,62	1374,19
908,80	1425,39
908,97	1468,39
909,15	1374,19
909,32	1388,52
909,50	1425,39
909,67	1398,76
909,85	1476,59
910,03	1355,76
910,20	1427,43
910,38	1439,72
910,55	1421,29
910,73	1394,67
910,90	1392,62
911,08	1488,87
911,25	1476,59
911,43	1441,77
911,60	1439,72
911,78	1435,63
911,95	1433,58
912,13	1380,33
912,30	1488,87
912,48	1368,04
912,65	1378,28
912,83	1388,52
913,00	1427,43
913,18	1513,45
913,35	1435,63
913,53	1378,28
913,70	1478,63
913,88	1380,33
914,05	1398,76
914,23	1468,39
914,40	1384,43
914,58	1460,20
914,75	1406,95
914,93	1386,47
915,10	1435,63
915,27	1521,64
915,45	1327,08
915,62	1419,24
915,80	1449,96
915,97	1425,39
916,15	1398,76
916,32	1474,54
916,50	1476,59
916,67	1355,76
916,85	1331,18
917,02	1474,54
917,20	1425,39
917,37	1476,59
917,54	1449,96
917,72	1507,30
917,89	1409,00
918,07	1425,39
918,24	1423,34
918,42	1437,67
918,59	1382,38
918,77	1431,53
918,94	1480,68
919,11	1445,87
919,29	1325,04
919,46	1378,28
919,64	1454,06
919,81	1378,28
919,99	1333,23
920,16	1478,63
920,33	1497,07
920,51	1409,00
920,68	1476,59
920,86	1415,15
921,03	1472,49
921,20	1433,58
921,38	1390,57
921,55	1396,71
921,73	1396,71
921,90	1308,65
922,07	1411,05
922,25	1488,87
922,42	1441,77
922,60	1429,48
922,77	1390,57
922,94	1409,00
923,12	1394,67
923,29	1482,73
923,47	1437,67
923,64	1402,86
923,81	1527,78
923,99	1357,80
924,16	1443,82
924,34	1359,85
924,51	1366,00
924,68	1540,07
924,86	1476,59
925,03	1374,19
925,20	1535,98
925,38	1497,07
925,55	1443,82
925,72	1400,81
925,90	1353,71
926,07	1458,15
926,25	1368,04
926,42	1419,24
926,59	1468,39
926,77	1376,24
926,94	1468,39
927,11	1382,38
927,29	1435,63
927,46	1374,19
927,63	1417,19
927,81	1433,58
927,98	1429,48
928,15	1445,87
928,33	1462,25
928,50	1339,37
928,67	1417,19
928,85	1413,10
929,02	1429,48
929,19	1490,92
929,37	1392,62
929,54	1392,62
929,71	1437,67
929,89	1433,58
930,06	1337,32
930,23	1425,39
930,41	1437,67
930,58	1411,05
930,75	1437,67
930,92	1490,92
931,10	1470,44
931,27	1370,09
931,44	1535,98
931,62	1427,43
931,79	1431,53
931,96	1468,39
932,14	1525,74
932,31	1519,59
932,48	1402,86
932,65	1402,86
932,83	1437,67
933,00	1425,39
933,17	1474,54
933,35	1429,48
933,52	1417,19
933,69	1472,49
933,86	1427,43
934,04	1435,63
934,21	1431,53
934,38	1476,59
934,55	1406,95
934,73	1468,39
934,90	1449,96
935,07	1357,80
935,25	1474,54
935,42	1370,09
935,59	1396,71
935,76	1345,52
935,94	1435,63
936,11	1437,67
936,28	1437,67
936,45	1406,95
936,63	1382,38
936,80	1372,14
936,97	1511,40
937,14	1378,28
937,31	1454,06
937,49	1507,30
937,66	1363,95
937,83	1431,53
938,00	1376,24
938,18	1517,54
938,35	1445,87
938,52	1388,52
938,69	1431,53
938,87	1437,67
939,04	1402,86
939,21	1378,28
939,38	1396,71
939,55	1392,62
939,73	1437,67
939,90	1415,15
940,07	1415,15
940,24	1435,63
940,41	1503,21
940,59	1390,57
940,76	1398,76
940,93	1400,81
941,10	1390,57
941,27	1417,19
941,45	1519,59
941,62	1322,99
941,79	1402,86
941,96	1548,26
942,13	1474,54
942,31	1417,19
942,48	1482,73
942,65	1486,83
942,82	1466,35
942,99	1380,33
943,16	1374,19
943,34	1447,91
943,51	1388,52
943,68	1437,67
943,85	1495,02
944,02	1486,83
944,19	1384,43
944,37	1347,56
944,54	1392,62
944,71	1341,42
944,88	1421,29
945,05	1462,25
945,22	1449,96
945,40	1353,71
945,57	1406,95
945,74	1386,47
945,91	1366,00
946,08	1523,69
946,25	1439,72
946,42	1404,91
946,60	1482,73
946,77	1521,64
946,94	1513,45
947,11	1435,63
947,28	1417,19
947,45	1366,00
947,62	1406,95
947,79	1339,37
947,97	1593,32
948,14	1476,59
948,31	1488,87
948,48	1366,00
948,65	1374,19
948,82	1327,08
948,99	1415,15
949,16	1435,63
949,33	1456,11
949,51	1386,47
949,68	1398,76
949,85	1382,38
950,02	1454,06
950,19	1411,05
950,36	1505,26
950,53	1390,57
950,70	1445,87
950,87	1503,21
951,04	1345,52
951,22	1445,87
951,39	1476,59
951,56	1394,67
951,73	1427,43
951,90	1413,10
952,07	1423,34
952,24	1417,19
952,41	1425,39
952,58	1427,43
952,75	1394,67
952,92	1384,43
953,09	1458,15
953,26	1304,56
953,43	1351,66
953,61	1476,59
953,78	1497,07
953,95	1419,24
954,12	1390,57
954,29	1472,49
954,46	1447,91
954,63	1447,91
954,80	1468,39
954,97	1341,42
955,14	1466,35
955,31	1376,24
955,48	1390,57
955,65	1409,00
955,82	1433,58
955,99	1452,01
956,16	1404,91
956,33	1435,63
956,50	1437,67
956,67	1411,05
956,84	1396,71
957,01	1411,05
957,18	1361,90
957,35	1384,43
957,52	1419,24
957,69	1460,20
957,86	1415,15
958,03	1474,54
958,20	1411,05
958,37	1400,81
958,54	1454,06
958,71	1431,53
958,88	1523,69
959,05	1456,11
959,22	1456,11
959,39	1335,28
959,56	1386,47
959,73	1372,14
959,90	1390,57
960,07	1464,30
960,24	1439,72
960,41	1419,24
960,58	1419,24
960,75	1390,57
960,92	1443,82
961,09	1370,09
961,26	1464,30
961,43	1413,10
961,60	1341,42
961,77	1415,15
961,94	1363,95
962,11	1439,72
962,28	1456,11
962,45	1468,39
962,62	1386,47
962,79	1429,48
962,96	1406,95
963,13	1449,96
963,30	1464,30
963,47	1443,82
963,64	1343,47
963,81	1435,63
963,98	1409,00
964,14	1449,96
964,31	1437,67
964,48	1370,09
964,65	1507,30
964,82	1390,57
964,99	1521,64
965,16	1337,32
965,33	1333,23
965,50	1394,67
965,67	1441,77
965,84	1388,52
966,01	1472,49
966,18	1378,28
966,35	1421,29
966,51	1386,47
966,68	1515,50
966,85	1482,73
967,02	1474,54
967,19	1482,73
967,36	1439,72
967,53	1452,01
967,70	1452,01
967,87	1411,05
968,04	1415,15
968,21	1423,34
968,37	1482,73
968,54	1355,76
968,71	1452,01
968,88	1417,19
969,05	1396,71
969,22	1462,25
969,39	1402,86
969,56	1417,19
969,72	1458,15
969,89	1411,05
970,06	1435,63
970,23	1392,62
970,40	1433,58
970,57	1333,23
970,74	1439,72
970,91	1439,72
971,07	1443,82
971,24	1497,07
971,41	1497,07
971,58	1454,06
971,75	1341,42
971,92	1333,23
972,09	1390,57
972,25	1409,00
972,42	1349,61
972,59	1343,47
972,76	1382,38
972,93	1322,99
973,10	1359,85
973,27	1415,15
973,43	1353,71
973,60	1490,92
973,77	1464,30
973,94	1427,43
974,11	1431,53
974,28	1476,59
974,44	1429,48
974,61	1501,16
974,78	1456,11
974,95	1427,43
975,12	1521,64
975,28	1468,39
975,45	1366,00
975,62	1355,76
975,79	1384,43
975,96	1421,29
976,12	1421,29
976,29	1497,07
976,46	1394,67
976,63	1343,47
976,80	1431,53
976,96	1439,72
977,13	1400,81
977,30	1288,17
977,47	1472,49
977,64	1413,10
977,80	1388,52
977,97	1402,86
978,14	1476,59
978,31	1402,86
978,48	1466,35
978,64	1468,39
978,81	1462,25
978,98	1417,19
979,15	1390,57
979,31	1437,67
979,48	1476,59
979,65	1464,30
979,82	1374,19
979,98	1392,62
980,15	1431,53
980,32	1478,63
980,49	1452,01
980,66	1413,10
980,82	1419,24
980,99	1394,67
981,16	1409,00
981,33	1447,91
981,49	1376,24
981,66	1406,95
981,83	1392,62
981,99	1394,67
982,16	1378,28
982,33	1423,34
982,50	1353,71
982,66	1409,00
982,83	1406,95
983,00	1386,47
983,17	1355,76
983,33	1427,43
983,50	1468,39
983,67	1406,95
983,83	1437,67
984,00	1447,91
984,17	1497,07
984,34	1347,56
984,50	1368,04
984,67	1400,81
984,84	1431,53
985,00	1357,80
985,17	1402,86
985,34	1402,86
985,51	1411,05
985,67	1394,67
985,84	1411,05
986,01	1394,67
986,17	1394,67
986,34	1423,34
986,51	1439,72
986,67	1337,32
986,84	1372,14
987,01	1390,57
987,17	1312,75
987,34	1382,38
987,51	1398,76
987,67	1413,10
987,84	1374,19
988,01	1521,64
988,17	1353,71
988,34	1345,52
988,51	1417,19
988,67	1497,07
988,84	1390,57
989,01	1406,95
989,17	1409,00
989,34	1353,71
989,51	1452,01
989,67	1411,05
989,84	1378,28
990,01	1443,82
990,17	1452,01
990,34	1437,67
990,51	1441,77
990,67	1443,82
990,84	1366,00
991,01	1415,15
991,17	1368,04
991,34	1357,80
991,50	1462,25
991,67	1372,14
991,84	1398,76
992,00	1361,90
992,17	1363,95
992,34	1509,35
992,50	1429,48
992,67	1353,71
992,83	1347,56
993,00	1402,86
993,17	1462,25
993,33	1372,14
993,50	1495,02
993,66	1411,05
993,83	1472,49
994,00	1439,72
994,16	1372,14
994,33	1394,67
994,49	1472,49
994,66	1437,67
994,83	1327,08
994,99	1488,87
995,16	1409,00
995,32	1398,76
995,49	1497,07
995,66	1419,24
995,82	1359,85
995,99	1378,28
996,15	1400,81
996,32	1384,43
996,48	1402,86
996,65	1388,52
996,82	1343,47
996,98	1409,00
997,15	1445,87
997,31	1433,58
997,48	1370,09
997,64	1331,18
997,81	1435,63
997,97	1372,14
998,14	1374,19
998,31	1425,39
998,47	1308,65
998,64	1492,97
998,80	1337,32
998,97	1386,47
999,13	1388,52
999,30	1421,29
999,46	1445,87
999,63	1443,82
999,79	1423,34
999,96	1505,26
1000,12	1439,72
1000,29	1382,38
1000,45	1396,71
1000,62	1343,47
1000,79	1486,83
1000,95	1435,63
1001,12	1449,96
1001,28	1406,95
1001,45	1411,05
1001,61	1341,42
1001,78	1366,00
1001,94	1433,58
1002,11	1462,25
1002,27	1437,67
1002,44	1304,56
1002,60	1417,19
1002,77	1435,63
1002,93	1529,83
1003,10	1370,09
1003,26	1443,82
1003,43	1544,17
1003,59	1394,67
1003,76	1388,52
1003,92	1445,87
1004,09	1406,95
1004,25	1476,59
1004,41	1497,07
1004,58	1452,01
1004,74	1368,04
1004,91	1376,24
1005,07	1427,43
1005,24	1449,96
1005,40	1415,15
1005,57	1357,80
1005,73	1433,58
1005,90	1345,52
1006,06	1439,72
1006,23	1456,11
1006,39	1423,34
1006,55	1376,24
1006,72	1411,05
1006,88	1456,11
1007,05	1400,81
1007,21	1511,40
1007,38	1503,21
1007,54	1368,04
1007,71	1454,06
1007,87	1341,42
1008,03	1404,91
1008,20	1378,28
1008,36	1380,33
1008,53	1452,01
1008,69	1411,05
1008,86	1482,73
1009,02	1322,99
1009,18	1431,53
1009,35	1363,95
1009,51	1378,28
1009,68	1486,83
1009,84	1415,15
1010,01	1417,19
1010,17	1357,80
1010,33	1378,28
1010,50	1413,10
1010,66	1386,47
1010,83	1447,91
1010,99	1396,71
1011,15	1337,32
1011,32	1462,25
1011,48	1417,19
1011,65	1456,11
1011,81	1380,33
1011,97	1363,95
1012,14	1511,40
1012,30	1411,05
1012,46	1376,24
1012,63	1355,76
1012,79	1398,76
1012,96	1431,53
1013,12	1460,20
1013,28	1378,28
1013,45	1368,04
1013,61	1476,59
1013,77	1454,06
1013,94	1380,33
1014,10	1372,14
1014,26	1427,43
1014,43	1433,58
1014,59	1402,86
1014,76	1435,63
1014,92	1449,96
1015,08	1325,04
1015,25	1384,43
1015,41	1406,95
1015,57	1382,38
1015,74	1390,57
1015,90	1421,29
1016,06	1486,83
1016,23	1439,72
1016,39	1398,76
1016,55	1456,11
1016,72	1335,28
1016,88	1392,62
1017,04	1384,43
1017,21	1386,47
1017,37	1376,24
1017,53	1423,34
1017,70	1355,76
1017,86	1366,00
1018,02	1279,98
1018,19	1421,29
1018,35	1363,95
1018,51	1413,10
1018,67	1460,20
1018,84	1320,94
1019,00	1370,09
1019,16	1542,12
1019,33	1404,91
1019,49	1429,48
1019,65	1380,33
1019,82	1361,90
1019,98	1409,00
1020,14	1452,01
1020,30	1533,93
1020,47	1398,76
1020,63	1454,06
1020,79	1417,19
1020,96	1447,91
1021,12	1368,04
1021,28	1460,20
1021,44	1431,53
1021,61	1402,86
1021,77	1427,43
1021,93	1333,23
1022,09	1449,96
1022,26	1452,01
1022,42	1384,43
1022,58	1476,59
1022,74	1388,52
1022,91	1376,24
1023,07	1409,00
1023,23	1310,70
1023,39	1406,95
1023,56	1404,91
1023,72	1462,25
1023,88	1411,05
1024,04	1388,52
1024,21	1329,13
1024,37	1368,04
1024,53	1415,15
1024,69	1390,57
1024,86	1357,80
1025,02	1421,29
1025,18	1345,52
1025,34	1452,01
1025,50	1445,87
1025,67	1466,35
1025,83	1366,00
1025,99	1433,58
1026,15	1470,44
1026,32	1331,18
1026,48	1361,90
1026,64	1466,35
1026,80	1345,52
1026,96	1445,87
1027,13	1482,73
1027,29	1525,74
1027,45	1353,71
1027,61	1316,84
1027,77	1413,10
1027,94	1370,09
1028,10	1409,00
1028,26	1351,66
1028,42	1376,24
1028,58	1474,54
1028,75	1406,95
1028,91	1413,10
1029,07	1366,00
1029,23	1472,49
1029,39	1406,95
1029,55	1452,01
1029,72	1378,28
1029,88	1437,67
1030,04	1409,00
1030,20	1398,76
1030,36	1345,52
1030,52	1327,08
1030,69	1474,54
1030,85	1402,86
1031,01	1359,85
1031,17	1372,14
1031,33	1368,04
1031,49	1505,26
1031,65	1482,73
1031,82	1417,19
1031,98	1388,52
1032,14	1439,72
1032,30	1404,91
1032,46	1400,81
1032,62	1388,52
1032,78	1425,39
1032,95	1417,19
1033,11	1351,66
1033,27	1406,95
1033,43	1382,38
1033,59	1427,43
1033,75	1443,82
1033,91	1394,67
1034,07	1474,54
1034,24	1335,28
1034,40	1318,89
1034,56	1452,01
1034,72	1472,49
1034,88	1380,33
1035,04	1443,82
1035,20	1394,67
1035,36	1361,90
1035,52	1374,19
1035,68	1304,56
1035,85	1396,71
1036,01	1409,00
1036,17	1503,21
1036,33	1427,43
1036,49	1382,38
1036,65	1404,91
1036,81	1466,35
1036,97	1486,83
1037,13	1322,99
1037,29	1384,43
1037,45	1423,34
1037,61	1398,76
1037,78	1359,85
1037,94	1415,15
1038,10	1456,11
1038,26	1366,00
1038,42	1368,04
1038,58	1452,01
1038,74	1368,04
1038,90	1535,98
1039,06	1380,33
1039,22	1411,05
1039,38	1355,76
1039,54	1378,28
1039,70	1427,43
1039,86	1449,96
1040,02	1437,67
1040,18	1456,11
1040,34	1382,38
1040,50	1368,04
1040,66	1429,48
1040,83	1325,04
1040,99	1417,19
1041,15	1423,34
1041,31	1392,62
1041,47	1406,95
1041,63	1370,09
1041,79	1441,77
1041,95	1394,67
1042,11	1462,25
1042,27	1425,39
1042,43	1452,01
1042,59	1472,49
1042,75	1441,77
1042,91	1429,48
