344,25	1249,26
344,46	1249,26
344,68	1249,26
344,90	1234,93
345,12	1304,56
345,34	1384,43
345,55	1497,07
345,77	1400,81
345,99	1306,60
346,21	1423,34
346,42	1331,18
346,64	1390,57
346,86	1396,71
347,08	1458,15
347,30	1351,66
347,51	1415,15
347,73	1390,57
347,95	1447,91
348,17	1456,11
348,38	1406,95
348,60	1382,38
348,82	1392,62
349,04	1388,52
349,25	1443,82
349,47	1396,71
349,69	1392,62
349,91	1441,77
350,13	1398,76
350,34	1427,43
350,56	1314,80
350,78	1394,67
351,00	1388,52
351,21	1476,59
351,43	1443,82
351,65	1370,09
351,87	1374,19
352,08	1370,09
352,30	1394,67
352,52	1318,89
352,74	1441,77
352,95	1429,48
353,17	1445,87
353,39	1390,57
353,61	1472,49
353,82	1445,87
354,04	1372,14
354,26	1486,83
354,47	1404,91
354,69	1417,19
354,91	1370,09
355,13	1406,95
355,34	1361,90
355,56	1396,71
355,78	1368,04
356,00	1466,35
356,21	1427,43
356,43	1417,19
356,65	1423,34
356,86	1378,28
357,08	1476,59
357,30	1456,11
357,52	1392,62
357,73	1419,24
357,95	1394,67
358,17	1429,48
358,38	1456,11
358,60	1439,72
358,82	1488,87
359,04	1447,91
359,25	1540,07
359,47	1538,02
359,69	1501,16
359,90	1449,96
360,12	1568,74
360,34	1552,36
360,56	1525,74
360,77	1699,81
360,99	1675,24
361,21	1576,94
361,42	1527,78
361,64	1544,17
361,86	1699,81
362,07	1685,48
362,29	1640,42
362,51	1615,85
362,73	1550,31
362,94	1667,05
363,16	1658,85
363,38	1652,71
363,59	1722,34
363,81	1730,53
364,03	1816,55
364,24	1779,68
364,46	1716,20
364,68	1708,01
364,89	1638,38
365,11	1794,02
365,33	1658,85
365,54	1751,01
365,76	1806,31
365,98	1779,68
366,19	1789,92
366,41	1808,36
366,63	1742,82
366,84	1791,97
367,06	1742,82
367,28	1708,01
367,49	1714,15
367,71	1765,35
367,93	1648,61
368,14	1767,40
368,36	1748,97
368,58	1724,39
368,79	1765,35
369,01	1779,68
369,23	1787,88
369,44	1787,88
369,66	1685,48
369,88	1806,31
370,09	1658,85
370,31	1789,92
370,53	1685,48
370,74	1787,88
370,96	1599,46
371,18	1771,49
371,39	1693,67
371,61	1748,97
371,82	1769,44
372,04	1667,05
372,26	1675,24
372,47	1701,86
372,69	1603,56
372,91	1722,34
373,12	1734,63
373,34	1759,21
373,56	1611,75
373,77	1720,29
373,99	1714,15
374,20	1685,48
374,42	1779,68
374,64	1746,92
374,85	1658,85
375,07	1695,72
375,29	1597,42
375,50	1562,60
375,72	1617,90
375,93	1595,37
376,15	1646,57
376,37	1578,98
376,58	1560,55
376,80	1617,90
377,01	1497,07
377,23	1593,32
377,45	1511,40
377,66	1544,17
377,88	1605,61
378,10	1511,40
378,31	1478,63
378,53	1613,80
378,74	1486,83
378,96	1568,74
379,18	1488,87
379,39	1521,64
379,61	1515,50
379,82	1519,59
380,04	1525,74
380,26	1521,64
380,47	1470,44
380,69	1490,92
380,90	1517,54
381,12	1431,53
381,33	1474,54
381,55	1499,11
381,77	1550,31
381,98	1423,34
382,20	1394,67
382,41	1492,97
382,63	1466,35
382,85	1464,30
383,06	1527,78
383,28	1495,02
383,49	1378,28
383,71	1540,07
383,92	1411,05
384,14	1454,06
384,36	1351,66
384,57	1540,07
384,79	1439,72
385,00	1488,87
385,22	1398,76
385,43	1441,77
385,65	1445,87
385,87	1462,25
386,08	1376,24
386,30	1431,53
386,51	1458,15
386,73	1460,20
386,94	1400,81
387,16	1452,01
387,37	1531,88
387,59	1517,54
387,81	1415,15
388,02	1404,91
388,24	1503,21
388,45	1423,34
388,67	1366,00
388,88	1548,26
389,10	1417,19
389,31	1621,99
389,53	1400,81
389,75	1527,78
389,96	1417,19
390,18	1447,91
390,39	1394,67
390,61	1505,26
390,82	1413,10
391,04	1484,78
391,25	1499,11
391,47	1466,35
391,68	1466,35
391,90	1519,59
392,11	1452,01
392,33	1388,52
392,54	1419,24
392,76	1402,86
392,97	1316,84
393,19	1519,59
393,41	1439,72
393,62	1454,06
393,84	1587,18
394,05	1492,97
394,27	1515,50
394,48	1540,07
394,70	1576,94
394,91	1497,07
395,13	1535,98
395,34	1429,48
395,56	1464,30
395,77	1583,08
395,99	1548,26
396,20	1542,12
396,42	1427,43
396,63	1492,97
396,85	1548,26
397,06	1513,45
397,28	1517,54
397,49	1560,55
397,71	1501,16
397,92	1499,11
398,14	1574,89
398,35	1689,57
398,57	1638,38
398,78	1505,26
399,00	1533,93
399,21	1576,94
399,43	1560,55
399,64	1619,94
399,86	1605,61
400,07	1546,22
400,29	1540,07
400,50	1654,76
400,72	1572,84
400,93	1601,51
401,14	1712,10
401,36	1621,99
401,57	1658,85
401,79	1720,29
402,00	1619,94
402,22	1687,53
402,43	1660,90
402,65	1560,55
402,86	1593,32
403,08	1662,95
403,29	1693,67
403,51	1710,05
403,72	1615,85
403,94	1687,53
404,15	1726,44
404,36	1658,85
404,58	1896,42
404,79	1611,75
405,01	1626,09
405,22	1644,52
405,44	1527,78
405,65	1634,28
405,87	1605,61
406,08	1751,01
406,30	1492,97
406,51	1652,71
406,72	1632,23
406,94	1607,66
407,15	1665,00
407,37	1619,94
407,58	1544,17
407,80	1675,24
408,01	1550,31
408,23	1554,41
408,44	1540,07
408,65	1525,74
408,87	1583,08
409,08	1636,33
409,30	1650,66
409,51	1540,07
409,73	1505,26
409,94	1578,98
410,15	1687,53
410,37	1585,13
410,58	1599,46
410,80	1583,08
411,01	1519,59
411,23	1574,89
411,44	1562,60
411,65	1562,60
411,87	1558,50
412,08	1611,75
412,30	1660,90
412,51	1630,18
412,72	1677,29
412,94	1591,27
413,15	1558,50
413,37	1558,50
413,58	1572,84
413,79	1591,27
414,01	1562,60
414,22	1603,56
414,44	1718,25
414,65	1650,66
414,86	1564,65
415,08	1509,35
415,29	1538,02
415,51	1583,08
415,72	1550,31
415,93	1480,68
416,15	1529,83
416,36	1685,48
416,58	1644,52
416,79	1619,94
417,00	1644,52
417,22	1562,60
417,43	1529,83
417,65	1560,55
417,86	1615,85
418,07	1640,42
418,29	1609,70
418,50	1681,38
418,71	1615,85
418,93	1591,27
419,14	1540,07
419,36	1660,90
419,57	1662,95
419,78	1753,06
420,00	1550,31
420,21	1658,85
420,42	1656,81
420,64	1746,92
420,85	1605,61
421,06	1636,33
421,28	1697,77
421,49	1646,57
421,71	1740,77
421,92	1712,10
422,13	1718,25
422,35	1693,67
422,56	1769,44
422,77	1677,29
422,99	1701,86
423,20	1773,54
423,41	1744,87
423,63	1667,05
423,84	1763,30
424,05	1726,44
424,27	1796,07
424,48	1675,24
424,69	1726,44
424,91	2787,29
425,12	1708,01
425,33	1744,87
425,55	1828,84
425,76	1730,53
425,97	1857,51
426,19	1751,01
426,40	1755,11
426,61	1898,47
426,83	1888,23
427,04	1824,74
427,25	1832,93
427,47	1857,51
427,68	1822,69
427,89	1767,40
428,11	1877,99
428,32	1791,97
428,53	1892,32
428,75	1730,53
428,96	1918,95
429,17	1730,53
429,39	1751,01
429,60	1828,84
429,81	1980,39
430,03	1818,60
430,24	1759,21
430,45	1644,52
430,67	1802,21
430,88	1673,19
431,09	1683,43
431,30	1751,01
431,52	1779,68
431,73	1665,00
431,94	1736,68
432,16	1726,44
432,37	1730,53
432,58	1652,71
432,80	1697,77
433,01	1624,04
433,22	1652,71
433,43	1601,51
433,65	1632,23
433,86	1552,36
434,07	1558,50
434,29	1615,85
434,50	1535,98
434,71	1609,70
434,92	1726,44
435,14	1607,66
435,35	1599,46
435,56	1595,37
435,77	1562,60
435,99	1525,74
436,20	1552,36
436,41	1648,61
436,63	1542,12
436,84	1517,54
437,05	1499,11
437,26	1462,25
437,48	1546,22
437,69	1509,35
437,90	1583,08
438,11	1554,41
438,33	1437,67
438,54	1511,40
438,75	1621,99
438,96	1505,26
439,18	1443,82
439,39	1503,21
439,60	1527,78
439,82	1447,91
440,03	1554,41
440,24	1546,22
440,45	1445,87
440,67	1480,68
440,88	1591,27
441,09	1458,15
441,30	1495,02
441,51	1624,04
441,73	1529,83
441,94	1474,54
442,15	1507,30
442,36	1548,26
442,58	1460,20
442,79	1386,47
443,00	1458,15
443,21	1484,78
443,43	1511,40
443,64	1552,36
443,85	1443,82
444,06	1546,22
444,28	1574,89
444,49	1482,73
444,70	1505,26
444,91	1535,98
445,12	1554,41
445,34	1576,94
445,55	1538,02
445,76	1482,73
445,97	1525,74
446,18	1492,97
446,40	1589,22
446,61	1441,77
446,82	1427,43
447,03	1495,02
447,25	1478,63
447,46	1495,02
447,67	1425,39
447,88	1427,43
448,09	1548,26
448,31	1521,64
448,52	1490,92
448,73	1529,83
448,94	1384,43
449,15	1495,02
449,37	1374,19
449,58	1406,95
449,79	1556,46
450,00	1495,02
450,21	1425,39
450,43	1437,67
450,64	1452,01
450,85	1454,06
451,06	1517,54
451,27	1431,53
451,48	1351,66
451,70	1411,05
451,91	1449,96
452,12	1460,20
452,33	1476,59
452,54	1429,48
452,76	1474,54
452,97	1515,50
453,18	1409,00
453,39	1421,29
453,60	1462,25
453,81	1318,89
454,03	1400,81
454,24	1509,35
454,45	1431,53
454,66	1400,81
454,87	1406,95
455,08	1454,06
455,30	1445,87
455,51	1581,03
455,72	1435,63
455,93	1417,19
456,14	1427,43
456,35	1458,15
456,56	1538,02
456,78	1546,22
456,99	1499,11
457,20	1423,34
457,41	1501,16
457,62	1406,95
457,83	1439,72
458,04	1435,63
458,26	1472,49
458,47	1497,07
458,68	1404,91
458,89	1454,06
459,10	1415,15
459,31	1445,87
459,52	1474,54
459,74	1351,66
459,95	1550,31
460,16	1462,25
460,37	1558,50
460,58	1552,36
460,79	1525,74
461,00	1470,44
461,21	1404,91
461,43	1390,57
461,64	1519,59
461,85	1505,26
462,06	1376,24
462,27	1458,15
462,48	1411,05
462,69	1505,26
462,90	1372,14
463,12	1417,19
463,33	1486,83
463,54	1390,57
463,75	1454,06
463,96	1460,20
464,17	1505,26
464,38	1437,67
464,59	1492,97
464,80	1380,33
465,01	1435,63
465,23	1540,07
465,44	1398,76
465,65	1431,53
465,86	1400,81
466,07	1380,33
466,28	1394,67
466,49	1443,82
466,70	1431,53
466,91	1509,35
467,12	1398,76
467,33	1411,05
467,55	1435,63
467,76	1396,71
467,97	1431,53
468,18	1568,74
468,39	1421,29
468,60	1554,41
468,81	1468,39
469,02	1474,54
469,23	1374,19
469,44	1462,25
469,65	1386,47
469,86	1447,91
470,07	1384,43
470,29	1470,44
470,50	1439,72
470,71	1482,73
470,92	1503,21
471,13	1386,47
471,34	1497,07
471,55	1470,44
471,76	1417,19
471,97	1435,63
472,18	1447,91
472,39	1392,62
472,60	1429,48
472,81	1497,07
473,02	1394,67
473,23	1482,73
473,44	1376,24
473,65	1435,63
473,87	1406,95
474,08	1476,59
474,29	1370,09
474,50	1370,09
474,71	1472,49
474,92	1429,48
475,13	1492,97
475,34	1460,20
475,55	1427,43
475,76	1425,39
475,97	1484,78
476,18	1443,82
476,39	1437,67
476,60	1529,83
476,81	1458,15
477,02	1370,09
477,23	1447,91
477,44	1439,72
477,65	1406,95
477,86	1394,67
478,07	1464,30
478,28	1480,68
478,49	1462,25
478,70	1456,11
478,91	1417,19
479,12	1359,85
479,33	1404,91
479,54	1366,00
479,75	1519,59
479,96	1466,35
480,17	1443,82
480,38	1413,10
480,59	1363,95
480,80	1386,47
481,01	1411,05
481,22	1376,24
481,43	1429,48
481,64	1472,49
481,85	1357,80
482,06	1437,67
482,27	1449,96
482,48	1495,02
482,69	1535,98
482,90	1443,82
483,11	1519,59
483,32	1445,87
483,53	1454,06
483,74	1433,58
483,95	1402,86
484,16	1423,34
484,37	1439,72
484,58	1423,34
484,79	1400,81
485,00	1478,63
485,21	1402,86
485,42	1443,82
485,63	1482,73
485,84	1429,48
486,05	1433,58
486,26	1417,19
486,47	1544,17
486,68	1413,10
486,89	1419,24
487,10	1439,72
487,31	1519,59
487,52	1466,35
487,73	1558,50
487,94	1460,20
488,15	1415,15
488,36	1499,11
488,57	1388,52
488,77	1423,34
488,98	1464,30
489,19	1525,74
489,40	1482,73
489,61	1380,33
489,82	1468,39
490,03	1505,26
490,24	1382,38
490,45	1544,17
490,66	1392,62
490,87	1515,50
491,08	1476,59
491,29	1515,50
491,50	1427,43
491,71	1495,02
491,92	1443,82
492,13	1445,87
492,33	1466,35
492,54	1411,05
492,75	1411,05
492,96	1382,38
493,17	1474,54
493,38	1382,38
493,59	1417,19
493,80	1468,39
494,01	1454,06
494,22	1476,59
494,43	1519,59
494,64	1382,38
494,85	1447,91
495,05	1406,95
495,26	1386,47
495,47	1548,26
495,68	1492,97
495,89	1427,43
496,10	1355,76
496,31	1343,47
496,52	1435,63
496,73	1437,67
496,94	1441,77
497,15	1513,45
497,35	1497,07
497,56	1404,91
497,77	1427,43
497,98	1417,19
498,19	1466,35
498,40	1437,67
498,61	1513,45
498,82	1406,95
499,03	1435,63
499,23	1411,05
499,44	1421,29
499,65	1488,87
499,86	1490,92
500,07	1460,20
500,28	1447,91
500,49	1359,85
500,70	1361,90
500,91	1406,95
501,11	1400,81
501,32	1488,87
501,53	1488,87
501,74	1464,30
501,95	1339,37
502,16	1423,34
502,37	1339,37
502,57	1521,64
502,78	1382,38
502,99	1351,66
503,20	1488,87
503,41	1452,01
503,62	1476,59
503,83	1484,78
504,03	1390,57
504,24	1484,78
504,45	1503,21
504,66	1515,50
504,87	1413,10
505,08	1411,05
505,29	1443,82
505,49	1466,35
505,70	1466,35
505,91	1388,52
506,12	1435,63
506,33	1529,83
506,54	1468,39
506,75	1517,54
506,95	1468,39
507,16	1540,07
507,37	1388,52
507,58	1466,35
507,79	1550,31
508,00	1454,06
508,20	1357,80
508,41	1347,56
508,62	1417,19
508,83	1443,82
509,04	1415,15
509,24	1499,11
509,45	1744,87
509,66	1525,74
509,87	1513,45
510,08	1415,15
510,29	1452,01
510,49	1492,97
510,70	1374,19
510,91	1462,25
511,12	1443,82
511,33	1355,76
511,53	1384,43
511,74	1409,00
511,95	1431,53
512,16	1505,26
512,37	1517,54
512,57	1464,30
512,78	1337,32
512,99	1415,15
513,20	1546,22
513,41	1492,97
513,61	1351,66
513,82	1404,91
514,03	1376,24
514,24	1542,12
514,45	1447,91
514,65	1415,15
514,86	1474,54
515,07	1421,29
515,28	1423,34
515,49	1478,63
515,69	1443,82
515,90	1427,43
516,11	1431,53
516,32	1415,15
516,52	1452,01
516,73	1472,49
516,94	1501,16
517,15	1409,00
517,36	1406,95
517,56	1544,17
517,77	1509,35
517,98	1501,16
518,19	1433,58
518,39	1441,77
518,60	1429,48
518,81	1564,65
519,02	1454,06
519,22	1409,00
519,43	1447,91
519,64	1429,48
519,85	1427,43
520,05	1445,87
520,26	1454,06
520,47	1474,54
520,68	1429,48
520,88	1392,62
521,09	1454,06
521,30	1511,40
521,51	1462,25
521,71	1441,77
521,92	1501,16
522,13	1445,87
522,34	1523,69
522,54	1417,19
522,75	1376,24
522,96	1456,11
523,17	1447,91
523,37	1476,59
523,58	1421,29
523,79	1439,72
523,99	1456,11
524,20	1513,45
524,41	1447,91
524,62	1476,59
524,82	1429,48
525,03	1521,64
525,24	1378,28
525,45	1478,63
525,65	1474,54
525,86	1484,78
526,07	1454,06
526,27	1484,78
526,48	1386,47
526,69	1462,25
526,90	1372,14
527,10	1406,95
527,31	1443,82
527,52	1406,95
527,72	1449,96
527,93	1458,15
528,14	1423,34
528,34	1519,59
528,55	1353,71
528,76	1427,43
528,97	1462,25
529,17	1447,91
529,38	1396,71
529,59	1476,59
529,79	1527,78
530,00	1441,77
530,21	1554,41
530,41	1427,43
530,62	1486,83
530,83	1511,40
531,03	1464,30
531,24	1523,69
531,45	1449,96
531,65	1507,30
531,86	1474,54
532,07	1525,74
532,27	1419,24
532,48	1464,30
532,69	1402,86
532,89	1472,49
533,10	1427,43
533,31	1478,63
533,51	1347,56
533,72	1458,15
533,93	1382,38
534,13	1476,59
534,34	1353,71
534,55	1474,54
534,75	1429,48
534,96	1486,83
535,17	1454,06
535,37	1513,45
535,58	1411,05
535,79	1447,91
535,99	1380,33
536,20	1495,02
536,41	1357,80
536,61	1464,30
536,82	1452,01
537,03	1386,47
537,23	1417,19
537,44	1329,13
537,64	1419,24
537,85	1460,20
538,06	1470,44
538,26	1439,72
538,47	1486,83
538,68	1419,24
538,88	1421,29
539,09	1472,49
539,30	1476,59
539,50	1568,74
539,71	1402,86
539,91	1486,83
540,12	1478,63
540,33	1437,67
540,53	1415,15
540,74	1337,32
540,94	1468,39
541,15	1462,25
541,36	1347,56
541,56	1478,63
541,77	1413,10
541,98	1474,54
542,18	1519,59
542,39	1521,64
542,59	1454,06
542,80	1490,92
543,01	1402,86
543,21	1445,87
543,42	1466,35
543,62	1443,82
543,83	1490,92
544,04	1507,30
544,24	1376,24
544,45	1396,71
544,65	1505,26
544,86	1466,35
545,06	1468,39
545,27	1423,34
545,48	1423,34
545,68	1572,84
545,89	1480,68
546,09	1343,47
546,30	1441,77
546,51	1462,25
546,71	1425,39
546,92	1390,57
547,12	1417,19
547,33	1466,35
547,53	1411,05
547,74	1435,63
547,95	1398,76
548,15	1507,30
548,36	1460,20
548,56	1509,35
548,77	1478,63
548,97	1525,74
549,18	1419,24
549,39	1472,49
549,59	1400,81
549,80	1361,90
550,00	1445,87
550,21	1513,45
550,41	1404,91
550,62	1460,20
550,82	1400,81
551,03	1452,01
551,23	1454,06
551,44	1495,02
551,65	1492,97
551,85	1478,63
552,06	1456,11
552,26	1429,48
552,47	1435,63
552,67	1421,29
552,88	1458,15
553,08	1366,00
553,29	1398,76
553,49	1505,26
553,70	1468,39
553,90	1480,68
554,11	1421,29
554,32	1495,02
554,52	1468,39
554,73	1476,59
554,93	1376,24
555,14	1404,91
555,34	1468,39
555,55	1558,50
555,75	1374,19
555,96	1425,39
556,16	1419,24
556,37	1472,49
556,57	1415,15
556,78	1449,96
556,98	1484,78
557,19	1503,21
557,39	1527,78
557,60	1470,44
557,80	1329,13
558,01	1501,16
558,21	1378,28
558,42	1460,20
558,62	1449,96
558,83	1470,44
559,03	1374,19
559,24	1488,87
559,44	1482,73
559,65	1499,11
559,85	1441,77
560,06	1456,11
560,26	1398,76
560,47	1476,59
560,67	1523,69
560,88	1466,35
561,08	1435,63
561,29	1531,88
561,49	1445,87
561,70	1480,68
561,90	1449,96
562,10	1443,82
562,31	1460,20
562,51	1398,76
562,72	1388,52
562,92	1433,58
563,13	1511,40
563,33	1423,34
563,54	1456,11
563,74	1560,55
563,95	1347,56
564,15	1439,72
564,36	1511,40
564,56	1509,35
564,76	1376,24
564,97	1394,67
565,17	1509,35
565,38	1521,64
565,58	1345,52
565,79	1427,43
565,99	1468,39
566,20	1390,57
566,40	1439,72
566,60	1505,26
566,81	1531,88
567,01	1492,97
567,22	1466,35
567,42	1447,91
567,63	1511,40
567,83	1486,83
568,04	1460,20
568,24	1564,65
568,44	1505,26
568,65	1472,49
568,85	1456,11
569,06	1482,73
569,26	1456,11
569,47	1490,92
569,67	1452,01
569,87	1452,01
570,08	1402,86
570,28	1386,47
570,49	1443,82
570,69	1517,54
570,89	1513,45
571,10	1452,01
571,30	1413,10
571,51	1501,16
571,71	1478,63
571,91	1552,36
572,12	1433,58
572,32	1527,78
572,53	1456,11
572,73	1476,59
572,93	1486,83
573,14	1425,39
573,34	1535,98
573,55	1345,52
573,75	1497,07
573,95	1468,39
574,16	1464,30
574,36	1513,45
574,57	1482,73
574,77	1482,73
574,97	1394,67
575,18	1423,34
575,38	1437,67
575,59	1486,83
575,79	1376,24
575,99	1538,02
576,20	1513,45
576,40	1492,97
576,60	1499,11
576,81	1476,59
577,01	1427,43
577,22	1546,22
577,42	1411,05
577,62	1476,59
577,83	1542,12
578,03	1480,68
578,23	1429,48
578,44	1437,67
578,64	1441,77
578,84	1546,22
579,05	1439,72
579,25	1476,59
579,45	1429,48
579,66	1366,00
579,86	1476,59
580,07	1404,91
580,27	1495,02
580,47	1460,20
580,68	1390,57
580,88	1441,77
581,08	1462,25
581,29	1404,91
581,49	1456,11
581,69	1435,63
581,90	1441,77
582,10	1497,07
582,30	1386,47
582,51	1406,95
582,71	1488,87
582,91	1464,30
583,12	1398,76
583,32	1441,77
583,52	1452,01
583,73	1454,06
583,93	1452,01
584,13	1427,43
584,34	1417,19
584,54	1404,91
584,74	1445,87
584,94	1417,19
585,15	1421,29
585,35	1570,79
585,55	1445,87
585,76	1533,93
585,96	1382,38
586,16	1445,87
586,37	1390,57
586,57	1445,87
586,77	1462,25
586,98	1447,91
587,18	1499,11
587,38	1429,48
587,58	1329,13
587,79	1464,30
587,99	1439,72
588,19	1470,44
588,40	1306,60
588,60	1431,53
588,80	1488,87
589,00	1437,67
589,21	1435,63
589,41	1409,00
589,61	1423,34
589,82	1439,72
590,02	1390,57
590,22	1501,16
590,42	1511,40
590,63	1482,73
590,83	1507,30
591,03	1409,00
591,23	1439,72
591,44	1484,78
591,64	1361,90
591,84	1392,62
592,05	1511,40
592,25	1431,53
592,45	1484,78
592,65	1429,48
592,86	1380,33
593,06	1419,24
593,26	1499,11
593,46	1425,39
593,67	1435,63
593,87	1505,26
594,07	1480,68
594,27	1460,20
594,48	1454,06
594,68	1554,41
594,88	1486,83
595,08	1441,77
595,29	1492,97
595,49	1492,97
595,69	1425,39
595,89	1439,72
596,10	1480,68
596,30	1404,91
596,50	1417,19
596,70	1437,67
596,90	1513,45
597,11	1378,28
597,31	1452,01
597,51	1439,72
597,71	1540,07
597,92	1472,49
598,12	1441,77
598,32	1472,49
598,52	1456,11
598,72	1486,83
598,93	1468,39
599,13	1589,22
599,33	1505,26
599,53	1527,78
599,74	1454,06
599,94	1474,54
600,14	1406,95
600,34	1359,85
600,54	1447,91
600,75	1454,06
600,95	1472,49
601,15	1456,11
601,35	1449,96
601,55	1419,24
601,76	1402,86
601,96	1464,30
602,16	1429,48
602,36	1431,53
602,56	1404,91
602,76	1439,72
602,97	1376,24
603,17	1456,11
603,37	1531,88
603,57	1480,68
603,77	1437,67
603,98	1396,71
604,18	1447,91
604,38	1503,21
604,58	1390,57
604,78	1452,01
604,98	1492,97
605,19	1478,63
605,39	1425,39
605,59	1486,83
605,79	1476,59
605,99	1316,84
606,19	1452,01
606,40	1370,09
606,60	1470,44
606,80	1452,01
607,00	1474,54
607,20	1449,96
607,40	1452,01
607,61	1392,62
607,81	1421,29
608,01	1476,59
608,21	1497,07
608,41	1507,30
608,61	1413,10
608,81	1386,47
609,02	1460,20
609,22	1474,54
609,42	1499,11
609,62	1402,86
609,82	1406,95
610,02	1449,96
610,22	1458,15
610,43	1460,20
610,63	1474,54
610,83	1462,25
611,03	1501,16
611,23	1425,39
611,43	1495,02
611,63	1361,90
611,83	1435,63
612,04	1472,49
612,24	1476,59
612,44	1525,74
612,64	1433,58
612,84	1456,11
613,04	1521,64
613,24	1544,17
613,44	1386,47
613,64	1386,47
613,85	1507,30
614,05	1468,39
614,25	1456,11
614,45	1394,67
614,65	1527,78
614,85	1398,76
615,05	1517,54
615,25	1529,83
615,45	1429,48
615,65	1435,63
615,86	1488,87
616,06	1480,68
616,26	1562,60
616,46	1495,02
616,66	1314,80
616,86	1466,35
617,06	1339,37
617,26	1490,92
617,46	1435,63
617,66	1480,68
617,86	1474,54
618,07	1384,43
618,27	1468,39
618,47	1531,88
618,67	1570,79
618,87	1531,88
619,07	1513,45
619,27	1486,83
619,47	1411,05
619,67	1495,02
619,87	1370,09
620,07	1472,49
620,27	1464,30
620,47	1429,48
620,67	1411,05
620,87	1427,43
621,07	1495,02
621,28	1464,30
621,48	1427,43
621,68	1357,80
621,88	1484,78
622,08	1568,74
622,28	1441,77
622,48	1546,22
622,68	1439,72
622,88	1519,59
623,08	1433,58
623,28	1509,35
623,48	1488,87
623,68	1503,21
623,88	1441,77
624,08	1523,69
624,28	1413,10
624,48	1474,54
624,68	1509,35
624,88	1460,20
625,08	1480,68
625,28	1447,91
625,48	1488,87
625,68	1435,63
625,88	1521,64
626,08	1456,11
626,28	1507,30
626,48	1474,54
626,68	1431,53
626,88	1443,82
627,08	1523,69
627,28	1589,22
627,48	1515,50
627,68	1388,52
627,88	1394,67
628,08	1542,12
628,28	1456,11
628,49	1409,00
628,68	1423,34
628,88	1388,52
629,08	1482,73
629,28	1533,93
629,48	1435,63
629,68	1456,11
629,88	1439,72
630,08	1419,24
630,28	1454,06
630,48	1445,87
630,68	1439,72
630,88	1460,20
631,08	1490,92
631,28	1409,00
631,48	1478,63
631,68	1439,72
631,88	1435,63
632,08	1486,83
632,28	1443,82
632,48	1468,39
632,68	1480,68
632,88	1478,63
633,08	1476,59
633,28	1458,15
633,48	1456,11
633,68	1421,29
633,88	1445,87
634,08	1578,98
634,28	1462,25
634,48	1576,94
634,68	1458,15
634,88	1505,26
635,08	1454,06
635,28	1521,64
635,48	1417,19
635,68	1409,00
635,87	1486,83
636,07	1462,25
636,27	1433,58
636,47	1454,06
636,67	1523,69
636,87	1482,73
637,07	1433,58
637,27	1384,43
637,47	1517,54
637,67	1499,11
637,87	1372,14
638,07	1529,83
638,27	1439,72
638,47	1445,87
638,67	1400,81
638,86	1556,46
639,06	1384,43
639,26	1417,19
639,46	1486,83
639,66	1398,76
639,86	1501,16
640,06	1415,15
640,26	1441,77
640,46	1468,39
640,66	1488,87
640,86	1456,11
641,06	1396,71
641,25	1406,95
641,45	1529,83
641,65	1390,57
641,85	1474,54
642,05	1517,54
642,25	1486,83
642,45	1480,68
642,65	1521,64
642,85	1441,77
643,05	1425,39
643,24	1468,39
643,44	1540,07
643,64	1476,59
643,84	1447,91
644,04	1441,77
644,24	1478,63
644,44	1460,20
644,64	1427,43
644,84	1421,29
645,03	1449,96
645,23	1521,64
645,43	1474,54
645,63	1478,63
645,83	1417,19
646,03	1421,29
646,23	1548,26
646,42	1595,37
646,62	1517,54
646,82	1445,87
647,02	1409,00
647,22	1431,53
647,42	1427,43
647,62	1486,83
647,82	1419,24
648,01	1720,29
648,21	1394,67
648,41	1458,15
648,61	1550,31
648,81	1628,14
649,01	1529,83
649,20	1449,96
649,40	1480,68
649,60	1384,43
649,80	1411,05
650,00	1470,44
650,20	1495,02
650,40	1517,54
650,59	1490,92
650,79	1535,98
650,99	1406,95
651,19	1460,20
651,39	1427,43
651,58	1495,02
651,78	1523,69
651,98	1456,11
652,18	1382,38
652,38	1476,59
652,58	1419,24
652,77	1488,87
652,97	1556,46
653,17	1366,00
653,37	1499,11
653,57	1511,40
653,77	1402,86
653,96	1449,96
654,16	1417,19
654,36	1492,97
654,56	1540,07
654,76	1501,16
654,95	1478,63
655,15	1474,54
655,35	1394,67
655,55	1519,59
655,75	1445,87
655,94	1492,97
656,14	1421,29
656,34	1497,07
656,54	1488,87
656,73	1441,77
656,93	1443,82
657,13	1452,01
657,33	1488,87
657,53	1511,40
657,72	1568,74
657,92	1458,15
658,12	1447,91
658,32	1542,12
658,52	1433,58
658,71	1431,53
658,91	1488,87
659,11	1478,63
659,31	1388,52
659,50	1574,89
659,70	1415,15
659,90	1548,26
660,10	1533,93
660,29	1478,63
660,49	1437,67
660,69	1499,11
660,89	1445,87
661,08	1482,73
661,28	1404,91
661,48	1480,68
661,68	1474,54
661,87	1490,92
662,07	1462,25
662,27	1423,34
662,47	1554,41
662,66	1445,87
662,86	1392,62
663,06	1527,78
663,26	1402,86
663,45	1529,83
663,65	1531,88
663,85	1492,97
664,05	1427,43
664,24	1531,88
664,44	1392,62
664,64	1468,39
664,84	1452,01
665,03	1527,78
665,23	1521,64
665,43	1464,30
665,62	1425,39
665,82	1384,43
666,02	1454,06
666,22	1490,92
666,41	1458,15
666,61	1476,59
666,81	1492,97
667,00	1480,68
667,20	1464,30
667,40	1521,64
667,60	1501,16
667,79	1392,62
667,99	1363,95
668,19	1429,48
668,38	1478,63
668,58	1433,58
668,78	1433,58
668,97	1521,64
669,17	1454,06
669,37	1495,02
669,57	1409,00
669,76	1460,20
669,96	1462,25
670,16	1454,06
670,35	1429,48
670,55	1429,48
670,75	1511,40
670,94	1464,30
671,14	1478,63
671,34	1495,02
671,53	1531,88
671,73	1429,48
671,93	1400,81
672,12	1394,67
672,32	1497,07
672,52	1486,83
672,71	1527,78
672,91	1429,48
673,11	1437,67
673,30	1601,51
673,50	1437,67
673,70	1517,54
673,89	1363,95
674,09	1505,26
674,29	1447,91
674,48	1478,63
674,68	1511,40
674,88	1443,82
675,07	1507,30
675,27	1507,30
675,46	1411,05
675,66	1417,19
675,86	1482,73
676,05	1507,30
676,25	1456,11
676,45	1499,11
676,64	1421,29
676,84	1533,93
677,04	1449,96
677,23	1474,54
677,43	1447,91
677,62	1531,88
677,82	1400,81
678,02	1462,25
678,21	1513,45
678,41	1398,76
678,61	1433,58
678,80	1519,59
679,00	1423,34
679,19	1552,36
679,39	1495,02
679,59	1429,48
679,78	1458,15
679,98	1474,54
680,17	1415,15
680,37	1490,92
680,57	1507,30
680,76	1513,45
680,96	1490,92
681,16	1478,63
681,35	1466,35
681,55	1482,73
681,74	1402,86
681,94	1447,91
682,13	1419,24
682,33	1556,46
682,53	1447,91
682,72	1517,54
682,92	1355,76
683,11	1531,88
683,31	1460,20
683,51	1470,44
683,70	1427,43
683,90	1462,25
684,09	1527,78
684,29	1517,54
684,48	1433,58
684,68	1509,35
684,88	1515,50
685,07	1443,82
685,27	1466,35
685,46	1484,78
685,66	1501,16
685,85	1456,11
686,05	1613,80
686,25	1433,58
686,44	1515,50
686,64	1523,69
686,83	1449,96
687,03	1495,02
687,22	1388,52
687,42	1480,68
687,61	1507,30
687,81	1423,34
688,01	1449,96
688,20	1484,78
688,40	1392,62
688,59	1495,02
688,79	1468,39
688,98	1384,43
689,18	1456,11
689,37	1486,83
689,57	1484,78
689,76	1495,02
689,96	1495,02
690,15	1568,74
690,35	1503,21
690,54	1542,12
690,74	1386,47
690,94	1425,39
691,13	1472,49
691,33	1505,26
691,52	1599,46
691,72	1583,08
691,91	1460,20
692,11	1540,07
692,30	1454,06
692,50	1531,88
692,69	1517,54
692,89	1429,48
693,08	1429,48
693,28	1572,84
693,47	1390,57
693,67	1538,02
693,86	1466,35
694,06	1439,72
694,25	1476,59
694,45	1488,87
694,64	1538,02
694,84	1449,96
695,03	1538,02
695,23	1495,02
695,42	1456,11
695,62	1439,72
695,81	1511,40
696,01	1462,25
696,20	1411,05
696,40	1519,59
696,59	1435,63
696,78	1456,11
696,98	1558,50
697,17	1488,87
697,37	1538,02
697,56	1464,30
697,76	1497,07
697,95	1466,35
698,15	1398,76
698,34	1497,07
698,54	1488,87
698,73	1585,13
698,93	1460,20
699,12	1402,86
699,32	1552,36
699,51	1411,05
699,70	1382,38
699,90	1521,64
700,09	1472,49
700,29	1460,20
700,48	1464,30
700,68	1482,73
700,87	1370,09
701,07	1429,48
701,26	1378,28
701,45	1505,26
701,65	1433,58
701,84	1431,53
702,04	1355,76
702,23	1460,20
702,43	1439,72
702,62	1482,73
702,81	1458,15
703,01	1470,44
703,20	1527,78
703,40	1437,67
703,59	1439,72
703,79	1501,16
703,98	1460,20
704,17	1452,01
704,37	1470,44
704,56	1574,89
704,76	1404,91
704,95	1433,58
705,14	1378,28
705,34	1398,76
705,53	1372,14
705,73	1353,71
705,92	1468,39
706,11	1384,43
706,31	1417,19
706,50	1343,47
706,70	1476,59
706,89	1386,47
707,08	1423,34
707,28	1435,63
707,47	1474,54
707,67	1472,49
707,86	1468,39
708,05	1443,82
708,25	1351,66
708,44	1406,95
708,64	1419,24
708,83	1515,50
709,02	1370,09
709,22	1462,25
709,41	1404,91
709,60	1505,26
709,80	1472,49
709,99	1386,47
710,19	1366,00
710,38	1452,01
710,57	1386,47
710,77	1388,52
710,96	1333,23
711,15	1415,15
711,35	1357,80
711,54	1419,24
711,73	1435,63
711,93	1380,33
712,12	1411,05
712,31	1398,76
712,51	1384,43
712,70	1404,91
712,89	1470,44
713,09	1404,91
713,28	1445,87
713,48	1511,40
713,67	1439,72
713,86	1320,94
714,06	1419,24
714,25	1374,19
714,44	1435,63
714,64	1454,06
714,83	1302,51
715,02	1345,52
715,22	1388,52
715,41	1488,87
715,60	1308,65
715,79	1443,82
715,99	1402,86
716,18	1394,67
716,37	1347,56
716,57	1335,28
716,76	1525,74
716,95	1429,48
717,15	1462,25
717,34	1337,32
717,53	1314,80
717,73	1415,15
717,92	1433,58
718,11	1406,95
718,31	1368,04
718,50	1468,39
718,69	1390,57
718,88	1419,24
719,08	1462,25
719,27	1398,76
719,46	1427,43
719,66	1382,38
719,85	1343,47
720,04	1503,21
720,23	1441,77
720,43	1378,28
720,62	1339,37
720,81	1402,86
721,01	1368,04
721,20	1540,07
721,39	1398,76
721,58	1484,78
721,78	1511,40
721,97	1380,33
722,16	1390,57
722,35	1437,67
722,55	1390,57
722,74	1415,15
722,93	1437,67
723,13	1345,52
723,32	1392,62
723,51	1341,42
723,70	1443,82
723,90	1400,81
724,09	1335,28
724,28	1411,05
724,47	1431,53
724,67	1396,71
724,86	1437,67
725,05	1329,13
725,24	1349,61
725,44	1368,04
725,63	1406,95
725,82	1372,14
726,01	1384,43
726,21	1402,86
726,40	1419,24
726,59	1464,30
726,78	1433,58
726,97	1370,09
727,17	1361,90
727,36	1388,52
727,55	1533,93
727,74	1384,43
727,94	1343,47
728,13	1431,53
728,32	1357,80
728,51	1320,94
728,70	1400,81
728,90	1398,76
729,09	1484,78
729,28	1419,24
729,47	1456,11
729,66	1429,48
729,86	1394,67
730,05	1429,48
730,24	1474,54
730,43	1351,66
730,63	1363,95
730,82	1452,01
731,01	1411,05
731,20	1406,95
731,39	1353,71
731,58	1359,85
731,78	1449,96
731,97	1363,95
732,16	1411,05
732,35	1425,39
732,54	1361,90
732,74	1521,64
732,93	1357,80
733,12	1427,43
733,31	1359,85
733,50	1374,19
733,69	1447,91
733,89	1427,43
734,08	1441,77
734,27	1411,05
734,46	1421,29
734,65	1380,33
734,84	1423,34
735,04	1417,19
735,23	1480,68
735,42	1374,19
735,61	1404,91
735,80	1517,54
735,99	1415,15
736,19	1380,33
736,38	1357,80
736,57	1415,15
736,76	1411,05
736,95	1478,63
737,14	1368,04
737,33	1421,29
737,53	1445,87
737,72	1394,67
737,91	1337,32
738,10	1398,76
738,29	1386,47
738,48	1439,72
738,67	1439,72
738,87	1392,62
739,06	1417,19
739,25	1431,53
739,44	1337,32
739,63	1437,67
739,82	1419,24
740,01	1363,95
740,20	1386,47
740,40	1380,33
740,59	1419,24
740,78	1394,67
740,97	1476,59
741,16	1468,39
741,35	1423,34
741,54	1419,24
741,73	1374,19
741,92	1384,43
742,12	1378,28
742,31	1439,72
742,50	1523,69
742,69	1417,19
742,88	1347,56
743,07	1308,65
743,26	1433,58
743,45	1443,82
743,64	1419,24
743,83	1439,72
744,02	1404,91
744,22	1384,43
744,41	1476,59
744,60	1359,85
744,79	1449,96
744,98	1409,00
745,17	1415,15
745,36	1353,71
745,55	1495,02
745,74	1409,00
745,93	1417,19
746,12	1394,67
746,31	1400,81
746,50	1384,43
746,70	1400,81
746,89	1447,91
747,08	1392,62
747,27	1466,35
747,46	1361,90
747,65	1425,39
747,84	1466,35
748,03	1431,53
748,22	1462,25
748,41	1425,39
748,60	1415,15
748,79	1394,67
748,98	1433,58
749,17	1406,95
749,36	1449,96
749,55	1335,28
749,74	1433,58
749,93	1507,30
750,12	1441,77
750,31	1460,20
750,50	1521,64
750,70	1447,91
750,89	1484,78
751,08	1501,16
751,27	1445,87
751,46	1435,63
751,65	1423,34
751,84	1443,82
752,03	1439,72
752,22	1423,34
752,41	1499,11
752,60	1404,91
752,79	1427,43
752,98	1460,20
753,17	1488,87
753,36	1474,54
753,55	1413,10
753,74	1425,39
753,93	1409,00
754,12	1417,19
754,31	1394,67
754,50	1552,36
754,69	1468,39
754,88	1431,53
755,07	1421,29
755,26	1449,96
755,45	1347,56
755,64	1402,86
755,83	1462,25
756,02	1433,58
756,21	1460,20
756,40	1468,39
756,59	1343,47
756,78	1484,78
756,97	1488,87
757,16	1511,40
757,35	1546,22
757,54	1480,68
757,72	1413,10
757,91	1380,33
758,10	1419,24
758,29	1366,00
758,48	1452,01
758,67	1370,09
758,86	1464,30
759,05	1431,53
759,24	1499,11
759,43	1472,49
759,62	1406,95
759,81	1452,01
760,00	1460,20
760,19	1374,19
760,38	1458,15
760,57	1437,67
760,76	1374,19
760,95	1538,02
761,14	1382,38
761,33	1462,25
761,52	1447,91
761,70	1404,91
761,89	1468,39
762,08	1556,46
762,27	1476,59
762,46	1488,87
762,65	1437,67
762,84	1490,92
763,03	1433,58
763,22	1460,20
763,41	1478,63
763,60	1411,05
763,79	1523,69
763,98	1472,49
764,16	1429,48
764,35	1447,91
764,54	1443,82
764,73	1515,50
764,92	1456,11
765,11	1525,74
765,30	1511,40
765,49	1419,24
765,68	1462,25
765,87	1519,59
766,06	1470,44
766,24	1566,70
766,43	1421,29
766,62	1370,09
766,81	1452,01
767,00	1476,59
767,19	1425,39
767,38	1525,74
767,57	1431,53
767,76	1511,40
767,94	1558,50
768,13	1458,15
768,32	1454,06
768,51	1449,96
768,70	1484,78
768,89	1564,65
769,08	1470,44
769,27	1409,00
769,45	1433,58
769,64	1525,74
769,83	1437,67
770,02	1503,21
770,21	1574,89
770,40	1513,45
770,59	1568,74
770,77	1476,59
770,96	1521,64
771,15	1517,54
771,34	1519,59
771,53	1640,42
771,72	1460,20
771,91	1433,58
772,09	1468,39
772,28	1456,11
772,47	1509,35
772,66	1550,31
772,85	1519,59
773,04	1554,41
773,22	1480,68
773,41	1515,50
773,60	1460,20
773,79	1521,64
773,98	1533,93
774,17	1488,87
774,35	1517,54
774,54	1415,15
774,73	1509,35
774,92	1505,26
775,11	1519,59
775,30	1605,61
775,48	1525,74
775,67	1523,69
775,86	1490,92
776,05	1538,02
776,24	1413,10
776,42	1443,82
776,61	1570,79
776,80	1449,96
776,99	1535,98
777,18	1587,18
777,36	1511,40
777,55	1523,69
777,74	1531,88
777,93	1492,97
778,12	1468,39
778,30	1552,36
778,49	1417,19
778,68	1615,85
778,87	1474,54
779,06	1550,31
779,24	1423,34
779,43	1593,32
779,62	1515,50
779,81	1437,67
779,99	1439,72
780,18	1562,60
780,37	1507,30
780,56	1603,56
780,75	1517,54
780,93	1578,98
781,12	1583,08
781,31	1525,74
781,50	1499,11
781,68	1456,11
781,87	1474,54
782,06	1531,88
782,25	1460,20
782,43	1468,39
782,62	1529,83
782,81	1458,15
783,00	1454,06
783,18	1404,91
783,37	1513,45
783,56	1560,55
783,75	1538,02
783,93	1427,43
784,12	1449,96
784,31	1468,39
784,50	1517,54
784,68	1497,07
784,87	1394,67
785,06	1443,82
785,24	1521,64
785,43	1503,21
785,62	1499,11
785,81	1492,97
785,99	1439,72
786,18	1470,44
786,37	1499,11
786,56	1478,63
786,74	1411,05
786,93	1374,19
787,12	1480,68
787,30	1462,25
787,49	1468,39
787,68	1480,68
787,87	1411,05
788,05	1492,97
788,24	1355,76
788,43	1441,77
788,61	1521,64
788,80	1415,15
788,99	1429,48
789,17	1460,20
789,36	1517,54
789,55	1445,87
789,73	1419,24
789,92	1411,05
790,11	1404,91
790,30	1454,06
790,48	1431,53
790,67	1449,96
790,86	1462,25
791,04	1484,78
791,23	1468,39
791,42	1478,63
791,60	1404,91
791,79	1462,25
791,98	1380,33
792,16	1413,10
792,35	1492,97
792,54	1406,95
792,72	1533,93
792,91	1470,44
793,10	1447,91
793,28	1415,15
793,47	1419,24
793,66	1423,34
793,84	1421,29
794,03	1357,80
794,22	1398,76
794,40	1449,96
794,59	1437,67
794,77	1413,10
794,96	1394,67
795,15	1423,34
795,33	1384,43
795,52	1478,63
795,71	1445,87
795,89	1390,57
796,08	1495,02
796,27	1476,59
796,45	1409,00
796,64	1439,72
796,82	1413,10
797,01	1409,00
797,20	1452,01
797,38	1359,85
797,57	1423,34
797,76	1390,57
797,94	1458,15
798,13	1490,92
798,31	1425,39
798,50	1331,18
798,69	1495,02
798,87	1480,68
799,06	1382,38
799,24	1363,95
799,43	1374,19
799,62	1361,90
799,80	1406,95
799,99	1540,07
800,17	1386,47
800,36	1400,81
800,55	1419,24
800,73	1406,95
800,92	1435,63
801,10	1337,32
801,29	1368,04
801,48	1363,95
801,66	1415,15
801,85	1349,61
802,03	1384,43
802,22	1470,44
802,40	1394,67
802,59	1355,76
802,78	1388,52
802,96	1484,78
803,15	1456,11
803,33	1353,71
803,52	1409,00
803,70	1325,04
803,89	1359,85
804,08	1406,95
804,26	1437,67
804,45	1497,07
804,63	1372,14
804,82	1499,11
805,00	1435,63
805,19	1429,48
805,37	1417,19
805,56	1470,44
805,74	1419,24
805,93	1398,76
806,12	1378,28
806,30	1345,52
806,49	1439,72
806,67	1437,67
806,86	1460,20
807,04	1474,54
807,23	1376,24
807,41	1329,13
807,60	1449,96
807,78	1441,77
807,97	1763,30
808,15	1341,42
808,34	1445,87
808,52	1327,08
808,71	1392,62
808,89	1437,67
809,08	1396,71
809,27	1390,57
809,45	1404,91
809,64	1439,72
809,82	1454,06
810,01	1456,11
810,19	1499,11
810,38	1366,00
810,56	1349,61
810,75	1415,15
810,93	1347,56
811,12	1388,52
811,30	1402,86
811,49	1452,01
811,67	1372,14
811,85	1482,73
812,04	1445,87
812,22	1421,29
812,41	1382,38
812,59	1445,87
812,78	1398,76
812,96	1341,42
813,15	1464,30
813,33	1398,76
813,52	1443,82
813,70	1472,49
813,89	1402,86
814,07	1398,76
814,26	1370,09
814,44	1439,72
814,63	1476,59
814,81	1409,00
815,00	1406,95
815,18	1402,86
815,36	1349,61
815,55	1402,86
815,73	1464,30
815,92	1484,78
816,10	1499,11
816,29	1454,06
816,47	1431,53
816,66	1449,96
816,84	1445,87
817,02	1476,59
817,21	1390,57
817,39	1464,30
817,58	1394,67
817,76	1505,26
817,95	1431,53
818,13	1376,24
818,32	1380,33
818,50	1499,11
818,68	1439,72
818,87	1482,73
819,05	1435,63
819,24	1499,11
819,42	1456,11
819,60	1406,95
819,79	1423,34
819,97	1454,06
820,16	1435,63
820,34	1384,43
820,53	1400,81
820,71	1392,62
820,89	1468,39
821,08	1361,90
821,26	1318,89
821,45	1384,43
821,63	1357,80
821,81	1427,43
822,00	1468,39
822,18	1437,67
822,37	1517,54
822,55	1415,15
822,73	1452,01
822,92	1472,49
823,10	1396,71
823,28	1447,91
823,47	1460,20
823,65	1437,67
823,84	1417,19
824,02	1517,54
824,20	1415,15
824,39	1445,87
824,57	1456,11
824,75	1595,37
824,94	1495,02
825,12	1507,30
825,31	1525,74
825,49	1474,54
825,67	1435,63
825,86	1452,01
826,04	1505,26
826,22	1542,12
826,41	1564,65
826,59	1472,49
826,77	1333,23
826,96	1503,21
827,14	1548,26
827,32	1443,82
827,51	1419,24
827,69	1495,02
827,87	1454,06
828,06	1538,02
828,24	1476,59
828,42	1495,02
828,61	1538,02
828,79	1495,02
828,97	1339,37
829,16	1517,54
829,34	1374,19
829,52	1443,82
829,71	1578,98
829,89	1521,64
830,07	1404,91
830,26	1497,07
830,44	1474,54
830,62	1525,74
830,81	1417,19
830,99	1472,49
831,17	1462,25
831,36	1400,81
831,54	1513,45
831,72	1458,15
831,91	1419,24
832,09	1402,86
832,27	1445,87
832,45	1470,44
832,64	1439,72
832,82	1460,20
833,00	1468,39
833,19	1419,24
833,37	1431,53
833,55	1409,00
833,73	1423,34
833,92	1542,12
834,10	1452,01
834,28	1488,87
834,47	1517,54
834,65	1521,64
834,83	1503,21
835,01	1409,00
835,20	1380,33
835,38	1503,21
835,56	1484,78
835,74	1558,50
835,93	1452,01
836,11	1558,50
836,29	1492,97
836,47	1472,49
836,66	1529,83
836,84	1439,72
837,02	1437,67
837,21	1517,54
837,39	1525,74
837,57	1523,69
837,75	1470,44
837,94	1458,15
838,12	1499,11
838,30	1445,87
838,48	1388,52
838,66	1503,21
838,85	1486,83
839,03	1521,64
839,21	1415,15
839,39	1443,82
839,58	1435,63
839,76	1505,26
839,94	1466,35
840,12	1527,78
840,31	1564,65
840,49	1501,16
840,67	1462,25
840,85	1456,11
841,03	1466,35
841,22	1472,49
841,40	1427,43
841,58	1525,74
841,76	1359,85
841,94	1480,68
842,13	1529,83
842,31	1484,78
842,49	1497,07
842,67	1460,20
842,85	1505,26
843,04	1535,98
843,22	1527,78
843,40	1445,87
843,58	1535,98
843,76	1517,54
843,95	1544,17
844,13	1509,35
844,31	1443,82
844,49	1509,35
844,67	1425,39
844,86	1513,45
845,04	1368,04
845,22	1427,43
845,40	1439,72
845,58	1486,83
845,76	1470,44
845,95	1570,79
846,13	1470,44
846,31	1554,41
846,49	1548,26
846,67	1374,19
846,85	1566,70
847,04	1511,40
847,22	1535,98
847,40	1423,34
847,58	1427,43
847,76	1554,41
847,94	1447,91
848,12	1601,51
848,31	1468,39
848,49	1505,26
848,67	1568,74
848,85	1480,68
849,03	1562,60
849,21	1517,54
849,39	1529,83
849,58	1544,17
849,76	1460,20
849,94	1507,30
850,12	1505,26
850,30	1544,17
850,48	1550,31
850,66	1531,88
850,84	1505,26
851,03	1566,70
851,21	1501,16
851,39	1583,08
851,57	1560,55
851,75	1509,35
851,93	1513,45
852,11	1486,83
852,29	1521,64
852,47	1548,26
852,66	1507,30
852,84	1464,30
853,02	1501,16
853,20	1634,28
853,38	1511,40
853,56	1601,51
853,74	1472,49
853,92	1572,84
854,10	1480,68
854,28	1523,69
854,46	1556,46
854,65	1531,88
854,83	1540,07
855,01	1542,12
855,19	1449,96
855,37	1576,94
855,55	1556,46
855,73	1548,26
855,91	1535,98
856,09	1562,60
856,27	1505,26
856,45	1484,78
856,63	1542,12
856,81	1509,35
857,00	1589,22
857,18	1576,94
857,36	1490,92
857,54	1503,21
857,72	1529,83
857,90	1544,17
858,08	1507,30
858,26	1488,87
858,44	1531,88
858,62	1583,08
858,80	1490,92
858,98	1546,22
859,16	1558,50
859,34	1503,21
859,52	1511,40
859,70	1607,66
859,88	1439,72
860,06	1470,44
860,24	1425,39
860,42	1435,63
860,60	1568,74
860,78	1546,22
860,96	1472,49
861,14	1572,84
861,32	1578,98
861,50	1499,11
861,69	1566,70
861,87	1517,54
862,05	1554,41
862,23	1497,07
862,41	1503,21
862,59	1552,36
862,77	1572,84
862,95	1511,40
863,13	1589,22
863,31	1505,26
863,49	1525,74
863,67	1464,30
863,85	1431,53
864,03	1468,39
864,21	1611,75
864,39	1495,02
864,57	1552,36
864,75	1484,78
864,92	1564,65
865,10	1535,98
865,28	1454,06
865,46	1517,54
865,64	1511,40
865,82	1505,26
866,00	1478,63
866,18	1501,16
866,36	1503,21
866,54	1619,94
866,72	1523,69
866,90	1595,37
867,08	1497,07
867,26	1431,53
867,44	1421,29
867,62	1486,83
867,80	1519,59
867,98	1581,03
868,16	1515,50
868,34	1484,78
868,52	1552,36
868,70	1540,07
868,88	1538,02
869,06	1538,02
869,24	1484,78
869,42	1480,68
869,59	1501,16
869,77	1519,59
869,95	1476,59
870,13	1468,39
870,31	1452,01
870,49	1533,93
870,67	1566,70
870,85	1554,41
871,03	1540,07
871,21	1556,46
871,39	1441,77
871,57	1578,98
871,75	1540,07
871,92	1466,35
872,10	1578,98
872,28	1517,54
872,46	1521,64
872,64	1466,35
872,82	1578,98
873,00	1478,63
873,18	1460,20
873,36	1529,83
873,54	1525,74
873,72	1488,87
873,89	1495,02
874,07	1511,40
874,25	1517,54
874,43	1548,26
874,61	1460,20
874,79	1507,30
874,97	1439,72
875,15	1525,74
875,33	1525,74
875,50	1542,12
875,68	1542,12
875,86	1583,08
876,04	1566,70
876,22	1505,26
876,40	1419,24
876,58	1513,45
876,76	1538,02
876,93	1466,35
877,11	1437,67
877,29	1525,74
877,47	1548,26
877,65	1519,59
877,83	1550,31
878,01	1529,83
878,18	1466,35
878,36	1492,97
878,54	1556,46
878,72	1470,44
878,90	1472,49
879,08	1566,70
879,25	1460,20
879,43	1538,02
879,61	1480,68
879,79	1542,12
879,97	1429,48
880,15	1490,92
880,32	1499,11
880,50	1505,26
880,68	1484,78
880,86	1509,35
881,04	1533,93
881,22	1517,54
881,39	1488,87
881,57	1585,13
881,75	1509,35
881,93	1519,59
882,11	1507,30
882,28	1542,12
882,46	1435,63
882,64	1492,97
882,82	1460,20
883,00	1515,50
883,18	1476,59
883,35	1566,70
883,53	1558,50
883,71	1476,59
883,89	1507,30
884,07	1495,02
884,24	1517,54
884,42	1519,59
884,60	1486,83
884,78	1619,94
884,95	1468,39
885,13	1468,39
885,31	1503,21
885,49	1540,07
885,67	1441,77
885,84	1449,96
886,02	1507,30
886,20	1589,22
886,38	1462,25
886,55	1544,17
886,73	1449,96
886,91	1578,98
887,09	1478,63
887,26	1411,05
887,44	1501,16
887,62	1576,94
887,80	1417,19
887,98	1474,54
888,15	1505,26
888,33	1497,07
888,51	1478,63
888,69	1535,98
888,86	1574,89
889,04	1519,59
889,22	1445,87
889,39	1609,70
889,57	1505,26
889,75	1523,69
889,93	1419,24
890,10	1556,46
890,28	1497,07
890,46	1454,06
890,64	1535,98
890,81	1480,68
890,99	1474,54
891,17	1509,35
891,34	1568,74
891,52	1542,12
891,70	1490,92
891,88	1507,30
892,05	1513,45
892,23	1486,83
892,41	1431,53
892,58	1478,63
892,76	1495,02
892,94	1458,15
893,12	1591,27
893,29	1423,34
893,47	1535,98
893,65	1402,86
893,82	1566,70
894,00	1511,40
894,18	1429,48
894,35	1454,06
894,53	1505,26
894,71	1468,39
894,89	1406,95
895,06	1449,96
895,24	1443,82
895,42	1423,34
895,59	1578,98
895,77	1382,38
895,95	1503,21
896,12	1511,40
896,30	1388,52
896,48	1488,87
896,65	1427,43
896,83	1429,48
897,01	1437,67
897,18	1476,59
897,36	1583,08
897,54	1525,74
897,71	1505,26
897,89	1490,92
898,07	1411,05
898,24	1484,78
898,42	1497,07
898,59	1476,59
898,77	1429,48
898,95	1406,95
899,12	1464,30
899,30	1427,43
899,48	1560,55
899,65	1480,68
899,83	1464,30
900,01	1400,81
900,18	1495,02
900,36	1486,83
900,53	1386,47
900,71	1478,63
900,89	1437,67
901,06	1435,63
901,24	1433,58
901,42	1628,14
901,59	1411,05
901,77	1497,07
901,94	1470,44
902,12	1447,91
902,30	1447,91
902,47	1419,24
902,65	1443,82
902,82	1456,11
903,00	1546,22
903,18	1419,24
903,35	1435,63
903,53	1507,30
903,70	1492,97
903,88	1492,97
904,06	1521,64
904,23	1456,11
904,41	1452,01
904,58	1529,83
904,76	1409,00
904,93	1480,68
905,11	1509,35
905,29	1431,53
905,46	1513,45
905,64	1486,83
905,81	1435,63
905,99	1492,97
906,16	1499,11
906,34	1452,01
906,52	1452,01
906,69	1435,63
906,87	1505,26
907,04	1454,06
907,22	1443,82
907,39	1529,83
907,57	1443,82
907,75	1484,78
907,92	1449,96
908,10	1546,22
908,27	1484,78
908,45	1476,59
908,62	1497,07
908,80	1566,70
908,97	1554,41
909,15	1570,79
909,32	1480,68
909,50	1482,73
909,67	1480,68
909,85	1443,82
910,03	1484,78
910,20	1497,07
910,38	1486,83
910,55	1503,21
910,73	1521,64
910,90	1472,49
911,08	1484,78
911,25	1527,78
911,43	1511,40
911,60	1421,29
911,78	1480,68
911,95	1415,15
912,13	1509,35
912,30	1452,01
912,48	1470,44
912,65	1466,35
912,83	1501,16
913,00	1523,69
913,18	1535,98
913,35	1511,40
913,53	1472,49
913,70	1503,21
913,88	1460,20
914,05	1497,07
914,23	1492,97
914,40	1495,02
914,58	1423,34
914,75	1476,59
914,93	1574,89
915,10	1472,49
915,27	1564,65
915,45	1564,65
915,62	1509,35
915,80	1464,30
915,97	1501,16
916,15	1501,16
916,32	1550,31
916,50	1554,41
916,67	1480,68
916,85	1462,25
917,02	1505,26
917,20	1564,65
917,37	1533,93
917,54	1611,75
917,72	1546,22
917,89	1572,84
918,07	1474,54
918,24	1486,83
918,42	1505,26
918,59	1484,78
918,77	1546,22
918,94	1581,03
919,11	1456,11
919,29	1472,49
919,46	1499,11
919,64	1548,26
919,81	1566,70
919,99	1527,78
920,16	1552,36
920,33	1535,98
920,51	1497,07
920,68	1423,34
920,86	1445,87
921,03	1529,83
921,20	1464,30
921,38	1527,78
921,55	1578,98
921,73	1538,02
921,90	1482,73
922,07	1521,64
922,25	1558,50
922,42	1535,98
922,60	1484,78
922,77	1470,44
922,94	1544,17
923,12	1447,91
923,29	1560,55
923,47	1488,87
923,64	1531,88
923,81	1566,70
923,99	1439,72
924,16	1523,69
924,34	1566,70
924,51	1492,97
924,68	1538,02
924,86	1476,59
925,03	1480,68
925,20	1554,41
925,38	1552,36
925,55	1490,92
925,72	1531,88
925,90	1470,44
926,07	1476,59
926,25	1531,88
926,42	1546,22
926,59	1525,74
926,77	1460,20
926,94	1468,39
927,11	1511,40
927,29	1574,89
927,46	1529,83
927,63	1605,61
927,81	1546,22
927,98	1486,83
928,15	1548,26
928,33	1546,22
928,50	1525,74
928,67	1540,07
928,85	1587,18
929,02	1478,63
929,19	1540,07
929,37	1509,35
929,54	1460,20
929,71	1611,75
929,89	1513,45
930,06	1499,11
930,23	1572,84
930,41	1521,64
930,58	1452,01
930,75	1535,98
930,92	1503,21
931,10	1583,08
931,27	1456,11
931,44	1578,98
931,62	1519,59
931,79	1441,77
931,96	1562,60
932,14	1556,46
932,31	1636,33
932,48	1525,74
932,65	1468,39
932,83	1583,08
933,00	1503,21
933,17	1585,13
933,35	1519,59
933,52	1490,92
933,69	1578,98
933,86	1628,14
934,04	1484,78
934,21	1472,49
934,38	1531,88
934,55	1554,41
934,73	1513,45
934,90	1505,26
935,07	1484,78
935,25	1513,45
935,42	1464,30
935,59	1546,22
935,76	1560,55
935,94	1484,78
936,11	1538,02
936,28	1525,74
936,45	1488,87
936,63	1482,73
936,80	1439,72
936,97	1509,35
937,14	1609,70
937,31	1593,32
937,49	1554,41
937,66	1456,11
937,83	1646,57
938,00	1429,48
938,18	1634,28
938,35	1509,35
938,52	1570,79
938,69	1570,79
938,87	1497,07
939,04	1609,70
939,21	1454,06
939,38	1531,88
939,55	1462,25
939,73	1492,97
939,90	1476,59
940,07	1499,11
940,24	1501,16
940,41	1597,42
940,59	1480,68
940,76	1497,07
940,93	1490,92
941,10	1486,83
941,27	1482,73
941,45	1458,15
941,62	1501,16
941,79	1538,02
941,96	1488,87
942,13	1665,00
942,31	1527,78
942,48	1603,56
942,65	1587,18
942,82	1462,25
942,99	1507,30
943,16	1607,66
943,34	1550,31
943,51	1458,15
943,68	1458,15
943,85	1466,35
944,02	1595,37
944,19	1425,39
944,37	1466,35
944,54	1617,90
944,71	1546,22
944,88	1650,66
945,05	1525,74
945,22	1503,21
945,40	1562,60
945,57	1466,35
945,74	1531,88
945,91	1499,11
946,08	1621,99
946,25	1513,45
946,42	1556,46
946,60	1484,78
946,77	1589,22
946,94	1572,84
947,11	1542,12
947,28	1505,26
947,45	1484,78
947,62	1509,35
947,79	1542,12
947,97	1578,98
948,14	1570,79
948,31	1521,64
948,48	1562,60
948,65	1456,11
948,82	1501,16
948,99	1490,92
949,16	1515,50
949,33	1501,16
949,51	1552,36
949,68	1533,93
949,85	1558,50
950,02	1501,16
950,19	1495,02
950,36	1470,44
950,53	1470,44
950,70	1490,92
950,87	1382,38
951,04	1521,64
951,22	1447,91
951,39	1517,54
951,56	1505,26
951,73	1466,35
951,90	1564,65
952,07	1546,22
952,24	1480,68
952,41	1540,07
952,58	1517,54
952,75	1544,17
952,92	1462,25
953,09	1538,02
953,26	1433,58
953,43	1456,11
953,61	1572,84
953,78	1548,26
953,95	1519,59
954,12	1509,35
954,29	1476,59
954,46	1538,02
954,63	1484,78
954,80	1546,22
954,97	1456,11
955,14	1488,87
955,31	1423,34
955,48	1517,54
955,65	1492,97
955,82	1490,92
955,99	1486,83
956,16	1507,30
956,33	1546,22
956,50	1472,49
956,67	1546,22
956,84	1533,93
957,01	1423,34
957,18	1488,87
957,35	1433,58
957,52	1507,30
957,69	1603,56
957,86	1452,01
958,03	1624,04
958,20	1507,30
958,37	1464,30
958,54	1513,45
958,71	1415,15
958,88	1548,26
959,05	1458,15
959,22	1533,93
959,39	1511,40
959,56	1431,53
959,73	1490,92
959,90	1513,45
960,07	1484,78
960,24	1441,77
960,41	1507,30
960,58	1607,66
960,75	1452,01
960,92	1574,89
961,09	1511,40
961,26	1544,17
961,43	1466,35
961,60	1488,87
961,77	1517,54
961,94	1521,64
962,11	1390,57
962,28	1531,88
962,45	1449,96
962,62	1456,11
962,79	1445,87
962,96	1558,50
963,13	1478,63
963,30	1511,40
963,47	1501,16
963,64	1476,59
963,81	1546,22
963,98	1488,87
964,14	1525,74
964,31	1531,88
964,48	1529,83
964,65	1472,49
964,82	1417,19
964,99	1501,16
965,16	1505,26
965,33	1439,72
965,50	1550,31
965,67	1456,11
965,84	1423,34
966,01	1495,02
966,18	1435,63
966,35	1515,50
966,51	1499,11
966,68	1486,83
966,85	1509,35
967,02	1427,43
967,19	1495,02
967,36	1499,11
967,53	1495,02
967,70	1417,19
967,87	1478,63
968,04	1427,43
968,21	1550,31
968,37	1515,50
968,54	1454,06
968,71	1409,00
968,88	1425,39
969,05	1486,83
969,22	1511,40
969,39	1474,54
969,56	1472,49
969,72	1509,35
969,89	1472,49
970,06	1431,53
970,23	1476,59
970,40	1560,55
970,57	1419,24
970,74	1486,83
970,91	1390,57
971,07	1509,35
971,24	1443,82
971,41	1392,62
971,58	1462,25
971,75	1400,81
971,92	1482,73
972,09	1464,30
972,25	1409,00
972,42	1452,01
972,59	1423,34
972,76	1406,95
972,93	1411,05
973,10	1484,78
973,27	1429,48
973,43	1464,30
973,60	1384,43
973,77	1421,29
973,94	1439,72
974,11	1337,32
974,28	1529,83
974,44	1335,28
974,61	1392,62
974,78	1386,47
974,95	1398,76
975,12	1486,83
975,28	1452,01
975,45	1429,48
975,62	1345,52
975,79	1433,58
975,96	1445,87
976,12	1394,67
976,29	1398,76
976,46	1441,77
976,63	1406,95
976,80	1425,39
976,96	1431,53
977,13	1431,53
977,30	1413,10
977,47	1495,02
977,64	1429,48
977,80	1390,57
977,97	1349,61
978,14	1441,77
978,31	1472,49
978,48	1363,95
978,64	1423,34
978,81	1435,63
978,98	1411,05
979,15	1394,67
979,31	1441,77
979,48	1462,25
979,65	1427,43
979,82	1449,96
979,98	1296,36
980,15	1464,30
980,32	1499,11
980,49	1366,00
980,66	1398,76
980,82	1423,34
980,99	1449,96
981,16	1384,43
981,33	1413,10
981,49	1378,28
981,66	1413,10
981,83	1421,29
981,99	1441,77
982,16	1388,52
982,33	1427,43
982,50	1386,47
982,66	1476,59
982,83	1384,43
983,00	1456,11
983,17	1388,52
983,33	1386,47
983,50	1480,68
983,67	1419,24
983,83	1271,79
984,00	1509,35
984,17	1593,32
984,34	1392,62
984,50	1376,24
984,67	1425,39
984,84	1427,43
985,00	1376,24
985,17	1361,90
985,34	1322,99
985,51	1439,72
985,67	1357,80
985,84	1398,76
986,01	1279,98
986,17	1368,04
986,34	1390,57
986,51	1351,66
986,67	1419,24
986,84	1445,87
987,01	1368,04
987,17	1439,72
987,34	1413,10
987,51	1366,00
987,67	1447,91
987,84	1468,39
988,01	1484,78
988,17	1472,49
988,34	1368,04
988,51	1396,71
988,67	1562,60
988,84	1484,78
989,01	1398,76
989,17	1411,05
989,34	1427,43
989,51	1458,15
989,67	1370,09
989,84	1423,34
990,01	1437,67
990,17	1435,63
990,34	1347,56
990,51	1413,10
990,67	1370,09
990,84	1331,18
991,01	1339,37
991,17	1406,95
991,34	1394,67
991,50	1419,24
991,67	1398,76
991,84	1374,19
992,00	1386,47
992,17	1390,57
992,34	1447,91
992,50	1429,48
992,67	1437,67
992,83	1366,00
993,00	1361,90
993,17	1415,15
993,33	1390,57
993,50	1439,72
993,66	1406,95
993,83	1398,76
994,00	1394,67
994,16	1454,06
994,33	1435,63
994,49	1406,95
994,66	1427,43
994,83	1427,43
994,99	1413,10
995,16	1425,39
995,32	1490,92
995,49	1425,39
995,66	1423,34
995,82	1382,38
995,99	1376,24
996,15	1437,67
996,32	1398,76
996,48	1382,38
996,65	1372,14
996,82	1433,58
996,98	1400,81
997,15	1347,56
997,31	1447,91
997,48	1415,15
997,64	1394,67
997,81	1476,59
997,97	1374,19
998,14	1333,23
998,31	1372,14
998,47	1431,53
998,64	1433,58
998,80	1376,24
998,97	1368,04
999,13	1423,34
999,30	1374,19
999,46	1388,52
999,63	1353,71
999,79	1429,48
999,96	1468,39
1000,12	1396,71
1000,29	1421,29
1000,45	1435,63
1000,62	1390,57
1000,79	1437,67
1000,95	1392,62
1001,12	1460,20
1001,28	1390,57
1001,45	1406,95
1001,61	1474,54
1001,78	1427,43
1001,94	1425,39
1002,11	1447,91
1002,27	1406,95
1002,44	1290,22
1002,60	1359,85
1002,77	1445,87
1002,93	1452,01
1003,10	1392,62
1003,26	1396,71
1003,43	1476,59
1003,59	1466,35
1003,76	1462,25
1003,92	1368,04
1004,09	1429,48
1004,25	1396,71
1004,41	1466,35
1004,58	1351,66
1004,74	1480,68
1004,91	1390,57
1005,07	1398,76
1005,24	1490,92
1005,40	1413,10
1005,57	1347,56
1005,73	1417,19
1005,90	1409,00
1006,06	1402,86
1006,23	1439,72
1006,39	1484,78
1006,55	1349,61
1006,72	1374,19
1006,88	1472,49
1007,05	1363,95
1007,21	1445,87
1007,38	1474,54
1007,54	1382,38
1007,71	1386,47
1007,87	1419,24
1008,03	1433,58
1008,20	1361,90
1008,36	1392,62
1008,53	1427,43
1008,69	1437,67
1008,86	1437,67
1009,02	1310,70
1009,18	1400,81
1009,35	1394,67
1009,51	1406,95
1009,68	1454,06
1009,84	1368,04
1010,01	1374,19
1010,17	1339,37
1010,33	1470,44
1010,50	1394,67
1010,66	1460,20
1010,83	1429,48
1010,99	1462,25
1011,15	1357,80
1011,32	1433,58
1011,48	1394,67
1011,65	1466,35
1011,81	1322,99
1011,97	1419,24
1012,14	1398,76
1012,30	1439,72
1012,46	1456,11
1012,63	1429,48
1012,79	1415,15
1012,96	1429,48
1013,12	1394,67
1013,28	1392,62
1013,45	1415,15
1013,61	1470,44
1013,77	1380,33
1013,94	1329,13
1014,10	1384,43
1014,26	1388,52
1014,43	1402,86
1014,59	1368,04
1014,76	1433,58
1014,92	1529,83
1015,08	1292,27
1015,25	1290,22
1015,41	1452,01
1015,57	1431,53
1015,74	1335,28
1015,90	1415,15
1016,06	1435,63
1016,23	1409,00
1016,39	1368,04
1016,55	1511,40
1016,72	1349,61
1016,88	1382,38
1017,04	1341,42
1017,21	1384,43
1017,37	1312,75
1017,53	1421,29
1017,70	1392,62
1017,86	1458,15
1018,02	1368,04
1018,19	1411,05
1018,35	1349,61
1018,51	1400,81
1018,67	1386,47
1018,84	1318,89
1019,00	1390,57
1019,16	1464,30
1019,33	1366,00
1019,49	1480,68
1019,65	1404,91
1019,82	1363,95
1019,98	1361,90
1020,14	1425,39
1020,30	1456,11
1020,47	1374,19
1020,63	1488,87
1020,79	1435,63
1020,96	1419,24
1021,12	1402,86
1021,28	1423,34
1021,44	1380,33
1021,61	1406,95
1021,77	1374,19
1021,93	1267,69
1022,09	1454,06
1022,26	1425,39
1022,42	1370,09
1022,58	1540,07
1022,74	1429,48
1022,91	1452,01
1023,07	1486,83
1023,23	1384,43
1023,39	1361,90
1023,56	1337,32
1023,72	1452,01
1023,88	1361,90
1024,04	1366,00
1024,21	1374,19
1024,37	1456,11
1024,53	1488,87
1024,69	1335,28
1024,86	1472,49
1025,02	1466,35
1025,18	1413,10
1025,34	1390,57
1025,50	1345,52
1025,67	1312,75
1025,83	1454,06
1025,99	1421,29
1026,15	1402,86
1026,32	1349,61
1026,48	1429,48
1026,64	1431,53
1026,80	1476,59
1026,96	1402,86
1027,13	1417,19
1027,29	1488,87
1027,45	1314,80
1027,61	1353,71
1027,77	1366,00
1027,94	1404,91
1028,10	1396,71
1028,26	1421,29
1028,42	1402,86
1028,58	1386,47
1028,75	1411,05
1028,91	1484,78
1029,07	1406,95
1029,23	1404,91
1029,39	1425,39
1029,55	1427,43
1029,72	1388,52
1029,88	1509,35
1030,04	1357,80
1030,20	1345,52
1030,36	1390,57
1030,52	1384,43
1030,69	1437,67
1030,85	1386,47
1031,01	1384,43
1031,17	1363,95
1031,33	1386,47
1031,49	1413,10
1031,65	1361,90
1031,82	1372,14
1031,98	1423,34
1032,14	1335,28
1032,30	1419,24
1032,46	1431,53
1032,62	1372,14
1032,78	1421,29
1032,95	1372,14
1033,11	1392,62
1033,27	1421,29
1033,43	1353,71
1033,59	1353,71
1033,75	1511,40
1033,91	1423,34
1034,07	1419,24
1034,24	1359,85
1034,40	1468,39
1034,56	1437,67
1034,72	1443,82
1034,88	1505,26
1035,04	1441,77
1035,20	1406,95
1035,36	1304,56
1035,52	1357,80
1035,68	1345,52
1035,85	1361,90
1036,01	1337,32
1036,17	1476,59
1036,33	1409,00
1036,49	1404,91
1036,65	1398,76
1036,81	1439,72
1036,97	1376,24
1037,13	1339,37
1037,29	1380,33
1037,45	1460,20
1037,61	1335,28
1037,78	1380,33
1037,94	1349,61
1038,10	1452,01
1038,26	1419,24
1038,42	1433,58
1038,58	1392,62
1038,74	1390,57
1038,90	1384,43
1039,06	1462,25
1039,22	1437,67
1039,38	1374,19
1039,54	1456,11
1039,70	1419,24
1039,86	1361,90
1040,02	1404,91
1040,18	1415,15
1040,34	1400,81
1040,50	1390,57
1040,66	1484,78
1040,83	1374,19
1040,99	1394,67
1041,15	1419,24
1041,31	1370,09
1041,47	1433,58
1041,63	1437,67
1041,79	1413,10
1041,95	1353,71
1042,11	1488,87
1042,27	1474,54
1042,43	1339,37
1042,59	1402,86
1042,75	1460,20
1042,91	1443,82
