344,25	1275,88
344,46	1275,88
344,68	1275,88
344,90	1224,69
345,12	1300,46
345,34	1388,52
345,55	1339,37
345,77	1454,06
345,99	1345,52
346,21	1456,11
346,42	1441,77
346,64	1359,85
346,86	1314,80
347,08	1300,46
347,30	1366,00
347,51	1368,04
347,73	1439,72
347,95	1462,25
348,17	1437,67
348,38	1411,05
348,60	1359,85
348,82	1396,71
349,04	1347,56
349,25	1476,59
349,47	1445,87
349,69	1366,00
349,91	1515,50
350,13	1449,96
350,34	1433,58
350,56	1335,28
350,78	1325,04
351,00	1437,67
351,21	1492,97
351,43	1445,87
351,65	1425,39
351,87	1441,77
352,08	1478,63
352,30	1396,71
352,52	1386,47
352,74	1331,18
352,95	1392,62
353,17	1363,95
353,39	1423,34
353,61	1384,43
353,82	1433,58
354,04	1425,39
354,26	1478,63
354,47	1443,82
354,69	1363,95
354,91	1402,86
355,13	1245,16
355,34	1484,78
355,56	1437,67
355,78	1421,29
356,00	1503,21
356,21	1433,58
356,43	1386,47
356,65	1372,14
356,86	1456,11
357,08	1533,93
357,30	1466,35
357,52	1415,15
357,73	1437,67
357,95	1490,92
358,17	1441,77
358,38	1466,35
358,60	1505,26
358,82	1499,11
359,04	1480,68
359,25	1552,36
359,47	1521,64
359,69	1439,72
359,90	1488,87
360,12	1482,73
360,34	1546,22
360,56	1501,16
360,77	1501,16
360,99	1538,02
361,21	1478,63
361,42	1538,02
361,64	1566,70
361,86	1570,79
362,07	1544,17
362,29	1560,55
362,51	1538,02
362,73	1511,40
362,94	1550,31
363,16	1542,12
363,38	1529,83
363,59	1626,09
363,81	1554,41
364,03	1501,16
364,24	1562,60
364,46	1611,75
364,68	1548,26
364,89	1599,46
365,11	1615,85
365,33	1613,80
365,54	1585,13
365,76	1513,45
365,98	1607,66
366,19	1644,52
366,41	1660,90
366,63	1558,50
366,84	1589,22
367,06	1599,46
367,28	1632,23
367,49	1568,74
367,71	1615,85
367,93	1499,11
368,14	1648,61
368,36	1568,74
368,58	1538,02
368,79	1525,74
369,01	1593,32
369,23	1644,52
369,44	1533,93
369,66	1499,11
369,88	1554,41
370,09	1542,12
370,31	1585,13
370,53	1576,94
370,74	1486,83
370,96	1601,51
371,18	1525,74
371,39	1531,88
371,61	1583,08
371,82	1595,37
372,04	1617,90
372,26	1599,46
372,47	1562,60
372,69	1533,93
372,91	1701,86
373,12	1615,85
373,34	1562,60
373,56	1460,20
373,77	1552,36
373,99	1519,59
374,20	1554,41
374,42	1581,03
374,64	1607,66
374,85	1505,26
375,07	1632,23
375,29	1566,70
375,50	1527,78
375,72	1470,44
375,93	1601,51
376,15	1488,87
376,37	1558,50
376,58	1519,59
376,80	1619,94
377,01	1462,25
377,23	1542,12
377,45	1517,54
377,66	1542,12
377,88	1550,31
378,10	1558,50
378,31	1499,11
378,53	1572,84
378,74	1533,93
378,96	1593,32
379,18	1540,07
379,39	1525,74
379,61	1445,87
379,82	1466,35
380,04	1484,78
380,26	1556,46
380,47	1468,39
380,69	1445,87
380,90	1476,59
381,12	1509,35
381,33	1478,63
381,55	1466,35
381,77	1503,21
381,98	1476,59
382,20	1361,90
382,41	1437,67
382,63	1511,40
382,85	1447,91
383,06	1538,02
383,28	1505,26
383,49	1349,61
383,71	1423,34
383,92	1409,00
384,14	1425,39
384,36	1316,84
384,57	1470,44
384,79	1460,20
385,00	1456,11
385,22	1515,50
385,43	1437,67
385,65	1443,82
385,87	1431,53
386,08	1433,58
386,30	1476,59
386,51	1439,72
386,73	1456,11
386,94	1370,09
387,16	1517,54
387,37	1454,06
387,59	1587,18
387,81	1452,01
388,02	1449,96
388,24	1476,59
388,45	1456,11
388,67	1390,57
388,88	1533,93
389,10	1431,53
389,31	1497,07
389,53	1476,59
389,75	1460,20
389,96	1480,68
390,18	1429,48
390,39	1425,39
390,61	1480,68
390,82	1443,82
391,04	1527,78
391,25	1466,35
391,47	1429,48
391,68	1425,39
391,90	1552,36
392,11	1433,58
392,33	1443,82
392,54	1478,63
392,76	1368,04
392,97	1439,72
393,19	1472,49
393,41	1517,54
393,62	1464,30
393,84	1480,68
394,05	1570,79
394,27	1505,26
394,48	1437,67
394,70	1587,18
394,91	1499,11
395,13	1511,40
395,34	1503,21
395,56	1480,68
395,77	1501,16
395,99	1468,39
396,20	1480,68
396,42	1482,73
396,63	1499,11
396,85	1462,25
397,06	1386,47
397,28	1447,91
397,49	1501,16
397,71	1452,01
397,92	1441,77
398,14	1433,58
398,35	1544,17
398,57	1439,72
398,78	1515,50
399,00	1554,41
399,21	1511,40
399,43	1523,69
399,64	1558,50
399,86	1490,92
400,07	1558,50
400,29	1546,22
400,50	1535,98
400,72	1601,51
400,93	1533,93
401,14	1447,91
401,36	1509,35
401,57	1503,21
401,79	1578,98
402,00	1619,94
402,22	1505,26
402,43	1525,74
402,65	1593,32
402,86	1519,59
403,08	1583,08
403,29	1525,74
403,51	1572,84
403,72	1558,50
403,94	1527,78
404,15	1552,36
404,36	1531,88
404,58	1753,06
404,79	1597,42
405,01	1454,06
405,22	1615,85
405,44	1499,11
405,65	1529,83
405,87	1472,49
406,08	1527,78
406,30	1460,20
406,51	1597,42
406,72	1548,26
406,94	1542,12
407,15	1607,66
407,37	1552,36
407,58	1527,78
407,80	1566,70
408,01	1525,74
408,23	1511,40
408,44	1492,97
408,65	1533,93
408,87	1499,11
409,08	1529,83
409,30	1589,22
409,51	1478,63
409,73	1490,92
409,94	1617,90
410,15	1550,31
410,37	1478,63
410,58	1507,30
410,80	1585,13
411,01	1447,91
411,23	1521,64
411,44	1484,78
411,65	1681,38
411,87	1558,50
412,08	1484,78
412,30	1533,93
412,51	1435,63
412,72	1546,22
412,94	1538,02
413,15	1466,35
413,37	1460,20
413,58	1445,87
413,79	1513,45
414,01	1482,73
414,22	1527,78
414,44	1589,22
414,65	1476,59
414,86	1460,20
415,08	1490,92
415,29	1507,30
415,51	1488,87
415,72	1482,73
415,93	1527,78
416,15	1572,84
416,36	1560,55
416,58	1542,12
416,79	1501,16
417,00	1593,32
417,22	1447,91
417,43	1554,41
417,65	1568,74
417,86	1576,94
418,07	1523,69
418,29	1456,11
418,50	1570,79
418,71	1466,35
418,93	1531,88
419,14	1501,16
419,36	1480,68
419,57	1521,64
419,78	1591,27
420,00	1497,07
420,21	1525,74
420,42	1521,64
420,64	1585,13
420,85	1529,83
421,06	1552,36
421,28	1578,98
421,49	1595,37
421,71	1708,01
421,92	1578,98
422,13	1558,50
422,35	1595,37
422,56	1587,18
422,77	1556,46
422,99	1621,99
423,20	1570,79
423,41	1603,56
423,63	1585,13
423,84	1605,61
424,05	1591,27
424,27	1564,65
424,48	1570,79
424,69	1583,08
424,91	1873,89
425,12	1556,46
425,33	1607,66
425,55	1595,37
425,76	1544,17
425,97	1626,09
426,19	1636,33
426,40	1587,18
426,61	1679,33
426,83	1615,85
427,04	1581,03
427,25	1640,42
427,47	1720,29
427,68	1578,98
427,89	1683,43
428,11	1753,06
428,32	1595,37
428,53	1654,76
428,75	1605,61
428,96	1611,75
429,17	1701,86
429,39	1523,69
429,60	1712,10
429,81	1718,25
430,03	1605,61
430,24	1556,46
430,45	1603,56
430,67	1611,75
430,88	1673,19
431,09	1587,18
431,30	1617,90
431,52	1636,33
431,73	1556,46
431,94	1587,18
432,16	1703,91
432,37	1546,22
432,58	1560,55
432,80	1681,38
433,01	1646,57
433,22	1578,98
433,43	1617,90
433,65	1593,32
433,86	1509,35
434,07	1511,40
434,29	1531,88
434,50	1423,34
434,71	1538,02
434,92	1552,36
435,14	1546,22
435,35	1513,45
435,56	1515,50
435,77	1554,41
435,99	1523,69
436,20	1542,12
436,41	1540,07
436,63	1523,69
436,84	1511,40
437,05	1509,35
437,26	1550,31
437,48	1593,32
437,69	1613,80
437,90	1538,02
438,11	1464,30
438,33	1521,64
438,54	1593,32
438,75	1632,23
438,96	1605,61
439,18	1572,84
439,39	1519,59
439,60	1490,92
439,82	1474,54
440,03	1675,24
440,24	1562,60
440,45	1562,60
440,67	1578,98
440,88	1566,70
441,09	1472,49
441,30	1558,50
441,51	1599,46
441,73	1628,14
441,94	1456,11
442,15	1546,22
442,36	1576,94
442,58	1578,98
442,79	1431,53
443,00	1540,07
443,21	1656,81
443,43	1601,51
443,64	1546,22
443,85	1617,90
444,06	1566,70
444,28	1570,79
444,49	1585,13
444,70	1529,83
444,91	1656,81
445,12	1591,27
445,34	1482,73
445,55	1673,19
445,76	1535,98
445,97	1617,90
446,18	1626,09
446,40	1691,62
446,61	1466,35
446,82	1591,27
447,03	1683,43
447,25	1636,33
447,46	1587,18
447,67	1650,66
447,88	1562,60
448,09	1583,08
448,31	1716,20
448,52	1699,81
448,73	1681,38
448,94	1542,12
449,15	1705,96
449,37	1683,43
449,58	1578,98
449,79	1683,43
450,00	1892,32
450,21	1665,00
450,43	1689,57
450,64	1761,25
450,85	1712,10
451,06	1832,93
451,27	1748,97
451,48	1685,48
451,70	1646,57
451,91	1742,82
452,12	1775,59
452,33	1828,84
452,54	1714,15
452,76	1931,23
452,97	1773,54
453,18	1744,87
453,39	1738,73
453,60	1877,99
453,81	1781,73
454,03	1810,40
454,24	1902,56
454,45	1970,15
454,66	1834,98
454,87	1822,69
455,08	1812,45
455,30	2027,49
455,51	1847,27
455,72	1951,71
455,93	1937,38
456,14	1908,71
456,35	1890,28
456,56	2056,16
456,78	1941,47
456,99	1943,52
457,20	1951,71
457,41	1976,29
457,62	1998,82
457,83	2009,06
458,04	1980,39
458,26	2066,40
458,47	2013,15
458,68	2004,96
458,89	1976,29
459,10	1937,38
459,31	1966,05
459,52	2105,31
459,74	2041,82
459,95	2000,87
460,16	1988,58
460,37	2062,30
460,58	2021,35
460,79	2058,21
461,00	2025,44
461,21	1923,04
461,43	1992,67
461,64	2023,39
461,85	1900,52
462,06	2015,20
462,27	1910,75
462,48	2150,37
462,69	2021,35
462,90	1990,63
463,12	2164,70
463,33	2045,92
463,54	1900,52
463,75	2142,18
463,96	2070,50
464,17	2015,20
464,38	1949,67
464,59	2086,88
464,80	2023,39
465,01	2002,91
465,23	2017,25
465,44	1978,34
465,65	1982,43
465,86	2066,40
466,07	2090,98
466,28	2093,02
466,49	2013,15
466,70	2291,68
466,91	2199,52
467,12	2242,53
467,33	2074,59
467,55	2308,06
467,76	2127,84
467,97	2197,47
468,18	2269,15
468,39	2463,71
468,60	2297,82
468,81	2424,80
469,02	2306,01
469,23	2357,21
469,44	2455,51
469,65	2449,37
469,86	2291,68
470,07	2527,19
470,29	2541,53
470,50	2439,13
470,71	2349,02
470,92	2600,92
471,13	2394,08
471,34	2592,73
471,55	2475,99
471,76	2578,39
471,97	2400,22
472,18	2496,47
472,39	2498,52
472,60	2602,97
472,81	2529,24
473,02	2852,82
473,23	2617,30
473,44	2725,85
473,65	2629,59
473,87	2668,50
474,08	2674,65
474,29	2676,70
474,50	2635,74
474,71	2719,70
474,92	2662,36
475,13	2830,29
475,34	2621,40
475,55	2723,80
475,76	2557,91
475,97	2758,61
476,18	2514,91
476,39	2883,54
476,60	2568,15
476,81	2830,29
477,02	2688,98
477,23	2656,22
477,44	2617,30
477,65	2562,01
477,86	2682,84
478,07	2914,26
478,28	2406,36
478,49	2641,88
478,70	2373,60
478,91	2670,55
479,12	2435,03
479,33	2611,16
479,54	2494,43
479,75	2600,92
479,96	2488,28
480,17	2475,99
480,38	2275,29
480,59	2443,23
480,80	2367,45
481,01	2473,95
481,22	2187,23
481,43	2467,80
481,64	2156,51
481,85	2381,79
482,06	2215,90
482,27	2383,84
482,48	2209,76
482,69	2244,57
482,90	2193,37
483,11	2291,68
483,32	2070,50
483,53	2054,11
483,74	2117,60
483,95	2228,19
484,16	1945,57
484,37	2179,04
484,58	2074,59
484,79	2277,34
485,00	2033,63
485,21	2146,27
485,42	2027,49
485,63	2107,36
485,84	1923,04
486,05	1945,57
486,26	1884,13
486,47	2076,64
486,68	1992,67
486,89	2060,26
487,10	1855,46
487,31	1927,14
487,52	1832,93
487,73	2043,87
487,94	1818,60
488,15	1812,45
488,36	1912,80
488,57	1845,22
488,77	1759,21
488,98	1781,73
489,19	1779,68
489,40	1972,19
489,61	1783,78
489,82	1955,81
490,03	1798,12
490,24	1783,78
490,45	1837,03
490,66	1730,53
490,87	1816,55
491,08	1851,36
491,29	1748,97
491,50	1751,01
491,71	1763,30
491,92	1882,08
492,13	1712,10
492,33	1746,92
492,54	1679,33
492,75	1738,73
492,96	1621,99
493,17	1712,10
493,38	1716,20
493,59	1673,19
493,80	1671,14
494,01	1728,49
494,22	1703,91
494,43	1708,01
494,64	1712,10
494,85	1656,81
495,05	1636,33
495,26	1652,71
495,47	1740,77
495,68	1677,29
495,89	1624,04
496,10	1484,78
496,31	1644,52
496,52	1601,51
496,73	1517,54
496,94	1605,61
497,15	1650,66
497,35	1615,85
497,56	1529,83
497,77	1650,66
497,98	1527,78
498,19	1564,65
498,40	1667,05
498,61	1714,15
498,82	1550,31
499,03	1554,41
499,23	1601,51
499,44	1574,89
499,65	1632,23
499,86	1544,17
500,07	1472,49
500,28	1626,09
500,49	1576,94
500,70	1523,69
500,91	1523,69
501,11	1560,55
501,32	1490,92
501,53	1531,88
501,74	1538,02
501,95	1413,10
502,16	1505,26
502,37	1423,34
502,57	1519,59
502,78	1519,59
502,99	1521,64
503,20	1626,09
503,41	1538,02
503,62	1497,07
503,83	1621,99
504,03	1597,42
504,24	1449,96
504,45	1576,94
504,66	1454,06
504,87	1466,35
505,08	1478,63
505,29	1421,29
505,49	1435,63
505,70	1554,41
505,91	1445,87
506,12	1456,11
506,33	1476,59
506,54	1501,16
506,75	1480,68
506,95	1535,98
507,16	1554,41
507,37	1495,02
507,58	1456,11
507,79	1550,31
508,00	1517,54
508,20	1466,35
508,41	1497,07
508,62	1499,11
508,83	1527,78
509,04	1439,72
509,24	1470,44
509,45	1779,68
509,66	1478,63
509,87	1544,17
510,08	1517,54
510,29	1435,63
510,49	1548,26
510,70	1484,78
510,91	1460,20
511,12	1529,83
511,33	1456,11
511,53	1415,15
511,74	1439,72
511,95	1423,34
512,16	1550,31
512,37	1556,46
512,57	1413,10
512,78	1525,74
512,99	1417,19
513,20	1437,67
513,41	1546,22
513,61	1425,39
513,82	1454,06
514,03	1490,92
514,24	1482,73
514,45	1533,93
514,65	1476,59
514,86	1527,78
515,07	1533,93
515,28	1447,91
515,49	1492,97
515,69	1538,02
515,90	1492,97
516,11	1519,59
516,32	1415,15
516,52	1454,06
516,73	1488,87
516,94	1525,74
517,15	1531,88
517,36	1449,96
517,56	1513,45
517,77	1351,66
517,98	1488,87
518,19	1415,15
518,39	1466,35
518,60	1404,91
518,81	1431,53
519,02	1474,54
519,22	1380,33
519,43	1560,55
519,64	1517,54
519,85	1445,87
520,05	1431,53
520,26	1409,00
520,47	1492,97
520,68	1400,81
520,88	1435,63
521,09	1482,73
521,30	1472,49
521,51	1476,59
521,71	1466,35
521,92	1472,49
522,13	1376,24
522,34	1454,06
522,54	1445,87
522,75	1452,01
522,96	1456,11
523,17	1435,63
523,37	1535,98
523,58	1421,29
523,79	1427,43
523,99	1466,35
524,20	1468,39
524,41	1425,39
524,62	1519,59
524,82	1464,30
525,03	1484,78
525,24	1398,76
525,45	1380,33
525,65	1378,28
525,86	1492,97
526,07	1497,07
526,27	1431,53
526,48	1386,47
526,69	1486,83
526,90	1404,91
527,10	1523,69
527,31	1490,92
527,52	1286,12
527,72	1486,83
527,93	1454,06
528,14	1421,29
528,34	1456,11
528,55	1349,61
528,76	1492,97
528,97	1406,95
529,17	1376,24
529,38	1398,76
529,59	1462,25
529,79	1468,39
530,00	1482,73
530,21	1535,98
530,41	1441,77
530,62	1478,63
530,83	1535,98
531,03	1538,02
531,24	1535,98
531,45	1443,82
531,65	1519,59
531,86	1472,49
532,07	1523,69
532,27	1452,01
532,48	1458,15
532,69	1441,77
532,89	1509,35
533,10	1507,30
533,31	1466,35
533,51	1413,10
533,72	1380,33
533,93	1515,50
534,13	1409,00
534,34	1411,05
534,55	1499,11
534,75	1449,96
534,96	1601,51
535,17	1413,10
535,37	1456,11
535,58	1470,44
535,79	1415,15
535,99	1439,72
536,20	1388,52
536,41	1411,05
536,61	1396,71
536,82	1527,78
537,03	1384,43
537,23	1439,72
537,44	1431,53
537,64	1464,30
537,85	1413,10
538,06	1531,88
538,26	1525,74
538,47	1472,49
538,68	1462,25
538,88	1290,22
539,09	1372,14
539,30	1411,05
539,50	1472,49
539,71	1386,47
539,91	1480,68
540,12	1419,24
540,33	1472,49
540,53	1378,28
540,74	1337,32
540,94	1380,33
541,15	1464,30
541,36	1378,28
541,56	1476,59
541,77	1509,35
541,98	1513,45
542,18	1421,29
542,39	1521,64
542,59	1456,11
542,80	1380,33
543,01	1406,95
543,21	1409,00
543,42	1495,02
543,62	1499,11
543,83	1435,63
544,04	1400,81
544,24	1535,98
544,45	1433,58
544,65	1535,98
544,86	1462,25
545,06	1396,71
545,27	1476,59
545,48	1474,54
545,68	1474,54
545,89	1476,59
546,09	1472,49
546,30	1398,76
546,51	1472,49
546,71	1419,24
546,92	1495,02
547,12	1423,34
547,33	1550,31
547,53	1402,86
547,74	1492,97
547,95	1423,34
548,15	1406,95
548,36	1478,63
548,56	1472,49
548,77	1454,06
548,97	1511,40
549,18	1359,85
549,39	1488,87
549,59	1486,83
549,80	1404,91
550,00	1437,67
550,21	1386,47
550,41	1466,35
550,62	1441,77
550,82	1427,43
551,03	1421,29
551,23	1347,56
551,44	1458,15
551,65	1441,77
551,85	1431,53
552,06	1433,58
552,26	1427,43
552,47	1404,91
552,67	1464,30
552,88	1460,20
553,08	1441,77
553,29	1437,67
553,49	1386,47
553,70	1476,59
553,90	1548,26
554,11	1421,29
554,32	1505,26
554,52	1431,53
554,73	1351,66
554,93	1429,48
555,14	1421,29
555,34	1480,68
555,55	1497,07
555,75	1423,34
555,96	1396,71
556,16	1419,24
556,37	1488,87
556,57	1374,19
556,78	1439,72
556,98	1525,74
557,19	1531,88
557,39	1390,57
557,60	1445,87
557,80	1429,48
558,01	1376,24
558,21	1423,34
558,42	1505,26
558,62	1460,20
558,83	1523,69
559,03	1398,76
559,24	1421,29
559,44	1538,02
559,65	1464,30
559,85	1386,47
560,06	1386,47
560,26	1411,05
560,47	1452,01
560,67	1533,93
560,88	1421,29
561,08	1523,69
561,29	1525,74
561,49	1392,62
561,70	1425,39
561,90	1443,82
562,10	1456,11
562,31	1439,72
562,51	1361,90
562,72	1384,43
562,92	1511,40
563,13	1464,30
563,33	1431,53
563,54	1505,26
563,74	1468,39
563,95	1366,00
564,15	1413,10
564,36	1538,02
564,56	1411,05
564,76	1423,34
564,97	1384,43
565,17	1415,15
565,38	1439,72
565,58	1456,11
565,79	1466,35
565,99	1501,16
566,20	1458,15
566,40	1415,15
566,60	1507,30
566,81	1497,07
567,01	1476,59
567,22	1388,52
567,42	1523,69
567,63	1406,95
567,83	1443,82
568,04	1447,91
568,24	1521,64
568,44	1490,92
568,65	1497,07
568,85	1458,15
569,06	1329,13
569,26	1425,39
569,47	1468,39
569,67	1452,01
569,87	1423,34
570,08	1456,11
570,28	1386,47
570,49	1411,05
570,69	1460,20
570,89	1570,79
571,10	1441,77
571,30	1439,72
571,51	1460,20
571,71	1503,21
571,91	1546,22
572,12	1413,10
572,32	1409,00
572,53	1464,30
572,73	1517,54
572,93	1497,07
573,14	1472,49
573,34	1501,16
573,55	1368,04
573,75	1488,87
573,95	1441,77
574,16	1454,06
574,36	1423,34
574,57	1495,02
574,77	1439,72
574,97	1445,87
575,18	1435,63
575,38	1349,61
575,59	1452,01
575,79	1288,17
575,99	1435,63
576,20	1492,97
576,40	1441,77
576,60	1490,92
576,81	1402,86
577,01	1521,64
577,22	1454,06
577,42	1454,06
577,62	1427,43
577,83	1456,11
578,03	1521,64
578,23	1466,35
578,44	1431,53
578,64	1429,48
578,84	1474,54
579,05	1427,43
579,25	1398,76
579,45	1472,49
579,66	1384,43
579,86	1429,48
580,07	1470,44
580,27	1482,73
580,47	1466,35
580,68	1413,10
580,88	1443,82
581,08	1396,71
581,29	1437,67
581,49	1456,11
581,69	1449,96
581,90	1497,07
582,10	1425,39
582,30	1370,09
582,51	1431,53
582,71	1320,94
582,91	1374,19
583,12	1482,73
583,32	1380,33
583,52	1439,72
583,73	1388,52
583,93	1400,81
584,13	1472,49
584,34	1427,43
584,54	1476,59
584,74	1497,07
584,94	1427,43
585,15	1474,54
585,35	1468,39
585,55	1415,15
585,76	1507,30
585,96	1406,95
586,16	1499,11
586,37	1400,81
586,57	1308,65
586,77	1439,72
586,98	1386,47
587,18	1474,54
587,38	1452,01
587,58	1445,87
587,79	1499,11
587,99	1396,71
588,19	1449,96
588,40	1329,13
588,60	1540,07
588,80	1492,97
589,00	1511,40
589,21	1452,01
589,41	1396,71
589,61	1415,15
589,82	1415,15
590,02	1411,05
590,22	1464,30
590,42	1458,15
590,63	1468,39
590,83	1417,19
591,03	1363,95
591,23	1460,20
591,44	1363,95
591,64	1464,30
591,84	1452,01
592,05	1519,59
592,25	1464,30
592,45	1476,59
592,65	1454,06
592,86	1468,39
593,06	1458,15
593,26	1409,00
593,46	1519,59
593,67	1402,86
593,87	1497,07
594,07	1380,33
594,27	1490,92
594,48	1425,39
594,68	1376,24
594,88	1409,00
595,08	1470,44
595,29	1464,30
595,49	1425,39
595,69	1374,19
595,89	1468,39
596,10	1482,73
596,30	1425,39
596,50	1394,67
596,70	1513,45
596,90	1456,11
597,11	1447,91
597,31	1382,38
597,51	1423,34
597,71	1503,21
597,92	1421,29
598,12	1413,10
598,32	1423,34
598,52	1492,97
598,72	1378,28
598,93	1476,59
599,13	1447,91
599,33	1439,72
599,53	1468,39
599,74	1437,67
599,94	1478,63
600,14	1466,35
600,34	1398,76
600,54	1464,30
600,75	1441,77
600,95	1423,34
601,15	1515,50
601,35	1441,77
601,55	1419,24
601,76	1449,96
601,96	1544,17
602,16	1437,67
602,36	1497,07
602,56	1423,34
602,76	1380,33
602,97	1382,38
603,17	1439,72
603,37	1411,05
603,57	1439,72
603,77	1398,76
603,98	1425,39
604,18	1429,48
604,38	1372,14
604,58	1363,95
604,78	1439,72
604,98	1427,43
605,19	1419,24
605,39	1413,10
605,59	1478,63
605,79	1456,11
605,99	1445,87
606,19	1447,91
606,40	1425,39
606,60	1468,39
606,80	1456,11
607,00	1447,91
607,20	1431,53
607,40	1392,62
607,61	1480,68
607,81	1423,34
608,01	1454,06
608,21	1427,43
608,41	1497,07
608,61	1433,58
608,81	1351,66
609,02	1404,91
609,22	1484,78
609,42	1433,58
609,62	1468,39
609,82	1431,53
610,02	1447,91
610,22	1466,35
610,43	1359,85
610,63	1486,83
610,83	1456,11
611,03	1454,06
611,23	1452,01
611,43	1452,01
611,63	1542,12
611,83	1376,24
612,04	1366,00
612,24	1484,78
612,44	1439,72
612,64	1433,58
612,84	1378,28
613,04	1452,01
613,24	1445,87
613,44	1378,28
613,64	1388,52
613,85	1443,82
614,05	1519,59
614,25	1492,97
614,45	1376,24
614,65	1531,88
614,85	1415,15
615,05	1409,00
615,25	1433,58
615,45	1370,09
615,65	1413,10
615,86	1439,72
616,06	1456,11
616,26	1462,25
616,46	1480,68
616,66	1427,43
616,86	1435,63
617,06	1380,33
617,26	1394,67
617,46	1431,53
617,66	1484,78
617,86	1452,01
618,07	1384,43
618,27	1468,39
618,47	1413,10
618,67	1495,02
618,87	1429,48
619,07	1423,34
619,27	1474,54
619,47	1435,63
619,67	1454,06
619,87	1409,00
620,07	1478,63
620,27	1476,59
620,47	1409,00
620,67	1488,87
620,87	1474,54
621,07	1570,79
621,28	1492,97
621,48	1484,78
621,68	1490,92
621,88	1505,26
622,08	1452,01
622,28	1503,21
622,48	1452,01
622,68	1386,47
622,88	1474,54
623,08	1466,35
623,28	1478,63
623,48	1437,67
623,68	1462,25
623,88	1474,54
624,08	1558,50
624,28	1431,53
624,48	1411,05
624,68	1480,68
624,88	1517,54
625,08	1464,30
625,28	1404,91
625,48	1415,15
625,68	1445,87
625,88	1476,59
626,08	1439,72
626,28	1452,01
626,48	1404,91
626,68	1492,97
626,88	1392,62
627,08	1492,97
627,28	1546,22
627,48	1413,10
627,68	1417,19
627,88	1468,39
628,08	1505,26
628,28	1425,39
628,49	1560,55
628,68	1460,20
628,88	1519,59
629,08	1447,91
629,28	1505,26
629,48	1474,54
629,68	1484,78
629,88	1447,91
630,08	1540,07
630,28	1456,11
630,48	1507,30
630,68	1447,91
630,88	1460,20
631,08	1478,63
631,28	1445,87
631,48	1366,00
631,68	1409,00
631,88	1441,77
632,08	1433,58
632,28	1470,44
632,48	1398,76
632,68	1445,87
632,88	1439,72
633,08	1390,57
633,28	1421,29
633,48	1488,87
633,68	1425,39
633,88	1472,49
634,08	1540,07
634,28	1427,43
634,48	1505,26
634,68	1398,76
634,88	1447,91
635,08	1361,90
635,28	1468,39
635,48	1406,95
635,68	1480,68
635,87	1431,53
636,07	1495,02
636,27	1396,71
636,47	1478,63
636,67	1529,83
636,87	1464,30
637,07	1511,40
637,27	1462,25
637,47	1427,43
637,67	1564,65
637,87	1417,19
638,07	1564,65
638,27	1441,77
638,47	1431,53
638,67	1443,82
638,86	1562,60
639,06	1468,39
639,26	1472,49
639,46	1419,24
639,66	1472,49
639,86	1472,49
640,06	1470,44
640,26	1447,91
640,46	1464,30
640,66	1492,97
640,86	1509,35
641,06	1435,63
641,25	1507,30
641,45	1409,00
641,65	1503,21
641,85	1513,45
642,05	1484,78
642,25	1449,96
642,45	1421,29
642,65	1394,67
642,85	1431,53
643,05	1474,54
643,24	1449,96
643,44	1468,39
643,64	1484,78
643,84	1372,14
644,04	1472,49
644,24	1478,63
644,44	1398,76
644,64	1433,58
644,84	1517,54
645,03	1476,59
645,23	1454,06
645,43	1427,43
645,63	1507,30
645,83	1474,54
646,03	1431,53
646,23	1447,91
646,42	1550,31
646,62	1482,73
646,82	1419,24
647,02	1415,15
647,22	1497,07
647,42	1402,86
647,62	1515,50
647,82	1409,00
648,01	1599,46
648,21	1374,19
648,41	1523,69
648,61	1476,59
648,81	1511,40
649,01	1447,91
649,20	1411,05
649,40	1400,81
649,60	1370,09
649,80	1361,90
650,00	1351,66
650,20	1519,59
650,40	1542,12
650,59	1361,90
650,79	1476,59
650,99	1499,11
651,19	1456,11
651,39	1499,11
651,58	1478,63
651,78	1417,19
651,98	1515,50
652,18	1394,67
652,38	1517,54
652,58	1380,33
652,77	1415,15
652,97	1499,11
653,17	1484,78
653,37	1495,02
653,57	1517,54
653,77	1538,02
653,96	1564,65
654,16	1464,30
654,36	1415,15
654,56	1445,87
654,76	1511,40
654,95	1384,43
655,15	1466,35
655,35	1497,07
655,55	1372,14
655,75	1425,39
655,94	1495,02
656,14	1454,06
656,34	1431,53
656,54	1499,11
656,73	1478,63
656,93	1402,86
657,13	1492,97
657,33	1458,15
657,53	1458,15
657,72	1513,45
657,92	1423,34
658,12	1378,28
658,32	1517,54
658,52	1433,58
658,71	1501,16
658,91	1417,19
659,11	1464,30
659,31	1460,20
659,50	1337,32
659,70	1462,25
659,90	1484,78
660,10	1441,77
660,29	1472,49
660,49	1419,24
660,69	1378,28
660,89	1497,07
661,08	1462,25
661,28	1445,87
661,48	1370,09
661,68	1392,62
661,87	1435,63
662,07	1472,49
662,27	1503,21
662,47	1511,40
662,66	1472,49
662,86	1433,58
663,06	1425,39
663,26	1372,14
663,45	1466,35
663,65	1509,35
663,85	1443,82
664,05	1488,87
664,24	1421,29
664,44	1480,68
664,64	1468,39
664,84	1480,68
665,03	1544,17
665,23	1488,87
665,43	1435,63
665,62	1425,39
665,82	1527,78
666,02	1499,11
666,22	1474,54
666,41	1452,01
666,61	1515,50
666,81	1492,97
667,00	1413,10
667,20	1429,48
667,40	1472,49
667,60	1439,72
667,79	1505,26
667,99	1406,95
668,19	1445,87
668,38	1466,35
668,58	1331,18
668,78	1468,39
668,97	1562,60
669,17	1466,35
669,37	1521,64
669,57	1452,01
669,76	1439,72
669,96	1490,92
670,16	1474,54
670,35	1456,11
670,55	1460,20
670,75	1404,91
670,94	1368,04
671,14	1486,83
671,34	1466,35
671,53	1392,62
671,73	1439,72
671,93	1447,91
672,12	1492,97
672,32	1441,77
672,52	1488,87
672,71	1456,11
672,91	1445,87
673,11	1460,20
673,30	1509,35
673,50	1462,25
673,70	1413,10
673,89	1476,59
674,09	1421,29
674,29	1429,48
674,48	1562,60
674,68	1452,01
674,88	1425,39
675,07	1447,91
675,27	1492,97
675,46	1476,59
675,66	1435,63
675,86	1447,91
676,05	1419,24
676,25	1468,39
676,45	1437,67
676,64	1445,87
676,84	1531,88
677,04	1402,86
677,23	1468,39
677,43	1370,09
677,62	1468,39
677,82	1460,20
678,02	1482,73
678,21	1435,63
678,41	1435,63
678,61	1351,66
678,80	1466,35
679,00	1472,49
679,19	1517,54
679,39	1468,39
679,59	1507,30
679,78	1431,53
679,98	1421,29
680,17	1378,28
680,37	1474,54
680,57	1429,48
680,76	1464,30
680,96	1417,19
681,16	1335,28
681,35	1458,15
681,55	1449,96
681,74	1368,04
681,94	1482,73
682,13	1480,68
682,33	1529,83
682,53	1384,43
682,72	1361,90
682,92	1390,57
683,11	1519,59
683,31	1540,07
683,51	1433,58
683,70	1382,38
683,90	1513,45
684,09	1470,44
684,29	1519,59
684,48	1456,11
684,68	1466,35
684,88	1499,11
685,07	1441,77
685,27	1435,63
685,46	1413,10
685,66	1476,59
685,85	1531,88
686,05	1492,97
686,25	1470,44
686,44	1464,30
686,64	1529,83
686,83	1478,63
687,03	1546,22
687,22	1421,29
687,42	1415,15
687,61	1558,50
687,81	1454,06
688,01	1535,98
688,20	1417,19
688,40	1368,04
688,59	1435,63
688,79	1509,35
688,98	1478,63
689,18	1443,82
689,37	1392,62
689,57	1529,83
689,76	1505,26
689,96	1464,30
690,15	1441,77
690,35	1423,34
690,54	1495,02
690,74	1474,54
690,94	1423,34
691,13	1503,21
691,33	1509,35
691,52	1509,35
691,72	1544,17
691,91	1499,11
692,11	1474,54
692,30	1415,15
692,50	1484,78
692,69	1443,82
692,89	1456,11
693,08	1452,01
693,28	1497,07
693,47	1449,96
693,67	1554,41
693,86	1484,78
694,06	1488,87
694,25	1472,49
694,45	1546,22
694,64	1437,67
694,84	1466,35
695,03	1406,95
695,23	1527,78
695,42	1462,25
695,62	1466,35
695,81	1492,97
696,01	1413,10
696,20	1380,33
696,40	1456,11
696,59	1441,77
696,78	1423,34
696,98	1521,64
697,17	1449,96
697,37	1429,48
697,56	1447,91
697,76	1456,11
697,95	1544,17
698,15	1429,48
698,34	1456,11
698,54	1476,59
698,73	1482,73
698,93	1376,24
699,12	1427,43
699,32	1421,29
699,51	1484,78
699,70	1427,43
699,90	1423,34
700,09	1486,83
700,29	1423,34
700,48	1308,65
700,68	1449,96
700,87	1384,43
701,07	1466,35
701,26	1484,78
701,45	1456,11
701,65	1435,63
701,84	1404,91
702,04	1441,77
702,23	1433,58
702,43	1419,24
702,62	1456,11
702,81	1439,72
703,01	1452,01
703,20	1439,72
703,40	1411,05
703,59	1468,39
703,79	1452,01
703,98	1480,68
704,17	1402,86
704,37	1452,01
704,56	1445,87
704,76	1325,04
704,95	1480,68
705,14	1361,90
705,34	1390,57
705,53	1345,52
705,73	1376,24
705,92	1460,20
706,11	1445,87
706,31	1458,15
706,50	1425,39
706,70	1445,87
706,89	1441,77
707,08	1368,04
707,28	1384,43
707,47	1435,63
707,67	1443,82
707,86	1382,38
708,05	1427,43
708,25	1417,19
708,44	1421,29
708,64	1386,47
708,83	1333,23
709,02	1355,76
709,22	1454,06
709,41	1355,76
709,60	1431,53
709,80	1472,49
709,99	1413,10
710,19	1368,04
710,38	1466,35
710,57	1370,09
710,77	1374,19
710,96	1325,04
711,15	1308,65
711,35	1337,32
711,54	1476,59
711,73	1275,88
711,93	1357,80
712,12	1388,52
712,31	1421,29
712,51	1357,80
712,70	1325,04
712,89	1370,09
713,09	1366,00
713,28	1474,54
713,48	1433,58
713,67	1361,90
713,86	1366,00
714,06	1314,80
714,25	1314,80
714,44	1370,09
714,64	1472,49
714,83	1300,46
715,02	1359,85
715,22	1359,85
715,41	1445,87
715,60	1292,27
715,79	1409,00
715,99	1357,80
716,18	1413,10
716,37	1441,77
716,57	1419,24
716,76	1363,95
716,95	1427,43
717,15	1419,24
717,34	1429,48
717,53	1419,24
717,73	1417,19
717,92	1429,48
718,11	1533,93
718,31	1406,95
718,50	1370,09
718,69	1314,80
718,88	1476,59
719,08	1396,71
719,27	1333,23
719,46	1409,00
719,66	1447,91
719,85	1355,76
720,04	1517,54
720,23	1355,76
720,43	1402,86
720,62	1382,38
720,81	1398,76
721,01	1374,19
721,20	1429,48
721,39	1396,71
721,58	1345,52
721,78	1492,97
721,97	1353,71
722,16	1363,95
722,35	1443,82
722,55	1325,04
722,74	1439,72
722,93	1380,33
723,13	1415,15
723,32	1359,85
723,51	1435,63
723,70	1445,87
723,90	1359,85
724,09	1394,67
724,28	1384,43
724,47	1437,67
724,67	1445,87
724,86	1390,57
725,05	1357,80
725,24	1380,33
725,44	1488,87
725,63	1337,32
725,82	1402,86
726,01	1394,67
726,21	1396,71
726,40	1431,53
726,59	1474,54
726,78	1472,49
726,97	1409,00
727,17	1386,47
727,36	1458,15
727,55	1449,96
727,74	1357,80
727,94	1390,57
728,13	1466,35
728,32	1376,24
728,51	1378,28
728,70	1404,91
728,90	1329,13
729,09	1470,44
729,28	1447,91
729,47	1378,28
729,66	1447,91
729,86	1476,59
730,05	1409,00
730,24	1374,19
730,43	1452,01
730,63	1404,91
730,82	1480,68
731,01	1464,30
731,20	1388,52
731,39	1372,14
731,58	1423,34
731,78	1415,15
731,97	1394,67
732,16	1366,00
732,35	1482,73
732,54	1411,05
732,74	1468,39
732,93	1443,82
733,12	1415,15
733,31	1427,43
733,50	1349,61
733,69	1347,56
733,89	1517,54
734,08	1427,43
734,27	1349,61
734,46	1492,97
734,65	1398,76
734,84	1320,94
735,04	1361,90
735,23	1417,19
735,42	1359,85
735,61	1429,48
735,80	1400,81
735,99	1355,76
736,19	1351,66
736,38	1300,46
736,57	1382,38
736,76	1351,66
736,95	1392,62
737,14	1441,77
737,33	1396,71
737,53	1486,83
737,72	1378,28
737,91	1421,29
738,10	1445,87
738,29	1378,28
738,48	1415,15
738,67	1415,15
738,87	1433,58
739,06	1441,77
739,25	1419,24
739,44	1347,56
739,63	1456,11
739,82	1372,14
740,01	1363,95
740,20	1370,09
740,40	1386,47
740,59	1376,24
740,78	1447,91
740,97	1435,63
741,16	1384,43
741,35	1439,72
741,54	1392,62
741,73	1441,77
741,92	1386,47
742,12	1411,05
742,31	1400,81
742,50	1419,24
742,69	1452,01
742,88	1439,72
743,07	1431,53
743,26	1486,83
743,45	1437,67
743,64	1357,80
743,83	1329,13
744,02	1474,54
744,22	1425,39
744,41	1484,78
744,60	1441,77
744,79	1396,71
744,98	1374,19
745,17	1390,57
745,36	1392,62
745,55	1400,81
745,74	1392,62
745,93	1468,39
746,12	1368,04
746,31	1421,29
746,50	1415,15
746,70	1312,75
746,89	1417,19
747,08	1310,70
747,27	1363,95
747,46	1402,86
747,65	1452,01
747,84	1456,11
748,03	1413,10
748,22	1480,68
748,41	1409,00
748,60	1441,77
748,79	1351,66
748,98	1390,57
749,17	1382,38
749,36	1495,02
749,55	1468,39
749,74	1386,47
749,93	1523,69
750,12	1331,18
750,31	1402,86
750,50	1425,39
750,70	1386,47
750,89	1521,64
751,08	1677,29
751,27	1488,87
751,46	1333,23
751,65	1417,19
751,84	1437,67
752,03	1388,52
752,22	1452,01
752,41	1456,11
752,60	1406,95
752,79	1431,53
752,98	1435,63
753,17	1406,95
753,36	1484,78
753,55	1431,53
753,74	1406,95
753,93	1472,49
754,12	1437,67
754,31	1497,07
754,50	1466,35
754,69	1421,29
754,88	1486,83
755,07	1376,24
755,26	1478,63
755,45	1359,85
755,64	1464,30
755,83	1409,00
756,02	1392,62
756,21	1445,87
756,40	1517,54
756,59	1394,67
756,78	1499,11
756,97	1490,92
757,16	1423,34
757,35	1456,11
757,54	1415,15
757,72	1449,96
757,91	1402,86
758,10	1370,09
758,29	1351,66
758,48	1503,21
758,67	1409,00
758,86	1355,76
759,05	1415,15
759,24	1456,11
759,43	1507,30
759,62	1386,47
759,81	1456,11
760,00	1460,20
760,19	1472,49
760,38	1472,49
760,57	1466,35
760,76	1435,63
760,95	1476,59
761,14	1406,95
761,33	1447,91
761,52	1417,19
761,70	1419,24
761,89	1376,24
762,08	1478,63
762,27	1517,54
762,46	1413,10
762,65	1456,11
762,84	1445,87
763,03	1456,11
763,22	1460,20
763,41	1486,83
763,60	1378,28
763,79	1490,92
763,98	1531,88
764,16	1443,82
764,35	1497,07
764,54	1521,64
764,73	1527,78
764,92	1452,01
765,11	1458,15
765,30	1452,01
765,49	1429,48
765,68	1486,83
765,87	1527,78
766,06	1462,25
766,24	1468,39
766,43	1413,10
766,62	1517,54
766,81	1417,19
767,00	1476,59
767,19	1454,06
767,38	1486,83
767,57	1429,48
767,76	1509,35
767,94	1423,34
768,13	1435,63
768,32	1357,80
768,51	1499,11
768,70	1501,16
768,89	1476,59
769,08	1427,43
769,27	1478,63
769,45	1439,72
769,64	1550,31
769,83	1482,73
770,02	1423,34
770,21	1486,83
770,40	1445,87
770,59	1458,15
770,77	1441,77
770,96	1535,98
771,15	1460,20
771,34	1462,25
771,53	1523,69
771,72	1501,16
771,91	1478,63
772,09	1470,44
772,28	1390,57
772,47	1386,47
772,66	1490,92
772,85	1452,01
773,04	1460,20
773,22	1441,77
773,41	1472,49
773,60	1472,49
773,79	1419,24
773,98	1431,53
774,17	1478,63
774,35	1411,05
774,54	1433,58
774,73	1449,96
774,92	1466,35
775,11	1562,60
775,30	1583,08
775,48	1468,39
775,67	1503,21
775,86	1384,43
776,05	1546,22
776,24	1484,78
776,42	1466,35
776,61	1427,43
776,80	1478,63
776,99	1509,35
777,18	1509,35
777,36	1495,02
777,55	1466,35
777,74	1509,35
777,93	1466,35
778,12	1462,25
778,30	1501,16
778,49	1509,35
778,68	1544,17
778,87	1433,58
779,06	1505,26
779,24	1452,01
779,43	1535,98
779,62	1499,11
779,81	1513,45
779,99	1454,06
780,18	1499,11
780,37	1472,49
780,56	1538,02
780,75	1484,78
780,93	1476,59
781,12	1548,26
781,31	1505,26
781,50	1400,81
781,68	1468,39
781,87	1495,02
782,06	1419,24
782,25	1505,26
782,43	1488,87
782,62	1400,81
782,81	1521,64
783,00	1361,90
783,18	1476,59
783,37	1517,54
783,56	1441,77
783,75	1464,30
783,93	1488,87
784,12	1429,48
784,31	1486,83
784,50	1431,53
784,68	1490,92
784,87	1466,35
785,06	1546,22
785,24	1460,20
785,43	1415,15
785,62	1429,48
785,81	1527,78
785,99	1472,49
786,18	1454,06
786,37	1435,63
786,56	1386,47
786,74	1431,53
786,93	1429,48
787,12	1374,19
787,30	1449,96
787,49	1482,73
787,68	1441,77
787,87	1419,24
788,05	1464,30
788,24	1439,72
788,43	1382,38
788,61	1564,65
788,80	1400,81
788,99	1431,53
789,17	1480,68
789,36	1345,52
789,55	1472,49
789,73	1431,53
789,92	1409,00
790,11	1406,95
790,30	1386,47
790,48	1392,62
790,67	1464,30
790,86	1488,87
791,04	1535,98
791,23	1452,01
791,42	1488,87
791,60	1402,86
791,79	1386,47
791,98	1331,18
792,16	1482,73
792,35	1454,06
792,54	1454,06
792,72	1533,93
792,91	1515,50
793,10	1425,39
793,28	1413,10
793,47	1417,19
793,66	1452,01
793,84	1394,67
794,03	1363,95
794,22	1415,15
794,40	1478,63
794,59	1435,63
794,77	1464,30
794,96	1427,43
795,15	1439,72
795,33	1439,72
795,52	1449,96
795,71	1456,11
795,89	1374,19
796,08	1441,77
796,27	1458,15
796,45	1361,90
796,64	1402,86
796,82	1400,81
797,01	1343,47
797,20	1480,68
797,38	1390,57
797,57	1411,05
797,76	1443,82
797,94	1468,39
798,13	1501,16
798,31	1398,76
798,50	1425,39
798,69	1382,38
798,87	1384,43
799,06	1372,14
799,24	1370,09
799,43	1435,63
799,62	1374,19
799,80	1402,86
799,99	1468,39
800,17	1437,67
800,36	1492,97
800,55	1386,47
800,73	1402,86
800,92	1425,39
801,10	1380,33
801,29	1443,82
801,48	1400,81
801,66	1462,25
801,85	1374,19
802,03	1435,63
802,22	1497,07
802,40	1392,62
802,59	1409,00
802,78	1425,39
802,96	1476,59
803,15	1535,98
803,33	1411,05
803,52	1460,20
803,70	1425,39
803,89	1441,77
804,08	1402,86
804,26	1460,20
804,45	1470,44
804,63	1449,96
804,82	1415,15
805,00	1392,62
805,19	1384,43
805,37	1384,43
805,56	1472,49
805,74	1359,85
805,93	1378,28
806,12	1495,02
806,30	1474,54
806,49	1499,11
806,67	1456,11
806,86	1322,99
807,04	1388,52
807,23	1337,32
807,41	1445,87
807,60	1460,20
807,78	1406,95
807,97	1753,06
808,15	1396,71
808,34	1439,72
808,52	1417,19
808,71	1398,76
808,89	1447,91
809,08	1419,24
809,27	1468,39
809,45	1390,57
809,64	1427,43
809,82	1452,01
810,01	1413,10
810,19	1449,96
810,38	1409,00
810,56	1355,76
810,75	1415,15
810,93	1396,71
811,12	1427,43
811,30	1439,72
811,49	1388,52
811,67	1556,46
811,85	1447,91
812,04	1423,34
812,22	1341,42
812,41	1390,57
812,59	1394,67
812,78	1288,17
812,96	1429,48
813,15	1359,85
813,33	1406,95
813,52	1460,20
813,70	1517,54
813,89	1392,62
814,07	1402,86
814,26	1456,11
814,44	1443,82
814,63	1456,11
814,81	1501,16
815,00	1337,32
815,18	1431,53
815,36	1398,76
815,55	1437,67
815,73	1449,96
815,92	1480,68
816,10	1411,05
816,29	1353,71
816,47	1421,29
816,66	1413,10
816,84	1472,49
817,02	1480,68
817,21	1447,91
817,39	1495,02
817,58	1394,67
817,76	1392,62
817,95	1445,87
818,13	1363,95
818,32	1411,05
818,50	1433,58
818,68	1404,91
818,87	1437,67
819,05	1400,81
819,24	1472,49
819,42	1458,15
819,60	1458,15
819,79	1480,68
819,97	1419,24
820,16	1390,57
820,34	1421,29
820,53	1411,05
820,71	1337,32
820,89	1433,58
821,08	1372,14
821,26	1472,49
821,45	1349,61
821,63	1378,28
821,81	1449,96
822,00	1400,81
822,18	1454,06
822,37	1470,44
822,55	1402,86
822,73	1376,24
822,92	1492,97
823,10	1439,72
823,28	1390,57
823,47	1386,47
823,65	1443,82
823,84	1480,68
824,02	1386,47
824,20	1429,48
824,39	1421,29
824,57	1482,73
824,75	1513,45
824,94	1439,72
825,12	1464,30
825,31	1462,25
825,49	1439,72
825,67	1423,34
825,86	1316,84
826,04	1458,15
826,22	1544,17
826,41	1439,72
826,59	1439,72
826,77	1492,97
826,96	1441,77
827,14	1404,91
827,32	1433,58
827,51	1431,53
827,69	1417,19
827,87	1368,04
828,06	1464,30
828,24	1458,15
828,42	1478,63
828,61	1568,74
828,79	1542,12
828,97	1544,17
829,16	1531,88
829,34	1476,59
829,52	1486,83
829,71	1507,30
829,89	1490,92
830,07	1462,25
830,26	1480,68
830,44	1353,71
830,62	1531,88
830,81	1484,78
830,99	1503,21
831,17	1460,20
831,36	1458,15
831,54	1468,39
831,72	1507,30
831,91	1443,82
832,09	1470,44
832,27	1382,38
832,45	1521,64
832,64	1462,25
832,82	1462,25
833,00	1353,71
833,19	1400,81
833,37	1419,24
833,55	1429,48
833,73	1441,77
833,92	1484,78
834,10	1490,92
834,28	1490,92
834,47	1515,50
834,65	1406,95
834,83	1531,88
835,01	1445,87
835,20	1380,33
835,38	1433,58
835,56	1439,72
835,74	1503,21
835,93	1486,83
836,11	1546,22
836,29	1429,48
836,47	1515,50
836,66	1445,87
836,84	1535,98
837,02	1337,32
837,21	1427,43
837,39	1449,96
837,57	1433,58
837,75	1540,07
837,94	1413,10
838,12	1419,24
838,30	1458,15
838,48	1431,53
838,66	1370,09
838,85	1441,77
839,03	1380,33
839,21	1449,96
839,39	1433,58
839,58	1470,44
839,76	1517,54
839,94	1439,72
840,12	1476,59
840,31	1415,15
840,49	1417,19
840,67	1419,24
840,85	1427,43
841,03	1417,19
841,22	1447,91
841,40	1521,64
841,58	1513,45
841,76	1458,15
841,94	1398,76
842,13	1531,88
842,31	1531,88
842,49	1431,53
842,67	1357,80
842,85	1466,35
843,04	1513,45
843,22	1544,17
843,40	1468,39
843,58	1464,30
843,76	1505,26
843,95	1464,30
844,13	1525,74
844,31	1488,87
844,49	1449,96
844,67	1452,01
844,86	1574,89
845,04	1374,19
845,22	1488,87
845,40	1515,50
845,58	1458,15
845,76	1462,25
845,95	1515,50
846,13	1464,30
846,31	1566,70
846,49	1406,95
846,67	1443,82
846,85	1445,87
847,04	1470,44
847,22	1388,52
847,40	1472,49
847,58	1423,34
847,76	1515,50
847,94	1480,68
848,12	1482,73
848,31	1456,11
848,49	1480,68
848,67	1462,25
848,85	1552,36
849,03	1505,26
849,21	1570,79
849,39	1484,78
849,58	1497,07
849,76	1497,07
849,94	1456,11
850,12	1490,92
850,30	1507,30
850,48	1550,31
850,66	1441,77
850,84	1460,20
851,03	1484,78
851,21	1497,07
851,39	1454,06
851,57	1460,20
851,75	1449,96
851,93	1531,88
852,11	1603,56
852,29	1492,97
852,47	1497,07
852,66	1552,36
852,84	1456,11
853,02	1386,47
853,20	1542,12
853,38	1525,74
853,56	1513,45
853,74	1505,26
853,92	1517,54
854,10	1388,52
854,28	1468,39
854,46	1515,50
854,65	1482,73
854,83	1460,20
855,01	1472,49
855,19	1419,24
855,37	1511,40
855,55	1554,41
855,73	1562,60
855,91	1525,74
856,09	1501,16
856,27	1591,27
856,45	1574,89
856,63	1505,26
856,81	1429,48
857,00	1552,36
857,18	1554,41
857,36	1478,63
857,54	1535,98
857,72	1523,69
857,90	1476,59
858,08	1583,08
858,26	1480,68
858,44	1431,53
858,62	1431,53
858,80	1480,68
858,98	1599,46
859,16	1472,49
859,34	1472,49
859,52	1548,26
859,70	1529,83
859,88	1501,16
860,06	1441,77
860,24	1441,77
860,42	1406,95
860,60	1513,45
860,78	1558,50
860,96	1484,78
861,14	1435,63
861,32	1497,07
861,50	1587,18
861,69	1511,40
861,87	1523,69
862,05	1533,93
862,23	1458,15
862,41	1499,11
862,59	1447,91
862,77	1427,43
862,95	1439,72
863,13	1546,22
863,31	1464,30
863,49	1413,10
863,67	1525,74
863,85	1423,34
864,03	1562,60
864,21	1419,24
864,39	1525,74
864,57	1517,54
864,75	1425,39
864,92	1505,26
865,10	1511,40
865,28	1474,54
865,46	1497,07
865,64	1466,35
865,82	1431,53
866,00	1370,09
866,18	1501,16
866,36	1406,95
866,54	1476,59
866,72	1431,53
866,90	1546,22
867,08	1458,15
867,26	1464,30
867,44	1566,70
867,62	1546,22
867,80	1511,40
867,98	1593,32
868,16	1470,44
868,34	1515,50
868,52	1437,67
868,70	1519,59
868,88	1470,44
869,06	1527,78
869,24	1542,12
869,42	1480,68
869,59	1443,82
869,77	1542,12
869,95	1437,67
870,13	1525,74
870,31	1495,02
870,49	1558,50
870,67	1499,11
870,85	1476,59
871,03	1492,97
871,21	1554,41
871,39	1474,54
871,57	1478,63
871,75	1456,11
871,92	1466,35
872,10	1513,45
872,28	1478,63
872,46	1546,22
872,64	1480,68
872,82	1490,92
873,00	1370,09
873,18	1495,02
873,36	1482,73
873,54	1486,83
873,72	1402,86
873,89	1490,92
874,07	1488,87
874,25	1654,76
874,43	1445,87
874,61	1509,35
874,79	1544,17
874,97	1433,58
875,15	1499,11
875,33	1513,45
875,50	1525,74
875,68	1538,02
875,86	1519,59
876,04	1488,87
876,22	1478,63
876,40	1472,49
876,58	1449,96
876,76	1478,63
876,93	1505,26
877,11	1443,82
877,29	1484,78
877,47	1501,16
877,65	1511,40
877,83	1468,39
878,01	1486,83
878,18	1564,65
878,36	1452,01
878,54	1480,68
878,72	1413,10
878,90	1406,95
879,08	1583,08
879,25	1531,88
879,43	1503,21
879,61	1464,30
879,79	1445,87
879,97	1490,92
880,15	1531,88
880,32	1425,39
880,50	1554,41
880,68	1546,22
880,86	1544,17
881,04	1482,73
881,22	1460,20
881,39	1490,92
881,57	1583,08
881,75	1419,24
881,93	1501,16
882,11	1423,34
882,28	1406,95
882,46	1427,43
882,64	1525,74
882,82	1437,67
883,00	1486,83
883,18	1466,35
883,35	1556,46
883,53	1462,25
883,71	1566,70
883,89	1443,82
884,07	1398,76
884,24	1482,73
884,42	1515,50
884,60	1488,87
884,78	1570,79
884,95	1474,54
885,13	1529,83
885,31	1470,44
885,49	1464,30
885,67	1499,11
885,84	1495,02
886,02	1443,82
886,20	1556,46
886,38	1417,19
886,55	1462,25
886,73	1423,34
886,91	1454,06
887,09	1497,07
887,26	1480,68
887,44	1452,01
887,62	1507,30
887,80	1460,20
887,98	1415,15
888,15	1486,83
888,33	1431,53
888,51	1470,44
888,69	1484,78
888,86	1470,44
889,04	1464,30
889,22	1425,39
889,39	1552,36
889,57	1394,67
889,75	1445,87
889,93	1419,24
890,10	1480,68
890,28	1482,73
890,46	1466,35
890,64	1519,59
890,81	1449,96
890,99	1462,25
891,17	1431,53
891,34	1525,74
891,52	1476,59
891,70	1499,11
891,88	1398,76
892,05	1535,98
892,23	1427,43
892,41	1449,96
892,58	1427,43
892,76	1513,45
892,94	1390,57
893,12	1548,26
893,29	1585,13
893,47	1445,87
893,65	1423,34
893,82	1484,78
894,00	1515,50
894,18	1488,87
894,35	1462,25
894,53	1421,29
894,71	1546,22
894,89	1419,24
895,06	1433,58
895,24	1396,71
895,42	1452,01
895,59	1449,96
895,77	1419,24
895,95	1478,63
896,12	1423,34
896,30	1437,67
896,48	1513,45
896,65	1482,73
896,83	1409,00
897,01	1388,52
897,18	1476,59
897,36	1476,59
897,54	1458,15
897,71	1443,82
897,89	1431,53
898,07	1370,09
898,24	1359,85
898,42	1421,29
898,59	1419,24
898,77	1460,20
898,95	1390,57
899,12	1447,91
899,30	1411,05
899,48	1437,67
899,65	1480,68
899,83	1490,92
900,01	1386,47
900,18	1490,92
900,36	1394,67
900,53	1382,38
900,71	1388,52
900,89	1509,35
901,06	1525,74
901,24	1384,43
901,42	1517,54
901,59	1476,59
901,77	1449,96
901,94	1472,49
902,12	1456,11
902,30	1359,85
902,47	1452,01
902,65	1417,19
902,82	1540,07
903,00	1441,77
903,18	1396,71
903,35	1366,00
903,53	1411,05
903,70	1458,15
903,88	1425,39
904,06	1538,02
904,23	1464,30
904,41	1415,15
904,58	1390,57
904,76	1482,73
904,93	1462,25
905,11	1419,24
905,29	1357,80
905,46	1404,91
905,64	1478,63
905,81	1421,29
905,99	1470,44
906,16	1454,06
906,34	1429,48
906,52	1454,06
906,69	1413,10
906,87	1482,73
907,04	1423,34
907,22	1427,43
907,39	1452,01
907,57	1470,44
907,75	1472,49
907,92	1439,72
908,10	1535,98
908,27	1435,63
908,45	1392,62
908,62	1472,49
908,80	1425,39
908,97	1378,28
909,15	1499,11
909,32	1447,91
909,50	1447,91
909,67	1398,76
909,85	1488,87
910,03	1421,29
910,20	1445,87
910,38	1456,11
910,55	1439,72
910,73	1499,11
910,90	1511,40
911,08	1419,24
911,25	1456,11
911,43	1429,48
911,60	1468,39
911,78	1392,62
911,95	1492,97
912,13	1390,57
912,30	1470,44
912,48	1562,60
912,65	1447,91
912,83	1482,73
913,00	1511,40
913,18	1454,06
913,35	1468,39
913,53	1513,45
913,70	1447,91
913,88	1499,11
914,05	1515,50
914,23	1472,49
914,40	1476,59
914,58	1527,78
914,75	1460,20
914,93	1478,63
915,10	1378,28
915,27	1517,54
915,45	1492,97
915,62	1472,49
915,80	1503,21
915,97	1515,50
916,15	1476,59
916,32	1427,43
916,50	1517,54
916,67	1486,83
916,85	1452,01
917,02	1447,91
917,20	1476,59
917,37	1484,78
917,54	1427,43
917,72	1470,44
917,89	1499,11
918,07	1460,20
918,24	1435,63
918,42	1443,82
918,59	1462,25
918,77	1529,83
918,94	1515,50
919,11	1454,06
919,29	1492,97
919,46	1517,54
919,64	1433,58
919,81	1452,01
919,99	1425,39
920,16	1505,26
920,33	1554,41
920,51	1466,35
920,68	1544,17
920,86	1409,00
921,03	1443,82
921,20	1458,15
921,38	1505,26
921,55	1525,74
921,73	1505,26
921,90	1439,72
922,07	1480,68
922,25	1476,59
922,42	1548,26
922,60	1443,82
922,77	1550,31
922,94	1468,39
923,12	1505,26
923,29	1480,68
923,47	1411,05
923,64	1398,76
923,81	1470,44
923,99	1413,10
924,16	1474,54
924,34	1511,40
924,51	1513,45
924,68	1511,40
924,86	1484,78
925,03	1409,00
925,20	1521,64
925,38	1517,54
925,55	1398,76
925,72	1617,90
925,90	1495,02
926,07	1386,47
926,25	1488,87
926,42	1566,70
926,59	1482,73
926,77	1552,36
926,94	1525,74
927,11	1423,34
927,29	1409,00
927,46	1419,24
927,63	1509,35
927,81	1470,44
927,98	1505,26
928,15	1589,22
928,33	1527,78
928,50	1462,25
928,67	1460,20
928,85	1533,93
929,02	1456,11
929,19	1505,26
929,37	1523,69
929,54	1466,35
929,71	1548,26
929,89	1462,25
930,06	1441,77
930,23	1488,87
930,41	1523,69
930,58	1484,78
930,75	1454,06
930,92	1460,20
931,10	1521,64
931,27	1488,87
931,44	1558,50
931,62	1480,68
931,79	1519,59
931,96	1531,88
932,14	1406,95
932,31	1488,87
932,48	1558,50
932,65	1449,96
932,83	1488,87
933,00	1480,68
933,17	1533,93
933,35	1538,02
933,52	1503,21
933,69	1601,51
933,86	1513,45
934,04	1458,15
934,21	1468,39
934,38	1517,54
934,55	1556,46
934,73	1431,53
934,90	1560,55
935,07	1513,45
935,25	1566,70
935,42	1468,39
935,59	1533,93
935,76	1370,09
935,94	1486,83
936,11	1478,63
936,28	1533,93
936,45	1456,11
936,63	1437,67
936,80	1513,45
936,97	1497,07
937,14	1578,98
937,31	1515,50
937,49	1544,17
937,66	1511,40
937,83	1550,31
938,00	1509,35
938,18	1619,94
938,35	1546,22
938,52	1585,13
938,69	1447,91
938,87	1501,16
939,04	1501,16
939,21	1429,48
939,38	1431,53
939,55	1419,24
939,73	1499,11
939,90	1531,88
940,07	1533,93
940,24	1535,98
940,41	1517,54
940,59	1460,20
940,76	1468,39
940,93	1474,54
941,10	1406,95
941,27	1341,42
941,45	1499,11
941,62	1492,97
941,79	1435,63
941,96	1501,16
942,13	1445,87
942,31	1558,50
942,48	1538,02
942,65	1564,65
942,82	1466,35
942,99	1513,45
943,16	1519,59
943,34	1497,07
943,51	1486,83
943,68	1417,19
943,85	1529,83
944,02	1445,87
944,19	1439,72
944,37	1425,39
944,54	1552,36
944,71	1490,92
944,88	1601,51
945,05	1509,35
945,22	1513,45
945,40	1525,74
945,57	1472,49
945,74	1435,63
945,91	1554,41
946,08	1460,20
946,25	1513,45
946,42	1406,95
946,60	1568,74
946,77	1556,46
946,94	1519,59
947,11	1517,54
947,28	1525,74
947,45	1468,39
947,62	1583,08
947,79	1503,21
947,97	1599,46
948,14	1607,66
948,31	1517,54
948,48	1439,72
948,65	1517,54
948,82	1470,44
948,99	1566,70
949,16	1492,97
949,33	1394,67
949,51	1507,30
949,68	1435,63
949,85	1533,93
950,02	1425,39
950,19	1538,02
950,36	1531,88
950,53	1478,63
950,70	1435,63
950,87	1507,30
951,04	1464,30
951,22	1523,69
951,39	1572,84
951,56	1476,59
951,73	1531,88
951,90	1441,77
952,07	1464,30
952,24	1431,53
952,41	1533,93
952,58	1482,73
952,75	1568,74
952,92	1423,34
953,09	1507,30
953,26	1454,06
953,43	1437,67
953,61	1599,46
953,78	1484,78
953,95	1525,74
954,12	1421,29
954,29	1462,25
954,46	1492,97
954,63	1482,73
954,80	1490,92
954,97	1376,24
955,14	1517,54
955,31	1429,48
955,48	1441,77
955,65	1488,87
955,82	1398,76
955,99	1576,94
956,16	1511,40
956,33	1474,54
956,50	1447,91
956,67	1462,25
956,84	1441,77
957,01	1415,15
957,18	1517,54
957,35	1402,86
957,52	1437,67
957,69	1529,83
957,86	1431,53
958,03	1505,26
958,20	1484,78
958,37	1439,72
958,54	1443,82
958,71	1474,54
958,88	1519,59
959,05	1406,95
959,22	1515,50
959,39	1460,20
959,56	1484,78
959,73	1452,01
959,90	1441,77
960,07	1486,83
960,24	1466,35
960,41	1429,48
960,58	1501,16
960,75	1398,76
960,92	1535,98
961,09	1527,78
961,26	1535,98
961,43	1468,39
961,60	1472,49
961,77	1499,11
961,94	1460,20
962,11	1386,47
962,28	1552,36
962,45	1488,87
962,62	1409,00
962,79	1581,03
962,96	1484,78
963,13	1564,65
963,30	1497,07
963,47	1544,17
963,64	1386,47
963,81	1468,39
963,98	1380,33
964,14	1478,63
964,31	1470,44
964,48	1464,30
964,65	1511,40
964,82	1482,73
964,99	1507,30
965,16	1460,20
965,33	1517,54
965,50	1476,59
965,67	1437,67
965,84	1507,30
966,01	1433,58
966,18	1398,76
966,35	1386,47
966,51	1441,77
966,68	1523,69
966,85	1386,47
967,02	1517,54
967,19	1445,87
967,36	1396,71
967,53	1449,96
967,70	1466,35
967,87	1495,02
968,04	1476,59
968,21	1513,45
968,37	1533,93
968,54	1484,78
968,71	1517,54
968,88	1464,30
969,05	1363,95
969,22	1423,34
969,39	1529,83
969,56	1472,49
969,72	1427,43
969,89	1429,48
970,06	1484,78
970,23	1501,16
970,40	1474,54
970,57	1468,39
970,74	1503,21
970,91	1431,53
971,07	1449,96
971,24	1394,67
971,41	1501,16
971,58	1535,98
971,75	1402,86
971,92	1460,20
972,09	1437,67
972,25	1411,05
972,42	1427,43
972,59	1413,10
972,76	1423,34
972,93	1447,91
973,10	1394,67
973,27	1490,92
973,43	1394,67
973,60	1409,00
973,77	1439,72
973,94	1433,58
974,11	1456,11
974,28	1427,43
974,44	1273,84
974,61	1390,57
974,78	1472,49
974,95	1417,19
975,12	1437,67
975,28	1423,34
975,45	1464,30
975,62	1468,39
975,79	1431,53
975,96	1484,78
976,12	1507,30
976,29	1511,40
976,46	1478,63
976,63	1445,87
976,80	1366,00
976,96	1456,11
977,13	1357,80
977,30	1439,72
977,47	1378,28
977,64	1449,96
977,80	1460,20
977,97	1480,68
978,14	1472,49
978,31	1417,19
978,48	1468,39
978,64	1384,43
978,81	1378,28
978,98	1404,91
979,15	1409,00
979,31	1486,83
979,48	1419,24
979,65	1472,49
979,82	1478,63
979,98	1406,95
980,15	1413,10
980,32	1495,02
980,49	1470,44
980,66	1447,91
980,82	1413,10
980,99	1460,20
981,16	1482,73
981,33	1423,34
981,49	1439,72
981,66	1464,30
981,83	1372,14
981,99	1425,39
982,16	1378,28
982,33	1411,05
982,50	1355,76
982,66	1470,44
982,83	1380,33
983,00	1458,15
983,17	1390,57
983,33	1396,71
983,50	1380,33
983,67	1480,68
983,83	1433,58
984,00	1382,38
984,17	1458,15
984,34	1452,01
984,50	1316,84
984,67	1456,11
984,84	1443,82
985,00	1427,43
985,17	1425,39
985,34	1452,01
985,51	1484,78
985,67	1452,01
985,84	1386,47
986,01	1353,71
986,17	1380,33
986,34	1361,90
986,51	1353,71
986,67	1347,56
986,84	1454,06
987,01	1439,72
987,17	1435,63
987,34	1333,23
987,51	1439,72
987,67	1345,52
987,84	1388,52
988,01	1415,15
988,17	1335,28
988,34	1320,94
988,51	1454,06
988,67	1423,34
988,84	1458,15
989,01	1318,89
989,17	1413,10
989,34	1413,10
989,51	1488,87
989,67	1454,06
989,84	1447,91
990,01	1363,95
990,17	1443,82
990,34	1398,76
990,51	1470,44
990,67	1357,80
990,84	1361,90
991,01	1372,14
991,17	1398,76
991,34	1441,77
991,50	1419,24
991,67	1417,19
991,84	1374,19
992,00	1374,19
992,17	1363,95
992,34	1437,67
992,50	1497,07
992,67	1386,47
992,83	1386,47
993,00	1460,20
993,17	1429,48
993,33	1359,85
993,50	1386,47
993,66	1415,15
993,83	1484,78
994,00	1337,32
994,16	1347,56
994,33	1425,39
994,49	1454,06
994,66	1409,00
994,83	1366,00
994,99	1445,87
995,16	1466,35
995,32	1449,96
995,49	1425,39
995,66	1394,67
995,82	1376,24
995,99	1376,24
996,15	1409,00
996,32	1431,53
996,48	1384,43
996,65	1419,24
996,82	1439,72
996,98	1439,72
997,15	1472,49
997,31	1437,67
997,48	1415,15
997,64	1378,28
997,81	1443,82
997,97	1380,33
998,14	1392,62
998,31	1429,48
998,47	1366,00
998,64	1503,21
998,80	1419,24
998,97	1443,82
999,13	1423,34
999,30	1402,86
999,46	1406,95
999,63	1374,19
999,79	1515,50
999,96	1507,30
1000,12	1417,19
1000,29	1480,68
1000,45	1335,28
1000,62	1380,33
1000,79	1398,76
1000,95	1339,37
1001,12	1423,34
1001,28	1357,80
1001,45	1349,61
1001,61	1429,48
1001,78	1425,39
1001,94	1458,15
1002,11	1435,63
1002,27	1431,53
1002,44	1394,67
1002,60	1413,10
1002,77	1429,48
1002,93	1443,82
1003,10	1363,95
1003,26	1421,29
1003,43	1466,35
1003,59	1519,59
1003,76	1464,30
1003,92	1486,83
1004,09	1398,76
1004,25	1421,29
1004,41	1470,44
1004,58	1390,57
1004,74	1398,76
1004,91	1433,58
1005,07	1478,63
1005,24	1523,69
1005,40	1409,00
1005,57	1366,00
1005,73	1382,38
1005,90	1394,67
1006,06	1339,37
1006,23	1406,95
1006,39	1357,80
1006,55	1341,42
1006,72	1351,66
1006,88	1353,71
1007,05	1466,35
1007,21	1402,86
1007,38	1456,11
1007,54	1439,72
1007,71	1390,57
1007,87	1390,57
1008,03	1519,59
1008,20	1515,50
1008,36	1366,00
1008,53	1304,56
1008,69	1294,32
1008,86	1390,57
1009,02	1370,09
1009,18	1464,30
1009,35	1447,91
1009,51	1437,67
1009,68	1394,67
1009,84	1382,38
1010,01	1409,00
1010,17	1382,38
1010,33	1409,00
1010,50	1361,90
1010,66	1470,44
1010,83	1464,30
1010,99	1562,60
1011,15	1400,81
1011,32	1433,58
1011,48	1372,14
1011,65	1425,39
1011,81	1378,28
1011,97	1361,90
1012,14	1417,19
1012,30	1392,62
1012,46	1363,95
1012,63	1476,59
1012,79	1351,66
1012,96	1366,00
1013,12	1470,44
1013,28	1433,58
1013,45	1386,47
1013,61	1390,57
1013,77	1378,28
1013,94	1390,57
1014,10	1335,28
1014,26	1388,52
1014,43	1413,10
1014,59	1458,15
1014,76	1515,50
1014,92	1497,07
1015,08	1382,38
1015,25	1378,28
1015,41	1396,71
1015,57	1445,87
1015,74	1347,56
1015,90	1386,47
1016,06	1402,86
1016,23	1423,34
1016,39	1402,86
1016,55	1468,39
1016,72	1482,73
1016,88	1380,33
1017,04	1331,18
1017,21	1470,44
1017,37	1423,34
1017,53	1388,52
1017,70	1425,39
1017,86	1413,10
1018,02	1398,76
1018,19	1421,29
1018,35	1386,47
1018,51	1378,28
1018,67	1445,87
1018,84	1335,28
1019,00	1413,10
1019,16	1472,49
1019,33	1366,00
1019,49	1427,43
1019,65	1400,81
1019,82	1366,00
1019,98	1447,91
1020,14	1413,10
1020,30	1466,35
1020,47	1374,19
1020,63	1417,19
1020,79	1384,43
1020,96	1341,42
1021,12	1361,90
1021,28	1482,73
1021,44	1349,61
1021,61	1488,87
1021,77	1402,86
1021,93	1415,15
1022,09	1462,25
1022,26	1366,00
1022,42	1355,76
1022,58	1439,72
1022,74	1404,91
1022,91	1513,45
1023,07	1443,82
1023,23	1351,66
1023,39	1406,95
1023,56	1366,00
1023,72	1497,07
1023,88	1366,00
1024,04	1433,58
1024,21	1458,15
1024,37	1337,32
1024,53	1437,67
1024,69	1398,76
1024,86	1406,95
1025,02	1452,01
1025,18	1357,80
1025,34	1343,47
1025,50	1382,38
1025,67	1353,71
1025,83	1419,24
1025,99	1390,57
1026,15	1492,97
1026,32	1423,34
1026,48	1386,47
1026,64	1382,38
1026,80	1447,91
1026,96	1507,30
1027,13	1382,38
1027,29	1427,43
1027,45	1368,04
1027,61	1402,86
1027,77	1374,19
1027,94	1374,19
1028,10	1380,33
1028,26	1314,80
1028,42	1361,90
1028,58	1445,87
1028,75	1484,78
1028,91	1452,01
1029,07	1361,90
1029,23	1366,00
1029,39	1357,80
1029,55	1464,30
1029,72	1378,28
1029,88	1476,59
1030,04	1392,62
1030,20	1384,43
1030,36	1347,56
1030,52	1384,43
1030,69	1470,44
1030,85	1337,32
1031,01	1415,15
1031,17	1396,71
1031,33	1382,38
1031,49	1468,39
1031,65	1458,15
1031,82	1415,15
1031,98	1456,11
1032,14	1409,00
1032,30	1505,26
1032,46	1460,20
1032,62	1419,24
1032,78	1386,47
1032,95	1339,37
1033,11	1366,00
1033,27	1349,61
1033,43	1402,86
1033,59	1388,52
1033,75	1409,00
1033,91	1431,53
1034,07	1433,58
1034,24	1402,86
1034,40	1431,53
1034,56	1423,34
1034,72	1490,92
1034,88	1429,48
1035,04	1363,95
1035,20	1429,48
1035,36	1374,19
1035,52	1456,11
1035,68	1398,76
1035,85	1351,66
1036,01	1384,43
1036,17	1497,07
1036,33	1433,58
1036,49	1378,28
1036,65	1464,30
1036,81	1351,66
1036,97	1406,95
1037,13	1355,76
1037,29	1437,67
1037,45	1443,82
1037,61	1411,05
1037,78	1437,67
1037,94	1370,09
1038,10	1480,68
1038,26	1466,35
1038,42	1320,94
1038,58	1400,81
1038,74	1396,71
1038,90	1329,13
1039,06	1439,72
1039,22	1406,95
1039,38	1419,24
1039,54	1392,62
1039,70	1331,18
1039,86	1372,14
1040,02	1460,20
1040,18	1419,24
1040,34	1497,07
1040,50	1468,39
1040,66	1409,00
1040,83	1392,62
1040,99	1396,71
1041,15	1431,53
1041,31	1423,34
1041,47	1384,43
1041,63	1433,58
1041,79	1361,90
1041,95	1411,05
1042,11	1388,52
1042,27	1419,24
1042,43	1419,24
1042,59	1546,22
1042,75	1372,14
1042,91	1384,43
