344,25	1265,64
344,46	1265,64
344,68	1265,64
344,90	1214,45
345,12	1279,98
345,34	1400,81
345,55	1470,44
345,77	1409,00
345,99	1392,62
346,21	1431,53
346,42	1480,68
346,64	1402,86
346,86	1353,71
347,08	1374,19
347,30	1366,00
347,51	1388,52
347,73	1357,80
347,95	1527,78
348,17	1409,00
348,38	1409,00
348,60	1398,76
348,82	1325,04
349,04	1390,57
349,25	1421,29
349,47	1413,10
349,69	1411,05
349,91	1460,20
350,13	1325,04
350,34	1345,52
350,56	1441,77
350,78	1425,39
351,00	1359,85
351,21	1468,39
351,43	1443,82
351,65	1374,19
351,87	1447,91
352,08	1402,86
352,30	1411,05
352,52	1427,43
352,74	1406,95
352,95	1486,83
353,17	1474,54
353,39	1353,71
353,61	1388,52
353,82	1372,14
354,04	1488,87
354,26	1409,00
354,47	1435,63
354,69	1417,19
354,91	1386,47
355,13	1386,47
355,34	1398,76
355,56	1435,63
355,78	1427,43
356,00	1415,15
356,21	1415,15
356,43	1542,12
356,65	1390,57
356,86	1402,86
357,08	1415,15
357,30	1415,15
357,52	1392,62
357,73	1423,34
357,95	1497,07
358,17	1415,15
358,38	1449,96
358,60	1449,96
358,82	1361,90
359,04	1460,20
359,25	1548,26
359,47	1509,35
359,69	1419,24
359,90	1423,34
360,12	1519,59
360,34	1413,10
360,56	1396,71
360,77	1552,36
360,99	1503,21
361,21	1396,71
361,42	1411,05
361,64	1449,96
361,86	1458,15
362,07	1447,91
362,29	1589,22
362,51	1519,59
362,73	1423,34
362,94	1425,39
363,16	1540,07
363,38	1396,71
363,59	1462,25
363,81	1441,77
364,03	1433,58
364,24	1462,25
364,46	1433,58
364,68	1585,13
364,89	1349,61
365,11	1517,54
365,33	1423,34
365,54	1470,44
365,76	1425,39
365,98	1468,39
366,19	1490,92
366,41	1492,97
366,63	1390,57
366,84	1425,39
367,06	1546,22
367,28	1425,39
367,49	1462,25
367,71	1495,02
367,93	1478,63
368,14	1413,10
368,36	1462,25
368,58	1415,15
368,79	1513,45
369,01	1456,11
369,23	1538,02
369,44	1454,06
369,66	1417,19
369,88	1421,29
370,09	1458,15
370,31	1468,39
370,53	1472,49
370,74	1472,49
370,96	1394,67
371,18	1431,53
371,39	1515,50
371,61	1437,67
371,82	1560,55
372,04	1376,24
372,26	1468,39
372,47	1509,35
372,69	1409,00
372,91	1572,84
373,12	1431,53
373,34	1466,35
373,56	1413,10
373,77	1490,92
373,99	1452,01
374,20	1462,25
374,42	1501,16
374,64	1505,26
374,85	1441,77
375,07	1470,44
375,29	1464,30
375,50	1470,44
375,72	1482,73
375,93	1402,86
376,15	1392,62
376,37	1384,43
376,58	1501,16
376,80	1499,11
377,01	1372,14
377,23	1429,48
377,45	1386,47
377,66	1398,76
377,88	1474,54
378,10	1505,26
378,31	1425,39
378,53	1546,22
378,74	1505,26
378,96	1482,73
379,18	1482,73
379,39	1476,59
379,61	1447,91
379,82	1384,43
380,04	1443,82
380,26	1480,68
380,47	1355,76
380,69	1470,44
380,90	1476,59
381,12	1417,19
381,33	1390,57
381,55	1445,87
381,77	1445,87
381,98	1425,39
382,20	1327,08
382,41	1529,83
382,63	1449,96
382,85	1413,10
383,06	1415,15
383,28	1452,01
383,49	1439,72
383,71	1468,39
383,92	1390,57
384,14	1339,37
384,36	1382,38
384,57	1456,11
384,79	1370,09
385,00	1464,30
385,22	1382,38
385,43	1396,71
385,65	1400,81
385,87	1425,39
386,08	1392,62
386,30	1478,63
386,51	1425,39
386,73	1431,53
386,94	1441,77
387,16	1437,67
387,37	1456,11
387,59	1417,19
387,81	1427,43
388,02	1425,39
388,24	1366,00
388,45	1464,30
388,67	1386,47
388,88	1431,53
389,10	1411,05
389,31	1488,87
389,53	1394,67
389,75	1394,67
389,96	1437,67
390,18	1394,67
390,39	1333,23
390,61	1431,53
390,82	1400,81
391,04	1507,30
391,25	1456,11
391,47	1482,73
391,68	1370,09
391,90	1417,19
392,11	1480,68
392,33	1423,34
392,54	1382,38
392,76	1382,38
392,97	1460,20
393,19	1458,15
393,41	1452,01
393,62	1499,11
393,84	1511,40
394,05	1452,01
394,27	1441,77
394,48	1382,38
394,70	1574,89
394,91	1529,83
395,13	1476,59
395,34	1429,48
395,56	1460,20
395,77	1353,71
395,99	1464,30
396,20	1484,78
396,42	1384,43
396,63	1517,54
396,85	1413,10
397,06	1423,34
397,28	1427,43
397,49	1486,83
397,71	1423,34
397,92	1437,67
398,14	1449,96
398,35	1552,36
398,57	1517,54
398,78	1525,74
399,00	1443,82
399,21	1398,76
399,43	1413,10
399,64	1433,58
399,86	1433,58
400,07	1417,19
400,29	1433,58
400,50	1427,43
400,72	1388,52
400,93	1464,30
401,14	1488,87
401,36	1443,82
401,57	1511,40
401,79	1478,63
402,00	1476,59
402,22	1480,68
402,43	1425,39
402,65	1468,39
402,86	1519,59
403,08	1447,91
403,29	1456,11
403,51	1447,91
403,72	1482,73
403,94	1456,11
404,15	1513,45
404,36	1425,39
404,58	1648,61
404,79	1611,75
405,01	1466,35
405,22	1452,01
405,44	1374,19
405,65	1486,83
405,87	1482,73
406,08	1497,07
406,30	1460,20
406,51	1505,26
406,72	1441,77
406,94	1464,30
407,15	1433,58
407,37	1476,59
407,58	1484,78
407,80	1482,73
408,01	1476,59
408,23	1435,63
408,44	1392,62
408,65	1427,43
408,87	1482,73
409,08	1429,48
409,30	1499,11
409,51	1425,39
409,73	1402,86
409,94	1443,82
410,15	1540,07
410,37	1478,63
410,58	1431,53
410,80	1464,30
411,01	1456,11
411,23	1484,78
411,44	1361,90
411,65	1509,35
411,87	1503,21
412,08	1394,67
412,30	1456,11
412,51	1447,91
412,72	1519,59
412,94	1497,07
413,15	1452,01
413,37	1425,39
413,58	1439,72
413,79	1417,19
414,01	1409,00
414,22	1490,92
414,44	1462,25
414,65	1501,16
414,86	1503,21
415,08	1460,20
415,29	1423,34
415,51	1353,71
415,72	1497,07
415,93	1441,77
416,15	1478,63
416,36	1423,34
416,58	1499,11
416,79	1435,63
417,00	1501,16
417,22	1460,20
417,43	1415,15
417,65	1533,93
417,86	1513,45
418,07	1527,78
418,29	1462,25
418,50	1443,82
418,71	1431,53
418,93	1411,05
419,14	1370,09
419,36	1394,67
419,57	1439,72
419,78	1486,83
420,00	1376,24
420,21	1482,73
420,42	1497,07
420,64	1484,78
420,85	1372,14
421,06	1402,86
421,28	1505,26
421,49	1406,95
421,71	1538,02
421,92	1413,10
422,13	1492,97
422,35	1429,48
422,56	1431,53
422,77	1533,93
422,99	1423,34
423,20	1480,68
423,41	1419,24
423,63	1439,72
423,84	1406,95
424,05	1435,63
424,27	1449,96
424,48	1476,59
424,69	1511,40
424,91	1697,77
425,12	1478,63
425,33	1374,19
425,55	1546,22
425,76	1441,77
425,97	1458,15
426,19	1480,68
426,40	1447,91
426,61	1449,96
426,83	1466,35
427,04	1505,26
427,25	1452,01
427,47	1529,83
427,68	1402,86
427,89	1509,35
428,11	1427,43
428,32	1435,63
428,53	1390,57
428,75	1480,68
428,96	1466,35
429,17	1372,14
429,39	1415,15
429,60	1480,68
429,81	1538,02
430,03	1505,26
430,24	1402,86
430,45	1445,87
430,67	1495,02
430,88	1495,02
431,09	1480,68
431,30	1482,73
431,52	1419,24
431,73	1452,01
431,94	1425,39
432,16	1517,54
432,37	1515,50
432,58	1282,03
432,80	1517,54
433,01	1445,87
433,22	1415,15
433,43	1458,15
433,65	1538,02
433,86	1402,86
434,07	1443,82
434,29	1402,86
434,50	1406,95
434,71	1374,19
434,92	1392,62
435,14	1435,63
435,35	1456,11
435,56	1411,05
435,77	1509,35
435,99	1415,15
436,20	1488,87
436,41	1429,48
436,63	1394,67
436,84	1501,16
437,05	1468,39
437,26	1429,48
437,48	1554,41
437,69	1480,68
437,90	1462,25
438,11	1466,35
438,33	1433,58
438,54	1443,82
438,75	1400,81
438,96	1513,45
439,18	1427,43
439,39	1513,45
439,60	1425,39
439,82	1472,49
440,03	1523,69
440,24	1458,15
440,45	1492,97
440,67	1521,64
440,88	1497,07
441,09	1492,97
441,30	1529,83
441,51	1505,26
441,73	1433,58
441,94	1400,81
442,15	1484,78
442,36	1540,07
442,58	1443,82
442,79	1458,15
443,00	1527,78
443,21	1572,84
443,43	1449,96
443,64	1517,54
443,85	1525,74
444,06	1435,63
444,28	1400,81
444,49	1503,21
444,70	1462,25
444,91	1529,83
445,12	1470,44
445,34	1447,91
445,55	1478,63
445,76	1437,67
445,97	1449,96
446,18	1456,11
446,40	1527,78
446,61	1433,58
446,82	1458,15
447,03	1384,43
447,25	1411,05
447,46	1427,43
447,67	1435,63
447,88	1413,10
448,09	1398,76
448,31	1456,11
448,52	1447,91
448,73	1476,59
448,94	1456,11
449,15	1439,72
449,37	1439,72
449,58	1458,15
449,79	1497,07
450,00	1554,41
450,21	1495,02
450,43	1519,59
450,64	1382,38
450,85	1435,63
451,06	1501,16
451,27	1460,20
451,48	1484,78
451,70	1456,11
451,91	1447,91
452,12	1452,01
452,33	1423,34
452,54	1474,54
452,76	1546,22
452,97	1511,40
453,18	1478,63
453,39	1460,20
453,60	1509,35
453,81	1409,00
454,03	1411,05
454,24	1400,81
454,45	1488,87
454,66	1464,30
454,87	1392,62
455,08	1513,45
455,30	1437,67
455,51	1421,29
455,72	1464,30
455,93	1417,19
456,14	1439,72
456,35	1535,98
456,56	1468,39
456,78	1523,69
456,99	1468,39
457,20	1492,97
457,41	1507,30
457,62	1515,50
457,83	1527,78
458,04	1423,34
458,26	1513,45
458,47	1406,95
458,68	1466,35
458,89	1488,87
459,10	1415,15
459,31	1474,54
459,52	1472,49
459,74	1513,45
459,95	1519,59
460,16	1425,39
460,37	1478,63
460,58	1470,44
460,79	1482,73
461,00	1535,98
461,21	1394,67
461,43	1509,35
461,64	1425,39
461,85	1431,53
462,06	1423,34
462,27	1423,34
462,48	1517,54
462,69	1492,97
462,90	1443,82
463,12	1478,63
463,33	1484,78
463,54	1409,00
463,75	1499,11
463,96	1505,26
464,17	1464,30
464,38	1445,87
464,59	1452,01
464,80	1554,41
465,01	1472,49
465,23	1466,35
465,44	1392,62
465,65	1492,97
465,86	1515,50
466,07	1472,49
466,28	1421,29
466,49	1581,03
466,70	1529,83
466,91	1562,60
467,12	1515,50
467,33	1478,63
467,55	1476,59
467,76	1497,07
467,97	1372,14
468,18	1468,39
468,39	1480,68
468,60	1521,64
468,81	1490,92
469,02	1431,53
469,23	1425,39
469,44	1441,77
469,65	1478,63
469,86	1531,88
470,07	1443,82
470,29	1611,75
470,50	1499,11
470,71	1538,02
470,92	1480,68
471,13	1566,70
471,34	1488,87
471,55	1482,73
471,76	1472,49
471,97	1439,72
472,18	1480,68
472,39	1441,77
472,60	1566,70
472,81	1523,69
473,02	1458,15
473,23	1519,59
473,44	1513,45
473,65	1456,11
473,87	1390,57
474,08	1509,35
474,29	1421,29
474,50	1513,45
474,71	1480,68
474,92	1640,42
475,13	1435,63
475,34	1535,98
475,55	1404,91
475,76	1458,15
475,97	1417,19
476,18	1476,59
476,39	1529,83
476,60	1476,59
476,81	1519,59
477,02	1497,07
477,23	1417,19
477,44	1497,07
477,65	1474,54
477,86	1497,07
478,07	1519,59
478,28	1576,94
478,49	1581,03
478,70	1503,21
478,91	1425,39
479,12	1513,45
479,33	1560,55
479,54	1437,67
479,75	1542,12
479,96	1540,07
480,17	1499,11
480,38	1501,16
480,59	1468,39
480,80	1581,03
481,01	1515,50
481,22	1501,16
481,43	1462,25
481,64	1503,21
481,85	1531,88
482,06	1484,78
482,27	1572,84
482,48	1509,35
482,69	1601,51
482,90	1466,35
483,11	1613,80
483,32	1554,41
483,53	1458,15
483,74	1480,68
483,95	1546,22
484,16	1515,50
484,37	1490,92
484,58	1591,27
484,79	1531,88
485,00	1560,55
485,21	1359,85
485,42	1507,30
485,63	1544,17
485,84	1480,68
486,05	1398,76
486,26	1492,97
486,47	1544,17
486,68	1507,30
486,89	1462,25
487,10	1546,22
487,31	1503,21
487,52	1486,83
487,73	1638,38
487,94	1490,92
488,15	1454,06
488,36	1624,04
488,57	1433,58
488,77	1431,53
488,98	1542,12
489,19	1525,74
489,40	1599,46
489,61	1495,02
489,82	1517,54
490,03	1566,70
490,24	1443,82
490,45	1568,74
490,66	1492,97
490,87	1589,22
491,08	1474,54
491,29	1503,21
491,50	1413,10
491,71	1488,87
491,92	1454,06
492,13	1480,68
492,33	1421,29
492,54	1591,27
492,75	1413,10
492,96	1402,86
493,17	1484,78
493,38	1460,20
493,59	1404,91
493,80	1570,79
494,01	1488,87
494,22	1548,26
494,43	1503,21
494,64	1556,46
494,85	1495,02
495,05	1533,93
495,26	1583,08
495,47	1658,85
495,68	1519,59
495,89	1490,92
496,10	1497,07
496,31	1548,26
496,52	1550,31
496,73	1527,78
496,94	1421,29
497,15	1609,70
497,35	1585,13
497,56	1501,16
497,77	1542,12
497,98	1544,17
498,19	1527,78
498,40	1566,70
498,61	1533,93
498,82	1538,02
499,03	1474,54
499,23	1515,50
499,44	1439,72
499,65	1605,61
499,86	1533,93
500,07	1556,46
500,28	1472,49
500,49	1525,74
500,70	1466,35
500,91	1484,78
501,11	1480,68
501,32	1583,08
501,53	1585,13
501,74	1546,22
501,95	1542,12
502,16	1568,74
502,37	1495,02
502,57	1568,74
502,78	1554,41
502,99	1578,98
503,20	1507,30
503,41	1550,31
503,62	1648,61
503,83	1601,51
504,03	1533,93
504,24	1558,50
504,45	1626,09
504,66	1495,02
504,87	1501,16
505,08	1568,74
505,29	1519,59
505,49	1488,87
505,70	1578,98
505,91	1509,35
506,12	1560,55
506,33	1613,80
506,54	1511,40
506,75	1538,02
506,95	1552,36
507,16	1613,80
507,37	1480,68
507,58	1527,78
507,79	1484,78
508,00	1542,12
508,20	1497,07
508,41	1472,49
508,62	1648,61
508,83	1538,02
509,04	1484,78
509,24	1613,80
509,45	1837,03
509,66	1613,80
509,87	1570,79
510,08	1445,87
510,29	1597,42
510,49	1611,75
510,70	1454,06
510,91	1595,37
511,12	1574,89
511,33	1515,50
511,53	1474,54
511,74	1519,59
511,95	1452,01
512,16	1497,07
512,37	1587,18
512,57	1548,26
512,78	1427,43
512,99	1552,36
513,20	1628,14
513,41	1601,51
513,61	1525,74
513,82	1605,61
514,03	1501,16
514,24	1531,88
514,45	1525,74
514,65	1529,83
514,86	1523,69
515,07	1566,70
515,28	1460,20
515,49	1583,08
515,69	1611,75
515,90	1562,60
516,11	1468,39
516,32	1517,54
516,52	1527,78
516,73	1621,99
516,94	1527,78
517,15	1605,61
517,36	1513,45
517,56	1701,86
517,77	1529,83
517,98	1550,31
518,19	1519,59
518,39	1611,75
518,60	1505,26
518,81	1576,94
519,02	1523,69
519,22	1425,39
519,43	1540,07
519,64	1568,74
519,85	1499,11
520,05	1585,13
520,26	1538,02
520,47	1568,74
520,68	1513,45
520,88	1533,93
521,09	1499,11
521,30	1521,64
521,51	1511,40
521,71	1576,94
521,92	1529,83
522,13	1509,35
522,34	1595,37
522,54	1585,13
522,75	1540,07
522,96	1501,16
523,17	1587,18
523,37	1654,76
523,58	1423,34
523,79	1517,54
523,99	1626,09
524,20	1527,78
524,41	1507,30
524,62	1601,51
524,82	1570,79
525,03	1662,95
525,24	1476,59
525,45	1449,96
525,65	1480,68
525,86	1574,89
526,07	1488,87
526,27	1523,69
526,48	1527,78
526,69	1519,59
526,90	1511,40
527,10	1607,66
527,31	1558,50
527,52	1531,88
527,72	1634,28
527,93	1544,17
528,14	1517,54
528,34	1521,64
528,55	1538,02
528,76	1570,79
528,97	1527,78
529,17	1538,02
529,38	1574,89
529,59	1570,79
529,79	1533,93
530,00	1568,74
530,21	1634,28
530,41	1501,16
530,62	1519,59
530,83	1595,37
531,03	1562,60
531,24	1566,70
531,45	1628,14
531,65	1611,75
531,86	1601,51
532,07	1632,23
532,27	1505,26
532,48	1576,94
532,69	1458,15
532,89	1601,51
533,10	1527,78
533,31	1437,67
533,51	1538,02
533,72	1562,60
533,93	1574,89
534,13	1513,45
534,34	1519,59
534,55	1544,17
534,75	1585,13
534,96	1597,42
535,17	1535,98
535,37	1568,74
535,58	1523,69
535,79	1578,98
535,99	1478,63
536,20	1599,46
536,41	1480,68
536,61	1497,07
536,82	1624,04
537,03	1613,80
537,23	1525,74
537,44	1538,02
537,64	1433,58
537,85	1472,49
538,06	1505,26
538,26	1636,33
538,47	1458,15
538,68	1566,70
538,88	1495,02
539,09	1507,30
539,30	1482,73
539,50	1632,23
539,71	1583,08
539,91	1544,17
540,12	1538,02
540,33	1554,41
540,53	1466,35
540,74	1456,11
540,94	1601,51
541,15	1511,40
541,36	1550,31
541,56	1593,32
541,77	1511,40
541,98	1581,03
542,18	1517,54
542,39	1572,84
542,59	1531,88
542,80	1585,13
543,01	1472,49
543,21	1474,54
543,42	1538,02
543,62	1597,42
543,83	1554,41
544,04	1521,64
544,24	1503,21
544,45	1517,54
544,65	1673,19
544,86	1595,37
545,06	1505,26
545,27	1515,50
545,48	1497,07
545,68	1581,03
545,89	1484,78
546,09	1527,78
546,30	1472,49
546,51	1562,60
546,71	1507,30
546,92	1581,03
547,12	1552,36
547,33	1538,02
547,53	1546,22
547,74	1521,64
547,95	1513,45
548,15	1591,27
548,36	1552,36
548,56	1538,02
548,77	1550,31
548,97	1576,94
549,18	1447,91
549,39	1533,93
549,59	1576,94
549,80	1513,45
550,00	1466,35
550,21	1546,22
550,41	1470,44
550,62	1587,18
550,82	1548,26
551,03	1460,20
551,23	1484,78
551,44	1521,64
551,65	1492,97
551,85	1556,46
552,06	1476,59
552,26	1437,67
552,47	1437,67
552,67	1449,96
552,88	1499,11
553,08	1601,51
553,29	1542,12
553,49	1558,50
553,70	1499,11
553,90	1548,26
554,11	1521,64
554,32	1546,22
554,52	1599,46
554,73	1472,49
554,93	1460,20
555,14	1519,59
555,34	1525,74
555,55	1615,85
555,75	1546,22
555,96	1570,79
556,16	1472,49
556,37	1568,74
556,57	1527,78
556,78	1525,74
556,98	1603,56
557,19	1472,49
557,39	1497,07
557,60	1605,61
557,80	1492,97
558,01	1490,92
558,21	1474,54
558,42	1578,98
558,62	1497,07
558,83	1609,70
559,03	1507,30
559,24	1585,13
559,44	1482,73
559,65	1517,54
559,85	1540,07
560,06	1486,83
560,26	1468,39
560,47	1550,31
560,67	1572,84
560,88	1581,03
561,08	1619,94
561,29	1576,94
561,49	1546,22
561,70	1488,87
561,90	1499,11
562,10	1513,45
562,31	1568,74
562,51	1544,17
562,72	1505,26
562,92	1535,98
563,13	1683,43
563,33	1593,32
563,54	1447,91
563,74	1601,51
563,95	1517,54
564,15	1593,32
564,36	1595,37
564,56	1619,94
564,76	1570,79
564,97	1540,07
565,17	1560,55
565,38	1595,37
565,58	1617,90
565,79	1648,61
565,99	1509,35
566,20	1603,56
566,40	1572,84
566,60	1640,42
566,81	1542,12
567,01	1714,15
567,22	1548,26
567,42	1503,21
567,63	1570,79
567,83	1589,22
568,04	1650,66
568,24	1578,98
568,44	1757,16
568,65	1568,74
568,85	1564,65
569,06	1636,33
569,26	1583,08
569,47	1607,66
569,67	1535,98
569,87	1683,43
570,08	1619,94
570,28	1593,32
570,49	1542,12
570,69	1726,44
570,89	1644,52
571,10	1644,52
571,30	1599,46
571,51	1501,16
571,71	1648,61
571,91	1589,22
572,12	1603,56
572,32	1621,99
572,53	1615,85
572,73	1636,33
572,93	1652,71
573,14	1646,57
573,34	1574,89
573,55	1617,90
573,75	1556,46
573,95	1595,37
574,16	1484,78
574,36	1632,23
574,57	1574,89
574,77	1572,84
574,97	1597,42
575,18	1665,00
575,38	1538,02
575,59	1591,27
575,79	1644,52
575,99	1648,61
576,20	1572,84
576,40	1613,80
576,60	1685,48
576,81	1540,07
577,01	1609,70
577,22	1654,76
577,42	1611,75
577,62	1605,61
577,83	1644,52
578,03	1593,32
578,23	1533,93
578,44	1603,56
578,64	1640,42
578,84	1607,66
579,05	1603,56
579,25	1662,95
579,45	1587,18
579,66	1558,50
579,86	1593,32
580,07	1617,90
580,27	1630,18
580,47	1615,85
580,68	1595,37
580,88	1619,94
581,08	1646,57
581,29	1562,60
581,49	1595,37
581,69	1660,90
581,90	1611,75
582,10	1497,07
582,30	1615,85
582,51	1566,70
582,71	1615,85
582,91	1519,59
583,12	1642,47
583,32	1619,94
583,52	1468,39
583,73	1597,42
583,93	1566,70
584,13	1644,52
584,34	1589,22
584,54	1593,32
584,74	1621,99
584,94	1595,37
585,15	1585,13
585,35	1638,38
585,55	1669,09
585,76	1662,95
585,96	1564,65
586,16	1605,61
586,37	1540,07
586,57	1587,18
586,77	1574,89
586,98	1562,60
587,18	1619,94
587,38	1669,09
587,58	1589,22
587,79	1679,33
587,99	1585,13
588,19	1521,64
588,40	1542,12
588,60	1603,56
588,80	1617,90
589,00	1558,50
589,21	1525,74
589,41	1552,36
589,61	1619,94
589,82	1644,52
590,02	1652,71
590,22	1667,05
590,42	1691,62
590,63	1738,73
590,83	1603,56
591,03	1570,79
591,23	1665,00
591,44	1691,62
591,64	1642,47
591,84	1566,70
592,05	1695,72
592,25	1742,82
592,45	1597,42
592,65	1595,37
592,86	1656,81
593,06	1630,18
593,26	1658,85
593,46	1728,49
593,67	1626,09
593,87	1634,28
594,07	1689,57
594,27	1609,70
594,48	1538,02
594,68	1689,57
594,88	1578,98
595,08	1619,94
595,29	1644,52
595,49	1685,48
595,69	1718,25
595,89	1636,33
596,10	1718,25
596,30	1763,30
596,50	1562,60
596,70	1656,81
596,90	1634,28
597,11	1630,18
597,31	1597,42
597,51	1683,43
597,71	1611,75
597,92	1695,72
598,12	1613,80
598,32	1667,05
598,52	1638,38
598,72	1607,66
598,93	1546,22
599,13	1685,48
599,33	1652,71
599,53	1740,77
599,74	1755,11
599,94	1683,43
600,14	1572,84
600,34	1658,85
600,54	1736,68
600,75	1683,43
600,95	1648,61
601,15	1613,80
601,35	1624,04
601,55	1628,14
601,76	1554,41
601,96	1773,54
602,16	1638,38
602,36	1687,53
602,56	1628,14
602,76	1673,19
602,97	1572,84
603,17	1693,67
603,37	1658,85
603,57	1656,81
603,77	1597,42
603,98	1624,04
604,18	1632,23
604,38	1619,94
604,58	1587,18
604,78	1673,19
604,98	1554,41
605,19	1531,88
605,39	1669,09
605,59	1681,38
605,79	1634,28
605,99	1556,46
606,19	1568,74
606,40	1613,80
606,60	1593,32
606,80	1597,42
607,00	1503,21
607,20	1511,40
607,40	1583,08
607,61	1667,05
607,81	1673,19
608,01	1624,04
608,21	1607,66
608,41	1562,60
608,61	1499,11
608,81	1591,27
609,02	1558,50
609,22	1525,74
609,42	1644,52
609,62	1634,28
609,82	1660,90
610,02	1609,70
610,22	1552,36
610,43	1607,66
610,63	1503,21
610,83	1578,98
611,03	1638,38
611,23	1574,89
611,43	1660,90
611,63	1615,85
611,83	1578,98
612,04	1611,75
612,24	1615,85
612,44	1630,18
612,64	1556,46
612,84	1513,45
613,04	1570,79
613,24	1550,31
613,44	1648,61
613,64	1624,04
613,85	1685,48
614,05	1665,00
614,25	1669,09
614,45	1554,41
614,65	1681,38
614,85	1599,46
615,05	1652,71
615,25	1718,25
615,45	1693,67
615,65	1624,04
615,86	1794,02
616,06	1660,90
616,26	1683,43
616,46	1712,10
616,66	1599,46
616,86	1769,44
617,06	1769,44
617,26	1789,92
617,46	1783,78
617,66	1814,50
617,86	1763,30
618,07	1781,73
618,27	1841,12
618,47	1779,68
618,67	1800,16
618,87	1714,15
619,07	1736,68
619,27	1865,70
619,47	1781,73
619,67	1806,31
619,87	1742,82
620,07	1855,46
620,27	1855,46
620,47	1837,03
620,67	1791,97
620,87	1894,37
621,07	1935,33
621,28	1886,18
621,48	1877,99
621,68	1877,99
621,88	1877,99
622,08	1882,08
622,28	1890,28
622,48	1863,65
622,68	1828,84
622,88	1877,99
623,08	1914,85
623,28	1886,18
623,48	1824,74
623,68	1947,62
623,88	1859,56
624,08	2025,44
624,28	1927,14
624,48	1894,37
624,68	1877,99
624,88	1992,67
625,08	1986,53
625,28	2015,20
625,48	1888,23
625,68	1976,29
625,88	1970,15
626,08	1828,84
626,28	2056,16
626,48	1877,99
626,68	1890,28
626,88	2009,06
627,08	2029,54
627,28	2066,40
627,48	2021,35
627,68	2033,63
627,88	1951,71
628,08	2066,40
628,28	2027,49
628,49	2084,83
628,68	1964,00
628,88	2050,02
629,08	1918,95
629,28	2136,03
629,48	2039,78
629,68	2105,31
629,88	2033,63
630,08	2062,30
630,28	2074,59
630,48	1984,48
630,68	2002,91
630,88	2111,46
631,08	2133,98
631,28	2111,46
631,48	2119,65
631,68	2099,17
631,88	2025,44
632,08	2207,71
632,28	2201,57
632,48	2140,13
632,68	2105,31
632,88	2117,60
633,08	2150,37
633,28	2084,83
633,48	2166,75
633,68	2246,62
633,88	2217,95
634,08	2263,01
634,28	2111,46
634,48	2238,43
634,68	2150,37
634,88	2236,38
635,08	2164,70
635,28	2265,05
635,48	2140,13
635,68	2152,42
635,87	2258,91
636,07	2254,81
636,27	2154,46
636,47	2357,21
636,67	2232,29
636,87	2258,91
637,07	2226,14
637,27	2244,57
637,47	2283,49
637,67	2402,27
637,87	2217,95
638,07	2246,62
638,27	2275,29
638,47	2332,64
638,67	2301,92
638,86	2336,73
639,06	2340,83
639,26	2441,18
639,46	2205,66
639,66	2346,97
639,86	2367,45
640,06	2537,43
640,26	2344,92
640,46	2338,78
640,66	2455,51
640,86	2367,45
641,06	2408,41
641,25	2367,45
641,45	2422,75
641,65	2385,88
641,85	2445,27
642,05	2447,32
642,25	2484,19
642,45	2451,42
642,65	2484,19
642,85	2459,61
643,05	2582,49
643,24	2469,85
643,44	2508,76
643,64	2639,83
643,84	2551,77
644,04	2574,30
644,24	2576,34
644,44	2553,82
644,64	2574,30
644,84	2680,79
645,03	2582,49
645,23	2770,90
645,43	2594,78
645,63	2707,41
645,83	2637,78
646,03	2729,94
646,23	2781,14
646,42	2713,56
646,62	2754,52
646,82	2703,32
647,02	2684,89
647,22	2723,80
647,42	2727,89
647,62	2869,20
647,82	2734,04
648,01	2947,03
648,21	2834,39
648,41	2775,00
648,61	2942,93
648,81	2815,96
649,01	2869,20
649,20	2775,00
649,40	2842,58
649,60	2850,77
649,80	2867,16
650,00	2863,06
650,20	2949,08
650,40	2781,14
650,59	2832,34
650,79	2631,64
650,99	2854,87
651,19	2781,14
651,39	2793,43
651,58	2658,26
651,78	2922,45
651,98	2674,65
652,18	2785,24
652,38	2715,61
652,58	2883,54
652,77	2852,82
652,97	3067,86
653,17	2731,99
653,37	2957,27
653,57	2768,85
653,77	2775,00
653,96	2725,85
654,16	2850,77
654,36	2762,71
654,56	2918,36
654,76	2863,06
654,95	2961,36
655,15	2627,54
655,35	2865,11
655,55	2643,93
655,75	3004,37
655,94	2994,13
656,14	3166,16
656,34	2789,33
656,54	2981,84
656,73	2684,89
656,93	2998,23
657,13	3020,75
657,33	3061,71
657,53	3037,14
657,72	3071,95
657,92	2967,51
658,12	2992,08
658,32	3006,42
658,52	3229,65
658,71	3028,95
658,91	3078,10
659,11	3069,91
659,31	3270,61
659,50	3071,95
659,70	3286,99
659,90	3203,02
660,10	3334,09
660,29	3164,11
660,49	3317,71
660,69	3313,61
660,89	3573,71
661,08	3248,08
661,28	3401,68
661,48	3340,24
661,68	3678,15
661,87	3293,13
662,07	3602,38
662,27	3442,64
662,47	3708,87
662,66	3473,36
662,86	3696,58
663,06	3471,31
663,26	3577,80
663,45	3461,07
663,65	3850,18
663,85	3448,78
664,05	3610,57
664,24	3485,64
664,44	3565,51
664,64	3248,08
664,84	3545,03
665,03	3319,76
665,23	3547,08
665,43	3033,04
665,62	3379,15
665,82	3069,91
666,02	3188,69
666,22	3198,93
666,41	3282,89
666,61	2887,64
666,81	3004,37
667,00	2869,20
667,20	2703,32
667,40	2695,13
667,60	2600,92
667,79	2275,29
667,99	2389,98
668,19	2213,85
668,38	2326,49
668,58	2125,79
668,78	2144,22
668,97	2084,83
669,17	2097,12
669,37	1961,95
669,57	2013,15
669,76	1910,75
669,96	2041,82
670,16	1796,07
670,35	1882,08
670,55	1796,07
670,75	1804,26
670,94	1728,49
671,14	1736,68
671,34	1740,77
671,53	1589,22
671,73	1660,90
671,93	1644,52
672,12	1648,61
672,32	1632,23
672,52	1638,38
672,71	1583,08
672,91	1601,51
673,11	1538,02
673,30	1650,66
673,50	1509,35
673,70	1509,35
673,89	1499,11
674,09	1529,83
674,29	1507,30
674,48	1542,12
674,68	1490,92
674,88	1476,59
675,07	1515,50
675,27	1464,30
675,46	1447,91
675,66	1478,63
675,86	1562,60
676,05	1533,93
676,25	1464,30
676,45	1556,46
676,64	1433,58
676,84	1476,59
677,04	1423,34
677,23	1394,67
677,43	1492,97
677,62	1468,39
677,82	1439,72
678,02	1435,63
678,21	1447,91
678,41	1505,26
678,61	1415,15
678,80	1443,82
679,00	1462,25
679,19	1447,91
679,39	1484,78
679,59	1472,49
679,78	1423,34
679,98	1429,48
680,17	1417,19
680,37	1501,16
680,57	1425,39
680,76	1415,15
680,96	1423,34
681,16	1335,28
681,35	1468,39
681,55	1361,90
681,74	1411,05
681,94	1456,11
682,13	1411,05
682,33	1456,11
682,53	1413,10
682,72	1415,15
682,92	1288,17
683,11	1417,19
683,31	1435,63
683,51	1413,10
683,70	1386,47
683,90	1425,39
684,09	1413,10
684,29	1484,78
684,48	1386,47
684,68	1417,19
684,88	1482,73
685,07	1423,34
685,27	1441,77
685,46	1339,37
685,66	1468,39
685,85	1501,16
686,05	1445,87
686,25	1427,43
686,44	1482,73
686,64	1435,63
686,83	1396,71
687,03	1454,06
687,22	1472,49
687,42	1464,30
687,61	1466,35
687,81	1476,59
688,01	1548,26
688,20	1398,76
688,40	1296,36
688,59	1370,09
688,79	1486,83
688,98	1415,15
689,18	1357,80
689,37	1472,49
689,57	1474,54
689,76	1499,11
689,96	1478,63
690,15	1492,97
690,35	1431,53
690,54	1447,91
690,74	1388,52
690,94	1411,05
691,13	1425,39
691,33	1409,00
691,52	1425,39
691,72	1462,25
691,91	1421,29
692,11	1452,01
692,30	1464,30
692,50	1439,72
692,69	1468,39
692,89	1472,49
693,08	1392,62
693,28	1456,11
693,47	1366,00
693,67	1445,87
693,86	1394,67
694,06	1431,53
694,25	1390,57
694,45	1404,91
694,64	1378,28
694,84	1376,24
695,03	1501,16
695,23	1320,94
695,42	1398,76
695,62	1435,63
695,81	1443,82
696,01	1468,39
696,20	1370,09
696,40	1380,33
696,59	1370,09
696,78	1454,06
696,98	1427,43
697,17	1400,81
697,37	1554,41
697,56	1380,33
697,76	1413,10
697,95	1511,40
698,15	1464,30
698,34	1417,19
698,54	1368,04
698,73	1560,55
698,93	1411,05
699,12	1372,14
699,32	1386,47
699,51	1470,44
699,70	1388,52
699,90	1392,62
700,09	1419,24
700,29	1378,28
700,48	1355,76
700,68	1447,91
700,87	1423,34
701,07	1413,10
701,26	1433,58
701,45	1406,95
701,65	1497,07
701,84	1386,47
702,04	1335,28
702,23	1406,95
702,43	1433,58
702,62	1456,11
702,81	1349,61
703,01	1464,30
703,20	1460,20
703,40	1349,61
703,59	1423,34
703,79	1460,20
703,98	1417,19
704,17	1400,81
704,37	1382,38
704,56	1417,19
704,76	1441,77
704,95	1357,80
705,14	1370,09
705,34	1341,42
705,53	1404,91
705,73	1310,70
705,92	1441,77
706,11	1486,83
706,31	1396,71
706,50	1409,00
706,70	1423,34
706,89	1390,57
707,08	1445,87
707,28	1441,77
707,47	1413,10
707,67	1388,52
707,86	1361,90
708,05	1423,34
708,25	1380,33
708,44	1339,37
708,64	1384,43
708,83	1392,62
709,02	1357,80
709,22	1468,39
709,41	1406,95
709,60	1540,07
709,80	1417,19
709,99	1443,82
710,19	1394,67
710,38	1404,91
710,57	1318,89
710,77	1366,00
710,96	1396,71
711,15	1497,07
711,35	1325,04
711,54	1345,52
711,73	1388,52
711,93	1372,14
712,12	1427,43
712,31	1390,57
712,51	1425,39
712,70	1423,34
712,89	1337,32
713,09	1429,48
713,28	1392,62
713,48	1529,83
713,67	1392,62
713,86	1435,63
714,06	1406,95
714,25	1411,05
714,44	1392,62
714,64	1343,47
714,83	1374,19
715,02	1376,24
715,22	1443,82
715,41	1441,77
715,60	1449,96
715,79	1406,95
715,99	1437,67
716,18	1454,06
716,37	1402,86
716,57	1443,82
716,76	1445,87
716,95	1425,39
717,15	1441,77
717,34	1400,81
717,53	1439,72
717,73	1386,47
717,92	1490,92
718,11	1472,49
718,31	1366,00
718,50	1484,78
718,69	1325,04
718,88	1495,02
719,08	1349,61
719,27	1433,58
719,46	1349,61
719,66	1411,05
719,85	1325,04
720,04	1417,19
720,23	1345,52
720,43	1384,43
720,62	1392,62
720,81	1296,36
721,01	1374,19
721,20	1441,77
721,39	1470,44
721,58	1366,00
721,78	1458,15
721,97	1466,35
722,16	1413,10
722,35	1333,23
722,55	1363,95
722,74	1427,43
722,93	1447,91
723,13	1417,19
723,32	1341,42
723,51	1406,95
723,70	1306,60
723,90	1394,67
724,09	1415,15
724,28	1413,10
724,47	1431,53
724,67	1380,33
724,86	1366,00
725,05	1329,13
725,24	1402,86
725,44	1398,76
725,63	1363,95
725,82	1366,00
726,01	1439,72
726,21	1402,86
726,40	1337,32
726,59	1413,10
726,78	1322,99
726,97	1376,24
727,17	1357,80
727,36	1484,78
727,55	1415,15
727,74	1404,91
727,94	1386,47
728,13	1427,43
728,32	1398,76
728,51	1423,34
728,70	1441,77
728,90	1325,04
729,09	1413,10
729,28	1402,86
729,47	1413,10
729,66	1425,39
729,86	1386,47
730,05	1398,76
730,24	1419,24
730,43	1353,71
730,63	1409,00
730,82	1458,15
731,01	1347,56
731,20	1388,52
731,39	1378,28
731,58	1316,84
731,78	1347,56
731,97	1396,71
732,16	1376,24
732,35	1464,30
732,54	1402,86
732,74	1447,91
732,93	1400,81
733,12	1429,48
733,31	1361,90
733,50	1318,89
733,69	1417,19
733,89	1406,95
734,08	1445,87
734,27	1472,49
734,46	1529,83
734,65	1406,95
734,84	1376,24
735,04	1376,24
735,23	1388,52
735,42	1423,34
735,61	1394,67
735,80	1368,04
735,99	1458,15
736,19	1382,38
736,38	1355,76
736,57	1452,01
736,76	1308,65
736,95	1423,34
737,14	1378,28
737,33	1372,14
737,53	1384,43
737,72	1390,57
737,91	1392,62
738,10	1486,83
738,29	1333,23
738,48	1497,07
738,67	1333,23
738,87	1413,10
739,06	1343,47
739,25	1380,33
739,44	1370,09
739,63	1517,54
739,82	1363,95
740,01	1386,47
740,20	1423,34
740,40	1363,95
740,59	1402,86
740,78	1435,63
740,97	1415,15
741,16	1345,52
741,35	1398,76
741,54	1421,29
741,73	1458,15
741,92	1388,52
742,12	1415,15
742,31	1427,43
742,50	1452,01
742,69	1386,47
742,88	1413,10
743,07	1415,15
743,26	1437,67
743,45	1474,54
743,64	1419,24
743,83	1533,93
744,02	1327,08
744,22	1370,09
744,41	1452,01
744,60	1464,30
744,79	1394,67
744,98	1437,67
745,17	1361,90
745,36	1347,56
745,55	1415,15
745,74	1415,15
745,93	1368,04
746,12	1449,96
746,31	1359,85
746,50	1413,10
746,70	1372,14
746,89	1361,90
747,08	1406,95
747,27	1347,56
747,46	1384,43
747,65	1396,71
747,84	1470,44
748,03	1366,00
748,22	1380,33
748,41	1423,34
748,60	1460,20
748,79	1333,23
748,98	1349,61
749,17	1333,23
749,36	1302,51
749,55	1378,28
749,74	1429,48
749,93	1513,45
750,12	1329,13
750,31	1486,83
750,50	1472,49
750,70	1372,14
750,89	1466,35
751,08	1492,97
751,27	1411,05
751,46	1406,95
751,65	1439,72
751,84	1439,72
752,03	1368,04
752,22	1474,54
752,41	1449,96
752,60	1433,58
752,79	1431,53
752,98	1355,76
753,17	1415,15
753,36	1456,11
753,55	1449,96
753,74	1402,86
753,93	1497,07
754,12	1421,29
754,31	1452,01
754,50	1525,74
754,69	1406,95
754,88	1433,58
755,07	1396,71
755,26	1474,54
755,45	1353,71
755,64	1456,11
755,83	1388,52
756,02	1468,39
756,21	1447,91
756,40	1484,78
756,59	1458,15
756,78	1486,83
756,97	1464,30
757,16	1421,29
757,35	1460,20
757,54	1406,95
757,72	1513,45
757,91	1417,19
758,10	1431,53
758,29	1382,38
758,48	1433,58
758,67	1411,05
758,86	1429,48
759,05	1449,96
759,24	1435,63
759,43	1523,69
759,62	1398,76
759,81	1392,62
760,00	1386,47
760,19	1452,01
760,38	1519,59
760,57	1386,47
760,76	1425,39
760,95	1495,02
761,14	1361,90
761,33	1460,20
761,52	1384,43
761,70	1478,63
761,89	1390,57
762,08	1435,63
762,27	1325,04
762,46	1417,19
762,65	1456,11
762,84	1439,72
763,03	1423,34
763,22	1419,24
763,41	1398,76
763,60	1478,63
763,79	1419,24
763,98	1462,25
764,16	1484,78
764,35	1427,43
764,54	1456,11
764,73	1439,72
764,92	1423,34
765,11	1603,56
765,30	1411,05
765,49	1394,67
765,68	1456,11
765,87	1490,92
766,06	1445,87
766,24	1437,67
766,43	1460,20
766,62	1486,83
766,81	1335,28
767,00	1497,07
767,19	1390,57
767,38	1411,05
767,57	1361,90
767,76	1486,83
767,94	1441,77
768,13	1464,30
768,32	1562,60
768,51	1386,47
768,70	1513,45
768,89	1458,15
769,08	1484,78
769,27	1394,67
769,45	1376,24
769,64	1501,16
769,83	1400,81
770,02	1466,35
770,21	1468,39
770,40	1445,87
770,59	1406,95
770,77	1419,24
770,96	1476,59
771,15	1449,96
771,34	1449,96
771,53	1556,46
771,72	1392,62
771,91	1376,24
772,09	1478,63
772,28	1460,20
772,47	1363,95
772,66	1490,92
772,85	1468,39
773,04	1413,10
773,22	1495,02
773,41	1458,15
773,60	1394,67
773,79	1449,96
773,98	1435,63
774,17	1468,39
774,35	1409,00
774,54	1398,76
774,73	1472,49
774,92	1452,01
775,11	1384,43
775,30	1550,31
775,48	1447,91
775,67	1511,40
775,86	1501,16
776,05	1544,17
776,24	1449,96
776,42	1443,82
776,61	1427,43
776,80	1488,87
776,99	1527,78
777,18	1488,87
777,36	1402,86
777,55	1482,73
777,74	1515,50
777,93	1396,71
778,12	1449,96
778,30	1552,36
778,49	1402,86
778,68	1478,63
778,87	1372,14
779,06	1501,16
779,24	1382,38
779,43	1566,70
779,62	1464,30
779,81	1439,72
779,99	1363,95
780,18	1464,30
780,37	1605,61
780,56	1507,30
780,75	1441,77
780,93	1552,36
781,12	1513,45
781,31	1474,54
781,50	1486,83
781,68	1421,29
781,87	1359,85
782,06	1435,63
782,25	1452,01
782,43	1439,72
782,62	1415,15
782,81	1492,97
783,00	1460,20
783,18	1331,18
783,37	1445,87
783,56	1374,19
783,75	1390,57
783,93	1433,58
784,12	1474,54
784,31	1427,43
784,50	1476,59
784,68	1435,63
784,87	1435,63
785,06	1435,63
785,24	1480,68
785,43	1460,20
785,62	1396,71
785,81	1370,09
785,99	1458,15
786,18	1423,34
786,37	1366,00
786,56	1386,47
786,74	1384,43
786,93	1470,44
787,12	1509,35
787,30	1366,00
787,49	1466,35
787,68	1411,05
787,87	1386,47
788,05	1404,91
788,24	1370,09
788,43	1417,19
788,61	1466,35
788,80	1431,53
788,99	1374,19
789,17	1484,78
789,36	1452,01
789,55	1357,80
789,73	1523,69
789,92	1413,10
790,11	1361,90
790,30	1480,68
790,48	1327,08
790,67	1429,48
790,86	1460,20
791,04	1427,43
791,23	1533,93
791,42	1413,10
791,60	1361,90
791,79	1406,95
791,98	1400,81
792,16	1374,19
792,35	1425,39
792,54	1361,90
792,72	1390,57
792,91	1433,58
793,10	1372,14
793,28	1439,72
793,47	1415,15
793,66	1447,91
793,84	1347,56
794,03	1411,05
794,22	1419,24
794,40	1445,87
794,59	1490,92
794,77	1361,90
794,96	1337,32
795,15	1501,16
795,33	1357,80
795,52	1433,58
795,71	1398,76
795,89	1382,38
796,08	1449,96
796,27	1406,95
796,45	1406,95
796,64	1382,38
796,82	1476,59
797,01	1386,47
797,20	1507,30
797,38	1374,19
797,57	1368,04
797,76	1386,47
797,94	1417,19
798,13	1505,26
798,31	1406,95
798,50	1466,35
798,69	1456,11
798,87	1458,15
799,06	1462,25
799,24	1384,43
799,43	1474,54
799,62	1308,65
799,80	1423,34
799,99	1492,97
800,17	1409,00
800,36	1427,43
800,55	1411,05
800,73	1456,11
800,92	1441,77
801,10	1390,57
801,29	1404,91
801,48	1386,47
801,66	1370,09
801,85	1374,19
802,03	1363,95
802,22	1462,25
802,40	1376,24
802,59	1392,62
802,78	1480,68
802,96	1398,76
803,15	1501,16
803,33	1370,09
803,52	1406,95
803,70	1382,38
803,89	1353,71
804,08	1357,80
804,26	1423,34
804,45	1275,88
804,63	1439,72
804,82	1404,91
805,00	1454,06
805,19	1417,19
805,37	1382,38
805,56	1464,30
805,74	1333,23
805,93	1374,19
806,12	1413,10
806,30	1413,10
806,49	1388,52
806,67	1402,86
806,86	1296,36
807,04	1425,39
807,23	1355,76
807,41	1314,80
807,60	1476,59
807,78	1308,65
807,97	1699,81
808,15	1333,23
808,34	1443,82
808,52	1347,56
808,71	1411,05
808,89	1402,86
809,08	1386,47
809,27	1439,72
809,45	1433,58
809,64	1413,10
809,82	1449,96
810,01	1372,14
810,19	1478,63
810,38	1433,58
810,56	1378,28
810,75	1413,10
810,93	1361,90
811,12	1411,05
811,30	1454,06
811,49	1400,81
811,67	1476,59
811,85	1411,05
812,04	1439,72
812,22	1378,28
812,41	1429,48
812,59	1470,44
812,78	1366,00
812,96	1386,47
813,15	1415,15
813,33	1443,82
813,52	1421,29
813,70	1431,53
813,89	1427,43
814,07	1460,20
814,26	1409,00
814,44	1353,71
814,63	1495,02
814,81	1413,10
815,00	1366,00
815,18	1503,21
815,36	1382,38
815,55	1392,62
815,73	1394,67
815,92	1468,39
816,10	1449,96
816,29	1415,15
816,47	1292,27
816,66	1378,28
816,84	1435,63
817,02	1478,63
817,21	1425,39
817,39	1419,24
817,58	1370,09
817,76	1331,18
817,95	1409,00
818,13	1411,05
818,32	1304,56
818,50	1298,41
818,68	1417,19
818,87	1445,87
819,05	1380,33
819,24	1419,24
819,42	1404,91
819,60	1392,62
819,79	1454,06
819,97	1386,47
820,16	1349,61
820,34	1456,11
820,53	1357,80
820,71	1390,57
820,89	1464,30
821,08	1384,43
821,26	1333,23
821,45	1335,28
821,63	1460,20
821,81	1398,76
822,00	1433,58
822,18	1366,00
822,37	1486,83
822,55	1308,65
822,73	1378,28
822,92	1435,63
823,10	1380,33
823,28	1374,19
823,47	1423,34
823,65	1404,91
823,84	1415,15
824,02	1449,96
824,20	1349,61
824,39	1441,77
824,57	1353,71
824,75	1462,25
824,94	1363,95
825,12	1458,15
825,31	1339,37
825,49	1433,58
825,67	1411,05
825,86	1425,39
826,04	1456,11
826,22	1501,16
826,41	1505,26
826,59	1445,87
826,77	1333,23
826,96	1503,21
827,14	1357,80
827,32	1366,00
827,51	1437,67
827,69	1466,35
827,87	1368,04
828,06	1386,47
828,24	1439,72
828,42	1372,14
828,61	1421,29
828,79	1521,64
828,97	1413,10
829,16	1441,77
829,34	1480,68
829,52	1386,47
829,71	1501,16
829,89	1497,07
830,07	1425,39
830,26	1529,83
830,44	1449,96
830,62	1409,00
830,81	1402,86
830,99	1470,44
831,17	1382,38
831,36	1333,23
831,54	1462,25
831,72	1394,67
831,91	1325,04
832,09	1431,53
832,27	1439,72
832,45	1505,26
832,64	1427,43
832,82	1439,72
833,00	1417,19
833,19	1359,85
833,37	1359,85
833,55	1484,78
833,73	1386,47
833,92	1441,77
834,10	1415,15
834,28	1462,25
834,47	1458,15
834,65	1478,63
834,83	1382,38
835,01	1484,78
835,20	1404,91
835,38	1382,38
835,56	1427,43
835,74	1437,67
835,93	1445,87
836,11	1482,73
836,29	1458,15
836,47	1447,91
836,66	1435,63
836,84	1435,63
837,02	1480,68
837,21	1560,55
837,39	1359,85
837,57	1501,16
837,75	1441,77
837,94	1466,35
838,12	1390,57
838,30	1437,67
838,48	1322,99
838,66	1452,01
838,85	1542,12
839,03	1409,00
839,21	1400,81
839,39	1298,41
839,58	1384,43
839,76	1456,11
839,94	1443,82
840,12	1419,24
840,31	1452,01
840,49	1386,47
840,67	1458,15
840,85	1419,24
841,03	1449,96
841,22	1320,94
841,40	1390,57
841,58	1406,95
841,76	1417,19
841,94	1411,05
842,13	1538,02
842,31	1425,39
842,49	1460,20
842,67	1449,96
842,85	1433,58
843,04	1472,49
843,22	1425,39
843,40	1447,91
843,58	1456,11
843,76	1486,83
843,95	1452,01
844,13	1386,47
844,31	1413,10
844,49	1406,95
844,67	1394,67
844,86	1394,67
845,04	1409,00
845,22	1386,47
845,40	1398,76
845,58	1460,20
845,76	1456,11
845,95	1472,49
846,13	1374,19
846,31	1402,86
846,49	1458,15
846,67	1439,72
846,85	1421,29
847,04	1466,35
847,22	1376,24
847,40	1423,34
847,58	1353,71
847,76	1454,06
847,94	1435,63
848,12	1519,59
848,31	1374,19
848,49	1415,15
848,67	1433,58
848,85	1447,91
849,03	1505,26
849,21	1591,27
849,39	1437,67
849,58	1447,91
849,76	1454,06
849,94	1439,72
850,12	1396,71
850,30	1542,12
850,48	1447,91
850,66	1515,50
850,84	1368,04
851,03	1445,87
851,21	1390,57
851,39	1478,63
851,57	1490,92
851,75	1396,71
851,93	1413,10
852,11	1468,39
852,29	1409,00
852,47	1492,97
852,66	1464,30
852,84	1378,28
853,02	1449,96
853,20	1433,58
853,38	1357,80
853,56	1409,00
853,74	1437,67
853,92	1445,87
854,10	1419,24
854,28	1406,95
854,46	1411,05
854,65	1308,65
854,83	1404,91
855,01	1437,67
855,19	1449,96
855,37	1497,07
855,55	1406,95
855,73	1509,35
855,91	1509,35
856,09	1525,74
856,27	1521,64
856,45	1527,78
856,63	1497,07
856,81	1394,67
857,00	1454,06
857,18	1388,52
857,36	1370,09
857,54	1415,15
857,72	1425,39
857,90	1384,43
858,08	1576,94
858,26	1421,29
858,44	1404,91
858,62	1462,25
858,80	1460,20
858,98	1468,39
859,16	1384,43
859,34	1445,87
859,52	1492,97
859,70	1482,73
859,88	1411,05
860,06	1406,95
860,24	1380,33
860,42	1511,40
860,60	1511,40
860,78	1417,19
860,96	1427,43
861,14	1417,19
861,32	1421,29
861,50	1437,67
861,69	1415,15
861,87	1452,01
862,05	1417,19
862,23	1415,15
862,41	1513,45
862,59	1402,86
862,77	1470,44
862,95	1447,91
863,13	1482,73
863,31	1439,72
863,49	1396,71
863,67	1431,53
863,85	1357,80
864,03	1429,48
864,21	1456,11
864,39	1464,30
864,57	1517,54
864,75	1402,86
864,92	1472,49
865,10	1511,40
865,28	1349,61
865,46	1439,72
865,64	1415,15
865,82	1478,63
866,00	1431,53
866,18	1400,81
866,36	1335,28
866,54	1433,58
866,72	1378,28
866,90	1384,43
867,08	1361,90
867,26	1341,42
867,44	1386,47
867,62	1462,25
867,80	1488,87
867,98	1519,59
868,16	1441,77
868,34	1443,82
868,52	1429,48
868,70	1406,95
868,88	1472,49
869,06	1390,57
869,24	1415,15
869,42	1372,14
869,59	1447,91
869,77	1392,62
869,95	1482,73
870,13	1484,78
870,31	1398,76
870,49	1517,54
870,67	1368,04
870,85	1329,13
871,03	1404,91
871,21	1460,20
871,39	1390,57
871,57	1409,00
871,75	1464,30
871,92	1419,24
872,10	1437,67
872,28	1435,63
872,46	1480,68
872,64	1439,72
872,82	1497,07
873,00	1423,34
873,18	1449,96
873,36	1456,11
873,54	1376,24
873,72	1374,19
873,89	1441,77
874,07	1433,58
874,25	1570,79
874,43	1533,93
874,61	1460,20
874,79	1417,19
874,97	1370,09
875,15	1425,39
875,33	1437,67
875,50	1406,95
875,68	1394,67
875,86	1499,11
876,04	1384,43
876,22	1458,15
876,40	1415,15
876,58	1413,10
876,76	1439,72
876,93	1486,83
877,11	1415,15
877,29	1374,19
877,47	1456,11
877,65	1464,30
877,83	1392,62
878,01	1417,19
878,18	1460,20
878,36	1404,91
878,54	1411,05
878,72	1374,19
878,90	1339,37
879,08	1499,11
879,25	1454,06
879,43	1390,57
879,61	1392,62
879,79	1497,07
879,97	1406,95
880,15	1509,35
880,32	1339,37
880,50	1495,02
880,68	1390,57
880,86	1429,48
881,04	1462,25
881,22	1466,35
881,39	1435,63
881,57	1501,16
881,75	1415,15
881,93	1349,61
882,11	1374,19
882,28	1443,82
882,46	1423,34
882,64	1366,00
882,82	1366,00
883,00	1503,21
883,18	1474,54
883,35	1415,15
883,53	1419,24
883,71	1472,49
883,89	1456,11
884,07	1339,37
884,24	1409,00
884,42	1413,10
884,60	1447,91
884,78	1535,98
884,95	1388,52
885,13	1474,54
885,31	1419,24
885,49	1390,57
885,67	1353,71
885,84	1443,82
886,02	1474,54
886,20	1427,43
886,38	1423,34
886,55	1425,39
886,73	1456,11
886,91	1447,91
887,09	1411,05
887,26	1427,43
887,44	1402,86
887,62	1521,64
887,80	1456,11
887,98	1492,97
888,15	1515,50
888,33	1359,85
888,51	1382,38
888,69	1542,12
888,86	1376,24
889,04	1394,67
889,22	1396,71
889,39	1429,48
889,57	1470,44
889,75	1433,58
889,93	1492,97
890,10	1404,91
890,28	1411,05
890,46	1476,59
890,64	1443,82
890,81	1505,26
890,99	1499,11
891,17	1452,01
891,34	1474,54
891,52	1419,24
891,70	1339,37
891,88	1366,00
892,05	1458,15
892,23	1447,91
892,41	1398,76
892,58	1400,81
892,76	1411,05
892,94	1406,95
893,12	1495,02
893,29	1452,01
893,47	1361,90
893,65	1427,43
893,82	1402,86
894,00	1476,59
894,18	1456,11
894,35	1421,29
894,53	1415,15
894,71	1452,01
894,89	1390,57
895,06	1458,15
895,24	1441,77
895,42	1376,24
895,59	1413,10
895,77	1337,32
895,95	1470,44
896,12	1357,80
896,30	1474,54
896,48	1447,91
896,65	1474,54
896,83	1411,05
897,01	1357,80
897,18	1421,29
897,36	1466,35
897,54	1456,11
897,71	1378,28
897,89	1464,30
898,07	1288,17
898,24	1406,95
898,42	1333,23
898,59	1492,97
898,77	1282,03
898,95	1476,59
899,12	1406,95
899,30	1445,87
899,48	1406,95
899,65	1439,72
899,83	1425,39
900,01	1400,81
900,18	1431,53
900,36	1421,29
900,53	1406,95
900,71	1409,00
900,89	1488,87
901,06	1404,91
901,24	1339,37
901,42	1400,81
901,59	1452,01
901,77	1353,71
901,94	1452,01
902,12	1409,00
902,30	1392,62
902,47	1402,86
902,65	1386,47
902,82	1409,00
903,00	1466,35
903,18	1447,91
903,35	1427,43
903,53	1415,15
903,70	1452,01
903,88	1447,91
904,06	1503,21
904,23	1466,35
904,41	1374,19
904,58	1419,24
904,76	1376,24
904,93	1439,72
905,11	1417,19
905,29	1419,24
905,46	1368,04
905,64	1411,05
905,81	1382,38
905,99	1398,76
906,16	1501,16
906,34	1423,34
906,52	1484,78
906,69	1374,19
906,87	1488,87
907,04	1363,95
907,22	1447,91
907,39	1363,95
907,57	1366,00
907,75	1525,74
907,92	1464,30
908,10	1513,45
908,27	1431,53
908,45	1331,18
908,62	1357,80
908,80	1384,43
908,97	1439,72
909,15	1466,35
909,32	1425,39
909,50	1437,67
909,67	1406,95
909,85	1439,72
910,03	1333,23
910,20	1458,15
910,38	1435,63
910,55	1357,80
910,73	1396,71
910,90	1382,38
911,08	1480,68
911,25	1486,83
911,43	1439,72
911,60	1439,72
911,78	1433,58
911,95	1439,72
912,13	1415,15
912,30	1419,24
912,48	1429,48
912,65	1447,91
912,83	1296,36
913,00	1376,24
913,18	1443,82
913,35	1378,28
913,53	1400,81
913,70	1513,45
913,88	1413,10
914,05	1464,30
914,23	1456,11
914,40	1388,52
914,58	1404,91
914,75	1439,72
914,93	1421,29
915,10	1329,13
915,27	1468,39
915,45	1421,29
915,62	1394,67
915,80	1402,86
915,97	1386,47
916,15	1419,24
916,32	1521,64
916,50	1488,87
916,67	1406,95
916,85	1406,95
917,02	1427,43
917,20	1476,59
917,37	1382,38
917,54	1554,41
917,72	1454,06
917,89	1388,52
918,07	1484,78
918,24	1488,87
918,42	1423,34
918,59	1452,01
918,77	1435,63
918,94	1423,34
919,11	1366,00
919,29	1449,96
919,46	1431,53
919,64	1454,06
919,81	1484,78
919,99	1400,81
920,16	1452,01
920,33	1402,86
920,51	1474,54
920,68	1464,30
920,86	1441,77
921,03	1509,35
921,20	1478,63
921,38	1581,03
921,55	1497,07
921,73	1415,15
921,90	1368,04
922,07	1437,67
922,25	1392,62
922,42	1505,26
922,60	1456,11
922,77	1388,52
922,94	1511,40
923,12	1476,59
923,29	1501,16
923,47	1380,33
923,64	1441,77
923,81	1421,29
923,99	1411,05
924,16	1431,53
924,34	1349,61
924,51	1495,02
924,68	1525,74
924,86	1460,20
925,03	1380,33
925,20	1505,26
925,38	1505,26
925,55	1404,91
925,72	1447,91
925,90	1423,34
926,07	1458,15
926,25	1478,63
926,42	1366,00
926,59	1423,34
926,77	1415,15
926,94	1419,24
927,11	1421,29
927,29	1478,63
927,46	1400,81
927,63	1554,41
927,81	1460,20
927,98	1415,15
928,15	1439,72
928,33	1488,87
928,50	1380,33
928,67	1429,48
928,85	1341,42
929,02	1474,54
929,19	1415,15
929,37	1421,29
929,54	1355,76
929,71	1546,22
929,89	1470,44
930,06	1431,53
930,23	1454,06
930,41	1484,78
930,58	1376,24
930,75	1492,97
930,92	1517,54
931,10	1458,15
931,27	1349,61
931,44	1509,35
931,62	1402,86
931,79	1413,10
931,96	1470,44
932,14	1435,63
932,31	1435,63
932,48	1474,54
932,65	1339,37
932,83	1552,36
933,00	1417,19
933,17	1540,07
933,35	1429,48
933,52	1427,43
933,69	1527,78
933,86	1476,59
934,04	1472,49
934,21	1402,86
934,38	1423,34
934,55	1353,71
934,73	1431,53
934,90	1413,10
935,07	1468,39
935,25	1439,72
935,42	1413,10
935,59	1492,97
935,76	1386,47
935,94	1435,63
936,11	1452,01
936,28	1462,25
936,45	1466,35
936,63	1394,67
936,80	1345,52
936,97	1411,05
937,14	1492,97
937,31	1513,45
937,49	1497,07
937,66	1466,35
937,83	1484,78
938,00	1452,01
938,18	1437,67
938,35	1372,14
938,52	1513,45
938,69	1366,00
938,87	1505,26
939,04	1472,49
939,21	1406,95
939,38	1419,24
939,55	1406,95
939,73	1511,40
939,90	1447,91
940,07	1427,43
940,24	1390,57
940,41	1423,34
940,59	1372,14
940,76	1368,04
940,93	1419,24
941,10	1349,61
941,27	1386,47
941,45	1503,21
941,62	1449,96
941,79	1435,63
941,96	1474,54
942,13	1423,34
942,31	1409,00
942,48	1480,68
942,65	1480,68
942,82	1441,77
942,99	1386,47
943,16	1415,15
943,34	1490,92
943,51	1478,63
943,68	1509,35
943,85	1415,15
944,02	1415,15
944,19	1380,33
944,37	1402,86
944,54	1499,11
944,71	1419,24
944,88	1499,11
945,05	1503,21
945,22	1404,91
945,40	1447,91
945,57	1443,82
945,74	1433,58
945,91	1464,30
946,08	1447,91
946,25	1468,39
946,42	1490,92
946,60	1474,54
946,77	1501,16
946,94	1439,72
947,11	1433,58
947,28	1433,58
947,45	1413,10
947,62	1402,86
947,79	1452,01
947,97	1581,03
948,14	1425,39
948,31	1456,11
948,48	1443,82
948,65	1388,52
948,82	1380,33
948,99	1394,67
949,16	1380,33
949,33	1431,53
949,51	1419,24
949,68	1474,54
949,85	1411,05
950,02	1372,14
950,19	1415,15
950,36	1386,47
950,53	1386,47
950,70	1425,39
950,87	1511,40
951,04	1464,30
951,22	1437,67
951,39	1394,67
951,56	1437,67
951,73	1433,58
951,90	1335,28
952,07	1507,30
952,24	1423,34
952,41	1497,07
952,58	1386,47
952,75	1505,26
952,92	1392,62
953,09	1392,62
953,26	1382,38
953,43	1374,19
953,61	1468,39
953,78	1486,83
953,95	1443,82
954,12	1396,71
954,29	1425,39
954,46	1538,02
954,63	1458,15
954,80	1443,82
954,97	1427,43
955,14	1538,02
955,31	1421,29
955,48	1452,01
955,65	1454,06
955,82	1382,38
955,99	1466,35
956,16	1525,74
956,33	1437,67
956,50	1464,30
956,67	1484,78
956,84	1456,11
957,01	1474,54
957,18	1417,19
957,35	1425,39
957,52	1468,39
957,69	1435,63
957,86	1388,52
958,03	1406,95
958,20	1384,43
958,37	1390,57
958,54	1384,43
958,71	1406,95
958,88	1544,17
959,05	1458,15
959,22	1484,78
959,39	1447,91
959,56	1415,15
959,73	1443,82
959,90	1452,01
960,07	1413,10
960,24	1398,76
960,41	1345,52
960,58	1499,11
960,75	1404,91
960,92	1400,81
961,09	1331,18
961,26	1398,76
961,43	1454,06
961,60	1320,94
961,77	1447,91
961,94	1447,91
962,11	1427,43
962,28	1515,50
962,45	1452,01
962,62	1402,86
962,79	1437,67
962,96	1462,25
963,13	1435,63
963,30	1406,95
963,47	1445,87
963,64	1423,34
963,81	1535,98
963,98	1359,85
964,14	1454,06
964,31	1435,63
964,48	1470,44
964,65	1468,39
964,82	1449,96
964,99	1423,34
965,16	1466,35
965,33	1398,76
965,50	1423,34
965,67	1437,67
965,84	1363,95
966,01	1380,33
966,18	1320,94
966,35	1443,82
966,51	1456,11
966,68	1544,17
966,85	1353,71
967,02	1439,72
967,19	1415,15
967,36	1343,47
967,53	1355,76
967,70	1388,52
967,87	1482,73
968,04	1398,76
968,21	1400,81
968,37	1492,97
968,54	1400,81
968,71	1347,56
968,88	1368,04
969,05	1445,87
969,22	1392,62
969,39	1484,78
969,56	1490,92
969,72	1382,38
969,89	1499,11
970,06	1474,54
970,23	1425,39
970,40	1433,58
970,57	1396,71
970,74	1435,63
970,91	1437,67
971,07	1347,56
971,24	1431,53
971,41	1454,06
971,58	1333,23
971,75	1376,24
971,92	1378,28
972,09	1433,58
972,25	1390,57
972,42	1554,41
972,59	1427,43
972,76	1421,29
972,93	1415,15
973,10	1441,77
973,27	1492,97
973,43	1341,42
973,60	1421,29
973,77	1337,32
973,94	1445,87
974,11	1359,85
974,28	1411,05
974,44	1333,23
974,61	1525,74
974,78	1443,82
974,95	1370,09
975,12	1447,91
975,28	1447,91
975,45	1404,91
975,62	1390,57
975,79	1384,43
975,96	1411,05
976,12	1429,48
976,29	1435,63
976,46	1435,63
976,63	1427,43
976,80	1425,39
976,96	1423,34
977,13	1443,82
977,30	1404,91
977,47	1402,86
977,64	1406,95
977,80	1386,47
977,97	1359,85
978,14	1363,95
978,31	1415,15
978,48	1398,76
978,64	1415,15
978,81	1378,28
978,98	1452,01
979,15	1363,95
979,31	1433,58
979,48	1404,91
979,65	1370,09
979,82	1431,53
979,98	1404,91
980,15	1372,14
980,32	1464,30
980,49	1425,39
980,66	1374,19
980,82	1456,11
980,99	1390,57
981,16	1402,86
981,33	1425,39
981,49	1398,76
981,66	1402,86
981,83	1343,47
981,99	1443,82
982,16	1441,77
982,33	1413,10
982,50	1380,33
982,66	1443,82
982,83	1345,52
983,00	1443,82
983,17	1386,47
983,33	1470,44
983,50	1443,82
983,67	1402,86
983,83	1402,86
984,00	1378,28
984,17	1476,59
984,34	1431,53
984,50	1468,39
984,67	1382,38
984,84	1392,62
985,00	1343,47
985,17	1390,57
985,34	1421,29
985,51	1392,62
985,67	1427,43
985,84	1337,32
986,01	1314,80
986,17	1400,81
986,34	1439,72
986,51	1331,18
986,67	1349,61
986,84	1404,91
987,01	1431,53
987,17	1390,57
987,34	1388,52
987,51	1409,00
987,67	1398,76
987,84	1495,02
988,01	1501,16
988,17	1380,33
988,34	1429,48
988,51	1460,20
988,67	1413,10
988,84	1390,57
989,01	1361,90
989,17	1398,76
989,34	1454,06
989,51	1431,53
989,67	1361,90
989,84	1411,05
990,01	1316,84
990,17	1480,68
990,34	1400,81
990,51	1452,01
990,67	1333,23
990,84	1366,00
991,01	1402,86
991,17	1417,19
991,34	1363,95
991,50	1304,56
991,67	1341,42
991,84	1363,95
992,00	1382,38
992,17	1417,19
992,34	1462,25
992,50	1409,00
992,67	1427,43
992,83	1415,15
993,00	1327,08
993,17	1406,95
993,33	1433,58
993,50	1423,34
993,66	1417,19
993,83	1445,87
994,00	1431,53
994,16	1329,13
994,33	1511,40
994,49	1454,06
994,66	1417,19
994,83	1396,71
994,99	1337,32
995,16	1431,53
995,32	1462,25
995,49	1396,71
995,66	1480,68
995,82	1370,09
995,99	1351,66
996,15	1452,01
996,32	1347,56
996,48	1417,19
996,65	1376,24
996,82	1423,34
996,98	1427,43
997,15	1394,67
997,31	1382,38
997,48	1374,19
997,64	1277,93
997,81	1488,87
997,97	1437,67
998,14	1347,56
998,31	1409,00
998,47	1320,94
998,64	1454,06
998,80	1501,16
998,97	1419,24
999,13	1374,19
999,30	1390,57
999,46	1433,58
999,63	1306,60
999,79	1480,68
999,96	1439,72
1000,12	1386,47
1000,29	1449,96
1000,45	1425,39
1000,62	1343,47
1000,79	1521,64
1000,95	1398,76
1001,12	1439,72
1001,28	1396,71
1001,45	1454,06
1001,61	1425,39
1001,78	1402,86
1001,94	1396,71
1002,11	1482,73
1002,27	1384,43
1002,44	1390,57
1002,60	1316,84
1002,77	1535,98
1002,93	1505,26
1003,10	1378,28
1003,26	1372,14
1003,43	1376,24
1003,59	1511,40
1003,76	1417,19
1003,92	1376,24
1004,09	1431,53
1004,25	1396,71
1004,41	1507,30
1004,58	1439,72
1004,74	1343,47
1004,91	1304,56
1005,07	1429,48
1005,24	1447,91
1005,40	1505,26
1005,57	1320,94
1005,73	1386,47
1005,90	1370,09
1006,06	1462,25
1006,23	1484,78
1006,39	1454,06
1006,55	1423,34
1006,72	1394,67
1006,88	1325,04
1007,05	1466,35
1007,21	1355,76
1007,38	1433,58
1007,54	1372,14
1007,71	1388,52
1007,87	1335,28
1008,03	1443,82
1008,20	1447,91
1008,36	1433,58
1008,53	1429,48
1008,69	1398,76
1008,86	1400,81
1009,02	1394,67
1009,18	1468,39
1009,35	1384,43
1009,51	1353,71
1009,68	1472,49
1009,84	1482,73
1010,01	1394,67
1010,17	1318,89
1010,33	1355,76
1010,50	1308,65
1010,66	1435,63
1010,83	1394,67
1010,99	1443,82
1011,15	1345,52
1011,32	1404,91
1011,48	1404,91
1011,65	1435,63
1011,81	1372,14
1011,97	1454,06
1012,14	1482,73
1012,30	1394,67
1012,46	1359,85
1012,63	1431,53
1012,79	1427,43
1012,96	1312,75
1013,12	1411,05
1013,28	1404,91
1013,45	1302,51
1013,61	1355,76
1013,77	1431,53
1013,94	1384,43
1014,10	1327,08
1014,26	1417,19
1014,43	1443,82
1014,59	1392,62
1014,76	1394,67
1014,92	1449,96
1015,08	1335,28
1015,25	1386,47
1015,41	1488,87
1015,57	1441,77
1015,74	1378,28
1015,90	1380,33
1016,06	1464,30
1016,23	1413,10
1016,39	1347,56
1016,55	1421,29
1016,72	1474,54
1016,88	1425,39
1017,04	1353,71
1017,21	1345,52
1017,37	1300,46
1017,53	1388,52
1017,70	1433,58
1017,86	1327,08
1018,02	1382,38
1018,19	1441,77
1018,35	1349,61
1018,51	1400,81
1018,67	1400,81
1018,84	1347,56
1019,00	1396,71
1019,16	1458,15
1019,33	1497,07
1019,49	1425,39
1019,65	1386,47
1019,82	1320,94
1019,98	1419,24
1020,14	1400,81
1020,30	1443,82
1020,47	1294,32
1020,63	1439,72
1020,79	1462,25
1020,96	1359,85
1021,12	1366,00
1021,28	1443,82
1021,44	1421,29
1021,61	1472,49
1021,77	1357,80
1021,93	1368,04
1022,09	1441,77
1022,26	1466,35
1022,42	1439,72
1022,58	1574,89
1022,74	1464,30
1022,91	1335,28
1023,07	1443,82
1023,23	1357,80
1023,39	1419,24
1023,56	1374,19
1023,72	1439,72
1023,88	1345,52
1024,04	1376,24
1024,21	1308,65
1024,37	1390,57
1024,53	1449,96
1024,69	1292,27
1024,86	1427,43
1025,02	1439,72
1025,18	1378,28
1025,34	1341,42
1025,50	1423,34
1025,67	1431,53
1025,83	1413,10
1025,99	1433,58
1026,15	1398,76
1026,32	1421,29
1026,48	1382,38
1026,64	1464,30
1026,80	1468,39
1026,96	1435,63
1027,13	1388,52
1027,29	1349,61
1027,45	1361,90
1027,61	1382,38
1027,77	1423,34
1027,94	1427,43
1028,10	1351,66
1028,26	1286,12
1028,42	1386,47
1028,58	1378,28
1028,75	1462,25
1028,91	1394,67
1029,07	1357,80
1029,23	1400,81
1029,39	1388,52
1029,55	1406,95
1029,72	1382,38
1029,88	1437,67
1030,04	1423,34
1030,20	1345,52
1030,36	1308,65
1030,52	1390,57
1030,69	1433,58
1030,85	1400,81
1031,01	1466,35
1031,17	1435,63
1031,33	1425,39
1031,49	1542,12
1031,65	1357,80
1031,82	1386,47
1031,98	1392,62
1032,14	1529,83
1032,30	1439,72
1032,46	1488,87
1032,62	1398,76
1032,78	1462,25
1032,95	1386,47
1033,11	1374,19
1033,27	1308,65
1033,43	1368,04
1033,59	1437,67
1033,75	1462,25
1033,91	1439,72
1034,07	1484,78
1034,24	1404,91
1034,40	1361,90
1034,56	1437,67
1034,72	1419,24
1034,88	1331,18
1035,04	1374,19
1035,20	1404,91
1035,36	1390,57
1035,52	1460,20
1035,68	1388,52
1035,85	1380,33
1036,01	1331,18
1036,17	1419,24
1036,33	1423,34
1036,49	1341,42
1036,65	1402,86
1036,81	1411,05
1036,97	1386,47
1037,13	1388,52
1037,29	1398,76
1037,45	1396,71
1037,61	1409,00
1037,78	1421,29
1037,94	1421,29
1038,10	1366,00
1038,26	1400,81
1038,42	1427,43
1038,58	1531,88
1038,74	1351,66
1038,90	1419,24
1039,06	1435,63
1039,22	1341,42
1039,38	1394,67
1039,54	1378,28
1039,70	1343,47
1039,86	1386,47
1040,02	1396,71
1040,18	1441,77
1040,34	1390,57
1040,50	1452,01
1040,66	1433,58
1040,83	1458,15
1040,99	1415,15
1041,15	1525,74
1041,31	1425,39
1041,47	1456,11
1041,63	1431,53
1041,79	1351,66
1041,95	1376,24
1042,11	1400,81
1042,27	1406,95
1042,43	1447,91
1042,59	1437,67
1042,75	1409,00
1042,91	1386,47
