344,25	1261,55
344,46	1261,55
344,68	1261,55
344,90	1196,01
345,12	1247,21
345,34	1368,04
345,55	1368,04
345,77	1447,91
345,99	1343,47
346,21	1349,61
346,42	1378,28
346,64	1476,59
346,86	1366,00
347,08	1439,72
347,30	1361,90
347,51	1378,28
347,73	1402,86
347,95	1515,50
348,17	1402,86
348,38	1378,28
348,60	1357,80
348,82	1331,18
349,04	1396,71
349,25	1425,39
349,47	1462,25
349,69	1499,11
349,91	1499,11
350,13	1372,14
350,34	1427,43
350,56	1370,09
350,78	1437,67
351,00	1437,67
351,21	1445,87
351,43	1431,53
351,65	1404,91
351,87	1482,73
352,08	1480,68
352,30	1445,87
352,52	1357,80
352,74	1366,00
352,95	1509,35
353,17	1376,24
353,39	1320,94
353,61	1394,67
353,82	1372,14
354,04	1445,87
354,26	1435,63
354,47	1468,39
354,69	1376,24
354,91	1447,91
355,13	1351,66
355,34	1429,48
355,56	1400,81
355,78	1466,35
356,00	1447,91
356,21	1443,82
356,43	1439,72
356,65	1388,52
356,86	1372,14
357,08	1413,10
357,30	1437,67
357,52	1421,29
357,73	1384,43
357,95	1439,72
358,17	1454,06
358,38	1435,63
358,60	1327,08
358,82	1505,26
359,04	1441,77
359,25	1480,68
359,47	1556,46
359,69	1431,53
359,90	1404,91
360,12	1497,07
360,34	1540,07
360,56	1437,67
360,77	1460,20
360,99	1529,83
361,21	1421,29
361,42	1454,06
361,64	1470,44
361,86	1507,30
362,07	1544,17
362,29	1456,11
362,51	1505,26
362,73	1486,83
362,94	1527,78
363,16	1574,89
363,38	1533,93
363,59	1566,70
363,81	1583,08
364,03	1503,21
364,24	1544,17
364,46	1470,44
364,68	1554,41
364,89	1513,45
365,11	1607,66
365,33	1576,94
365,54	1527,78
365,76	1538,02
365,98	1583,08
366,19	1636,33
366,41	1634,28
366,63	1464,30
366,84	1578,98
367,06	1593,32
367,28	1558,50
367,49	1578,98
367,71	1490,92
367,93	1488,87
368,14	1589,22
368,36	1552,36
368,58	1550,31
368,79	1484,78
369,01	1550,31
369,23	1566,70
369,44	1501,16
369,66	1431,53
369,88	1589,22
370,09	1495,02
370,31	1562,60
370,53	1597,42
370,74	1568,74
370,96	1486,83
371,18	1560,55
371,39	1445,87
371,61	1546,22
371,82	1509,35
372,04	1531,88
372,26	1507,30
372,47	1517,54
372,69	1652,71
372,91	1548,26
373,12	1535,98
373,34	1615,85
373,56	1527,78
373,77	1597,42
373,99	1490,92
374,20	1492,97
374,42	1542,12
374,64	1531,88
374,85	1568,74
375,07	1642,47
375,29	1490,92
375,50	1474,54
375,72	1511,40
375,93	1499,11
376,15	1531,88
376,37	1533,93
376,58	1449,96
376,80	1535,98
377,01	1507,30
377,23	1499,11
377,45	1472,49
377,66	1392,62
377,88	1515,50
378,10	1433,58
378,31	1415,15
378,53	1593,32
378,74	1488,87
378,96	1495,02
379,18	1480,68
379,39	1482,73
379,61	1374,19
379,82	1425,39
380,04	1478,63
380,26	1552,36
380,47	1470,44
380,69	1454,06
380,90	1505,26
381,12	1445,87
381,33	1525,74
381,55	1497,07
381,77	1468,39
381,98	1509,35
382,20	1392,62
382,41	1351,66
382,63	1499,11
382,85	1456,11
383,06	1484,78
383,28	1431,53
383,49	1456,11
383,71	1454,06
383,92	1382,38
384,14	1435,63
384,36	1372,14
384,57	1425,39
384,79	1396,71
385,00	1415,15
385,22	1361,90
385,43	1390,57
385,65	1456,11
385,87	1423,34
386,08	1345,52
386,30	1386,47
386,51	1478,63
386,73	1484,78
386,94	1511,40
387,16	1429,48
387,37	1484,78
387,59	1497,07
387,81	1402,86
388,02	1417,19
388,24	1472,49
388,45	1495,02
388,67	1347,56
388,88	1492,97
389,10	1404,91
389,31	1558,50
389,53	1398,76
389,75	1544,17
389,96	1468,39
390,18	1388,52
390,39	1443,82
390,61	1419,24
390,82	1472,49
391,04	1490,92
391,25	1480,68
391,47	1419,24
391,68	1464,30
391,90	1546,22
392,11	1427,43
392,33	1521,64
392,54	1423,34
392,76	1482,73
392,97	1513,45
393,19	1490,92
393,41	1517,54
393,62	1464,30
393,84	1464,30
394,05	1499,11
394,27	1443,82
394,48	1445,87
394,70	1564,65
394,91	1501,16
395,13	1495,02
395,34	1529,83
395,56	1531,88
395,77	1447,91
395,99	1409,00
396,20	1513,45
396,42	1376,24
396,63	1433,58
396,85	1482,73
397,06	1466,35
397,28	1458,15
397,49	1525,74
397,71	1468,39
397,92	1435,63
398,14	1509,35
398,35	1578,98
398,57	1476,59
398,78	1542,12
399,00	1507,30
399,21	1460,20
399,43	1464,30
399,64	1443,82
399,86	1603,56
400,07	1519,59
400,29	1556,46
400,50	1548,26
400,72	1611,75
400,93	1585,13
401,14	1519,59
401,36	1603,56
401,57	1531,88
401,79	1527,78
402,00	1544,17
402,22	1517,54
402,43	1435,63
402,65	1458,15
402,86	1484,78
403,08	1624,04
403,29	1585,13
403,51	1572,84
403,72	1535,98
403,94	1513,45
404,15	1554,41
404,36	1486,83
404,58	1828,84
404,79	1495,02
405,01	1460,20
405,22	1560,55
405,44	1443,82
405,65	1470,44
405,87	1490,92
406,08	1564,65
406,30	1468,39
406,51	1478,63
406,72	1552,36
406,94	1497,07
407,15	1488,87
407,37	1499,11
407,58	1458,15
407,80	1585,13
408,01	1533,93
408,23	1529,83
408,44	1632,23
408,65	1464,30
408,87	1484,78
409,08	1466,35
409,30	1546,22
409,51	1468,39
409,73	1533,93
409,94	1540,07
410,15	1538,02
410,37	1546,22
410,58	1523,69
410,80	1452,01
411,01	1507,30
411,23	1538,02
411,44	1585,13
411,65	1523,69
411,87	1488,87
412,08	1535,98
412,30	1535,98
412,51	1495,02
412,72	1566,70
412,94	1552,36
413,15	1411,05
413,37	1452,01
413,58	1492,97
413,79	1501,16
414,01	1505,26
414,22	1501,16
414,44	1472,49
414,65	1589,22
414,86	1538,02
415,08	1429,48
415,29	1492,97
415,51	1456,11
415,72	1562,60
415,93	1462,25
416,15	1466,35
416,36	1597,42
416,58	1501,16
416,79	1484,78
417,00	1476,59
417,22	1466,35
417,43	1445,87
417,65	1570,79
417,86	1511,40
418,07	1572,84
418,29	1472,49
418,50	1488,87
418,71	1548,26
418,93	1566,70
419,14	1495,02
419,36	1466,35
419,57	1535,98
419,78	1562,60
420,00	1425,39
420,21	1464,30
420,42	1466,35
420,64	1466,35
420,85	1533,93
421,06	1597,42
421,28	1558,50
421,49	1548,26
421,71	1652,71
421,92	1474,54
422,13	1505,26
422,35	1615,85
422,56	1472,49
422,77	1533,93
422,99	1583,08
423,20	1525,74
423,41	1525,74
423,63	1548,26
423,84	1617,90
424,05	1607,66
424,27	1554,41
424,48	1544,17
424,69	1566,70
424,91	1810,40
425,12	1513,45
425,33	1554,41
425,55	1572,84
425,76	1533,93
425,97	1626,09
426,19	1556,46
426,40	1581,03
426,61	1527,78
426,83	1515,50
427,04	1595,37
427,25	1581,03
427,47	1576,94
427,68	1546,22
427,89	1632,23
428,11	1605,61
428,32	1587,18
428,53	1576,94
428,75	1511,40
428,96	1581,03
429,17	1497,07
429,39	1492,97
429,60	1669,09
429,81	1687,53
430,03	1585,13
430,24	1521,64
430,45	1615,85
430,67	1572,84
430,88	1595,37
431,09	1615,85
431,30	1619,94
431,52	1560,55
431,73	1525,74
431,94	1554,41
432,16	1628,14
432,37	1583,08
432,58	1529,83
432,80	1538,02
433,01	1568,74
433,22	1519,59
433,43	1562,60
433,65	1501,16
433,86	1458,15
434,07	1503,21
434,29	1492,97
434,50	1488,87
434,71	1527,78
434,92	1599,46
435,14	1603,56
435,35	1495,02
435,56	1542,12
435,77	1566,70
435,99	1501,16
436,20	1558,50
436,41	1497,07
436,63	1542,12
436,84	1495,02
437,05	1490,92
437,26	1509,35
437,48	1587,18
437,69	1478,63
437,90	1466,35
438,11	1562,60
438,33	1554,41
438,54	1478,63
438,75	1650,66
438,96	1533,93
439,18	1548,26
439,39	1554,41
439,60	1509,35
439,82	1525,74
440,03	1527,78
440,24	1560,55
440,45	1499,11
440,67	1546,22
440,88	1490,92
441,09	1535,98
441,30	1548,26
441,51	1609,70
441,73	1468,39
441,94	1511,40
442,15	1624,04
442,36	1630,18
442,58	1519,59
442,79	1470,44
443,00	1501,16
443,21	1609,70
443,43	1513,45
443,64	1490,92
443,85	1531,88
444,06	1472,49
444,28	1597,42
444,49	1484,78
444,70	1531,88
444,91	1552,36
445,12	1572,84
445,34	1572,84
445,55	1603,56
445,76	1640,42
445,97	1531,88
446,18	1497,07
446,40	1560,55
446,61	1452,01
446,82	1540,07
447,03	1576,94
447,25	1626,09
447,46	1615,85
447,67	1587,18
447,88	1480,68
448,09	1519,59
448,31	1640,42
448,52	1556,46
448,73	1665,00
448,94	1667,05
449,15	1554,41
449,37	1603,56
449,58	1548,26
449,79	1665,00
450,00	1781,73
450,21	1581,03
450,43	1572,84
450,64	1593,32
450,85	1591,27
451,06	1650,66
451,27	1578,98
451,48	1648,61
451,70	1644,52
451,91	1632,23
452,12	1624,04
452,33	1685,48
452,54	1593,32
452,76	1654,76
452,97	1683,43
453,18	1650,66
453,39	1644,52
453,60	1703,91
453,81	1646,57
454,03	1701,86
454,24	1716,20
454,45	1660,90
454,66	1681,38
454,87	1787,88
455,08	1658,85
455,30	1720,29
455,51	1722,34
455,72	1787,88
455,93	1830,88
456,14	1777,64
456,35	1699,81
456,56	1665,00
456,78	1787,88
456,99	1755,11
457,20	1751,01
457,41	1812,45
457,62	1800,16
457,83	1822,69
458,04	1722,34
458,26	1732,58
458,47	1847,27
458,68	1671,14
458,89	1746,92
459,10	1705,96
459,31	1814,50
459,52	1802,21
459,74	1726,44
459,95	1783,78
460,16	1779,68
460,37	1882,08
460,58	1769,44
460,79	1716,20
461,00	1802,21
461,21	1681,38
461,43	1736,68
461,64	1679,33
461,85	1708,01
462,06	1722,34
462,27	1691,62
462,48	1693,67
462,69	1927,14
462,90	1738,73
463,12	1861,60
463,33	1816,55
463,54	1703,91
463,75	1918,95
463,96	1765,35
464,17	1865,70
464,38	1732,58
464,59	1779,68
464,80	1804,26
465,01	1775,59
465,23	1863,65
465,44	1755,11
465,65	1734,63
465,86	1851,36
466,07	1738,73
466,28	1722,34
466,49	1906,66
466,70	1877,99
466,91	1894,37
467,12	1920,99
467,33	1861,60
467,55	1896,42
467,76	1826,79
467,97	1906,66
468,18	1906,66
468,39	1882,08
468,60	1978,34
468,81	1961,95
469,02	1941,47
469,23	1939,43
469,44	1951,71
469,65	1947,62
469,86	1908,71
470,07	1906,66
470,29	1988,58
470,50	1984,48
470,71	1939,43
470,92	2054,11
471,13	1927,14
471,34	1992,67
471,55	2088,93
471,76	1857,51
471,97	2103,26
472,18	1966,05
472,39	1980,39
472,60	2029,54
472,81	2033,63
473,02	2037,73
473,23	2072,54
473,44	2142,18
473,65	2152,42
473,87	2103,26
474,08	2150,37
474,29	2086,88
474,50	2095,07
474,71	2156,51
474,92	2199,52
475,13	2293,72
475,34	2058,21
475,55	2115,55
475,76	2209,76
475,97	2306,01
476,18	2170,85
476,39	2265,05
476,60	2244,57
476,81	2392,03
477,02	2320,35
477,23	2355,16
477,44	2332,64
477,65	2332,64
477,86	2344,92
478,07	2449,37
478,28	2387,93
478,49	2508,76
478,70	2439,13
478,91	2475,99
479,12	2332,64
479,33	2465,75
479,54	2379,74
479,75	2609,11
479,96	2455,51
480,17	2521,05
480,38	2422,75
480,59	2643,93
480,80	2637,78
481,01	2682,84
481,22	2527,19
481,43	2574,30
481,64	2553,82
481,85	2580,44
482,06	2572,25
482,27	2727,89
482,48	2748,37
482,69	2762,71
482,90	2705,37
483,11	2795,48
483,32	2629,59
483,53	2914,26
483,74	2650,07
483,95	2881,49
484,16	2619,35
484,37	2822,10
484,58	2775,00
484,79	2897,88
485,00	2791,38
485,21	2875,35
485,42	2832,34
485,63	3166,16
485,84	2899,92
486,05	2949,08
486,26	2807,77
486,47	3225,55
486,68	2953,17
486,89	3114,96
487,10	2826,20
487,31	3014,61
487,52	2908,12
487,73	3239,89
487,94	2885,59
488,15	3065,81
488,36	3094,48
488,57	3117,01
488,77	2975,70
488,98	3008,47
489,19	2899,92
489,40	3227,60
489,61	3002,32
489,82	3291,09
490,03	3002,32
490,24	3055,57
490,45	2965,46
490,66	3098,58
490,87	2887,64
491,08	3057,62
491,29	3002,32
491,50	2928,60
491,71	2899,92
491,92	3268,56
492,13	2910,16
492,33	3061,71
492,54	2899,92
492,75	3049,43
492,96	2793,43
493,17	3114,96
493,38	2820,05
493,59	2895,83
493,80	2918,36
494,01	2930,64
494,22	2766,81
494,43	2918,36
494,64	2779,09
494,85	2885,59
495,05	2557,91
495,26	2783,19
495,47	2799,57
495,68	2731,99
495,89	2693,08
496,10	2838,48
496,31	2562,01
496,52	2832,34
496,73	2541,53
496,94	2607,06
497,15	2504,67
497,35	2760,66
497,56	2428,89
497,77	2715,61
497,98	2441,18
498,19	2584,54
498,40	2461,66
498,61	2428,89
498,82	2244,57
499,03	2412,51
499,23	2365,40
499,44	2609,11
499,65	2375,64
499,86	2488,28
500,07	2336,73
500,28	2353,12
500,49	2351,07
500,70	2416,60
500,91	2103,26
501,11	2422,75
501,32	2185,18
501,53	2297,82
501,74	2162,66
501,95	2254,81
502,16	2090,98
502,37	2140,13
502,57	2224,09
502,78	2240,48
502,99	2023,39
503,20	2213,85
503,41	2162,66
503,62	2207,71
503,83	2238,43
504,03	2224,09
504,24	2076,64
504,45	2133,98
504,66	2023,39
504,87	2162,66
505,08	2017,25
505,29	2039,78
505,49	1925,09
505,70	2140,13
505,91	1951,71
506,12	2107,36
506,33	2041,82
506,54	2072,54
506,75	2009,06
506,95	2164,70
507,16	2066,40
507,37	2015,20
507,58	2062,30
507,79	1998,82
508,00	2015,20
508,20	2070,50
508,41	1863,65
508,62	2039,78
508,83	1855,46
509,04	1900,52
509,24	2054,11
509,45	2410,46
509,66	1951,71
509,87	2000,87
510,08	2041,82
510,29	2093,02
510,49	2050,02
510,70	1892,32
510,91	2062,30
511,12	2111,46
511,33	1914,85
511,53	1855,46
511,74	1890,28
511,95	1914,85
512,16	1865,70
512,37	2174,94
512,57	1843,17
512,78	1984,48
512,99	1923,04
513,20	1996,77
513,41	1939,43
513,61	1857,51
513,82	1841,12
514,03	1910,75
514,24	1853,41
514,45	1998,82
514,65	1877,99
514,86	1937,38
515,07	1834,98
515,28	1880,04
515,49	1964,00
515,69	1888,23
515,90	1826,79
516,11	1933,28
516,32	1886,18
516,52	1912,80
516,73	1914,85
516,94	2019,30
517,15	1843,17
517,36	1984,48
517,56	1898,47
517,77	1966,05
517,98	1888,23
518,19	1794,02
518,39	1751,01
518,60	1865,70
518,81	1841,12
519,02	1765,35
519,22	1720,29
519,43	2009,06
519,64	1693,67
519,85	1773,54
520,05	1855,46
520,26	1732,58
520,47	1751,01
520,68	1808,36
520,88	1779,68
521,09	1806,31
521,30	1812,45
521,51	1765,35
521,71	1800,16
521,92	1853,41
522,13	1712,10
522,34	1718,25
522,54	1650,66
522,75	1714,15
522,96	1652,71
523,17	1810,40
523,37	1818,60
523,58	1703,91
523,79	1654,76
523,99	1751,01
524,20	1652,71
524,41	1687,53
524,62	1648,61
524,82	1701,86
525,03	1744,87
525,24	1705,96
525,45	1624,04
525,65	1673,19
525,86	1724,39
526,07	1716,20
526,27	1724,39
526,48	1755,11
526,69	1660,90
526,90	1589,22
527,10	1587,18
527,31	1581,03
527,52	1501,16
527,72	1679,33
527,93	1568,74
528,14	1540,07
528,34	1560,55
528,55	1519,59
528,76	1595,37
528,97	1605,61
529,17	1619,94
529,38	1646,57
529,59	1605,61
529,79	1609,70
530,00	1650,66
530,21	1744,87
530,41	1529,83
530,62	1587,18
530,83	1693,67
531,03	1669,09
531,24	1583,08
531,45	1515,50
531,65	1570,79
531,86	1626,09
532,07	1667,05
532,27	1578,98
532,48	1527,78
532,69	1468,39
532,89	1576,94
533,10	1538,02
533,31	1587,18
533,51	1517,54
533,72	1484,78
533,93	1513,45
534,13	1517,54
534,34	1499,11
534,55	1581,03
534,75	1513,45
534,96	1646,57
535,17	1490,92
535,37	1591,27
535,58	1490,92
535,79	1568,74
535,99	1466,35
536,20	1585,13
536,41	1562,60
536,61	1490,92
536,82	1540,07
537,03	1497,07
537,23	1519,59
537,44	1499,11
537,64	1472,49
537,85	1478,63
538,06	1550,31
538,26	1636,33
538,47	1566,70
538,68	1499,11
538,88	1484,78
539,09	1548,26
539,30	1433,58
539,50	1609,70
539,71	1519,59
539,91	1505,26
540,12	1556,46
540,33	1546,22
540,53	1505,26
540,74	1478,63
540,94	1533,93
541,15	1449,96
541,36	1490,92
541,56	1521,64
541,77	1454,06
541,98	1593,32
542,18	1531,88
542,39	1542,12
542,59	1445,87
542,80	1427,43
543,01	1390,57
543,21	1452,01
543,42	1544,17
543,62	1478,63
543,83	1533,93
544,04	1501,16
544,24	1482,73
544,45	1499,11
544,65	1488,87
544,86	1564,65
545,06	1460,20
545,27	1458,15
545,48	1492,97
545,68	1486,83
545,89	1484,78
546,09	1439,72
546,30	1540,07
546,51	1576,94
546,71	1521,64
546,92	1466,35
547,12	1452,01
547,33	1533,93
547,53	1535,98
547,74	1480,68
547,95	1460,20
548,15	1464,30
548,36	1576,94
548,56	1548,26
548,77	1447,91
548,97	1533,93
549,18	1431,53
549,39	1497,07
549,59	1454,06
549,80	1454,06
550,00	1423,34
550,21	1382,38
550,41	1492,97
550,62	1488,87
550,82	1462,25
551,03	1376,24
551,23	1421,29
551,44	1546,22
551,65	1511,40
551,85	1427,43
552,06	1501,16
552,26	1488,87
552,47	1435,63
552,67	1437,67
552,88	1443,82
553,08	1490,92
553,29	1423,34
553,49	1478,63
553,70	1425,39
553,90	1497,07
554,11	1415,15
554,32	1488,87
554,52	1452,01
554,73	1538,02
554,93	1339,37
555,14	1396,71
555,34	1517,54
555,55	1482,73
555,75	1478,63
555,96	1542,12
556,16	1449,96
556,37	1447,91
556,57	1392,62
556,78	1443,82
556,98	1443,82
557,19	1482,73
557,39	1433,58
557,60	1460,20
557,80	1400,81
558,01	1384,43
558,21	1402,86
558,42	1398,76
558,62	1452,01
558,83	1505,26
559,03	1386,47
559,24	1460,20
559,44	1470,44
559,65	1470,44
559,85	1476,59
560,06	1392,62
560,26	1406,95
560,47	1411,05
560,67	1452,01
560,88	1433,58
561,08	1572,84
561,29	1585,13
561,49	1443,82
561,70	1456,11
561,90	1458,15
562,10	1388,52
562,31	1531,88
562,51	1359,85
562,72	1406,95
562,92	1454,06
563,13	1511,40
563,33	1460,20
563,54	1460,20
563,74	1521,64
563,95	1374,19
564,15	1476,59
564,36	1529,83
564,56	1470,44
564,76	1472,49
564,97	1372,14
565,17	1388,52
565,38	1486,83
565,58	1464,30
565,79	1499,11
565,99	1378,28
566,20	1492,97
566,40	1374,19
566,60	1521,64
566,81	1507,30
567,01	1513,45
567,22	1454,06
567,42	1433,58
567,63	1370,09
567,83	1484,78
568,04	1501,16
568,24	1533,93
568,44	1488,87
568,65	1441,77
568,85	1439,72
569,06	1452,01
569,26	1435,63
569,47	1435,63
569,67	1429,48
569,87	1499,11
570,08	1474,54
570,28	1505,26
570,49	1437,67
570,69	1411,05
570,89	1533,93
571,10	1449,96
571,30	1505,26
571,51	1419,24
571,71	1519,59
571,91	1503,21
572,12	1437,67
572,32	1554,41
572,53	1388,52
572,73	1552,36
572,93	1517,54
573,14	1466,35
573,34	1466,35
573,55	1535,98
573,75	1435,63
573,95	1482,73
574,16	1423,34
574,36	1392,62
574,57	1521,64
574,77	1433,58
574,97	1400,81
575,18	1439,72
575,38	1353,71
575,59	1452,01
575,79	1359,85
575,99	1419,24
576,20	1452,01
576,40	1439,72
576,60	1523,69
576,81	1345,52
577,01	1495,02
577,22	1474,54
577,42	1411,05
577,62	1406,95
577,83	1396,71
578,03	1468,39
578,23	1490,92
578,44	1529,83
578,64	1439,72
578,84	1406,95
579,05	1349,61
579,25	1447,91
579,45	1419,24
579,66	1447,91
579,86	1460,20
580,07	1492,97
580,27	1419,24
580,47	1337,32
580,68	1370,09
580,88	1462,25
581,08	1466,35
581,29	1335,28
581,49	1409,00
581,69	1402,86
581,90	1396,71
582,10	1366,00
582,30	1390,57
582,51	1402,86
582,71	1382,38
582,91	1417,19
583,12	1411,05
583,32	1488,87
583,52	1456,11
583,73	1447,91
583,93	1413,10
584,13	1460,20
584,34	1413,10
584,54	1388,52
584,74	1406,95
584,94	1411,05
585,15	1507,30
585,35	1445,87
585,55	1359,85
585,76	1413,10
585,96	1353,71
586,16	1427,43
586,37	1466,35
586,57	1484,78
586,77	1441,77
586,98	1476,59
587,18	1492,97
587,38	1480,68
587,58	1415,15
587,79	1472,49
587,99	1456,11
588,19	1345,52
588,40	1409,00
588,60	1478,63
588,80	1386,47
589,00	1429,48
589,21	1462,25
589,41	1495,02
589,61	1423,34
589,82	1499,11
590,02	1443,82
590,22	1486,83
590,42	1427,43
590,63	1505,26
590,83	1540,07
591,03	1433,58
591,23	1484,78
591,44	1505,26
591,64	1447,91
591,84	1433,58
592,05	1492,97
592,25	1490,92
592,45	1482,73
592,65	1460,20
592,86	1441,77
593,06	1531,88
593,26	1476,59
593,46	1464,30
593,67	1378,28
593,87	1478,63
594,07	1472,49
594,27	1533,93
594,48	1423,34
594,68	1449,96
594,88	1435,63
595,08	1462,25
595,29	1435,63
595,49	1476,59
595,69	1423,34
595,89	1431,53
596,10	1482,73
596,30	1421,29
596,50	1378,28
596,70	1533,93
596,90	1470,44
597,11	1406,95
597,31	1402,86
597,51	1413,10
597,71	1511,40
597,92	1439,72
598,12	1468,39
598,32	1492,97
598,52	1447,91
598,72	1449,96
598,93	1413,10
599,13	1521,64
599,33	1390,57
599,53	1495,02
599,74	1392,62
599,94	1492,97
600,14	1431,53
600,34	1462,25
600,54	1433,58
600,75	1413,10
600,95	1425,39
601,15	1476,59
601,35	1421,29
601,55	1425,39
601,76	1325,04
601,96	1521,64
602,16	1406,95
602,36	1507,30
602,56	1398,76
602,76	1396,71
602,97	1402,86
603,17	1464,30
603,37	1449,96
603,57	1439,72
603,77	1452,01
603,98	1488,87
604,18	1464,30
604,38	1452,01
604,58	1374,19
604,78	1443,82
604,98	1406,95
605,19	1525,74
605,39	1423,34
605,59	1462,25
605,79	1478,63
605,99	1404,91
606,19	1398,76
606,40	1466,35
606,60	1452,01
606,80	1382,38
607,00	1449,96
607,20	1458,15
607,40	1378,28
607,61	1429,48
607,81	1394,67
608,01	1437,67
608,21	1507,30
608,41	1441,77
608,61	1361,90
608,81	1386,47
609,02	1400,81
609,22	1363,95
609,42	1423,34
609,62	1447,91
609,82	1427,43
610,02	1486,83
610,22	1482,73
610,43	1341,42
610,63	1433,58
610,83	1437,67
611,03	1458,15
611,23	1476,59
611,43	1470,44
611,63	1433,58
611,83	1406,95
612,04	1417,19
612,24	1431,53
612,44	1415,15
612,64	1404,91
612,84	1431,53
613,04	1462,25
613,24	1454,06
613,44	1359,85
613,64	1466,35
613,85	1513,45
614,05	1441,77
614,25	1347,56
614,45	1400,81
614,65	1435,63
614,85	1390,57
615,05	1427,43
615,25	1429,48
615,45	1464,30
615,65	1425,39
615,86	1460,20
616,06	1523,69
616,26	1460,20
616,46	1503,21
616,66	1355,76
616,86	1441,77
617,06	1443,82
617,26	1443,82
617,46	1484,78
617,66	1525,74
617,86	1495,02
618,07	1361,90
618,27	1535,98
618,47	1439,72
618,67	1499,11
618,87	1333,23
619,07	1472,49
619,27	1505,26
619,47	1431,53
619,67	1525,74
619,87	1398,76
620,07	1478,63
620,27	1478,63
620,47	1437,67
620,67	1431,53
620,87	1374,19
621,07	1456,11
621,28	1437,67
621,48	1402,86
621,68	1533,93
621,88	1476,59
622,08	1382,38
622,28	1472,49
622,48	1492,97
622,68	1447,91
622,88	1413,10
623,08	1505,26
623,28	1478,63
623,48	1445,87
623,68	1449,96
623,88	1411,05
624,08	1460,20
624,28	1445,87
624,48	1452,01
624,68	1464,30
624,88	1488,87
625,08	1443,82
625,28	1523,69
625,48	1484,78
625,68	1417,19
625,88	1456,11
626,08	1488,87
626,28	1486,83
626,48	1421,29
626,68	1363,95
626,88	1454,06
627,08	1447,91
627,28	1578,98
627,48	1447,91
627,68	1449,96
627,88	1409,00
628,08	1425,39
628,28	1456,11
628,49	1464,30
628,68	1331,18
628,88	1417,19
629,08	1470,44
629,28	1431,53
629,48	1445,87
629,68	1513,45
629,88	1566,70
630,08	1554,41
630,28	1484,78
630,48	1402,86
630,68	1382,38
630,88	1492,97
631,08	1476,59
631,28	1464,30
631,48	1390,57
631,68	1439,72
631,88	1529,83
632,08	1460,20
632,28	1466,35
632,48	1529,83
632,68	1361,90
632,88	1417,19
633,08	1406,95
633,28	1421,29
633,48	1445,87
633,68	1476,59
633,88	1468,39
634,08	1474,54
634,28	1384,43
634,48	1509,35
634,68	1400,81
634,88	1456,11
635,08	1423,34
635,28	1458,15
635,48	1380,33
635,68	1409,00
635,87	1435,63
636,07	1497,07
636,27	1409,00
636,47	1513,45
636,67	1509,35
636,87	1411,05
637,07	1535,98
637,27	1388,52
637,47	1443,82
637,67	1462,25
637,87	1433,58
638,07	1499,11
638,27	1411,05
638,47	1435,63
638,67	1433,58
638,86	1435,63
639,06	1445,87
639,26	1507,30
639,46	1353,71
639,66	1433,58
639,86	1454,06
640,06	1456,11
640,26	1490,92
640,46	1523,69
640,66	1466,35
640,86	1591,27
641,06	1347,56
641,25	1472,49
641,45	1470,44
641,65	1415,15
641,85	1349,61
642,05	1437,67
642,25	1441,77
642,45	1402,86
642,65	1320,94
642,85	1425,39
643,05	1402,86
643,24	1443,82
643,44	1478,63
643,64	1386,47
643,84	1368,04
644,04	1470,44
644,24	1470,44
644,44	1460,20
644,64	1427,43
644,84	1501,16
645,03	1472,49
645,23	1501,16
645,43	1378,28
645,63	1460,20
645,83	1406,95
646,03	1519,59
646,23	1437,67
646,42	1544,17
646,62	1462,25
646,82	1452,01
647,02	1478,63
647,22	1445,87
647,42	1435,63
647,62	1474,54
647,82	1382,38
648,01	1683,43
648,21	1384,43
648,41	1425,39
648,61	1462,25
648,81	1478,63
649,01	1431,53
649,20	1394,67
649,40	1441,77
649,60	1400,81
649,80	1515,50
650,00	1400,81
650,20	1546,22
650,40	1486,83
650,59	1492,97
650,79	1478,63
650,99	1388,52
651,19	1452,01
651,39	1376,24
651,58	1447,91
651,78	1421,29
651,98	1505,26
652,18	1394,67
652,38	1499,11
652,58	1419,24
652,77	1505,26
652,97	1519,59
653,17	1382,38
653,37	1447,91
653,57	1370,09
653,77	1339,37
653,96	1447,91
654,16	1394,67
654,36	1470,44
654,56	1480,68
654,76	1529,83
654,95	1447,91
655,15	1413,10
655,35	1482,73
655,55	1462,25
655,75	1460,20
655,94	1374,19
656,14	1445,87
656,34	1468,39
656,54	1439,72
656,73	1390,57
656,93	1517,54
657,13	1531,88
657,33	1470,44
657,53	1499,11
657,72	1462,25
657,92	1449,96
658,12	1333,23
658,32	1519,59
658,52	1398,76
658,71	1380,33
658,91	1439,72
659,11	1511,40
659,31	1443,82
659,50	1490,92
659,70	1456,11
659,90	1556,46
660,10	1388,52
660,29	1501,16
660,49	1472,49
660,69	1486,83
660,89	1472,49
661,08	1458,15
661,28	1345,52
661,48	1445,87
661,68	1359,85
661,87	1466,35
662,07	1400,81
662,27	1482,73
662,47	1370,09
662,66	1472,49
662,86	1406,95
663,06	1423,34
663,26	1419,24
663,45	1409,00
663,65	1433,58
663,85	1490,92
664,05	1468,39
664,24	1593,32
664,44	1402,86
664,64	1404,91
664,84	1372,14
665,03	1458,15
665,23	1499,11
665,43	1376,24
665,62	1411,05
665,82	1503,21
666,02	1413,10
666,22	1501,16
666,41	1419,24
666,61	1527,78
666,81	1542,12
667,00	1439,72
667,20	1406,95
667,40	1499,11
667,60	1429,48
667,79	1421,29
667,99	1353,71
668,19	1411,05
668,38	1492,97
668,58	1429,48
668,78	1456,11
668,97	1546,22
669,17	1419,24
669,37	1445,87
669,57	1417,19
669,76	1429,48
669,96	1425,39
670,16	1427,43
670,35	1456,11
670,55	1447,91
670,75	1464,30
670,94	1460,20
671,14	1511,40
671,34	1452,01
671,53	1337,32
671,73	1486,83
671,93	1468,39
672,12	1488,87
672,32	1402,86
672,52	1419,24
672,71	1454,06
672,91	1501,16
673,11	1529,83
673,30	1441,77
673,50	1351,66
673,70	1447,91
673,89	1425,39
674,09	1411,05
674,29	1456,11
674,48	1488,87
674,68	1509,35
674,88	1415,15
675,07	1406,95
675,27	1402,86
675,46	1398,76
675,66	1368,04
675,86	1449,96
676,05	1460,20
676,25	1468,39
676,45	1505,26
676,64	1361,90
676,84	1464,30
677,04	1458,15
677,23	1437,67
677,43	1392,62
677,62	1560,55
677,82	1456,11
678,02	1331,18
678,21	1431,53
678,41	1376,24
678,61	1441,77
678,80	1441,77
679,00	1439,72
679,19	1445,87
679,39	1443,82
679,59	1439,72
679,78	1490,92
679,98	1339,37
680,17	1480,68
680,37	1486,83
680,57	1468,39
680,76	1501,16
680,96	1380,33
681,16	1392,62
681,35	1425,39
681,55	1447,91
681,74	1452,01
681,94	1449,96
682,13	1452,01
682,33	1449,96
682,53	1400,81
682,72	1482,73
682,92	1406,95
683,11	1423,34
683,31	1445,87
683,51	1390,57
683,70	1433,58
683,90	1454,06
684,09	1447,91
684,29	1523,69
684,48	1388,52
684,68	1406,95
684,88	1484,78
685,07	1497,07
685,27	1439,72
685,46	1492,97
685,66	1511,40
685,85	1452,01
686,05	1501,16
686,25	1441,77
686,44	1415,15
686,64	1509,35
686,83	1499,11
687,03	1587,18
687,22	1445,87
687,42	1400,81
687,61	1527,78
687,81	1394,67
688,01	1490,92
688,20	1433,58
688,40	1472,49
688,59	1429,48
688,79	1472,49
688,98	1441,77
689,18	1423,34
689,37	1398,76
689,57	1472,49
689,76	1468,39
689,96	1409,00
690,15	1388,52
690,35	1413,10
690,54	1386,47
690,74	1384,43
690,94	1404,91
691,13	1433,58
691,33	1443,82
691,52	1415,15
691,72	1507,30
691,91	1402,86
692,11	1454,06
692,30	1411,05
692,50	1497,07
692,69	1513,45
692,89	1456,11
693,08	1435,63
693,28	1454,06
693,47	1284,08
693,67	1544,17
693,86	1423,34
694,06	1443,82
694,25	1443,82
694,45	1470,44
694,64	1499,11
694,84	1484,78
695,03	1462,25
695,23	1482,73
695,42	1429,48
695,62	1370,09
695,81	1488,87
696,01	1320,94
696,20	1421,29
696,40	1431,53
696,59	1409,00
696,78	1421,29
696,98	1513,45
697,17	1411,05
697,37	1427,43
697,56	1413,10
697,76	1429,48
697,95	1462,25
698,15	1400,81
698,34	1517,54
698,54	1411,05
698,73	1513,45
698,93	1447,91
699,12	1419,24
699,32	1415,15
699,51	1464,30
699,70	1421,29
699,90	1509,35
700,09	1423,34
700,29	1464,30
700,48	1409,00
700,68	1398,76
700,87	1406,95
701,07	1449,96
701,26	1411,05
701,45	1423,34
701,65	1370,09
701,84	1423,34
702,04	1396,71
702,23	1394,67
702,43	1439,72
702,62	1445,87
702,81	1363,95
703,01	1382,38
703,20	1519,59
703,40	1464,30
703,59	1439,72
703,79	1345,52
703,98	1419,24
704,17	1423,34
704,37	1452,01
704,56	1497,07
704,76	1476,59
704,95	1372,14
705,14	1384,43
705,34	1437,67
705,53	1380,33
705,73	1349,61
705,92	1445,87
706,11	1474,54
706,31	1400,81
706,50	1359,85
706,70	1413,10
706,89	1366,00
707,08	1480,68
707,28	1470,44
707,47	1411,05
707,67	1517,54
707,86	1441,77
708,05	1447,91
708,25	1413,10
708,44	1382,38
708,64	1421,29
708,83	1435,63
709,02	1378,28
709,22	1402,86
709,41	1419,24
709,60	1468,39
709,80	1443,82
709,99	1427,43
710,19	1406,95
710,38	1480,68
710,57	1325,04
710,77	1429,48
710,96	1441,77
711,15	1390,57
711,35	1374,19
711,54	1417,19
711,73	1411,05
711,93	1406,95
712,12	1402,86
712,31	1374,19
712,51	1400,81
712,70	1388,52
712,89	1345,52
713,09	1415,15
713,28	1429,48
713,48	1431,53
713,67	1349,61
713,86	1363,95
714,06	1374,19
714,25	1351,66
714,44	1308,65
714,64	1468,39
714,83	1304,56
715,02	1415,15
715,22	1411,05
715,41	1462,25
715,60	1314,80
715,79	1396,71
715,99	1497,07
716,18	1361,90
716,37	1460,20
716,57	1331,18
716,76	1435,63
716,95	1413,10
717,15	1380,33
717,34	1370,09
717,53	1417,19
717,73	1419,24
717,92	1429,48
718,11	1503,21
718,31	1413,10
718,50	1437,67
718,69	1359,85
718,88	1454,06
719,08	1460,20
719,27	1390,57
719,46	1427,43
719,66	1382,38
719,85	1374,19
720,04	1421,29
720,23	1355,76
720,43	1409,00
720,62	1423,34
720,81	1308,65
721,01	1443,82
721,20	1447,91
721,39	1400,81
721,58	1443,82
721,78	1396,71
721,97	1454,06
722,16	1363,95
722,35	1492,97
722,55	1394,67
722,74	1529,83
722,93	1415,15
723,13	1329,13
723,32	1325,04
723,51	1318,89
723,70	1325,04
723,90	1497,07
724,09	1351,66
724,28	1370,09
724,47	1390,57
724,67	1445,87
724,86	1406,95
725,05	1390,57
725,24	1384,43
725,44	1423,34
725,63	1390,57
725,82	1460,20
726,01	1462,25
726,21	1462,25
726,40	1421,29
726,59	1478,63
726,78	1341,42
726,97	1341,42
727,17	1363,95
727,36	1363,95
727,55	1374,19
727,74	1300,46
727,94	1368,04
728,13	1441,77
728,32	1359,85
728,51	1406,95
728,70	1333,23
728,90	1372,14
729,09	1437,67
729,28	1353,71
729,47	1406,95
729,66	1394,67
729,86	1400,81
730,05	1415,15
730,24	1382,38
730,43	1343,47
730,63	1359,85
730,82	1484,78
731,01	1380,33
731,20	1370,09
731,39	1411,05
731,58	1413,10
731,78	1472,49
731,97	1409,00
732,16	1425,39
732,35	1452,01
732,54	1458,15
732,74	1535,98
732,93	1417,19
733,12	1472,49
733,31	1402,86
733,50	1419,24
733,69	1333,23
733,89	1507,30
734,08	1427,43
734,27	1415,15
734,46	1435,63
734,65	1331,18
734,84	1415,15
735,04	1433,58
735,23	1406,95
735,42	1472,49
735,61	1322,99
735,80	1417,19
735,99	1366,00
736,19	1337,32
736,38	1380,33
736,57	1320,94
736,76	1361,90
736,95	1525,74
737,14	1380,33
737,33	1351,66
737,53	1490,92
737,72	1339,37
737,91	1390,57
738,10	1519,59
738,29	1472,49
738,48	1431,53
738,67	1409,00
738,87	1417,19
739,06	1370,09
739,25	1495,02
739,44	1300,46
739,63	1411,05
739,82	1372,14
740,01	1417,19
740,20	1417,19
740,40	1380,33
740,59	1435,63
740,78	1480,68
740,97	1439,72
741,16	1409,00
741,35	1392,62
741,54	1529,83
741,73	1427,43
741,92	1329,13
742,12	1363,95
742,31	1384,43
742,50	1452,01
742,69	1443,82
742,88	1406,95
743,07	1406,95
743,26	1331,18
743,45	1429,48
743,64	1425,39
743,83	1429,48
744,02	1503,21
744,22	1423,34
744,41	1452,01
744,60	1443,82
744,79	1417,19
744,98	1443,82
745,17	1400,81
745,36	1366,00
745,55	1513,45
745,74	1386,47
745,93	1409,00
746,12	1411,05
746,31	1384,43
746,50	1423,34
746,70	1343,47
746,89	1431,53
747,08	1421,29
747,27	1421,29
747,46	1466,35
747,65	1384,43
747,84	1441,77
748,03	1366,00
748,22	1337,32
748,41	1439,72
748,60	1419,24
748,79	1439,72
748,98	1398,76
749,17	1456,11
749,36	1495,02
749,55	1394,67
749,74	1429,48
749,93	1527,78
750,12	1402,86
750,31	1376,24
750,50	1507,30
750,70	1447,91
750,89	1488,87
751,08	1529,83
751,27	1445,87
751,46	1400,81
751,65	1419,24
751,84	1468,39
752,03	1370,09
752,22	1443,82
752,41	1386,47
752,60	1331,18
752,79	1452,01
752,98	1415,15
753,17	1505,26
753,36	1484,78
753,55	1398,76
753,74	1458,15
753,93	1462,25
754,12	1452,01
754,31	1447,91
754,50	1511,40
754,69	1368,04
754,88	1441,77
755,07	1427,43
755,26	1380,33
755,45	1378,28
755,64	1449,96
755,83	1439,72
756,02	1409,00
756,21	1419,24
756,40	1460,20
756,59	1388,52
756,78	1460,20
756,97	1556,46
757,16	1421,29
757,35	1468,39
757,54	1353,71
757,72	1499,11
757,91	1400,81
758,10	1462,25
758,29	1409,00
758,48	1447,91
758,67	1374,19
758,86	1452,01
759,05	1447,91
759,24	1441,77
759,43	1419,24
759,62	1386,47
759,81	1482,73
760,00	1423,34
760,19	1382,38
760,38	1529,83
760,57	1363,95
760,76	1458,15
760,95	1460,20
761,14	1458,15
761,33	1366,00
761,52	1454,06
761,70	1413,10
761,89	1372,14
762,08	1402,86
762,27	1497,07
762,46	1480,68
762,65	1470,44
762,84	1449,96
763,03	1484,78
763,22	1445,87
763,41	1501,16
763,60	1396,71
763,79	1437,67
763,98	1482,73
764,16	1431,53
764,35	1468,39
764,54	1415,15
764,73	1464,30
764,92	1589,22
765,11	1523,69
765,30	1495,02
765,49	1449,96
765,68	1482,73
765,87	1554,41
766,06	1472,49
766,24	1400,81
766,43	1382,38
766,62	1449,96
766,81	1402,86
767,00	1462,25
767,19	1413,10
767,38	1439,72
767,57	1400,81
767,76	1478,63
767,94	1443,82
768,13	1443,82
768,32	1523,69
768,51	1409,00
768,70	1486,83
768,89	1480,68
769,08	1468,39
769,27	1449,96
769,45	1474,54
769,64	1593,32
769,83	1398,76
770,02	1421,29
770,21	1462,25
770,40	1431,53
770,59	1466,35
770,77	1486,83
770,96	1439,72
771,15	1550,31
771,34	1507,30
771,53	1527,78
771,72	1505,26
771,91	1406,95
772,09	1378,28
772,28	1413,10
772,47	1386,47
772,66	1544,17
772,85	1413,10
773,04	1464,30
773,22	1523,69
773,41	1515,50
773,60	1386,47
773,79	1443,82
773,98	1484,78
774,17	1415,15
774,35	1480,68
774,54	1454,06
774,73	1578,98
774,92	1488,87
775,11	1437,67
775,30	1523,69
775,48	1427,43
775,67	1499,11
775,86	1390,57
776,05	1574,89
776,24	1472,49
776,42	1511,40
776,61	1456,11
776,80	1490,92
776,99	1482,73
777,18	1507,30
777,36	1474,54
777,55	1519,59
777,74	1501,16
777,93	1544,17
778,12	1488,87
778,30	1509,35
778,49	1427,43
778,68	1511,40
778,87	1480,68
779,06	1464,30
779,24	1443,82
779,43	1398,76
779,62	1472,49
779,81	1454,06
779,99	1505,26
780,18	1490,92
780,37	1576,94
780,56	1501,16
780,75	1368,04
780,93	1523,69
781,12	1480,68
781,31	1521,64
781,50	1400,81
781,68	1398,76
781,87	1380,33
782,06	1423,34
782,25	1415,15
782,43	1456,11
782,62	1488,87
782,81	1490,92
783,00	1406,95
783,18	1363,95
783,37	1433,58
783,56	1488,87
783,75	1525,74
783,93	1480,68
784,12	1476,59
784,31	1525,74
784,50	1503,21
784,68	1476,59
784,87	1359,85
785,06	1521,64
785,24	1456,11
785,43	1478,63
785,62	1484,78
785,81	1564,65
785,99	1441,77
786,18	1517,54
786,37	1445,87
786,56	1482,73
786,74	1406,95
786,93	1478,63
787,12	1476,59
787,30	1472,49
787,49	1482,73
787,68	1421,29
787,87	1472,49
788,05	1523,69
788,24	1380,33
788,43	1497,07
788,61	1511,40
788,80	1359,85
788,99	1466,35
789,17	1439,72
789,36	1406,95
789,55	1400,81
789,73	1437,67
789,92	1382,38
790,11	1374,19
790,30	1464,30
790,48	1413,10
790,67	1521,64
790,86	1519,59
791,04	1486,83
791,23	1472,49
791,42	1435,63
791,60	1413,10
791,79	1497,07
791,98	1386,47
792,16	1488,87
792,35	1402,86
792,54	1435,63
792,72	1456,11
792,91	1429,48
793,10	1343,47
793,28	1423,34
793,47	1466,35
793,66	1394,67
793,84	1390,57
794,03	1427,43
794,22	1396,71
794,40	1417,19
794,59	1429,48
794,77	1396,71
794,96	1341,42
795,15	1521,64
795,33	1435,63
795,52	1488,87
795,71	1361,90
795,89	1329,13
796,08	1488,87
796,27	1488,87
796,45	1368,04
796,64	1456,11
796,82	1372,14
797,01	1380,33
797,20	1380,33
797,38	1431,53
797,57	1357,80
797,76	1439,72
797,94	1472,49
798,13	1390,57
798,31	1392,62
798,50	1382,38
798,69	1429,48
798,87	1417,19
799,06	1429,48
799,24	1361,90
799,43	1419,24
799,62	1376,24
799,80	1490,92
799,99	1544,17
800,17	1427,43
800,36	1445,87
800,55	1439,72
800,73	1427,43
800,92	1411,05
801,10	1349,61
801,29	1390,57
801,48	1417,19
801,66	1396,71
801,85	1443,82
802,03	1394,67
802,22	1368,04
802,40	1447,91
802,59	1341,42
802,78	1304,56
802,96	1429,48
803,15	1429,48
803,33	1411,05
803,52	1341,42
803,70	1394,67
803,89	1368,04
804,08	1454,06
804,26	1394,67
804,45	1349,61
804,63	1499,11
804,82	1413,10
805,00	1458,15
805,19	1460,20
805,37	1380,33
805,56	1482,73
805,74	1433,58
805,93	1376,24
806,12	1454,06
806,30	1499,11
806,49	1427,43
806,67	1390,57
806,86	1458,15
807,04	1505,26
807,23	1435,63
807,41	1413,10
807,60	1337,32
807,78	1355,76
807,97	1632,23
808,15	1363,95
808,34	1419,24
808,52	1462,25
808,71	1415,15
808,89	1495,02
809,08	1429,48
809,27	1431,53
809,45	1378,28
809,64	1447,91
809,82	1460,20
810,01	1349,61
810,19	1468,39
810,38	1312,75
810,56	1409,00
810,75	1421,29
810,93	1406,95
811,12	1345,52
811,30	1435,63
811,49	1347,56
811,67	1456,11
811,85	1458,15
812,04	1325,04
812,22	1400,81
812,41	1345,52
812,59	1452,01
812,78	1302,51
812,96	1437,67
813,15	1394,67
813,33	1411,05
813,52	1417,19
813,70	1402,86
813,89	1435,63
814,07	1425,39
814,26	1449,96
814,44	1347,56
814,63	1411,05
814,81	1417,19
815,00	1355,76
815,18	1470,44
815,36	1370,09
815,55	1419,24
815,73	1392,62
815,92	1552,36
816,10	1535,98
816,29	1439,72
816,47	1411,05
816,66	1460,20
816,84	1443,82
817,02	1464,30
817,21	1378,28
817,39	1437,67
817,58	1366,00
817,76	1437,67
817,95	1531,88
818,13	1396,71
818,32	1406,95
818,50	1398,76
818,68	1437,67
818,87	1503,21
819,05	1394,67
819,24	1482,73
819,42	1464,30
819,60	1415,15
819,79	1390,57
819,97	1411,05
820,16	1464,30
820,34	1406,95
820,53	1353,71
820,71	1415,15
820,89	1411,05
821,08	1411,05
821,26	1353,71
821,45	1419,24
821,63	1411,05
821,81	1394,67
822,00	1357,80
822,18	1468,39
822,37	1464,30
822,55	1497,07
822,73	1429,48
822,92	1484,78
823,10	1409,00
823,28	1413,10
823,47	1437,67
823,65	1361,90
823,84	1357,80
824,02	1445,87
824,20	1374,19
824,39	1445,87
824,57	1456,11
824,75	1519,59
824,94	1411,05
825,12	1503,21
825,31	1421,29
825,49	1497,07
825,67	1497,07
825,86	1355,76
826,04	1509,35
826,22	1490,92
826,41	1503,21
826,59	1474,54
826,77	1488,87
826,96	1495,02
827,14	1482,73
827,32	1441,77
827,51	1441,77
827,69	1449,96
827,87	1366,00
828,06	1431,53
828,24	1404,91
828,42	1505,26
828,61	1433,58
828,79	1402,86
828,97	1435,63
829,16	1458,15
829,34	1421,29
829,52	1480,68
829,71	1574,89
829,89	1437,67
830,07	1357,80
830,26	1521,64
830,44	1404,91
830,62	1464,30
830,81	1394,67
830,99	1353,71
831,17	1372,14
831,36	1392,62
831,54	1488,87
831,72	1456,11
831,91	1445,87
832,09	1345,52
832,27	1345,52
832,45	1507,30
832,64	1447,91
832,82	1478,63
833,00	1447,91
833,19	1507,30
833,37	1376,24
833,55	1441,77
833,73	1466,35
833,92	1525,74
834,10	1462,25
834,28	1388,52
834,47	1503,21
834,65	1546,22
834,83	1474,54
835,01	1470,44
835,20	1458,15
835,38	1443,82
835,56	1413,10
835,74	1486,83
835,93	1499,11
836,11	1464,30
836,29	1525,74
836,47	1470,44
836,66	1406,95
836,84	1501,16
837,02	1443,82
837,21	1529,83
837,39	1406,95
837,57	1454,06
837,75	1505,26
837,94	1437,67
838,12	1449,96
838,30	1460,20
838,48	1441,77
838,66	1427,43
838,85	1443,82
839,03	1433,58
839,21	1339,37
839,39	1390,57
839,58	1456,11
839,76	1486,83
839,94	1443,82
840,12	1470,44
840,31	1525,74
840,49	1435,63
840,67	1402,86
840,85	1413,10
841,03	1509,35
841,22	1482,73
841,40	1501,16
841,58	1501,16
841,76	1404,91
841,94	1425,39
842,13	1525,74
842,31	1423,34
842,49	1443,82
842,67	1357,80
842,85	1497,07
843,04	1445,87
843,22	1462,25
843,40	1431,53
843,58	1509,35
843,76	1521,64
843,95	1499,11
844,13	1462,25
844,31	1474,54
844,49	1533,93
844,67	1484,78
844,86	1548,26
845,04	1419,24
845,22	1449,96
845,40	1349,61
845,58	1441,77
845,76	1386,47
845,95	1454,06
846,13	1507,30
846,31	1460,20
846,49	1499,11
846,67	1497,07
846,85	1488,87
847,04	1591,27
847,22	1452,01
847,40	1458,15
847,58	1415,15
847,76	1468,39
847,94	1409,00
848,12	1576,94
848,31	1415,15
848,49	1554,41
848,67	1466,35
848,85	1460,20
849,03	1466,35
849,21	1456,11
849,39	1505,26
849,58	1533,93
849,76	1529,83
849,94	1460,20
850,12	1380,33
850,30	1490,92
850,48	1478,63
850,66	1521,64
850,84	1519,59
851,03	1497,07
851,21	1490,92
851,39	1499,11
851,57	1480,68
851,75	1445,87
851,93	1454,06
852,11	1482,73
852,29	1456,11
852,47	1462,25
852,66	1486,83
852,84	1447,91
853,02	1435,63
853,20	1515,50
853,38	1441,77
853,56	1464,30
853,74	1521,64
853,92	1443,82
854,10	1447,91
854,28	1488,87
854,46	1558,50
854,65	1527,78
854,83	1368,04
855,01	1439,72
855,19	1423,34
855,37	1513,45
855,55	1490,92
855,73	1458,15
855,91	1482,73
856,09	1490,92
856,27	1513,45
856,45	1519,59
856,63	1378,28
856,81	1368,04
857,00	1464,30
857,18	1437,67
857,36	1372,14
857,54	1454,06
857,72	1482,73
857,90	1495,02
858,08	1562,60
858,26	1535,98
858,44	1497,07
858,62	1538,02
858,80	1400,81
858,98	1417,19
859,16	1521,64
859,34	1466,35
859,52	1503,21
859,70	1617,90
859,88	1427,43
860,06	1464,30
860,24	1384,43
860,42	1507,30
860,60	1499,11
860,78	1415,15
860,96	1464,30
861,14	1466,35
861,32	1423,34
861,50	1484,78
861,69	1556,46
861,87	1441,77
862,05	1521,64
862,23	1460,20
862,41	1484,78
862,59	1361,90
862,77	1484,78
862,95	1454,06
863,13	1474,54
863,31	1525,74
863,49	1449,96
863,67	1456,11
863,85	1402,86
864,03	1415,15
864,21	1437,67
864,39	1497,07
864,57	1538,02
864,75	1472,49
864,92	1443,82
865,10	1460,20
865,28	1396,71
865,46	1490,92
865,64	1488,87
865,82	1443,82
866,00	1425,39
866,18	1474,54
866,36	1458,15
866,54	1456,11
866,72	1409,00
866,90	1488,87
867,08	1470,44
867,26	1376,24
867,44	1402,86
867,62	1429,48
867,80	1476,59
867,98	1507,30
868,16	1454,06
868,34	1570,79
868,52	1476,59
868,70	1519,59
868,88	1433,58
869,06	1503,21
869,24	1437,67
869,42	1400,81
869,59	1472,49
869,77	1435,63
869,95	1478,63
870,13	1509,35
870,31	1511,40
870,49	1480,68
870,67	1417,19
870,85	1478,63
871,03	1462,25
871,21	1613,80
871,39	1435,63
871,57	1519,59
871,75	1486,83
871,92	1398,76
872,10	1519,59
872,28	1452,01
872,46	1423,34
872,64	1488,87
872,82	1435,63
873,00	1456,11
873,18	1386,47
873,36	1449,96
873,54	1402,86
873,72	1406,95
873,89	1476,59
874,07	1423,34
874,25	1484,78
874,43	1521,64
874,61	1533,93
874,79	1449,96
874,97	1492,97
875,15	1492,97
875,33	1468,39
875,50	1443,82
875,68	1474,54
875,86	1562,60
876,04	1472,49
876,22	1417,19
876,40	1425,39
876,58	1492,97
876,76	1482,73
876,93	1495,02
877,11	1439,72
877,29	1535,98
877,47	1421,29
877,65	1550,31
877,83	1482,73
878,01	1454,06
878,18	1464,30
878,36	1445,87
878,54	1570,79
878,72	1449,96
878,90	1452,01
879,08	1507,30
879,25	1488,87
879,43	1478,63
879,61	1415,15
879,79	1449,96
879,97	1452,01
880,15	1480,68
880,32	1390,57
880,50	1517,54
880,68	1433,58
880,86	1454,06
881,04	1515,50
881,22	1509,35
881,39	1482,73
881,57	1517,54
881,75	1404,91
881,93	1599,46
882,11	1462,25
882,28	1421,29
882,46	1447,91
882,64	1474,54
882,82	1421,29
883,00	1585,13
883,18	1507,30
883,35	1511,40
883,53	1468,39
883,71	1443,82
883,89	1581,03
884,07	1480,68
884,24	1429,48
884,42	1497,07
884,60	1490,92
884,78	1488,87
884,95	1531,88
885,13	1423,34
885,31	1392,62
885,49	1429,48
885,67	1452,01
885,84	1525,74
886,02	1472,49
886,20	1470,44
886,38	1429,48
886,55	1427,43
886,73	1464,30
886,91	1470,44
887,09	1495,02
887,26	1396,71
887,44	1464,30
887,62	1515,50
887,80	1464,30
887,98	1560,55
888,15	1466,35
888,33	1488,87
888,51	1382,38
888,69	1531,88
888,86	1511,40
889,04	1497,07
889,22	1325,04
889,39	1587,18
889,57	1482,73
889,75	1417,19
889,93	1396,71
890,10	1521,64
890,28	1533,93
890,46	1488,87
890,64	1513,45
890,81	1409,00
890,99	1406,95
891,17	1392,62
891,34	1501,16
891,52	1454,06
891,70	1468,39
891,88	1462,25
892,05	1533,93
892,23	1415,15
892,41	1474,54
892,58	1495,02
892,76	1468,39
892,94	1484,78
893,12	1513,45
893,29	1488,87
893,47	1462,25
893,65	1396,71
893,82	1480,68
894,00	1452,01
894,18	1431,53
894,35	1449,96
894,53	1357,80
894,71	1497,07
894,89	1425,39
895,06	1411,05
895,24	1435,63
895,42	1425,39
895,59	1454,06
895,77	1413,10
895,95	1452,01
896,12	1460,20
896,30	1476,59
896,48	1386,47
896,65	1533,93
896,83	1511,40
897,01	1447,91
897,18	1531,88
897,36	1433,58
897,54	1460,20
897,71	1421,29
897,89	1482,73
898,07	1394,67
898,24	1355,76
898,42	1335,28
898,59	1425,39
898,77	1449,96
898,95	1472,49
899,12	1511,40
899,30	1462,25
899,48	1388,52
899,65	1472,49
899,83	1519,59
900,01	1445,87
900,18	1476,59
900,36	1423,34
900,53	1429,48
900,71	1431,53
900,89	1519,59
901,06	1492,97
901,24	1411,05
901,42	1468,39
901,59	1480,68
901,77	1456,11
901,94	1452,01
902,12	1417,19
902,30	1421,29
902,47	1484,78
902,65	1398,76
902,82	1460,20
903,00	1468,39
903,18	1476,59
903,35	1370,09
903,53	1433,58
903,70	1464,30
903,88	1458,15
904,06	1511,40
904,23	1429,48
904,41	1443,82
904,58	1527,78
904,76	1490,92
904,93	1472,49
905,11	1431,53
905,29	1509,35
905,46	1437,67
905,64	1529,83
905,81	1472,49
905,99	1488,87
906,16	1464,30
906,34	1435,63
906,52	1447,91
906,69	1583,08
906,87	1456,11
907,04	1435,63
907,22	1443,82
907,39	1517,54
907,57	1380,33
907,75	1464,30
907,92	1497,07
908,10	1521,64
908,27	1460,20
908,45	1458,15
908,62	1449,96
908,80	1488,87
908,97	1458,15
909,15	1495,02
909,32	1384,43
909,50	1343,47
909,67	1409,00
909,85	1445,87
910,03	1392,62
910,20	1402,86
910,38	1435,63
910,55	1476,59
910,73	1492,97
910,90	1533,93
911,08	1495,02
911,25	1437,67
911,43	1529,83
911,60	1406,95
911,78	1456,11
911,95	1462,25
912,13	1306,60
912,30	1474,54
912,48	1558,50
912,65	1322,99
912,83	1431,53
913,00	1445,87
913,18	1476,59
913,35	1474,54
913,53	1464,30
913,70	1517,54
913,88	1386,47
914,05	1349,61
914,23	1474,54
914,40	1435,63
914,58	1390,57
914,75	1452,01
914,93	1505,26
915,10	1466,35
915,27	1546,22
915,45	1409,00
915,62	1445,87
915,80	1482,73
915,97	1413,10
916,15	1390,57
916,32	1591,27
916,50	1562,60
916,67	1425,39
916,85	1474,54
917,02	1449,96
917,20	1572,84
917,37	1460,20
917,54	1468,39
917,72	1466,35
917,89	1480,68
918,07	1431,53
918,24	1531,88
918,42	1406,95
918,59	1425,39
918,77	1509,35
918,94	1519,59
919,11	1404,91
919,29	1464,30
919,46	1460,20
919,64	1466,35
919,81	1538,02
919,99	1441,77
920,16	1499,11
920,33	1472,49
920,51	1435,63
920,68	1452,01
920,86	1492,97
921,03	1476,59
921,20	1398,76
921,38	1439,72
921,55	1435,63
921,73	1417,19
921,90	1501,16
922,07	1443,82
922,25	1466,35
922,42	1468,39
922,60	1454,06
922,77	1492,97
922,94	1433,58
923,12	1482,73
923,29	1460,20
923,47	1476,59
923,64	1523,69
923,81	1490,92
923,99	1417,19
924,16	1458,15
924,34	1357,80
924,51	1540,07
924,68	1484,78
924,86	1484,78
925,03	1445,87
925,20	1474,54
925,38	1472,49
925,55	1527,78
925,72	1439,72
925,90	1445,87
926,07	1482,73
926,25	1531,88
926,42	1509,35
926,59	1525,74
926,77	1576,94
926,94	1501,16
927,11	1417,19
927,29	1490,92
927,46	1458,15
927,63	1476,59
927,81	1525,74
927,98	1503,21
928,15	1511,40
928,33	1515,50
928,50	1460,20
928,67	1427,43
928,85	1445,87
929,02	1464,30
929,19	1460,20
929,37	1499,11
929,54	1431,53
929,71	1587,18
929,89	1464,30
930,06	1394,67
930,23	1499,11
930,41	1452,01
930,58	1417,19
930,75	1437,67
930,92	1587,18
931,10	1431,53
931,27	1343,47
931,44	1568,74
931,62	1490,92
931,79	1447,91
931,96	1452,01
932,14	1515,50
932,31	1421,29
932,48	1540,07
932,65	1417,19
932,83	1548,26
933,00	1472,49
933,17	1466,35
933,35	1515,50
933,52	1558,50
933,69	1507,30
933,86	1425,39
934,04	1458,15
934,21	1406,95
934,38	1437,67
934,55	1497,07
934,73	1486,83
934,90	1466,35
935,07	1431,53
935,25	1490,92
935,42	1452,01
935,59	1462,25
935,76	1472,49
935,94	1503,21
936,11	1540,07
936,28	1464,30
936,45	1415,15
936,63	1447,91
936,80	1411,05
936,97	1521,64
937,14	1509,35
937,31	1540,07
937,49	1488,87
937,66	1583,08
937,83	1488,87
938,00	1505,26
938,18	1470,44
938,35	1531,88
938,52	1583,08
938,69	1460,20
938,87	1490,92
939,04	1495,02
939,21	1423,34
939,38	1499,11
939,55	1525,74
939,73	1509,35
939,90	1443,82
940,07	1535,98
940,24	1441,77
940,41	1503,21
940,59	1443,82
940,76	1492,97
940,93	1421,29
941,10	1388,52
941,27	1374,19
941,45	1499,11
941,62	1454,06
941,79	1400,81
941,96	1447,91
942,13	1568,74
942,31	1503,21
942,48	1466,35
942,65	1513,45
942,82	1527,78
942,99	1499,11
943,16	1431,53
943,34	1609,70
943,51	1464,30
943,68	1374,19
943,85	1558,50
944,02	1538,02
944,19	1378,28
944,37	1542,12
944,54	1511,40
944,71	1486,83
944,88	1521,64
945,05	1474,54
945,22	1419,24
945,40	1505,26
945,57	1378,28
945,74	1466,35
945,91	1454,06
946,08	1509,35
946,25	1562,60
946,42	1449,96
946,60	1492,97
946,77	1556,46
946,94	1488,87
947,11	1466,35
947,28	1525,74
947,45	1386,47
947,62	1439,72
947,79	1394,67
947,97	1562,60
948,14	1617,90
948,31	1460,20
948,48	1492,97
948,65	1437,67
948,82	1454,06
948,99	1529,83
949,16	1433,58
949,33	1443,82
949,51	1480,68
949,68	1439,72
949,85	1574,89
950,02	1542,12
950,19	1497,07
950,36	1435,63
950,53	1454,06
950,70	1554,41
950,87	1437,67
951,04	1515,50
951,22	1468,39
951,39	1527,78
951,56	1525,74
951,73	1400,81
951,90	1464,30
952,07	1503,21
952,24	1454,06
952,41	1472,49
952,58	1384,43
952,75	1535,98
952,92	1527,78
953,09	1413,10
953,26	1400,81
953,43	1495,02
953,61	1517,54
953,78	1570,79
953,95	1452,01
954,12	1443,82
954,29	1413,10
954,46	1454,06
954,63	1415,15
954,80	1535,98
954,97	1388,52
955,14	1497,07
955,31	1466,35
955,48	1474,54
955,65	1372,14
955,82	1503,21
955,99	1474,54
956,16	1449,96
956,33	1515,50
956,50	1474,54
956,67	1419,24
956,84	1546,22
957,01	1423,34
957,18	1550,31
957,35	1417,19
957,52	1492,97
957,69	1527,78
957,86	1472,49
958,03	1411,05
958,20	1425,39
958,37	1478,63
958,54	1458,15
958,71	1409,00
958,88	1521,64
959,05	1452,01
959,22	1519,59
959,39	1474,54
959,56	1478,63
959,73	1404,91
959,90	1439,72
960,07	1384,43
960,24	1462,25
960,41	1523,69
960,58	1464,30
960,75	1341,42
960,92	1458,15
961,09	1398,76
961,26	1538,02
961,43	1398,76
961,60	1447,91
961,77	1441,77
961,94	1402,86
962,11	1447,91
962,28	1468,39
962,45	1544,17
962,62	1417,19
962,79	1482,73
962,96	1429,48
963,13	1443,82
963,30	1503,21
963,47	1437,67
963,64	1394,67
963,81	1470,44
963,98	1394,67
964,14	1507,30
964,31	1480,68
964,48	1482,73
964,65	1570,79
964,82	1423,34
964,99	1566,70
965,16	1460,20
965,33	1441,77
965,50	1472,49
965,67	1423,34
965,84	1546,22
966,01	1368,04
966,18	1447,91
966,35	1468,39
966,51	1527,78
966,68	1466,35
966,85	1499,11
967,02	1454,06
967,19	1468,39
967,36	1392,62
967,53	1484,78
967,70	1501,16
967,87	1464,30
968,04	1392,62
968,21	1443,82
968,37	1540,07
968,54	1394,67
968,71	1355,76
968,88	1425,39
969,05	1394,67
969,22	1396,71
969,39	1452,01
969,56	1447,91
969,72	1441,77
969,89	1538,02
970,06	1468,39
970,23	1390,57
970,40	1490,92
970,57	1394,67
970,74	1417,19
970,91	1402,86
971,07	1411,05
971,24	1415,15
971,41	1439,72
971,58	1478,63
971,75	1427,43
971,92	1361,90
972,09	1445,87
972,25	1382,38
972,42	1476,59
972,59	1525,74
972,76	1445,87
972,93	1406,95
973,10	1456,11
973,27	1462,25
973,43	1325,04
973,60	1439,72
973,77	1441,77
973,94	1470,44
974,11	1421,29
974,28	1474,54
974,44	1470,44
974,61	1411,05
974,78	1431,53
974,95	1406,95
975,12	1394,67
975,28	1490,92
975,45	1415,15
975,62	1490,92
975,79	1353,71
975,96	1419,24
976,12	1449,96
976,29	1497,07
976,46	1390,57
976,63	1497,07
976,80	1454,06
976,96	1460,20
977,13	1419,24
977,30	1368,04
977,47	1427,43
977,64	1404,91
977,80	1413,10
977,97	1322,99
978,14	1376,24
978,31	1429,48
978,48	1443,82
978,64	1394,67
978,81	1488,87
978,98	1376,24
979,15	1529,83
979,31	1409,00
979,48	1464,30
979,65	1415,15
979,82	1462,25
979,98	1396,71
980,15	1441,77
980,32	1499,11
980,49	1439,72
980,66	1382,38
980,82	1439,72
980,99	1468,39
981,16	1374,19
981,33	1415,15
981,49	1394,67
981,66	1445,87
981,83	1409,00
981,99	1454,06
982,16	1431,53
982,33	1409,00
982,50	1417,19
982,66	1492,97
982,83	1333,23
983,00	1456,11
983,17	1443,82
983,33	1437,67
983,50	1466,35
983,67	1421,29
983,83	1386,47
984,00	1447,91
984,17	1441,77
984,34	1415,15
984,50	1431,53
984,67	1366,00
984,84	1452,01
985,00	1374,19
985,17	1433,58
985,34	1380,33
985,51	1431,53
985,67	1488,87
985,84	1443,82
986,01	1372,14
986,17	1445,87
986,34	1443,82
986,51	1413,10
986,67	1374,19
986,84	1419,24
987,01	1333,23
987,17	1372,14
987,34	1388,52
987,51	1394,67
987,67	1388,52
987,84	1452,01
988,01	1419,24
988,17	1400,81
988,34	1437,67
988,51	1386,47
988,67	1468,39
988,84	1462,25
989,01	1302,51
989,17	1464,30
989,34	1390,57
989,51	1431,53
989,67	1374,19
989,84	1441,77
990,01	1427,43
990,17	1497,07
990,34	1468,39
990,51	1452,01
990,67	1452,01
990,84	1388,52
991,01	1409,00
991,17	1376,24
991,34	1454,06
991,50	1368,04
991,67	1372,14
991,84	1355,76
992,00	1341,42
992,17	1435,63
992,34	1386,47
992,50	1476,59
992,67	1441,77
992,83	1437,67
993,00	1374,19
993,17	1443,82
993,33	1347,56
993,50	1437,67
993,66	1443,82
993,83	1548,26
994,00	1388,52
994,16	1411,05
994,33	1368,04
994,49	1435,63
994,66	1425,39
994,83	1447,91
994,99	1415,15
995,16	1470,44
995,32	1501,16
995,49	1484,78
995,66	1404,91
995,82	1343,47
995,99	1349,61
996,15	1396,71
996,32	1413,10
996,48	1398,76
996,65	1429,48
996,82	1398,76
996,98	1363,95
997,15	1431,53
997,31	1384,43
997,48	1423,34
997,64	1413,10
997,81	1421,29
997,97	1400,81
998,14	1443,82
998,31	1447,91
998,47	1339,37
998,64	1466,35
998,80	1482,73
998,97	1476,59
999,13	1392,62
999,30	1429,48
999,46	1462,25
999,63	1341,42
999,79	1478,63
999,96	1452,01
1000,12	1456,11
1000,29	1382,38
1000,45	1480,68
1000,62	1372,14
1000,79	1460,20
1000,95	1363,95
1001,12	1433,58
1001,28	1423,34
1001,45	1439,72
1001,61	1400,81
1001,78	1452,01
1001,94	1423,34
1002,11	1519,59
1002,27	1380,33
1002,44	1427,43
1002,60	1400,81
1002,77	1466,35
1002,93	1382,38
1003,10	1402,86
1003,26	1411,05
1003,43	1492,97
1003,59	1419,24
1003,76	1421,29
1003,92	1398,76
1004,09	1425,39
1004,25	1439,72
1004,41	1460,20
1004,58	1378,28
1004,74	1441,77
1004,91	1359,85
1005,07	1476,59
1005,24	1513,45
1005,40	1466,35
1005,57	1368,04
1005,73	1327,08
1005,90	1413,10
1006,06	1417,19
1006,23	1400,81
1006,39	1415,15
1006,55	1320,94
1006,72	1357,80
1006,88	1339,37
1007,05	1464,30
1007,21	1441,77
1007,38	1443,82
1007,54	1458,15
1007,71	1460,20
1007,87	1402,86
1008,03	1423,34
1008,20	1437,67
1008,36	1445,87
1008,53	1361,90
1008,69	1390,57
1008,86	1417,19
1009,02	1411,05
1009,18	1433,58
1009,35	1384,43
1009,51	1431,53
1009,68	1509,35
1009,84	1472,49
1010,01	1458,15
1010,17	1329,13
1010,33	1447,91
1010,50	1271,79
1010,66	1452,01
1010,83	1390,57
1010,99	1421,29
1011,15	1366,00
1011,32	1423,34
1011,48	1413,10
1011,65	1468,39
1011,81	1370,09
1011,97	1333,23
1012,14	1505,26
1012,30	1398,76
1012,46	1433,58
1012,63	1306,60
1012,79	1486,83
1012,96	1366,00
1013,12	1431,53
1013,28	1415,15
1013,45	1406,95
1013,61	1378,28
1013,77	1456,11
1013,94	1372,14
1014,10	1431,53
1014,26	1333,23
1014,43	1423,34
1014,59	1370,09
1014,76	1492,97
1014,92	1466,35
1015,08	1331,18
1015,25	1347,56
1015,41	1398,76
1015,57	1392,62
1015,74	1322,99
1015,90	1361,90
1016,06	1372,14
1016,23	1382,38
1016,39	1447,91
1016,55	1427,43
1016,72	1376,24
1016,88	1386,47
1017,04	1368,04
1017,21	1318,89
1017,37	1355,76
1017,53	1368,04
1017,70	1388,52
1017,86	1462,25
1018,02	1376,24
1018,19	1400,81
1018,35	1415,15
1018,51	1327,08
1018,67	1388,52
1018,84	1355,76
1019,00	1357,80
1019,16	1355,76
1019,33	1372,14
1019,49	1427,43
1019,65	1351,66
1019,82	1370,09
1019,98	1351,66
1020,14	1398,76
1020,30	1476,59
1020,47	1402,86
1020,63	1398,76
1020,79	1419,24
1020,96	1411,05
1021,12	1318,89
1021,28	1484,78
1021,44	1357,80
1021,61	1464,30
1021,77	1376,24
1021,93	1341,42
1022,09	1368,04
1022,26	1443,82
1022,42	1347,56
1022,58	1466,35
1022,74	1409,00
1022,91	1392,62
1023,07	1427,43
1023,23	1376,24
1023,39	1447,91
1023,56	1374,19
1023,72	1476,59
1023,88	1406,95
1024,04	1423,34
1024,21	1413,10
1024,37	1357,80
1024,53	1425,39
1024,69	1282,03
1024,86	1386,47
1025,02	1413,10
1025,18	1411,05
1025,34	1400,81
1025,50	1413,10
1025,67	1425,39
1025,83	1382,38
1025,99	1437,67
1026,15	1576,94
1026,32	1361,90
1026,48	1443,82
1026,64	1466,35
1026,80	1376,24
1026,96	1474,54
1027,13	1388,52
1027,29	1476,59
1027,45	1366,00
1027,61	1316,84
1027,77	1501,16
1027,94	1443,82
1028,10	1355,76
1028,26	1267,69
1028,42	1392,62
1028,58	1404,91
1028,75	1335,28
1028,91	1413,10
1029,07	1366,00
1029,23	1452,01
1029,39	1425,39
1029,55	1476,59
1029,72	1341,42
1029,88	1417,19
1030,04	1409,00
1030,20	1370,09
1030,36	1265,64
1030,52	1331,18
1030,69	1529,83
1030,85	1409,00
1031,01	1392,62
1031,17	1361,90
1031,33	1390,57
1031,49	1439,72
1031,65	1419,24
1031,82	1490,92
1031,98	1325,04
1032,14	1443,82
1032,30	1349,61
1032,46	1445,87
1032,62	1394,67
1032,78	1413,10
1032,95	1415,15
1033,11	1335,28
1033,27	1421,29
1033,43	1374,19
1033,59	1441,77
1033,75	1439,72
1033,91	1337,32
1034,07	1466,35
1034,24	1411,05
1034,40	1320,94
1034,56	1421,29
1034,72	1454,06
1034,88	1341,42
1035,04	1355,76
1035,20	1390,57
1035,36	1290,22
1035,52	1335,28
1035,68	1308,65
1035,85	1400,81
1036,01	1437,67
1036,17	1478,63
1036,33	1357,80
1036,49	1380,33
1036,65	1380,33
1036,81	1353,71
1036,97	1488,87
1037,13	1374,19
1037,29	1439,72
1037,45	1452,01
1037,61	1378,28
1037,78	1402,86
1037,94	1415,15
1038,10	1411,05
1038,26	1374,19
1038,42	1361,90
1038,58	1466,35
1038,74	1390,57
1038,90	1415,15
1039,06	1409,00
1039,22	1427,43
1039,38	1472,49
1039,54	1402,86
1039,70	1392,62
1039,86	1419,24
1040,02	1445,87
1040,18	1443,82
1040,34	1411,05
1040,50	1433,58
1040,66	1484,78
1040,83	1404,91
1040,99	1441,77
1041,15	1505,26
1041,31	1380,33
1041,47	1406,95
1041,63	1425,39
1041,79	1363,95
1041,95	1382,38
1042,11	1433,58
1042,27	1411,05
1042,43	1445,87
1042,59	1458,15
1042,75	1415,15
1042,91	1433,58
