344,25	1284,08
344,46	1284,08
344,68	1284,08
344,90	1216,49
345,12	1202,16
345,34	1282,03
345,55	1443,82
345,77	1425,39
345,99	1390,57
346,21	1406,95
346,42	1458,15
346,64	1433,58
346,86	1415,15
347,08	1351,66
347,30	1411,05
347,51	1431,53
347,73	1355,76
347,95	1427,43
348,17	1454,06
348,38	1507,30
348,60	1325,04
348,82	1417,19
349,04	1386,47
349,25	1388,52
349,47	1370,09
349,69	1417,19
349,91	1415,15
350,13	1402,86
350,34	1443,82
350,56	1308,65
350,78	1361,90
351,00	1419,24
351,21	1511,40
351,43	1443,82
351,65	1339,37
351,87	1509,35
352,08	1505,26
352,30	1411,05
352,52	1265,64
352,74	1402,86
352,95	1439,72
353,17	1347,56
353,39	1333,23
353,61	1415,15
353,82	1406,95
354,04	1351,66
354,26	1439,72
354,47	1431,53
354,69	1357,80
354,91	1355,76
355,13	1361,90
355,34	1454,06
355,56	1347,56
355,78	1421,29
356,00	1413,10
356,21	1425,39
356,43	1421,29
356,65	1382,38
356,86	1415,15
357,08	1419,24
357,30	1466,35
357,52	1382,38
357,73	1396,71
357,95	1458,15
358,17	1396,71
358,38	1406,95
358,60	1386,47
358,82	1456,11
359,04	1406,95
359,25	1466,35
359,47	1462,25
359,69	1435,63
359,90	1429,48
360,12	1503,21
360,34	1456,11
360,56	1433,58
360,77	1468,39
360,99	1527,78
361,21	1361,90
361,42	1406,95
361,64	1421,29
361,86	1492,97
362,07	1376,24
362,29	1447,91
362,51	1499,11
362,73	1421,29
362,94	1380,33
363,16	1447,91
363,38	1337,32
363,59	1454,06
363,81	1501,16
364,03	1478,63
364,24	1445,87
364,46	1499,11
364,68	1454,06
364,89	1372,14
365,11	1472,49
365,33	1499,11
365,54	1480,68
365,76	1452,01
365,98	1503,21
366,19	1525,74
366,41	1538,02
366,63	1495,02
366,84	1464,30
367,06	1431,53
367,28	1456,11
367,49	1458,15
367,71	1396,71
367,93	1402,86
368,14	1472,49
368,36	1357,80
368,58	1439,72
368,79	1454,06
369,01	1449,96
369,23	1538,02
369,44	1540,07
369,66	1390,57
369,88	1445,87
370,09	1435,63
370,31	1464,30
370,53	1433,58
370,74	1361,90
370,96	1515,50
371,18	1409,00
371,39	1445,87
371,61	1505,26
371,82	1527,78
372,04	1456,11
372,26	1421,29
372,47	1470,44
372,69	1472,49
372,91	1505,26
373,12	1472,49
373,34	1519,59
373,56	1488,87
373,77	1378,28
373,99	1431,53
374,20	1456,11
374,42	1435,63
374,64	1464,30
374,85	1435,63
375,07	1409,00
375,29	1419,24
375,50	1466,35
375,72	1513,45
375,93	1497,07
376,15	1486,83
376,37	1531,88
376,58	1411,05
376,80	1462,25
377,01	1374,19
377,23	1517,54
377,45	1531,88
377,66	1499,11
377,88	1478,63
378,10	1476,59
378,31	1419,24
378,53	1556,46
378,74	1501,16
378,96	1406,95
379,18	1546,22
379,39	1464,30
379,61	1441,77
379,82	1368,04
380,04	1521,64
380,26	1472,49
380,47	1484,78
380,69	1398,76
380,90	1456,11
381,12	1421,29
381,33	1413,10
381,55	1466,35
381,77	1411,05
381,98	1409,00
382,20	1427,43
382,41	1435,63
382,63	1486,83
382,85	1478,63
383,06	1406,95
383,28	1486,83
383,49	1443,82
383,71	1495,02
383,92	1480,68
384,14	1419,24
384,36	1343,47
384,57	1445,87
384,79	1468,39
385,00	1468,39
385,22	1474,54
385,43	1372,14
385,65	1497,07
385,87	1386,47
386,08	1441,77
386,30	1409,00
386,51	1411,05
386,73	1505,26
386,94	1351,66
387,16	1392,62
387,37	1468,39
387,59	1398,76
387,81	1492,97
388,02	1513,45
388,24	1388,52
388,45	1429,48
388,67	1388,52
388,88	1419,24
389,10	1335,28
389,31	1548,26
389,53	1427,43
389,75	1476,59
389,96	1490,92
390,18	1456,11
390,39	1363,95
390,61	1439,72
390,82	1419,24
391,04	1366,00
391,25	1366,00
391,47	1429,48
391,68	1345,52
391,90	1437,67
392,11	1495,02
392,33	1490,92
392,54	1329,13
392,76	1402,86
392,97	1435,63
393,19	1398,76
393,41	1437,67
393,62	1415,15
393,84	1396,71
394,05	1531,88
394,27	1478,63
394,48	1470,44
394,70	1417,19
394,91	1439,72
395,13	1411,05
395,34	1378,28
395,56	1437,67
395,77	1525,74
395,99	1388,52
396,20	1472,49
396,42	1497,07
396,63	1425,39
396,85	1476,59
397,06	1417,19
397,28	1435,63
397,49	1445,87
397,71	1415,15
397,92	1480,68
398,14	1521,64
398,35	1562,60
398,57	1406,95
398,78	1466,35
399,00	1439,72
399,21	1370,09
399,43	1419,24
399,64	1470,44
399,86	1392,62
400,07	1482,73
400,29	1415,15
400,50	1470,44
400,72	1531,88
400,93	1464,30
401,14	1443,82
401,36	1507,30
401,57	1421,29
401,79	1542,12
402,00	1468,39
402,22	1427,43
402,43	1415,15
402,65	1464,30
402,86	1437,67
403,08	1517,54
403,29	1431,53
403,51	1443,82
403,72	1404,91
403,94	1505,26
404,15	1417,19
404,36	1466,35
404,58	1667,05
404,79	1447,91
405,01	1480,68
405,22	1511,40
405,44	1372,14
405,65	1431,53
405,87	1460,20
406,08	1413,10
406,30	1423,34
406,51	1509,35
406,72	1472,49
406,94	1404,91
407,15	1423,34
407,37	1525,74
407,58	1406,95
407,80	1501,16
408,01	1456,11
408,23	1409,00
408,44	1443,82
408,65	1454,06
408,87	1419,24
409,08	1519,59
409,30	1486,83
409,51	1431,53
409,73	1417,19
409,94	1417,19
410,15	1542,12
410,37	1501,16
410,58	1333,23
410,80	1484,78
411,01	1404,91
411,23	1374,19
411,44	1423,34
411,65	1570,79
411,87	1519,59
412,08	1431,53
412,30	1464,30
412,51	1415,15
412,72	1394,67
412,94	1452,01
413,15	1376,24
413,37	1505,26
413,58	1437,67
413,79	1472,49
414,01	1370,09
414,22	1464,30
414,44	1462,25
414,65	1507,30
414,86	1368,04
415,08	1501,16
415,29	1466,35
415,51	1392,62
415,72	1470,44
415,93	1439,72
416,15	1466,35
416,36	1470,44
416,58	1523,69
416,79	1454,06
417,00	1458,15
417,22	1441,77
417,43	1413,10
417,65	1535,98
417,86	1411,05
418,07	1466,35
418,29	1464,30
418,50	1480,68
418,71	1406,95
418,93	1429,48
419,14	1394,67
419,36	1425,39
419,57	1406,95
419,78	1511,40
420,00	1423,34
420,21	1462,25
420,42	1470,44
420,64	1445,87
420,85	1435,63
421,06	1499,11
421,28	1490,92
421,49	1445,87
421,71	1535,98
421,92	1497,07
422,13	1413,10
422,35	1433,58
422,56	1464,30
422,77	1472,49
422,99	1435,63
423,20	1331,18
423,41	1382,38
423,63	1460,20
423,84	1423,34
424,05	1492,97
424,27	1433,58
424,48	1406,95
424,69	1449,96
424,91	1638,38
425,12	1454,06
425,33	1417,19
425,55	1394,67
425,76	1345,52
425,97	1558,50
426,19	1413,10
426,40	1435,63
426,61	1470,44
426,83	1441,77
427,04	1456,11
427,25	1482,73
427,47	1501,16
427,68	1466,35
427,89	1552,36
428,11	1400,81
428,32	1439,72
428,53	1476,59
428,75	1421,29
428,96	1548,26
429,17	1470,44
429,39	1382,38
429,60	1505,26
429,81	1492,97
430,03	1447,91
430,24	1374,19
430,45	1499,11
430,67	1409,00
430,88	1447,91
431,09	1492,97
431,30	1505,26
431,52	1402,86
431,73	1417,19
431,94	1435,63
432,16	1476,59
432,37	1480,68
432,58	1431,53
432,80	1353,71
433,01	1505,26
433,22	1497,07
433,43	1482,73
433,65	1392,62
433,86	1409,00
434,07	1419,24
434,29	1415,15
434,50	1368,04
434,71	1409,00
434,92	1433,58
435,14	1542,12
435,35	1347,56
435,56	1415,15
435,77	1454,06
435,99	1445,87
436,20	1486,83
436,41	1421,29
436,63	1468,39
436,84	1490,92
437,05	1398,76
437,26	1552,36
437,48	1544,17
437,69	1509,35
437,90	1439,72
438,11	1456,11
438,33	1368,04
438,54	1404,91
438,75	1423,34
438,96	1480,68
439,18	1392,62
439,39	1460,20
439,60	1390,57
439,82	1474,54
440,03	1464,30
440,24	1495,02
440,45	1478,63
440,67	1499,11
440,88	1429,48
441,09	1478,63
441,30	1497,07
441,51	1554,41
441,73	1464,30
441,94	1413,10
442,15	1474,54
442,36	1519,59
442,58	1406,95
442,79	1480,68
443,00	1507,30
443,21	1458,15
443,43	1439,72
443,64	1425,39
443,85	1484,78
444,06	1484,78
444,28	1482,73
444,49	1382,38
444,70	1431,53
444,91	1511,40
445,12	1454,06
445,34	1443,82
445,55	1556,46
445,76	1497,07
445,97	1464,30
446,18	1464,30
446,40	1535,98
446,61	1433,58
446,82	1415,15
447,03	1505,26
447,25	1468,39
447,46	1456,11
447,67	1497,07
447,88	1480,68
448,09	1482,73
448,31	1445,87
448,52	1423,34
448,73	1519,59
448,94	1400,81
449,15	1533,93
449,37	1523,69
449,58	1538,02
449,79	1482,73
450,00	1617,90
450,21	1507,30
450,43	1425,39
450,64	1456,11
450,85	1497,07
451,06	1499,11
451,27	1529,83
451,48	1445,87
451,70	1466,35
451,91	1406,95
452,12	1443,82
452,33	1462,25
452,54	1470,44
452,76	1548,26
452,97	1501,16
453,18	1476,59
453,39	1495,02
453,60	1441,77
453,81	1542,12
454,03	1476,59
454,24	1431,53
454,45	1402,86
454,66	1478,63
454,87	1380,33
455,08	1476,59
455,30	1396,71
455,51	1517,54
455,72	1411,05
455,93	1488,87
456,14	1468,39
456,35	1464,30
456,56	1472,49
456,78	1542,12
456,99	1439,72
457,20	1495,02
457,41	1517,54
457,62	1538,02
457,83	1515,50
458,04	1497,07
458,26	1572,84
458,47	1529,83
458,68	1507,30
458,89	1505,26
459,10	1501,16
459,31	1474,54
459,52	1538,02
459,74	1523,69
459,95	1533,93
460,16	1525,74
460,37	1509,35
460,58	1497,07
460,79	1480,68
461,00	1501,16
461,21	1382,38
461,43	1503,21
461,64	1468,39
461,85	1447,91
462,06	1409,00
462,27	1409,00
462,48	1572,84
462,69	1456,11
462,90	1515,50
463,12	1568,74
463,33	1476,59
463,54	1429,48
463,75	1474,54
463,96	1511,40
464,17	1535,98
464,38	1562,60
464,59	1427,43
464,80	1497,07
465,01	1429,48
465,23	1488,87
465,44	1452,01
465,65	1431,53
465,86	1521,64
466,07	1556,46
466,28	1443,82
466,49	1562,60
466,70	1527,78
466,91	1525,74
467,12	1554,41
467,33	1447,91
467,55	1499,11
467,76	1529,83
467,97	1564,65
468,18	1464,30
468,39	1468,39
468,60	1593,32
468,81	1452,01
469,02	1419,24
469,23	1427,43
469,44	1513,45
469,65	1423,34
469,86	1513,45
470,07	1484,78
470,29	1581,03
470,50	1413,10
470,71	1464,30
470,92	1525,74
471,13	1484,78
471,34	1519,59
471,55	1495,02
471,76	1519,59
471,97	1525,74
472,18	1492,97
472,39	1382,38
472,60	1454,06
472,81	1570,79
473,02	1372,14
473,23	1497,07
473,44	1542,12
473,65	1425,39
473,87	1478,63
474,08	1470,44
474,29	1492,97
474,50	1503,21
474,71	1476,59
474,92	1492,97
475,13	1521,64
475,34	1521,64
475,55	1478,63
475,76	1464,30
475,97	1513,45
476,18	1411,05
476,39	1576,94
476,60	1488,87
476,81	1525,74
477,02	1437,67
477,23	1509,35
477,44	1566,70
477,65	1425,39
477,86	1464,30
478,07	1560,55
478,28	1501,16
478,49	1482,73
478,70	1519,59
478,91	1521,64
479,12	1474,54
479,33	1490,92
479,54	1521,64
479,75	1611,75
479,96	1544,17
480,17	1552,36
480,38	1478,63
480,59	1488,87
480,80	1613,80
481,01	1495,02
481,22	1507,30
481,43	1531,88
481,64	1468,39
481,85	1499,11
482,06	1503,21
482,27	1525,74
482,48	1587,18
482,69	1572,84
482,90	1501,16
483,11	1513,45
483,32	1556,46
483,53	1511,40
483,74	1558,50
483,95	1468,39
484,16	1531,88
484,37	1542,12
484,58	1523,69
484,79	1427,43
485,00	1550,31
485,21	1509,35
485,42	1472,49
485,63	1611,75
485,84	1495,02
486,05	1439,72
486,26	1529,83
486,47	1599,46
486,68	1550,31
486,89	1456,11
487,10	1542,12
487,31	1458,15
487,52	1511,40
487,73	1576,94
487,94	1480,68
488,15	1527,78
488,36	1511,40
488,57	1468,39
488,77	1529,83
488,98	1507,30
489,19	1468,39
489,40	1480,68
489,61	1552,36
489,82	1540,07
490,03	1624,04
490,24	1556,46
490,45	1533,93
490,66	1523,69
490,87	1568,74
491,08	1521,64
491,29	1542,12
491,50	1400,81
491,71	1470,44
491,92	1589,22
492,13	1501,16
492,33	1468,39
492,54	1490,92
492,75	1476,59
492,96	1482,73
493,17	1564,65
493,38	1533,93
493,59	1482,73
493,80	1601,51
494,01	1490,92
494,22	1525,74
494,43	1497,07
494,64	1578,98
494,85	1517,54
495,05	1517,54
495,26	1482,73
495,47	1587,18
495,68	1509,35
495,89	1540,07
496,10	1454,06
496,31	1519,59
496,52	1478,63
496,73	1517,54
496,94	1515,50
497,15	1521,64
497,35	1482,73
497,56	1513,45
497,77	1505,26
497,98	1472,49
498,19	1548,26
498,40	1550,31
498,61	1595,37
498,82	1535,98
499,03	1519,59
499,23	1570,79
499,44	1640,42
499,65	1634,28
499,86	1460,20
500,07	1578,98
500,28	1525,74
500,49	1521,64
500,70	1556,46
500,91	1409,00
501,11	1533,93
501,32	1472,49
501,53	1523,69
501,74	1538,02
501,95	1519,59
502,16	1601,51
502,37	1476,59
502,57	1525,74
502,78	1558,50
502,99	1527,78
503,20	1531,88
503,41	1646,57
503,62	1568,74
503,83	1552,36
504,03	1513,45
504,24	1581,03
504,45	1531,88
504,66	1513,45
504,87	1556,46
505,08	1566,70
505,29	1548,26
505,49	1533,93
505,70	1587,18
505,91	1529,83
506,12	1501,16
506,33	1615,85
506,54	1517,54
506,75	1609,70
506,95	1544,17
507,16	1628,14
507,37	1470,44
507,58	1595,37
507,79	1533,93
508,00	1478,63
508,20	1419,24
508,41	1466,35
508,62	1585,13
508,83	1521,64
509,04	1447,91
509,24	1576,94
509,45	1837,03
509,66	1556,46
509,87	1572,84
510,08	1626,09
510,29	1605,61
510,49	1562,60
510,70	1505,26
510,91	1544,17
511,12	1468,39
511,33	1492,97
511,53	1558,50
511,74	1458,15
511,95	1427,43
512,16	1609,70
512,37	1527,78
512,57	1568,74
512,78	1476,59
512,99	1548,26
513,20	1535,98
513,41	1568,74
513,61	1581,03
513,82	1470,44
514,03	1554,41
514,24	1527,78
514,45	1556,46
514,65	1560,55
514,86	1501,16
515,07	1478,63
515,28	1501,16
515,49	1533,93
515,69	1523,69
515,90	1511,40
516,11	1540,07
516,32	1484,78
516,52	1529,83
516,73	1572,84
516,94	1634,28
517,15	1501,16
517,36	1564,65
517,56	1574,89
517,77	1570,79
517,98	1601,51
518,19	1570,79
518,39	1654,76
518,60	1531,88
518,81	1644,52
519,02	1439,72
519,22	1411,05
519,43	1564,65
519,64	1507,30
519,85	1470,44
520,05	1581,03
520,26	1484,78
520,47	1595,37
520,68	1578,98
520,88	1601,51
521,09	1564,65
521,30	1601,51
521,51	1599,46
521,71	1619,94
521,92	1505,26
522,13	1525,74
522,34	1540,07
522,54	1613,80
522,75	1517,54
522,96	1591,27
523,17	1445,87
523,37	1605,61
523,58	1472,49
523,79	1490,92
523,99	1593,32
524,20	1554,41
524,41	1468,39
524,62	1677,29
524,82	1509,35
525,03	1515,50
525,24	1558,50
525,45	1552,36
525,65	1550,31
525,86	1673,19
526,07	1503,21
526,27	1552,36
526,48	1578,98
526,69	1599,46
526,90	1435,63
527,10	1521,64
527,31	1572,84
527,52	1535,98
527,72	1564,65
527,93	1562,60
528,14	1570,79
528,34	1474,54
528,55	1503,21
528,76	1595,37
528,97	1501,16
529,17	1611,75
529,38	1468,39
529,59	1513,45
529,79	1570,79
530,00	1589,22
530,21	1648,61
530,41	1593,32
530,62	1517,54
530,83	1581,03
531,03	1558,50
531,24	1466,35
531,45	1605,61
531,65	1525,74
531,86	1546,22
532,07	1644,52
532,27	1560,55
532,48	1632,23
532,69	1505,26
532,89	1468,39
533,10	1591,27
533,31	1552,36
533,51	1505,26
533,72	1509,35
533,93	1519,59
534,13	1531,88
534,34	1554,41
534,55	1546,22
534,75	1558,50
534,96	1660,90
535,17	1525,74
535,37	1589,22
535,58	1560,55
535,79	1556,46
535,99	1478,63
536,20	1535,98
536,41	1587,18
536,61	1554,41
536,82	1558,50
537,03	1617,90
537,23	1421,29
537,44	1458,15
537,64	1558,50
537,85	1535,98
538,06	1578,98
538,26	1619,94
538,47	1486,83
538,68	1521,64
538,88	1613,80
539,09	1511,40
539,30	1517,54
539,50	1566,70
539,71	1523,69
539,91	1638,38
540,12	1425,39
540,33	1519,59
540,53	1585,13
540,74	1402,86
540,94	1570,79
541,15	1535,98
541,36	1593,32
541,56	1660,90
541,77	1492,97
541,98	1617,90
542,18	1564,65
542,39	1621,99
542,59	1540,07
542,80	1568,74
543,01	1495,02
543,21	1552,36
543,42	1464,30
543,62	1615,85
543,83	1517,54
544,04	1492,97
544,24	1468,39
544,45	1495,02
544,65	1587,18
544,86	1562,60
545,06	1632,23
545,27	1458,15
545,48	1495,02
545,68	1568,74
545,89	1529,83
546,09	1538,02
546,30	1515,50
546,51	1542,12
546,71	1550,31
546,92	1587,18
547,12	1488,87
547,33	1531,88
547,53	1648,61
547,74	1558,50
547,95	1503,21
548,15	1490,92
548,36	1488,87
548,56	1533,93
548,77	1576,94
548,97	1595,37
549,18	1527,78
549,39	1511,40
549,59	1566,70
549,80	1505,26
550,00	1402,86
550,21	1517,54
550,41	1503,21
550,62	1529,83
550,82	1538,02
551,03	1499,11
551,23	1476,59
551,44	1562,60
551,65	1521,64
551,85	1509,35
552,06	1472,49
552,26	1546,22
552,47	1406,95
552,67	1523,69
552,88	1499,11
553,08	1587,18
553,29	1492,97
553,49	1589,22
553,70	1486,83
553,90	1634,28
554,11	1495,02
554,32	1554,41
554,52	1538,02
554,73	1550,31
554,93	1488,87
555,14	1449,96
555,34	1478,63
555,55	1595,37
555,75	1581,03
555,96	1544,17
556,16	1527,78
556,37	1669,09
556,57	1476,59
556,78	1513,45
556,98	1621,99
557,19	1568,74
557,39	1484,78
557,60	1562,60
557,80	1439,72
558,01	1515,50
558,21	1591,27
558,42	1542,12
558,62	1521,64
558,83	1605,61
559,03	1452,01
559,24	1503,21
559,44	1640,42
559,65	1529,83
559,85	1533,93
560,06	1599,46
560,26	1484,78
560,47	1488,87
560,67	1578,98
560,88	1581,03
561,08	1644,52
561,29	1621,99
561,49	1486,83
561,70	1531,88
561,90	1552,36
562,10	1538,02
562,31	1597,42
562,51	1476,59
562,72	1566,70
562,92	1515,50
563,13	1640,42
563,33	1552,36
563,54	1570,79
563,74	1652,71
563,95	1544,17
564,15	1599,46
564,36	1583,08
564,56	1544,17
564,76	1538,02
564,97	1523,69
565,17	1538,02
565,38	1603,56
565,58	1521,64
565,79	1595,37
565,99	1599,46
566,20	1634,28
566,40	1542,12
566,60	1562,60
566,81	1658,85
567,01	1667,05
567,22	1531,88
567,42	1533,93
567,63	1568,74
567,83	1542,12
568,04	1621,99
568,24	1581,03
568,44	1562,60
568,65	1630,18
568,85	1599,46
569,06	1564,65
569,26	1529,83
569,47	1630,18
569,67	1492,97
569,87	1595,37
570,08	1658,85
570,28	1550,31
570,49	1566,70
570,69	1546,22
570,89	1621,99
571,10	1648,61
571,30	1591,27
571,51	1613,80
571,71	1628,14
571,91	1673,19
572,12	1685,48
572,32	1642,47
572,53	1505,26
572,73	1701,86
572,93	1658,85
573,14	1619,94
573,34	1611,75
573,55	1617,90
573,75	1550,31
573,95	1538,02
574,16	1517,54
574,36	1632,23
574,57	1578,98
574,77	1581,03
574,97	1603,56
575,18	1642,47
575,38	1578,98
575,59	1638,38
575,79	1474,54
575,99	1628,14
576,20	1548,26
576,40	1595,37
576,60	1665,00
576,81	1636,33
577,01	1593,32
577,22	1525,74
577,42	1513,45
577,62	1617,90
577,83	1613,80
578,03	1654,76
578,23	1597,42
578,44	1654,76
578,64	1644,52
578,84	1578,98
579,05	1574,89
579,25	1621,99
579,45	1517,54
579,66	1501,16
579,86	1677,29
580,07	1599,46
580,27	1570,79
580,47	1599,46
580,68	1585,13
580,88	1601,51
581,08	1591,27
581,29	1587,18
581,49	1621,99
581,69	1572,84
581,90	1597,42
582,10	1546,22
582,30	1552,36
582,51	1652,71
582,71	1562,60
582,91	1554,41
583,12	1566,70
583,32	1601,51
583,52	1607,66
583,73	1572,84
583,93	1535,98
584,13	1603,56
584,34	1540,07
584,54	1597,42
584,74	1599,46
584,94	1648,61
585,15	1556,46
585,35	1728,49
585,55	1597,42
585,76	1595,37
585,96	1583,08
586,16	1665,00
586,37	1552,36
586,57	1599,46
586,77	1527,78
586,98	1665,00
587,18	1540,07
587,38	1642,47
587,58	1542,12
587,79	1654,76
587,99	1599,46
588,19	1583,08
588,40	1556,46
588,60	1652,71
588,80	1591,27
589,00	1576,94
589,21	1654,76
589,41	1587,18
589,61	1660,90
589,82	1628,14
590,02	1564,65
590,22	1667,05
590,42	1603,56
590,63	1624,04
590,83	1583,08
591,03	1675,24
591,23	1671,14
591,44	1755,11
591,64	1613,80
591,84	1587,18
592,05	1742,82
592,25	1759,21
592,45	1681,38
592,65	1773,54
592,86	1650,66
593,06	1691,62
593,26	1654,76
593,46	1685,48
593,67	1624,04
593,87	1662,95
594,07	1734,63
594,27	1699,81
594,48	1591,27
594,68	1658,85
594,88	1632,23
595,08	1660,90
595,29	1691,62
595,49	1640,42
595,69	1695,72
595,89	1638,38
596,10	1652,71
596,30	1613,80
596,50	1628,14
596,70	1652,71
596,90	1626,09
597,11	1599,46
597,31	1710,05
597,51	1701,86
597,71	1673,19
597,92	1718,25
598,12	1794,02
598,32	1685,48
598,52	1638,38
598,72	1605,61
598,93	1656,81
599,13	1730,53
599,33	1683,43
599,53	1714,15
599,74	1685,48
599,94	1673,19
600,14	1566,70
600,34	1695,72
600,54	1675,24
600,75	1658,85
600,95	1665,00
601,15	1607,66
601,35	1578,98
601,55	1634,28
601,76	1589,22
601,96	1648,61
602,16	1499,11
602,36	1703,91
602,56	1603,56
602,76	1656,81
602,97	1660,90
603,17	1667,05
603,37	1751,01
603,57	1699,81
603,77	1632,23
603,98	1675,24
604,18	1548,26
604,38	1615,85
604,58	1595,37
604,78	1634,28
604,98	1572,84
605,19	1570,79
605,39	1632,23
605,59	1665,00
605,79	1605,61
605,99	1628,14
606,19	1597,42
606,40	1560,55
606,60	1603,56
606,80	1497,07
607,00	1531,88
607,20	1593,32
607,40	1597,42
607,61	1583,08
607,81	1583,08
608,01	1583,08
608,21	1648,61
608,41	1552,36
608,61	1615,85
608,81	1527,78
609,02	1527,78
609,22	1538,02
609,42	1617,90
609,62	1576,94
609,82	1570,79
610,02	1605,61
610,22	1554,41
610,43	1564,65
610,63	1560,55
610,83	1626,09
611,03	1581,03
611,23	1710,05
611,43	1621,99
611,63	1628,14
611,83	1609,70
612,04	1525,74
612,24	1642,47
612,44	1546,22
612,64	1548,26
612,84	1556,46
613,04	1570,79
613,24	1648,61
613,44	1621,99
613,64	1560,55
613,85	1630,18
614,05	1589,22
614,25	1603,56
614,45	1558,50
614,65	1679,33
614,85	1564,65
615,05	1509,35
615,25	1689,57
615,45	1587,18
615,65	1581,03
615,86	1701,86
616,06	1677,29
616,26	1687,53
616,46	1773,54
616,66	1699,81
616,86	1779,68
617,06	1714,15
617,26	1763,30
617,46	1757,16
617,66	1724,39
617,86	1845,22
618,07	1683,43
618,27	1779,68
618,47	1662,95
618,67	1746,92
618,87	1728,49
619,07	1785,83
619,27	1791,97
619,47	1759,21
619,67	1875,94
619,87	1761,25
620,07	1796,07
620,27	1787,88
620,47	1875,94
620,67	1771,49
620,87	1810,40
621,07	1769,44
621,28	1908,71
621,48	1875,94
621,68	1894,37
621,88	1882,08
622,08	1857,51
622,28	1875,94
622,48	1945,57
622,68	1898,47
622,88	1925,09
623,08	1857,51
623,28	1892,32
623,48	1837,03
623,68	1855,46
623,88	1904,61
624,08	2039,78
624,28	1861,60
624,48	1898,47
624,68	1900,52
624,88	1959,91
625,08	1996,77
625,28	1974,24
625,48	1939,43
625,68	2019,30
625,88	1931,23
626,08	1906,66
626,28	2009,06
626,48	1923,04
626,68	1986,53
626,88	1972,19
627,08	1961,95
627,28	2156,51
627,48	1996,77
627,68	2041,82
627,88	1935,33
628,08	1945,57
628,28	2045,92
628,49	2019,30
628,68	2015,20
628,88	2070,50
629,08	1986,53
629,28	2162,66
629,48	1980,39
629,68	2086,88
629,88	2004,96
630,08	2052,06
630,28	2131,94
630,48	2148,32
630,68	2013,15
630,88	2076,64
631,08	2093,02
631,28	2133,98
631,48	2125,79
631,68	2029,54
631,88	2019,30
632,08	2152,42
632,28	2076,64
632,48	2099,17
632,68	2080,74
632,88	2164,70
633,08	2140,13
633,28	2191,33
633,48	2111,46
633,68	2166,75
633,88	2109,41
634,08	2176,99
634,28	2183,13
634,48	2252,77
634,68	2240,48
634,88	2232,29
635,08	2131,94
635,28	2195,42
635,48	2119,65
635,68	2160,61
635,87	2176,99
636,07	2168,80
636,27	2170,85
636,47	2215,90
636,67	2217,95
636,87	2328,54
637,07	2301,92
637,27	2207,71
637,47	2166,75
637,67	2285,53
637,87	2224,09
638,07	2396,12
638,27	2193,37
638,47	2250,72
638,67	2299,87
638,86	2359,26
639,06	2281,44
639,26	2422,75
639,46	2220,00
639,66	2469,85
639,86	2373,60
640,06	2324,44
640,26	2377,69
640,46	2336,73
640,66	2439,13
640,86	2361,31
641,06	2273,25
641,25	2480,09
641,45	2508,76
641,65	2414,56
641,85	2473,95
642,05	2389,98
642,25	2369,50
642,45	2631,64
642,65	2398,17
642,85	2435,03
643,05	2566,10
643,24	2559,96
643,44	2469,85
643,64	2559,96
643,84	2588,63
644,04	2574,30
644,24	2516,95
644,44	2549,72
644,64	2519,00
644,84	2572,25
645,03	2617,30
645,23	2705,37
645,43	2535,39
645,63	2670,55
645,83	2537,43
646,03	2727,89
646,23	2703,32
646,42	2781,14
646,62	2697,17
646,82	2703,32
647,02	2721,75
647,22	2803,67
647,42	2768,85
647,62	2742,23
647,82	2899,92
648,01	2818,00
648,21	2695,13
648,41	2848,72
648,61	2815,96
648,81	2815,96
649,01	2883,54
649,20	2836,44
649,40	2889,68
649,60	2772,95
649,80	2836,44
650,00	2674,65
650,20	2877,40
650,40	2924,50
650,59	2719,70
650,79	2858,96
650,99	2889,68
651,19	2705,37
651,39	2756,57
651,58	2760,66
651,78	2916,31
651,98	2727,89
652,18	2912,21
652,38	2725,85
652,58	2854,87
652,77	2641,88
652,97	2959,31
653,17	2709,46
653,37	2885,59
653,57	2529,24
653,77	2775,00
653,96	2707,41
654,16	2875,35
654,36	2750,42
654,56	2947,03
654,76	2869,20
654,95	2883,54
655,15	2613,21
655,35	2873,30
655,55	2707,41
655,75	2940,88
655,94	2887,64
656,14	3014,61
656,34	2885,59
656,54	2914,26
656,73	2869,20
656,93	2994,13
657,13	2944,98
657,33	3004,37
657,53	3026,90
657,72	3108,82
657,92	3037,14
658,12	2951,12
658,32	2971,60
658,52	3262,41
658,71	2985,94
658,91	3192,78
659,11	3090,38
659,31	3311,57
659,50	3037,14
659,70	3207,12
659,90	3237,84
660,10	3373,00
660,29	3215,31
660,49	3278,80
660,69	3356,62
660,89	3430,35
661,08	3286,99
661,28	3551,18
661,48	3463,12
661,68	3530,70
661,87	3448,78
662,07	3557,32
662,27	3528,65
662,47	3835,85
662,66	3557,32
662,86	3612,62
663,06	3323,85
663,26	3614,66
663,45	3520,46
663,65	3803,08
663,85	3436,49
664,05	3715,02
664,24	3471,31
664,44	3667,91
664,64	3409,87
664,84	3547,08
665,03	3336,14
665,23	3553,23
665,43	3260,37
665,62	3237,84
665,82	2959,31
666,02	3198,93
666,22	3018,71
666,41	3241,93
666,61	2828,24
666,81	2871,25
667,00	2754,52
667,20	2713,56
667,40	2543,58
667,60	2615,26
667,79	2459,61
667,99	2504,67
668,19	2256,86
668,38	2383,84
668,58	2189,28
668,78	2125,79
668,97	2004,96
669,17	2070,50
669,37	1904,61
669,57	1906,66
669,76	2047,97
669,96	1927,14
670,16	1818,60
670,35	1849,32
670,55	1787,88
670,75	1767,40
670,94	1716,20
671,14	1816,55
671,34	1708,01
671,53	1671,14
671,73	1685,48
671,93	1583,08
672,12	1601,51
672,32	1595,37
672,52	1585,13
672,71	1636,33
672,91	1587,18
673,11	1529,83
673,30	1529,83
673,50	1570,79
673,70	1570,79
673,89	1544,17
674,09	1505,26
674,29	1542,12
674,48	1546,22
674,68	1576,94
674,88	1544,17
675,07	1472,49
675,27	1523,69
675,46	1349,61
675,66	1515,50
675,86	1587,18
676,05	1472,49
676,25	1482,73
676,45	1552,36
676,64	1497,07
676,84	1501,16
677,04	1466,35
677,23	1544,17
677,43	1417,19
677,62	1486,83
677,82	1499,11
678,02	1466,35
678,21	1433,58
678,41	1488,87
678,61	1382,38
678,80	1484,78
679,00	1470,44
679,19	1564,65
679,39	1513,45
679,59	1472,49
679,78	1402,86
679,98	1427,43
680,17	1419,24
680,37	1462,25
680,57	1458,15
680,76	1415,15
680,96	1417,19
681,16	1439,72
681,35	1398,76
681,55	1488,87
681,74	1449,96
681,94	1421,29
682,13	1437,67
682,33	1452,01
682,53	1398,76
682,72	1443,82
682,92	1394,67
683,11	1404,91
683,31	1501,16
683,51	1398,76
683,70	1372,14
683,90	1415,15
684,09	1423,34
684,29	1503,21
684,48	1406,95
684,68	1433,58
684,88	1488,87
685,07	1478,63
685,27	1378,28
685,46	1509,35
685,66	1370,09
685,85	1466,35
686,05	1511,40
686,25	1396,71
686,44	1458,15
686,64	1466,35
686,83	1447,91
687,03	1499,11
687,22	1437,67
687,42	1419,24
687,61	1460,20
687,81	1406,95
688,01	1423,34
688,20	1374,19
688,40	1388,52
688,59	1378,28
688,79	1427,43
688,98	1419,24
689,18	1431,53
689,37	1376,24
689,57	1472,49
689,76	1425,39
689,96	1476,59
690,15	1359,85
690,35	1368,04
690,54	1425,39
690,74	1388,52
690,94	1462,25
691,13	1454,06
691,33	1449,96
691,52	1464,30
691,72	1515,50
691,91	1386,47
692,11	1419,24
692,30	1265,64
692,50	1452,01
692,69	1421,29
692,89	1429,48
693,08	1474,54
693,28	1437,67
693,47	1296,36
693,67	1525,74
693,86	1406,95
694,06	1421,29
694,25	1372,14
694,45	1521,64
694,64	1384,43
694,84	1384,43
695,03	1447,91
695,23	1394,67
695,42	1390,57
695,62	1447,91
695,81	1476,59
696,01	1492,97
696,20	1378,28
696,40	1413,10
696,59	1384,43
696,78	1351,66
696,98	1460,20
697,17	1484,78
697,37	1439,72
697,56	1439,72
697,76	1406,95
697,95	1466,35
698,15	1443,82
698,34	1480,68
698,54	1437,67
698,73	1542,12
698,93	1394,67
699,12	1435,63
699,32	1449,96
699,51	1449,96
699,70	1355,76
699,90	1466,35
700,09	1449,96
700,29	1433,58
700,48	1368,04
700,68	1425,39
700,87	1343,47
701,07	1452,01
701,26	1411,05
701,45	1462,25
701,65	1419,24
701,84	1372,14
702,04	1327,08
702,23	1398,76
702,43	1439,72
702,62	1454,06
702,81	1513,45
703,01	1409,00
703,20	1503,21
703,40	1382,38
703,59	1357,80
703,79	1421,29
703,98	1374,19
704,17	1427,43
704,37	1388,52
704,56	1470,44
704,76	1445,87
704,95	1329,13
705,14	1349,61
705,34	1411,05
705,53	1347,56
705,73	1413,10
705,92	1441,77
706,11	1470,44
706,31	1357,80
706,50	1419,24
706,70	1427,43
706,89	1513,45
707,08	1484,78
707,28	1507,30
707,47	1402,86
707,67	1382,38
707,86	1497,07
708,05	1417,19
708,25	1398,76
708,44	1394,67
708,64	1368,04
708,83	1439,72
709,02	1386,47
709,22	1435,63
709,41	1419,24
709,60	1425,39
709,80	1435,63
709,99	1441,77
710,19	1411,05
710,38	1394,67
710,57	1357,80
710,77	1464,30
710,96	1353,71
711,15	1460,20
711,35	1423,34
711,54	1421,29
711,73	1353,71
711,93	1351,66
712,12	1366,00
712,31	1349,61
712,51	1431,53
712,70	1411,05
712,89	1329,13
713,09	1388,52
713,28	1449,96
713,48	1376,24
713,67	1411,05
713,86	1427,43
714,06	1372,14
714,25	1353,71
714,44	1343,47
714,64	1454,06
714,83	1335,28
715,02	1390,57
715,22	1439,72
715,41	1429,48
715,60	1322,99
715,79	1423,34
715,99	1421,29
716,18	1439,72
716,37	1433,58
716,57	1427,43
716,76	1359,85
716,95	1411,05
717,15	1392,62
717,34	1351,66
717,53	1402,86
717,73	1394,67
717,92	1404,91
718,11	1425,39
718,31	1476,59
718,50	1396,71
718,69	1308,65
718,88	1427,43
719,08	1382,38
719,27	1425,39
719,46	1409,00
719,66	1449,96
719,85	1318,89
720,04	1464,30
720,23	1390,57
720,43	1406,95
720,62	1386,47
720,81	1341,42
721,01	1445,87
721,20	1499,11
721,39	1488,87
721,58	1384,43
721,78	1472,49
721,97	1392,62
722,16	1368,04
722,35	1472,49
722,55	1419,24
722,74	1411,05
722,93	1419,24
723,13	1355,76
723,32	1400,81
723,51	1288,17
723,70	1386,47
723,90	1398,76
724,09	1386,47
724,28	1443,82
724,47	1411,05
724,67	1452,01
724,86	1361,90
725,05	1441,77
725,24	1413,10
725,44	1392,62
725,63	1382,38
725,82	1470,44
726,01	1374,19
726,21	1501,16
726,40	1314,80
726,59	1361,90
726,78	1386,47
726,97	1351,66
727,17	1368,04
727,36	1531,88
727,55	1357,80
727,74	1351,66
727,94	1406,95
728,13	1486,83
728,32	1390,57
728,51	1384,43
728,70	1409,00
728,90	1398,76
729,09	1409,00
729,28	1406,95
729,47	1419,24
729,66	1421,29
729,86	1402,86
730,05	1349,61
730,24	1445,87
730,43	1411,05
730,63	1443,82
730,82	1505,26
731,01	1417,19
731,20	1318,89
731,39	1427,43
731,58	1347,56
731,78	1435,63
731,97	1390,57
732,16	1419,24
732,35	1359,85
732,54	1427,43
732,74	1445,87
732,93	1441,77
733,12	1417,19
733,31	1406,95
733,50	1282,03
733,69	1419,24
733,89	1488,87
734,08	1441,77
734,27	1441,77
734,46	1394,67
734,65	1368,04
734,84	1478,63
735,04	1353,71
735,23	1456,11
735,42	1486,83
735,61	1378,28
735,80	1437,67
735,99	1372,14
736,19	1419,24
736,38	1388,52
736,57	1376,24
736,76	1370,09
736,95	1499,11
737,14	1353,71
737,33	1286,12
737,53	1474,54
737,72	1355,76
737,91	1355,76
738,10	1497,07
738,29	1357,80
738,48	1370,09
738,67	1427,43
738,87	1497,07
739,06	1368,04
739,25	1458,15
739,44	1386,47
739,63	1503,21
739,82	1374,19
740,01	1411,05
740,20	1363,95
740,40	1452,01
740,59	1378,28
740,78	1419,24
740,97	1476,59
741,16	1382,38
741,35	1433,58
741,54	1462,25
741,73	1345,52
741,92	1464,30
742,12	1445,87
742,31	1429,48
742,50	1400,81
742,69	1415,15
742,88	1335,28
743,07	1380,33
743,26	1439,72
743,45	1398,76
743,64	1411,05
743,83	1390,57
744,02	1396,71
744,22	1466,35
744,41	1398,76
744,60	1366,00
744,79	1429,48
744,98	1376,24
745,17	1353,71
745,36	1431,53
745,55	1380,33
745,74	1351,66
745,93	1337,32
746,12	1429,48
746,31	1351,66
746,50	1411,05
746,70	1402,86
746,89	1386,47
747,08	1361,90
747,27	1433,58
747,46	1419,24
747,65	1390,57
747,84	1413,10
748,03	1433,58
748,22	1443,82
748,41	1488,87
748,60	1433,58
748,79	1376,24
748,98	1419,24
749,17	1390,57
749,36	1429,48
749,55	1374,19
749,74	1429,48
749,93	1472,49
750,12	1366,00
750,31	1423,34
750,50	1437,67
750,70	1388,52
750,89	1505,26
751,08	1472,49
751,27	1495,02
751,46	1423,34
751,65	1415,15
751,84	1497,07
752,03	1382,38
752,22	1460,20
752,41	1431,53
752,60	1355,76
752,79	1460,20
752,98	1394,67
753,17	1378,28
753,36	1437,67
753,55	1439,72
753,74	1421,29
753,93	1484,78
754,12	1460,20
754,31	1468,39
754,50	1499,11
754,69	1419,24
754,88	1452,01
755,07	1447,91
755,26	1341,42
755,45	1331,18
755,64	1449,96
755,83	1429,48
756,02	1361,90
756,21	1466,35
756,40	1478,63
756,59	1355,76
756,78	1470,44
756,97	1472,49
757,16	1437,67
757,35	1462,25
757,54	1419,24
757,72	1431,53
757,91	1376,24
758,10	1394,67
758,29	1396,71
758,48	1429,48
758,67	1386,47
758,86	1402,86
759,05	1437,67
759,24	1376,24
759,43	1370,09
759,62	1357,80
759,81	1439,72
760,00	1515,50
760,19	1392,62
760,38	1429,48
760,57	1415,15
760,76	1402,86
760,95	1445,87
761,14	1331,18
761,33	1366,00
761,52	1355,76
761,70	1388,52
761,89	1443,82
762,08	1400,81
762,27	1462,25
762,46	1456,11
762,65	1396,71
762,84	1454,06
763,03	1437,67
763,22	1449,96
763,41	1460,20
763,60	1431,53
763,79	1431,53
763,98	1456,11
764,16	1425,39
764,35	1417,19
764,54	1392,62
764,73	1372,14
764,92	1447,91
765,11	1529,83
765,30	1423,34
765,49	1386,47
765,68	1466,35
765,87	1470,44
766,06	1427,43
766,24	1476,59
766,43	1458,15
766,62	1443,82
766,81	1503,21
767,00	1460,20
767,19	1406,95
767,38	1525,74
767,57	1376,24
767,76	1439,72
767,94	1396,71
768,13	1396,71
768,32	1472,49
768,51	1413,10
768,70	1443,82
768,89	1460,20
769,08	1363,95
769,27	1443,82
769,45	1390,57
769,64	1484,78
769,83	1452,01
770,02	1447,91
770,21	1445,87
770,40	1513,45
770,59	1427,43
770,77	1441,77
770,96	1456,11
771,15	1413,10
771,34	1406,95
771,53	1468,39
771,72	1423,34
771,91	1409,00
772,09	1351,66
772,28	1404,91
772,47	1396,71
772,66	1486,83
772,85	1470,44
773,04	1425,39
773,22	1468,39
773,41	1425,39
773,60	1411,05
773,79	1392,62
773,98	1435,63
774,17	1478,63
774,35	1398,76
774,54	1398,76
774,73	1511,40
774,92	1486,83
775,11	1388,52
775,30	1550,31
775,48	1411,05
775,67	1490,92
775,86	1370,09
776,05	1527,78
776,24	1409,00
776,42	1507,30
776,61	1419,24
776,80	1400,81
776,99	1507,30
777,18	1456,11
777,36	1370,09
777,55	1474,54
777,74	1476,59
777,93	1531,88
778,12	1452,01
778,30	1533,93
778,49	1519,59
778,68	1540,07
778,87	1441,77
779,06	1388,52
779,24	1554,41
779,43	1417,19
779,62	1411,05
779,81	1427,43
779,99	1419,24
780,18	1402,86
780,37	1482,73
780,56	1443,82
780,75	1466,35
780,93	1511,40
781,12	1406,95
781,31	1492,97
781,50	1437,67
781,68	1376,24
781,87	1435,63
782,06	1482,73
782,25	1404,91
782,43	1460,20
782,62	1382,38
782,81	1492,97
783,00	1386,47
783,18	1390,57
783,37	1431,53
783,56	1443,82
783,75	1501,16
783,93	1458,15
784,12	1501,16
784,31	1449,96
784,50	1468,39
784,68	1425,39
784,87	1390,57
785,06	1511,40
785,24	1429,48
785,43	1439,72
785,62	1456,11
785,81	1447,91
785,99	1368,04
786,18	1353,71
786,37	1460,20
786,56	1462,25
786,74	1439,72
786,93	1468,39
787,12	1480,68
787,30	1390,57
787,49	1499,11
787,68	1443,82
787,87	1413,10
788,05	1402,86
788,24	1409,00
788,43	1392,62
788,61	1495,02
788,80	1396,71
788,99	1441,77
789,17	1437,67
789,36	1443,82
789,55	1472,49
789,73	1454,06
789,92	1314,80
790,11	1413,10
790,30	1423,34
790,48	1370,09
790,67	1386,47
790,86	1472,49
791,04	1374,19
791,23	1462,25
791,42	1515,50
791,60	1513,45
791,79	1533,93
791,98	1384,43
792,16	1409,00
792,35	1384,43
792,54	1325,04
792,72	1454,06
792,91	1443,82
793,10	1380,33
793,28	1361,90
793,47	1472,49
793,66	1435,63
793,84	1462,25
794,03	1372,14
794,22	1454,06
794,40	1443,82
794,59	1363,95
794,77	1409,00
794,96	1327,08
795,15	1441,77
795,33	1329,13
795,52	1413,10
795,71	1384,43
795,89	1302,51
796,08	1376,24
796,27	1501,16
796,45	1392,62
796,64	1406,95
796,82	1411,05
797,01	1437,67
797,20	1435,63
797,38	1370,09
797,57	1431,53
797,76	1464,30
797,94	1400,81
798,13	1386,47
798,31	1372,14
798,50	1302,51
798,69	1431,53
798,87	1402,86
799,06	1368,04
799,24	1271,79
799,43	1501,16
799,62	1376,24
799,80	1402,86
799,99	1511,40
800,17	1279,98
800,36	1343,47
800,55	1435,63
800,73	1378,28
800,92	1359,85
801,10	1318,89
801,29	1370,09
801,48	1427,43
801,66	1468,39
801,85	1351,66
802,03	1421,29
802,22	1452,01
802,40	1429,48
802,59	1314,80
802,78	1415,15
802,96	1458,15
803,15	1449,96
803,33	1376,24
803,52	1396,71
803,70	1413,10
803,89	1292,27
804,08	1462,25
804,26	1419,24
804,45	1400,81
804,63	1488,87
804,82	1359,85
805,00	1447,91
805,19	1343,47
805,37	1497,07
805,56	1447,91
805,74	1337,32
805,93	1343,47
806,12	1433,58
806,30	1474,54
806,49	1464,30
806,67	1357,80
806,86	1366,00
807,04	1431,53
807,23	1366,00
807,41	1368,04
807,60	1468,39
807,78	1333,23
807,97	1722,34
808,15	1368,04
808,34	1322,99
808,52	1384,43
808,71	1402,86
808,89	1447,91
809,08	1437,67
809,27	1470,44
809,45	1329,13
809,64	1394,67
809,82	1302,51
810,01	1378,28
810,19	1484,78
810,38	1431,53
810,56	1376,24
810,75	1398,76
810,93	1404,91
811,12	1415,15
811,30	1429,48
811,49	1417,19
811,67	1435,63
811,85	1372,14
812,04	1357,80
812,22	1368,04
812,41	1468,39
812,59	1376,24
812,78	1308,65
812,96	1474,54
813,15	1454,06
813,33	1380,33
813,52	1351,66
813,70	1435,63
813,89	1406,95
814,07	1497,07
814,26	1425,39
814,44	1357,80
814,63	1392,62
814,81	1337,32
815,00	1325,04
815,18	1458,15
815,36	1355,76
815,55	1472,49
815,73	1398,76
815,92	1454,06
816,10	1531,88
816,29	1464,30
816,47	1398,76
816,66	1413,10
816,84	1521,64
817,02	1452,01
817,21	1423,34
817,39	1427,43
817,58	1366,00
817,76	1327,08
817,95	1421,29
818,13	1370,09
818,32	1404,91
818,50	1460,20
818,68	1415,15
818,87	1472,49
819,05	1359,85
819,24	1499,11
819,42	1427,43
819,60	1345,52
819,79	1318,89
819,97	1415,15
820,16	1452,01
820,34	1429,48
820,53	1374,19
820,71	1388,52
820,89	1413,10
821,08	1331,18
821,26	1341,42
821,45	1417,19
821,63	1325,04
821,81	1382,38
822,00	1355,76
822,18	1421,29
822,37	1452,01
822,55	1429,48
822,73	1456,11
822,92	1452,01
823,10	1347,56
823,28	1380,33
823,47	1413,10
823,65	1400,81
823,84	1396,71
824,02	1372,14
824,20	1409,00
824,39	1445,87
824,57	1423,34
824,75	1460,20
824,94	1474,54
825,12	1515,50
825,31	1437,67
825,49	1376,24
825,67	1460,20
825,86	1443,82
826,04	1464,30
826,22	1513,45
826,41	1443,82
826,59	1400,81
826,77	1445,87
826,96	1458,15
827,14	1419,24
827,32	1359,85
827,51	1320,94
827,69	1427,43
827,87	1441,77
828,06	1411,05
828,24	1363,95
828,42	1370,09
828,61	1472,49
828,79	1411,05
828,97	1464,30
829,16	1452,01
829,34	1339,37
829,52	1357,80
829,71	1497,07
829,89	1466,35
830,07	1374,19
830,26	1392,62
830,44	1445,87
830,62	1454,06
830,81	1482,73
830,99	1478,63
831,17	1452,01
831,36	1398,76
831,54	1466,35
831,72	1351,66
831,91	1363,95
832,09	1380,33
832,27	1390,57
832,45	1427,43
832,64	1411,05
832,82	1505,26
833,00	1394,67
833,19	1368,04
833,37	1447,91
833,55	1366,00
833,73	1425,39
833,92	1419,24
834,10	1437,67
834,28	1386,47
834,47	1427,43
834,65	1347,56
834,83	1372,14
835,01	1431,53
835,20	1380,33
835,38	1435,63
835,56	1458,15
835,74	1490,92
835,93	1439,72
836,11	1495,02
836,29	1478,63
836,47	1509,35
836,66	1419,24
836,84	1490,92
837,02	1419,24
837,21	1423,34
837,39	1425,39
837,57	1439,72
837,75	1398,76
837,94	1411,05
838,12	1347,56
838,30	1404,91
838,48	1329,13
838,66	1374,19
838,85	1517,54
839,03	1409,00
839,21	1296,36
839,39	1312,75
839,58	1486,83
839,76	1470,44
839,94	1466,35
840,12	1474,54
840,31	1490,92
840,49	1497,07
840,67	1402,86
840,85	1445,87
841,03	1314,80
841,22	1429,48
841,40	1462,25
841,58	1443,82
841,76	1277,93
841,94	1419,24
842,13	1519,59
842,31	1458,15
842,49	1456,11
842,67	1329,13
842,85	1363,95
843,04	1366,00
843,22	1400,81
843,40	1327,08
843,58	1474,54
843,76	1431,53
843,95	1509,35
844,13	1419,24
844,31	1347,56
844,49	1400,81
844,67	1337,32
844,86	1388,52
845,04	1427,43
845,22	1398,76
845,40	1441,77
845,58	1460,20
845,76	1443,82
845,95	1456,11
846,13	1421,29
846,31	1445,87
846,49	1423,34
846,67	1439,72
846,85	1454,06
847,04	1507,30
847,22	1396,71
847,40	1452,01
847,58	1384,43
847,76	1449,96
847,94	1382,38
848,12	1388,52
848,31	1462,25
848,49	1390,57
848,67	1476,59
848,85	1464,30
849,03	1492,97
849,21	1490,92
849,39	1449,96
849,58	1507,30
849,76	1431,53
849,94	1415,15
850,12	1431,53
850,30	1499,11
850,48	1388,52
850,66	1464,30
850,84	1415,15
851,03	1499,11
851,21	1445,87
851,39	1468,39
851,57	1478,63
851,75	1376,24
851,93	1400,81
852,11	1454,06
852,29	1460,20
852,47	1476,59
852,66	1492,97
852,84	1456,11
853,02	1488,87
853,20	1517,54
853,38	1484,78
853,56	1495,02
853,74	1476,59
853,92	1480,68
854,10	1322,99
854,28	1443,82
854,46	1382,38
854,65	1431,53
854,83	1390,57
855,01	1409,00
855,19	1406,95
855,37	1419,24
855,55	1513,45
855,73	1544,17
855,91	1447,91
856,09	1382,38
856,27	1445,87
856,45	1454,06
856,63	1384,43
856,81	1501,16
857,00	1452,01
857,18	1341,42
857,36	1400,81
857,54	1492,97
857,72	1394,67
857,90	1427,43
858,08	1556,46
858,26	1368,04
858,44	1568,74
858,62	1447,91
858,80	1439,72
858,98	1470,44
859,16	1464,30
859,34	1521,64
859,52	1484,78
859,70	1482,73
859,88	1492,97
860,06	1374,19
860,24	1398,76
860,42	1413,10
860,60	1462,25
860,78	1445,87
860,96	1464,30
861,14	1513,45
861,32	1431,53
861,50	1415,15
861,69	1452,01
861,87	1470,44
862,05	1433,58
862,23	1322,99
862,41	1409,00
862,59	1423,34
862,77	1431,53
862,95	1396,71
863,13	1431,53
863,31	1441,77
863,49	1452,01
863,67	1462,25
863,85	1386,47
864,03	1488,87
864,21	1507,30
864,39	1445,87
864,57	1503,21
864,75	1466,35
864,92	1519,59
865,10	1472,49
865,28	1370,09
865,46	1441,77
865,64	1427,43
865,82	1460,20
866,00	1429,48
866,18	1402,86
866,36	1427,43
866,54	1406,95
866,72	1460,20
866,90	1419,24
867,08	1464,30
867,26	1372,14
867,44	1390,57
867,62	1343,47
867,80	1396,71
867,98	1505,26
868,16	1470,44
868,34	1452,01
868,52	1351,66
868,70	1437,67
868,88	1370,09
869,06	1464,30
869,24	1439,72
869,42	1275,88
869,59	1454,06
869,77	1382,38
869,95	1447,91
870,13	1572,84
870,31	1388,52
870,49	1435,63
870,67	1439,72
870,85	1419,24
871,03	1462,25
871,21	1550,31
871,39	1368,04
871,57	1384,43
871,75	1386,47
871,92	1413,10
872,10	1402,86
872,28	1423,34
872,46	1343,47
872,64	1454,06
872,82	1550,31
873,00	1419,24
873,18	1507,30
873,36	1413,10
873,54	1388,52
873,72	1366,00
873,89	1478,63
874,07	1394,67
874,25	1546,22
874,43	1435,63
874,61	1468,39
874,79	1468,39
874,97	1456,11
875,15	1384,43
875,33	1396,71
875,50	1388,52
875,68	1419,24
875,86	1447,91
876,04	1495,02
876,22	1421,29
876,40	1458,15
876,58	1429,48
876,76	1376,24
876,93	1425,39
877,11	1378,28
877,29	1456,11
877,47	1390,57
877,65	1474,54
877,83	1460,20
878,01	1349,61
878,18	1425,39
878,36	1398,76
878,54	1400,81
878,72	1415,15
878,90	1429,48
879,08	1535,98
879,25	1419,24
879,43	1370,09
879,61	1392,62
879,79	1431,53
879,97	1392,62
880,15	1460,20
880,32	1458,15
880,50	1380,33
880,68	1458,15
880,86	1400,81
881,04	1462,25
881,22	1439,72
881,39	1406,95
881,57	1406,95
881,75	1435,63
881,93	1521,64
882,11	1480,68
882,28	1425,39
882,46	1402,86
882,64	1472,49
882,82	1435,63
883,00	1402,86
883,18	1433,58
883,35	1372,14
883,53	1353,71
883,71	1452,01
883,89	1406,95
884,07	1363,95
884,24	1333,23
884,42	1470,44
884,60	1431,53
884,78	1591,27
884,95	1419,24
885,13	1380,33
885,31	1472,49
885,49	1370,09
885,67	1394,67
885,84	1486,83
886,02	1423,34
886,20	1482,73
886,38	1335,28
886,55	1429,48
886,73	1445,87
886,91	1435,63
887,09	1411,05
887,26	1519,59
887,44	1443,82
887,62	1540,07
887,80	1357,80
887,98	1480,68
888,15	1378,28
888,33	1443,82
888,51	1447,91
888,69	1482,73
888,86	1384,43
889,04	1495,02
889,22	1415,15
889,39	1497,07
889,57	1394,67
889,75	1400,81
889,93	1460,20
890,10	1406,95
890,28	1421,29
890,46	1439,72
890,64	1497,07
890,81	1411,05
890,99	1503,21
891,17	1423,34
891,34	1386,47
891,52	1380,33
891,70	1388,52
891,88	1343,47
892,05	1366,00
892,23	1468,39
892,41	1411,05
892,58	1437,67
892,76	1535,98
892,94	1435,63
893,12	1513,45
893,29	1384,43
893,47	1466,35
893,65	1439,72
893,82	1380,33
894,00	1458,15
894,18	1384,43
894,35	1411,05
894,53	1456,11
894,71	1435,63
894,89	1396,71
895,06	1429,48
895,24	1484,78
895,42	1380,33
895,59	1372,14
895,77	1462,25
895,95	1402,86
896,12	1390,57
896,30	1380,33
896,48	1390,57
896,65	1464,30
896,83	1355,76
897,01	1345,52
897,18	1433,58
897,36	1445,87
897,54	1474,54
897,71	1384,43
897,89	1435,63
898,07	1452,01
898,24	1363,95
898,42	1355,76
898,59	1495,02
898,77	1411,05
898,95	1435,63
899,12	1441,77
899,30	1388,52
899,48	1439,72
899,65	1531,88
899,83	1372,14
900,01	1392,62
900,18	1433,58
900,36	1361,90
900,53	1423,34
900,71	1509,35
900,89	1472,49
901,06	1357,80
901,24	1419,24
901,42	1396,71
901,59	1320,94
901,77	1460,20
901,94	1388,52
902,12	1427,43
902,30	1437,67
902,47	1490,92
902,65	1339,37
902,82	1413,10
903,00	1433,58
903,18	1372,14
903,35	1411,05
903,53	1447,91
903,70	1464,30
903,88	1454,06
904,06	1507,30
904,23	1370,09
904,41	1404,91
904,58	1392,62
904,76	1454,06
904,93	1441,77
905,11	1384,43
905,29	1419,24
905,46	1345,52
905,64	1490,92
905,81	1376,24
905,99	1476,59
906,16	1460,20
906,34	1409,00
906,52	1396,71
906,69	1427,43
906,87	1454,06
907,04	1447,91
907,22	1419,24
907,39	1478,63
907,57	1345,52
907,75	1482,73
907,92	1417,19
908,10	1488,87
908,27	1411,05
908,45	1447,91
908,62	1421,29
908,80	1386,47
908,97	1462,25
909,15	1427,43
909,32	1374,19
909,50	1531,88
909,67	1355,76
909,85	1423,34
910,03	1413,10
910,20	1411,05
910,38	1363,95
910,55	1437,67
910,73	1525,74
910,90	1396,71
911,08	1468,39
911,25	1433,58
911,43	1425,39
911,60	1441,77
911,78	1427,43
911,95	1445,87
912,13	1374,19
912,30	1404,91
912,48	1372,14
912,65	1423,34
912,83	1466,35
913,00	1452,01
913,18	1495,02
913,35	1394,67
913,53	1406,95
913,70	1411,05
913,88	1400,81
914,05	1484,78
914,23	1464,30
914,40	1499,11
914,58	1421,29
914,75	1398,76
914,93	1392,62
915,10	1413,10
915,27	1515,50
915,45	1390,57
915,62	1443,82
915,80	1435,63
915,97	1388,52
916,15	1468,39
916,32	1499,11
916,50	1398,76
916,67	1443,82
916,85	1372,14
917,02	1345,52
917,20	1560,55
917,37	1478,63
917,54	1474,54
917,72	1458,15
917,89	1413,10
918,07	1466,35
918,24	1474,54
918,42	1372,14
918,59	1476,59
918,77	1486,83
918,94	1460,20
919,11	1437,67
919,29	1351,66
919,46	1437,67
919,64	1503,21
919,81	1404,91
919,99	1402,86
920,16	1476,59
920,33	1499,11
920,51	1337,32
920,68	1384,43
920,86	1425,39
921,03	1419,24
921,20	1406,95
921,38	1449,96
921,55	1413,10
921,73	1355,76
921,90	1427,43
922,07	1437,67
922,25	1464,30
922,42	1443,82
922,60	1409,00
922,77	1437,67
922,94	1419,24
923,12	1431,53
923,29	1486,83
923,47	1456,11
923,64	1429,48
923,81	1445,87
923,99	1406,95
924,16	1419,24
924,34	1443,82
924,51	1458,15
924,68	1427,43
924,86	1378,28
925,03	1359,85
925,20	1425,39
925,38	1558,50
925,55	1435,63
925,72	1492,97
925,90	1488,87
926,07	1435,63
926,25	1404,91
926,42	1380,33
926,59	1351,66
926,77	1464,30
926,94	1439,72
927,11	1390,57
927,29	1447,91
927,46	1318,89
927,63	1501,16
927,81	1460,20
927,98	1388,52
928,15	1503,21
928,33	1501,16
928,50	1417,19
928,67	1423,34
928,85	1445,87
929,02	1525,74
929,19	1460,20
929,37	1468,39
929,54	1392,62
929,71	1492,97
929,89	1427,43
930,06	1380,33
930,23	1425,39
930,41	1519,59
930,58	1388,52
930,75	1441,77
930,92	1464,30
931,10	1409,00
931,27	1472,49
931,44	1556,46
931,62	1345,52
931,79	1308,65
931,96	1472,49
932,14	1490,92
932,31	1429,48
932,48	1421,29
932,65	1454,06
932,83	1431,53
933,00	1458,15
933,17	1476,59
933,35	1406,95
933,52	1456,11
933,69	1452,01
933,86	1533,93
934,04	1458,15
934,21	1415,15
934,38	1419,24
934,55	1411,05
934,73	1445,87
934,90	1431,53
935,07	1492,97
935,25	1368,04
935,42	1447,91
935,59	1413,10
935,76	1400,81
935,94	1404,91
936,11	1394,67
936,28	1425,39
936,45	1415,15
936,63	1538,02
936,80	1478,63
936,97	1445,87
937,14	1437,67
937,31	1462,25
937,49	1544,17
937,66	1419,24
937,83	1476,59
938,00	1476,59
938,18	1535,98
938,35	1466,35
938,52	1449,96
938,69	1443,82
938,87	1490,92
939,04	1429,48
939,21	1388,52
939,38	1437,67
939,55	1394,67
939,73	1425,39
939,90	1425,39
940,07	1376,24
940,24	1431,53
940,41	1472,49
940,59	1509,35
940,76	1429,48
940,93	1419,24
941,10	1417,19
941,27	1382,38
941,45	1398,76
941,62	1499,11
941,79	1443,82
941,96	1458,15
942,13	1458,15
942,31	1468,39
942,48	1468,39
942,65	1509,35
942,82	1429,48
942,99	1499,11
943,16	1452,01
943,34	1409,00
943,51	1419,24
943,68	1431,53
943,85	1474,54
944,02	1519,59
944,19	1384,43
944,37	1439,72
944,54	1425,39
944,71	1470,44
944,88	1558,50
945,05	1472,49
945,22	1456,11
945,40	1431,53
945,57	1419,24
945,74	1402,86
945,91	1439,72
946,08	1443,82
946,25	1435,63
946,42	1402,86
946,60	1456,11
946,77	1552,36
946,94	1404,91
947,11	1460,20
947,28	1384,43
947,45	1402,86
947,62	1413,10
947,79	1468,39
947,97	1503,21
948,14	1538,02
948,31	1454,06
948,48	1402,86
948,65	1452,01
948,82	1437,67
948,99	1425,39
949,16	1456,11
949,33	1409,00
949,51	1499,11
949,68	1435,63
949,85	1484,78
950,02	1380,33
950,19	1398,76
950,36	1507,30
950,53	1529,83
950,70	1368,04
950,87	1390,57
951,04	1464,30
951,22	1519,59
951,39	1470,44
951,56	1404,91
951,73	1462,25
951,90	1402,86
952,07	1402,86
952,24	1380,33
952,41	1495,02
952,58	1449,96
952,75	1419,24
952,92	1374,19
953,09	1433,58
953,26	1445,87
953,43	1458,15
953,61	1509,35
953,78	1439,72
953,95	1472,49
954,12	1503,21
954,29	1445,87
954,46	1374,19
954,63	1456,11
954,80	1402,86
954,97	1376,24
955,14	1437,67
955,31	1462,25
955,48	1406,95
955,65	1421,29
955,82	1415,15
955,99	1460,20
956,16	1411,05
956,33	1556,46
956,50	1456,11
956,67	1490,92
956,84	1431,53
957,01	1404,91
957,18	1370,09
957,35	1353,71
957,52	1398,76
957,69	1368,04
957,86	1464,30
958,03	1421,29
958,20	1423,34
958,37	1492,97
958,54	1386,47
958,71	1443,82
958,88	1527,78
959,05	1382,38
959,22	1503,21
959,39	1447,91
959,56	1390,57
959,73	1431,53
959,90	1466,35
960,07	1415,15
960,24	1378,28
960,41	1437,67
960,58	1437,67
960,75	1511,40
960,92	1431,53
961,09	1361,90
961,26	1562,60
961,43	1472,49
961,60	1429,48
961,77	1427,43
961,94	1394,67
962,11	1382,38
962,28	1509,35
962,45	1421,29
962,62	1398,76
962,79	1482,73
962,96	1368,04
963,13	1470,44
963,30	1513,45
963,47	1388,52
963,64	1402,86
963,81	1374,19
963,98	1503,21
964,14	1468,39
964,31	1460,20
964,48	1431,53
964,65	1527,78
964,82	1417,19
964,99	1501,16
965,16	1421,29
965,33	1454,06
965,50	1390,57
965,67	1482,73
965,84	1402,86
966,01	1402,86
966,18	1368,04
966,35	1419,24
966,51	1470,44
966,68	1470,44
966,85	1419,24
967,02	1439,72
967,19	1435,63
967,36	1443,82
967,53	1443,82
967,70	1400,81
967,87	1492,97
968,04	1388,52
968,21	1372,14
968,37	1472,49
968,54	1452,01
968,71	1396,71
968,88	1349,61
969,05	1392,62
969,22	1368,04
969,39	1476,59
969,56	1484,78
969,72	1445,87
969,89	1515,50
970,06	1521,64
970,23	1394,67
970,40	1398,76
970,57	1435,63
970,74	1460,20
970,91	1460,20
971,07	1472,49
971,24	1499,11
971,41	1423,34
971,58	1386,47
971,75	1466,35
971,92	1351,66
972,09	1484,78
972,25	1423,34
972,42	1454,06
972,59	1392,62
972,76	1384,43
972,93	1425,39
973,10	1327,08
973,27	1447,91
973,43	1423,34
973,60	1409,00
973,77	1421,29
973,94	1382,38
974,11	1437,67
974,28	1513,45
974,44	1366,00
974,61	1466,35
974,78	1396,71
974,95	1353,71
975,12	1464,30
975,28	1458,15
975,45	1439,72
975,62	1390,57
975,79	1376,24
975,96	1396,71
976,12	1396,71
976,29	1374,19
976,46	1433,58
976,63	1439,72
976,80	1411,05
976,96	1402,86
977,13	1394,67
977,30	1376,24
977,47	1425,39
977,64	1409,00
977,80	1302,51
977,97	1355,76
978,14	1472,49
978,31	1374,19
978,48	1419,24
978,64	1464,30
978,81	1449,96
978,98	1396,71
979,15	1329,13
979,31	1398,76
979,48	1415,15
979,65	1437,67
979,82	1429,48
979,98	1394,67
980,15	1456,11
980,32	1550,31
980,49	1486,83
980,66	1411,05
980,82	1384,43
980,99	1470,44
981,16	1415,15
981,33	1460,20
981,49	1396,71
981,66	1540,07
981,83	1349,61
981,99	1452,01
982,16	1363,95
982,33	1335,28
982,50	1423,34
982,66	1458,15
982,83	1325,04
983,00	1353,71
983,17	1359,85
983,33	1376,24
983,50	1437,67
983,67	1425,39
983,83	1366,00
984,00	1402,86
984,17	1454,06
984,34	1384,43
984,50	1411,05
984,67	1388,52
984,84	1415,15
985,00	1386,47
985,17	1437,67
985,34	1361,90
985,51	1425,39
985,67	1382,38
985,84	1429,48
986,01	1390,57
986,17	1433,58
986,34	1366,00
986,51	1300,46
986,67	1429,48
986,84	1490,92
987,01	1404,91
987,17	1421,29
987,34	1390,57
987,51	1380,33
987,67	1429,48
987,84	1458,15
988,01	1427,43
988,17	1376,24
988,34	1357,80
988,51	1357,80
988,67	1419,24
988,84	1411,05
989,01	1343,47
989,17	1337,32
989,34	1421,29
989,51	1409,00
989,67	1413,10
989,84	1437,67
990,01	1415,15
990,17	1415,15
990,34	1335,28
990,51	1411,05
990,67	1386,47
990,84	1437,67
991,01	1327,08
991,17	1341,42
991,34	1351,66
991,50	1419,24
991,67	1329,13
991,84	1306,60
992,00	1406,95
992,17	1400,81
992,34	1480,68
992,50	1439,72
992,67	1413,10
992,83	1298,41
993,00	1447,91
993,17	1423,34
993,33	1406,95
993,50	1433,58
993,66	1357,80
993,83	1443,82
994,00	1437,67
994,16	1374,19
994,33	1374,19
994,49	1478,63
994,66	1431,53
994,83	1363,95
994,99	1384,43
995,16	1355,76
995,32	1505,26
995,49	1480,68
995,66	1452,01
995,82	1445,87
995,99	1421,29
996,15	1464,30
996,32	1423,34
996,48	1306,60
996,65	1390,57
996,82	1476,59
996,98	1396,71
997,15	1423,34
997,31	1419,24
997,48	1447,91
997,64	1378,28
997,81	1478,63
997,97	1423,34
998,14	1390,57
998,31	1488,87
998,47	1398,76
998,64	1445,87
998,80	1411,05
998,97	1441,77
999,13	1429,48
999,30	1447,91
999,46	1447,91
999,63	1390,57
999,79	1454,06
999,96	1480,68
1000,12	1439,72
1000,29	1449,96
1000,45	1394,67
1000,62	1392,62
1000,79	1431,53
1000,95	1351,66
1001,12	1396,71
1001,28	1413,10
1001,45	1449,96
1001,61	1406,95
1001,78	1433,58
1001,94	1409,00
1002,11	1406,95
1002,27	1433,58
1002,44	1409,00
1002,60	1431,53
1002,77	1546,22
1002,93	1488,87
1003,10	1384,43
1003,26	1353,71
1003,43	1466,35
1003,59	1411,05
1003,76	1464,30
1003,92	1435,63
1004,09	1413,10
1004,25	1513,45
1004,41	1460,20
1004,58	1509,35
1004,74	1495,02
1004,91	1419,24
1005,07	1439,72
1005,24	1449,96
1005,40	1411,05
1005,57	1322,99
1005,73	1337,32
1005,90	1378,28
1006,06	1464,30
1006,23	1411,05
1006,39	1439,72
1006,55	1335,28
1006,72	1482,73
1006,88	1339,37
1007,05	1466,35
1007,21	1468,39
1007,38	1480,68
1007,54	1384,43
1007,71	1406,95
1007,87	1394,67
1008,03	1316,84
1008,20	1435,63
1008,36	1386,47
1008,53	1374,19
1008,69	1398,76
1008,86	1388,52
1009,02	1353,71
1009,18	1480,68
1009,35	1404,91
1009,51	1372,14
1009,68	1458,15
1009,84	1384,43
1010,01	1445,87
1010,17	1425,39
1010,33	1464,30
1010,50	1421,29
1010,66	1417,19
1010,83	1339,37
1010,99	1409,00
1011,15	1345,52
1011,32	1449,96
1011,48	1382,38
1011,65	1415,15
1011,81	1421,29
1011,97	1304,56
1012,14	1449,96
1012,30	1472,49
1012,46	1464,30
1012,63	1415,15
1012,79	1322,99
1012,96	1374,19
1013,12	1331,18
1013,28	1386,47
1013,45	1400,81
1013,61	1404,91
1013,77	1415,15
1013,94	1351,66
1014,10	1355,76
1014,26	1411,05
1014,43	1462,25
1014,59	1318,89
1014,76	1406,95
1014,92	1464,30
1015,08	1298,41
1015,25	1374,19
1015,41	1419,24
1015,57	1374,19
1015,74	1372,14
1015,90	1327,08
1016,06	1402,86
1016,23	1431,53
1016,39	1316,84
1016,55	1470,44
1016,72	1419,24
1016,88	1419,24
1017,04	1376,24
1017,21	1396,71
1017,37	1402,86
1017,53	1388,52
1017,70	1339,37
1017,86	1439,72
1018,02	1404,91
1018,19	1398,76
1018,35	1411,05
1018,51	1386,47
1018,67	1396,71
1018,84	1339,37
1019,00	1378,28
1019,16	1492,97
1019,33	1409,00
1019,49	1515,50
1019,65	1368,04
1019,82	1402,86
1019,98	1404,91
1020,14	1470,44
1020,30	1437,67
1020,47	1423,34
1020,63	1454,06
1020,79	1488,87
1020,96	1380,33
1021,12	1308,65
1021,28	1427,43
1021,44	1427,43
1021,61	1449,96
1021,77	1378,28
1021,93	1417,19
1022,09	1454,06
1022,26	1419,24
1022,42	1421,29
1022,58	1437,67
1022,74	1390,57
1022,91	1433,58
1023,07	1335,28
1023,23	1374,19
1023,39	1472,49
1023,56	1320,94
1023,72	1507,30
1023,88	1366,00
1024,04	1423,34
1024,21	1390,57
1024,37	1441,77
1024,53	1437,67
1024,69	1376,24
1024,86	1417,19
1025,02	1431,53
1025,18	1366,00
1025,34	1318,89
1025,50	1419,24
1025,67	1372,14
1025,83	1478,63
1025,99	1449,96
1026,15	1417,19
1026,32	1312,75
1026,48	1339,37
1026,64	1437,67
1026,80	1454,06
1026,96	1499,11
1027,13	1380,33
1027,29	1476,59
1027,45	1398,76
1027,61	1363,95
1027,77	1382,38
1027,94	1456,11
1028,10	1478,63
1028,26	1372,14
1028,42	1341,42
1028,58	1462,25
1028,75	1380,33
1028,91	1380,33
1029,07	1322,99
1029,23	1503,21
1029,39	1417,19
1029,55	1384,43
1029,72	1437,67
1029,88	1419,24
1030,04	1413,10
1030,20	1400,81
1030,36	1343,47
1030,52	1368,04
1030,69	1515,50
1030,85	1417,19
1031,01	1458,15
1031,17	1415,15
1031,33	1368,04
1031,49	1314,80
1031,65	1386,47
1031,82	1406,95
1031,98	1294,32
1032,14	1396,71
1032,30	1435,63
1032,46	1433,58
1032,62	1374,19
1032,78	1396,71
1032,95	1476,59
1033,11	1384,43
1033,27	1394,67
1033,43	1355,76
1033,59	1439,72
1033,75	1468,39
1033,91	1236,97
1034,07	1429,48
1034,24	1421,29
1034,40	1400,81
1034,56	1374,19
1034,72	1452,01
1034,88	1423,34
1035,04	1366,00
1035,20	1386,47
1035,36	1345,52
1035,52	1468,39
1035,68	1452,01
1035,85	1411,05
1036,01	1363,95
1036,17	1533,93
1036,33	1388,52
1036,49	1345,52
1036,65	1476,59
1036,81	1394,67
1036,97	1376,24
1037,13	1425,39
1037,29	1462,25
1037,45	1380,33
1037,61	1460,20
1037,78	1409,00
1037,94	1347,56
1038,10	1417,19
1038,26	1431,53
1038,42	1343,47
1038,58	1415,15
1038,74	1374,19
1038,90	1449,96
1039,06	1454,06
1039,22	1347,56
1039,38	1388,52
1039,54	1361,90
1039,70	1409,00
1039,86	1384,43
1040,02	1300,46
1040,18	1538,02
1040,34	1411,05
1040,50	1345,52
1040,66	1488,87
1040,83	1409,00
1040,99	1370,09
1041,15	1529,83
1041,31	1343,47
1041,47	1443,82
1041,63	1413,10
1041,79	1388,52
1041,95	1394,67
1042,11	1372,14
1042,27	1398,76
1042,43	1355,76
1042,59	1427,43
1042,75	1390,57
1042,91	1406,95
