344,25	1374,19
344,46	1374,19
344,68	1374,19
344,90	1337,32
345,12	1185,77
345,34	1327,08
345,55	1368,04
345,77	1402,86
345,99	1325,04
346,21	1333,23
346,42	1452,01
346,64	1413,10
346,86	1327,08
347,08	1423,34
347,30	1474,54
347,51	1495,02
347,73	1339,37
347,95	1388,52
348,17	1341,42
348,38	1404,91
348,60	1441,77
348,82	1421,29
349,04	1415,15
349,25	1394,67
349,47	1468,39
349,69	1441,77
349,91	1476,59
350,13	1370,09
350,34	1439,72
350,56	1349,61
350,78	1394,67
351,00	1427,43
351,21	1474,54
351,43	1329,13
351,65	1370,09
351,87	1394,67
352,08	1366,00
352,30	1382,38
352,52	1368,04
352,74	1433,58
352,95	1427,43
353,17	1419,24
353,39	1425,39
353,61	1406,95
353,82	1437,67
354,04	1409,00
354,26	1398,76
354,47	1376,24
354,69	1411,05
354,91	1392,62
355,13	1306,60
355,34	1427,43
355,56	1372,14
355,78	1406,95
356,00	1490,92
356,21	1394,67
356,43	1433,58
356,65	1394,67
356,86	1454,06
357,08	1472,49
357,30	1409,00
357,52	1482,73
357,73	1439,72
357,95	1449,96
358,17	1374,19
358,38	1421,29
358,60	1460,20
358,82	1562,60
359,04	1382,38
359,25	1445,87
359,47	1554,41
359,69	1470,44
359,90	1396,71
360,12	1472,49
360,34	1390,57
360,56	1325,04
360,77	1542,12
360,99	1525,74
361,21	1501,16
361,42	1472,49
361,64	1527,78
361,86	1550,31
362,07	1507,30
362,29	1490,92
362,51	1527,78
362,73	1433,58
362,94	1482,73
363,16	1511,40
363,38	1372,14
363,59	1513,45
363,81	1478,63
364,03	1523,69
364,24	1568,74
364,46	1476,59
364,68	1449,96
364,89	1431,53
365,11	1581,03
365,33	1531,88
365,54	1431,53
365,76	1505,26
365,98	1527,78
366,19	1505,26
366,41	1552,36
366,63	1503,21
366,84	1478,63
367,06	1486,83
367,28	1562,60
367,49	1441,77
367,71	1527,78
367,93	1527,78
368,14	1488,87
368,36	1492,97
368,58	1505,26
368,79	1511,40
369,01	1417,19
369,23	1478,63
369,44	1581,03
369,66	1413,10
369,88	1525,74
370,09	1454,06
370,31	1413,10
370,53	1593,32
370,74	1529,83
370,96	1439,72
371,18	1509,35
371,39	1564,65
371,61	1562,60
371,82	1542,12
372,04	1552,36
372,26	1501,16
372,47	1511,40
372,69	1548,26
372,91	1513,45
373,12	1456,11
373,34	1507,30
373,56	1394,67
373,77	1593,32
373,99	1492,97
374,20	1495,02
374,42	1497,07
374,64	1495,02
374,85	1433,58
375,07	1548,26
375,29	1492,97
375,50	1390,57
375,72	1476,59
375,93	1439,72
376,15	1482,73
376,37	1460,20
376,58	1406,95
376,80	1439,72
377,01	1433,58
377,23	1411,05
377,45	1431,53
377,66	1427,43
377,88	1435,63
378,10	1435,63
378,31	1427,43
378,53	1501,16
378,74	1468,39
378,96	1468,39
379,18	1447,91
379,39	1492,97
379,61	1409,00
379,82	1480,68
380,04	1456,11
380,26	1517,54
380,47	1409,00
380,69	1505,26
380,90	1519,59
381,12	1404,91
381,33	1449,96
381,55	1490,92
381,77	1488,87
381,98	1468,39
382,20	1347,56
382,41	1482,73
382,63	1476,59
382,85	1521,64
383,06	1456,11
383,28	1478,63
383,49	1413,10
383,71	1472,49
383,92	1392,62
384,14	1333,23
384,36	1384,43
384,57	1503,21
384,79	1431,53
385,00	1445,87
385,22	1503,21
385,43	1368,04
385,65	1439,72
385,87	1392,62
386,08	1376,24
386,30	1431,53
386,51	1386,47
386,73	1398,76
386,94	1431,53
387,16	1449,96
387,37	1587,18
387,59	1339,37
387,81	1447,91
388,02	1458,15
388,24	1427,43
388,45	1546,22
388,67	1370,09
388,88	1505,26
389,10	1439,72
389,31	1513,45
389,53	1482,73
389,75	1566,70
389,96	1431,53
390,18	1372,14
390,39	1433,58
390,61	1544,17
390,82	1478,63
391,04	1427,43
391,25	1464,30
391,47	1456,11
391,68	1486,83
391,90	1480,68
392,11	1525,74
392,33	1368,04
392,54	1396,71
392,76	1366,00
392,97	1427,43
393,19	1556,46
393,41	1509,35
393,62	1480,68
393,84	1445,87
394,05	1462,25
394,27	1484,78
394,48	1490,92
394,70	1464,30
394,91	1476,59
395,13	1519,59
395,34	1384,43
395,56	1452,01
395,77	1464,30
395,99	1415,15
396,20	1429,48
396,42	1417,19
396,63	1492,97
396,85	1497,07
397,06	1497,07
397,28	1474,54
397,49	1521,64
397,71	1503,21
397,92	1474,54
398,14	1552,36
398,35	1562,60
398,57	1544,17
398,78	1503,21
399,00	1392,62
399,21	1419,24
399,43	1439,72
399,64	1497,07
399,86	1535,98
400,07	1550,31
400,29	1492,97
400,50	1484,78
400,72	1544,17
400,93	1478,63
401,14	1427,43
401,36	1488,87
401,57	1386,47
401,79	1542,12
402,00	1499,11
402,22	1501,16
402,43	1507,30
402,65	1509,35
402,86	1417,19
403,08	1460,20
403,29	1499,11
403,51	1583,08
403,72	1535,98
403,94	1480,68
404,15	1535,98
404,36	1449,96
404,58	1810,40
404,79	1507,30
405,01	1454,06
405,22	1476,59
405,44	1396,71
405,65	1519,59
405,87	1519,59
406,08	1550,31
406,30	1488,87
406,51	1472,49
406,72	1476,59
406,94	1443,82
407,15	1517,54
407,37	1505,26
407,58	1419,24
407,80	1476,59
408,01	1452,01
408,23	1552,36
408,44	1439,72
408,65	1490,92
408,87	1507,30
409,08	1456,11
409,30	1482,73
409,51	1480,68
409,73	1409,00
409,94	1492,97
410,15	1671,14
410,37	1507,30
410,58	1480,68
410,80	1564,65
411,01	1462,25
411,23	1476,59
411,44	1435,63
411,65	1560,55
411,87	1523,69
412,08	1456,11
412,30	1445,87
412,51	1486,83
412,72	1521,64
412,94	1464,30
413,15	1488,87
413,37	1495,02
413,58	1462,25
413,79	1474,54
414,01	1476,59
414,22	1497,07
414,44	1503,21
414,65	1525,74
414,86	1380,33
415,08	1490,92
415,29	1505,26
415,51	1523,69
415,72	1398,76
415,93	1447,91
416,15	1452,01
416,36	1533,93
416,58	1490,92
416,79	1452,01
417,00	1431,53
417,22	1474,54
417,43	1505,26
417,65	1468,39
417,86	1540,07
418,07	1449,96
418,29	1417,19
418,50	1507,30
418,71	1445,87
418,93	1472,49
419,14	1404,91
419,36	1456,11
419,57	1484,78
419,78	1607,66
420,00	1517,54
420,21	1507,30
420,42	1462,25
420,64	1523,69
420,85	1376,24
421,06	1495,02
421,28	1523,69
421,49	1423,34
421,71	1601,51
421,92	1452,01
422,13	1560,55
422,35	1560,55
422,56	1456,11
422,77	1486,83
422,99	1445,87
423,20	1490,92
423,41	1550,31
423,63	1542,12
423,84	1568,74
424,05	1578,98
424,27	1538,02
424,48	1501,16
424,69	1392,62
424,91	1800,16
425,12	1484,78
425,33	1523,69
425,55	1480,68
425,76	1445,87
425,97	1542,12
426,19	1507,30
426,40	1472,49
426,61	1495,02
426,83	1513,45
427,04	1523,69
427,25	1509,35
427,47	1507,30
427,68	1447,91
427,89	1513,45
428,11	1501,16
428,32	1554,41
428,53	1452,01
428,75	1511,40
428,96	1562,60
429,17	1501,16
429,39	1466,35
429,60	1554,41
429,81	1533,93
430,03	1523,69
430,24	1433,58
430,45	1585,13
430,67	1562,60
430,88	1595,37
431,09	1513,45
431,30	1505,26
431,52	1468,39
431,73	1458,15
431,94	1513,45
432,16	1540,07
432,37	1593,32
432,58	1478,63
432,80	1513,45
433,01	1568,74
433,22	1519,59
433,43	1476,59
433,65	1447,91
433,86	1474,54
434,07	1517,54
434,29	1585,13
434,50	1390,57
434,71	1540,07
434,92	1499,11
435,14	1452,01
435,35	1527,78
435,56	1447,91
435,77	1476,59
435,99	1484,78
436,20	1468,39
436,41	1437,67
436,63	1482,73
436,84	1542,12
437,05	1359,85
437,26	1521,64
437,48	1576,94
437,69	1519,59
437,90	1396,71
438,11	1478,63
438,33	1478,63
438,54	1542,12
438,75	1492,97
438,96	1554,41
439,18	1409,00
439,39	1542,12
439,60	1417,19
439,82	1470,44
440,03	1548,26
440,24	1546,22
440,45	1509,35
440,67	1511,40
440,88	1527,78
441,09	1492,97
441,30	1425,39
441,51	1554,41
441,73	1501,16
441,94	1503,21
442,15	1503,21
442,36	1486,83
442,58	1499,11
442,79	1429,48
443,00	1560,55
443,21	1560,55
443,43	1476,59
443,64	1542,12
443,85	1468,39
444,06	1490,92
444,28	1525,74
444,49	1521,64
444,70	1597,42
444,91	1624,04
445,12	1478,63
445,34	1497,07
445,55	1572,84
445,76	1578,98
445,97	1486,83
446,18	1505,26
446,40	1632,23
446,61	1531,88
446,82	1529,83
447,03	1578,98
447,25	1456,11
447,46	1478,63
447,67	1484,78
447,88	1531,88
448,09	1388,52
448,31	1585,13
448,52	1601,51
448,73	1503,21
448,94	1531,88
449,15	1574,89
449,37	1509,35
449,58	1519,59
449,79	1570,79
450,00	1603,56
450,21	1546,22
450,43	1523,69
450,64	1578,98
450,85	1501,16
451,06	1593,32
451,27	1544,17
451,48	1574,89
451,70	1560,55
451,91	1562,60
452,12	1554,41
452,33	1556,46
452,54	1531,88
452,76	1574,89
452,97	1546,22
453,18	1570,79
453,39	1523,69
453,60	1587,18
453,81	1519,59
454,03	1501,16
454,24	1554,41
454,45	1624,04
454,66	1568,74
454,87	1535,98
455,08	1476,59
455,30	1578,98
455,51	1576,94
455,72	1648,61
455,93	1548,26
456,14	1599,46
456,35	1568,74
456,56	1685,48
456,78	1605,61
456,99	1611,75
457,20	1525,74
457,41	1656,81
457,62	1650,66
457,83	1531,88
458,04	1675,24
458,26	1570,79
458,47	1538,02
458,68	1505,26
458,89	1607,66
459,10	1454,06
459,31	1546,22
459,52	1656,81
459,74	1593,32
459,95	1726,44
460,16	1521,64
460,37	1652,71
460,58	1593,32
460,79	1527,78
461,00	1605,61
461,21	1624,04
461,43	1558,50
461,64	1548,26
461,85	1585,13
462,06	1572,84
462,27	1517,54
462,48	1642,47
462,69	1628,14
462,90	1556,46
463,12	1683,43
463,33	1611,75
463,54	1540,07
463,75	1554,41
463,96	1693,67
464,17	1609,70
464,38	1576,94
464,59	1546,22
464,80	1525,74
465,01	1603,56
465,23	1681,38
465,44	1538,02
465,65	1603,56
465,86	1630,18
466,07	1583,08
466,28	1476,59
466,49	1675,24
466,70	1703,91
466,91	1730,53
467,12	1654,76
467,33	1621,99
467,55	1591,27
467,76	1572,84
467,97	1591,27
468,18	1642,47
468,39	1544,17
468,60	1714,15
468,81	1562,60
469,02	1658,85
469,23	1619,94
469,44	1638,38
469,65	1652,71
469,86	1736,68
470,07	1552,36
470,29	1816,55
470,50	1636,33
470,71	1669,09
470,92	1734,63
471,13	1771,49
471,34	1689,57
471,55	1628,14
471,76	1621,99
471,97	1748,97
472,18	1662,95
472,39	1619,94
472,60	1705,96
472,81	1585,13
473,02	1738,73
473,23	1732,58
473,44	1603,56
473,65	1763,30
473,87	1665,00
474,08	1732,58
474,29	1628,14
474,50	1699,81
474,71	1759,21
474,92	1701,86
475,13	1738,73
475,34	1732,58
475,55	1665,00
475,76	1626,09
475,97	1734,63
476,18	1626,09
476,39	1753,06
476,60	1705,96
476,81	1642,47
477,02	1681,38
477,23	1832,93
477,44	1718,25
477,65	1658,85
477,86	1718,25
478,07	1718,25
478,28	1734,63
478,49	1734,63
478,70	1767,40
478,91	1751,01
479,12	1716,20
479,33	1705,96
479,54	1716,20
479,75	1880,04
479,96	1740,77
480,17	1791,97
480,38	1730,53
480,59	1781,73
480,80	1857,51
481,01	1775,59
481,22	1759,21
481,43	1812,45
481,64	1882,08
481,85	1740,77
482,06	1806,31
482,27	1884,13
482,48	1804,26
482,69	1832,93
482,90	1740,77
483,11	1900,52
483,32	1748,97
483,53	1761,25
483,74	1896,42
483,95	1822,69
484,16	1869,80
484,37	1849,32
484,58	1855,46
484,79	1845,22
485,00	1886,18
485,21	1861,60
485,42	1865,70
485,63	1918,95
485,84	1982,43
486,05	1920,99
486,26	1902,56
486,47	1982,43
486,68	1882,08
486,89	1968,10
487,10	1992,67
487,31	1888,23
487,52	1984,48
487,73	2004,96
487,94	1953,76
488,15	1931,23
488,36	1984,48
488,57	1898,47
488,77	1925,09
488,98	1943,52
489,19	2009,06
489,40	1935,33
489,61	1990,63
489,82	1988,58
490,03	2058,21
490,24	1949,67
490,45	1992,67
490,66	1925,09
490,87	1970,15
491,08	2082,78
491,29	2043,87
491,50	2013,15
491,71	1988,58
491,92	2113,50
492,13	2107,36
492,33	1998,82
492,54	2172,89
492,75	2076,64
492,96	2070,50
493,17	2084,83
493,38	2119,65
493,59	2045,92
493,80	2123,74
494,01	2105,31
494,22	2250,72
494,43	2174,94
494,64	2152,42
494,85	2060,26
495,05	2142,18
495,26	2318,30
495,47	2265,05
495,68	2226,14
495,89	2267,10
496,10	2306,01
496,31	2303,96
496,52	2353,12
496,73	2287,58
496,94	2363,36
497,15	2398,17
497,35	2387,93
497,56	2283,49
497,77	2336,73
497,98	2418,65
498,19	2426,84
498,40	2443,23
498,61	2432,99
498,82	2447,32
499,03	2455,51
499,23	2437,08
499,44	2602,97
499,65	2617,30
499,86	2547,67
500,07	2539,48
500,28	2590,68
500,49	2721,75
500,70	2754,52
500,91	2539,48
501,11	2715,61
501,32	2760,66
501,53	2703,32
501,74	2725,85
501,95	2867,16
502,16	2803,67
502,37	2746,33
502,57	2895,83
502,78	2897,88
502,99	2887,64
503,20	2944,98
503,41	3094,48
503,62	3055,57
503,83	3110,86
504,03	3155,92
504,24	3108,82
504,45	3178,45
504,66	3225,55
504,87	3356,62
505,08	3239,89
505,29	3268,56
505,49	3291,09
505,70	3413,96
505,91	3284,94
506,12	3346,38
506,33	3516,36
506,54	3520,46
506,75	3585,99
506,95	3624,90
507,16	3553,23
507,37	3602,38
507,58	3561,42
507,79	3721,16
508,00	3819,46
508,20	3909,57
508,41	3792,84
508,62	3860,42
508,83	3794,89
509,04	4034,50
509,24	3901,38
509,45	4423,61
509,66	4048,83
509,87	4128,70
510,08	4175,81
510,29	4257,73
510,49	4165,57
510,70	4233,15
510,91	4396,99
511,12	4308,93
511,33	4261,82
511,53	4454,33
511,74	4302,78
511,95	4448,19
512,16	4548,54
512,37	4558,78
512,57	4378,56
512,78	4771,77
512,99	4554,68
513,20	4716,47
513,41	4691,90
513,61	4706,23
513,82	4642,75
514,03	4941,75
514,24	4657,08
514,45	5042,10
514,65	4884,41
514,86	4822,97
515,07	4825,01
515,28	4874,17
515,49	4908,98
515,69	4925,36
515,90	4941,75
516,11	5099,44
516,32	5029,81
516,52	4888,50
516,73	5056,43
516,94	5089,20
517,15	4884,41
517,36	5136,31
517,56	5021,62
517,77	4999,09
517,98	5285,81
518,19	5064,63
518,39	5046,20
518,60	5007,28
518,81	5238,70
519,02	4988,85
519,22	5044,15
519,43	5152,69
519,64	5105,59
519,85	5117,87
520,05	5257,14
520,26	5103,54
520,47	5003,19
520,68	5240,75
520,88	5177,26
521,09	5220,27
521,30	5044,15
521,51	5078,96
521,71	4984,76
521,92	5101,49
522,13	5093,30
522,34	5015,48
522,54	5083,06
522,75	5044,15
522,96	4929,46
523,17	5099,44
523,37	4816,82
523,58	4884,41
523,79	4972,47
523,99	4849,59
524,20	4642,75
524,41	4788,15
524,62	4835,25
524,82	4831,16
525,03	4607,93
525,24	4595,64
525,45	4530,11
525,65	4659,13
525,86	4650,94
526,07	4675,51
526,27	4589,50
526,48	4603,83
526,69	4530,11
526,90	4546,49
527,10	4472,76
527,31	4554,68
527,52	4347,84
527,72	4478,91
527,93	4212,67
528,14	4292,54
528,34	4294,59
528,55	4073,41
528,76	4102,08
528,97	4095,94
529,17	3979,20
529,38	4196,29
529,59	3885,00
529,79	4136,90
530,00	3852,23
530,21	4018,11
530,41	3684,30
530,62	3819,46
530,83	3913,67
531,03	3903,43
531,24	3715,02
531,45	3737,54
531,65	3567,56
531,86	3729,35
532,07	3528,65
532,27	3465,16
532,48	3530,70
532,69	3434,44
532,89	3375,05
533,10	3549,13
533,31	3254,22
533,51	3305,42
533,72	3190,74
533,93	3262,41
534,13	3258,32
534,34	3213,26
534,55	3123,15
534,75	3153,87
534,96	3078,10
535,17	3065,81
535,37	3098,58
535,58	3014,61
535,79	2904,02
535,99	2985,94
536,20	2807,77
536,41	2940,88
536,61	2824,15
536,82	3018,71
537,03	2748,37
537,23	2838,48
537,44	2623,45
537,64	2762,71
537,85	2607,06
538,06	2883,54
538,26	2566,10
538,47	2717,65
538,68	2457,56
538,88	2496,47
539,09	2428,89
539,30	2607,06
539,50	2516,95
539,71	2539,48
539,91	2269,15
540,12	2494,43
540,33	2269,15
540,53	2318,30
540,74	2275,29
540,94	2480,09
541,15	2244,57
541,36	2373,60
541,56	2279,39
541,77	2226,14
541,98	2226,14
542,18	2404,32
542,39	2117,60
542,59	2097,12
542,80	2142,18
543,01	2113,50
543,21	2082,78
543,42	2133,98
543,62	2086,88
543,83	2109,41
544,04	1968,10
544,24	2111,46
544,45	1886,18
544,65	2050,02
544,86	1867,75
545,06	2054,11
545,27	1908,71
545,48	1906,66
545,68	1978,34
545,89	1937,38
546,09	1916,90
546,30	1974,24
546,51	2025,44
546,71	1875,94
546,92	1832,93
547,12	1851,36
547,33	1744,87
547,53	1859,56
547,74	1667,05
547,95	1824,74
548,15	1697,77
548,36	1857,51
548,56	1751,01
548,77	1904,61
548,97	1777,64
549,18	1748,97
549,39	1765,35
549,59	1665,00
549,80	1667,05
550,00	1689,57
550,21	1732,58
550,41	1767,40
550,62	1677,29
550,82	1720,29
551,03	1611,75
551,23	1722,34
551,44	1624,04
551,65	1691,62
551,85	1720,29
552,06	1673,19
552,26	1601,51
552,47	1585,13
552,67	1572,84
552,88	1529,83
553,08	1619,94
553,29	1636,33
553,49	1642,47
553,70	1609,70
553,90	1607,66
554,11	1591,27
554,32	1593,32
554,52	1638,38
554,73	1621,99
554,93	1574,89
555,14	1509,35
555,34	1542,12
555,55	1646,57
555,75	1550,31
555,96	1581,03
556,16	1548,26
556,37	1554,41
556,57	1470,44
556,78	1507,30
556,98	1613,80
557,19	1556,46
557,39	1540,07
557,60	1521,64
557,80	1472,49
558,01	1581,03
558,21	1572,84
558,42	1525,74
558,62	1538,02
558,83	1599,46
559,03	1468,39
559,24	1566,70
559,44	1570,79
559,65	1492,97
559,85	1515,50
560,06	1511,40
560,26	1505,26
560,47	1517,54
560,67	1578,98
560,88	1490,92
561,08	1607,66
561,29	1560,55
561,49	1433,58
561,70	1513,45
561,90	1560,55
562,10	1497,07
562,31	1568,74
562,51	1517,54
562,72	1441,77
562,92	1472,49
563,13	1525,74
563,33	1527,78
563,54	1503,21
563,74	1605,61
563,95	1511,40
564,15	1452,01
564,36	1452,01
564,56	1406,95
564,76	1454,06
564,97	1421,29
565,17	1505,26
565,38	1574,89
565,58	1511,40
565,79	1480,68
565,99	1458,15
566,20	1603,56
566,40	1443,82
566,60	1615,85
566,81	1427,43
567,01	1603,56
567,22	1443,82
567,42	1433,58
567,63	1439,72
567,83	1626,09
568,04	1570,79
568,24	1542,12
568,44	1486,83
568,65	1462,25
568,85	1470,44
569,06	1521,64
569,26	1390,57
569,47	1429,48
569,67	1439,72
569,87	1411,05
570,08	1409,00
570,28	1449,96
570,49	1398,76
570,69	1515,50
570,89	1507,30
571,10	1458,15
571,30	1452,01
571,51	1431,53
571,71	1497,07
571,91	1529,83
572,12	1513,45
572,32	1435,63
572,53	1398,76
572,73	1554,41
572,93	1515,50
573,14	1441,77
573,34	1472,49
573,55	1382,38
573,75	1437,67
573,95	1464,30
574,16	1509,35
574,36	1388,52
574,57	1503,21
574,77	1357,80
574,97	1460,20
575,18	1476,59
575,38	1411,05
575,59	1370,09
575,79	1427,43
575,99	1501,16
576,20	1499,11
576,40	1376,24
576,60	1507,30
576,81	1460,20
577,01	1538,02
577,22	1499,11
577,42	1464,30
577,62	1435,63
577,83	1419,24
578,03	1464,30
578,23	1443,82
578,44	1472,49
578,64	1437,67
578,84	1437,67
579,05	1372,14
579,25	1390,57
579,45	1488,87
579,66	1359,85
579,86	1466,35
580,07	1421,29
580,27	1484,78
580,47	1452,01
580,68	1318,89
580,88	1404,91
581,08	1458,15
581,29	1409,00
581,49	1419,24
581,69	1499,11
581,90	1409,00
582,10	1513,45
582,30	1374,19
582,51	1464,30
582,71	1413,10
582,91	1341,42
583,12	1386,47
583,32	1466,35
583,52	1398,76
583,73	1454,06
583,93	1392,62
584,13	1544,17
584,34	1470,44
584,54	1409,00
584,74	1492,97
584,94	1468,39
585,15	1511,40
585,35	1490,92
585,55	1402,86
585,76	1521,64
585,96	1355,76
586,16	1478,63
586,37	1368,04
586,57	1474,54
586,77	1415,15
586,98	1476,59
587,18	1503,21
587,38	1507,30
587,58	1376,24
587,79	1443,82
587,99	1486,83
588,19	1464,30
588,40	1349,61
588,60	1484,78
588,80	1390,57
589,00	1337,32
589,21	1519,59
589,41	1437,67
589,61	1449,96
589,82	1460,20
590,02	1374,19
590,22	1509,35
590,42	1431,53
590,63	1490,92
590,83	1466,35
591,03	1402,86
591,23	1503,21
591,44	1525,74
591,64	1445,87
591,84	1386,47
592,05	1406,95
592,25	1517,54
592,45	1449,96
592,65	1361,90
592,86	1499,11
593,06	1445,87
593,26	1404,91
593,46	1462,25
593,67	1388,52
593,87	1409,00
594,07	1439,72
594,27	1437,67
594,48	1411,05
594,68	1460,20
594,88	1425,39
595,08	1409,00
595,29	1468,39
595,49	1431,53
595,69	1366,00
595,89	1368,04
596,10	1443,82
596,30	1437,67
596,50	1406,95
596,70	1454,06
596,90	1495,02
597,11	1353,71
597,31	1411,05
597,51	1417,19
597,71	1521,64
597,92	1509,35
598,12	1437,67
598,32	1439,72
598,52	1406,95
598,72	1339,37
598,93	1462,25
599,13	1466,35
599,33	1419,24
599,53	1470,44
599,74	1402,86
599,94	1437,67
600,14	1419,24
600,34	1320,94
600,54	1474,54
600,75	1376,24
600,95	1431,53
601,15	1425,39
601,35	1433,58
601,55	1376,24
601,76	1495,02
601,96	1478,63
602,16	1433,58
602,36	1484,78
602,56	1357,80
602,76	1398,76
602,97	1406,95
603,17	1443,82
603,37	1464,30
603,57	1503,21
603,77	1435,63
603,98	1419,24
604,18	1413,10
604,38	1488,87
604,58	1392,62
604,78	1472,49
604,98	1419,24
605,19	1402,86
605,39	1443,82
605,59	1449,96
605,79	1456,11
605,99	1480,68
606,19	1470,44
606,40	1404,91
606,60	1349,61
606,80	1423,34
607,00	1376,24
607,20	1427,43
607,40	1441,77
607,61	1464,30
607,81	1437,67
608,01	1452,01
608,21	1454,06
608,41	1505,26
608,61	1394,67
608,81	1464,30
609,02	1404,91
609,22	1474,54
609,42	1464,30
609,62	1439,72
609,82	1480,68
610,02	1454,06
610,22	1421,29
610,43	1409,00
610,63	1423,34
610,83	1484,78
611,03	1363,95
611,23	1521,64
611,43	1449,96
611,63	1361,90
611,83	1357,80
612,04	1468,39
612,24	1466,35
612,44	1431,53
612,64	1447,91
612,84	1363,95
613,04	1406,95
613,24	1474,54
613,44	1474,54
613,64	1462,25
613,85	1454,06
614,05	1449,96
614,25	1398,76
614,45	1433,58
614,65	1464,30
614,85	1409,00
615,05	1378,28
615,25	1533,93
615,45	1378,28
615,65	1421,29
615,86	1484,78
616,06	1425,39
616,26	1462,25
616,46	1456,11
616,66	1433,58
616,86	1421,29
617,06	1419,24
617,26	1497,07
617,46	1501,16
617,66	1452,01
617,86	1474,54
618,07	1357,80
618,27	1445,87
618,47	1384,43
618,67	1466,35
618,87	1357,80
619,07	1472,49
619,27	1478,63
619,47	1470,44
619,67	1533,93
619,87	1329,13
620,07	1427,43
620,27	1542,12
620,47	1482,73
620,67	1447,91
620,87	1492,97
621,07	1464,30
621,28	1388,52
621,48	1499,11
621,68	1431,53
621,88	1400,81
622,08	1472,49
622,28	1503,21
622,48	1521,64
622,68	1456,11
622,88	1464,30
623,08	1505,26
623,28	1478,63
623,48	1474,54
623,68	1380,33
623,88	1443,82
624,08	1585,13
624,28	1386,47
624,48	1513,45
624,68	1357,80
624,88	1441,77
625,08	1454,06
625,28	1454,06
625,48	1490,92
625,68	1435,63
625,88	1406,95
626,08	1447,91
626,28	1509,35
626,48	1423,34
626,68	1439,72
626,88	1411,05
627,08	1406,95
627,28	1476,59
627,48	1484,78
627,68	1374,19
627,88	1386,47
628,08	1431,53
628,28	1456,11
628,49	1445,87
628,68	1406,95
628,88	1429,48
629,08	1415,15
629,28	1402,86
629,48	1466,35
629,68	1404,91
629,88	1449,96
630,08	1525,74
630,28	1425,39
630,48	1388,52
630,68	1402,86
630,88	1470,44
631,08	1478,63
631,28	1456,11
631,48	1443,82
631,68	1427,43
631,88	1372,14
632,08	1513,45
632,28	1427,43
632,48	1423,34
632,68	1370,09
632,88	1460,20
633,08	1425,39
633,28	1441,77
633,48	1429,48
633,68	1419,24
633,88	1406,95
634,08	1447,91
634,28	1421,29
634,48	1511,40
634,68	1423,34
634,88	1466,35
635,08	1378,28
635,28	1505,26
635,48	1374,19
635,68	1423,34
635,87	1501,16
636,07	1484,78
636,27	1452,01
636,47	1486,83
636,67	1490,92
636,87	1464,30
637,07	1476,59
637,27	1441,77
637,47	1433,58
637,67	1456,11
637,87	1400,81
638,07	1515,50
638,27	1431,53
638,47	1406,95
638,67	1404,91
638,86	1488,87
639,06	1503,21
639,26	1449,96
639,46	1398,76
639,66	1445,87
639,86	1452,01
640,06	1429,48
640,26	1402,86
640,46	1419,24
640,66	1478,63
640,86	1462,25
641,06	1419,24
641,25	1515,50
641,45	1439,72
641,65	1421,29
641,85	1486,83
642,05	1449,96
642,25	1349,61
642,45	1458,15
642,65	1427,43
642,85	1419,24
643,05	1411,05
643,24	1454,06
643,44	1482,73
643,64	1499,11
643,84	1431,53
644,04	1372,14
644,24	1464,30
644,44	1456,11
644,64	1411,05
644,84	1439,72
645,03	1452,01
645,23	1480,68
645,43	1474,54
645,63	1456,11
645,83	1386,47
646,03	1339,37
646,23	1376,24
646,42	1509,35
646,62	1421,29
646,82	1413,10
647,02	1355,76
647,22	1431,53
647,42	1466,35
647,62	1474,54
647,82	1316,84
648,01	1544,17
648,21	1398,76
648,41	1400,81
648,61	1425,39
648,81	1482,73
649,01	1540,07
649,20	1429,48
649,40	1400,81
649,60	1427,43
649,80	1433,58
650,00	1449,96
650,20	1445,87
650,40	1396,71
650,59	1409,00
650,79	1492,97
650,99	1411,05
651,19	1435,63
651,39	1368,04
651,58	1542,12
651,78	1503,21
651,98	1392,62
652,18	1458,15
652,38	1456,11
652,58	1388,52
652,77	1439,72
652,97	1492,97
653,17	1517,54
653,37	1464,30
653,57	1413,10
653,77	1447,91
653,96	1505,26
654,16	1431,53
654,36	1478,63
654,56	1468,39
654,76	1429,48
654,95	1445,87
655,15	1374,19
655,35	1384,43
655,55	1368,04
655,75	1394,67
655,94	1503,21
656,14	1437,67
656,34	1435,63
656,54	1329,13
656,73	1384,43
656,93	1480,68
657,13	1427,43
657,33	1437,67
657,53	1474,54
657,72	1433,58
657,92	1415,15
658,12	1347,56
658,32	1482,73
658,52	1390,57
658,71	1413,10
658,91	1423,34
659,11	1568,74
659,31	1445,87
659,50	1429,48
659,70	1519,59
659,90	1484,78
660,10	1421,29
660,29	1447,91
660,49	1355,76
660,69	1492,97
660,89	1443,82
661,08	1509,35
661,28	1507,30
661,48	1382,38
661,68	1478,63
661,87	1382,38
662,07	1402,86
662,27	1443,82
662,47	1370,09
662,66	1413,10
662,86	1454,06
663,06	1515,50
663,26	1400,81
663,45	1452,01
663,65	1417,19
663,85	1433,58
664,05	1404,91
664,24	1488,87
664,44	1431,53
664,64	1460,20
664,84	1427,43
665,03	1482,73
665,23	1486,83
665,43	1460,20
665,62	1386,47
665,82	1476,59
666,02	1398,76
666,22	1472,49
666,41	1380,33
666,61	1515,50
666,81	1460,20
667,00	1411,05
667,20	1443,82
667,40	1492,97
667,60	1402,86
667,79	1439,72
667,99	1349,61
668,19	1396,71
668,38	1413,10
668,58	1441,77
668,78	1456,11
668,97	1538,02
669,17	1372,14
669,37	1404,91
669,57	1486,83
669,76	1525,74
669,96	1492,97
670,16	1472,49
670,35	1505,26
670,55	1495,02
670,75	1392,62
670,94	1492,97
671,14	1476,59
671,34	1550,31
671,53	1456,11
671,73	1423,34
671,93	1421,29
672,12	1388,52
672,32	1486,83
672,52	1386,47
672,71	1409,00
672,91	1476,59
673,11	1443,82
673,30	1474,54
673,50	1447,91
673,70	1464,30
673,89	1429,48
674,09	1464,30
674,29	1460,20
674,48	1501,16
674,68	1468,39
674,88	1454,06
675,07	1439,72
675,27	1472,49
675,46	1447,91
675,66	1482,73
675,86	1470,44
676,05	1482,73
676,25	1431,53
676,45	1470,44
676,64	1441,77
676,84	1462,25
677,04	1390,57
677,23	1507,30
677,43	1380,33
677,62	1552,36
677,82	1458,15
678,02	1355,76
678,21	1472,49
678,41	1452,01
678,61	1384,43
678,80	1374,19
679,00	1404,91
679,19	1484,78
679,39	1499,11
679,59	1449,96
679,78	1492,97
679,98	1400,81
680,17	1458,15
680,37	1423,34
680,57	1423,34
680,76	1392,62
680,96	1417,19
681,16	1435,63
681,35	1380,33
681,55	1355,76
681,74	1454,06
681,94	1519,59
682,13	1433,58
682,33	1382,38
682,53	1400,81
682,72	1476,59
682,92	1376,24
683,11	1447,91
683,31	1476,59
683,51	1415,15
683,70	1421,29
683,90	1417,19
684,09	1452,01
684,29	1523,69
684,48	1388,52
684,68	1406,95
684,88	1497,07
685,07	1437,67
685,27	1343,47
685,46	1501,16
685,66	1443,82
685,85	1460,20
686,05	1554,41
686,25	1478,63
686,44	1482,73
686,64	1421,29
686,83	1413,10
687,03	1527,78
687,22	1368,04
687,42	1460,20
687,61	1544,17
687,81	1355,76
688,01	1470,44
688,20	1441,77
688,40	1406,95
688,59	1398,76
688,79	1499,11
688,98	1519,59
689,18	1431,53
689,37	1527,78
689,57	1490,92
689,76	1413,10
689,96	1411,05
690,15	1460,20
690,35	1415,15
690,54	1386,47
690,74	1468,39
690,94	1345,52
691,13	1470,44
691,33	1476,59
691,52	1370,09
691,72	1486,83
691,91	1441,77
692,11	1406,95
692,30	1300,46
692,50	1427,43
692,69	1402,86
692,89	1425,39
693,08	1390,57
693,28	1533,93
693,47	1413,10
693,67	1546,22
693,86	1466,35
694,06	1445,87
694,25	1378,28
694,45	1421,29
694,64	1427,43
694,84	1435,63
695,03	1505,26
695,23	1357,80
695,42	1423,34
695,62	1445,87
695,81	1505,26
696,01	1441,77
696,20	1411,05
696,40	1462,25
696,59	1390,57
696,78	1396,71
696,98	1472,49
697,17	1466,35
697,37	1413,10
697,56	1507,30
697,76	1578,98
697,95	1462,25
698,15	1433,58
698,34	1497,07
698,54	1384,43
698,73	1521,64
698,93	1380,33
699,12	1443,82
699,32	1452,01
699,51	1454,06
699,70	1492,97
699,90	1519,59
700,09	1497,07
700,29	1447,91
700,48	1425,39
700,68	1366,00
700,87	1419,24
701,07	1499,11
701,26	1421,29
701,45	1484,78
701,65	1447,91
701,84	1542,12
702,04	1384,43
702,23	1372,14
702,43	1384,43
702,62	1454,06
702,81	1361,90
703,01	1394,67
703,20	1521,64
703,40	1396,71
703,59	1402,86
703,79	1452,01
703,98	1370,09
704,17	1437,67
704,37	1433,58
704,56	1404,91
704,76	1433,58
704,95	1380,33
705,14	1384,43
705,34	1456,11
705,53	1366,00
705,73	1394,67
705,92	1400,81
706,11	1476,59
706,31	1318,89
706,50	1376,24
706,70	1368,04
706,89	1452,01
707,08	1388,52
707,28	1398,76
707,47	1384,43
707,67	1458,15
707,86	1482,73
708,05	1382,38
708,25	1361,90
708,44	1406,95
708,64	1402,86
708,83	1466,35
709,02	1398,76
709,22	1468,39
709,41	1396,71
709,60	1501,16
709,80	1423,34
709,99	1429,48
710,19	1388,52
710,38	1431,53
710,57	1431,53
710,77	1423,34
710,96	1388,52
711,15	1441,77
711,35	1325,04
711,54	1398,76
711,73	1460,20
711,93	1441,77
712,12	1402,86
712,31	1333,23
712,51	1359,85
712,70	1347,56
712,89	1400,81
713,09	1384,43
713,28	1329,13
713,48	1425,39
713,67	1411,05
713,86	1472,49
714,06	1413,10
714,25	1359,85
714,44	1431,53
714,64	1372,14
714,83	1333,23
715,02	1400,81
715,22	1449,96
715,41	1447,91
715,60	1419,24
715,79	1406,95
715,99	1456,11
716,18	1503,21
716,37	1452,01
716,57	1349,61
716,76	1468,39
716,95	1404,91
717,15	1380,33
717,34	1341,42
717,53	1335,28
717,73	1402,86
717,92	1363,95
718,11	1482,73
718,31	1366,00
718,50	1495,02
718,69	1390,57
718,88	1535,98
719,08	1476,59
719,27	1341,42
719,46	1470,44
719,66	1396,71
719,85	1331,18
720,04	1466,35
720,23	1374,19
720,43	1400,81
720,62	1406,95
720,81	1335,28
721,01	1390,57
721,20	1470,44
721,39	1351,66
721,58	1363,95
721,78	1464,30
721,97	1398,76
722,16	1372,14
722,35	1333,23
722,55	1349,61
722,74	1392,62
722,93	1378,28
723,13	1415,15
723,32	1423,34
723,51	1337,32
723,70	1341,42
723,90	1427,43
724,09	1402,86
724,28	1386,47
724,47	1353,71
724,67	1398,76
724,86	1386,47
725,05	1406,95
725,24	1406,95
725,44	1427,43
725,63	1370,09
725,82	1366,00
726,01	1378,28
726,21	1464,30
726,40	1384,43
726,59	1443,82
726,78	1316,84
726,97	1355,76
727,17	1376,24
727,36	1423,34
727,55	1523,69
727,74	1277,93
727,94	1427,43
728,13	1439,72
728,32	1454,06
728,51	1386,47
728,70	1376,24
728,90	1411,05
729,09	1357,80
729,28	1404,91
729,47	1413,10
729,66	1398,76
729,86	1411,05
730,05	1404,91
730,24	1429,48
730,43	1400,81
730,63	1394,67
730,82	1439,72
731,01	1431,53
731,20	1374,19
731,39	1374,19
731,58	1370,09
731,78	1320,94
731,97	1386,47
732,16	1318,89
732,35	1476,59
732,54	1427,43
732,74	1529,83
732,93	1380,33
733,12	1406,95
733,31	1386,47
733,50	1331,18
733,69	1351,66
733,89	1425,39
734,08	1517,54
734,27	1396,71
734,46	1449,96
734,65	1343,47
734,84	1359,85
735,04	1390,57
735,23	1396,71
735,42	1433,58
735,61	1343,47
735,80	1529,83
735,99	1335,28
736,19	1347,56
736,38	1449,96
736,57	1382,38
736,76	1322,99
736,95	1490,92
737,14	1325,04
737,33	1351,66
737,53	1435,63
737,72	1400,81
737,91	1327,08
738,10	1480,68
738,29	1396,71
738,48	1425,39
738,67	1452,01
738,87	1378,28
739,06	1390,57
739,25	1419,24
739,44	1427,43
739,63	1382,38
739,82	1415,15
740,01	1351,66
740,20	1359,85
740,40	1388,52
740,59	1337,32
740,78	1431,53
740,97	1476,59
741,16	1394,67
741,35	1404,91
741,54	1445,87
741,73	1355,76
741,92	1380,33
742,12	1419,24
742,31	1406,95
742,50	1421,29
742,69	1413,10
742,88	1415,15
743,07	1366,00
743,26	1425,39
743,45	1411,05
743,64	1429,48
743,83	1378,28
744,02	1382,38
744,22	1370,09
744,41	1400,81
744,60	1423,34
744,79	1456,11
744,98	1447,91
745,17	1415,15
745,36	1427,43
745,55	1421,29
745,74	1312,75
745,93	1415,15
746,12	1413,10
746,31	1402,86
746,50	1400,81
746,70	1331,18
746,89	1480,68
747,08	1380,33
747,27	1370,09
747,46	1376,24
747,65	1390,57
747,84	1433,58
748,03	1456,11
748,22	1464,30
748,41	1429,48
748,60	1361,90
748,79	1439,72
748,98	1447,91
749,17	1386,47
749,36	1492,97
749,55	1320,94
749,74	1435,63
749,93	1488,87
750,12	1376,24
750,31	1400,81
750,50	1474,54
750,70	1425,39
750,89	1458,15
751,08	1568,74
751,27	1441,77
751,46	1437,67
751,65	1462,25
751,84	1339,37
752,03	1325,04
752,22	1497,07
752,41	1380,33
752,60	1409,00
752,79	1427,43
752,98	1400,81
753,17	1404,91
753,36	1378,28
753,55	1429,48
753,74	1417,19
753,93	1462,25
754,12	1454,06
754,31	1513,45
754,50	1376,24
754,69	1427,43
754,88	1437,67
755,07	1441,77
755,26	1443,82
755,45	1361,90
755,64	1439,72
755,83	1386,47
756,02	1427,43
756,21	1411,05
756,40	1462,25
756,59	1343,47
756,78	1480,68
756,97	1396,71
757,16	1411,05
757,35	1492,97
757,54	1386,47
757,72	1456,11
757,91	1292,27
758,10	1380,33
758,29	1398,76
758,48	1441,77
758,67	1347,56
758,86	1427,43
759,05	1497,07
759,24	1425,39
759,43	1458,15
759,62	1361,90
759,81	1445,87
760,00	1445,87
760,19	1425,39
760,38	1499,11
760,57	1347,56
760,76	1427,43
760,95	1480,68
761,14	1386,47
761,33	1406,95
761,52	1378,28
761,70	1460,20
761,89	1441,77
762,08	1474,54
762,27	1388,52
762,46	1429,48
762,65	1435,63
762,84	1458,15
763,03	1460,20
763,22	1441,77
763,41	1351,66
763,60	1480,68
763,79	1390,57
763,98	1538,02
764,16	1470,44
764,35	1488,87
764,54	1472,49
764,73	1492,97
764,92	1406,95
765,11	1458,15
765,30	1470,44
765,49	1376,24
765,68	1427,43
765,87	1429,48
766,06	1443,82
766,24	1429,48
766,43	1345,52
766,62	1535,98
766,81	1380,33
767,00	1546,22
767,19	1413,10
767,38	1505,26
767,57	1443,82
767,76	1439,72
767,94	1474,54
768,13	1445,87
768,32	1425,39
768,51	1482,73
768,70	1437,67
768,89	1480,68
769,08	1513,45
769,27	1495,02
769,45	1370,09
769,64	1542,12
769,83	1431,53
770,02	1411,05
770,21	1454,06
770,40	1529,83
770,59	1449,96
770,77	1431,53
770,96	1456,11
771,15	1513,45
771,34	1427,43
771,53	1552,36
771,72	1454,06
771,91	1386,47
772,09	1458,15
772,28	1415,15
772,47	1337,32
772,66	1472,49
772,85	1482,73
773,04	1517,54
773,22	1464,30
773,41	1433,58
773,60	1421,29
773,79	1462,25
773,98	1472,49
774,17	1497,07
774,35	1413,10
774,54	1460,20
774,73	1515,50
774,92	1431,53
775,11	1452,01
775,30	1478,63
775,48	1480,68
775,67	1488,87
775,86	1433,58
776,05	1476,59
776,24	1443,82
776,42	1468,39
776,61	1497,07
776,80	1431,53
776,99	1474,54
777,18	1470,44
777,36	1488,87
777,55	1429,48
777,74	1468,39
777,93	1503,21
778,12	1400,81
778,30	1542,12
778,49	1359,85
778,68	1525,74
778,87	1480,68
779,06	1449,96
779,24	1437,67
779,43	1409,00
779,62	1419,24
779,81	1425,39
779,99	1413,10
780,18	1531,88
780,37	1474,54
780,56	1535,98
780,75	1521,64
780,93	1437,67
781,12	1468,39
781,31	1443,82
781,50	1488,87
781,68	1417,19
781,87	1429,48
782,06	1478,63
782,25	1474,54
782,43	1490,92
782,62	1482,73
782,81	1523,69
783,00	1480,68
783,18	1472,49
783,37	1476,59
783,56	1501,16
783,75	1472,49
783,93	1503,21
784,12	1400,81
784,31	1531,88
784,50	1425,39
784,68	1423,34
784,87	1392,62
785,06	1581,03
785,24	1460,20
785,43	1488,87
785,62	1527,78
785,81	1474,54
785,99	1419,24
786,18	1421,29
786,37	1435,63
786,56	1406,95
786,74	1427,43
786,93	1417,19
787,12	1501,16
787,30	1394,67
787,49	1386,47
787,68	1413,10
787,87	1458,15
788,05	1421,29
788,24	1374,19
788,43	1484,78
788,61	1415,15
788,80	1406,95
788,99	1376,24
789,17	1454,06
789,36	1413,10
789,55	1472,49
789,73	1443,82
789,92	1366,00
790,11	1413,10
790,30	1462,25
790,48	1406,95
790,67	1427,43
790,86	1548,26
791,04	1447,91
791,23	1533,93
791,42	1372,14
791,60	1368,04
791,79	1433,58
791,98	1449,96
792,16	1443,82
792,35	1409,00
792,54	1400,81
792,72	1464,30
792,91	1468,39
793,10	1409,00
793,28	1376,24
793,47	1378,28
793,66	1384,43
793,84	1509,35
794,03	1366,00
794,22	1445,87
794,40	1425,39
794,59	1431,53
794,77	1370,09
794,96	1368,04
795,15	1435,63
795,33	1378,28
795,52	1452,01
795,71	1384,43
795,89	1366,00
796,08	1366,00
796,27	1431,53
796,45	1419,24
796,64	1439,72
796,82	1347,56
797,01	1439,72
797,20	1488,87
797,38	1425,39
797,57	1363,95
797,76	1404,91
797,94	1460,20
798,13	1460,20
798,31	1374,19
798,50	1409,00
798,69	1370,09
798,87	1439,72
799,06	1417,19
799,24	1413,10
799,43	1472,49
799,62	1341,42
799,80	1443,82
799,99	1552,36
800,17	1355,76
800,36	1505,26
800,55	1398,76
800,73	1361,90
800,92	1439,72
801,10	1400,81
801,29	1409,00
801,48	1404,91
801,66	1337,32
801,85	1396,71
802,03	1464,30
802,22	1478,63
802,40	1456,11
802,59	1353,71
802,78	1378,28
802,96	1421,29
803,15	1521,64
803,33	1406,95
803,52	1363,95
803,70	1370,09
803,89	1353,71
804,08	1380,33
804,26	1452,01
804,45	1398,76
804,63	1439,72
804,82	1480,68
805,00	1398,76
805,19	1368,04
805,37	1427,43
805,56	1458,15
805,74	1406,95
805,93	1423,34
806,12	1431,53
806,30	1413,10
806,49	1419,24
806,67	1433,58
806,86	1329,13
807,04	1445,87
807,23	1394,67
807,41	1382,38
807,60	1464,30
807,78	1341,42
807,97	1722,34
808,15	1361,90
808,34	1425,39
808,52	1421,29
808,71	1363,95
808,89	1439,72
809,08	1464,30
809,27	1345,52
809,45	1419,24
809,64	1488,87
809,82	1316,84
810,01	1386,47
810,19	1511,40
810,38	1374,19
810,56	1433,58
810,75	1351,66
810,93	1394,67
811,12	1386,47
811,30	1427,43
811,49	1406,95
811,67	1437,67
811,85	1525,74
812,04	1359,85
812,22	1378,28
812,41	1392,62
812,59	1478,63
812,78	1363,95
812,96	1429,48
813,15	1406,95
813,33	1398,76
813,52	1435,63
813,70	1439,72
813,89	1441,77
814,07	1419,24
814,26	1415,15
814,44	1312,75
814,63	1525,74
814,81	1429,48
815,00	1339,37
815,18	1439,72
815,36	1419,24
815,55	1409,00
815,73	1415,15
815,92	1427,43
816,10	1482,73
816,29	1423,34
816,47	1425,39
816,66	1402,86
816,84	1482,73
817,02	1462,25
817,21	1417,19
817,39	1368,04
817,58	1470,44
817,76	1441,77
817,95	1488,87
818,13	1363,95
818,32	1351,66
818,50	1419,24
818,68	1423,34
818,87	1464,30
819,05	1351,66
819,24	1415,15
819,42	1437,67
819,60	1366,00
819,79	1449,96
819,97	1398,76
820,16	1447,91
820,34	1480,68
820,53	1425,39
820,71	1298,41
820,89	1488,87
821,08	1409,00
821,26	1490,92
821,45	1417,19
821,63	1349,61
821,81	1460,20
822,00	1361,90
822,18	1474,54
822,37	1443,82
822,55	1464,30
822,73	1376,24
822,92	1409,00
823,10	1468,39
823,28	1388,52
823,47	1458,15
823,65	1353,71
823,84	1382,38
824,02	1404,91
824,20	1382,38
824,39	1398,76
824,57	1398,76
824,75	1472,49
824,94	1468,39
825,12	1476,59
825,31	1376,24
825,49	1394,67
825,67	1456,11
825,86	1456,11
826,04	1435,63
826,22	1480,68
826,41	1468,39
826,59	1447,91
826,77	1447,91
826,96	1464,30
827,14	1337,32
827,32	1386,47
827,51	1460,20
827,69	1456,11
827,87	1427,43
828,06	1464,30
828,24	1429,48
828,42	1394,67
828,61	1492,97
828,79	1466,35
828,97	1466,35
829,16	1441,77
829,34	1384,43
829,52	1351,66
829,71	1509,35
829,89	1482,73
830,07	1411,05
830,26	1425,39
830,44	1419,24
830,62	1513,45
830,81	1402,86
830,99	1431,53
831,17	1482,73
831,36	1433,58
831,54	1503,21
831,72	1468,39
831,91	1437,67
832,09	1390,57
832,27	1419,24
832,45	1511,40
832,64	1480,68
832,82	1488,87
833,00	1421,29
833,19	1490,92
833,37	1490,92
833,55	1413,10
833,73	1411,05
833,92	1570,79
834,10	1322,99
834,28	1417,19
834,47	1499,11
834,65	1427,43
834,83	1423,34
835,01	1402,86
835,20	1443,82
835,38	1423,34
835,56	1390,57
835,74	1470,44
835,93	1447,91
836,11	1527,78
836,29	1390,57
836,47	1452,01
836,66	1370,09
836,84	1499,11
837,02	1431,53
837,21	1503,21
837,39	1390,57
837,57	1497,07
837,75	1546,22
837,94	1404,91
838,12	1437,67
838,30	1497,07
838,48	1454,06
838,66	1417,19
838,85	1503,21
839,03	1484,78
839,21	1472,49
839,39	1480,68
839,58	1380,33
839,76	1413,10
839,94	1456,11
840,12	1517,54
840,31	1519,59
840,49	1396,71
840,67	1445,87
840,85	1341,42
841,03	1392,62
841,22	1429,48
841,40	1454,06
841,58	1527,78
841,76	1429,48
841,94	1351,66
842,13	1443,82
842,31	1474,54
842,49	1538,02
842,67	1404,91
842,85	1458,15
843,04	1503,21
843,22	1423,34
843,40	1355,76
843,58	1515,50
843,76	1433,58
843,95	1452,01
844,13	1398,76
844,31	1482,73
844,49	1437,67
844,67	1320,94
844,86	1404,91
845,04	1427,43
845,22	1439,72
845,40	1472,49
845,58	1456,11
845,76	1441,77
845,95	1515,50
846,13	1482,73
846,31	1462,25
846,49	1423,34
846,67	1478,63
846,85	1482,73
847,04	1501,16
847,22	1400,81
847,40	1454,06
847,58	1415,15
847,76	1409,00
847,94	1421,29
848,12	1484,78
848,31	1464,30
848,49	1513,45
848,67	1443,82
848,85	1439,72
849,03	1507,30
849,21	1492,97
849,39	1439,72
849,58	1470,44
849,76	1423,34
849,94	1488,87
850,12	1402,86
850,30	1595,37
850,48	1542,12
850,66	1517,54
850,84	1476,59
851,03	1466,35
851,21	1439,72
851,39	1411,05
851,57	1488,87
851,75	1300,46
851,93	1466,35
852,11	1540,07
852,29	1421,29
852,47	1439,72
852,66	1513,45
852,84	1386,47
853,02	1380,33
853,20	1535,98
853,38	1484,78
853,56	1445,87
853,74	1439,72
853,92	1454,06
854,10	1456,11
854,28	1509,35
854,46	1490,92
854,65	1372,14
854,83	1433,58
855,01	1466,35
855,19	1499,11
855,37	1437,67
855,55	1460,20
855,73	1517,54
855,91	1484,78
856,09	1452,01
856,27	1458,15
856,45	1507,30
856,63	1433,58
856,81	1452,01
857,00	1499,11
857,18	1495,02
857,36	1392,62
857,54	1445,87
857,72	1476,59
857,90	1495,02
858,08	1464,30
858,26	1529,83
858,44	1484,78
858,62	1433,58
858,80	1409,00
858,98	1513,45
859,16	1435,63
859,34	1445,87
859,52	1460,20
859,70	1570,79
859,88	1460,20
860,06	1404,91
860,24	1439,72
860,42	1384,43
860,60	1542,12
860,78	1402,86
860,96	1378,28
861,14	1472,49
861,32	1492,97
861,50	1452,01
861,69	1503,21
861,87	1490,92
862,05	1515,50
862,23	1443,82
862,41	1495,02
862,59	1476,59
862,77	1482,73
862,95	1425,39
863,13	1474,54
863,31	1452,01
863,49	1419,24
863,67	1396,71
863,85	1390,57
864,03	1476,59
864,21	1429,48
864,39	1478,63
864,57	1486,83
864,75	1527,78
864,92	1570,79
865,10	1470,44
865,28	1400,81
865,46	1400,81
865,64	1402,86
865,82	1427,43
866,00	1435,63
866,18	1546,22
866,36	1437,67
866,54	1505,26
866,72	1495,02
866,90	1507,30
867,08	1574,89
867,26	1449,96
867,44	1378,28
867,62	1546,22
867,80	1511,40
867,98	1468,39
868,16	1441,77
868,34	1509,35
868,52	1423,34
868,70	1484,78
868,88	1380,33
869,06	1472,49
869,24	1476,59
869,42	1376,24
869,59	1476,59
869,77	1392,62
869,95	1431,53
870,13	1486,83
870,31	1409,00
870,49	1476,59
870,67	1452,01
870,85	1423,34
871,03	1359,85
871,21	1464,30
871,39	1497,07
871,57	1449,96
871,75	1435,63
871,92	1409,00
872,10	1474,54
872,28	1464,30
872,46	1468,39
872,64	1495,02
872,82	1468,39
873,00	1525,74
873,18	1443,82
873,36	1435,63
873,54	1452,01
873,72	1462,25
873,89	1515,50
874,07	1400,81
874,25	1509,35
874,43	1517,54
874,61	1431,53
874,79	1449,96
874,97	1472,49
875,15	1433,58
875,33	1437,67
875,50	1470,44
875,68	1370,09
875,86	1480,68
876,04	1460,20
876,22	1363,95
876,40	1390,57
876,58	1452,01
876,76	1460,20
876,93	1497,07
877,11	1370,09
877,29	1507,30
877,47	1415,15
877,65	1439,72
877,83	1492,97
878,01	1515,50
878,18	1466,35
878,36	1441,77
878,54	1478,63
878,72	1366,00
878,90	1460,20
879,08	1499,11
879,25	1439,72
879,43	1492,97
879,61	1388,52
879,79	1437,67
879,97	1449,96
880,15	1470,44
880,32	1443,82
880,50	1499,11
880,68	1406,95
880,86	1495,02
881,04	1519,59
881,22	1411,05
881,39	1546,22
881,57	1554,41
881,75	1517,54
881,93	1470,44
882,11	1404,91
882,28	1468,39
882,46	1488,87
882,64	1540,07
882,82	1486,83
883,00	1488,87
883,18	1515,50
883,35	1439,72
883,53	1415,15
883,71	1454,06
883,89	1443,82
884,07	1404,91
884,24	1439,72
884,42	1474,54
884,60	1427,43
884,78	1492,97
884,95	1400,81
885,13	1404,91
885,31	1421,29
885,49	1464,30
885,67	1433,58
885,84	1476,59
886,02	1464,30
886,20	1513,45
886,38	1445,87
886,55	1492,97
886,73	1486,83
886,91	1466,35
887,09	1388,52
887,26	1456,11
887,44	1460,20
887,62	1466,35
887,80	1443,82
887,98	1480,68
888,15	1429,48
888,33	1474,54
888,51	1452,01
888,69	1546,22
888,86	1443,82
889,04	1488,87
889,22	1404,91
889,39	1509,35
889,57	1478,63
889,75	1415,15
889,93	1419,24
890,10	1488,87
890,28	1445,87
890,46	1515,50
890,64	1470,44
890,81	1441,77
890,99	1452,01
891,17	1437,67
891,34	1509,35
891,52	1486,83
891,70	1421,29
891,88	1443,82
892,05	1427,43
892,23	1460,20
892,41	1386,47
892,58	1480,68
892,76	1490,92
892,94	1484,78
893,12	1476,59
893,29	1402,86
893,47	1462,25
893,65	1368,04
893,82	1458,15
894,00	1390,57
894,18	1413,10
894,35	1406,95
894,53	1445,87
894,71	1515,50
894,89	1431,53
895,06	1423,34
895,24	1501,16
895,42	1464,30
895,59	1380,33
895,77	1400,81
895,95	1439,72
896,12	1503,21
896,30	1376,24
896,48	1468,39
896,65	1492,97
896,83	1417,19
897,01	1466,35
897,18	1452,01
897,36	1568,74
897,54	1472,49
897,71	1431,53
897,89	1476,59
898,07	1423,34
898,24	1488,87
898,42	1409,00
898,59	1566,70
898,77	1501,16
898,95	1388,52
899,12	1386,47
899,30	1425,39
899,48	1468,39
899,65	1441,77
899,83	1419,24
900,01	1374,19
900,18	1445,87
900,36	1368,04
900,53	1378,28
900,71	1423,34
900,89	1501,16
901,06	1513,45
901,24	1406,95
901,42	1462,25
901,59	1378,28
901,77	1521,64
901,94	1425,39
902,12	1421,29
902,30	1404,91
902,47	1386,47
902,65	1380,33
902,82	1406,95
903,00	1492,97
903,18	1462,25
903,35	1374,19
903,53	1357,80
903,70	1398,76
903,88	1458,15
904,06	1421,29
904,23	1497,07
904,41	1402,86
904,58	1509,35
904,76	1470,44
904,93	1415,15
905,11	1398,76
905,29	1366,00
905,46	1425,39
905,64	1470,44
905,81	1392,62
905,99	1456,11
906,16	1519,59
906,34	1423,34
906,52	1515,50
906,69	1462,25
906,87	1454,06
907,04	1392,62
907,22	1382,38
907,39	1415,15
907,57	1382,38
907,75	1568,74
907,92	1445,87
908,10	1546,22
908,27	1417,19
908,45	1452,01
908,62	1339,37
908,80	1443,82
908,97	1513,45
909,15	1542,12
909,32	1413,10
909,50	1447,91
909,67	1411,05
909,85	1478,63
910,03	1409,00
910,20	1439,72
910,38	1277,93
910,55	1458,15
910,73	1488,87
910,90	1447,91
911,08	1468,39
911,25	1456,11
911,43	1525,74
911,60	1449,96
911,78	1472,49
911,95	1413,10
912,13	1449,96
912,30	1423,34
912,48	1462,25
912,65	1417,19
912,83	1462,25
913,00	1413,10
913,18	1513,45
913,35	1495,02
913,53	1370,09
913,70	1523,69
913,88	1486,83
914,05	1490,92
914,23	1415,15
914,40	1499,11
914,58	1460,20
914,75	1458,15
914,93	1398,76
915,10	1353,71
915,27	1460,20
915,45	1535,98
915,62	1370,09
915,80	1456,11
915,97	1423,34
916,15	1464,30
916,32	1574,89
916,50	1486,83
916,67	1447,91
916,85	1456,11
917,02	1411,05
917,20	1486,83
917,37	1476,59
917,54	1507,30
917,72	1462,25
917,89	1423,34
918,07	1458,15
918,24	1546,22
918,42	1458,15
918,59	1466,35
918,77	1480,68
918,94	1447,91
919,11	1460,20
919,29	1533,93
919,46	1478,63
919,64	1425,39
919,81	1435,63
919,99	1462,25
920,16	1462,25
920,33	1460,20
920,51	1411,05
920,68	1529,83
920,86	1452,01
921,03	1456,11
921,20	1413,10
921,38	1382,38
921,55	1456,11
921,73	1447,91
921,90	1368,04
922,07	1456,11
922,25	1433,58
922,42	1452,01
922,60	1382,38
922,77	1413,10
922,94	1509,35
923,12	1411,05
923,29	1497,07
923,47	1472,49
923,64	1417,19
923,81	1415,15
923,99	1396,71
924,16	1431,53
924,34	1456,11
924,51	1572,84
924,68	1499,11
924,86	1406,95
925,03	1421,29
925,20	1495,02
925,38	1456,11
925,55	1464,30
925,72	1456,11
925,90	1398,76
926,07	1456,11
926,25	1480,68
926,42	1470,44
926,59	1456,11
926,77	1411,05
926,94	1478,63
927,11	1402,86
927,29	1462,25
927,46	1535,98
927,63	1492,97
927,81	1480,68
927,98	1415,15
928,15	1538,02
928,33	1490,92
928,50	1513,45
928,67	1437,67
928,85	1484,78
929,02	1441,77
929,19	1335,28
929,37	1472,49
929,54	1441,77
929,71	1542,12
929,89	1458,15
930,06	1384,43
930,23	1492,97
930,41	1452,01
930,58	1388,52
930,75	1505,26
930,92	1550,31
931,10	1443,82
931,27	1421,29
931,44	1452,01
931,62	1445,87
931,79	1441,77
931,96	1476,59
932,14	1460,20
932,31	1460,20
932,48	1460,20
932,65	1423,34
932,83	1538,02
933,00	1482,73
933,17	1445,87
933,35	1443,82
933,52	1505,26
933,69	1499,11
933,86	1447,91
934,04	1433,58
934,21	1456,11
934,38	1454,06
934,55	1544,17
934,73	1449,96
934,90	1482,73
935,07	1419,24
935,25	1480,68
935,42	1415,15
935,59	1458,15
935,76	1415,15
935,94	1441,77
936,11	1484,78
936,28	1378,28
936,45	1404,91
936,63	1460,20
936,80	1396,71
936,97	1431,53
937,14	1468,39
937,31	1495,02
937,49	1507,30
937,66	1531,88
937,83	1521,64
938,00	1394,67
938,18	1513,45
938,35	1490,92
938,52	1603,56
938,69	1505,26
938,87	1497,07
939,04	1513,45
939,21	1394,67
939,38	1478,63
939,55	1490,92
939,73	1478,63
939,90	1535,98
940,07	1398,76
940,24	1486,83
940,41	1419,24
940,59	1394,67
940,76	1521,64
940,93	1411,05
941,10	1492,97
941,27	1402,86
941,45	1513,45
941,62	1384,43
941,79	1464,30
941,96	1527,78
942,13	1443,82
942,31	1458,15
942,48	1576,94
942,65	1585,13
942,82	1460,20
942,99	1509,35
943,16	1486,83
943,34	1497,07
943,51	1525,74
943,68	1488,87
943,85	1431,53
944,02	1515,50
944,19	1433,58
944,37	1466,35
944,54	1509,35
944,71	1480,68
944,88	1519,59
945,05	1476,59
945,22	1542,12
945,40	1435,63
945,57	1478,63
945,74	1435,63
945,91	1439,72
946,08	1509,35
946,25	1529,83
946,42	1454,06
946,60	1449,96
946,77	1546,22
946,94	1425,39
947,11	1501,16
947,28	1398,76
947,45	1388,52
947,62	1468,39
947,79	1411,05
947,97	1550,31
948,14	1488,87
948,31	1474,54
948,48	1507,30
948,65	1361,90
948,82	1419,24
948,99	1488,87
949,16	1476,59
949,33	1411,05
949,51	1443,82
949,68	1443,82
949,85	1443,82
950,02	1425,39
950,19	1470,44
950,36	1439,72
950,53	1392,62
950,70	1472,49
950,87	1445,87
951,04	1488,87
951,22	1472,49
951,39	1525,74
951,56	1478,63
951,73	1476,59
951,90	1419,24
952,07	1460,20
952,24	1392,62
952,41	1435,63
952,58	1449,96
952,75	1447,91
952,92	1509,35
953,09	1374,19
953,26	1413,10
953,43	1521,64
953,61	1535,98
953,78	1462,25
953,95	1443,82
954,12	1437,67
954,29	1499,11
954,46	1421,29
954,63	1554,41
954,80	1478,63
954,97	1468,39
955,14	1480,68
955,31	1394,67
955,48	1413,10
955,65	1435,63
955,82	1429,48
955,99	1429,48
956,16	1421,29
956,33	1527,78
956,50	1447,91
956,67	1421,29
956,84	1462,25
957,01	1409,00
957,18	1394,67
957,35	1382,38
957,52	1497,07
957,69	1478,63
957,86	1421,29
958,03	1374,19
958,20	1490,92
958,37	1378,28
958,54	1404,91
958,71	1372,14
958,88	1458,15
959,05	1406,95
959,22	1449,96
959,39	1458,15
959,56	1497,07
959,73	1445,87
959,90	1462,25
960,07	1406,95
960,24	1398,76
960,41	1361,90
960,58	1513,45
960,75	1460,20
960,92	1517,54
961,09	1449,96
961,26	1464,30
961,43	1482,73
961,60	1400,81
961,77	1417,19
961,94	1447,91
962,11	1359,85
962,28	1431,53
962,45	1480,68
962,62	1392,62
962,79	1478,63
962,96	1488,87
963,13	1449,96
963,30	1456,11
963,47	1509,35
963,64	1406,95
963,81	1531,88
963,98	1409,00
964,14	1447,91
964,31	1464,30
964,48	1441,77
964,65	1462,25
964,82	1443,82
964,99	1542,12
965,16	1402,86
965,33	1386,47
965,50	1472,49
965,67	1468,39
965,84	1372,14
966,01	1427,43
966,18	1302,51
966,35	1431,53
966,51	1376,24
966,68	1484,78
966,85	1460,20
967,02	1411,05
967,19	1374,19
967,36	1435,63
967,53	1415,15
967,70	1525,74
967,87	1374,19
968,04	1454,06
968,21	1400,81
968,37	1497,07
968,54	1384,43
968,71	1468,39
968,88	1398,76
969,05	1382,38
969,22	1505,26
969,39	1466,35
969,56	1415,15
969,72	1468,39
969,89	1431,53
970,06	1495,02
970,23	1406,95
970,40	1497,07
970,57	1368,04
970,74	1427,43
970,91	1427,43
971,07	1452,01
971,24	1386,47
971,41	1495,02
971,58	1421,29
971,75	1437,67
971,92	1413,10
972,09	1431,53
972,25	1445,87
972,42	1417,19
972,59	1343,47
972,76	1411,05
972,93	1370,09
973,10	1499,11
973,27	1431,53
973,43	1335,28
973,60	1400,81
973,77	1452,01
973,94	1368,04
974,11	1480,68
974,28	1472,49
974,44	1454,06
974,61	1413,10
974,78	1423,34
974,95	1460,20
975,12	1466,35
975,28	1411,05
975,45	1413,10
975,62	1384,43
975,79	1374,19
975,96	1409,00
976,12	1480,68
976,29	1404,91
976,46	1322,99
976,63	1425,39
976,80	1382,38
976,96	1378,28
977,13	1355,76
977,30	1392,62
977,47	1460,20
977,64	1421,29
977,80	1368,04
977,97	1396,71
978,14	1306,60
978,31	1413,10
978,48	1474,54
978,64	1429,48
978,81	1388,52
978,98	1384,43
979,15	1378,28
979,31	1423,34
979,48	1390,57
979,65	1429,48
979,82	1488,87
979,98	1421,29
980,15	1425,39
980,32	1478,63
980,49	1484,78
980,66	1382,38
980,82	1421,29
980,99	1423,34
981,16	1361,90
981,33	1452,01
981,49	1390,57
981,66	1447,91
981,83	1382,38
981,99	1415,15
982,16	1351,66
982,33	1386,47
982,50	1339,37
982,66	1505,26
982,83	1380,33
983,00	1492,97
983,17	1400,81
983,33	1441,77
983,50	1456,11
983,67	1445,87
983,83	1415,15
984,00	1396,71
984,17	1505,26
984,34	1404,91
984,50	1296,36
984,67	1390,57
984,84	1380,33
985,00	1417,19
985,17	1449,96
985,34	1423,34
985,51	1345,52
985,67	1357,80
985,84	1400,81
986,01	1431,53
986,17	1417,19
986,34	1413,10
986,51	1370,09
986,67	1320,94
986,84	1433,58
987,01	1396,71
987,17	1380,33
987,34	1396,71
987,51	1349,61
987,67	1376,24
987,84	1468,39
988,01	1468,39
988,17	1404,91
988,34	1425,39
988,51	1368,04
988,67	1464,30
988,84	1433,58
989,01	1380,33
989,17	1374,19
989,34	1347,56
989,51	1433,58
989,67	1390,57
989,84	1425,39
990,01	1314,80
990,17	1411,05
990,34	1382,38
990,51	1484,78
990,67	1400,81
990,84	1384,43
991,01	1402,86
991,17	1396,71
991,34	1425,39
991,50	1452,01
991,67	1409,00
991,84	1349,61
992,00	1409,00
992,17	1351,66
992,34	1472,49
992,50	1439,72
992,67	1374,19
992,83	1437,67
993,00	1384,43
993,17	1456,11
993,33	1384,43
993,50	1519,59
993,66	1347,56
993,83	1558,50
994,00	1460,20
994,16	1404,91
994,33	1439,72
994,49	1452,01
994,66	1476,59
994,83	1378,28
994,99	1439,72
995,16	1357,80
995,32	1447,91
995,49	1544,17
995,66	1425,39
995,82	1318,89
995,99	1296,36
996,15	1497,07
996,32	1435,63
996,48	1400,81
996,65	1411,05
996,82	1306,60
996,98	1392,62
997,15	1447,91
997,31	1388,52
997,48	1398,76
997,64	1366,00
997,81	1452,01
997,97	1396,71
998,14	1355,76
998,31	1386,47
998,47	1372,14
998,64	1505,26
998,80	1458,15
998,97	1492,97
999,13	1486,83
999,30	1402,86
999,46	1388,52
999,63	1437,67
999,79	1419,24
999,96	1509,35
1000,12	1339,37
1000,29	1398,76
1000,45	1449,96
1000,62	1415,15
1000,79	1376,24
1000,95	1445,87
1001,12	1386,47
1001,28	1370,09
1001,45	1419,24
1001,61	1413,10
1001,78	1460,20
1001,94	1437,67
1002,11	1443,82
1002,27	1521,64
1002,44	1388,52
1002,60	1409,00
1002,77	1406,95
1002,93	1437,67
1003,10	1396,71
1003,26	1425,39
1003,43	1486,83
1003,59	1425,39
1003,76	1460,20
1003,92	1380,33
1004,09	1435,63
1004,25	1476,59
1004,41	1492,97
1004,58	1398,76
1004,74	1392,62
1004,91	1343,47
1005,07	1390,57
1005,24	1460,20
1005,40	1406,95
1005,57	1310,70
1005,73	1413,10
1005,90	1380,33
1006,06	1419,24
1006,23	1441,77
1006,39	1495,02
1006,55	1460,20
1006,72	1445,87
1006,88	1435,63
1007,05	1423,34
1007,21	1435,63
1007,38	1431,53
1007,54	1353,71
1007,71	1392,62
1007,87	1361,90
1008,03	1441,77
1008,20	1503,21
1008,36	1417,19
1008,53	1441,77
1008,69	1370,09
1008,86	1386,47
1009,02	1312,75
1009,18	1419,24
1009,35	1482,73
1009,51	1376,24
1009,68	1490,92
1009,84	1392,62
1010,01	1392,62
1010,17	1388,52
1010,33	1406,95
1010,50	1406,95
1010,66	1488,87
1010,83	1384,43
1010,99	1439,72
1011,15	1419,24
1011,32	1392,62
1011,48	1443,82
1011,65	1443,82
1011,81	1347,56
1011,97	1388,52
1012,14	1480,68
1012,30	1425,39
1012,46	1472,49
1012,63	1435,63
1012,79	1347,56
1012,96	1372,14
1013,12	1419,24
1013,28	1456,11
1013,45	1380,33
1013,61	1413,10
1013,77	1394,67
1013,94	1337,32
1014,10	1411,05
1014,26	1400,81
1014,43	1345,52
1014,59	1421,29
1014,76	1429,48
1014,92	1484,78
1015,08	1302,51
1015,25	1345,52
1015,41	1480,68
1015,57	1462,25
1015,74	1439,72
1015,90	1376,24
1016,06	1398,76
1016,23	1429,48
1016,39	1370,09
1016,55	1368,04
1016,72	1349,61
1016,88	1400,81
1017,04	1390,57
1017,21	1423,34
1017,37	1353,71
1017,53	1386,47
1017,70	1394,67
1017,86	1347,56
1018,02	1355,76
1018,19	1452,01
1018,35	1409,00
1018,51	1411,05
1018,67	1437,67
1018,84	1361,90
1019,00	1343,47
1019,16	1425,39
1019,33	1355,76
1019,49	1427,43
1019,65	1363,95
1019,82	1452,01
1019,98	1388,52
1020,14	1439,72
1020,30	1462,25
1020,47	1320,94
1020,63	1421,29
1020,79	1392,62
1020,96	1431,53
1021,12	1372,14
1021,28	1429,48
1021,44	1366,00
1021,61	1480,68
1021,77	1413,10
1021,93	1384,43
1022,09	1396,71
1022,26	1490,92
1022,42	1406,95
1022,58	1443,82
1022,74	1452,01
1022,91	1392,62
1023,07	1417,19
1023,23	1363,95
1023,39	1439,72
1023,56	1413,10
1023,72	1513,45
1023,88	1361,90
1024,04	1488,87
1024,21	1386,47
1024,37	1396,71
1024,53	1476,59
1024,69	1325,04
1024,86	1316,84
1025,02	1304,56
1025,18	1312,75
1025,34	1380,33
1025,50	1503,21
1025,67	1394,67
1025,83	1435,63
1025,99	1443,82
1026,15	1456,11
1026,32	1300,46
1026,48	1425,39
1026,64	1421,29
1026,80	1409,00
1026,96	1452,01
1027,13	1437,67
1027,29	1435,63
1027,45	1316,84
1027,61	1386,47
1027,77	1396,71
1027,94	1482,73
1028,10	1384,43
1028,26	1306,60
1028,42	1431,53
1028,58	1386,47
1028,75	1288,17
1028,91	1388,52
1029,07	1452,01
1029,23	1495,02
1029,39	1396,71
1029,55	1497,07
1029,72	1372,14
1029,88	1429,48
1030,04	1372,14
1030,20	1447,91
1030,36	1363,95
1030,52	1431,53
1030,69	1406,95
1030,85	1415,15
1031,01	1417,19
1031,17	1398,76
1031,33	1445,87
1031,49	1456,11
1031,65	1435,63
1031,82	1378,28
1031,98	1394,67
1032,14	1431,53
1032,30	1353,71
1032,46	1441,77
1032,62	1390,57
1032,78	1419,24
1032,95	1409,00
1033,11	1419,24
1033,27	1437,67
1033,43	1425,39
1033,59	1423,34
1033,75	1429,48
1033,91	1433,58
1034,07	1476,59
1034,24	1400,81
1034,40	1333,23
1034,56	1503,21
1034,72	1400,81
1034,88	1398,76
1035,04	1382,38
1035,20	1435,63
1035,36	1294,32
1035,52	1415,15
1035,68	1300,46
1035,85	1439,72
1036,01	1464,30
1036,17	1470,44
1036,33	1425,39
1036,49	1427,43
1036,65	1390,57
1036,81	1417,19
1036,97	1411,05
1037,13	1413,10
1037,29	1404,91
1037,45	1507,30
1037,61	1411,05
1037,78	1382,38
1037,94	1380,33
1038,10	1386,47
1038,26	1394,67
1038,42	1347,56
1038,58	1431,53
1038,74	1460,20
1038,90	1423,34
1039,06	1425,39
1039,22	1417,19
1039,38	1409,00
1039,54	1400,81
1039,70	1351,66
1039,86	1417,19
1040,02	1341,42
1040,18	1423,34
1040,34	1314,80
1040,50	1427,43
1040,66	1458,15
1040,83	1484,78
1040,99	1468,39
1041,15	1492,97
1041,31	1431,53
1041,47	1386,47
1041,63	1404,91
1041,79	1437,67
1041,95	1447,91
1042,11	1445,87
1042,27	1386,47
1042,43	1382,38
1042,59	1443,82
1042,75	1419,24
1042,91	1480,68
