344,25	1316,84
344,46	1316,84
344,68	1316,84
344,90	1347,56
345,12	1226,73
345,34	1355,76
345,55	1429,48
345,77	1341,42
345,99	1392,62
346,21	1452,01
346,42	1398,76
346,64	1406,95
346,86	1386,47
347,08	1370,09
347,30	1390,57
347,51	1415,15
347,73	1390,57
347,95	1431,53
348,17	1447,91
348,38	1417,19
348,60	1394,67
348,82	1363,95
349,04	1368,04
349,25	1462,25
349,47	1396,71
349,69	1376,24
349,91	1521,64
350,13	1380,33
350,34	1427,43
350,56	1314,80
350,78	1396,71
351,00	1396,71
351,21	1462,25
351,43	1458,15
351,65	1411,05
351,87	1417,19
352,08	1415,15
352,30	1382,38
352,52	1374,19
352,74	1425,39
352,95	1443,82
353,17	1357,80
353,39	1378,28
353,61	1351,66
353,82	1419,24
354,04	1421,29
354,26	1415,15
354,47	1431,53
354,69	1415,15
354,91	1388,52
355,13	1320,94
355,34	1386,47
355,56	1368,04
355,78	1431,53
356,00	1384,43
356,21	1417,19
356,43	1372,14
356,65	1435,63
356,86	1390,57
357,08	1462,25
357,30	1484,78
357,52	1421,29
357,73	1425,39
357,95	1398,76
358,17	1341,42
358,38	1415,15
358,60	1345,52
358,82	1337,32
359,04	1361,90
359,25	1452,01
359,47	1488,87
359,69	1425,39
359,90	1458,15
360,12	1529,83
360,34	1490,92
360,56	1382,38
360,77	1538,02
360,99	1564,65
361,21	1404,91
361,42	1409,00
361,64	1480,68
361,86	1441,77
362,07	1542,12
362,29	1413,10
362,51	1470,44
362,73	1439,72
362,94	1400,81
363,16	1480,68
363,38	1404,91
363,59	1486,83
363,81	1402,86
364,03	1439,72
364,24	1470,44
364,46	1427,43
364,68	1382,38
364,89	1447,91
365,11	1482,73
365,33	1443,82
365,54	1419,24
365,76	1419,24
365,98	1462,25
366,19	1517,54
366,41	1548,26
366,63	1460,20
366,84	1454,06
367,06	1466,35
367,28	1525,74
367,49	1505,26
367,71	1443,82
367,93	1486,83
368,14	1466,35
368,36	1388,52
368,58	1468,39
368,79	1433,58
369,01	1503,21
369,23	1527,78
369,44	1484,78
369,66	1357,80
369,88	1458,15
370,09	1488,87
370,31	1380,33
370,53	1417,19
370,74	1449,96
370,96	1492,97
371,18	1447,91
371,39	1443,82
371,61	1466,35
371,82	1503,21
372,04	1454,06
372,26	1396,71
372,47	1447,91
372,69	1482,73
372,91	1552,36
373,12	1402,86
373,34	1388,52
373,56	1394,67
373,77	1460,20
373,99	1492,97
374,20	1484,78
374,42	1499,11
374,64	1583,08
374,85	1449,96
375,07	1423,34
375,29	1456,11
375,50	1480,68
375,72	1443,82
375,93	1390,57
376,15	1394,67
376,37	1458,15
376,58	1466,35
376,80	1525,74
377,01	1415,15
377,23	1495,02
377,45	1480,68
377,66	1507,30
377,88	1404,91
378,10	1454,06
378,31	1413,10
378,53	1472,49
378,74	1431,53
378,96	1519,59
379,18	1447,91
379,39	1425,39
379,61	1439,72
379,82	1476,59
380,04	1415,15
380,26	1435,63
380,47	1429,48
380,69	1454,06
380,90	1466,35
381,12	1376,24
381,33	1413,10
381,55	1460,20
381,77	1421,29
381,98	1384,43
382,20	1372,14
382,41	1415,15
382,63	1417,19
382,85	1464,30
383,06	1441,77
383,28	1558,50
383,49	1460,20
383,71	1417,19
383,92	1380,33
384,14	1366,00
384,36	1376,24
384,57	1427,43
384,79	1368,04
385,00	1480,68
385,22	1458,15
385,43	1425,39
385,65	1452,01
385,87	1445,87
386,08	1353,71
386,30	1363,95
386,51	1400,81
386,73	1478,63
386,94	1417,19
387,16	1431,53
387,37	1468,39
387,59	1361,90
387,81	1427,43
388,02	1452,01
388,24	1386,47
388,45	1435,63
388,67	1482,73
388,88	1400,81
389,10	1402,86
389,31	1411,05
389,53	1382,38
389,75	1468,39
389,96	1427,43
390,18	1415,15
390,39	1359,85
390,61	1388,52
390,82	1366,00
391,04	1517,54
391,25	1396,71
391,47	1423,34
391,68	1378,28
391,90	1384,43
392,11	1476,59
392,33	1384,43
392,54	1452,01
392,76	1390,57
392,97	1366,00
393,19	1503,21
393,41	1509,35
393,62	1476,59
393,84	1544,17
394,05	1505,26
394,27	1404,91
394,48	1394,67
394,70	1443,82
394,91	1439,72
395,13	1480,68
395,34	1433,58
395,56	1361,90
395,77	1394,67
395,99	1374,19
396,20	1505,26
396,42	1468,39
396,63	1439,72
396,85	1466,35
397,06	1396,71
397,28	1413,10
397,49	1497,07
397,71	1392,62
397,92	1486,83
398,14	1445,87
398,35	1585,13
398,57	1376,24
398,78	1509,35
399,00	1492,97
399,21	1398,76
399,43	1411,05
399,64	1490,92
399,86	1384,43
400,07	1478,63
400,29	1429,48
400,50	1525,74
400,72	1462,25
400,93	1402,86
401,14	1460,20
401,36	1509,35
401,57	1425,39
401,79	1382,38
402,00	1421,29
402,22	1433,58
402,43	1474,54
402,65	1439,72
402,86	1386,47
403,08	1458,15
403,29	1452,01
403,51	1501,16
403,72	1449,96
403,94	1476,59
404,15	1478,63
404,36	1533,93
404,58	1775,59
404,79	1464,30
405,01	1497,07
405,22	1535,98
405,44	1390,57
405,65	1509,35
405,87	1472,49
406,08	1460,20
406,30	1427,43
406,51	1423,34
406,72	1443,82
406,94	1409,00
407,15	1527,78
407,37	1554,41
407,58	1415,15
407,80	1495,02
408,01	1433,58
408,23	1550,31
408,44	1447,91
408,65	1443,82
408,87	1415,15
409,08	1390,57
409,30	1552,36
409,51	1398,76
409,73	1443,82
409,94	1466,35
410,15	1492,97
410,37	1507,30
410,58	1478,63
410,80	1482,73
411,01	1482,73
411,23	1370,09
411,44	1499,11
411,65	1535,98
411,87	1423,34
412,08	1466,35
412,30	1613,80
412,51	1478,63
412,72	1552,36
412,94	1470,44
413,15	1425,39
413,37	1484,78
413,58	1429,48
413,79	1484,78
414,01	1443,82
414,22	1462,25
414,44	1452,01
414,65	1531,88
414,86	1439,72
415,08	1413,10
415,29	1382,38
415,51	1472,49
415,72	1454,06
415,93	1447,91
416,15	1517,54
416,36	1447,91
416,58	1490,92
416,79	1443,82
417,00	1390,57
417,22	1452,01
417,43	1476,59
417,65	1368,04
417,86	1490,92
418,07	1439,72
418,29	1447,91
418,50	1478,63
418,71	1474,54
418,93	1472,49
419,14	1421,29
419,36	1499,11
419,57	1409,00
419,78	1505,26
420,00	1415,15
420,21	1482,73
420,42	1488,87
420,64	1417,19
420,85	1421,29
421,06	1435,63
421,28	1482,73
421,49	1429,48
421,71	1527,78
421,92	1460,20
422,13	1433,58
422,35	1497,07
422,56	1529,83
422,77	1488,87
422,99	1392,62
423,20	1456,11
423,41	1511,40
423,63	1478,63
423,84	1464,30
424,05	1390,57
424,27	1470,44
424,48	1409,00
424,69	1394,67
424,91	1775,59
425,12	1353,71
425,33	1495,02
425,55	1499,11
425,76	1460,20
425,97	1505,26
426,19	1482,73
426,40	1456,11
426,61	1523,69
426,83	1486,83
427,04	1521,64
427,25	1398,76
427,47	1517,54
427,68	1476,59
427,89	1460,20
428,11	1411,05
428,32	1497,07
428,53	1411,05
428,75	1486,83
428,96	1468,39
429,17	1441,77
429,39	1384,43
429,60	1449,96
429,81	1548,26
430,03	1503,21
430,24	1488,87
430,45	1517,54
430,67	1415,15
430,88	1441,77
431,09	1542,12
431,30	1419,24
431,52	1460,20
431,73	1392,62
431,94	1521,64
432,16	1472,49
432,37	1411,05
432,58	1454,06
432,80	1409,00
433,01	1374,19
433,22	1431,53
433,43	1486,83
433,65	1478,63
433,86	1449,96
434,07	1335,28
434,29	1454,06
434,50	1392,62
434,71	1460,20
434,92	1460,20
435,14	1458,15
435,35	1472,49
435,56	1331,18
435,77	1462,25
435,99	1470,44
436,20	1542,12
436,41	1376,24
436,63	1322,99
436,84	1427,43
437,05	1427,43
437,26	1505,26
437,48	1464,30
437,69	1480,68
437,90	1400,81
438,11	1447,91
438,33	1509,35
438,54	1495,02
438,75	1394,67
438,96	1431,53
439,18	1431,53
439,39	1519,59
439,60	1495,02
439,82	1478,63
440,03	1535,98
440,24	1562,60
440,45	1413,10
440,67	1480,68
440,88	1501,16
441,09	1490,92
441,30	1454,06
441,51	1564,65
441,73	1456,11
441,94	1400,81
442,15	1472,49
442,36	1497,07
442,58	1390,57
442,79	1484,78
443,00	1439,72
443,21	1505,26
443,43	1427,43
443,64	1495,02
443,85	1376,24
444,06	1411,05
444,28	1492,97
444,49	1398,76
444,70	1392,62
444,91	1646,57
445,12	1523,69
445,34	1431,53
445,55	1499,11
445,76	1445,87
445,97	1499,11
446,18	1488,87
446,40	1521,64
446,61	1460,20
446,82	1402,86
447,03	1529,83
447,25	1452,01
447,46	1472,49
447,67	1484,78
447,88	1476,59
448,09	1406,95
448,31	1482,73
448,52	1495,02
448,73	1484,78
448,94	1464,30
449,15	1429,48
449,37	1415,15
449,58	1488,87
449,79	1460,20
450,00	1454,06
450,21	1423,34
450,43	1462,25
450,64	1427,43
450,85	1548,26
451,06	1454,06
451,27	1521,64
451,48	1488,87
451,70	1423,34
451,91	1431,53
452,12	1509,35
452,33	1431,53
452,54	1404,91
452,76	1507,30
452,97	1550,31
453,18	1492,97
453,39	1435,63
453,60	1421,29
453,81	1482,73
454,03	1476,59
454,24	1445,87
454,45	1441,77
454,66	1501,16
454,87	1546,22
455,08	1533,93
455,30	1456,11
455,51	1509,35
455,72	1562,60
455,93	1503,21
456,14	1464,30
456,35	1497,07
456,56	1521,64
456,78	1505,26
456,99	1540,07
457,20	1462,25
457,41	1562,60
457,62	1499,11
457,83	1538,02
458,04	1476,59
458,26	1409,00
458,47	1503,21
458,68	1433,58
458,89	1509,35
459,10	1421,29
459,31	1454,06
459,52	1533,93
459,74	1521,64
459,95	1544,17
460,16	1449,96
460,37	1501,16
460,58	1583,08
460,79	1519,59
461,00	1538,02
461,21	1449,96
461,43	1521,64
461,64	1511,40
461,85	1460,20
462,06	1433,58
462,27	1460,20
462,48	1533,93
462,69	1529,83
462,90	1468,39
463,12	1488,87
463,33	1497,07
463,54	1484,78
463,75	1538,02
463,96	1546,22
464,17	1501,16
464,38	1470,44
464,59	1529,83
464,80	1499,11
465,01	1499,11
465,23	1517,54
465,44	1411,05
465,65	1492,97
465,86	1421,29
466,07	1431,53
466,28	1505,26
466,49	1497,07
466,70	1581,03
466,91	1554,41
467,12	1466,35
467,33	1478,63
467,55	1501,16
467,76	1529,83
467,97	1513,45
468,18	1581,03
468,39	1484,78
468,60	1546,22
468,81	1519,59
469,02	1488,87
469,23	1495,02
469,44	1472,49
469,65	1566,70
469,86	1535,98
470,07	1454,06
470,29	1564,65
470,50	1480,68
470,71	1474,54
470,92	1609,70
471,13	1529,83
471,34	1540,07
471,55	1529,83
471,76	1605,61
471,97	1501,16
472,18	1484,78
472,39	1445,87
472,60	1476,59
472,81	1464,30
473,02	1486,83
473,23	1478,63
473,44	1466,35
473,65	1529,83
473,87	1499,11
474,08	1566,70
474,29	1466,35
474,50	1521,64
474,71	1556,46
474,92	1564,65
475,13	1499,11
475,34	1574,89
475,55	1480,68
475,76	1497,07
475,97	1562,60
476,18	1542,12
476,39	1425,39
476,60	1597,42
476,81	1558,50
477,02	1505,26
477,23	1464,30
477,44	1439,72
477,65	1474,54
477,86	1556,46
478,07	1562,60
478,28	1517,54
478,49	1449,96
478,70	1591,27
478,91	1527,78
479,12	1523,69
479,33	1452,01
479,54	1474,54
479,75	1572,84
479,96	1599,46
480,17	1421,29
480,38	1495,02
480,59	1486,83
480,80	1521,64
481,01	1560,55
481,22	1548,26
481,43	1476,59
481,64	1488,87
481,85	1513,45
482,06	1550,31
482,27	1533,93
482,48	1648,61
482,69	1642,47
482,90	1454,06
483,11	1548,26
483,32	1476,59
483,53	1484,78
483,74	1521,64
483,95	1538,02
484,16	1425,39
484,37	1452,01
484,58	1578,98
484,79	1570,79
485,00	1585,13
485,21	1400,81
485,42	1556,46
485,63	1646,57
485,84	1595,37
486,05	1470,44
486,26	1490,92
486,47	1593,32
486,68	1548,26
486,89	1550,31
487,10	1505,26
487,31	1511,40
487,52	1515,50
487,73	1556,46
487,94	1509,35
488,15	1495,02
488,36	1581,03
488,57	1486,83
488,77	1535,98
488,98	1527,78
489,19	1550,31
489,40	1550,31
489,61	1460,20
489,82	1585,13
490,03	1581,03
490,24	1507,30
490,45	1546,22
490,66	1607,66
490,87	1628,14
491,08	1458,15
491,29	1505,26
491,50	1562,60
491,71	1517,54
491,92	1527,78
492,13	1501,16
492,33	1535,98
492,54	1497,07
492,75	1583,08
492,96	1499,11
493,17	1538,02
493,38	1527,78
493,59	1517,54
493,80	1599,46
494,01	1523,69
494,22	1619,94
494,43	1525,74
494,64	1554,41
494,85	1626,09
495,05	1550,31
495,26	1523,69
495,47	1644,52
495,68	1587,18
495,89	1677,29
496,10	1433,58
496,31	1488,87
496,52	1548,26
496,73	1564,65
496,94	1540,07
497,15	1581,03
497,35	1642,47
497,56	1499,11
497,77	1515,50
497,98	1621,99
498,19	1576,94
498,40	1683,43
498,61	1683,43
498,82	1460,20
499,03	1562,60
499,23	1648,61
499,44	1519,59
499,65	1517,54
499,86	1654,76
500,07	1675,24
500,28	1501,16
500,49	1546,22
500,70	1554,41
500,91	1566,70
501,11	1468,39
501,32	1589,22
501,53	1482,73
501,74	1658,85
501,95	1484,78
502,16	1603,56
502,37	1460,20
502,57	1589,22
502,78	1570,79
502,99	1591,27
503,20	1519,59
503,41	1591,27
503,62	1480,68
503,83	1605,61
504,03	1583,08
504,24	1576,94
504,45	1587,18
504,66	1578,98
504,87	1529,83
505,08	1589,22
505,29	1478,63
505,49	1574,89
505,70	1574,89
505,91	1646,57
506,12	1515,50
506,33	1615,85
506,54	1578,98
506,75	1540,07
506,95	1499,11
507,16	1640,42
507,37	1601,51
507,58	1525,74
507,79	1617,90
508,00	1585,13
508,20	1544,17
508,41	1523,69
508,62	1570,79
508,83	1603,56
509,04	1529,83
509,24	1613,80
509,45	1929,19
509,66	1583,08
509,87	1568,74
510,08	1544,17
510,29	1697,77
510,49	1636,33
510,70	1484,78
510,91	1544,17
511,12	1560,55
511,33	1531,88
511,53	1550,31
511,74	1513,45
511,95	1447,91
512,16	1570,79
512,37	1587,18
512,57	1572,84
512,78	1486,83
512,99	1593,32
513,20	1597,42
513,41	1628,14
513,61	1480,68
513,82	1535,98
514,03	1550,31
514,24	1675,24
514,45	1591,27
514,65	1515,50
514,86	1560,55
515,07	1581,03
515,28	1507,30
515,49	1636,33
515,69	1654,76
515,90	1527,78
516,11	1595,37
516,32	1597,42
516,52	1576,94
516,73	1632,23
516,94	1660,90
517,15	1576,94
517,36	1613,80
517,56	1681,38
517,77	1591,27
517,98	1708,01
518,19	1644,52
518,39	1658,85
518,60	1566,70
518,81	1617,90
519,02	1507,30
519,22	1505,26
519,43	1578,98
519,64	1593,32
519,85	1568,74
520,05	1583,08
520,26	1503,21
520,47	1630,18
520,68	1581,03
520,88	1566,70
521,09	1562,60
521,30	1558,50
521,51	1599,46
521,71	1628,14
521,92	1576,94
522,13	1546,22
522,34	1562,60
522,54	1646,57
522,75	1492,97
522,96	1540,07
523,17	1564,65
523,37	1589,22
523,58	1587,18
523,79	1583,08
523,99	1531,88
524,20	1644,52
524,41	1505,26
524,62	1736,68
524,82	1705,96
525,03	1589,22
525,24	1546,22
525,45	1617,90
525,65	1503,21
525,86	1650,66
526,07	1570,79
526,27	1609,70
526,48	1601,51
526,69	1632,23
526,90	1511,40
527,10	1619,94
527,31	1601,51
527,52	1533,93
527,72	1630,18
527,93	1658,85
528,14	1544,17
528,34	1513,45
528,55	1570,79
528,76	1558,50
528,97	1605,61
529,17	1562,60
529,38	1593,32
529,59	1591,27
529,79	1624,04
530,00	1568,74
530,21	1587,18
530,41	1583,08
530,62	1597,42
530,83	1617,90
531,03	1652,71
531,24	1548,26
531,45	1558,50
531,65	1648,61
531,86	1605,61
532,07	1671,14
532,27	1540,07
532,48	1626,09
532,69	1499,11
532,89	1542,12
533,10	1675,24
533,31	1572,84
533,51	1601,51
533,72	1519,59
533,93	1591,27
534,13	1554,41
534,34	1585,13
534,55	1572,84
534,75	1564,65
534,96	1710,05
535,17	1482,73
535,37	1634,28
535,58	1535,98
535,79	1574,89
535,99	1527,78
536,20	1587,18
536,41	1566,70
536,61	1587,18
536,82	1611,75
537,03	1585,13
537,23	1556,46
537,44	1503,21
537,64	1515,50
537,85	1650,66
538,06	1671,14
538,26	1581,03
538,47	1593,32
538,68	1630,18
538,88	1570,79
539,09	1480,68
539,30	1501,16
539,50	1675,24
539,71	1630,18
539,91	1613,80
540,12	1624,04
540,33	1630,18
540,53	1544,17
540,74	1548,26
540,94	1636,33
541,15	1601,51
541,36	1497,07
541,56	1552,36
541,77	1619,94
541,98	1644,52
542,18	1585,13
542,39	1617,90
542,59	1560,55
542,80	1515,50
543,01	1527,78
543,21	1478,63
543,42	1529,83
543,62	1558,50
543,83	1554,41
544,04	1550,31
544,24	1634,28
544,45	1574,89
544,65	1578,98
544,86	1560,55
545,06	1605,61
545,27	1597,42
545,48	1435,63
545,68	1585,13
545,89	1587,18
546,09	1527,78
546,30	1499,11
546,51	1558,50
546,71	1546,22
546,92	1556,46
547,12	1513,45
547,33	1484,78
547,53	1544,17
547,74	1525,74
547,95	1587,18
548,15	1501,16
548,36	1570,79
548,56	1519,59
548,77	1574,89
548,97	1636,33
549,18	1535,98
549,39	1591,27
549,59	1578,98
549,80	1499,11
550,00	1495,02
550,21	1515,50
550,41	1517,54
550,62	1621,99
550,82	1533,93
551,03	1564,65
551,23	1435,63
551,44	1503,21
551,65	1548,26
551,85	1531,88
552,06	1533,93
552,26	1521,64
552,47	1540,07
552,67	1517,54
552,88	1525,74
553,08	1529,83
553,29	1585,13
553,49	1570,79
553,70	1619,94
553,90	1665,00
554,11	1546,22
554,32	1568,74
554,52	1613,80
554,73	1535,98
554,93	1511,40
555,14	1527,78
555,34	1509,35
555,55	1714,15
555,75	1583,08
555,96	1583,08
556,16	1574,89
556,37	1595,37
556,57	1490,92
556,78	1611,75
556,98	1544,17
557,19	1587,18
557,39	1562,60
557,60	1556,46
557,80	1529,83
558,01	1560,55
558,21	1484,78
558,42	1568,74
558,62	1548,26
558,83	1710,05
559,03	1529,83
559,24	1624,04
559,44	1554,41
559,65	1599,46
559,85	1538,02
560,06	1548,26
560,26	1566,70
560,47	1609,70
560,67	1648,61
560,88	1621,99
561,08	1632,23
561,29	1581,03
561,49	1550,31
561,70	1597,42
561,90	1531,88
562,10	1628,14
562,31	1599,46
562,51	1581,03
562,72	1628,14
562,92	1662,95
563,13	1679,33
563,33	1687,53
563,54	1642,47
563,74	1726,44
563,95	1593,32
564,15	1681,38
564,36	1693,67
564,56	1554,41
564,76	1617,90
564,97	1628,14
565,17	1654,76
565,38	1708,01
565,58	1673,19
565,79	1603,56
565,99	1685,48
566,20	1652,71
566,40	1660,90
566,60	1636,33
566,81	1699,81
567,01	1804,26
567,22	1712,10
567,42	1665,00
567,63	1634,28
567,83	1691,62
568,04	1679,33
568,24	1724,39
568,44	1765,35
568,65	1652,71
568,85	1699,81
569,06	1617,90
569,26	1718,25
569,47	1701,86
569,67	1716,20
569,87	1683,43
570,08	1701,86
570,28	1804,26
570,49	1722,34
570,69	1714,15
570,89	1687,53
571,10	1718,25
571,30	1679,33
571,51	1585,13
571,71	1767,40
571,91	1714,15
572,12	1708,01
572,32	1808,36
572,53	1771,49
572,73	1771,49
572,93	1738,73
573,14	1779,68
573,34	1683,43
573,55	1693,67
573,75	1703,91
573,95	1718,25
574,16	1726,44
574,36	1808,36
574,57	1728,49
574,77	1787,88
574,97	1687,53
575,18	1724,39
575,38	1675,24
575,59	1714,15
575,79	1701,86
575,99	1734,63
576,20	1726,44
576,40	1824,74
576,60	1777,64
576,81	1714,15
577,01	1751,01
577,22	1781,73
577,42	1761,25
577,62	1765,35
577,83	1685,48
578,03	1759,21
578,23	1658,85
578,44	1658,85
578,64	1697,77
578,84	1765,35
579,05	1621,99
579,25	1734,63
579,45	1722,34
579,66	1660,90
579,86	1656,81
580,07	1722,34
580,27	1775,59
580,47	1613,80
580,68	1556,46
580,88	1652,71
581,08	1640,42
581,29	1695,72
581,49	1660,90
581,69	1787,88
581,90	1728,49
582,10	1712,10
582,30	1683,43
582,51	1791,97
582,71	1601,51
582,91	1638,38
583,12	1650,66
583,32	1724,39
583,52	1632,23
583,73	1658,85
583,93	1634,28
584,13	1732,58
584,34	1761,25
584,54	1667,05
584,74	1728,49
584,94	1712,10
585,15	1710,05
585,35	1734,63
585,55	1675,24
585,76	1677,29
585,96	1671,14
586,16	1728,49
586,37	1703,91
586,57	1626,09
586,77	1626,09
586,98	1677,29
587,18	1734,63
587,38	1728,49
587,58	1605,61
587,79	1730,53
587,99	1744,87
588,19	1732,58
588,40	1652,71
588,60	1712,10
588,80	1697,77
589,00	1777,64
589,21	1675,24
589,41	1794,02
589,61	1826,79
589,82	1837,03
590,02	1730,53
590,22	1843,17
590,42	1802,21
590,63	1771,49
590,83	1685,48
591,03	1794,02
591,23	1816,55
591,44	1726,44
591,64	1710,05
591,84	1843,17
592,05	1769,44
592,25	1894,37
592,45	1716,20
592,65	1773,54
592,86	1751,01
593,06	1853,41
593,26	1751,01
593,46	1839,08
593,67	1736,68
593,87	1861,60
594,07	1806,31
594,27	1927,14
594,48	1777,64
594,68	1845,22
594,88	1837,03
595,08	1763,30
595,29	1871,84
595,49	1859,56
595,69	1785,83
595,89	1832,93
596,10	1920,99
596,30	1824,74
596,50	1791,97
596,70	1877,99
596,90	1841,12
597,11	1781,73
597,31	1765,35
597,51	1875,94
597,71	1855,46
597,92	1974,24
598,12	1875,94
598,32	1990,63
598,52	1812,45
598,72	1839,08
598,93	1810,40
599,13	1920,99
599,33	1849,32
599,53	1892,32
599,74	1843,17
599,94	1744,87
600,14	1757,16
600,34	1841,12
600,54	1828,84
600,75	1779,68
600,95	1753,06
601,15	1886,18
601,35	1740,77
601,55	1753,06
601,76	1746,92
601,96	1869,80
602,16	1701,86
602,36	1751,01
602,56	1656,81
602,76	1791,97
602,97	1652,71
603,17	1701,86
603,37	1771,49
603,57	1796,07
603,77	1650,66
603,98	1617,90
604,18	1673,19
604,38	1726,44
604,58	1708,01
604,78	1599,46
604,98	1669,09
605,19	1628,14
605,39	1718,25
605,59	1718,25
605,79	1673,19
605,99	1593,32
606,19	1697,77
606,40	1740,77
606,60	1691,62
606,80	1617,90
607,00	1640,42
607,20	1699,81
607,40	1716,20
607,61	1621,99
607,81	1703,91
608,01	1673,19
608,21	1693,67
608,41	1593,32
608,61	1642,47
608,81	1529,83
609,02	1552,36
609,22	1562,60
609,42	1603,56
609,62	1726,44
609,82	1607,66
610,02	1685,48
610,22	1654,76
610,43	1595,37
610,63	1687,53
610,83	1720,29
611,03	1605,61
611,23	1710,05
611,43	1755,11
611,63	1511,40
611,83	1601,51
612,04	1699,81
612,24	1720,29
612,44	1691,62
612,64	1675,24
612,84	1697,77
613,04	1611,75
613,24	1662,95
613,44	1626,09
613,64	1644,52
613,85	1796,07
614,05	1699,81
614,25	1669,09
614,45	1630,18
614,65	1736,68
614,85	1654,76
615,05	1769,44
615,25	1839,08
615,45	1773,54
615,65	1730,53
615,86	1791,97
616,06	1787,88
616,26	1783,78
616,46	1857,51
616,66	1822,69
616,86	1859,56
617,06	1914,85
617,26	1890,28
617,46	1906,66
617,66	1867,75
617,86	2105,31
618,07	1908,71
618,27	2023,39
618,47	1894,37
618,67	2045,92
618,87	2039,78
619,07	1955,81
619,27	2056,16
619,47	2078,69
619,67	2090,98
619,87	2019,30
620,07	2105,31
620,27	2152,42
620,47	2004,96
620,67	2220,00
620,87	2117,60
621,07	2340,83
621,28	2097,12
621,48	2306,01
621,68	2185,18
621,88	2244,57
622,08	2275,29
622,28	2287,58
622,48	2330,59
622,68	2353,12
622,88	2422,75
623,08	2508,76
623,28	2375,64
623,48	2506,71
623,68	2480,09
623,88	2529,24
624,08	2568,15
624,28	2447,32
624,48	2478,04
624,68	2451,42
624,88	2598,87
625,08	2619,35
625,28	2523,10
625,48	2559,96
625,68	2586,58
625,88	2619,35
626,08	2605,02
626,28	2688,98
626,48	2797,53
626,68	2676,70
626,88	2709,46
627,08	2873,30
627,28	2861,01
627,48	2957,27
627,68	2889,68
627,88	2922,45
628,08	2901,97
628,28	2963,41
628,49	3049,43
628,68	2975,70
628,88	2826,20
629,08	3012,56
629,28	3112,91
629,48	2975,70
629,68	3145,68
629,88	3203,02
630,08	3405,77
630,28	3340,24
630,48	3239,89
630,68	3289,04
630,88	3297,23
631,08	3373,00
631,28	3385,29
631,48	3342,28
631,68	3452,88
631,88	3618,76
632,08	3424,20
632,28	3542,99
632,48	3592,14
632,68	3510,22
632,88	3495,88
633,08	3588,04
633,28	3528,65
633,48	3610,57
633,68	3700,68
633,88	3663,82
634,08	3796,93
634,28	3708,87
634,48	3661,77
634,68	3760,07
634,88	3672,01
635,08	3696,58
635,28	3626,95
635,48	3715,02
635,68	3528,65
635,87	3766,21
636,07	3569,61
636,27	3813,32
636,47	3669,96
636,67	3760,07
636,87	3747,78
637,07	3794,89
637,27	3545,03
637,47	3839,94
637,67	3887,04
637,87	3839,94
638,07	3622,86
638,27	3841,99
638,47	3678,15
638,67	3848,13
638,86	3653,58
639,06	3915,72
639,26	3676,10
639,46	3913,67
639,66	3846,09
639,86	3917,76
640,06	3798,98
640,26	4212,67
640,46	3731,40
640,66	4059,07
640,86	3850,18
641,06	3893,19
641,25	3794,89
641,45	3942,34
641,65	3712,97
641,85	4085,70
642,05	3999,68
642,25	4124,61
642,45	4022,21
642,65	4274,11
642,85	3811,27
643,05	4104,13
643,24	4122,56
643,44	3997,64
643,64	4065,22
643,84	3981,25
644,04	3837,89
644,24	4016,07
644,44	3897,28
644,64	4163,52
644,84	3782,60
645,03	4026,31
645,23	3876,80
645,43	3841,99
645,63	3663,82
645,83	3821,51
646,03	3487,69
646,23	3622,86
646,42	3487,69
646,62	3459,02
646,82	3186,64
647,02	3395,53
647,22	3117,01
647,42	3268,56
647,62	2908,12
647,82	2932,69
648,01	3106,77
648,21	2836,44
648,41	2623,45
648,61	2719,70
648,81	2564,06
649,01	2742,23
649,20	2416,60
649,40	2435,03
649,60	2361,31
649,80	2252,77
650,00	2193,37
650,20	2287,58
650,40	2172,89
650,59	2193,37
650,79	1998,82
650,99	1953,76
651,19	1877,99
651,39	1914,85
651,58	1828,84
651,78	1966,05
651,98	1796,07
652,18	1830,88
652,38	1806,31
652,58	1712,10
652,77	1785,83
652,97	1808,36
653,17	1667,05
653,37	1634,28
653,57	1617,90
653,77	1679,33
653,96	1667,05
654,16	1581,03
654,36	1626,09
654,56	1558,50
654,76	1597,42
654,95	1589,22
655,15	1552,36
655,35	1525,74
655,55	1523,69
655,75	1542,12
655,94	1613,80
656,14	1611,75
656,34	1492,97
656,54	1538,02
656,73	1456,11
656,93	1460,20
657,13	1601,51
657,33	1443,82
657,53	1495,02
657,72	1470,44
657,92	1445,87
658,12	1548,26
658,32	1562,60
658,52	1492,97
658,71	1421,29
658,91	1460,20
659,11	1546,22
659,31	1517,54
659,50	1402,86
659,70	1447,91
659,90	1560,55
660,10	1433,58
660,29	1501,16
660,49	1464,30
660,69	1480,68
660,89	1488,87
661,08	1449,96
661,28	1372,14
661,48	1409,00
661,68	1480,68
661,87	1417,19
662,07	1466,35
662,27	1497,07
662,47	1439,72
662,66	1415,15
662,86	1476,59
663,06	1484,78
663,26	1404,91
663,45	1474,54
663,65	1472,49
663,85	1386,47
664,05	1423,34
664,24	1456,11
664,44	1423,34
664,64	1437,67
664,84	1484,78
665,03	1472,49
665,23	1464,30
665,43	1452,01
665,62	1380,33
665,82	1476,59
666,02	1425,39
666,22	1505,26
666,41	1466,35
666,61	1437,67
666,81	1454,06
667,00	1503,21
667,20	1357,80
667,40	1507,30
667,60	1423,34
667,79	1437,67
667,99	1439,72
668,19	1421,29
668,38	1456,11
668,58	1378,28
668,78	1411,05
668,97	1499,11
669,17	1441,77
669,37	1417,19
669,57	1449,96
669,76	1449,96
669,96	1488,87
670,16	1398,76
670,35	1507,30
670,55	1482,73
670,75	1488,87
670,94	1576,94
671,14	1366,00
671,34	1419,24
671,53	1447,91
671,73	1409,00
671,93	1462,25
672,12	1374,19
672,32	1511,40
672,52	1419,24
672,71	1437,67
672,91	1415,15
673,11	1445,87
673,30	1546,22
673,50	1374,19
673,70	1437,67
673,89	1370,09
674,09	1490,92
674,29	1470,44
674,48	1517,54
674,68	1488,87
674,88	1447,91
675,07	1349,61
675,27	1390,57
675,46	1437,67
675,66	1413,10
675,86	1343,47
676,05	1470,44
676,25	1355,76
676,45	1384,43
676,64	1480,68
676,84	1464,30
677,04	1368,04
677,23	1513,45
677,43	1443,82
677,62	1449,96
677,82	1386,47
678,02	1456,11
678,21	1425,39
678,41	1390,57
678,61	1316,84
678,80	1415,15
679,00	1404,91
679,19	1497,07
679,39	1437,67
679,59	1388,52
679,78	1314,80
679,98	1396,71
680,17	1366,00
680,37	1535,98
680,57	1380,33
680,76	1374,19
680,96	1394,67
681,16	1374,19
681,35	1394,67
681,55	1433,58
681,74	1355,76
681,94	1447,91
682,13	1396,71
682,33	1517,54
682,53	1316,84
682,72	1454,06
682,92	1431,53
683,11	1476,59
683,31	1443,82
683,51	1390,57
683,70	1423,34
683,90	1392,62
684,09	1480,68
684,29	1476,59
684,48	1400,81
684,68	1427,43
684,88	1437,67
685,07	1423,34
685,27	1398,76
685,46	1355,76
685,66	1425,39
685,85	1425,39
686,05	1552,36
686,25	1441,77
686,44	1417,19
686,64	1535,98
686,83	1433,58
687,03	1488,87
687,22	1368,04
687,42	1382,38
687,61	1456,11
687,81	1433,58
688,01	1404,91
688,20	1370,09
688,40	1390,57
688,59	1417,19
688,79	1419,24
688,98	1423,34
689,18	1382,38
689,37	1468,39
689,57	1406,95
689,76	1380,33
689,96	1392,62
690,15	1417,19
690,35	1437,67
690,54	1439,72
690,74	1394,67
690,94	1454,06
691,13	1505,26
691,33	1421,29
691,52	1482,73
691,72	1439,72
691,91	1466,35
692,11	1486,83
692,30	1415,15
692,50	1515,50
692,69	1443,82
692,89	1452,01
693,08	1402,86
693,28	1423,34
693,47	1368,04
693,67	1476,59
693,86	1431,53
694,06	1435,63
694,25	1511,40
694,45	1384,43
694,64	1413,10
694,84	1398,76
695,03	1374,19
695,23	1462,25
695,42	1394,67
695,62	1400,81
695,81	1497,07
696,01	1423,34
696,20	1245,16
696,40	1472,49
696,59	1495,02
696,78	1355,76
696,98	1474,54
697,17	1423,34
697,37	1406,95
697,56	1404,91
697,76	1409,00
697,95	1482,73
698,15	1423,34
698,34	1423,34
698,54	1359,85
698,73	1480,68
698,93	1374,19
699,12	1394,67
699,32	1433,58
699,51	1419,24
699,70	1372,14
699,90	1370,09
700,09	1472,49
700,29	1380,33
700,48	1402,86
700,68	1384,43
700,87	1310,70
701,07	1406,95
701,26	1398,76
701,45	1441,77
701,65	1458,15
701,84	1337,32
702,04	1394,67
702,23	1347,56
702,43	1363,95
702,62	1392,62
702,81	1478,63
703,01	1390,57
703,20	1474,54
703,40	1380,33
703,59	1345,52
703,79	1456,11
703,98	1380,33
704,17	1409,00
704,37	1392,62
704,56	1525,74
704,76	1355,76
704,95	1384,43
705,14	1390,57
705,34	1402,86
705,53	1368,04
705,73	1325,04
705,92	1466,35
706,11	1421,29
706,31	1335,28
706,50	1378,28
706,70	1390,57
706,89	1462,25
707,08	1425,39
707,28	1531,88
707,47	1382,38
707,67	1468,39
707,86	1380,33
708,05	1492,97
708,25	1390,57
708,44	1361,90
708,64	1425,39
708,83	1447,91
709,02	1376,24
709,22	1511,40
709,41	1382,38
709,60	1470,44
709,80	1423,34
709,99	1333,23
710,19	1390,57
710,38	1390,57
710,57	1357,80
710,77	1409,00
710,96	1435,63
711,15	1402,86
711,35	1380,33
711,54	1398,76
711,73	1413,10
711,93	1378,28
712,12	1476,59
712,31	1376,24
712,51	1378,28
712,70	1374,19
712,89	1357,80
713,09	1464,30
713,28	1394,67
713,48	1363,95
713,67	1417,19
713,86	1437,67
714,06	1349,61
714,25	1384,43
714,44	1429,48
714,64	1413,10
714,83	1359,85
715,02	1359,85
715,22	1423,34
715,41	1437,67
715,60	1372,14
715,79	1372,14
715,99	1374,19
716,18	1492,97
716,37	1345,52
716,57	1421,29
716,76	1458,15
716,95	1472,49
717,15	1355,76
717,34	1406,95
717,53	1402,86
717,73	1480,68
717,92	1419,24
718,11	1497,07
718,31	1363,95
718,50	1519,59
718,69	1384,43
718,88	1472,49
719,08	1382,38
719,27	1363,95
719,46	1413,10
719,66	1445,87
719,85	1318,89
720,04	1431,53
720,23	1382,38
720,43	1476,59
720,62	1376,24
720,81	1349,61
721,01	1374,19
721,20	1452,01
721,39	1443,82
721,58	1486,83
721,78	1351,66
721,97	1347,56
722,16	1406,95
722,35	1396,71
722,55	1402,86
722,74	1447,91
722,93	1374,19
723,13	1308,65
723,32	1368,04
723,51	1345,52
723,70	1400,81
723,90	1361,90
724,09	1413,10
724,28	1322,99
724,47	1349,61
724,67	1388,52
724,86	1400,81
725,05	1366,00
725,24	1406,95
725,44	1376,24
725,63	1327,08
725,82	1331,18
726,01	1406,95
726,21	1458,15
726,40	1337,32
726,59	1435,63
726,78	1441,77
726,97	1382,38
727,17	1462,25
727,36	1529,83
727,55	1406,95
727,74	1392,62
727,94	1300,46
728,13	1390,57
728,32	1409,00
728,51	1380,33
728,70	1437,67
728,90	1437,67
729,09	1314,80
729,28	1421,29
729,47	1460,20
729,66	1517,54
729,86	1468,39
730,05	1406,95
730,24	1370,09
730,43	1361,90
730,63	1425,39
730,82	1452,01
731,01	1359,85
731,20	1392,62
731,39	1392,62
731,58	1355,76
731,78	1386,47
731,97	1484,78
732,16	1392,62
732,35	1368,04
732,54	1454,06
732,74	1433,58
732,93	1337,32
733,12	1406,95
733,31	1421,29
733,50	1415,15
733,69	1359,85
733,89	1454,06
734,08	1480,68
734,27	1357,80
734,46	1415,15
734,65	1322,99
734,84	1316,84
735,04	1392,62
735,23	1435,63
735,42	1492,97
735,61	1435,63
735,80	1445,87
735,99	1402,86
736,19	1349,61
736,38	1429,48
736,57	1447,91
736,76	1322,99
736,95	1435,63
737,14	1353,71
737,33	1396,71
737,53	1445,87
737,72	1376,24
737,91	1406,95
738,10	1335,28
738,29	1378,28
738,48	1359,85
738,67	1505,26
738,87	1458,15
739,06	1404,91
739,25	1349,61
739,44	1312,75
739,63	1423,34
739,82	1368,04
740,01	1394,67
740,20	1314,80
740,40	1298,41
740,59	1413,10
740,78	1417,19
740,97	1427,43
741,16	1366,00
741,35	1540,07
741,54	1441,77
741,73	1394,67
741,92	1396,71
742,12	1368,04
742,31	1411,05
742,50	1488,87
742,69	1439,72
742,88	1411,05
743,07	1337,32
743,26	1382,38
743,45	1398,76
743,64	1402,86
743,83	1390,57
744,02	1398,76
744,22	1396,71
744,41	1443,82
744,60	1353,71
744,79	1357,80
744,98	1413,10
745,17	1396,71
745,36	1452,01
745,55	1458,15
745,74	1325,04
745,93	1484,78
746,12	1439,72
746,31	1361,90
746,50	1437,67
746,70	1406,95
746,89	1351,66
747,08	1370,09
747,27	1378,28
747,46	1402,86
747,65	1423,34
747,84	1439,72
748,03	1411,05
748,22	1423,34
748,41	1435,63
748,60	1427,43
748,79	1351,66
748,98	1386,47
749,17	1476,59
749,36	1392,62
749,55	1413,10
749,74	1431,53
749,93	1443,82
750,12	1419,24
750,31	1406,95
750,50	1370,09
750,70	1476,59
750,89	1458,15
751,08	1484,78
751,27	1462,25
751,46	1396,71
751,65	1413,10
751,84	1460,20
752,03	1394,67
752,22	1449,96
752,41	1361,90
752,60	1431,53
752,79	1425,39
752,98	1470,44
753,17	1447,91
753,36	1390,57
753,55	1447,91
753,74	1456,11
753,93	1499,11
754,12	1454,06
754,31	1398,76
754,50	1511,40
754,69	1464,30
754,88	1419,24
755,07	1372,14
755,26	1404,91
755,45	1394,67
755,64	1406,95
755,83	1417,19
756,02	1472,49
756,21	1468,39
756,40	1478,63
756,59	1386,47
756,78	1349,61
756,97	1361,90
757,16	1404,91
757,35	1490,92
757,54	1384,43
757,72	1413,10
757,91	1439,72
758,10	1497,07
758,29	1411,05
758,48	1415,15
758,67	1417,19
758,86	1406,95
759,05	1374,19
759,24	1525,74
759,43	1419,24
759,62	1480,68
759,81	1454,06
760,00	1419,24
760,19	1486,83
760,38	1425,39
760,57	1351,66
760,76	1492,97
760,95	1433,58
761,14	1263,60
761,33	1433,58
761,52	1466,35
761,70	1419,24
761,89	1378,28
762,08	1429,48
762,27	1402,86
762,46	1431,53
762,65	1546,22
762,84	1409,00
763,03	1443,82
763,22	1382,38
763,41	1386,47
763,60	1443,82
763,79	1404,91
763,98	1452,01
764,16	1425,39
764,35	1376,24
764,54	1400,81
764,73	1388,52
764,92	1472,49
765,11	1570,79
765,30	1523,69
765,49	1486,83
765,68	1521,64
765,87	1484,78
766,06	1376,24
766,24	1406,95
766,43	1460,20
766,62	1519,59
766,81	1390,57
767,00	1437,67
767,19	1400,81
767,38	1462,25
767,57	1353,71
767,76	1413,10
767,94	1462,25
768,13	1497,07
768,32	1454,06
768,51	1374,19
768,70	1474,54
768,89	1443,82
769,08	1404,91
769,27	1396,71
769,45	1374,19
769,64	1568,74
769,83	1452,01
770,02	1353,71
770,21	1548,26
770,40	1531,88
770,59	1359,85
770,77	1503,21
770,96	1490,92
771,15	1464,30
771,34	1431,53
771,53	1533,93
771,72	1406,95
771,91	1409,00
772,09	1462,25
772,28	1406,95
772,47	1456,11
772,66	1495,02
772,85	1374,19
773,04	1409,00
773,22	1443,82
773,41	1435,63
773,60	1386,47
773,79	1368,04
773,98	1417,19
774,17	1423,34
774,35	1429,48
774,54	1462,25
774,73	1497,07
774,92	1499,11
775,11	1447,91
775,30	1544,17
775,48	1423,34
775,67	1454,06
775,86	1409,00
776,05	1585,13
776,24	1452,01
776,42	1452,01
776,61	1445,87
776,80	1425,39
776,99	1431,53
777,18	1439,72
777,36	1388,52
777,55	1433,58
777,74	1452,01
777,93	1470,44
778,12	1456,11
778,30	1409,00
778,49	1456,11
778,68	1501,16
778,87	1533,93
779,06	1390,57
779,24	1503,21
779,43	1492,97
779,62	1427,43
779,81	1460,20
779,99	1433,58
780,18	1458,15
780,37	1411,05
780,56	1540,07
780,75	1406,95
780,93	1400,81
781,12	1456,11
781,31	1439,72
781,50	1398,76
781,68	1370,09
781,87	1359,85
782,06	1519,59
782,25	1398,76
782,43	1464,30
782,62	1433,58
782,81	1427,43
783,00	1429,48
783,18	1476,59
783,37	1464,30
783,56	1480,68
783,75	1529,83
783,93	1429,48
784,12	1437,67
784,31	1519,59
784,50	1431,53
784,68	1460,20
784,87	1382,38
785,06	1542,12
785,24	1421,29
785,43	1466,35
785,62	1431,53
785,81	1476,59
785,99	1454,06
786,18	1497,07
786,37	1443,82
786,56	1435,63
786,74	1439,72
786,93	1470,44
787,12	1400,81
787,30	1390,57
787,49	1447,91
787,68	1439,72
787,87	1484,78
788,05	1386,47
788,24	1372,14
788,43	1431,53
788,61	1476,59
788,80	1406,95
788,99	1427,43
789,17	1499,11
789,36	1423,34
789,55	1406,95
789,73	1429,48
789,92	1402,86
790,11	1359,85
790,30	1468,39
790,48	1378,28
790,67	1449,96
790,86	1472,49
791,04	1488,87
791,23	1464,30
791,42	1452,01
791,60	1427,43
791,79	1449,96
791,98	1337,32
792,16	1439,72
792,35	1484,78
792,54	1400,81
792,72	1417,19
792,91	1474,54
793,10	1398,76
793,28	1417,19
793,47	1427,43
793,66	1351,66
793,84	1445,87
794,03	1378,28
794,22	1439,72
794,40	1435,63
794,59	1439,72
794,77	1325,04
794,96	1329,13
795,15	1525,74
795,33	1359,85
795,52	1497,07
795,71	1374,19
795,89	1400,81
796,08	1456,11
796,27	1443,82
796,45	1402,86
796,64	1443,82
796,82	1454,06
797,01	1462,25
797,20	1484,78
797,38	1388,52
797,57	1337,32
797,76	1406,95
797,94	1433,58
798,13	1423,34
798,31	1413,10
798,50	1402,86
798,69	1486,83
798,87	1406,95
799,06	1370,09
799,24	1402,86
799,43	1378,28
799,62	1380,33
799,80	1378,28
799,99	1525,74
800,17	1419,24
800,36	1437,67
800,55	1404,91
800,73	1409,00
800,92	1322,99
801,10	1349,61
801,29	1415,15
801,48	1366,00
801,66	1419,24
801,85	1425,39
802,03	1447,91
802,22	1357,80
802,40	1400,81
802,59	1370,09
802,78	1425,39
802,96	1490,92
803,15	1482,73
803,33	1400,81
803,52	1413,10
803,70	1411,05
803,89	1394,67
804,08	1372,14
804,26	1351,66
804,45	1437,67
804,63	1495,02
804,82	1445,87
805,00	1435,63
805,19	1425,39
805,37	1484,78
805,56	1423,34
805,74	1325,04
805,93	1335,28
806,12	1392,62
806,30	1406,95
806,49	1419,24
806,67	1427,43
806,86	1333,23
807,04	1392,62
807,23	1400,81
807,41	1376,24
807,60	1413,10
807,78	1363,95
807,97	1716,20
808,15	1386,47
808,34	1378,28
808,52	1427,43
808,71	1447,91
808,89	1361,90
809,08	1439,72
809,27	1404,91
809,45	1400,81
809,64	1431,53
809,82	1320,94
810,01	1456,11
810,19	1435,63
810,38	1476,59
810,56	1347,56
810,75	1452,01
810,93	1357,80
811,12	1464,30
811,30	1497,07
811,49	1376,24
811,67	1386,47
811,85	1452,01
812,04	1366,00
812,22	1415,15
812,41	1425,39
812,59	1402,86
812,78	1396,71
812,96	1361,90
813,15	1359,85
813,33	1447,91
813,52	1460,20
813,70	1464,30
813,89	1355,76
814,07	1478,63
814,26	1419,24
814,44	1378,28
814,63	1411,05
814,81	1388,52
815,00	1337,32
815,18	1388,52
815,36	1409,00
815,55	1470,44
815,73	1435,63
815,92	1464,30
816,10	1484,78
816,29	1456,11
816,47	1361,90
816,66	1363,95
816,84	1538,02
817,02	1503,21
817,21	1466,35
817,39	1447,91
817,58	1415,15
817,76	1394,67
817,95	1458,15
818,13	1341,42
818,32	1423,34
818,50	1449,96
818,68	1392,62
818,87	1423,34
819,05	1366,00
819,24	1409,00
819,42	1474,54
819,60	1388,52
819,79	1433,58
819,97	1368,04
820,16	1392,62
820,34	1429,48
820,53	1329,13
820,71	1404,91
820,89	1435,63
821,08	1411,05
821,26	1400,81
821,45	1386,47
821,63	1429,48
821,81	1460,20
822,00	1411,05
822,18	1441,77
822,37	1447,91
822,55	1372,14
822,73	1419,24
822,92	1456,11
823,10	1363,95
823,28	1515,50
823,47	1380,33
823,65	1374,19
823,84	1402,86
824,02	1443,82
824,20	1411,05
824,39	1347,56
824,57	1456,11
824,75	1478,63
824,94	1452,01
825,12	1495,02
825,31	1368,04
825,49	1421,29
825,67	1355,76
825,86	1445,87
826,04	1460,20
826,22	1478,63
826,41	1449,96
826,59	1449,96
826,77	1452,01
826,96	1507,30
827,14	1398,76
827,32	1372,14
827,51	1370,09
827,69	1382,38
827,87	1423,34
828,06	1437,67
828,24	1415,15
828,42	1386,47
828,61	1495,02
828,79	1443,82
828,97	1462,25
829,16	1427,43
829,34	1445,87
829,52	1370,09
829,71	1499,11
829,89	1445,87
830,07	1396,71
830,26	1427,43
830,44	1435,63
830,62	1513,45
830,81	1486,83
830,99	1456,11
831,17	1458,15
831,36	1423,34
831,54	1492,97
831,72	1429,48
831,91	1386,47
832,09	1359,85
832,27	1421,29
832,45	1439,72
832,64	1372,14
832,82	1449,96
833,00	1411,05
833,19	1353,71
833,37	1327,08
833,55	1355,76
833,73	1439,72
833,92	1396,71
834,10	1439,72
834,28	1380,33
834,47	1525,74
834,65	1333,23
834,83	1449,96
835,01	1581,03
835,20	1425,39
835,38	1435,63
835,56	1402,86
835,74	1513,45
835,93	1458,15
836,11	1435,63
836,29	1343,47
836,47	1503,21
836,66	1376,24
836,84	1445,87
837,02	1415,15
837,21	1447,91
837,39	1402,86
837,57	1464,30
837,75	1382,38
837,94	1388,52
838,12	1390,57
838,30	1398,76
838,48	1429,48
838,66	1402,86
838,85	1425,39
839,03	1435,63
839,21	1400,81
839,39	1392,62
839,58	1431,53
839,76	1562,60
839,94	1449,96
840,12	1415,15
840,31	1507,30
840,49	1433,58
840,67	1458,15
840,85	1374,19
841,03	1425,39
841,22	1423,34
841,40	1468,39
841,58	1476,59
841,76	1427,43
841,94	1484,78
842,13	1505,26
842,31	1392,62
842,49	1382,38
842,67	1429,48
842,85	1439,72
843,04	1529,83
843,22	1437,67
843,40	1394,67
843,58	1447,91
843,76	1335,28
843,95	1470,44
844,13	1486,83
844,31	1400,81
844,49	1404,91
844,67	1415,15
844,86	1406,95
845,04	1279,98
845,22	1394,67
845,40	1495,02
845,58	1431,53
845,76	1437,67
845,95	1447,91
846,13	1357,80
846,31	1501,16
846,49	1468,39
846,67	1374,19
846,85	1462,25
847,04	1456,11
847,22	1402,86
847,40	1439,72
847,58	1312,75
847,76	1398,76
847,94	1368,04
848,12	1470,44
848,31	1484,78
848,49	1411,05
848,67	1396,71
848,85	1454,06
849,03	1398,76
849,21	1505,26
849,39	1409,00
849,58	1435,63
849,76	1427,43
849,94	1482,73
850,12	1404,91
850,30	1511,40
850,48	1472,49
850,66	1470,44
850,84	1519,59
851,03	1460,20
851,21	1456,11
851,39	1497,07
851,57	1411,05
851,75	1470,44
851,93	1525,74
852,11	1427,43
852,29	1437,67
852,47	1488,87
852,66	1452,01
852,84	1413,10
853,02	1423,34
853,20	1527,78
853,38	1441,77
853,56	1507,30
853,74	1359,85
853,92	1425,39
854,10	1452,01
854,28	1507,30
854,46	1447,91
854,65	1470,44
854,83	1429,48
855,01	1439,72
855,19	1462,25
855,37	1402,86
855,55	1482,73
855,73	1552,36
855,91	1427,43
856,09	1402,86
856,27	1456,11
856,45	1439,72
856,63	1396,71
856,81	1472,49
857,00	1466,35
857,18	1511,40
857,36	1388,52
857,54	1488,87
857,72	1456,11
857,90	1548,26
858,08	1458,15
858,26	1439,72
858,44	1484,78
858,62	1540,07
858,80	1488,87
858,98	1554,41
859,16	1447,91
859,34	1468,39
859,52	1439,72
859,70	1492,97
859,88	1439,72
860,06	1439,72
860,24	1460,20
860,42	1511,40
860,60	1527,78
860,78	1427,43
860,96	1460,20
861,14	1437,67
861,32	1478,63
861,50	1427,43
861,69	1454,06
861,87	1464,30
862,05	1470,44
862,23	1423,34
862,41	1441,77
862,59	1427,43
862,77	1427,43
862,95	1470,44
863,13	1497,07
863,31	1413,10
863,49	1333,23
863,67	1449,96
863,85	1415,15
864,03	1550,31
864,21	1427,43
864,39	1421,29
864,57	1447,91
864,75	1456,11
864,92	1486,83
865,10	1464,30
865,28	1431,53
865,46	1470,44
865,64	1400,81
865,82	1449,96
866,00	1380,33
866,18	1425,39
866,36	1390,57
866,54	1527,78
866,72	1363,95
866,90	1466,35
867,08	1484,78
867,26	1513,45
867,44	1378,28
867,62	1456,11
867,80	1439,72
867,98	1546,22
868,16	1497,07
868,34	1466,35
868,52	1413,10
868,70	1550,31
868,88	1443,82
869,06	1482,73
869,24	1392,62
869,42	1409,00
869,59	1529,83
869,77	1427,43
869,95	1490,92
870,13	1476,59
870,31	1415,15
870,49	1513,45
870,67	1404,91
870,85	1411,05
871,03	1433,58
871,21	1474,54
871,39	1460,20
871,57	1466,35
871,75	1394,67
871,92	1445,87
872,10	1482,73
872,28	1417,19
872,46	1394,67
872,64	1370,09
872,82	1439,72
873,00	1462,25
873,18	1357,80
873,36	1394,67
873,54	1413,10
873,72	1449,96
873,89	1466,35
874,07	1439,72
874,25	1486,83
874,43	1413,10
874,61	1472,49
874,79	1460,20
874,97	1433,58
875,15	1472,49
875,33	1411,05
875,50	1472,49
875,68	1398,76
875,86	1566,70
876,04	1484,78
876,22	1499,11
876,40	1433,58
876,58	1429,48
876,76	1476,59
876,93	1484,78
877,11	1423,34
877,29	1460,20
877,47	1415,15
877,65	1400,81
877,83	1409,00
878,01	1361,90
878,18	1382,38
878,36	1429,48
878,54	1378,28
878,72	1452,01
878,90	1384,43
879,08	1552,36
879,25	1431,53
879,43	1392,62
879,61	1478,63
879,79	1390,57
879,97	1406,95
880,15	1499,11
880,32	1386,47
880,50	1490,92
880,68	1443,82
880,86	1474,54
881,04	1466,35
881,22	1492,97
881,39	1456,11
881,57	1566,70
881,75	1458,15
881,93	1392,62
882,11	1480,68
882,28	1466,35
882,46	1423,34
882,64	1474,54
882,82	1409,00
883,00	1452,01
883,18	1386,47
883,35	1484,78
883,53	1460,20
883,71	1523,69
883,89	1458,15
884,07	1458,15
884,24	1427,43
884,42	1447,91
884,60	1447,91
884,78	1544,17
884,95	1382,38
885,13	1392,62
885,31	1425,39
885,49	1482,73
885,67	1454,06
885,84	1445,87
886,02	1370,09
886,20	1396,71
886,38	1384,43
886,55	1396,71
886,73	1372,14
886,91	1435,63
887,09	1394,67
887,26	1421,29
887,44	1552,36
887,62	1439,72
887,80	1454,06
887,98	1343,47
888,15	1423,34
888,33	1417,19
888,51	1466,35
888,69	1564,65
888,86	1421,29
889,04	1515,50
889,22	1421,29
889,39	1552,36
889,57	1417,19
889,75	1503,21
889,93	1441,77
890,10	1513,45
890,28	1376,24
890,46	1396,71
890,64	1404,91
890,81	1431,53
890,99	1413,10
891,17	1406,95
891,34	1456,11
891,52	1468,39
891,70	1349,61
891,88	1484,78
892,05	1462,25
892,23	1423,34
892,41	1462,25
892,58	1441,77
892,76	1409,00
892,94	1433,58
893,12	1460,20
893,29	1476,59
893,47	1388,52
893,65	1351,66
893,82	1437,67
894,00	1456,11
894,18	1501,16
894,35	1449,96
894,53	1443,82
894,71	1542,12
894,89	1406,95
895,06	1425,39
895,24	1372,14
895,42	1366,00
895,59	1490,92
895,77	1439,72
895,95	1435,63
896,12	1419,24
896,30	1433,58
896,48	1429,48
896,65	1462,25
896,83	1421,29
897,01	1441,77
897,18	1468,39
897,36	1509,35
897,54	1413,10
897,71	1452,01
897,89	1400,81
898,07	1378,28
898,24	1437,67
898,42	1372,14
898,59	1423,34
898,77	1396,71
898,95	1392,62
899,12	1409,00
899,30	1402,86
899,48	1476,59
899,65	1458,15
899,83	1359,85
900,01	1339,37
900,18	1368,04
900,36	1411,05
900,53	1400,81
900,71	1480,68
900,89	1474,54
901,06	1454,06
901,24	1439,72
901,42	1380,33
901,59	1402,86
901,77	1382,38
901,94	1513,45
902,12	1402,86
902,30	1470,44
902,47	1339,37
902,65	1390,57
902,82	1456,11
903,00	1466,35
903,18	1423,34
903,35	1378,28
903,53	1433,58
903,70	1486,83
903,88	1447,91
904,06	1425,39
904,23	1452,01
904,41	1386,47
904,58	1456,11
904,76	1462,25
904,93	1501,16
905,11	1454,06
905,29	1464,30
905,46	1351,66
905,64	1470,44
905,81	1411,05
905,99	1427,43
906,16	1523,69
906,34	1427,43
906,52	1468,39
906,69	1427,43
906,87	1456,11
907,04	1390,57
907,22	1390,57
907,39	1464,30
907,57	1476,59
907,75	1501,16
907,92	1417,19
908,10	1429,48
908,27	1476,59
908,45	1478,63
908,62	1439,72
908,80	1441,77
908,97	1347,56
909,15	1460,20
909,32	1384,43
909,50	1411,05
909,67	1413,10
909,85	1404,91
910,03	1386,47
910,20	1406,95
910,38	1419,24
910,55	1406,95
910,73	1421,29
910,90	1482,73
911,08	1480,68
911,25	1533,93
911,43	1482,73
911,60	1390,57
911,78	1425,39
911,95	1439,72
912,13	1427,43
912,30	1409,00
912,48	1452,01
912,65	1490,92
912,83	1488,87
913,00	1449,96
913,18	1447,91
913,35	1423,34
913,53	1427,43
913,70	1472,49
913,88	1378,28
914,05	1458,15
914,23	1390,57
914,40	1411,05
914,58	1474,54
914,75	1480,68
914,93	1425,39
915,10	1429,48
915,27	1433,58
915,45	1462,25
915,62	1468,39
915,80	1429,48
915,97	1449,96
916,15	1429,48
916,32	1507,30
916,50	1466,35
916,67	1413,10
916,85	1425,39
917,02	1394,67
917,20	1464,30
917,37	1359,85
917,54	1519,59
917,72	1490,92
917,89	1468,39
918,07	1505,26
918,24	1558,50
918,42	1419,24
918,59	1437,67
918,77	1445,87
918,94	1456,11
919,11	1409,00
919,29	1372,14
919,46	1480,68
919,64	1472,49
919,81	1439,72
919,99	1351,66
920,16	1527,78
920,33	1427,43
920,51	1427,43
920,68	1454,06
920,86	1421,29
921,03	1540,07
921,20	1361,90
921,38	1411,05
921,55	1433,58
921,73	1378,28
921,90	1390,57
922,07	1505,26
922,25	1501,16
922,42	1466,35
922,60	1398,76
922,77	1460,20
922,94	1550,31
923,12	1398,76
923,29	1476,59
923,47	1466,35
923,64	1486,83
923,81	1449,96
923,99	1318,89
924,16	1525,74
924,34	1441,77
924,51	1411,05
924,68	1572,84
924,86	1406,95
925,03	1425,39
925,20	1562,60
925,38	1392,62
925,55	1470,44
925,72	1343,47
925,90	1406,95
926,07	1384,43
926,25	1406,95
926,42	1417,19
926,59	1406,95
926,77	1454,06
926,94	1445,87
927,11	1427,43
927,29	1454,06
927,46	1380,33
927,63	1492,97
927,81	1501,16
927,98	1501,16
928,15	1404,91
928,33	1581,03
928,50	1468,39
928,67	1517,54
928,85	1443,82
929,02	1452,01
929,19	1456,11
929,37	1462,25
929,54	1435,63
929,71	1501,16
929,89	1533,93
930,06	1402,86
930,23	1478,63
930,41	1490,92
930,58	1415,15
930,75	1517,54
930,92	1509,35
931,10	1400,81
931,27	1454,06
931,44	1546,22
931,62	1396,71
931,79	1402,86
931,96	1474,54
932,14	1427,43
932,31	1419,24
932,48	1495,02
932,65	1431,53
932,83	1447,91
933,00	1460,20
933,17	1492,97
933,35	1519,59
933,52	1439,72
933,69	1439,72
933,86	1439,72
934,04	1406,95
934,21	1452,01
934,38	1513,45
934,55	1445,87
934,73	1431,53
934,90	1398,76
935,07	1466,35
935,25	1497,07
935,42	1404,91
935,59	1417,19
935,76	1370,09
935,94	1433,58
936,11	1456,11
936,28	1415,15
936,45	1374,19
936,63	1345,52
936,80	1359,85
936,97	1435,63
937,14	1476,59
937,31	1484,78
937,49	1490,92
937,66	1382,38
937,83	1382,38
938,00	1486,83
938,18	1517,54
938,35	1464,30
938,52	1484,78
938,69	1429,48
938,87	1439,72
939,04	1400,81
939,21	1427,43
939,38	1447,91
939,55	1398,76
939,73	1503,21
939,90	1484,78
940,07	1466,35
940,24	1376,24
940,41	1433,58
940,59	1386,47
940,76	1464,30
940,93	1372,14
941,10	1402,86
941,27	1437,67
941,45	1484,78
941,62	1409,00
941,79	1435,63
941,96	1355,76
942,13	1464,30
942,31	1415,15
942,48	1468,39
942,65	1458,15
942,82	1437,67
942,99	1425,39
943,16	1472,49
943,34	1484,78
943,51	1447,91
943,68	1472,49
943,85	1333,23
944,02	1507,30
944,19	1464,30
944,37	1474,54
944,54	1492,97
944,71	1449,96
944,88	1556,46
945,05	1425,39
945,22	1464,30
945,40	1484,78
945,57	1402,86
945,74	1431,53
945,91	1376,24
946,08	1542,12
946,25	1454,06
946,42	1380,33
946,60	1431,53
946,77	1476,59
946,94	1521,64
947,11	1447,91
947,28	1413,10
947,45	1437,67
947,62	1400,81
947,79	1472,49
947,97	1501,16
948,14	1474,54
948,31	1437,67
948,48	1435,63
948,65	1456,11
948,82	1355,76
948,99	1417,19
949,16	1513,45
949,33	1431,53
949,51	1507,30
949,68	1425,39
949,85	1447,91
950,02	1468,39
950,19	1449,96
950,36	1497,07
950,53	1447,91
950,70	1382,38
950,87	1521,64
951,04	1392,62
951,22	1400,81
951,39	1470,44
951,56	1415,15
951,73	1466,35
951,90	1449,96
952,07	1429,48
952,24	1449,96
952,41	1484,78
952,58	1404,91
952,75	1439,72
952,92	1462,25
953,09	1482,73
953,26	1402,86
953,43	1445,87
953,61	1538,02
953,78	1535,98
953,95	1478,63
954,12	1404,91
954,29	1468,39
954,46	1462,25
954,63	1452,01
954,80	1480,68
954,97	1386,47
955,14	1439,72
955,31	1425,39
955,48	1409,00
955,65	1433,58
955,82	1378,28
955,99	1464,30
956,16	1460,20
956,33	1476,59
956,50	1421,29
956,67	1439,72
956,84	1460,20
957,01	1425,39
957,18	1439,72
957,35	1431,53
957,52	1519,59
957,69	1452,01
957,86	1415,15
958,03	1421,29
958,20	1470,44
958,37	1462,25
958,54	1462,25
958,71	1312,75
958,88	1503,21
959,05	1349,61
959,22	1433,58
959,39	1509,35
959,56	1392,62
959,73	1468,39
959,90	1435,63
960,07	1423,34
960,24	1447,91
960,41	1363,95
960,58	1431,53
960,75	1406,95
960,92	1501,16
961,09	1458,15
961,26	1538,02
961,43	1449,96
961,60	1460,20
961,77	1429,48
961,94	1447,91
962,11	1433,58
962,28	1470,44
962,45	1388,52
962,62	1290,22
962,79	1398,76
962,96	1492,97
963,13	1478,63
963,30	1452,01
963,47	1415,15
963,64	1476,59
963,81	1476,59
963,98	1411,05
964,14	1449,96
964,31	1495,02
964,48	1484,78
964,65	1456,11
964,82	1398,76
964,99	1478,63
965,16	1349,61
965,33	1306,60
965,50	1495,02
965,67	1421,29
965,84	1435,63
966,01	1435,63
966,18	1386,47
966,35	1472,49
966,51	1521,64
966,68	1515,50
966,85	1490,92
967,02	1443,82
967,19	1488,87
967,36	1454,06
967,53	1439,72
967,70	1454,06
967,87	1468,39
968,04	1411,05
968,21	1419,24
968,37	1427,43
968,54	1382,38
968,71	1466,35
968,88	1441,77
969,05	1433,58
969,22	1425,39
969,39	1456,11
969,56	1413,10
969,72	1419,24
969,89	1429,48
970,06	1460,20
970,23	1443,82
970,40	1406,95
970,57	1415,15
970,74	1437,67
970,91	1351,66
971,07	1423,34
971,24	1505,26
971,41	1386,47
971,58	1447,91
971,75	1456,11
971,92	1423,34
972,09	1366,00
972,25	1290,22
972,42	1368,04
972,59	1376,24
972,76	1372,14
972,93	1488,87
973,10	1441,77
973,27	1478,63
973,43	1423,34
973,60	1400,81
973,77	1421,29
973,94	1427,43
974,11	1439,72
974,28	1478,63
974,44	1386,47
974,61	1447,91
974,78	1392,62
974,95	1396,71
975,12	1460,20
975,28	1497,07
975,45	1421,29
975,62	1378,28
975,79	1386,47
975,96	1380,33
976,12	1388,52
976,29	1490,92
976,46	1454,06
976,63	1370,09
976,80	1431,53
976,96	1425,39
977,13	1351,66
977,30	1435,63
977,47	1378,28
977,64	1460,20
977,80	1413,10
977,97	1374,19
978,14	1521,64
978,31	1349,61
978,48	1390,57
978,64	1419,24
978,81	1357,80
978,98	1437,67
979,15	1394,67
979,31	1431,53
979,48	1460,20
979,65	1419,24
979,82	1452,01
979,98	1386,47
980,15	1409,00
980,32	1495,02
980,49	1400,81
980,66	1370,09
980,82	1421,29
980,99	1361,90
981,16	1445,87
981,33	1404,91
981,49	1443,82
981,66	1492,97
981,83	1441,77
981,99	1427,43
982,16	1353,71
982,33	1425,39
982,50	1409,00
982,66	1433,58
982,83	1423,34
983,00	1474,54
983,17	1431,53
983,33	1394,67
983,50	1470,44
983,67	1423,34
983,83	1374,19
984,00	1421,29
984,17	1468,39
984,34	1398,76
984,50	1404,91
984,67	1345,52
984,84	1439,72
985,00	1404,91
985,17	1411,05
985,34	1363,95
985,51	1501,16
985,67	1366,00
985,84	1372,14
986,01	1382,38
986,17	1431,53
986,34	1398,76
986,51	1370,09
986,67	1325,04
986,84	1517,54
987,01	1347,56
987,17	1406,95
987,34	1413,10
987,51	1361,90
987,67	1406,95
987,84	1495,02
988,01	1462,25
988,17	1452,01
988,34	1370,09
988,51	1423,34
988,67	1406,95
988,84	1470,44
989,01	1306,60
989,17	1386,47
989,34	1366,00
989,51	1417,19
989,67	1429,48
989,84	1435,63
990,01	1394,67
990,17	1396,71
990,34	1390,57
990,51	1419,24
990,67	1376,24
990,84	1486,83
991,01	1359,85
991,17	1447,91
991,34	1433,58
991,50	1394,67
991,67	1417,19
991,84	1374,19
992,00	1349,61
992,17	1382,38
992,34	1433,58
992,50	1404,91
992,67	1476,59
992,83	1470,44
993,00	1402,86
993,17	1398,76
993,33	1333,23
993,50	1458,15
993,66	1343,47
993,83	1460,20
994,00	1349,61
994,16	1409,00
994,33	1445,87
994,49	1417,19
994,66	1349,61
994,83	1437,67
994,99	1445,87
995,16	1411,05
995,32	1400,81
995,49	1538,02
995,66	1419,24
995,82	1472,49
995,99	1359,85
996,15	1441,77
996,32	1415,15
996,48	1427,43
996,65	1390,57
996,82	1386,47
996,98	1384,43
997,15	1443,82
997,31	1449,96
997,48	1347,56
997,64	1394,67
997,81	1411,05
997,97	1384,43
998,14	1366,00
998,31	1372,14
998,47	1292,27
998,64	1417,19
998,80	1413,10
998,97	1423,34
999,13	1542,12
999,30	1398,76
999,46	1445,87
999,63	1413,10
999,79	1396,71
999,96	1464,30
1000,12	1423,34
1000,29	1402,86
1000,45	1468,39
1000,62	1320,94
1000,79	1499,11
1000,95	1392,62
1001,12	1406,95
1001,28	1427,43
1001,45	1425,39
1001,61	1484,78
1001,78	1421,29
1001,94	1460,20
1002,11	1507,30
1002,27	1392,62
1002,44	1353,71
1002,60	1351,66
1002,77	1505,26
1002,93	1419,24
1003,10	1366,00
1003,26	1406,95
1003,43	1480,68
1003,59	1443,82
1003,76	1404,91
1003,92	1411,05
1004,09	1384,43
1004,25	1447,91
1004,41	1441,77
1004,58	1464,30
1004,74	1445,87
1004,91	1402,86
1005,07	1447,91
1005,24	1486,83
1005,40	1425,39
1005,57	1355,76
1005,73	1447,91
1005,90	1396,71
1006,06	1363,95
1006,23	1402,86
1006,39	1368,04
1006,55	1275,88
1006,72	1308,65
1006,88	1435,63
1007,05	1470,44
1007,21	1425,39
1007,38	1406,95
1007,54	1390,57
1007,71	1368,04
1007,87	1433,58
1008,03	1353,71
1008,20	1423,34
1008,36	1384,43
1008,53	1435,63
1008,69	1419,24
1008,86	1392,62
1009,02	1411,05
1009,18	1445,87
1009,35	1345,52
1009,51	1376,24
1009,68	1486,83
1009,84	1429,48
1010,01	1423,34
1010,17	1431,53
1010,33	1456,11
1010,50	1327,08
1010,66	1613,80
1010,83	1335,28
1010,99	1474,54
1011,15	1372,14
1011,32	1480,68
1011,48	1345,52
1011,65	1431,53
1011,81	1460,20
1011,97	1390,57
1012,14	1464,30
1012,30	1495,02
1012,46	1452,01
1012,63	1339,37
1012,79	1462,25
1012,96	1398,76
1013,12	1423,34
1013,28	1441,77
1013,45	1478,63
1013,61	1370,09
1013,77	1398,76
1013,94	1441,77
1014,10	1372,14
1014,26	1402,86
1014,43	1472,49
1014,59	1345,52
1014,76	1386,47
1014,92	1447,91
1015,08	1318,89
1015,25	1464,30
1015,41	1425,39
1015,57	1349,61
1015,74	1353,71
1015,90	1398,76
1016,06	1349,61
1016,23	1419,24
1016,39	1349,61
1016,55	1435,63
1016,72	1339,37
1016,88	1396,71
1017,04	1325,04
1017,21	1417,19
1017,37	1345,52
1017,53	1382,38
1017,70	1419,24
1017,86	1378,28
1018,02	1370,09
1018,19	1421,29
1018,35	1439,72
1018,51	1413,10
1018,67	1366,00
1018,84	1386,47
1019,00	1380,33
1019,16	1374,19
1019,33	1456,11
1019,49	1411,05
1019,65	1349,61
1019,82	1353,71
1019,98	1392,62
1020,14	1402,86
1020,30	1472,49
1020,47	1339,37
1020,63	1347,56
1020,79	1433,58
1020,96	1400,81
1021,12	1413,10
1021,28	1472,49
1021,44	1359,85
1021,61	1413,10
1021,77	1368,04
1021,93	1361,90
1022,09	1409,00
1022,26	1347,56
1022,42	1394,67
1022,58	1460,20
1022,74	1363,95
1022,91	1406,95
1023,07	1384,43
1023,23	1386,47
1023,39	1449,96
1023,56	1400,81
1023,72	1482,73
1023,88	1439,72
1024,04	1357,80
1024,21	1406,95
1024,37	1433,58
1024,53	1370,09
1024,69	1396,71
1024,86	1417,19
1025,02	1386,47
1025,18	1376,24
1025,34	1388,52
1025,50	1372,14
1025,67	1366,00
1025,83	1466,35
1025,99	1427,43
1026,15	1501,16
1026,32	1382,38
1026,48	1339,37
1026,64	1449,96
1026,80	1441,77
1026,96	1513,45
1027,13	1476,59
1027,29	1413,10
1027,45	1359,85
1027,61	1372,14
1027,77	1384,43
1027,94	1374,19
1028,10	1386,47
1028,26	1370,09
1028,42	1351,66
1028,58	1462,25
1028,75	1322,99
1028,91	1452,01
1029,07	1443,82
1029,23	1464,30
1029,39	1327,08
1029,55	1415,15
1029,72	1447,91
1029,88	1415,15
1030,04	1413,10
1030,20	1353,71
1030,36	1335,28
1030,52	1347,56
1030,69	1421,29
1030,85	1429,48
1031,01	1376,24
1031,17	1435,63
1031,33	1394,67
1031,49	1388,52
1031,65	1398,76
1031,82	1400,81
1031,98	1335,28
1032,14	1474,54
1032,30	1349,61
1032,46	1431,53
1032,62	1417,19
1032,78	1435,63
1032,95	1376,24
1033,11	1388,52
1033,27	1378,28
1033,43	1398,76
1033,59	1384,43
1033,75	1341,42
1033,91	1390,57
1034,07	1458,15
1034,24	1374,19
1034,40	1351,66
1034,56	1431,53
1034,72	1374,19
1034,88	1386,47
1035,04	1374,19
1035,20	1376,24
1035,36	1325,04
1035,52	1490,92
1035,68	1316,84
1035,85	1331,18
1036,01	1423,34
1036,17	1482,73
1036,33	1402,86
1036,49	1327,08
1036,65	1339,37
1036,81	1486,83
1036,97	1406,95
1037,13	1421,29
1037,29	1378,28
1037,45	1415,15
1037,61	1415,15
1037,78	1396,71
1037,94	1400,81
1038,10	1368,04
1038,26	1349,61
1038,42	1384,43
1038,58	1411,05
1038,74	1359,85
1038,90	1402,86
1039,06	1441,77
1039,22	1427,43
1039,38	1439,72
1039,54	1421,29
1039,70	1357,80
1039,86	1361,90
1040,02	1368,04
1040,18	1439,72
1040,34	1404,91
1040,50	1470,44
1040,66	1376,24
1040,83	1441,77
1040,99	1415,15
1041,15	1468,39
1041,31	1542,12
1041,47	1443,82
1041,63	1468,39
1041,79	1349,61
1041,95	1382,38
1042,11	1437,67
1042,27	1433,58
1042,43	1439,72
1042,59	1394,67
1042,75	1374,19
1042,91	1466,35
