344,25	1259,50
344,46	1259,50
344,68	1259,50
344,90	1247,21
345,12	1210,35
345,34	1376,24
345,55	1331,18
345,77	1447,91
345,99	1345,52
346,21	1411,05
346,42	1423,34
346,64	1429,48
346,86	1310,70
347,08	1390,57
347,30	1433,58
347,51	1366,00
347,73	1359,85
347,95	1427,43
348,17	1429,48
348,38	1429,48
348,60	1435,63
348,82	1411,05
349,04	1472,49
349,25	1511,40
349,47	1443,82
349,69	1386,47
349,91	1443,82
350,13	1427,43
350,34	1347,56
350,56	1314,80
350,78	1439,72
351,00	1386,47
351,21	1468,39
351,43	1406,95
351,65	1322,99
351,87	1482,73
352,08	1394,67
352,30	1456,11
352,52	1386,47
352,74	1349,61
352,95	1388,52
353,17	1392,62
353,39	1368,04
353,61	1501,16
353,82	1421,29
354,04	1441,77
354,26	1425,39
354,47	1394,67
354,69	1511,40
354,91	1345,52
355,13	1402,86
355,34	1374,19
355,56	1378,28
355,78	1452,01
356,00	1458,15
356,21	1447,91
356,43	1320,94
356,65	1425,39
356,86	1363,95
357,08	1529,83
357,30	1439,72
357,52	1400,81
357,73	1400,81
357,95	1458,15
358,17	1384,43
358,38	1439,72
358,60	1452,01
358,82	1456,11
359,04	1363,95
359,25	1511,40
359,47	1388,52
359,69	1325,04
359,90	1380,33
360,12	1449,96
360,34	1435,63
360,56	1361,90
360,77	1488,87
360,99	1513,45
361,21	1427,43
361,42	1413,10
361,64	1464,30
361,86	1511,40
362,07	1423,34
362,29	1533,93
362,51	1466,35
362,73	1427,43
362,94	1402,86
363,16	1452,01
363,38	1419,24
363,59	1525,74
363,81	1490,92
364,03	1392,62
364,24	1484,78
364,46	1447,91
364,68	1443,82
364,89	1427,43
365,11	1458,15
365,33	1482,73
365,54	1505,26
365,76	1452,01
365,98	1458,15
366,19	1454,06
366,41	1546,22
366,63	1435,63
366,84	1482,73
367,06	1392,62
367,28	1495,02
367,49	1439,72
367,71	1484,78
367,93	1421,29
368,14	1433,58
368,36	1468,39
368,58	1417,19
368,79	1458,15
369,01	1486,83
369,23	1552,36
369,44	1470,44
369,66	1374,19
369,88	1445,87
370,09	1441,77
370,31	1521,64
370,53	1488,87
370,74	1413,10
370,96	1402,86
371,18	1404,91
371,39	1488,87
371,61	1470,44
371,82	1521,64
372,04	1427,43
372,26	1495,02
372,47	1431,53
372,69	1437,67
372,91	1538,02
373,12	1400,81
373,34	1497,07
373,56	1429,48
373,77	1419,24
373,99	1501,16
374,20	1443,82
374,42	1468,39
374,64	1548,26
374,85	1388,52
375,07	1468,39
375,29	1511,40
375,50	1398,76
375,72	1437,67
375,93	1431,53
376,15	1417,19
376,37	1423,34
376,58	1437,67
376,80	1554,41
377,01	1400,81
377,23	1458,15
377,45	1462,25
377,66	1437,67
377,88	1415,15
378,10	1488,87
378,31	1402,86
378,53	1484,78
378,74	1454,06
378,96	1452,01
379,18	1449,96
379,39	1396,71
379,61	1413,10
379,82	1495,02
380,04	1486,83
380,26	1427,43
380,47	1363,95
380,69	1484,78
380,90	1488,87
381,12	1333,23
381,33	1449,96
381,55	1449,96
381,77	1486,83
381,98	1368,04
382,20	1370,09
382,41	1388,52
382,63	1415,15
382,85	1488,87
383,06	1501,16
383,28	1523,69
383,49	1447,91
383,71	1431,53
383,92	1411,05
384,14	1394,67
384,36	1378,28
384,57	1417,19
384,79	1314,80
385,00	1472,49
385,22	1474,54
385,43	1447,91
385,65	1433,58
385,87	1419,24
386,08	1349,61
386,30	1335,28
386,51	1404,91
386,73	1421,29
386,94	1400,81
387,16	1439,72
387,37	1492,97
387,59	1421,29
387,81	1439,72
388,02	1509,35
388,24	1390,57
388,45	1390,57
388,67	1431,53
388,88	1411,05
389,10	1345,52
389,31	1458,15
389,53	1409,00
389,75	1495,02
389,96	1392,62
390,18	1437,67
390,39	1447,91
390,61	1417,19
390,82	1396,71
391,04	1388,52
391,25	1472,49
391,47	1411,05
391,68	1374,19
391,90	1480,68
392,11	1423,34
392,33	1378,28
392,54	1396,71
392,76	1380,33
392,97	1390,57
393,19	1456,11
393,41	1452,01
393,62	1431,53
393,84	1495,02
394,05	1419,24
394,27	1423,34
394,48	1456,11
394,70	1517,54
394,91	1452,01
395,13	1427,43
395,34	1452,01
395,56	1468,39
395,77	1425,39
395,99	1460,20
396,20	1456,11
396,42	1406,95
396,63	1329,13
396,85	1464,30
397,06	1505,26
397,28	1406,95
397,49	1581,03
397,71	1400,81
397,92	1464,30
398,14	1466,35
398,35	1488,87
398,57	1419,24
398,78	1533,93
399,00	1525,74
399,21	1392,62
399,43	1415,15
399,64	1454,06
399,86	1431,53
400,07	1445,87
400,29	1388,52
400,50	1521,64
400,72	1462,25
400,93	1423,34
401,14	1378,28
401,36	1396,71
401,57	1495,02
401,79	1511,40
402,00	1441,77
402,22	1458,15
402,43	1406,95
402,65	1470,44
402,86	1433,58
403,08	1511,40
403,29	1447,91
403,51	1550,31
403,72	1476,59
403,94	1484,78
404,15	1480,68
404,36	1488,87
404,58	1685,48
404,79	1445,87
405,01	1458,15
405,22	1449,96
405,44	1402,86
405,65	1439,72
405,87	1415,15
406,08	1447,91
406,30	1409,00
406,51	1433,58
406,72	1441,77
406,94	1449,96
407,15	1425,39
407,37	1511,40
407,58	1433,58
407,80	1529,83
408,01	1495,02
408,23	1484,78
408,44	1433,58
408,65	1372,14
408,87	1474,54
409,08	1468,39
409,30	1474,54
409,51	1421,29
409,73	1497,07
409,94	1490,92
410,15	1490,92
410,37	1396,71
410,58	1472,49
410,80	1413,10
411,01	1443,82
411,23	1468,39
411,44	1425,39
411,65	1609,70
411,87	1435,63
412,08	1411,05
412,30	1478,63
412,51	1515,50
412,72	1470,44
412,94	1470,44
413,15	1478,63
413,37	1478,63
413,58	1456,11
413,79	1429,48
414,01	1433,58
414,22	1462,25
414,44	1384,43
414,65	1425,39
414,86	1378,28
415,08	1417,19
415,29	1425,39
415,51	1318,89
415,72	1421,29
415,93	1437,67
416,15	1427,43
416,36	1474,54
416,58	1574,89
416,79	1460,20
417,00	1464,30
417,22	1441,77
417,43	1505,26
417,65	1380,33
417,86	1462,25
418,07	1558,50
418,29	1437,67
418,50	1441,77
418,71	1439,72
418,93	1380,33
419,14	1400,81
419,36	1439,72
419,57	1384,43
419,78	1445,87
420,00	1427,43
420,21	1486,83
420,42	1503,21
420,64	1476,59
420,85	1370,09
421,06	1425,39
421,28	1433,58
421,49	1486,83
421,71	1540,07
421,92	1437,67
422,13	1449,96
422,35	1509,35
422,56	1447,91
422,77	1521,64
422,99	1427,43
423,20	1406,95
423,41	1411,05
423,63	1404,91
423,84	1495,02
424,05	1359,85
424,27	1398,76
424,48	1452,01
424,69	1449,96
424,91	1667,05
425,12	1423,34
425,33	1437,67
425,55	1474,54
425,76	1421,29
425,97	1466,35
426,19	1447,91
426,40	1456,11
426,61	1411,05
426,83	1398,76
427,04	1564,65
427,25	1396,71
427,47	1533,93
427,68	1468,39
427,89	1538,02
428,11	1464,30
428,32	1439,72
428,53	1476,59
428,75	1417,19
428,96	1511,40
429,17	1505,26
429,39	1447,91
429,60	1468,39
429,81	1548,26
430,03	1447,91
430,24	1421,29
430,45	1402,86
430,67	1468,39
430,88	1521,64
431,09	1470,44
431,30	1378,28
431,52	1505,26
431,73	1409,00
431,94	1523,69
432,16	1490,92
432,37	1394,67
432,58	1507,30
432,80	1472,49
433,01	1466,35
433,22	1382,38
433,43	1456,11
433,65	1366,00
433,86	1388,52
434,07	1419,24
434,29	1462,25
434,50	1347,56
434,71	1535,98
434,92	1460,20
435,14	1587,18
435,35	1454,06
435,56	1427,43
435,77	1456,11
435,99	1484,78
436,20	1452,01
436,41	1486,83
436,63	1431,53
436,84	1439,72
437,05	1447,91
437,26	1452,01
437,48	1511,40
437,69	1458,15
437,90	1347,56
438,11	1431,53
438,33	1456,11
438,54	1464,30
438,75	1472,49
438,96	1441,77
439,18	1411,05
439,39	1509,35
439,60	1409,00
439,82	1452,01
440,03	1472,49
440,24	1484,78
440,45	1419,24
440,67	1476,59
440,88	1484,78
441,09	1538,02
441,30	1480,68
441,51	1501,16
441,73	1449,96
441,94	1327,08
442,15	1505,26
442,36	1497,07
442,58	1398,76
442,79	1396,71
443,00	1411,05
443,21	1515,50
443,43	1452,01
443,64	1363,95
443,85	1359,85
444,06	1458,15
444,28	1495,02
444,49	1392,62
444,70	1447,91
444,91	1533,93
445,12	1503,21
445,34	1429,48
445,55	1538,02
445,76	1531,88
445,97	1388,52
446,18	1433,58
446,40	1538,02
446,61	1404,91
446,82	1343,47
447,03	1558,50
447,25	1421,29
447,46	1417,19
447,67	1523,69
447,88	1478,63
448,09	1415,15
448,31	1583,08
448,52	1439,72
448,73	1533,93
448,94	1390,57
449,15	1427,43
449,37	1462,25
449,58	1517,54
449,79	1511,40
450,00	1572,84
450,21	1476,59
450,43	1488,87
450,64	1495,02
450,85	1400,81
451,06	1617,90
451,27	1509,35
451,48	1413,10
451,70	1439,72
451,91	1423,34
452,12	1464,30
452,33	1452,01
452,54	1400,81
452,76	1513,45
452,97	1472,49
453,18	1394,67
453,39	1527,78
453,60	1533,93
453,81	1480,68
454,03	1437,67
454,24	1470,44
454,45	1470,44
454,66	1339,37
454,87	1447,91
455,08	1462,25
455,30	1540,07
455,51	1568,74
455,72	1501,16
455,93	1427,43
456,14	1454,06
456,35	1447,91
456,56	1490,92
456,78	1439,72
456,99	1482,73
457,20	1458,15
457,41	1531,88
457,62	1521,64
457,83	1495,02
458,04	1488,87
458,26	1366,00
458,47	1435,63
458,68	1484,78
458,89	1472,49
459,10	1503,21
459,31	1460,20
459,52	1529,83
459,74	1497,07
459,95	1531,88
460,16	1490,92
460,37	1472,49
460,58	1517,54
460,79	1497,07
461,00	1513,45
461,21	1439,72
461,43	1525,74
461,64	1439,72
461,85	1427,43
462,06	1454,06
462,27	1443,82
462,48	1499,11
462,69	1576,94
462,90	1445,87
463,12	1427,43
463,33	1466,35
463,54	1447,91
463,75	1531,88
463,96	1486,83
464,17	1499,11
464,38	1546,22
464,59	1558,50
464,80	1429,48
465,01	1423,34
465,23	1482,73
465,44	1400,81
465,65	1435,63
465,86	1562,60
466,07	1445,87
466,28	1490,92
466,49	1486,83
466,70	1572,84
466,91	1480,68
467,12	1449,96
467,33	1476,59
467,55	1474,54
467,76	1460,20
467,97	1501,16
468,18	1515,50
468,39	1386,47
468,60	1431,53
468,81	1421,29
469,02	1505,26
469,23	1499,11
469,44	1423,34
469,65	1445,87
469,86	1452,01
470,07	1419,24
470,29	1605,61
470,50	1398,76
470,71	1470,44
470,92	1525,74
471,13	1538,02
471,34	1454,06
471,55	1574,89
471,76	1523,69
471,97	1447,91
472,18	1468,39
472,39	1398,76
472,60	1482,73
472,81	1462,25
473,02	1394,67
473,23	1540,07
473,44	1445,87
473,65	1517,54
473,87	1497,07
474,08	1441,77
474,29	1484,78
474,50	1484,78
474,71	1423,34
474,92	1546,22
475,13	1460,20
475,34	1400,81
475,55	1462,25
475,76	1495,02
475,97	1589,22
476,18	1484,78
476,39	1456,11
476,60	1507,30
476,81	1517,54
477,02	1445,87
477,23	1492,97
477,44	1462,25
477,65	1495,02
477,86	1488,87
478,07	1554,41
478,28	1486,83
478,49	1548,26
478,70	1458,15
478,91	1533,93
479,12	1548,26
479,33	1499,11
479,54	1449,96
479,75	1525,74
479,96	1492,97
480,17	1486,83
480,38	1449,96
480,59	1466,35
480,80	1456,11
481,01	1515,50
481,22	1429,48
481,43	1472,49
481,64	1460,20
481,85	1499,11
482,06	1394,67
482,27	1513,45
482,48	1570,79
482,69	1505,26
482,90	1497,07
483,11	1546,22
483,32	1484,78
483,53	1447,91
483,74	1478,63
483,95	1492,97
484,16	1429,48
484,37	1513,45
484,58	1525,74
484,79	1513,45
485,00	1533,93
485,21	1456,11
485,42	1501,16
485,63	1665,00
485,84	1460,20
486,05	1484,78
486,26	1509,35
486,47	1566,70
486,68	1533,93
486,89	1480,68
487,10	1550,31
487,31	1505,26
487,52	1501,16
487,73	1578,98
487,94	1396,71
488,15	1492,97
488,36	1568,74
488,57	1464,30
488,77	1435,63
488,98	1550,31
489,19	1533,93
489,40	1544,17
489,61	1572,84
489,82	1462,25
490,03	1441,77
490,24	1484,78
490,45	1578,98
490,66	1611,75
490,87	1513,45
491,08	1427,43
491,29	1578,98
491,50	1484,78
491,71	1527,78
491,92	1511,40
492,13	1570,79
492,33	1462,25
492,54	1398,76
492,75	1564,65
492,96	1419,24
493,17	1472,49
493,38	1460,20
493,59	1447,91
493,80	1501,16
494,01	1476,59
494,22	1556,46
494,43	1574,89
494,64	1462,25
494,85	1484,78
495,05	1480,68
495,26	1482,73
495,47	1550,31
495,68	1478,63
495,89	1492,97
496,10	1417,19
496,31	1484,78
496,52	1445,87
496,73	1578,98
496,94	1527,78
497,15	1583,08
497,35	1603,56
497,56	1525,74
497,77	1472,49
497,98	1452,01
498,19	1566,70
498,40	1546,22
498,61	1581,03
498,82	1517,54
499,03	1460,20
499,23	1501,16
499,44	1533,93
499,65	1490,92
499,86	1544,17
500,07	1550,31
500,28	1472,49
500,49	1531,88
500,70	1533,93
500,91	1445,87
501,11	1478,63
501,32	1572,84
501,53	1488,87
501,74	1568,74
501,95	1462,25
502,16	1546,22
502,37	1447,91
502,57	1538,02
502,78	1507,30
502,99	1574,89
503,20	1435,63
503,41	1472,49
503,62	1542,12
503,83	1552,36
504,03	1513,45
504,24	1556,46
504,45	1552,36
504,66	1538,02
504,87	1533,93
505,08	1445,87
505,29	1509,35
505,49	1492,97
505,70	1452,01
505,91	1589,22
506,12	1478,63
506,33	1452,01
506,54	1507,30
506,75	1601,51
506,95	1495,02
507,16	1572,84
507,37	1484,78
507,58	1560,55
507,79	1519,59
508,00	1538,02
508,20	1490,92
508,41	1431,53
508,62	1535,98
508,83	1529,83
509,04	1445,87
509,24	1449,96
509,45	1828,84
509,66	1523,69
509,87	1515,50
510,08	1540,07
510,29	1535,98
510,49	1542,12
510,70	1488,87
510,91	1529,83
511,12	1556,46
511,33	1533,93
511,53	1507,30
511,74	1507,30
511,95	1495,02
512,16	1517,54
512,37	1558,50
512,57	1531,88
512,78	1544,17
512,99	1568,74
513,20	1619,94
513,41	1595,37
513,61	1492,97
513,82	1546,22
514,03	1533,93
514,24	1480,68
514,45	1540,07
514,65	1472,49
514,86	1497,07
515,07	1462,25
515,28	1550,31
515,49	1497,07
515,69	1466,35
515,90	1505,26
516,11	1617,90
516,32	1593,32
516,52	1517,54
516,73	1572,84
516,94	1562,60
517,15	1492,97
517,36	1601,51
517,56	1611,75
517,77	1466,35
517,98	1570,79
518,19	1550,31
518,39	1531,88
518,60	1515,50
518,81	1515,50
519,02	1548,26
519,22	1464,30
519,43	1546,22
519,64	1501,16
519,85	1476,59
520,05	1497,07
520,26	1480,68
520,47	1544,17
520,68	1513,45
520,88	1521,64
521,09	1521,64
521,30	1572,84
521,51	1531,88
521,71	1601,51
521,92	1454,06
522,13	1505,26
522,34	1501,16
522,54	1452,01
522,75	1433,58
522,96	1572,84
523,17	1546,22
523,37	1505,26
523,58	1513,45
523,79	1492,97
523,99	1595,37
524,20	1556,46
524,41	1624,04
524,62	1564,65
524,82	1652,71
525,03	1533,93
525,24	1468,39
525,45	1478,63
525,65	1492,97
525,86	1617,90
526,07	1482,73
526,27	1458,15
526,48	1517,54
526,69	1538,02
526,90	1490,92
527,10	1488,87
527,31	1552,36
527,52	1521,64
527,72	1550,31
527,93	1523,69
528,14	1429,48
528,34	1515,50
528,55	1386,47
528,76	1617,90
528,97	1513,45
529,17	1550,31
529,38	1501,16
529,59	1472,49
529,79	1538,02
530,00	1544,17
530,21	1517,54
530,41	1505,26
530,62	1488,87
530,83	1589,22
531,03	1636,33
531,24	1505,26
531,45	1589,22
531,65	1529,83
531,86	1535,98
532,07	1548,26
532,27	1488,87
532,48	1509,35
532,69	1466,35
532,89	1667,05
533,10	1472,49
533,31	1505,26
533,51	1509,35
533,72	1449,96
533,93	1546,22
534,13	1497,07
534,34	1458,15
534,55	1482,73
534,75	1542,12
534,96	1597,42
535,17	1503,21
535,37	1593,32
535,58	1527,78
535,79	1497,07
535,99	1513,45
536,20	1480,68
536,41	1456,11
536,61	1488,87
536,82	1574,89
537,03	1470,44
537,23	1462,25
537,44	1468,39
537,64	1441,77
537,85	1484,78
538,06	1509,35
538,26	1574,89
538,47	1576,94
538,68	1535,98
538,88	1525,74
539,09	1513,45
539,30	1515,50
539,50	1619,94
539,71	1593,32
539,91	1554,41
540,12	1497,07
540,33	1474,54
540,53	1533,93
540,74	1523,69
540,94	1452,01
541,15	1515,50
541,36	1517,54
541,56	1535,98
541,77	1499,11
541,98	1529,83
542,18	1593,32
542,39	1542,12
542,59	1587,18
542,80	1570,79
543,01	1423,34
543,21	1529,83
543,42	1544,17
543,62	1509,35
543,83	1474,54
544,04	1505,26
544,24	1523,69
544,45	1456,11
544,65	1560,55
544,86	1564,65
545,06	1495,02
545,27	1548,26
545,48	1507,30
545,68	1519,59
545,89	1540,07
546,09	1519,59
546,30	1460,20
546,51	1542,12
546,71	1443,82
546,92	1507,30
547,12	1527,78
547,33	1511,40
547,53	1495,02
547,74	1544,17
547,95	1521,64
548,15	1546,22
548,36	1466,35
548,56	1531,88
548,77	1468,39
548,97	1492,97
549,18	1458,15
549,39	1533,93
549,59	1521,64
549,80	1466,35
550,00	1538,02
550,21	1495,02
550,41	1456,11
550,62	1527,78
550,82	1501,16
551,03	1478,63
551,23	1521,64
551,44	1511,40
551,65	1433,58
551,85	1548,26
552,06	1519,59
552,26	1456,11
552,47	1505,26
552,67	1435,63
552,88	1478,63
553,08	1517,54
553,29	1525,74
553,49	1513,45
553,70	1505,26
553,90	1566,70
554,11	1521,64
554,32	1591,27
554,52	1462,25
554,73	1511,40
554,93	1486,83
555,14	1474,54
555,34	1556,46
555,55	1550,31
555,75	1533,93
555,96	1535,98
556,16	1525,74
556,37	1693,67
556,57	1468,39
556,78	1449,96
556,98	1515,50
557,19	1521,64
557,39	1548,26
557,60	1562,60
557,80	1517,54
558,01	1488,87
558,21	1513,45
558,42	1527,78
558,62	1521,64
558,83	1554,41
559,03	1540,07
559,24	1525,74
559,44	1509,35
559,65	1523,69
559,85	1501,16
560,06	1578,98
560,26	1511,40
560,47	1531,88
560,67	1544,17
560,88	1576,94
561,08	1556,46
561,29	1619,94
561,49	1538,02
561,70	1533,93
561,90	1585,13
562,10	1589,22
562,31	1474,54
562,51	1488,87
562,72	1484,78
562,92	1464,30
563,13	1566,70
563,33	1554,41
563,54	1484,78
563,74	1597,42
563,95	1515,50
564,15	1609,70
564,36	1581,03
564,56	1497,07
564,76	1480,68
564,97	1511,40
565,17	1572,84
565,38	1538,02
565,58	1525,74
565,79	1558,50
565,99	1519,59
566,20	1578,98
566,40	1531,88
566,60	1613,80
566,81	1544,17
567,01	1660,90
567,22	1599,46
567,42	1548,26
567,63	1542,12
567,83	1540,07
568,04	1550,31
568,24	1609,70
568,44	1538,02
568,65	1570,79
568,85	1585,13
569,06	1523,69
569,26	1456,11
569,47	1511,40
569,67	1548,26
569,87	1564,65
570,08	1593,32
570,28	1585,13
570,49	1396,71
570,69	1570,79
570,89	1624,04
571,10	1552,36
571,30	1542,12
571,51	1595,37
571,71	1570,79
571,91	1611,75
572,12	1562,60
572,32	1478,63
572,53	1492,97
572,73	1562,60
572,93	1634,28
573,14	1673,19
573,34	1568,74
573,55	1554,41
573,75	1503,21
573,95	1552,36
574,16	1611,75
574,36	1591,27
574,57	1601,51
574,77	1595,37
574,97	1581,03
575,18	1464,30
575,38	1425,39
575,59	1540,07
575,79	1566,70
575,99	1556,46
576,20	1542,12
576,40	1546,22
576,60	1570,79
576,81	1595,37
577,01	1634,28
577,22	1540,07
577,42	1486,83
577,62	1540,07
577,83	1523,69
578,03	1609,70
578,23	1578,98
578,44	1632,23
578,64	1632,23
578,84	1554,41
579,05	1499,11
579,25	1593,32
579,45	1515,50
579,66	1576,94
579,86	1507,30
580,07	1527,78
580,27	1519,59
580,47	1513,45
580,68	1468,39
580,88	1495,02
581,08	1554,41
581,29	1560,55
581,49	1640,42
581,69	1634,28
581,90	1495,02
582,10	1597,42
582,30	1497,07
582,51	1632,23
582,71	1554,41
582,91	1468,39
583,12	1550,31
583,32	1497,07
583,52	1556,46
583,73	1544,17
583,93	1462,25
584,13	1540,07
584,34	1544,17
584,54	1519,59
584,74	1562,60
584,94	1603,56
585,15	1570,79
585,35	1556,46
585,55	1521,64
585,76	1648,61
585,96	1576,94
586,16	1593,32
586,37	1560,55
586,57	1572,84
586,77	1488,87
586,98	1581,03
587,18	1652,71
587,38	1593,32
587,58	1589,22
587,79	1511,40
587,99	1601,51
588,19	1558,50
588,40	1550,31
588,60	1513,45
588,80	1597,42
589,00	1597,42
589,21	1540,07
589,41	1587,18
589,61	1560,55
589,82	1525,74
590,02	1583,08
590,22	1611,75
590,42	1630,18
590,63	1595,37
590,83	1486,83
591,03	1609,70
591,23	1619,94
591,44	1605,61
591,64	1540,07
591,84	1535,98
592,05	1652,71
592,25	1615,85
592,45	1499,11
592,65	1634,28
592,86	1613,80
593,06	1687,53
593,26	1486,83
593,46	1628,14
593,67	1578,98
593,87	1669,09
594,07	1574,89
594,27	1546,22
594,48	1515,50
594,68	1552,36
594,88	1591,27
595,08	1634,28
595,29	1617,90
595,49	1626,09
595,69	1619,94
595,89	1591,27
596,10	1665,00
596,30	1581,03
596,50	1628,14
596,70	1605,61
596,90	1589,22
597,11	1548,26
597,31	1609,70
597,51	1599,46
597,71	1574,89
597,92	1630,18
598,12	1574,89
598,32	1583,08
598,52	1578,98
598,72	1568,74
598,93	1589,22
599,13	1687,53
599,33	1542,12
599,53	1632,23
599,74	1554,41
599,94	1591,27
600,14	1628,14
600,34	1613,80
600,54	1701,86
600,75	1605,61
600,95	1578,98
601,15	1671,14
601,35	1540,07
601,55	1535,98
601,76	1513,45
601,96	1787,88
602,16	1554,41
602,36	1658,85
602,56	1505,26
602,76	1538,02
602,97	1495,02
603,17	1552,36
603,37	1558,50
603,57	1548,26
603,77	1591,27
603,98	1587,18
604,18	1497,07
604,38	1628,14
604,58	1511,40
604,78	1550,31
604,98	1544,17
605,19	1509,35
605,39	1503,21
605,59	1656,81
605,79	1566,70
605,99	1587,18
606,19	1533,93
606,40	1570,79
606,60	1517,54
606,80	1587,18
607,00	1538,02
607,20	1452,01
607,40	1495,02
607,61	1566,70
607,81	1548,26
608,01	1601,51
608,21	1546,22
608,41	1562,60
608,61	1548,26
608,81	1486,83
609,02	1490,92
609,22	1519,59
609,42	1538,02
609,62	1548,26
609,82	1499,11
610,02	1507,30
610,22	1576,94
610,43	1558,50
610,63	1615,85
610,83	1542,12
611,03	1523,69
611,23	1587,18
611,43	1628,14
611,63	1566,70
611,83	1501,16
612,04	1669,09
612,24	1527,78
612,44	1576,94
612,64	1548,26
612,84	1501,16
613,04	1523,69
613,24	1603,56
613,44	1552,36
613,64	1558,50
613,85	1640,42
614,05	1552,36
614,25	1533,93
614,45	1585,13
614,65	1628,14
614,85	1550,31
615,05	1495,02
615,25	1746,92
615,45	1515,50
615,65	1587,18
615,86	1597,42
616,06	1628,14
616,26	1652,71
616,46	1597,42
616,66	1574,89
616,86	1591,27
617,06	1595,37
617,26	1591,27
617,46	1607,66
617,66	1681,38
617,86	1681,38
618,07	1535,98
618,27	1650,66
618,47	1744,87
618,67	1685,48
618,87	1554,41
619,07	1675,24
619,27	1691,62
619,47	1603,56
619,67	1720,29
619,87	1673,19
620,07	1667,05
620,27	1658,85
620,47	1652,71
620,67	1695,72
620,87	1636,33
621,07	1685,48
621,28	1730,53
621,48	1697,77
621,68	1701,86
621,88	1644,52
622,08	1621,99
622,28	1740,77
622,48	1761,25
622,68	1673,19
622,88	1718,25
623,08	1675,24
623,28	1689,57
623,48	1673,19
623,68	1812,45
623,88	1667,05
624,08	1822,69
624,28	1685,48
624,48	1736,68
624,68	1638,38
624,88	1734,63
625,08	1714,15
625,28	1744,87
625,48	1761,25
625,68	1705,96
625,88	1675,24
626,08	1791,97
626,28	1748,97
626,48	1718,25
626,68	1689,57
626,88	1796,07
627,08	1781,73
627,28	1865,70
627,48	1761,25
627,68	1693,67
627,88	1765,35
628,08	1753,06
628,28	1767,40
628,49	1751,01
628,68	1679,33
628,88	1751,01
629,08	1716,20
629,28	1781,73
629,48	1755,11
629,68	1849,32
629,88	1869,80
630,08	1832,93
630,28	1849,32
630,48	1841,12
630,68	1728,49
630,88	1751,01
631,08	1746,92
631,28	1757,16
631,48	1771,49
631,68	1660,90
631,88	1787,88
632,08	1812,45
632,28	1806,31
632,48	1877,99
632,68	1759,21
632,88	1822,69
633,08	1812,45
633,28	1834,98
633,48	1765,35
633,68	1798,12
633,88	1734,63
634,08	1933,28
634,28	1816,55
634,48	1800,16
634,68	1783,78
634,88	1802,21
635,08	1734,63
635,28	1800,16
635,48	1816,55
635,68	1875,94
635,87	1894,37
636,07	1875,94
636,27	1701,86
636,47	1884,13
636,67	1816,55
636,87	1853,41
637,07	1857,51
637,27	1783,78
637,47	1804,26
637,67	1849,32
637,87	1710,05
638,07	1947,62
638,27	1804,26
638,47	1900,52
638,67	1828,84
638,86	1863,65
639,06	1744,87
639,26	1966,05
639,46	1808,36
639,66	1855,46
639,86	1791,97
640,06	1853,41
640,26	1771,49
640,46	1875,94
640,66	1847,27
640,86	1931,23
641,06	1781,73
641,25	1914,85
641,45	1828,84
641,65	1810,40
641,85	1884,13
642,05	1923,04
642,25	1834,98
642,45	1880,04
642,65	1886,18
642,85	1789,92
643,05	1908,71
643,24	1929,19
643,44	1927,14
643,64	1859,56
643,84	1894,37
644,04	1884,13
644,24	1906,66
644,44	1814,50
644,64	1832,93
644,84	1912,80
645,03	1853,41
645,23	1912,80
645,43	1839,08
645,63	2000,87
645,83	1896,42
646,03	1918,95
646,23	1945,57
646,42	2050,02
646,62	1933,28
646,82	1998,82
647,02	1968,10
647,22	2058,21
647,42	1953,76
647,62	1998,82
647,82	1828,84
648,01	2144,22
648,21	1892,32
648,41	1959,91
648,61	2000,87
648,81	2011,11
649,01	1998,82
649,20	1959,91
649,40	1845,22
649,60	1961,95
649,80	1966,05
650,00	1994,72
650,20	1998,82
650,40	1992,67
650,59	1996,77
650,79	2070,50
650,99	1990,63
651,19	1966,05
651,39	1929,19
651,58	1972,19
651,78	2090,98
651,98	2056,16
652,18	1978,34
652,38	2054,11
652,58	1966,05
652,77	2002,91
652,97	2086,88
653,17	2017,25
653,37	2009,06
653,57	2031,58
653,77	1988,58
653,96	2119,65
654,16	1992,67
654,36	1998,82
654,56	2090,98
654,76	2004,96
654,95	2007,01
655,15	2023,39
655,35	1961,95
655,55	2007,01
655,75	2045,92
655,94	2076,64
656,14	1996,77
656,34	2148,32
656,54	2027,49
656,73	2017,25
656,93	2004,96
657,13	2037,73
657,33	2103,26
657,53	2146,27
657,72	2142,18
657,92	2047,97
658,12	2117,60
658,32	2209,76
658,52	2066,40
658,71	2176,99
658,91	2172,89
659,11	2164,70
659,31	2246,62
659,50	2115,55
659,70	2232,29
659,90	2205,66
660,10	2176,99
660,29	2152,42
660,49	2172,89
660,69	2242,53
660,89	2156,51
661,08	2146,27
661,28	2172,89
661,48	2179,04
661,68	2150,37
661,87	2242,53
662,07	2242,53
662,27	2166,75
662,47	2201,57
662,66	2326,49
662,86	2215,90
663,06	2328,54
663,26	2242,53
663,45	2301,92
663,65	2291,68
663,85	2316,25
664,05	2306,01
664,24	2349,02
664,44	2234,33
664,64	2248,67
664,84	2316,25
665,03	2322,40
665,23	2312,16
665,43	2408,41
665,62	2318,30
665,82	2269,15
666,02	2299,87
666,22	2361,31
666,41	2238,43
666,61	2318,30
666,81	2297,82
667,00	2324,44
667,20	2256,86
667,40	2269,15
667,60	2265,05
667,79	2189,28
667,99	2344,92
668,19	2318,30
668,38	2273,25
668,58	2172,89
668,78	2346,97
668,97	2191,33
669,17	2172,89
669,37	2158,56
669,57	2195,42
669,76	2095,07
669,96	2201,57
670,16	1990,63
670,35	2017,25
670,55	2129,89
670,75	1996,77
670,94	1904,61
671,14	2097,12
671,34	1968,10
671,53	1951,71
671,73	1916,90
671,93	1978,34
672,12	1994,72
672,32	1939,43
672,52	1882,08
672,71	1925,09
672,91	1861,60
673,11	1974,24
673,30	1828,84
673,50	1847,27
673,70	1810,40
673,89	1816,55
674,09	1859,56
674,29	1773,54
674,48	1851,36
674,68	1898,47
674,88	1712,10
675,07	1865,70
675,27	1845,22
675,46	1767,40
675,66	1765,35
675,86	1849,32
676,05	1798,12
676,25	1824,74
676,45	1771,49
676,64	1796,07
676,84	1841,12
677,04	1746,92
677,23	1877,99
677,43	1767,40
677,62	1826,79
677,82	1871,84
678,02	1757,16
678,21	1802,21
678,41	1787,88
678,61	1726,44
678,80	1865,70
679,00	1894,37
679,19	1826,79
679,39	1877,99
679,59	1767,40
679,78	1875,94
679,98	1791,97
680,17	1834,98
680,37	1884,13
680,57	1853,41
680,76	1861,60
680,96	1853,41
681,16	1726,44
681,35	1855,46
681,55	1910,75
681,74	1802,21
681,94	1738,73
682,13	1931,23
682,33	1998,82
682,53	1810,40
682,72	1918,95
682,92	1882,08
683,11	1873,89
683,31	1931,23
683,51	1851,36
683,70	2037,73
683,90	1896,42
684,09	1986,53
684,29	1843,17
684,48	1947,62
684,68	1853,41
684,88	2043,87
685,07	1945,57
685,27	2031,58
685,46	1841,12
685,66	2107,36
685,85	2058,21
686,05	2359,26
686,25	2021,35
686,44	2187,23
686,64	2007,01
686,83	2068,45
687,03	2119,65
687,22	2066,40
687,42	1972,19
687,61	2543,58
687,81	2060,26
688,01	2191,33
688,20	2197,47
688,40	2297,82
688,59	2166,75
688,79	2291,68
688,98	2148,32
689,18	2326,49
689,37	2203,61
689,57	2445,27
689,76	2209,76
689,96	2498,52
690,15	2283,49
690,35	2379,74
690,54	2349,02
690,74	2621,40
690,94	2379,74
691,13	2592,73
691,33	2584,54
691,52	2619,35
691,72	2643,93
691,91	2656,22
692,11	2633,69
692,30	2523,10
692,50	2529,24
692,69	2775,00
692,89	2623,45
693,08	2504,67
693,28	2516,95
693,47	2693,08
693,67	2684,89
693,86	2660,31
694,06	2650,07
694,25	2676,70
694,45	2496,47
694,64	2551,77
694,84	2461,66
695,03	2834,39
695,23	2510,81
695,42	2764,76
695,62	2478,04
695,81	2594,78
696,01	2553,82
696,20	2459,61
696,40	2389,98
696,59	2377,69
696,78	2297,82
696,98	2447,32
697,17	2148,32
697,37	2258,91
697,56	2197,47
697,76	2316,25
697,95	2127,84
698,15	2244,57
698,34	2025,44
698,54	2109,41
698,73	2099,17
698,93	1939,43
699,12	1875,94
699,32	2068,45
699,51	1847,27
699,70	1810,40
699,90	1830,88
700,09	1896,42
700,29	1779,68
700,48	1763,30
700,68	1572,84
700,87	1714,15
701,07	1716,20
701,26	1673,19
701,45	1583,08
701,65	1634,28
701,84	1638,38
702,04	1505,26
702,23	1531,88
702,43	1591,27
702,62	1578,98
702,81	1574,89
703,01	1486,83
703,20	1624,04
703,40	1507,30
703,59	1583,08
703,79	1445,87
703,98	1624,04
704,17	1445,87
704,37	1523,69
704,56	1548,26
704,76	1482,73
704,95	1499,11
705,14	1456,11
705,34	1462,25
705,53	1406,95
705,73	1396,71
705,92	1501,16
706,11	1529,83
706,31	1415,15
706,50	1497,07
706,70	1464,30
706,89	1490,92
707,08	1429,48
707,28	1421,29
707,47	1466,35
707,67	1462,25
707,86	1429,48
708,05	1476,59
708,25	1402,86
708,44	1396,71
708,64	1378,28
708,83	1468,39
709,02	1392,62
709,22	1417,19
709,41	1433,58
709,60	1517,54
709,80	1466,35
709,99	1497,07
710,19	1400,81
710,38	1423,34
710,57	1355,76
710,77	1468,39
710,96	1376,24
711,15	1439,72
711,35	1425,39
711,54	1437,67
711,73	1335,28
711,93	1409,00
712,12	1392,62
712,31	1460,20
712,51	1363,95
712,70	1374,19
712,89	1363,95
713,09	1429,48
713,28	1402,86
713,48	1380,33
713,67	1419,24
713,86	1363,95
714,06	1472,49
714,25	1390,57
714,44	1486,83
714,64	1443,82
714,83	1273,84
715,02	1353,71
715,22	1482,73
715,41	1390,57
715,60	1351,66
715,79	1398,76
715,99	1480,68
716,18	1441,77
716,37	1296,36
716,57	1419,24
716,76	1505,26
716,95	1386,47
717,15	1429,48
717,34	1390,57
717,53	1386,47
717,73	1398,76
717,92	1372,14
718,11	1425,39
718,31	1398,76
718,50	1447,91
718,69	1347,56
718,88	1419,24
719,08	1366,00
719,27	1359,85
719,46	1411,05
719,66	1511,40
719,85	1378,28
720,04	1386,47
720,23	1433,58
720,43	1406,95
720,62	1415,15
720,81	1335,28
721,01	1443,82
721,20	1464,30
721,39	1329,13
721,58	1343,47
721,78	1484,78
721,97	1302,51
722,16	1372,14
722,35	1447,91
722,55	1415,15
722,74	1433,58
722,93	1386,47
723,13	1452,01
723,32	1419,24
723,51	1404,91
723,70	1376,24
723,90	1415,15
724,09	1302,51
724,28	1304,56
724,47	1398,76
724,67	1486,83
724,86	1349,61
725,05	1355,76
725,24	1421,29
725,44	1421,29
725,63	1343,47
725,82	1318,89
726,01	1349,61
726,21	1423,34
726,40	1353,71
726,59	1492,97
726,78	1327,08
726,97	1435,63
727,17	1345,52
727,36	1503,21
727,55	1329,13
727,74	1349,61
727,94	1390,57
728,13	1402,86
728,32	1390,57
728,51	1419,24
728,70	1363,95
728,90	1349,61
729,09	1402,86
729,28	1406,95
729,47	1382,38
729,66	1417,19
729,86	1441,77
730,05	1445,87
730,24	1449,96
730,43	1376,24
730,63	1394,67
730,82	1409,00
731,01	1339,37
731,20	1386,47
731,39	1357,80
731,58	1382,38
731,78	1468,39
731,97	1433,58
732,16	1409,00
732,35	1476,59
732,54	1456,11
732,74	1441,77
732,93	1357,80
733,12	1415,15
733,31	1427,43
733,50	1402,86
733,69	1400,81
733,89	1486,83
734,08	1435,63
734,27	1376,24
734,46	1409,00
734,65	1421,29
734,84	1370,09
735,04	1355,76
735,23	1374,19
735,42	1452,01
735,61	1406,95
735,80	1454,06
735,99	1421,29
736,19	1345,52
736,38	1333,23
736,57	1388,52
736,76	1376,24
736,95	1476,59
737,14	1378,28
737,33	1343,47
737,53	1511,40
737,72	1423,34
737,91	1370,09
738,10	1382,38
738,29	1349,61
738,48	1378,28
738,67	1402,86
738,87	1466,35
739,06	1437,67
739,25	1378,28
739,44	1374,19
739,63	1413,10
739,82	1374,19
740,01	1345,52
740,20	1415,15
740,40	1392,62
740,59	1329,13
740,78	1454,06
740,97	1341,42
741,16	1333,23
741,35	1466,35
741,54	1394,67
741,73	1314,80
741,92	1396,71
742,12	1417,19
742,31	1443,82
742,50	1449,96
742,69	1488,87
742,88	1449,96
743,07	1398,76
743,26	1394,67
743,45	1464,30
743,64	1333,23
743,83	1406,95
744,02	1447,91
744,22	1363,95
744,41	1460,20
744,60	1470,44
744,79	1376,24
744,98	1443,82
745,17	1386,47
745,36	1353,71
745,55	1417,19
745,74	1456,11
745,93	1331,18
746,12	1468,39
746,31	1337,32
746,50	1417,19
746,70	1366,00
746,89	1357,80
747,08	1390,57
747,27	1349,61
747,46	1374,19
747,65	1404,91
747,84	1341,42
748,03	1370,09
748,22	1394,67
748,41	1411,05
748,60	1460,20
748,79	1333,23
748,98	1366,00
749,17	1374,19
749,36	1392,62
749,55	1392,62
749,74	1402,86
749,93	1552,36
750,12	1382,38
750,31	1337,32
750,50	1411,05
750,70	1454,06
750,89	1513,45
751,08	1568,74
751,27	1427,43
751,46	1396,71
751,65	1351,66
751,84	1441,77
752,03	1314,80
752,22	1425,39
752,41	1382,38
752,60	1366,00
752,79	1499,11
752,98	1357,80
753,17	1488,87
753,36	1386,47
753,55	1378,28
753,74	1478,63
753,93	1499,11
754,12	1357,80
754,31	1488,87
754,50	1495,02
754,69	1417,19
754,88	1413,10
755,07	1306,60
755,26	1400,81
755,45	1325,04
755,64	1394,67
755,83	1429,48
756,02	1435,63
756,21	1460,20
756,40	1458,15
756,59	1359,85
756,78	1464,30
756,97	1443,82
757,16	1458,15
757,35	1431,53
757,54	1394,67
757,72	1421,29
757,91	1417,19
758,10	1468,39
758,29	1421,29
758,48	1429,48
758,67	1345,52
758,86	1353,71
759,05	1472,49
759,24	1492,97
759,43	1478,63
759,62	1437,67
759,81	1488,87
760,00	1476,59
760,19	1386,47
760,38	1456,11
760,57	1376,24
760,76	1441,77
760,95	1452,01
761,14	1409,00
761,33	1382,38
761,52	1458,15
761,70	1335,28
761,89	1374,19
762,08	1435,63
762,27	1425,39
762,46	1400,81
762,65	1402,86
762,84	1507,30
763,03	1439,72
763,22	1492,97
763,41	1396,71
763,60	1497,07
763,79	1464,30
763,98	1509,35
764,16	1398,76
764,35	1398,76
764,54	1386,47
764,73	1472,49
764,92	1484,78
765,11	1587,18
765,30	1406,95
765,49	1382,38
765,68	1486,83
765,87	1564,65
766,06	1509,35
766,24	1495,02
766,43	1417,19
766,62	1402,86
766,81	1400,81
767,00	1476,59
767,19	1396,71
767,38	1433,58
767,57	1347,56
767,76	1417,19
767,94	1437,67
768,13	1437,67
768,32	1343,47
768,51	1382,38
768,70	1458,15
768,89	1460,20
769,08	1388,52
769,27	1433,58
769,45	1484,78
769,64	1470,44
769,83	1447,91
770,02	1361,90
770,21	1456,11
770,40	1470,44
770,59	1404,91
770,77	1501,16
770,96	1529,83
771,15	1396,71
771,34	1423,34
771,53	1574,89
771,72	1423,34
771,91	1394,67
772,09	1456,11
772,28	1433,58
772,47	1462,25
772,66	1505,26
772,85	1425,39
773,04	1488,87
773,22	1452,01
773,41	1404,91
773,60	1382,38
773,79	1406,95
773,98	1509,35
774,17	1355,76
774,35	1343,47
774,54	1476,59
774,73	1431,53
774,92	1429,48
775,11	1472,49
775,30	1564,65
775,48	1458,15
775,67	1392,62
775,86	1460,20
776,05	1507,30
776,24	1419,24
776,42	1429,48
776,61	1417,19
776,80	1421,29
776,99	1458,15
777,18	1462,25
777,36	1435,63
777,55	1409,00
777,74	1441,77
777,93	1503,21
778,12	1374,19
778,30	1454,06
778,49	1468,39
778,68	1447,91
778,87	1443,82
779,06	1423,34
779,24	1400,81
779,43	1419,24
779,62	1456,11
779,81	1419,24
779,99	1419,24
780,18	1464,30
780,37	1509,35
780,56	1511,40
780,75	1443,82
780,93	1454,06
781,12	1478,63
781,31	1476,59
781,50	1439,72
781,68	1392,62
781,87	1390,57
782,06	1431,53
782,25	1472,49
782,43	1472,49
782,62	1486,83
782,81	1415,15
783,00	1417,19
783,18	1454,06
783,37	1441,77
783,56	1552,36
783,75	1441,77
783,93	1417,19
784,12	1372,14
784,31	1431,53
784,50	1402,86
784,68	1390,57
784,87	1458,15
785,06	1427,43
785,24	1402,86
785,43	1472,49
785,62	1462,25
785,81	1419,24
785,99	1353,71
786,18	1464,30
786,37	1443,82
786,56	1370,09
786,74	1404,91
786,93	1429,48
787,12	1435,63
787,30	1456,11
787,49	1503,21
787,68	1439,72
787,87	1503,21
788,05	1415,15
788,24	1396,71
788,43	1347,56
788,61	1503,21
788,80	1427,43
788,99	1370,09
789,17	1406,95
789,36	1404,91
789,55	1449,96
789,73	1488,87
789,92	1429,48
790,11	1445,87
790,30	1470,44
790,48	1427,43
790,67	1398,76
790,86	1458,15
791,04	1472,49
791,23	1460,20
791,42	1470,44
791,60	1452,01
791,79	1529,83
791,98	1421,29
792,16	1445,87
792,35	1449,96
792,54	1343,47
792,72	1474,54
792,91	1476,59
793,10	1396,71
793,28	1398,76
793,47	1386,47
793,66	1462,25
793,84	1382,38
794,03	1357,80
794,22	1460,20
794,40	1392,62
794,59	1423,34
794,77	1355,76
794,96	1404,91
795,15	1472,49
795,33	1382,38
795,52	1466,35
795,71	1413,10
795,89	1406,95
796,08	1406,95
796,27	1417,19
796,45	1402,86
796,64	1349,61
796,82	1384,43
797,01	1386,47
797,20	1447,91
797,38	1449,96
797,57	1413,10
797,76	1394,67
797,94	1480,68
798,13	1441,77
798,31	1359,85
798,50	1255,40
798,69	1423,34
798,87	1345,52
799,06	1454,06
799,24	1329,13
799,43	1452,01
799,62	1398,76
799,80	1370,09
799,99	1552,36
800,17	1392,62
800,36	1466,35
800,55	1396,71
800,73	1386,47
800,92	1335,28
801,10	1361,90
801,29	1452,01
801,48	1390,57
801,66	1347,56
801,85	1415,15
802,03	1368,04
802,22	1452,01
802,40	1347,56
802,59	1374,19
802,78	1384,43
802,96	1484,78
803,15	1495,02
803,33	1402,86
803,52	1400,81
803,70	1386,47
803,89	1413,10
804,08	1386,47
804,26	1460,20
804,45	1406,95
804,63	1413,10
804,82	1460,20
805,00	1452,01
805,19	1402,86
805,37	1370,09
805,56	1433,58
805,74	1466,35
805,93	1409,00
806,12	1431,53
806,30	1441,77
806,49	1417,19
806,67	1464,30
806,86	1327,08
807,04	1402,86
807,23	1402,86
807,41	1384,43
807,60	1458,15
807,78	1380,33
807,97	1691,62
808,15	1345,52
808,34	1433,58
808,52	1441,77
808,71	1333,23
808,89	1439,72
809,08	1392,62
809,27	1413,10
809,45	1374,19
809,64	1370,09
809,82	1445,87
810,01	1378,28
810,19	1374,19
810,38	1370,09
810,56	1447,91
810,75	1433,58
810,93	1417,19
811,12	1368,04
811,30	1316,84
811,49	1400,81
811,67	1439,72
811,85	1466,35
812,04	1476,59
812,22	1392,62
812,41	1456,11
812,59	1380,33
812,78	1288,17
812,96	1409,00
813,15	1409,00
813,33	1384,43
813,52	1386,47
813,70	1480,68
813,89	1421,29
814,07	1454,06
814,26	1368,04
814,44	1372,14
814,63	1488,87
814,81	1374,19
815,00	1411,05
815,18	1390,57
815,36	1368,04
815,55	1427,43
815,73	1540,07
815,92	1406,95
816,10	1517,54
816,29	1431,53
816,47	1351,66
816,66	1447,91
816,84	1452,01
817,02	1464,30
817,21	1363,95
817,39	1374,19
817,58	1335,28
817,76	1349,61
817,95	1458,15
818,13	1366,00
818,32	1466,35
818,50	1425,39
818,68	1380,33
818,87	1404,91
819,05	1351,66
819,24	1431,53
819,42	1413,10
819,60	1388,52
819,79	1511,40
819,97	1349,61
820,16	1413,10
820,34	1394,67
820,53	1304,56
820,71	1380,33
820,89	1511,40
821,08	1400,81
821,26	1460,20
821,45	1411,05
821,63	1406,95
821,81	1374,19
822,00	1372,14
822,18	1527,78
822,37	1402,86
822,55	1298,41
822,73	1464,30
822,92	1468,39
823,10	1386,47
823,28	1443,82
823,47	1435,63
823,65	1380,33
823,84	1378,28
824,02	1435,63
824,20	1394,67
824,39	1411,05
824,57	1429,48
824,75	1454,06
824,94	1478,63
825,12	1488,87
825,31	1470,44
825,49	1425,39
825,67	1439,72
825,86	1425,39
826,04	1433,58
826,22	1400,81
826,41	1501,16
826,59	1466,35
826,77	1464,30
826,96	1374,19
827,14	1398,76
827,32	1331,18
827,51	1449,96
827,69	1402,86
827,87	1406,95
828,06	1497,07
828,24	1443,82
828,42	1413,10
828,61	1386,47
828,79	1347,56
828,97	1490,92
829,16	1394,67
829,34	1333,23
829,52	1413,10
829,71	1396,71
829,89	1456,11
830,07	1366,00
830,26	1368,04
830,44	1421,29
830,62	1386,47
830,81	1474,54
830,99	1378,28
831,17	1413,10
831,36	1431,53
831,54	1464,30
831,72	1409,00
831,91	1417,19
832,09	1320,94
832,27	1353,71
832,45	1439,72
832,64	1359,85
832,82	1417,19
833,00	1429,48
833,19	1435,63
833,37	1447,91
833,55	1402,86
833,73	1417,19
833,92	1421,29
834,10	1388,52
834,28	1419,24
834,47	1357,80
834,65	1437,67
834,83	1452,01
835,01	1425,39
835,20	1411,05
835,38	1452,01
835,56	1445,87
835,74	1370,09
835,93	1435,63
836,11	1519,59
836,29	1390,57
836,47	1464,30
836,66	1382,38
836,84	1476,59
837,02	1394,67
837,21	1437,67
837,39	1413,10
837,57	1452,01
837,75	1464,30
837,94	1392,62
838,12	1325,04
838,30	1419,24
838,48	1480,68
838,66	1374,19
838,85	1458,15
839,03	1419,24
839,21	1409,00
839,39	1331,18
839,58	1386,47
839,76	1462,25
839,94	1449,96
840,12	1402,86
840,31	1458,15
840,49	1413,10
840,67	1439,72
840,85	1349,61
841,03	1384,43
841,22	1437,67
841,40	1382,38
841,58	1427,43
841,76	1351,66
841,94	1476,59
842,13	1503,21
842,31	1415,15
842,49	1400,81
842,67	1380,33
842,85	1406,95
843,04	1398,76
843,22	1392,62
843,40	1406,95
843,58	1531,88
843,76	1361,90
843,95	1439,72
844,13	1372,14
844,31	1384,43
844,49	1439,72
844,67	1445,87
844,86	1423,34
845,04	1452,01
845,22	1409,00
845,40	1382,38
845,58	1468,39
845,76	1366,00
845,95	1452,01
846,13	1343,47
846,31	1478,63
846,49	1357,80
846,67	1452,01
846,85	1452,01
847,04	1402,86
847,22	1363,95
847,40	1437,67
847,58	1497,07
847,76	1431,53
847,94	1366,00
848,12	1441,77
848,31	1435,63
848,49	1431,53
848,67	1419,24
848,85	1462,25
849,03	1476,59
849,21	1484,78
849,39	1402,86
849,58	1490,92
849,76	1433,58
849,94	1542,12
850,12	1368,04
850,30	1527,78
850,48	1427,43
850,66	1554,41
850,84	1421,29
851,03	1378,28
851,21	1398,76
851,39	1421,29
851,57	1501,16
851,75	1411,05
851,93	1357,80
852,11	1470,44
852,29	1380,33
852,47	1425,39
852,66	1445,87
852,84	1400,81
853,02	1409,00
853,20	1492,97
853,38	1464,30
853,56	1533,93
853,74	1398,76
853,92	1464,30
854,10	1372,14
854,28	1390,57
854,46	1409,00
854,65	1361,90
854,83	1310,70
855,01	1519,59
855,19	1452,01
855,37	1406,95
855,55	1452,01
855,73	1429,48
855,91	1474,54
856,09	1447,91
856,27	1439,72
856,45	1421,29
856,63	1384,43
856,81	1535,98
857,00	1435,63
857,18	1384,43
857,36	1394,67
857,54	1452,01
857,72	1460,20
857,90	1382,38
858,08	1519,59
858,26	1380,33
858,44	1421,29
858,62	1490,92
858,80	1441,77
858,98	1482,73
859,16	1492,97
859,34	1423,34
859,52	1470,44
859,70	1509,35
859,88	1447,91
860,06	1425,39
860,24	1462,25
860,42	1411,05
860,60	1538,02
860,78	1415,15
860,96	1366,00
861,14	1452,01
861,32	1452,01
861,50	1316,84
861,69	1392,62
861,87	1445,87
862,05	1406,95
862,23	1431,53
862,41	1460,20
862,59	1417,19
862,77	1394,67
862,95	1400,81
863,13	1431,53
863,31	1417,19
863,49	1402,86
863,67	1431,53
863,85	1398,76
864,03	1458,15
864,21	1380,33
864,39	1480,68
864,57	1486,83
864,75	1503,21
864,92	1454,06
865,10	1378,28
865,28	1374,19
865,46	1386,47
865,64	1386,47
865,82	1345,52
866,00	1390,57
866,18	1495,02
866,36	1447,91
866,54	1484,78
866,72	1476,59
866,90	1421,29
867,08	1427,43
867,26	1386,47
867,44	1378,28
867,62	1443,82
867,80	1441,77
867,98	1464,30
868,16	1464,30
868,34	1488,87
868,52	1486,83
868,70	1409,00
868,88	1437,67
869,06	1386,47
869,24	1478,63
869,42	1433,58
869,59	1427,43
869,77	1456,11
869,95	1423,34
870,13	1322,99
870,31	1409,00
870,49	1413,10
870,67	1415,15
870,85	1415,15
871,03	1449,96
871,21	1546,22
871,39	1423,34
871,57	1390,57
871,75	1472,49
871,92	1460,20
872,10	1409,00
872,28	1411,05
872,46	1437,67
872,64	1507,30
872,82	1476,59
873,00	1445,87
873,18	1466,35
873,36	1406,95
873,54	1406,95
873,72	1474,54
873,89	1417,19
874,07	1310,70
874,25	1501,16
874,43	1497,07
874,61	1447,91
874,79	1454,06
874,97	1402,86
875,15	1525,74
875,33	1478,63
875,50	1417,19
875,68	1411,05
875,86	1439,72
876,04	1495,02
876,22	1454,06
876,40	1449,96
876,58	1404,91
876,76	1460,20
876,93	1431,53
877,11	1380,33
877,29	1499,11
877,47	1445,87
877,65	1464,30
877,83	1388,52
878,01	1509,35
878,18	1388,52
878,36	1425,39
878,54	1415,15
878,72	1382,38
878,90	1337,32
879,08	1464,30
879,25	1396,71
879,43	1423,34
879,61	1417,19
879,79	1542,12
879,97	1419,24
880,15	1462,25
880,32	1433,58
880,50	1482,73
880,68	1460,20
880,86	1413,10
881,04	1488,87
881,22	1445,87
881,39	1452,01
881,57	1527,78
881,75	1409,00
881,93	1443,82
882,11	1392,62
882,28	1384,43
882,46	1437,67
882,64	1474,54
882,82	1466,35
883,00	1390,57
883,18	1435,63
883,35	1376,24
883,53	1357,80
883,71	1441,77
883,89	1468,39
884,07	1353,71
884,24	1480,68
884,42	1400,81
884,60	1355,76
884,78	1490,92
884,95	1433,58
885,13	1452,01
885,31	1437,67
885,49	1404,91
885,67	1476,59
885,84	1376,24
886,02	1390,57
886,20	1404,91
886,38	1402,86
886,55	1390,57
886,73	1372,14
886,91	1495,02
887,09	1406,95
887,26	1439,72
887,44	1421,29
887,62	1466,35
887,80	1454,06
887,98	1464,30
888,15	1464,30
888,33	1415,15
888,51	1386,47
888,69	1486,83
888,86	1552,36
889,04	1384,43
889,22	1404,91
889,39	1492,97
889,57	1445,87
889,75	1431,53
889,93	1499,11
890,10	1425,39
890,28	1398,76
890,46	1492,97
890,64	1458,15
890,81	1439,72
890,99	1435,63
891,17	1398,76
891,34	1540,07
891,52	1394,67
891,70	1468,39
891,88	1396,71
892,05	1449,96
892,23	1394,67
892,41	1419,24
892,58	1437,67
892,76	1550,31
892,94	1398,76
893,12	1427,43
893,29	1484,78
893,47	1382,38
893,65	1345,52
893,82	1492,97
894,00	1515,50
894,18	1357,80
894,35	1404,91
894,53	1513,45
894,71	1357,80
894,89	1322,99
895,06	1327,08
895,24	1411,05
895,42	1388,52
895,59	1392,62
895,77	1404,91
895,95	1527,78
896,12	1435,63
896,30	1458,15
896,48	1460,20
896,65	1521,64
896,83	1357,80
897,01	1431,53
897,18	1404,91
897,36	1458,15
897,54	1421,29
897,71	1437,67
897,89	1443,82
898,07	1335,28
898,24	1421,29
898,42	1355,76
898,59	1495,02
898,77	1378,28
898,95	1349,61
899,12	1445,87
899,30	1316,84
899,48	1437,67
899,65	1423,34
899,83	1357,80
900,01	1384,43
900,18	1439,72
900,36	1468,39
900,53	1478,63
900,71	1347,56
900,89	1437,67
901,06	1460,20
901,24	1353,71
901,42	1456,11
901,59	1398,76
901,77	1468,39
901,94	1347,56
902,12	1427,43
902,30	1445,87
902,47	1464,30
902,65	1312,75
902,82	1400,81
903,00	1509,35
903,18	1447,91
903,35	1406,95
903,53	1404,91
903,70	1435,63
903,88	1505,26
904,06	1478,63
904,23	1384,43
904,41	1429,48
904,58	1452,01
904,76	1435,63
904,93	1415,15
905,11	1398,76
905,29	1452,01
905,46	1501,16
905,64	1413,10
905,81	1392,62
905,99	1376,24
906,16	1476,59
906,34	1452,01
906,52	1402,86
906,69	1511,40
906,87	1417,19
907,04	1361,90
907,22	1322,99
907,39	1439,72
907,57	1423,34
907,75	1439,72
907,92	1460,20
908,10	1505,26
908,27	1417,19
908,45	1462,25
908,62	1331,18
908,80	1423,34
908,97	1527,78
909,15	1470,44
909,32	1449,96
909,50	1456,11
909,67	1404,91
909,85	1372,14
910,03	1345,52
910,20	1513,45
910,38	1402,86
910,55	1402,86
910,73	1452,01
910,90	1445,87
911,08	1464,30
911,25	1382,38
911,43	1460,20
911,60	1372,14
911,78	1482,73
911,95	1413,10
912,13	1380,33
912,30	1452,01
912,48	1507,30
912,65	1390,57
912,83	1349,61
913,00	1464,30
913,18	1449,96
913,35	1378,28
913,53	1449,96
913,70	1425,39
913,88	1390,57
914,05	1509,35
914,23	1345,52
914,40	1441,77
914,58	1384,43
914,75	1470,44
914,93	1435,63
915,10	1384,43
915,27	1470,44
915,45	1427,43
915,62	1380,33
915,80	1456,11
915,97	1415,15
916,15	1409,00
916,32	1531,88
916,50	1462,25
916,67	1380,33
916,85	1449,96
917,02	1472,49
917,20	1386,47
917,37	1433,58
917,54	1523,69
917,72	1452,01
917,89	1466,35
918,07	1454,06
918,24	1486,83
918,42	1482,73
918,59	1394,67
918,77	1437,67
918,94	1435,63
919,11	1478,63
919,29	1464,30
919,46	1429,48
919,64	1486,83
919,81	1415,15
919,99	1378,28
920,16	1441,77
920,33	1464,30
920,51	1472,49
920,68	1484,78
920,86	1466,35
921,03	1449,96
921,20	1394,67
921,38	1386,47
921,55	1417,19
921,73	1409,00
921,90	1404,91
922,07	1423,34
922,25	1413,10
922,42	1427,43
922,60	1511,40
922,77	1462,25
922,94	1445,87
923,12	1478,63
923,29	1501,16
923,47	1437,67
923,64	1484,78
923,81	1462,25
923,99	1388,52
924,16	1456,11
924,34	1316,84
924,51	1488,87
924,68	1484,78
924,86	1374,19
925,03	1433,58
925,20	1429,48
925,38	1501,16
925,55	1443,82
925,72	1474,54
925,90	1454,06
926,07	1490,92
926,25	1456,11
926,42	1462,25
926,59	1472,49
926,77	1447,91
926,94	1484,78
927,11	1406,95
927,29	1425,39
927,46	1415,15
927,63	1472,49
927,81	1427,43
927,98	1404,91
928,15	1454,06
928,33	1421,29
928,50	1468,39
928,67	1474,54
928,85	1447,91
929,02	1470,44
929,19	1495,02
929,37	1460,20
929,54	1427,43
929,71	1413,10
929,89	1382,38
930,06	1386,47
930,23	1433,58
930,41	1433,58
930,58	1441,77
930,75	1433,58
930,92	1472,49
931,10	1396,71
931,27	1439,72
931,44	1435,63
931,62	1511,40
931,79	1429,48
931,96	1378,28
932,14	1435,63
932,31	1388,52
932,48	1456,11
932,65	1384,43
932,83	1466,35
933,00	1374,19
933,17	1474,54
933,35	1466,35
933,52	1472,49
933,69	1445,87
933,86	1546,22
934,04	1327,08
934,21	1331,18
934,38	1363,95
934,55	1382,38
934,73	1484,78
934,90	1535,98
935,07	1396,71
935,25	1503,21
935,42	1363,95
935,59	1419,24
935,76	1415,15
935,94	1404,91
936,11	1380,33
936,28	1447,91
936,45	1423,34
936,63	1425,39
936,80	1366,00
936,97	1433,58
937,14	1437,67
937,31	1458,15
937,49	1464,30
937,66	1464,30
937,83	1382,38
938,00	1468,39
938,18	1472,49
938,35	1425,39
938,52	1470,44
938,69	1425,39
938,87	1447,91
939,04	1431,53
939,21	1368,04
939,38	1468,39
939,55	1411,05
939,73	1464,30
939,90	1456,11
940,07	1392,62
940,24	1386,47
940,41	1431,53
940,59	1382,38
940,76	1478,63
940,93	1394,67
941,10	1419,24
941,27	1452,01
941,45	1482,73
941,62	1458,15
941,79	1435,63
941,96	1435,63
942,13	1499,11
942,31	1449,96
942,48	1533,93
942,65	1507,30
942,82	1392,62
942,99	1447,91
943,16	1490,92
943,34	1445,87
943,51	1429,48
943,68	1460,20
943,85	1480,68
944,02	1474,54
944,19	1382,38
944,37	1474,54
944,54	1378,28
944,71	1437,67
944,88	1482,73
945,05	1435,63
945,22	1521,64
945,40	1456,11
945,57	1327,08
945,74	1402,86
945,91	1259,50
946,08	1431,53
946,25	1462,25
946,42	1423,34
946,60	1392,62
946,77	1521,64
946,94	1454,06
947,11	1431,53
947,28	1376,24
947,45	1421,29
947,62	1470,44
947,79	1423,34
947,97	1482,73
948,14	1484,78
948,31	1445,87
948,48	1378,28
948,65	1538,02
948,82	1372,14
948,99	1427,43
949,16	1495,02
949,33	1396,71
949,51	1384,43
949,68	1515,50
949,85	1437,67
950,02	1409,00
950,19	1421,29
950,36	1402,86
950,53	1316,84
950,70	1441,77
950,87	1361,90
951,04	1452,01
951,22	1503,21
951,39	1452,01
951,56	1415,15
951,73	1417,19
951,90	1460,20
952,07	1423,34
952,24	1386,47
952,41	1454,06
952,58	1404,91
952,75	1447,91
952,92	1425,39
953,09	1398,76
953,26	1396,71
953,43	1488,87
953,61	1488,87
953,78	1456,11
953,95	1456,11
954,12	1454,06
954,29	1376,24
954,46	1439,72
954,63	1390,57
954,80	1478,63
954,97	1421,29
955,14	1431,53
955,31	1411,05
955,48	1345,52
955,65	1413,10
955,82	1380,33
955,99	1466,35
956,16	1415,15
956,33	1396,71
956,50	1452,01
956,67	1425,39
956,84	1542,12
957,01	1380,33
957,18	1361,90
957,35	1433,58
957,52	1445,87
957,69	1486,83
957,86	1351,66
958,03	1427,43
958,20	1415,15
958,37	1404,91
958,54	1476,59
958,71	1392,62
958,88	1505,26
959,05	1378,28
959,22	1544,17
959,39	1480,68
959,56	1409,00
959,73	1439,72
959,90	1445,87
960,07	1366,00
960,24	1396,71
960,41	1415,15
960,58	1404,91
960,75	1472,49
960,92	1419,24
961,09	1456,11
961,26	1472,49
961,43	1402,86
961,60	1439,72
961,77	1445,87
961,94	1413,10
962,11	1368,04
962,28	1525,74
962,45	1370,09
962,62	1406,95
962,79	1460,20
962,96	1478,63
963,13	1460,20
963,30	1495,02
963,47	1476,59
963,64	1447,91
963,81	1515,50
963,98	1361,90
964,14	1462,25
964,31	1431,53
964,48	1468,39
964,65	1466,35
964,82	1380,33
964,99	1433,58
965,16	1333,23
965,33	1515,50
965,50	1470,44
965,67	1386,47
965,84	1439,72
966,01	1374,19
966,18	1370,09
966,35	1398,76
966,51	1421,29
966,68	1501,16
966,85	1447,91
967,02	1566,70
967,19	1325,04
967,36	1466,35
967,53	1372,14
967,70	1509,35
967,87	1423,34
968,04	1490,92
968,21	1441,77
968,37	1431,53
968,54	1417,19
968,71	1445,87
968,88	1404,91
969,05	1423,34
969,22	1452,01
969,39	1417,19
969,56	1357,80
969,72	1452,01
969,89	1427,43
970,06	1415,15
970,23	1429,48
970,40	1445,87
970,57	1433,58
970,74	1464,30
970,91	1359,85
971,07	1452,01
971,24	1419,24
971,41	1472,49
971,58	1476,59
971,75	1402,86
971,92	1361,90
972,09	1433,58
972,25	1431,53
972,42	1409,00
972,59	1370,09
972,76	1433,58
972,93	1351,66
973,10	1386,47
973,27	1472,49
973,43	1429,48
973,60	1404,91
973,77	1454,06
973,94	1441,77
974,11	1433,58
974,28	1363,95
974,44	1449,96
974,61	1474,54
974,78	1466,35
974,95	1355,76
975,12	1515,50
975,28	1372,14
975,45	1396,71
975,62	1466,35
975,79	1433,58
975,96	1349,61
976,12	1351,66
976,29	1388,52
976,46	1417,19
976,63	1497,07
976,80	1347,56
976,96	1382,38
977,13	1452,01
977,30	1406,95
977,47	1388,52
977,64	1421,29
977,80	1357,80
977,97	1390,57
978,14	1437,67
978,31	1396,71
978,48	1445,87
978,64	1464,30
978,81	1445,87
978,98	1380,33
979,15	1339,37
979,31	1427,43
979,48	1378,28
979,65	1370,09
979,82	1484,78
979,98	1406,95
980,15	1452,01
980,32	1523,69
980,49	1400,81
980,66	1349,61
980,82	1427,43
980,99	1378,28
981,16	1396,71
981,33	1411,05
981,49	1366,00
981,66	1425,39
981,83	1423,34
981,99	1398,76
982,16	1402,86
982,33	1400,81
982,50	1357,80
982,66	1527,78
982,83	1345,52
983,00	1447,91
983,17	1398,76
983,33	1406,95
983,50	1368,04
983,67	1460,20
983,83	1460,20
984,00	1406,95
984,17	1417,19
984,34	1390,57
984,50	1374,19
984,67	1396,71
984,84	1437,67
985,00	1413,10
985,17	1368,04
985,34	1394,67
985,51	1468,39
985,67	1466,35
985,84	1437,67
986,01	1366,00
986,17	1345,52
986,34	1400,81
986,51	1402,86
986,67	1413,10
986,84	1376,24
987,01	1378,28
987,17	1443,82
987,34	1308,65
987,51	1402,86
987,67	1449,96
987,84	1372,14
988,01	1478,63
988,17	1386,47
988,34	1341,42
988,51	1443,82
988,67	1441,77
988,84	1402,86
989,01	1466,35
989,17	1376,24
989,34	1394,67
989,51	1443,82
989,67	1454,06
989,84	1404,91
990,01	1392,62
990,17	1458,15
990,34	1415,15
990,51	1470,44
990,67	1433,58
990,84	1396,71
991,01	1392,62
991,17	1380,33
991,34	1386,47
991,50	1398,76
991,67	1357,80
991,84	1368,04
992,00	1409,00
992,17	1386,47
992,34	1417,19
992,50	1361,90
992,67	1521,64
992,83	1513,45
993,00	1419,24
993,17	1378,28
993,33	1398,76
993,50	1398,76
993,66	1423,34
993,83	1462,25
994,00	1409,00
994,16	1384,43
994,33	1482,73
994,49	1441,77
994,66	1437,67
994,83	1372,14
994,99	1423,34
995,16	1454,06
995,32	1480,68
995,49	1499,11
995,66	1460,20
995,82	1361,90
995,99	1316,84
996,15	1466,35
996,32	1374,19
996,48	1417,19
996,65	1345,52
996,82	1411,05
996,98	1333,23
997,15	1462,25
997,31	1386,47
997,48	1419,24
997,64	1439,72
997,81	1458,15
997,97	1411,05
998,14	1361,90
998,31	1394,67
998,47	1447,91
998,64	1361,90
998,80	1425,39
998,97	1431,53
999,13	1421,29
999,30	1372,14
999,46	1431,53
999,63	1413,10
999,79	1402,86
999,96	1437,67
1000,12	1456,11
1000,29	1433,58
1000,45	1480,68
1000,62	1333,23
1000,79	1431,53
1000,95	1421,29
1001,12	1437,67
1001,28	1392,62
1001,45	1433,58
1001,61	1413,10
1001,78	1449,96
1001,94	1443,82
1002,11	1433,58
1002,27	1454,06
1002,44	1345,52
1002,60	1394,67
1002,77	1476,59
1002,93	1454,06
1003,10	1398,76
1003,26	1400,81
1003,43	1400,81
1003,59	1320,94
1003,76	1390,57
1003,92	1349,61
1004,09	1392,62
1004,25	1460,20
1004,41	1425,39
1004,58	1468,39
1004,74	1388,52
1004,91	1382,38
1005,07	1445,87
1005,24	1456,11
1005,40	1429,48
1005,57	1363,95
1005,73	1353,71
1005,90	1376,24
1006,06	1411,05
1006,23	1425,39
1006,39	1452,01
1006,55	1357,80
1006,72	1468,39
1006,88	1351,66
1007,05	1503,21
1007,21	1466,35
1007,38	1447,91
1007,54	1402,86
1007,71	1460,20
1007,87	1318,89
1008,03	1423,34
1008,20	1409,00
1008,36	1398,76
1008,53	1441,77
1008,69	1396,71
1008,86	1419,24
1009,02	1392,62
1009,18	1376,24
1009,35	1406,95
1009,51	1394,67
1009,68	1466,35
1009,84	1325,04
1010,01	1433,58
1010,17	1347,56
1010,33	1396,71
1010,50	1394,67
1010,66	1556,46
1010,83	1378,28
1010,99	1415,15
1011,15	1396,71
1011,32	1427,43
1011,48	1345,52
1011,65	1427,43
1011,81	1320,94
1011,97	1417,19
1012,14	1470,44
1012,30	1357,80
1012,46	1427,43
1012,63	1441,77
1012,79	1380,33
1012,96	1380,33
1013,12	1484,78
1013,28	1452,01
1013,45	1378,28
1013,61	1357,80
1013,77	1390,57
1013,94	1411,05
1014,10	1464,30
1014,26	1349,61
1014,43	1460,20
1014,59	1370,09
1014,76	1421,29
1014,92	1437,67
1015,08	1374,19
1015,25	1406,95
1015,41	1495,02
1015,57	1427,43
1015,74	1388,52
1015,90	1392,62
1016,06	1402,86
1016,23	1513,45
1016,39	1425,39
1016,55	1511,40
1016,72	1374,19
1016,88	1372,14
1017,04	1296,36
1017,21	1415,15
1017,37	1370,09
1017,53	1423,34
1017,70	1374,19
1017,86	1433,58
1018,02	1349,61
1018,19	1409,00
1018,35	1394,67
1018,51	1433,58
1018,67	1390,57
1018,84	1411,05
1019,00	1345,52
1019,16	1429,48
1019,33	1359,85
1019,49	1486,83
1019,65	1449,96
1019,82	1421,29
1019,98	1417,19
1020,14	1361,90
1020,30	1546,22
1020,47	1339,37
1020,63	1415,15
1020,79	1435,63
1020,96	1372,14
1021,12	1368,04
1021,28	1388,52
1021,44	1378,28
1021,61	1415,15
1021,77	1398,76
1021,93	1355,76
1022,09	1392,62
1022,26	1456,11
1022,42	1437,67
1022,58	1433,58
1022,74	1449,96
1022,91	1380,33
1023,07	1454,06
1023,23	1359,85
1023,39	1447,91
1023,56	1318,89
1023,72	1470,44
1023,88	1325,04
1024,04	1382,38
1024,21	1380,33
1024,37	1380,33
1024,53	1419,24
1024,69	1329,13
1024,86	1431,53
1025,02	1462,25
1025,18	1306,60
1025,34	1341,42
1025,50	1417,19
1025,67	1390,57
1025,83	1390,57
1025,99	1437,67
1026,15	1447,91
1026,32	1386,47
1026,48	1382,38
1026,64	1458,15
1026,80	1423,34
1026,96	1441,77
1027,13	1445,87
1027,29	1425,39
1027,45	1425,39
1027,61	1458,15
1027,77	1421,29
1027,94	1486,83
1028,10	1411,05
1028,26	1437,67
1028,42	1402,86
1028,58	1419,24
1028,75	1359,85
1028,91	1443,82
1029,07	1404,91
1029,23	1439,72
1029,39	1427,43
1029,55	1429,48
1029,72	1456,11
1029,88	1503,21
1030,04	1361,90
1030,20	1349,61
1030,36	1333,23
1030,52	1452,01
1030,69	1503,21
1030,85	1439,72
1031,01	1421,29
1031,17	1345,52
1031,33	1368,04
1031,49	1488,87
1031,65	1370,09
1031,82	1435,63
1031,98	1363,95
1032,14	1439,72
1032,30	1423,34
1032,46	1427,43
1032,62	1419,24
1032,78	1388,52
1032,95	1402,86
1033,11	1359,85
1033,27	1378,28
1033,43	1468,39
1033,59	1396,71
1033,75	1413,10
1033,91	1417,19
1034,07	1482,73
1034,24	1347,56
1034,40	1368,04
1034,56	1390,57
1034,72	1415,15
1034,88	1490,92
1035,04	1415,15
1035,20	1437,67
1035,36	1339,37
1035,52	1427,43
1035,68	1343,47
1035,85	1347,56
1036,01	1488,87
1036,17	1431,53
1036,33	1404,91
1036,49	1353,71
1036,65	1390,57
1036,81	1452,01
1036,97	1468,39
1037,13	1394,67
1037,29	1355,76
1037,45	1411,05
1037,61	1433,58
1037,78	1415,15
1037,94	1400,81
1038,10	1458,15
1038,26	1413,10
1038,42	1343,47
1038,58	1421,29
1038,74	1425,39
1038,90	1427,43
1039,06	1359,85
1039,22	1429,48
1039,38	1402,86
1039,54	1441,77
1039,70	1386,47
1039,86	1437,67
1040,02	1335,28
1040,18	1468,39
1040,34	1452,01
1040,50	1445,87
1040,66	1439,72
1040,83	1366,00
1040,99	1462,25
1041,15	1507,30
1041,31	1454,06
1041,47	1452,01
1041,63	1380,33
1041,79	1458,15
1041,95	1441,77
1042,11	1355,76
1042,27	1443,82
1042,43	1394,67
1042,59	1456,11
1042,75	1409,00
1042,91	1482,73
