344,25	1300,46
344,46	1300,46
344,68	1300,46
344,90	1306,60
345,12	1265,64
345,34	1441,77
345,55	1437,67
345,77	1429,48
345,99	1349,61
346,21	1333,23
346,42	1441,77
346,64	1331,18
346,86	1329,13
347,08	1419,24
347,30	1384,43
347,51	1406,95
347,73	1443,82
347,95	1460,20
348,17	1413,10
348,38	1361,90
348,60	1380,33
348,82	1406,95
349,04	1384,43
349,25	1501,16
349,47	1523,69
349,69	1447,91
349,91	1460,20
350,13	1337,32
350,34	1452,01
350,56	1343,47
350,78	1388,52
351,00	1425,39
351,21	1417,19
351,43	1411,05
351,65	1470,44
351,87	1390,57
352,08	1417,19
352,30	1433,58
352,52	1341,42
352,74	1402,86
352,95	1456,11
353,17	1355,76
353,39	1347,56
353,61	1513,45
353,82	1445,87
354,04	1435,63
354,26	1431,53
354,47	1462,25
354,69	1411,05
354,91	1427,43
355,13	1370,09
355,34	1443,82
355,56	1359,85
355,78	1478,63
356,00	1470,44
356,21	1400,81
356,43	1460,20
356,65	1501,16
356,86	1466,35
357,08	1546,22
357,30	1490,92
357,52	1398,76
357,73	1447,91
357,95	1484,78
358,17	1370,09
358,38	1429,48
358,60	1415,15
358,82	1460,20
359,04	1421,29
359,25	1497,07
359,47	1511,40
359,69	1353,71
359,90	1421,29
360,12	1507,30
360,34	1374,19
360,56	1351,66
360,77	1509,35
360,99	1544,17
361,21	1472,49
361,42	1445,87
361,64	1540,07
361,86	1458,15
362,07	1480,68
362,29	1503,21
362,51	1511,40
362,73	1435,63
362,94	1513,45
363,16	1544,17
363,38	1474,54
363,59	1566,70
363,81	1495,02
364,03	1499,11
364,24	1562,60
364,46	1443,82
364,68	1503,21
364,89	1456,11
365,11	1546,22
365,33	1558,50
365,54	1517,54
365,76	1585,13
365,98	1474,54
366,19	1556,46
366,41	1560,55
366,63	1443,82
366,84	1542,12
367,06	1425,39
367,28	1568,74
367,49	1576,94
367,71	1480,68
367,93	1437,67
368,14	1558,50
368,36	1452,01
368,58	1589,22
368,79	1435,63
369,01	1452,01
369,23	1589,22
369,44	1572,84
369,66	1445,87
369,88	1544,17
370,09	1386,47
370,31	1480,68
370,53	1482,73
370,74	1519,59
370,96	1488,87
371,18	1495,02
371,39	1507,30
371,61	1570,79
371,82	1517,54
372,04	1533,93
372,26	1484,78
372,47	1476,59
372,69	1495,02
372,91	1570,79
373,12	1454,06
373,34	1484,78
373,56	1486,83
373,77	1484,78
373,99	1472,49
374,20	1501,16
374,42	1445,87
374,64	1560,55
374,85	1458,15
375,07	1488,87
375,29	1492,97
375,50	1525,74
375,72	1429,48
375,93	1472,49
376,15	1427,43
376,37	1507,30
376,58	1538,02
376,80	1499,11
377,01	1488,87
377,23	1486,83
377,45	1441,77
377,66	1499,11
377,88	1566,70
378,10	1488,87
378,31	1431,53
378,53	1501,16
378,74	1515,50
378,96	1554,41
379,18	1462,25
379,39	1456,11
379,61	1476,59
379,82	1435,63
380,04	1558,50
380,26	1554,41
380,47	1423,34
380,69	1423,34
380,90	1466,35
381,12	1431,53
381,33	1429,48
381,55	1449,96
381,77	1443,82
381,98	1456,11
382,20	1384,43
382,41	1431,53
382,63	1474,54
382,85	1476,59
383,06	1452,01
383,28	1538,02
383,49	1400,81
383,71	1363,95
383,92	1466,35
384,14	1423,34
384,36	1353,71
384,57	1449,96
384,79	1402,86
385,00	1519,59
385,22	1394,67
385,43	1406,95
385,65	1538,02
385,87	1452,01
386,08	1366,00
386,30	1441,77
386,51	1495,02
386,73	1462,25
386,94	1490,92
387,16	1421,29
387,37	1480,68
387,59	1492,97
387,81	1433,58
388,02	1488,87
388,24	1343,47
388,45	1472,49
388,67	1337,32
388,88	1507,30
389,10	1441,77
389,31	1548,26
389,53	1445,87
389,75	1525,74
389,96	1388,52
390,18	1456,11
390,39	1404,91
390,61	1419,24
390,82	1533,93
391,04	1480,68
391,25	1445,87
391,47	1497,07
391,68	1425,39
391,90	1404,91
392,11	1445,87
392,33	1349,61
392,54	1415,15
392,76	1388,52
392,97	1417,19
393,19	1535,98
393,41	1472,49
393,62	1492,97
393,84	1527,78
394,05	1458,15
394,27	1488,87
394,48	1476,59
394,70	1587,18
394,91	1464,30
395,13	1466,35
395,34	1492,97
395,56	1454,06
395,77	1421,29
395,99	1468,39
396,20	1505,26
396,42	1437,67
396,63	1572,84
396,85	1492,97
397,06	1433,58
397,28	1433,58
397,49	1423,34
397,71	1492,97
397,92	1464,30
398,14	1529,83
398,35	1585,13
398,57	1454,06
398,78	1574,89
399,00	1501,16
399,21	1476,59
399,43	1488,87
399,64	1529,83
399,86	1460,20
400,07	1505,26
400,29	1474,54
400,50	1505,26
400,72	1517,54
400,93	1531,88
401,14	1474,54
401,36	1501,16
401,57	1447,91
401,79	1533,93
402,00	1570,79
402,22	1464,30
402,43	1503,21
402,65	1441,77
402,86	1456,11
403,08	1542,12
403,29	1521,64
403,51	1439,72
403,72	1554,41
403,94	1462,25
404,15	1531,88
404,36	1374,19
404,58	1753,06
404,79	1519,59
405,01	1523,69
405,22	1466,35
405,44	1413,10
405,65	1505,26
405,87	1421,29
406,08	1503,21
406,30	1406,95
406,51	1472,49
406,72	1550,31
406,94	1435,63
407,15	1517,54
407,37	1552,36
407,58	1435,63
407,80	1515,50
408,01	1517,54
408,23	1456,11
408,44	1421,29
408,65	1490,92
408,87	1421,29
409,08	1544,17
409,30	1482,73
409,51	1490,92
409,73	1435,63
409,94	1505,26
410,15	1513,45
410,37	1538,02
410,58	1509,35
410,80	1454,06
411,01	1470,44
411,23	1470,44
411,44	1441,77
411,65	1533,93
411,87	1574,89
412,08	1503,21
412,30	1499,11
412,51	1447,91
412,72	1642,47
412,94	1535,98
413,15	1470,44
413,37	1460,20
413,58	1435,63
413,79	1466,35
414,01	1535,98
414,22	1507,30
414,44	1474,54
414,65	1478,63
414,86	1398,76
415,08	1417,19
415,29	1525,74
415,51	1435,63
415,72	1458,15
415,93	1462,25
416,15	1415,15
416,36	1517,54
416,58	1480,68
416,79	1509,35
417,00	1583,08
417,22	1406,95
417,43	1452,01
417,65	1587,18
417,86	1509,35
418,07	1441,77
418,29	1535,98
418,50	1544,17
418,71	1470,44
418,93	1480,68
419,14	1437,67
419,36	1484,78
419,57	1513,45
419,78	1554,41
420,00	1400,81
420,21	1509,35
420,42	1492,97
420,64	1550,31
420,85	1458,15
421,06	1474,54
421,28	1449,96
421,49	1490,92
421,71	1558,50
421,92	1382,38
422,13	1509,35
422,35	1619,94
422,56	1538,02
422,77	1484,78
422,99	1566,70
423,20	1544,17
423,41	1505,26
423,63	1529,83
423,84	1486,83
424,05	1511,40
424,27	1462,25
424,48	1503,21
424,69	1527,78
424,91	1728,49
425,12	1466,35
425,33	1429,48
425,55	1480,68
425,76	1495,02
425,97	1468,39
426,19	1570,79
426,40	1519,59
426,61	1544,17
426,83	1495,02
427,04	1593,32
427,25	1484,78
427,47	1525,74
427,68	1474,54
427,89	1521,64
428,11	1474,54
428,32	1527,78
428,53	1492,97
428,75	1472,49
428,96	1572,84
429,17	1581,03
429,39	1570,79
429,60	1568,74
429,81	1511,40
430,03	1509,35
430,24	1435,63
430,45	1619,94
430,67	1574,89
430,88	1495,02
431,09	1519,59
431,30	1480,68
431,52	1480,68
431,73	1474,54
431,94	1540,07
432,16	1519,59
432,37	1540,07
432,58	1529,83
432,80	1468,39
433,01	1519,59
433,22	1505,26
433,43	1542,12
433,65	1490,92
433,86	1513,45
434,07	1384,43
434,29	1449,96
434,50	1460,20
434,71	1509,35
434,92	1515,50
435,14	1509,35
435,35	1439,72
435,56	1437,67
435,77	1546,22
435,99	1513,45
436,20	1525,74
436,41	1509,35
436,63	1484,78
436,84	1523,69
437,05	1425,39
437,26	1472,49
437,48	1607,66
437,69	1587,18
437,90	1476,59
438,11	1400,81
438,33	1476,59
438,54	1441,77
438,75	1468,39
438,96	1454,06
439,18	1452,01
439,39	1497,07
439,60	1421,29
439,82	1429,48
440,03	1478,63
440,24	1542,12
440,45	1472,49
440,67	1544,17
440,88	1464,30
441,09	1505,26
441,30	1507,30
441,51	1562,60
441,73	1445,87
441,94	1384,43
442,15	1495,02
442,36	1568,74
442,58	1486,83
442,79	1482,73
443,00	1499,11
443,21	1578,98
443,43	1423,34
443,64	1431,53
443,85	1472,49
444,06	1527,78
444,28	1587,18
444,49	1468,39
444,70	1437,67
444,91	1495,02
445,12	1552,36
445,34	1464,30
445,55	1558,50
445,76	1445,87
445,97	1548,26
446,18	1495,02
446,40	1482,73
446,61	1572,84
446,82	1480,68
447,03	1542,12
447,25	1513,45
447,46	1576,94
447,67	1550,31
447,88	1431,53
448,09	1497,07
448,31	1564,65
448,52	1535,98
448,73	1529,83
448,94	1607,66
449,15	1501,16
449,37	1513,45
449,58	1535,98
449,79	1587,18
450,00	1613,80
450,21	1488,87
450,43	1564,65
450,64	1529,83
450,85	1546,22
451,06	1611,75
451,27	1562,60
451,48	1505,26
451,70	1486,83
451,91	1538,02
452,12	1624,04
452,33	1593,32
452,54	1570,79
452,76	1550,31
452,97	1611,75
453,18	1497,07
453,39	1525,74
453,60	1574,89
453,81	1581,03
454,03	1533,93
454,24	1521,64
454,45	1503,21
454,66	1599,46
454,87	1554,41
455,08	1511,40
455,30	1599,46
455,51	1585,13
455,72	1552,36
455,93	1617,90
456,14	1587,18
456,35	1572,84
456,56	1607,66
456,78	1519,59
456,99	1595,37
457,20	1613,80
457,41	1570,79
457,62	1570,79
457,83	1589,22
458,04	1587,18
458,26	1568,74
458,47	1495,02
458,68	1578,98
458,89	1595,37
459,10	1507,30
459,31	1566,70
459,52	1609,70
459,74	1658,85
459,95	1599,46
460,16	1609,70
460,37	1710,05
460,58	1562,60
460,79	1607,66
461,00	1581,03
461,21	1603,56
461,43	1542,12
461,64	1525,74
461,85	1548,26
462,06	1578,98
462,27	1570,79
462,48	1568,74
462,69	1699,81
462,90	1525,74
463,12	1574,89
463,33	1531,88
463,54	1572,84
463,75	1611,75
463,96	1552,36
464,17	1576,94
464,38	1531,88
464,59	1654,76
464,80	1601,51
465,01	1619,94
465,23	1681,38
465,44	1587,18
465,65	1660,90
465,86	1583,08
466,07	1589,22
466,28	1550,31
466,49	1621,99
466,70	1638,38
466,91	1685,48
467,12	1540,07
467,33	1615,85
467,55	1638,38
467,76	1538,02
467,97	1568,74
468,18	1689,57
468,39	1681,38
468,60	1705,96
468,81	1574,89
469,02	1583,08
469,23	1583,08
469,44	1673,19
469,65	1585,13
469,86	1671,14
470,07	1628,14
470,29	1787,88
470,50	1705,96
470,71	1638,38
470,92	1607,66
471,13	1652,71
471,34	1689,57
471,55	1701,86
471,76	1705,96
471,97	1648,61
472,18	1675,24
472,39	1640,42
472,60	1703,91
472,81	1693,67
473,02	1619,94
473,23	1761,25
473,44	1685,48
473,65	1699,81
473,87	1617,90
474,08	1716,20
474,29	1626,09
474,50	1677,29
474,71	1630,18
474,92	1732,58
475,13	1640,42
475,34	1777,64
475,55	1691,62
475,76	1648,61
475,97	1705,96
476,18	1736,68
476,39	1685,48
476,60	1718,25
476,81	1736,68
477,02	1722,34
477,23	1691,62
477,44	1751,01
477,65	1638,38
477,86	1718,25
478,07	1814,50
478,28	1732,58
478,49	1716,20
478,70	1783,78
478,91	1746,92
479,12	1615,85
479,33	1767,40
479,54	1777,64
479,75	1804,26
479,96	1841,12
480,17	1734,63
480,38	1787,88
480,59	1728,49
480,80	1789,92
481,01	1767,40
481,22	1804,26
481,43	1798,12
481,64	1826,79
481,85	1818,60
482,06	1740,77
482,27	1816,55
482,48	1804,26
482,69	1814,50
482,90	1849,32
483,11	1841,12
483,32	1898,47
483,53	1765,35
483,74	1925,09
483,95	1798,12
484,16	1867,75
484,37	1806,31
484,58	1902,56
484,79	1830,88
485,00	1900,52
485,21	1843,17
485,42	1912,80
485,63	1939,43
485,84	1853,41
486,05	1857,51
486,26	1935,33
486,47	2000,87
486,68	1955,81
486,89	1918,95
487,10	1959,91
487,31	2052,06
487,52	1886,18
487,73	2017,25
487,94	1982,43
488,15	1955,81
488,36	2052,06
488,57	1947,62
488,77	1961,95
488,98	1873,89
489,19	1994,72
489,40	2013,15
489,61	1959,91
489,82	1953,76
490,03	2084,83
490,24	1927,14
490,45	2119,65
490,66	2019,30
490,87	2064,35
491,08	1964,00
491,29	2086,88
491,50	1970,15
491,71	2138,08
491,92	2082,78
492,13	2125,79
492,33	1986,53
492,54	2140,13
492,75	2131,94
492,96	2146,27
493,17	2086,88
493,38	2101,22
493,59	2068,45
493,80	2191,33
494,01	2115,55
494,22	2195,42
494,43	2119,65
494,64	2242,53
494,85	2205,66
495,05	2187,23
495,26	2258,91
495,47	2291,68
495,68	2199,52
495,89	2297,82
496,10	2207,71
496,31	2197,47
496,52	2236,38
496,73	2271,20
496,94	2254,81
497,15	2416,60
497,35	2473,95
497,56	2406,36
497,77	2344,92
497,98	2406,36
498,19	2389,98
498,40	2418,65
498,61	2506,71
498,82	2359,26
499,03	2529,24
499,23	2584,54
499,44	2598,87
499,65	2588,63
499,86	2531,29
500,07	2576,34
500,28	2566,10
500,49	2535,39
500,70	2748,37
500,91	2582,49
501,11	2615,26
501,32	2787,29
501,53	2762,71
501,74	2668,50
501,95	2703,32
502,16	2813,91
502,37	2768,85
502,57	2918,36
502,78	2955,22
502,99	2818,00
503,20	3041,23
503,41	2940,88
503,62	3043,28
503,83	3157,97
504,03	3227,60
504,24	3117,01
504,45	3315,66
504,66	3098,58
504,87	3205,07
505,08	3295,18
505,29	3276,75
505,49	3366,86
505,70	3389,39
505,91	3420,11
506,12	3471,31
506,33	3516,36
506,54	3389,39
506,75	3614,66
506,95	3594,19
507,16	3590,09
507,37	3610,57
507,58	3665,86
507,79	3788,74
508,00	3872,71
508,20	3768,26
508,41	3766,21
508,62	3962,82
508,83	3993,54
509,04	4042,69
509,24	4134,85
509,45	4366,27
509,66	4093,89
509,87	4104,13
510,08	4024,26
510,29	4257,73
510,49	4313,02
510,70	4198,34
510,91	4390,84
511,12	4425,66
511,33	4511,68
511,53	4374,46
511,74	4609,98
511,95	4476,86
512,16	4597,69
512,37	4614,07
512,57	4442,04
512,78	4616,12
512,99	4446,14
513,20	4693,94
513,41	4724,66
513,61	4706,23
513,82	4802,49
514,03	4913,08
514,24	4687,80
514,45	4943,80
514,65	4808,63
514,86	4968,37
515,07	4913,08
515,28	4904,89
515,49	4874,17
515,69	5177,26
515,90	4949,94
516,11	4904,89
516,32	4978,61
516,52	4978,61
516,73	5162,93
516,94	5218,22
517,15	4960,18
517,36	5183,41
517,56	5009,33
517,77	5085,11
517,98	5140,40
518,19	5250,99
518,39	4999,09
518,60	5089,20
518,81	5119,92
519,02	5273,52
519,22	4958,13
519,43	5156,79
519,64	5093,30
519,85	5072,82
520,05	5132,21
520,26	5162,93
520,47	4980,66
520,68	5212,08
520,88	5070,77
521,09	5119,92
521,30	5138,35
521,51	5189,55
521,71	5136,31
521,92	5154,74
522,13	5042,10
522,34	5121,97
522,54	4818,87
522,75	5007,28
522,96	4890,55
523,17	5027,76
523,37	4949,94
523,58	4929,46
523,79	4763,58
523,99	4937,65
524,20	4751,29
524,41	4861,88
524,62	4638,65
524,82	4720,57
525,03	4665,27
525,24	4609,98
525,45	4552,63
525,65	4593,59
525,86	4534,20
526,07	4575,16
526,27	4313,02
526,48	4470,72
526,69	4517,82
526,90	4356,03
527,10	4274,11
527,31	4519,87
527,52	4167,62
527,72	4366,27
527,93	4241,34
528,14	4313,02
528,34	4159,42
528,55	4059,07
528,76	4140,99
528,97	4239,30
529,17	3846,09
529,38	4153,28
529,59	3993,54
529,79	4001,73
530,00	3743,69
530,21	4075,46
530,41	3866,56
530,62	3798,98
530,83	3950,53
531,03	3782,60
531,24	3542,99
531,45	3813,32
531,65	3567,56
531,86	3676,10
532,07	3540,94
532,27	3665,86
532,48	3393,48
532,69	3475,40
532,89	3301,33
533,10	3450,83
533,31	3280,85
533,51	3399,63
533,72	3219,41
533,93	3295,18
534,13	3211,22
534,34	3117,01
534,55	2942,93
534,75	3125,20
534,96	3190,74
535,17	3076,05
535,37	3051,47
535,58	2963,41
535,79	2942,93
535,99	2934,74
536,20	2852,82
536,41	2916,31
536,61	2625,50
536,82	2879,44
537,03	2731,99
537,23	2777,05
537,44	2621,40
537,64	2695,13
537,85	2615,26
538,06	2752,47
538,26	2643,93
538,47	2533,34
538,68	2453,47
538,88	2504,67
539,09	2557,91
539,30	2455,51
539,50	2500,57
539,71	2525,15
539,91	2371,55
540,12	2459,61
540,33	2338,78
540,53	2504,67
540,74	2322,40
540,94	2443,23
541,15	2283,49
541,36	2328,54
541,56	2281,44
541,77	2322,40
541,98	2293,72
542,18	2381,79
542,39	2111,46
542,59	2230,24
542,80	2144,22
543,01	2082,78
543,21	2125,79
543,42	2156,51
543,62	2115,55
543,83	2039,78
544,04	2017,25
544,24	2131,94
544,45	1869,80
544,65	2109,41
544,86	1908,71
545,06	1992,67
545,27	1863,65
545,48	1894,37
545,68	1898,47
545,89	2004,96
546,09	1918,95
546,30	1978,34
546,51	1918,95
546,71	1896,42
546,92	1824,74
547,12	1890,28
547,33	1828,84
547,53	1927,14
547,74	1691,62
547,95	1834,98
548,15	1775,59
548,36	1834,98
548,56	1648,61
548,77	1777,64
548,97	1755,11
549,18	1783,78
549,39	1740,77
549,59	1730,53
549,80	1652,71
550,00	1710,05
550,21	1667,05
550,41	1847,27
550,62	1685,48
550,82	1699,81
551,03	1603,56
551,23	1685,48
551,44	1640,42
551,65	1724,39
551,85	1730,53
552,06	1601,51
552,26	1578,98
552,47	1619,94
552,67	1535,98
552,88	1642,47
553,08	1593,32
553,29	1619,94
553,49	1763,30
553,70	1566,70
553,90	1658,85
554,11	1535,98
554,32	1630,18
554,52	1638,38
554,73	1705,96
554,93	1607,66
555,14	1542,12
555,34	1734,63
555,55	1589,22
555,75	1474,54
555,96	1521,64
556,16	1593,32
556,37	1611,75
556,57	1546,22
556,78	1490,92
556,98	1634,28
557,19	1646,57
557,39	1544,17
557,60	1533,93
557,80	1458,15
558,01	1589,22
558,21	1505,26
558,42	1482,73
558,62	1529,83
558,83	1572,84
559,03	1488,87
559,24	1529,83
559,44	1585,13
559,65	1609,70
559,85	1480,68
560,06	1523,69
560,26	1484,78
560,47	1486,83
560,67	1523,69
560,88	1501,16
561,08	1548,26
561,29	1654,76
561,49	1474,54
561,70	1435,63
561,90	1540,07
562,10	1507,30
562,31	1535,98
562,51	1515,50
562,72	1497,07
562,92	1449,96
563,13	1603,56
563,33	1472,49
563,54	1486,83
563,74	1511,40
563,95	1427,43
564,15	1525,74
564,36	1519,59
564,56	1523,69
564,76	1503,21
564,97	1417,19
565,17	1409,00
565,38	1548,26
565,58	1480,68
565,79	1501,16
565,99	1533,93
566,20	1531,88
566,40	1392,62
566,60	1548,26
566,81	1535,98
567,01	1585,13
567,22	1548,26
567,42	1484,78
567,63	1470,44
567,83	1425,39
568,04	1546,22
568,24	1472,49
568,44	1535,98
568,65	1417,19
568,85	1431,53
569,06	1464,30
569,26	1474,54
569,47	1513,45
569,67	1388,52
569,87	1460,20
570,08	1441,77
570,28	1441,77
570,49	1462,25
570,69	1470,44
570,89	1576,94
571,10	1499,11
571,30	1435,63
571,51	1437,67
571,71	1574,89
571,91	1470,44
572,12	1523,69
572,32	1441,77
572,53	1492,97
572,73	1548,26
572,93	1562,60
573,14	1554,41
573,34	1544,17
573,55	1480,68
573,75	1535,98
573,95	1406,95
574,16	1462,25
574,36	1466,35
574,57	1417,19
574,77	1417,19
574,97	1363,95
575,18	1449,96
575,38	1439,72
575,59	1386,47
575,79	1454,06
575,99	1423,34
576,20	1484,78
576,40	1406,95
576,60	1505,26
576,81	1398,76
577,01	1488,87
577,22	1538,02
577,42	1476,59
577,62	1470,44
577,83	1458,15
578,03	1449,96
578,23	1525,74
578,44	1441,77
578,64	1513,45
578,84	1535,98
579,05	1443,82
579,25	1478,63
579,45	1421,29
579,66	1368,04
579,86	1452,01
580,07	1419,24
580,27	1505,26
580,47	1454,06
580,68	1458,15
580,88	1439,72
581,08	1372,14
581,29	1400,81
581,49	1419,24
581,69	1521,64
581,90	1386,47
582,10	1398,76
582,30	1409,00
582,51	1429,48
582,71	1415,15
582,91	1357,80
583,12	1462,25
583,32	1458,15
583,52	1380,33
583,73	1427,43
583,93	1447,91
584,13	1488,87
584,34	1390,57
584,54	1411,05
584,74	1423,34
584,94	1439,72
585,15	1445,87
585,35	1552,36
585,55	1384,43
585,76	1404,91
585,96	1435,63
586,16	1599,46
586,37	1476,59
586,57	1423,34
586,77	1355,76
586,98	1396,71
587,18	1484,78
587,38	1542,12
587,58	1409,00
587,79	1488,87
587,99	1488,87
588,19	1445,87
588,40	1390,57
588,60	1558,50
588,80	1390,57
589,00	1492,97
589,21	1460,20
589,41	1388,52
589,61	1527,78
589,82	1439,72
590,02	1488,87
590,22	1435,63
590,42	1513,45
590,63	1474,54
590,83	1441,77
591,03	1515,50
591,23	1427,43
591,44	1478,63
591,64	1503,21
591,84	1390,57
592,05	1452,01
592,25	1400,81
592,45	1468,39
592,65	1447,91
592,86	1445,87
593,06	1466,35
593,26	1372,14
593,46	1484,78
593,67	1394,67
593,87	1417,19
594,07	1388,52
594,27	1419,24
594,48	1411,05
594,68	1464,30
594,88	1470,44
595,08	1460,20
595,29	1480,68
595,49	1409,00
595,69	1406,95
595,89	1413,10
596,10	1527,78
596,30	1439,72
596,50	1443,82
596,70	1460,20
596,90	1499,11
597,11	1398,76
597,31	1464,30
597,51	1456,11
597,71	1482,73
597,92	1454,06
598,12	1400,81
598,32	1372,14
598,52	1400,81
598,72	1320,94
598,93	1456,11
599,13	1437,67
599,33	1447,91
599,53	1472,49
599,74	1439,72
599,94	1452,01
600,14	1378,28
600,34	1484,78
600,54	1431,53
600,75	1441,77
600,95	1402,86
601,15	1490,92
601,35	1402,86
601,55	1445,87
601,76	1437,67
601,96	1513,45
602,16	1466,35
602,36	1492,97
602,56	1427,43
602,76	1429,48
602,97	1349,61
603,17	1380,33
603,37	1423,34
603,57	1404,91
603,77	1386,47
603,98	1435,63
604,18	1456,11
604,38	1445,87
604,58	1370,09
604,78	1402,86
604,98	1476,59
605,19	1519,59
605,39	1443,82
605,59	1558,50
605,79	1523,69
605,99	1333,23
606,19	1435,63
606,40	1406,95
606,60	1423,34
606,80	1359,85
607,00	1398,76
607,20	1419,24
607,40	1417,19
607,61	1400,81
607,81	1419,24
608,01	1480,68
608,21	1447,91
608,41	1468,39
608,61	1372,14
608,81	1378,28
609,02	1384,43
609,22	1384,43
609,42	1415,15
609,62	1488,87
609,82	1456,11
610,02	1505,26
610,22	1413,10
610,43	1357,80
610,63	1437,67
610,83	1441,77
611,03	1445,87
611,23	1482,73
611,43	1538,02
611,63	1464,30
611,83	1355,76
612,04	1503,21
612,24	1519,59
612,44	1435,63
612,64	1460,20
612,84	1380,33
613,04	1517,54
613,24	1447,91
613,44	1482,73
613,64	1454,06
613,85	1452,01
614,05	1423,34
614,25	1429,48
614,45	1402,86
614,65	1427,43
614,85	1417,19
615,05	1398,76
615,25	1505,26
615,45	1398,76
615,65	1378,28
615,86	1394,67
616,06	1429,48
616,26	1484,78
616,46	1507,30
616,66	1429,48
616,86	1460,20
617,06	1388,52
617,26	1437,67
617,46	1425,39
617,66	1462,25
617,86	1490,92
618,07	1355,76
618,27	1486,83
618,47	1413,10
618,67	1427,43
618,87	1499,11
619,07	1443,82
619,27	1466,35
619,47	1423,34
619,67	1548,26
619,87	1406,95
620,07	1474,54
620,27	1484,78
620,47	1456,11
620,67	1417,19
620,87	1429,48
621,07	1431,53
621,28	1425,39
621,48	1355,76
621,68	1478,63
621,88	1488,87
622,08	1347,56
622,28	1480,68
622,48	1546,22
622,68	1390,57
622,88	1478,63
623,08	1386,47
623,28	1425,39
623,48	1392,62
623,68	1429,48
623,88	1339,37
624,08	1509,35
624,28	1423,34
624,48	1437,67
624,68	1452,01
624,88	1427,43
625,08	1417,19
625,28	1458,15
625,48	1460,20
625,68	1492,97
625,88	1421,29
626,08	1382,38
626,28	1427,43
626,48	1486,83
626,68	1404,91
626,88	1417,19
627,08	1435,63
627,28	1505,26
627,48	1425,39
627,68	1423,34
627,88	1400,81
628,08	1445,87
628,28	1413,10
628,49	1423,34
628,68	1404,91
628,88	1429,48
629,08	1378,28
629,28	1478,63
629,48	1396,71
629,68	1359,85
629,88	1535,98
630,08	1476,59
630,28	1437,67
630,48	1468,39
630,68	1449,96
630,88	1417,19
631,08	1400,81
631,28	1490,92
631,48	1366,00
631,68	1396,71
631,88	1503,21
632,08	1404,91
632,28	1466,35
632,48	1556,46
632,68	1368,04
632,88	1470,44
633,08	1445,87
633,28	1499,11
633,48	1542,12
633,68	1429,48
633,88	1482,73
634,08	1533,93
634,28	1413,10
634,48	1447,91
634,68	1449,96
634,88	1447,91
635,08	1445,87
635,28	1538,02
635,48	1421,29
635,68	1404,91
635,87	1447,91
636,07	1429,48
636,27	1347,56
636,47	1431,53
636,67	1437,67
636,87	1400,81
637,07	1474,54
637,27	1388,52
637,47	1417,19
637,67	1449,96
637,87	1417,19
638,07	1478,63
638,27	1413,10
638,47	1521,64
638,67	1376,24
638,86	1499,11
639,06	1464,30
639,26	1492,97
639,46	1392,62
639,66	1439,72
639,86	1507,30
640,06	1472,49
640,26	1439,72
640,46	1400,81
640,66	1431,53
640,86	1449,96
641,06	1411,05
641,25	1564,65
641,45	1486,83
641,65	1384,43
641,85	1429,48
642,05	1433,58
642,25	1374,19
642,45	1409,00
642,65	1431,53
642,85	1372,14
643,05	1452,01
643,24	1511,40
643,44	1472,49
643,64	1531,88
643,84	1443,82
644,04	1396,71
644,24	1413,10
644,44	1427,43
644,64	1447,91
644,84	1366,00
645,03	1441,77
645,23	1511,40
645,43	1443,82
645,63	1425,39
645,83	1411,05
646,03	1456,11
646,23	1492,97
646,42	1560,55
646,62	1452,01
646,82	1423,34
647,02	1413,10
647,22	1468,39
647,42	1499,11
647,62	1363,95
647,82	1398,76
648,01	1533,93
648,21	1415,15
648,41	1454,06
648,61	1402,86
648,81	1417,19
649,01	1443,82
649,20	1355,76
649,40	1433,58
649,60	1431,53
649,80	1390,57
650,00	1478,63
650,20	1562,60
650,40	1495,02
650,59	1429,48
650,79	1521,64
650,99	1437,67
651,19	1396,71
651,39	1400,81
651,58	1460,20
651,78	1447,91
651,98	1521,64
652,18	1439,72
652,38	1476,59
652,58	1433,58
652,77	1478,63
652,97	1515,50
653,17	1427,43
653,37	1505,26
653,57	1476,59
653,77	1466,35
653,96	1458,15
654,16	1421,29
654,36	1425,39
654,56	1492,97
654,76	1503,21
654,95	1445,87
655,15	1443,82
655,35	1435,63
655,55	1437,67
655,75	1497,07
655,94	1386,47
656,14	1415,15
656,34	1505,26
656,54	1488,87
656,73	1458,15
656,93	1449,96
657,13	1402,86
657,33	1431,53
657,53	1441,77
657,72	1484,78
657,92	1499,11
658,12	1439,72
658,32	1476,59
658,52	1322,99
658,71	1460,20
658,91	1378,28
659,11	1435,63
659,31	1488,87
659,50	1529,83
659,70	1466,35
659,90	1464,30
660,10	1439,72
660,29	1464,30
660,49	1406,95
660,69	1525,74
660,89	1396,71
661,08	1445,87
661,28	1411,05
661,48	1435,63
661,68	1345,52
661,87	1415,15
662,07	1357,80
662,27	1437,67
662,47	1359,85
662,66	1439,72
662,86	1513,45
663,06	1464,30
663,26	1429,48
663,45	1355,76
663,65	1396,71
663,85	1429,48
664,05	1454,06
664,24	1476,59
664,44	1406,95
664,64	1419,24
664,84	1433,58
665,03	1538,02
665,23	1488,87
665,43	1396,71
665,62	1409,00
665,82	1458,15
666,02	1415,15
666,22	1470,44
666,41	1435,63
666,61	1503,21
666,81	1472,49
667,00	1441,77
667,20	1396,71
667,40	1460,20
667,60	1400,81
667,79	1413,10
667,99	1449,96
668,19	1374,19
668,38	1433,58
668,58	1476,59
668,78	1431,53
668,97	1431,53
669,17	1421,29
669,37	1476,59
669,57	1435,63
669,76	1427,43
669,96	1513,45
670,16	1406,95
670,35	1488,87
670,55	1470,44
670,75	1431,53
670,94	1435,63
671,14	1425,39
671,34	1531,88
671,53	1413,10
671,73	1490,92
671,93	1409,00
672,12	1298,41
672,32	1456,11
672,52	1409,00
672,71	1464,30
672,91	1402,86
673,11	1470,44
673,30	1468,39
673,50	1406,95
673,70	1423,34
673,89	1476,59
674,09	1368,04
674,29	1447,91
674,48	1492,97
674,68	1476,59
674,88	1423,34
675,07	1501,16
675,27	1452,01
675,46	1492,97
675,66	1447,91
675,86	1460,20
676,05	1478,63
676,25	1441,77
676,45	1409,00
676,64	1458,15
676,84	1531,88
677,04	1402,86
677,23	1460,20
677,43	1374,19
677,62	1490,92
677,82	1421,29
678,02	1363,95
678,21	1400,81
678,41	1419,24
678,61	1470,44
678,80	1421,29
679,00	1492,97
679,19	1439,72
679,39	1454,06
679,59	1456,11
679,78	1439,72
679,98	1404,91
680,17	1458,15
680,37	1462,25
680,57	1384,43
680,76	1499,11
680,96	1470,44
681,16	1382,38
681,35	1337,32
681,55	1490,92
681,74	1353,71
681,94	1384,43
682,13	1490,92
682,33	1484,78
682,53	1325,04
682,72	1499,11
682,92	1423,34
683,11	1437,67
683,31	1427,43
683,51	1517,54
683,70	1464,30
683,90	1404,91
684,09	1402,86
684,29	1468,39
684,48	1433,58
684,68	1388,52
684,88	1488,87
685,07	1433,58
685,27	1447,91
685,46	1376,24
685,66	1501,16
685,85	1431,53
686,05	1490,92
686,25	1466,35
686,44	1413,10
686,64	1427,43
686,83	1429,48
687,03	1478,63
687,22	1419,24
687,42	1443,82
687,61	1449,96
687,81	1404,91
688,01	1396,71
688,20	1417,19
688,40	1472,49
688,59	1439,72
688,79	1449,96
688,98	1411,05
689,18	1484,78
689,37	1476,59
689,57	1370,09
689,76	1394,67
689,96	1433,58
690,15	1499,11
690,35	1419,24
690,54	1400,81
690,74	1402,86
690,94	1398,76
691,13	1392,62
691,33	1388,52
691,52	1460,20
691,72	1439,72
691,91	1370,09
692,11	1540,07
692,30	1425,39
692,50	1492,97
692,69	1466,35
692,89	1447,91
693,08	1417,19
693,28	1521,64
693,47	1366,00
693,67	1572,84
693,86	1456,11
694,06	1366,00
694,25	1419,24
694,45	1406,95
694,64	1394,67
694,84	1398,76
695,03	1466,35
695,23	1435,63
695,42	1419,24
695,62	1447,91
695,81	1484,78
696,01	1402,86
696,20	1509,35
696,40	1353,71
696,59	1423,34
696,78	1411,05
696,98	1439,72
697,17	1460,20
697,37	1406,95
697,56	1427,43
697,76	1363,95
697,95	1433,58
698,15	1478,63
698,34	1415,15
698,54	1449,96
698,73	1478,63
698,93	1392,62
699,12	1402,86
699,32	1425,39
699,51	1513,45
699,70	1351,66
699,90	1476,59
700,09	1345,52
700,29	1443,82
700,48	1316,84
700,68	1480,68
700,87	1400,81
701,07	1423,34
701,26	1458,15
701,45	1501,16
701,65	1333,23
701,84	1423,34
702,04	1452,01
702,23	1425,39
702,43	1427,43
702,62	1372,14
702,81	1415,15
703,01	1402,86
703,20	1404,91
703,40	1368,04
703,59	1425,39
703,79	1509,35
703,98	1411,05
704,17	1413,10
704,37	1400,81
704,56	1452,01
704,76	1355,76
704,95	1437,67
705,14	1501,16
705,34	1388,52
705,53	1325,04
705,73	1329,13
705,92	1447,91
706,11	1439,72
706,31	1454,06
706,50	1452,01
706,70	1482,73
706,89	1429,48
707,08	1394,67
707,28	1413,10
707,47	1480,68
707,67	1361,90
707,86	1411,05
708,05	1456,11
708,25	1427,43
708,44	1423,34
708,64	1384,43
708,83	1437,67
709,02	1392,62
709,22	1423,34
709,41	1382,38
709,60	1439,72
709,80	1402,86
709,99	1406,95
710,19	1413,10
710,38	1378,28
710,57	1296,36
710,77	1417,19
710,96	1503,21
711,15	1419,24
711,35	1310,70
711,54	1390,57
711,73	1423,34
711,93	1431,53
712,12	1392,62
712,31	1431,53
712,51	1378,28
712,70	1439,72
712,89	1349,61
713,09	1390,57
713,28	1366,00
713,48	1398,76
713,67	1464,30
713,86	1382,38
714,06	1366,00
714,25	1394,67
714,44	1370,09
714,64	1462,25
714,83	1400,81
715,02	1384,43
715,22	1474,54
715,41	1531,88
715,60	1382,38
715,79	1431,53
715,99	1402,86
716,18	1411,05
716,37	1314,80
716,57	1441,77
716,76	1411,05
716,95	1386,47
717,15	1417,19
717,34	1353,71
717,53	1329,13
717,73	1394,67
717,92	1394,67
718,11	1357,80
718,31	1376,24
718,50	1460,20
718,69	1402,86
718,88	1505,26
719,08	1384,43
719,27	1363,95
719,46	1396,71
719,66	1339,37
719,85	1447,91
720,04	1452,01
720,23	1376,24
720,43	1366,00
720,62	1378,28
720,81	1351,66
721,01	1341,42
721,20	1406,95
721,39	1366,00
721,58	1435,63
721,78	1437,67
721,97	1392,62
722,16	1361,90
722,35	1468,39
722,55	1366,00
722,74	1464,30
722,93	1441,77
723,13	1349,61
723,32	1394,67
723,51	1361,90
723,70	1355,76
723,90	1460,20
724,09	1417,19
724,28	1345,52
724,47	1294,32
724,67	1460,20
724,86	1404,91
725,05	1454,06
725,24	1437,67
725,44	1378,28
725,63	1402,86
725,82	1394,67
726,01	1417,19
726,21	1394,67
726,40	1349,61
726,59	1427,43
726,78	1437,67
726,97	1404,91
727,17	1363,95
727,36	1437,67
727,55	1480,68
727,74	1441,77
727,94	1349,61
728,13	1447,91
728,32	1345,52
728,51	1413,10
728,70	1327,08
728,90	1454,06
729,09	1419,24
729,28	1378,28
729,47	1366,00
729,66	1351,66
729,86	1351,66
730,05	1431,53
730,24	1413,10
730,43	1376,24
730,63	1370,09
730,82	1484,78
731,01	1339,37
731,20	1456,11
731,39	1357,80
731,58	1398,76
731,78	1409,00
731,97	1388,52
732,16	1476,59
732,35	1429,48
732,54	1400,81
732,74	1425,39
732,93	1366,00
733,12	1409,00
733,31	1390,57
733,50	1279,98
733,69	1468,39
733,89	1435,63
734,08	1421,29
734,27	1433,58
734,46	1388,52
734,65	1316,84
734,84	1390,57
735,04	1411,05
735,23	1501,16
735,42	1429,48
735,61	1447,91
735,80	1439,72
735,99	1431,53
736,19	1339,37
736,38	1429,48
736,57	1400,81
736,76	1406,95
736,95	1527,78
737,14	1406,95
737,33	1372,14
737,53	1390,57
737,72	1339,37
737,91	1394,67
738,10	1482,73
738,29	1374,19
738,48	1413,10
738,67	1390,57
738,87	1286,12
739,06	1419,24
739,25	1396,71
739,44	1339,37
739,63	1452,01
739,82	1413,10
740,01	1404,91
740,20	1390,57
740,40	1449,96
740,59	1404,91
740,78	1390,57
740,97	1413,10
741,16	1341,42
741,35	1413,10
741,54	1382,38
741,73	1452,01
741,92	1351,66
742,12	1333,23
742,31	1468,39
742,50	1548,26
742,69	1501,16
742,88	1394,67
743,07	1318,89
743,26	1380,33
743,45	1417,19
743,64	1427,43
743,83	1439,72
744,02	1322,99
744,22	1433,58
744,41	1433,58
744,60	1404,91
744,79	1478,63
744,98	1495,02
745,17	1388,52
745,36	1400,81
745,55	1433,58
745,74	1378,28
745,93	1363,95
746,12	1351,66
746,31	1388,52
746,50	1456,11
746,70	1384,43
746,89	1372,14
747,08	1439,72
747,27	1431,53
747,46	1427,43
747,65	1466,35
747,84	1517,54
748,03	1433,58
748,22	1421,29
748,41	1433,58
748,60	1413,10
748,79	1433,58
748,98	1486,83
749,17	1431,53
749,36	1415,15
749,55	1372,14
749,74	1478,63
749,93	1449,96
750,12	1437,67
750,31	1378,28
750,50	1513,45
750,70	1359,85
750,89	1470,44
751,08	1574,89
751,27	1431,53
751,46	1417,19
751,65	1456,11
751,84	1439,72
752,03	1386,47
752,22	1462,25
752,41	1415,15
752,60	1390,57
752,79	1474,54
752,98	1378,28
753,17	1394,67
753,36	1400,81
753,55	1439,72
753,74	1382,38
753,93	1521,64
754,12	1488,87
754,31	1505,26
754,50	1499,11
754,69	1425,39
754,88	1435,63
755,07	1386,47
755,26	1302,51
755,45	1478,63
755,64	1423,34
755,83	1361,90
756,02	1509,35
756,21	1474,54
756,40	1497,07
756,59	1392,62
756,78	1406,95
756,97	1492,97
757,16	1423,34
757,35	1474,54
757,54	1433,58
757,72	1449,96
757,91	1366,00
758,10	1415,15
758,29	1435,63
758,48	1460,20
758,67	1406,95
758,86	1409,00
759,05	1384,43
759,24	1402,86
759,43	1478,63
759,62	1325,04
759,81	1447,91
760,00	1480,68
760,19	1372,14
760,38	1482,73
760,57	1398,76
760,76	1378,28
760,95	1497,07
761,14	1445,87
761,33	1353,71
761,52	1341,42
761,70	1374,19
761,89	1384,43
762,08	1443,82
762,27	1380,33
762,46	1488,87
762,65	1447,91
762,84	1409,00
763,03	1396,71
763,22	1433,58
763,41	1533,93
763,60	1429,48
763,79	1478,63
763,98	1501,16
764,16	1484,78
764,35	1480,68
764,54	1441,77
764,73	1484,78
764,92	1546,22
765,11	1433,58
765,30	1441,77
765,49	1325,04
765,68	1515,50
765,87	1441,77
766,06	1409,00
766,24	1415,15
766,43	1359,85
766,62	1452,01
766,81	1327,08
767,00	1374,19
767,19	1474,54
767,38	1535,98
767,57	1431,53
767,76	1423,34
767,94	1480,68
768,13	1376,24
768,32	1544,17
768,51	1392,62
768,70	1419,24
768,89	1495,02
769,08	1433,58
769,27	1443,82
769,45	1402,86
769,64	1511,40
769,83	1353,71
770,02	1439,72
770,21	1443,82
770,40	1568,74
770,59	1419,24
770,77	1468,39
770,96	1474,54
771,15	1501,16
771,34	1384,43
771,53	1513,45
771,72	1460,20
771,91	1441,77
772,09	1507,30
772,28	1488,87
772,47	1372,14
772,66	1480,68
772,85	1439,72
773,04	1419,24
773,22	1413,10
773,41	1544,17
773,60	1499,11
773,79	1421,29
773,98	1486,83
774,17	1572,84
774,35	1415,15
774,54	1476,59
774,73	1433,58
774,92	1404,91
775,11	1466,35
775,30	1548,26
775,48	1409,00
775,67	1495,02
775,86	1398,76
776,05	1525,74
776,24	1531,88
776,42	1478,63
776,61	1400,81
776,80	1470,44
776,99	1419,24
777,18	1470,44
777,36	1433,58
777,55	1439,72
777,74	1458,15
777,93	1517,54
778,12	1550,31
778,30	1425,39
778,49	1466,35
778,68	1484,78
778,87	1480,68
779,06	1495,02
779,24	1456,11
779,43	1548,26
779,62	1521,64
779,81	1396,71
779,99	1495,02
780,18	1507,30
780,37	1535,98
780,56	1456,11
780,75	1433,58
780,93	1464,30
781,12	1445,87
781,31	1454,06
781,50	1464,30
781,68	1384,43
781,87	1425,39
782,06	1433,58
782,25	1497,07
782,43	1439,72
782,62	1433,58
782,81	1482,73
783,00	1400,81
783,18	1370,09
783,37	1423,34
783,56	1454,06
783,75	1398,76
783,93	1413,10
784,12	1484,78
784,31	1462,25
784,50	1415,15
784,68	1527,78
784,87	1466,35
785,06	1529,83
785,24	1460,20
785,43	1454,06
785,62	1478,63
785,81	1554,41
785,99	1531,88
786,18	1417,19
786,37	1521,64
786,56	1396,71
786,74	1452,01
786,93	1509,35
787,12	1433,58
787,30	1462,25
787,49	1417,19
787,68	1427,43
787,87	1490,92
788,05	1404,91
788,24	1411,05
788,43	1386,47
788,61	1511,40
788,80	1409,00
788,99	1423,34
789,17	1509,35
789,36	1411,05
789,55	1404,91
789,73	1435,63
789,92	1427,43
790,11	1492,97
790,30	1427,43
790,48	1443,82
790,67	1447,91
790,86	1435,63
791,04	1435,63
791,23	1394,67
791,42	1452,01
791,60	1404,91
791,79	1454,06
791,98	1404,91
792,16	1423,34
792,35	1474,54
792,54	1386,47
792,72	1497,07
792,91	1519,59
793,10	1386,47
793,28	1351,66
793,47	1429,48
793,66	1316,84
793,84	1425,39
794,03	1329,13
794,22	1435,63
794,40	1460,20
794,59	1452,01
794,77	1376,24
794,96	1353,71
795,15	1464,30
795,33	1398,76
795,52	1431,53
795,71	1466,35
795,89	1425,39
796,08	1452,01
796,27	1460,20
796,45	1447,91
796,64	1300,46
796,82	1349,61
797,01	1445,87
797,20	1497,07
797,38	1456,11
797,57	1327,08
797,76	1411,05
797,94	1462,25
798,13	1529,83
798,31	1396,71
798,50	1398,76
798,69	1427,43
798,87	1445,87
799,06	1421,29
799,24	1374,19
799,43	1413,10
799,62	1314,80
799,80	1349,61
799,99	1474,54
800,17	1421,29
800,36	1433,58
800,55	1437,67
800,73	1429,48
800,92	1388,52
801,10	1357,80
801,29	1404,91
801,48	1447,91
801,66	1419,24
801,85	1419,24
802,03	1437,67
802,22	1476,59
802,40	1460,20
802,59	1411,05
802,78	1423,34
802,96	1464,30
803,15	1441,77
803,33	1456,11
803,52	1411,05
803,70	1460,20
803,89	1406,95
804,08	1419,24
804,26	1468,39
804,45	1376,24
804,63	1452,01
804,82	1439,72
805,00	1449,96
805,19	1341,42
805,37	1382,38
805,56	1472,49
805,74	1390,57
805,93	1384,43
806,12	1435,63
806,30	1443,82
806,49	1449,96
806,67	1447,91
806,86	1406,95
807,04	1392,62
807,23	1378,28
807,41	1378,28
807,60	1413,10
807,78	1394,67
807,97	1724,39
808,15	1355,76
808,34	1478,63
808,52	1423,34
808,71	1370,09
808,89	1480,68
809,08	1406,95
809,27	1384,43
809,45	1374,19
809,64	1357,80
809,82	1415,15
810,01	1388,52
810,19	1421,29
810,38	1458,15
810,56	1392,62
810,75	1386,47
810,93	1413,10
811,12	1394,67
811,30	1400,81
811,49	1378,28
811,67	1413,10
811,85	1449,96
812,04	1409,00
812,22	1441,77
812,41	1384,43
812,59	1441,77
812,78	1380,33
812,96	1378,28
813,15	1505,26
813,33	1419,24
813,52	1417,19
813,70	1413,10
813,89	1384,43
814,07	1468,39
814,26	1366,00
814,44	1390,57
814,63	1425,39
814,81	1423,34
815,00	1419,24
815,18	1423,34
815,36	1372,14
815,55	1380,33
815,73	1396,71
815,92	1419,24
816,10	1574,89
816,29	1472,49
816,47	1404,91
816,66	1378,28
816,84	1454,06
817,02	1466,35
817,21	1474,54
817,39	1452,01
817,58	1396,71
817,76	1474,54
817,95	1507,30
818,13	1441,77
818,32	1351,66
818,50	1347,56
818,68	1409,00
818,87	1445,87
819,05	1366,00
819,24	1468,39
819,42	1415,15
819,60	1423,34
819,79	1449,96
819,97	1394,67
820,16	1449,96
820,34	1357,80
820,53	1376,24
820,71	1353,71
820,89	1392,62
821,08	1406,95
821,26	1370,09
821,45	1439,72
821,63	1341,42
821,81	1466,35
822,00	1429,48
822,18	1427,43
822,37	1421,29
822,55	1443,82
822,73	1488,87
822,92	1466,35
823,10	1423,34
823,28	1417,19
823,47	1419,24
823,65	1456,11
823,84	1454,06
824,02	1482,73
824,20	1417,19
824,39	1343,47
824,57	1427,43
824,75	1503,21
824,94	1515,50
825,12	1535,98
825,31	1386,47
825,49	1458,15
825,67	1464,30
825,86	1392,62
826,04	1425,39
826,22	1497,07
826,41	1521,64
826,59	1370,09
826,77	1484,78
826,96	1368,04
827,14	1351,66
827,32	1445,87
827,51	1427,43
827,69	1404,91
827,87	1384,43
828,06	1429,48
828,24	1384,43
828,42	1370,09
828,61	1445,87
828,79	1490,92
828,97	1484,78
829,16	1507,30
829,34	1353,71
829,52	1370,09
829,71	1480,68
829,89	1550,31
830,07	1456,11
830,26	1417,19
830,44	1409,00
830,62	1533,93
830,81	1396,71
830,99	1484,78
831,17	1394,67
831,36	1486,83
831,54	1447,91
831,72	1398,76
831,91	1437,67
832,09	1413,10
832,27	1435,63
832,45	1415,15
832,64	1388,52
832,82	1368,04
833,00	1370,09
833,19	1425,39
833,37	1447,91
833,55	1478,63
833,73	1361,90
833,92	1431,53
834,10	1439,72
834,28	1464,30
834,47	1488,87
834,65	1423,34
834,83	1413,10
835,01	1386,47
835,20	1411,05
835,38	1427,43
835,56	1472,49
835,74	1396,71
835,93	1419,24
836,11	1447,91
836,29	1400,81
836,47	1515,50
836,66	1454,06
836,84	1464,30
837,02	1458,15
837,21	1480,68
837,39	1431,53
837,57	1470,44
837,75	1533,93
837,94	1409,00
838,12	1437,67
838,30	1454,06
838,48	1402,86
838,66	1423,34
838,85	1509,35
839,03	1413,10
839,21	1363,95
839,39	1361,90
839,58	1394,67
839,76	1458,15
839,94	1374,19
840,12	1527,78
840,31	1495,02
840,49	1503,21
840,67	1404,91
840,85	1386,47
841,03	1366,00
841,22	1433,58
841,40	1499,11
841,58	1466,35
841,76	1384,43
841,94	1435,63
842,13	1484,78
842,31	1513,45
842,49	1368,04
842,67	1357,80
842,85	1499,11
843,04	1402,86
843,22	1495,02
843,40	1421,29
843,58	1513,45
843,76	1495,02
843,95	1421,29
844,13	1392,62
844,31	1417,19
844,49	1505,26
844,67	1361,90
844,86	1507,30
845,04	1501,16
845,22	1445,87
845,40	1413,10
845,58	1527,78
845,76	1372,14
845,95	1501,16
846,13	1435,63
846,31	1492,97
846,49	1452,01
846,67	1482,73
846,85	1419,24
847,04	1470,44
847,22	1509,35
847,40	1406,95
847,58	1357,80
847,76	1449,96
847,94	1482,73
848,12	1499,11
848,31	1394,67
848,49	1406,95
848,67	1378,28
848,85	1566,70
849,03	1466,35
849,21	1515,50
849,39	1398,76
849,58	1406,95
849,76	1439,72
849,94	1560,55
850,12	1386,47
850,30	1562,60
850,48	1425,39
850,66	1486,83
850,84	1372,14
851,03	1472,49
851,21	1433,58
851,39	1499,11
851,57	1470,44
851,75	1460,20
851,93	1433,58
852,11	1492,97
852,29	1411,05
852,47	1456,11
852,66	1531,88
852,84	1363,95
853,02	1482,73
853,20	1505,26
853,38	1464,30
853,56	1460,20
853,74	1454,06
853,92	1503,21
854,10	1464,30
854,28	1435,63
854,46	1492,97
854,65	1488,87
854,83	1435,63
855,01	1464,30
855,19	1464,30
855,37	1458,15
855,55	1468,39
855,73	1542,12
855,91	1511,40
856,09	1470,44
856,27	1472,49
856,45	1456,11
856,63	1480,68
856,81	1546,22
857,00	1441,77
857,18	1519,59
857,36	1452,01
857,54	1488,87
857,72	1449,96
857,90	1464,30
858,08	1576,94
858,26	1519,59
858,44	1370,09
858,62	1452,01
858,80	1380,33
858,98	1521,64
859,16	1423,34
859,34	1458,15
859,52	1505,26
859,70	1472,49
859,88	1423,34
860,06	1486,83
860,24	1357,80
860,42	1458,15
860,60	1495,02
860,78	1413,10
860,96	1398,76
861,14	1447,91
861,32	1417,19
861,50	1439,72
861,69	1456,11
861,87	1486,83
862,05	1462,25
862,23	1484,78
862,41	1484,78
862,59	1458,15
862,77	1476,59
862,95	1492,97
863,13	1578,98
863,31	1527,78
863,49	1474,54
863,67	1406,95
863,85	1382,38
864,03	1437,67
864,21	1464,30
864,39	1464,30
864,57	1503,21
864,75	1423,34
864,92	1460,20
865,10	1335,28
865,28	1415,15
865,46	1445,87
865,64	1456,11
865,82	1486,83
866,00	1374,19
866,18	1464,30
866,36	1439,72
866,54	1533,93
866,72	1449,96
866,90	1445,87
867,08	1497,07
867,26	1468,39
867,44	1441,77
867,62	1460,20
867,80	1433,58
867,98	1433,58
868,16	1417,19
868,34	1529,83
868,52	1398,76
868,70	1484,78
868,88	1413,10
869,06	1439,72
869,24	1499,11
869,42	1427,43
869,59	1495,02
869,77	1501,16
869,95	1439,72
870,13	1437,67
870,31	1398,76
870,49	1464,30
870,67	1447,91
870,85	1441,77
871,03	1523,69
871,21	1554,41
871,39	1482,73
871,57	1458,15
871,75	1466,35
871,92	1497,07
872,10	1456,11
872,28	1419,24
872,46	1519,59
872,64	1447,91
872,82	1390,57
873,00	1480,68
873,18	1439,72
873,36	1445,87
873,54	1417,19
873,72	1468,39
873,89	1382,38
874,07	1361,90
874,25	1550,31
874,43	1427,43
874,61	1466,35
874,79	1460,20
874,97	1366,00
875,15	1535,98
875,33	1480,68
875,50	1484,78
875,68	1437,67
875,86	1492,97
876,04	1490,92
876,22	1527,78
876,40	1447,91
876,58	1503,21
876,76	1519,59
876,93	1472,49
877,11	1386,47
877,29	1497,07
877,47	1482,73
877,65	1452,01
877,83	1509,35
878,01	1492,97
878,18	1437,67
878,36	1456,11
878,54	1443,82
878,72	1466,35
878,90	1406,95
879,08	1556,46
879,25	1419,24
879,43	1464,30
879,61	1406,95
879,79	1449,96
879,97	1449,96
880,15	1421,29
880,32	1492,97
880,50	1511,40
880,68	1400,81
880,86	1482,73
881,04	1366,00
881,22	1562,60
881,39	1437,67
881,57	1523,69
881,75	1484,78
881,93	1454,06
882,11	1449,96
882,28	1480,68
882,46	1466,35
882,64	1452,01
882,82	1437,67
883,00	1472,49
883,18	1470,44
883,35	1517,54
883,53	1517,54
883,71	1390,57
883,89	1466,35
884,07	1445,87
884,24	1404,91
884,42	1476,59
884,60	1390,57
884,78	1421,29
884,95	1421,29
885,13	1468,39
885,31	1398,76
885,49	1452,01
885,67	1458,15
885,84	1556,46
886,02	1361,90
886,20	1357,80
886,38	1456,11
886,55	1454,06
886,73	1480,68
886,91	1363,95
887,09	1357,80
887,26	1447,91
887,44	1458,15
887,62	1429,48
887,80	1427,43
887,98	1429,48
888,15	1439,72
888,33	1402,86
888,51	1413,10
888,69	1505,26
888,86	1497,07
889,04	1501,16
889,22	1398,76
889,39	1431,53
889,57	1466,35
889,75	1495,02
889,93	1429,48
890,10	1466,35
890,28	1425,39
890,46	1488,87
890,64	1435,63
890,81	1431,53
890,99	1482,73
891,17	1419,24
891,34	1437,67
891,52	1474,54
891,70	1456,11
891,88	1466,35
892,05	1466,35
892,23	1433,58
892,41	1513,45
892,58	1402,86
892,76	1480,68
892,94	1363,95
893,12	1474,54
893,29	1433,58
893,47	1488,87
893,65	1464,30
893,82	1460,20
894,00	1513,45
894,18	1372,14
894,35	1413,10
894,53	1468,39
894,71	1458,15
894,89	1464,30
895,06	1433,58
895,24	1470,44
895,42	1497,07
895,59	1435,63
895,77	1402,86
895,95	1542,12
896,12	1439,72
896,30	1435,63
896,48	1380,33
896,65	1425,39
896,83	1447,91
897,01	1439,72
897,18	1478,63
897,36	1591,27
897,54	1472,49
897,71	1378,28
897,89	1490,92
898,07	1271,79
898,24	1374,19
898,42	1431,53
898,59	1509,35
898,77	1390,57
898,95	1456,11
899,12	1368,04
899,30	1406,95
899,48	1554,41
899,65	1419,24
899,83	1492,97
900,01	1325,04
900,18	1472,49
900,36	1482,73
900,53	1466,35
900,71	1490,92
900,89	1531,88
901,06	1419,24
901,24	1478,63
901,42	1464,30
901,59	1445,87
901,77	1464,30
901,94	1519,59
902,12	1456,11
902,30	1361,90
902,47	1419,24
902,65	1447,91
902,82	1409,00
903,00	1394,67
903,18	1464,30
903,35	1445,87
903,53	1372,14
903,70	1546,22
903,88	1511,40
904,06	1445,87
904,23	1400,81
904,41	1421,29
904,58	1419,24
904,76	1458,15
904,93	1454,06
905,11	1394,67
905,29	1464,30
905,46	1376,24
905,64	1488,87
905,81	1486,83
905,99	1400,81
906,16	1429,48
906,34	1423,34
906,52	1394,67
906,69	1384,43
906,87	1437,67
907,04	1433,58
907,22	1331,18
907,39	1478,63
907,57	1429,48
907,75	1509,35
907,92	1484,78
908,10	1484,78
908,27	1466,35
908,45	1484,78
908,62	1431,53
908,80	1353,71
908,97	1425,39
909,15	1544,17
909,32	1435,63
909,50	1400,81
909,67	1419,24
909,85	1452,01
910,03	1370,09
910,20	1503,21
910,38	1449,96
910,55	1417,19
910,73	1427,43
910,90	1417,19
911,08	1425,39
911,25	1456,11
911,43	1509,35
911,60	1431,53
911,78	1415,15
911,95	1466,35
912,13	1472,49
912,30	1447,91
912,48	1406,95
912,65	1492,97
912,83	1392,62
913,00	1447,91
913,18	1423,34
913,35	1390,57
913,53	1429,48
913,70	1478,63
913,88	1499,11
914,05	1441,77
914,23	1419,24
914,40	1466,35
914,58	1429,48
914,75	1400,81
914,93	1449,96
915,10	1404,91
915,27	1447,91
915,45	1439,72
915,62	1447,91
915,80	1488,87
915,97	1449,96
916,15	1413,10
916,32	1570,79
916,50	1480,68
916,67	1421,29
916,85	1427,43
917,02	1382,38
917,20	1533,93
917,37	1497,07
917,54	1521,64
917,72	1468,39
917,89	1484,78
918,07	1495,02
918,24	1464,30
918,42	1427,43
918,59	1466,35
918,77	1429,48
918,94	1447,91
919,11	1413,10
919,29	1419,24
919,46	1345,52
919,64	1445,87
919,81	1409,00
919,99	1464,30
920,16	1497,07
920,33	1527,78
920,51	1419,24
920,68	1464,30
920,86	1476,59
921,03	1452,01
921,20	1349,61
921,38	1480,68
921,55	1429,48
921,73	1470,44
921,90	1445,87
922,07	1458,15
922,25	1490,92
922,42	1495,02
922,60	1411,05
922,77	1433,58
922,94	1458,15
923,12	1452,01
923,29	1552,36
923,47	1382,38
923,64	1400,81
923,81	1456,11
923,99	1458,15
924,16	1472,49
924,34	1419,24
924,51	1458,15
924,68	1499,11
924,86	1425,39
925,03	1413,10
925,20	1542,12
925,38	1492,97
925,55	1392,62
925,72	1492,97
925,90	1443,82
926,07	1445,87
926,25	1470,44
926,42	1449,96
926,59	1402,86
926,77	1409,00
926,94	1486,83
927,11	1402,86
927,29	1515,50
927,46	1523,69
927,63	1468,39
927,81	1443,82
927,98	1492,97
928,15	1492,97
928,33	1538,02
928,50	1572,84
928,67	1427,43
928,85	1507,30
929,02	1456,11
929,19	1492,97
929,37	1521,64
929,54	1417,19
929,71	1486,83
929,89	1492,97
930,06	1402,86
930,23	1476,59
930,41	1515,50
930,58	1495,02
930,75	1482,73
930,92	1476,59
931,10	1413,10
931,27	1388,52
931,44	1503,21
931,62	1406,95
931,79	1394,67
931,96	1501,16
932,14	1480,68
932,31	1449,96
932,48	1497,07
932,65	1388,52
932,83	1460,20
933,00	1417,19
933,17	1527,78
933,35	1419,24
933,52	1511,40
933,69	1521,64
933,86	1482,73
934,04	1464,30
934,21	1404,91
934,38	1386,47
934,55	1433,58
934,73	1421,29
934,90	1402,86
935,07	1533,93
935,25	1564,65
935,42	1425,39
935,59	1431,53
935,76	1384,43
935,94	1437,67
936,11	1417,19
936,28	1445,87
936,45	1466,35
936,63	1447,91
936,80	1423,34
936,97	1488,87
937,14	1482,73
937,31	1503,21
937,49	1538,02
937,66	1484,78
937,83	1460,20
938,00	1492,97
938,18	1533,93
938,35	1474,54
938,52	1568,74
938,69	1474,54
938,87	1558,50
939,04	1421,29
939,21	1380,33
939,38	1456,11
939,55	1482,73
939,73	1423,34
939,90	1486,83
940,07	1449,96
940,24	1439,72
940,41	1456,11
940,59	1400,81
940,76	1460,20
940,93	1464,30
941,10	1382,38
941,27	1417,19
941,45	1439,72
941,62	1460,20
941,79	1435,63
941,96	1443,82
942,13	1519,59
942,31	1433,58
942,48	1452,01
942,65	1452,01
942,82	1472,49
942,99	1435,63
943,16	1398,76
943,34	1443,82
943,51	1482,73
943,68	1486,83
943,85	1447,91
944,02	1509,35
944,19	1396,71
944,37	1458,15
944,54	1429,48
944,71	1460,20
944,88	1552,36
945,05	1501,16
945,22	1513,45
945,40	1449,96
945,57	1433,58
945,74	1464,30
945,91	1460,20
946,08	1472,49
946,25	1445,87
946,42	1497,07
946,60	1538,02
946,77	1423,34
946,94	1497,07
947,11	1466,35
947,28	1452,01
947,45	1359,85
947,62	1417,19
947,79	1462,25
947,97	1486,83
948,14	1554,41
948,31	1505,26
948,48	1427,43
948,65	1478,63
948,82	1411,05
948,99	1540,07
949,16	1443,82
949,33	1431,53
949,51	1460,20
949,68	1435,63
949,85	1474,54
950,02	1554,41
950,19	1517,54
950,36	1488,87
950,53	1454,06
950,70	1460,20
950,87	1472,49
951,04	1484,78
951,22	1466,35
951,39	1480,68
951,56	1380,33
951,73	1445,87
951,90	1447,91
952,07	1462,25
952,24	1435,63
952,41	1452,01
952,58	1398,76
952,75	1507,30
952,92	1460,20
953,09	1439,72
953,26	1400,81
953,43	1576,94
953,61	1472,49
953,78	1490,92
953,95	1425,39
954,12	1452,01
954,29	1472,49
954,46	1497,07
954,63	1460,20
954,80	1492,97
954,97	1454,06
955,14	1525,74
955,31	1392,62
955,48	1431,53
955,65	1378,28
955,82	1384,43
955,99	1417,19
956,16	1378,28
956,33	1492,97
956,50	1472,49
956,67	1482,73
956,84	1437,67
957,01	1419,24
957,18	1437,67
957,35	1392,62
957,52	1417,19
957,69	1484,78
957,86	1476,59
958,03	1419,24
958,20	1566,70
958,37	1454,06
958,54	1488,87
958,71	1456,11
958,88	1492,97
959,05	1484,78
959,22	1382,38
959,39	1468,39
959,56	1423,34
959,73	1519,59
959,90	1474,54
960,07	1456,11
960,24	1415,15
960,41	1452,01
960,58	1503,21
960,75	1392,62
960,92	1466,35
961,09	1394,67
961,26	1568,74
961,43	1382,38
961,60	1484,78
961,77	1468,39
961,94	1374,19
962,11	1390,57
962,28	1542,12
962,45	1431,53
962,62	1423,34
962,79	1449,96
962,96	1458,15
963,13	1433,58
963,30	1482,73
963,47	1421,29
963,64	1447,91
963,81	1533,93
963,98	1456,11
964,14	1542,12
964,31	1419,24
964,48	1497,07
964,65	1505,26
964,82	1435,63
964,99	1566,70
965,16	1351,66
965,33	1525,74
965,50	1425,39
965,67	1419,24
965,84	1486,83
966,01	1462,25
966,18	1409,00
966,35	1431,53
966,51	1435,63
966,68	1583,08
966,85	1435,63
967,02	1468,39
967,19	1490,92
967,36	1445,87
967,53	1441,77
967,70	1449,96
967,87	1472,49
968,04	1503,21
968,21	1388,52
968,37	1437,67
968,54	1372,14
968,71	1413,10
968,88	1374,19
969,05	1406,95
969,22	1415,15
969,39	1333,23
969,56	1472,49
969,72	1449,96
969,89	1433,58
970,06	1509,35
970,23	1445,87
970,40	1433,58
970,57	1390,57
970,74	1507,30
970,91	1423,34
971,07	1482,73
971,24	1423,34
971,41	1472,49
971,58	1488,87
971,75	1445,87
971,92	1388,52
972,09	1413,10
972,25	1437,67
972,42	1456,11
972,59	1533,93
972,76	1488,87
972,93	1468,39
973,10	1474,54
973,27	1513,45
973,43	1404,91
973,60	1376,24
973,77	1366,00
973,94	1441,77
974,11	1433,58
974,28	1472,49
974,44	1372,14
974,61	1486,83
974,78	1437,67
974,95	1372,14
975,12	1458,15
975,28	1560,55
975,45	1468,39
975,62	1404,91
975,79	1357,80
975,96	1413,10
976,12	1464,30
976,29	1542,12
976,46	1425,39
976,63	1423,34
976,80	1423,34
976,96	1449,96
977,13	1404,91
977,30	1437,67
977,47	1380,33
977,64	1454,06
977,80	1388,52
977,97	1359,85
978,14	1480,68
978,31	1382,38
978,48	1419,24
978,64	1421,29
978,81	1431,53
978,98	1490,92
979,15	1386,47
979,31	1382,38
979,48	1445,87
979,65	1359,85
979,82	1429,48
979,98	1425,39
980,15	1413,10
980,32	1535,98
980,49	1378,28
980,66	1427,43
980,82	1355,76
980,99	1447,91
981,16	1398,76
981,33	1398,76
981,49	1370,09
981,66	1417,19
981,83	1447,91
981,99	1488,87
982,16	1423,34
982,33	1394,67
982,50	1447,91
982,66	1447,91
982,83	1431,53
983,00	1443,82
983,17	1419,24
983,33	1429,48
983,50	1363,95
983,67	1396,71
983,83	1398,76
984,00	1390,57
984,17	1437,67
984,34	1394,67
984,50	1306,60
984,67	1460,20
984,84	1366,00
985,00	1353,71
985,17	1380,33
985,34	1480,68
985,51	1466,35
985,67	1460,20
985,84	1333,23
986,01	1347,56
986,17	1282,03
986,34	1404,91
986,51	1421,29
986,67	1376,24
986,84	1384,43
987,01	1337,32
987,17	1433,58
987,34	1329,13
987,51	1398,76
987,67	1456,11
987,84	1476,59
988,01	1396,71
988,17	1388,52
988,34	1409,00
988,51	1378,28
988,67	1357,80
988,84	1415,15
989,01	1259,50
989,17	1413,10
989,34	1378,28
989,51	1472,49
989,67	1425,39
989,84	1482,73
990,01	1400,81
990,17	1378,28
990,34	1322,99
990,51	1380,33
990,67	1449,96
990,84	1370,09
991,01	1329,13
991,17	1441,77
991,34	1423,34
991,50	1409,00
991,67	1400,81
991,84	1372,14
992,00	1435,63
992,17	1433,58
992,34	1384,43
992,50	1507,30
992,67	1425,39
992,83	1497,07
993,00	1413,10
993,17	1404,91
993,33	1421,29
993,50	1431,53
993,66	1462,25
993,83	1458,15
994,00	1402,86
994,16	1374,19
994,33	1419,24
994,49	1376,24
994,66	1411,05
994,83	1409,00
994,99	1368,04
995,16	1427,43
995,32	1443,82
995,49	1433,58
995,66	1406,95
995,82	1404,91
995,99	1409,00
996,15	1398,76
996,32	1415,15
996,48	1394,67
996,65	1372,14
996,82	1474,54
996,98	1353,71
997,15	1376,24
997,31	1435,63
997,48	1431,53
997,64	1349,61
997,81	1445,87
997,97	1392,62
998,14	1402,86
998,31	1419,24
998,47	1378,28
998,64	1482,73
998,80	1460,20
998,97	1478,63
999,13	1488,87
999,30	1443,82
999,46	1386,47
999,63	1419,24
999,79	1417,19
999,96	1466,35
1000,12	1411,05
1000,29	1488,87
1000,45	1464,30
1000,62	1339,37
1000,79	1400,81
1000,95	1341,42
1001,12	1390,57
1001,28	1372,14
1001,45	1351,66
1001,61	1511,40
1001,78	1372,14
1001,94	1392,62
1002,11	1542,12
1002,27	1472,49
1002,44	1370,09
1002,60	1427,43
1002,77	1466,35
1002,93	1456,11
1003,10	1421,29
1003,26	1447,91
1003,43	1443,82
1003,59	1380,33
1003,76	1464,30
1003,92	1488,87
1004,09	1382,38
1004,25	1361,90
1004,41	1476,59
1004,58	1409,00
1004,74	1386,47
1004,91	1345,52
1005,07	1419,24
1005,24	1456,11
1005,40	1452,01
1005,57	1337,32
1005,73	1409,00
1005,90	1425,39
1006,06	1282,03
1006,23	1472,49
1006,39	1394,67
1006,55	1390,57
1006,72	1325,04
1006,88	1378,28
1007,05	1392,62
1007,21	1417,19
1007,38	1437,67
1007,54	1468,39
1007,71	1409,00
1007,87	1345,52
1008,03	1435,63
1008,20	1439,72
1008,36	1402,86
1008,53	1386,47
1008,69	1339,37
1008,86	1333,23
1009,02	1423,34
1009,18	1439,72
1009,35	1372,14
1009,51	1353,71
1009,68	1470,44
1009,84	1425,39
1010,01	1411,05
1010,17	1441,77
1010,33	1454,06
1010,50	1398,76
1010,66	1533,93
1010,83	1372,14
1010,99	1427,43
1011,15	1331,18
1011,32	1386,47
1011,48	1411,05
1011,65	1404,91
1011,81	1384,43
1011,97	1433,58
1012,14	1470,44
1012,30	1392,62
1012,46	1361,90
1012,63	1382,38
1012,79	1402,86
1012,96	1484,78
1013,12	1454,06
1013,28	1402,86
1013,45	1492,97
1013,61	1388,52
1013,77	1406,95
1013,94	1427,43
1014,10	1368,04
1014,26	1357,80
1014,43	1433,58
1014,59	1392,62
1014,76	1411,05
1014,92	1486,83
1015,08	1370,09
1015,25	1310,70
1015,41	1368,04
1015,57	1472,49
1015,74	1312,75
1015,90	1355,76
1016,06	1425,39
1016,23	1458,15
1016,39	1398,76
1016,55	1392,62
1016,72	1396,71
1016,88	1415,15
1017,04	1366,00
1017,21	1421,29
1017,37	1423,34
1017,53	1359,85
1017,70	1449,96
1017,86	1374,19
1018,02	1357,80
1018,19	1345,52
1018,35	1404,91
1018,51	1378,28
1018,67	1417,19
1018,84	1343,47
1019,00	1355,76
1019,16	1462,25
1019,33	1398,76
1019,49	1433,58
1019,65	1337,32
1019,82	1429,48
1019,98	1345,52
1020,14	1392,62
1020,30	1460,20
1020,47	1411,05
1020,63	1370,09
1020,79	1404,91
1020,96	1370,09
1021,12	1378,28
1021,28	1425,39
1021,44	1357,80
1021,61	1421,29
1021,77	1357,80
1021,93	1320,94
1022,09	1456,11
1022,26	1423,34
1022,42	1359,85
1022,58	1513,45
1022,74	1327,08
1022,91	1322,99
1023,07	1447,91
1023,23	1339,37
1023,39	1404,91
1023,56	1378,28
1023,72	1497,07
1023,88	1306,60
1024,04	1398,76
1024,21	1382,38
1024,37	1406,95
1024,53	1521,64
1024,69	1386,47
1024,86	1382,38
1025,02	1417,19
1025,18	1372,14
1025,34	1374,19
1025,50	1390,57
1025,67	1392,62
1025,83	1361,90
1025,99	1445,87
1026,15	1466,35
1026,32	1318,89
1026,48	1433,58
1026,64	1456,11
1026,80	1437,67
1026,96	1433,58
1027,13	1394,67
1027,29	1509,35
1027,45	1337,32
1027,61	1404,91
1027,77	1384,43
1027,94	1398,76
1028,10	1421,29
1028,26	1425,39
1028,42	1343,47
1028,58	1476,59
1028,75	1333,23
1028,91	1343,47
1029,07	1404,91
1029,23	1419,24
1029,39	1376,24
1029,55	1421,29
1029,72	1490,92
1029,88	1521,64
1030,04	1425,39
1030,20	1382,38
1030,36	1380,33
1030,52	1404,91
1030,69	1533,93
1030,85	1388,52
1031,01	1357,80
1031,17	1366,00
1031,33	1392,62
1031,49	1511,40
1031,65	1404,91
1031,82	1406,95
1031,98	1394,67
1032,14	1476,59
1032,30	1431,53
1032,46	1421,29
1032,62	1386,47
1032,78	1462,25
1032,95	1396,71
1033,11	1402,86
1033,27	1341,42
1033,43	1421,29
1033,59	1353,71
1033,75	1341,42
1033,91	1429,48
1034,07	1486,83
1034,24	1441,77
1034,40	1335,28
1034,56	1413,10
1034,72	1421,29
1034,88	1419,24
1035,04	1390,57
1035,20	1353,71
1035,36	1400,81
1035,52	1443,82
1035,68	1286,12
1035,85	1458,15
1036,01	1341,42
1036,17	1406,95
1036,33	1425,39
1036,49	1353,71
1036,65	1394,67
1036,81	1413,10
1036,97	1445,87
1037,13	1404,91
1037,29	1351,66
1037,45	1435,63
1037,61	1337,32
1037,78	1429,48
1037,94	1366,00
1038,10	1380,33
1038,26	1404,91
1038,42	1353,71
1038,58	1406,95
1038,74	1425,39
1038,90	1366,00
1039,06	1394,67
1039,22	1384,43
1039,38	1406,95
1039,54	1388,52
1039,70	1406,95
1039,86	1423,34
1040,02	1386,47
1040,18	1396,71
1040,34	1394,67
1040,50	1443,82
1040,66	1370,09
1040,83	1286,12
1040,99	1394,67
1041,15	1452,01
1041,31	1388,52
1041,47	1433,58
1041,63	1349,61
1041,79	1419,24
1041,95	1394,67
1042,11	1419,24
1042,27	1413,10
1042,43	1329,13
1042,59	1431,53
1042,75	1429,48
1042,91	1429,48
