344,25	1314,80
344,46	1314,80
344,68	1314,80
344,90	1193,97
345,12	1255,40
345,34	1456,11
345,55	1372,14
345,77	1333,23
345,99	1386,47
346,21	1454,06
346,42	1374,19
346,64	1394,67
346,86	1322,99
347,08	1468,39
347,30	1325,04
347,51	1445,87
347,73	1366,00
347,95	1402,86
348,17	1380,33
348,38	1384,43
348,60	1476,59
348,82	1396,71
349,04	1419,24
349,25	1452,01
349,47	1472,49
349,69	1452,01
349,91	1499,11
350,13	1417,19
350,34	1441,77
350,56	1374,19
350,78	1409,00
351,00	1363,95
351,21	1449,96
351,43	1445,87
351,65	1363,95
351,87	1458,15
352,08	1437,67
352,30	1417,19
352,52	1349,61
352,74	1419,24
352,95	1404,91
353,17	1370,09
353,39	1394,67
353,61	1366,00
353,82	1462,25
354,04	1417,19
354,26	1417,19
354,47	1386,47
354,69	1423,34
354,91	1382,38
355,13	1466,35
355,34	1456,11
355,56	1400,81
355,78	1392,62
356,00	1406,95
356,21	1425,39
356,43	1388,52
356,65	1368,04
356,86	1402,86
357,08	1497,07
357,30	1437,67
357,52	1394,67
357,73	1519,59
357,95	1454,06
358,17	1413,10
358,38	1439,72
358,60	1374,19
358,82	1409,00
359,04	1404,91
359,25	1509,35
359,47	1421,29
359,69	1464,30
359,90	1355,76
360,12	1556,46
360,34	1505,26
360,56	1435,63
360,77	1570,79
360,99	1556,46
361,21	1490,92
361,42	1441,77
361,64	1619,94
361,86	1599,46
362,07	1535,98
362,29	1599,46
362,51	1568,74
362,73	1513,45
362,94	1587,18
363,16	1597,42
363,38	1447,91
363,59	1617,90
363,81	1552,36
364,03	1572,84
364,24	1675,24
364,46	1513,45
364,68	1574,89
364,89	1484,78
365,11	1595,37
365,33	1535,98
365,54	1621,99
365,76	1554,41
365,98	1589,22
366,19	1554,41
366,41	1650,66
366,63	1540,07
366,84	1521,64
367,06	1632,23
367,28	1589,22
367,49	1495,02
367,71	1605,61
367,93	1615,85
368,14	1529,83
368,36	1568,74
368,58	1654,76
368,79	1611,75
369,01	1605,61
369,23	1605,61
369,44	1581,03
369,66	1474,54
369,88	1568,74
370,09	1568,74
370,31	1583,08
370,53	1652,71
370,74	1566,70
370,96	1511,40
371,18	1621,99
371,39	1542,12
371,61	1636,33
371,82	1601,51
372,04	1546,22
372,26	1538,02
372,47	1560,55
372,69	1619,94
372,91	1669,09
373,12	1572,84
373,34	1609,70
373,56	1482,73
373,77	1564,65
373,99	1523,69
374,20	1552,36
374,42	1552,36
374,64	1591,27
374,85	1525,74
375,07	1632,23
375,29	1564,65
375,50	1595,37
375,72	1495,02
375,93	1535,98
376,15	1509,35
376,37	1556,46
376,58	1490,92
376,80	1566,70
377,01	1495,02
377,23	1519,59
377,45	1517,54
377,66	1546,22
377,88	1558,50
378,10	1572,84
378,31	1474,54
378,53	1644,52
378,74	1521,64
378,96	1587,18
379,18	1419,24
379,39	1378,28
379,61	1484,78
379,82	1476,59
380,04	1431,53
380,26	1464,30
380,47	1462,25
380,69	1591,27
380,90	1576,94
381,12	1411,05
381,33	1433,58
381,55	1429,48
381,77	1466,35
381,98	1495,02
382,20	1409,00
382,41	1470,44
382,63	1423,34
382,85	1484,78
383,06	1558,50
383,28	1552,36
383,49	1439,72
383,71	1488,87
383,92	1402,86
384,14	1417,19
384,36	1382,38
384,57	1443,82
384,79	1374,19
385,00	1421,29
385,22	1466,35
385,43	1376,24
385,65	1409,00
385,87	1433,58
386,08	1447,91
386,30	1433,58
386,51	1490,92
386,73	1417,19
386,94	1435,63
387,16	1495,02
387,37	1511,40
387,59	1325,04
387,81	1402,86
388,02	1431,53
388,24	1406,95
388,45	1476,59
388,67	1398,76
388,88	1488,87
389,10	1415,15
389,31	1533,93
389,53	1464,30
389,75	1527,78
389,96	1484,78
390,18	1372,14
390,39	1437,67
390,61	1482,73
390,82	1415,15
391,04	1505,26
391,25	1441,77
391,47	1425,39
391,68	1433,58
391,90	1433,58
392,11	1509,35
392,33	1435,63
392,54	1441,77
392,76	1437,67
392,97	1474,54
393,19	1449,96
393,41	1482,73
393,62	1476,59
393,84	1542,12
394,05	1503,21
394,27	1415,15
394,48	1423,34
394,70	1546,22
394,91	1497,07
395,13	1523,69
395,34	1511,40
395,56	1503,21
395,77	1488,87
395,99	1505,26
396,20	1570,79
396,42	1517,54
396,63	1495,02
396,85	1570,79
397,06	1466,35
397,28	1501,16
397,49	1497,07
397,71	1441,77
397,92	1480,68
398,14	1466,35
398,35	1607,66
398,57	1484,78
398,78	1478,63
399,00	1572,84
399,21	1548,26
399,43	1517,54
399,64	1513,45
399,86	1503,21
400,07	1497,07
400,29	1521,64
400,50	1609,70
400,72	1574,89
400,93	1576,94
401,14	1505,26
401,36	1495,02
401,57	1492,97
401,79	1603,56
402,00	1531,88
402,22	1490,92
402,43	1605,61
402,65	1589,22
402,86	1513,45
403,08	1556,46
403,29	1548,26
403,51	1576,94
403,72	1535,98
403,94	1507,30
404,15	1595,37
404,36	1568,74
404,58	1769,44
404,79	1562,60
405,01	1558,50
405,22	1570,79
405,44	1521,64
405,65	1607,66
405,87	1538,02
406,08	1595,37
406,30	1531,88
406,51	1628,14
406,72	1507,30
406,94	1527,78
407,15	1583,08
407,37	1581,03
407,58	1581,03
407,80	1560,55
408,01	1443,82
408,23	1509,35
408,44	1538,02
408,65	1466,35
408,87	1578,98
409,08	1505,26
409,30	1542,12
409,51	1521,64
409,73	1533,93
409,94	1628,14
410,15	1691,62
410,37	1576,94
410,58	1527,78
410,80	1568,74
411,01	1499,11
411,23	1488,87
411,44	1507,30
411,65	1630,18
411,87	1460,20
412,08	1544,17
412,30	1527,78
412,51	1581,03
412,72	1535,98
412,94	1492,97
413,15	1505,26
413,37	1501,16
413,58	1566,70
413,79	1447,91
414,01	1486,83
414,22	1568,74
414,44	1550,31
414,65	1523,69
414,86	1529,83
415,08	1552,36
415,29	1439,72
415,51	1527,78
415,72	1515,50
415,93	1501,16
416,15	1535,98
416,36	1511,40
416,58	1521,64
416,79	1544,17
417,00	1613,80
417,22	1544,17
417,43	1525,74
417,65	1554,41
417,86	1535,98
418,07	1638,38
418,29	1552,36
418,50	1621,99
418,71	1550,31
418,93	1576,94
419,14	1507,30
419,36	1552,36
419,57	1564,65
419,78	1589,22
420,00	1511,40
420,21	1527,78
420,42	1560,55
420,64	1564,65
420,85	1521,64
421,06	1568,74
421,28	1525,74
421,49	1595,37
421,71	1624,04
421,92	1644,52
422,13	1660,90
422,35	1705,96
422,56	1542,12
422,77	1593,32
422,99	1550,31
423,20	1566,70
423,41	1548,26
423,63	1558,50
423,84	1560,55
424,05	1603,56
424,27	1583,08
424,48	1529,83
424,69	1667,05
424,91	1902,56
425,12	1521,64
425,33	1646,57
425,55	1587,18
425,76	1601,51
425,97	1593,32
426,19	1535,98
426,40	1593,32
426,61	1589,22
426,83	1572,84
427,04	1681,38
427,25	1636,33
427,47	1665,00
427,68	1613,80
427,89	1642,47
428,11	1646,57
428,32	1613,80
428,53	1607,66
428,75	1589,22
428,96	1578,98
429,17	1570,79
429,39	1587,18
429,60	1634,28
429,81	1591,27
430,03	1585,13
430,24	1574,89
430,45	1587,18
430,67	1636,33
430,88	1542,12
431,09	1544,17
431,30	1587,18
431,52	1593,32
431,73	1531,88
431,94	1599,46
432,16	1544,17
432,37	1609,70
432,58	1554,41
432,80	1613,80
433,01	1593,32
433,22	1603,56
433,43	1574,89
433,65	1556,46
433,86	1509,35
434,07	1501,16
434,29	1603,56
434,50	1535,98
434,71	1552,36
434,92	1632,23
435,14	1550,31
435,35	1519,59
435,56	1488,87
435,77	1595,37
435,99	1525,74
436,20	1470,44
436,41	1511,40
436,63	1550,31
436,84	1544,17
437,05	1484,78
437,26	1583,08
437,48	1628,14
437,69	1538,02
437,90	1486,83
438,11	1556,46
438,33	1513,45
438,54	1495,02
438,75	1654,76
438,96	1611,75
439,18	1486,83
439,39	1554,41
439,60	1523,69
439,82	1427,43
440,03	1701,86
440,24	1538,02
440,45	1460,20
440,67	1519,59
440,88	1583,08
441,09	1591,27
441,30	1505,26
441,51	1613,80
441,73	1478,63
441,94	1617,90
442,15	1546,22
442,36	1656,81
442,58	1486,83
442,79	1423,34
443,00	1486,83
443,21	1621,99
443,43	1544,17
443,64	1542,12
443,85	1558,50
444,06	1560,55
444,28	1548,26
444,49	1585,13
444,70	1624,04
444,91	1480,68
445,12	1693,67
445,34	1505,26
445,55	1648,61
445,76	1511,40
445,97	1638,38
446,18	1562,60
446,40	1630,18
446,61	1599,46
446,82	1552,36
447,03	1640,42
447,25	1611,75
447,46	1679,33
447,67	1601,51
447,88	1603,56
448,09	1597,42
448,31	1613,80
448,52	1667,05
448,73	1642,47
448,94	1642,47
449,15	1685,48
449,37	1728,49
449,58	1597,42
449,79	1736,68
450,00	1810,40
450,21	1669,09
450,43	1773,54
450,64	1691,62
450,85	1726,44
451,06	1824,74
451,27	1732,58
451,48	1728,49
451,70	1699,81
451,91	1808,36
452,12	1839,08
452,33	1810,40
452,54	1669,09
452,76	1898,47
452,97	1828,84
453,18	1650,66
453,39	1904,61
453,60	1849,32
453,81	1742,82
454,03	1810,40
454,24	1951,71
454,45	1839,08
454,66	1882,08
454,87	1906,66
455,08	1888,23
455,30	1941,47
455,51	1812,45
455,72	2058,21
455,93	1920,99
456,14	1945,57
456,35	1794,02
456,56	2015,20
456,78	1912,80
456,99	1976,29
457,20	1880,04
457,41	2013,15
457,62	1871,84
457,83	2101,22
458,04	1998,82
458,26	1984,48
458,47	1818,60
458,68	1994,72
458,89	1896,42
459,10	2007,01
459,31	1884,13
459,52	1988,58
459,74	2064,35
459,95	1998,82
460,16	1953,76
460,37	2154,46
460,58	1972,19
460,79	1982,43
461,00	1992,67
461,21	1951,71
461,43	1947,62
461,64	2058,21
461,85	1914,85
462,06	1910,75
462,27	1980,39
462,48	2064,35
462,69	1978,34
462,90	2045,92
463,12	2099,17
463,33	1992,67
463,54	1974,24
463,75	2029,54
463,96	1920,99
464,17	2148,32
464,38	2043,87
464,59	2129,89
464,80	2123,74
465,01	1951,71
465,23	1933,28
465,44	2054,11
465,65	2029,54
465,86	2152,42
466,07	2041,82
466,28	2152,42
466,49	2129,89
466,70	2193,37
466,91	2172,89
467,12	2189,28
467,33	2117,60
467,55	2314,20
467,76	2109,41
467,97	2207,71
468,18	2144,22
468,39	2375,64
468,60	2349,02
468,81	2428,89
469,02	2291,68
469,23	2324,44
469,44	2244,57
469,65	2484,19
469,86	2357,21
470,07	2367,45
470,29	2424,80
470,50	2562,01
470,71	2410,46
470,92	2621,40
471,13	2414,56
471,34	2605,02
471,55	2529,24
471,76	2531,29
471,97	2383,84
472,18	2572,25
472,39	2351,07
472,60	2592,73
472,81	2500,57
473,02	2756,57
473,23	2652,12
473,44	2758,61
473,65	2537,43
473,87	2715,61
474,08	2658,26
474,29	2758,61
474,50	2707,41
474,71	2795,48
474,92	2627,54
475,13	2852,82
475,34	2592,73
475,55	2672,60
475,76	2551,77
475,97	2795,48
476,18	2701,27
476,39	2869,20
476,60	2488,28
476,81	2865,11
477,02	2768,85
477,23	2645,98
477,44	2629,59
477,65	2715,61
477,86	2559,96
478,07	2715,61
478,28	2459,61
478,49	2564,06
478,70	2410,46
478,91	2506,71
479,12	2306,01
479,33	2551,77
479,54	2398,17
479,75	2586,58
479,96	2484,19
480,17	2543,58
480,38	2232,29
480,59	2402,27
480,80	2246,62
481,01	2494,43
481,22	2232,29
481,43	2475,99
481,64	2189,28
481,85	2267,10
482,06	2203,61
482,27	2361,31
482,48	2160,61
482,69	2277,34
482,90	2152,42
483,11	2267,10
483,32	2080,74
483,53	2211,81
483,74	2125,79
483,95	2191,33
484,16	2099,17
484,37	2101,22
484,58	1974,24
484,79	2109,41
485,00	2084,83
485,21	2158,56
485,42	2088,93
485,63	2215,90
485,84	1888,23
486,05	1912,80
486,26	1937,38
486,47	2125,79
486,68	2007,01
486,89	1951,71
487,10	1951,71
487,31	2047,97
487,52	1914,85
487,73	2111,46
487,94	1751,01
488,15	2009,06
488,36	1892,32
488,57	1849,32
488,77	1853,41
488,98	1800,16
489,19	1830,88
489,40	1984,48
489,61	1824,74
489,82	1974,24
490,03	1812,45
490,24	1849,32
490,45	1810,40
490,66	1832,93
490,87	1814,50
491,08	1802,21
491,29	1753,06
491,50	1806,31
491,71	1675,24
491,92	1757,16
492,13	1619,94
492,33	1615,85
492,54	1748,97
492,75	1800,16
492,96	1744,87
493,17	1781,73
493,38	1587,18
493,59	1644,52
493,80	1765,35
494,01	1665,00
494,22	1654,76
494,43	1695,72
494,64	1677,29
494,85	1636,33
495,05	1562,60
495,26	1648,61
495,47	1630,18
495,68	1660,90
495,89	1638,38
496,10	1552,36
496,31	1564,65
496,52	1726,44
496,73	1634,28
496,94	1681,38
497,15	1705,96
497,35	1662,95
497,56	1523,69
497,77	1589,22
497,98	1568,74
498,19	1599,46
498,40	1632,23
498,61	1667,05
498,82	1558,50
499,03	1630,18
499,23	1497,07
499,44	1660,90
499,65	1599,46
499,86	1589,22
500,07	1585,13
500,28	1613,80
500,49	1529,83
500,70	1646,57
500,91	1509,35
501,11	1517,54
501,32	1529,83
501,53	1558,50
501,74	1591,27
501,95	1497,07
502,16	1525,74
502,37	1445,87
502,57	1521,64
502,78	1562,60
502,99	1509,35
503,20	1425,39
503,41	1503,21
503,62	1540,07
503,83	1558,50
504,03	1521,64
504,24	1492,97
504,45	1581,03
504,66	1589,22
504,87	1468,39
505,08	1531,88
505,29	1378,28
505,49	1480,68
505,70	1597,42
505,91	1538,02
506,12	1525,74
506,33	1556,46
506,54	1490,92
506,75	1511,40
506,95	1495,02
507,16	1511,40
507,37	1503,21
507,58	1568,74
507,79	1535,98
508,00	1556,46
508,20	1441,77
508,41	1470,44
508,62	1492,97
508,83	1507,30
509,04	1523,69
509,24	1468,39
509,45	1753,06
509,66	1562,60
509,87	1499,11
510,08	1497,07
510,29	1480,68
510,49	1562,60
510,70	1435,63
510,91	1462,25
511,12	1517,54
511,33	1449,96
511,53	1480,68
511,74	1411,05
511,95	1433,58
512,16	1392,62
512,37	1527,78
512,57	1435,63
512,78	1480,68
512,99	1492,97
513,20	1554,41
513,41	1566,70
513,61	1427,43
513,82	1441,77
514,03	1441,77
514,24	1419,24
514,45	1599,46
514,65	1437,67
514,86	1490,92
515,07	1462,25
515,28	1460,20
515,49	1497,07
515,69	1480,68
515,90	1406,95
516,11	1486,83
516,32	1456,11
516,52	1447,91
516,73	1544,17
516,94	1546,22
517,15	1476,59
517,36	1445,87
517,56	1595,37
517,77	1517,54
517,98	1501,16
518,19	1482,73
518,39	1472,49
518,60	1452,01
518,81	1480,68
519,02	1437,67
519,22	1339,37
519,43	1468,39
519,64	1462,25
519,85	1423,34
520,05	1447,91
520,26	1439,72
520,47	1527,78
520,68	1460,20
520,88	1423,34
521,09	1472,49
521,30	1505,26
521,51	1513,45
521,71	1521,64
521,92	1529,83
522,13	1454,06
522,34	1505,26
522,54	1429,48
522,75	1458,15
522,96	1538,02
523,17	1449,96
523,37	1503,21
523,58	1384,43
523,79	1402,86
523,99	1406,95
524,20	1462,25
524,41	1445,87
524,62	1509,35
524,82	1449,96
525,03	1447,91
525,24	1423,34
525,45	1482,73
525,65	1376,24
525,86	1419,24
526,07	1437,67
526,27	1468,39
526,48	1452,01
526,69	1505,26
526,90	1370,09
527,10	1460,20
527,31	1427,43
527,52	1427,43
527,72	1476,59
527,93	1443,82
528,14	1411,05
528,34	1413,10
528,55	1357,80
528,76	1523,69
528,97	1398,76
529,17	1476,59
529,38	1345,52
529,59	1517,54
529,79	1472,49
530,00	1513,45
530,21	1470,44
530,41	1447,91
530,62	1525,74
530,83	1564,65
531,03	1468,39
531,24	1462,25
531,45	1513,45
531,65	1462,25
531,86	1415,15
532,07	1480,68
532,27	1349,61
532,48	1490,92
532,69	1384,43
532,89	1482,73
533,10	1503,21
533,31	1468,39
533,51	1390,57
533,72	1411,05
533,93	1456,11
534,13	1413,10
534,34	1357,80
534,55	1495,02
534,75	1400,81
534,96	1517,54
535,17	1441,77
535,37	1484,78
535,58	1439,72
535,79	1488,87
535,99	1423,34
536,20	1439,72
536,41	1492,97
536,61	1445,87
536,82	1429,48
537,03	1484,78
537,23	1452,01
537,44	1378,28
537,64	1441,77
537,85	1402,86
538,06	1454,06
538,26	1492,97
538,47	1507,30
538,68	1419,24
538,88	1447,91
539,09	1439,72
539,30	1464,30
539,50	1572,84
539,71	1425,39
539,91	1417,19
540,12	1417,19
540,33	1470,44
540,53	1558,50
540,74	1423,34
540,94	1501,16
541,15	1478,63
541,36	1497,07
541,56	1413,10
541,77	1482,73
541,98	1501,16
542,18	1484,78
542,39	1517,54
542,59	1464,30
542,80	1474,54
543,01	1445,87
543,21	1441,77
543,42	1488,87
543,62	1472,49
543,83	1423,34
544,04	1409,00
544,24	1396,71
544,45	1441,77
544,65	1509,35
544,86	1464,30
545,06	1425,39
545,27	1419,24
545,48	1392,62
545,68	1499,11
545,89	1421,29
546,09	1415,15
546,30	1425,39
546,51	1501,16
546,71	1400,81
546,92	1472,49
547,12	1447,91
547,33	1437,67
547,53	1411,05
547,74	1429,48
547,95	1454,06
548,15	1398,76
548,36	1423,34
548,56	1468,39
548,77	1497,07
548,97	1394,67
549,18	1427,43
549,39	1550,31
549,59	1394,67
549,80	1482,73
550,00	1443,82
550,21	1470,44
550,41	1466,35
550,62	1431,53
550,82	1392,62
551,03	1415,15
551,23	1378,28
551,44	1392,62
551,65	1370,09
551,85	1445,87
552,06	1390,57
552,26	1396,71
552,47	1337,32
552,67	1347,56
552,88	1429,48
553,08	1384,43
553,29	1452,01
553,49	1501,16
553,70	1492,97
553,90	1585,13
554,11	1406,95
554,32	1456,11
554,52	1454,06
554,73	1425,39
554,93	1374,19
555,14	1433,58
555,34	1454,06
555,55	1492,97
555,75	1421,29
555,96	1363,95
556,16	1488,87
556,37	1449,96
556,57	1435,63
556,78	1421,29
556,98	1458,15
557,19	1533,93
557,39	1511,40
557,60	1390,57
557,80	1394,67
558,01	1411,05
558,21	1376,24
558,42	1452,01
558,62	1538,02
558,83	1538,02
559,03	1361,90
559,24	1437,67
559,44	1466,35
559,65	1497,07
559,85	1394,67
560,06	1482,73
560,26	1359,85
560,47	1495,02
560,67	1492,97
560,88	1413,10
561,08	1499,11
561,29	1542,12
561,49	1423,34
561,70	1480,68
561,90	1380,33
562,10	1406,95
562,31	1456,11
562,51	1404,91
562,72	1439,72
562,92	1435,63
563,13	1439,72
563,33	1472,49
563,54	1462,25
563,74	1488,87
563,95	1390,57
564,15	1527,78
564,36	1542,12
564,56	1413,10
564,76	1439,72
564,97	1411,05
565,17	1357,80
565,38	1474,54
565,58	1437,67
565,79	1423,34
565,99	1454,06
566,20	1400,81
566,40	1374,19
566,60	1513,45
566,81	1423,34
567,01	1482,73
567,22	1402,86
567,42	1409,00
567,63	1445,87
567,83	1533,93
568,04	1521,64
568,24	1439,72
568,44	1415,15
568,65	1394,67
568,85	1449,96
569,06	1452,01
569,26	1431,53
569,47	1394,67
569,67	1400,81
569,87	1452,01
570,08	1517,54
570,28	1384,43
570,49	1363,95
570,69	1456,11
570,89	1443,82
571,10	1490,92
571,30	1417,19
571,51	1402,86
571,71	1472,49
571,91	1509,35
572,12	1490,92
572,32	1464,30
572,53	1427,43
572,73	1538,02
572,93	1509,35
573,14	1398,76
573,34	1472,49
573,55	1538,02
573,75	1394,67
573,95	1402,86
574,16	1480,68
574,36	1409,00
574,57	1468,39
574,77	1400,81
574,97	1464,30
575,18	1470,44
575,38	1400,81
575,59	1378,28
575,79	1441,77
575,99	1568,74
576,20	1445,87
576,40	1478,63
576,60	1454,06
576,81	1458,15
577,01	1423,34
577,22	1540,07
577,42	1439,72
577,62	1441,77
577,83	1394,67
578,03	1431,53
578,23	1413,10
578,44	1439,72
578,64	1437,67
578,84	1535,98
579,05	1374,19
579,25	1527,78
579,45	1488,87
579,66	1380,33
579,86	1429,48
580,07	1394,67
580,27	1406,95
580,47	1370,09
580,68	1267,69
580,88	1454,06
581,08	1413,10
581,29	1374,19
581,49	1460,20
581,69	1476,59
581,90	1454,06
582,10	1466,35
582,30	1437,67
582,51	1464,30
582,71	1402,86
582,91	1406,95
583,12	1415,15
583,32	1519,59
583,52	1427,43
583,73	1372,14
583,93	1349,61
584,13	1486,83
584,34	1433,58
584,54	1441,77
584,74	1378,28
584,94	1454,06
585,15	1329,13
585,35	1562,60
585,55	1406,95
585,76	1449,96
585,96	1404,91
586,16	1501,16
586,37	1308,65
586,57	1443,82
586,77	1368,04
586,98	1390,57
587,18	1456,11
587,38	1415,15
587,58	1390,57
587,79	1454,06
587,99	1357,80
588,19	1394,67
588,40	1419,24
588,60	1454,06
588,80	1374,19
589,00	1415,15
589,21	1458,15
589,41	1503,21
589,61	1431,53
589,82	1482,73
590,02	1415,15
590,22	1458,15
590,42	1470,44
590,63	1470,44
590,83	1398,76
591,03	1513,45
591,23	1439,72
591,44	1441,77
591,64	1404,91
591,84	1492,97
592,05	1429,48
592,25	1427,43
592,45	1464,30
592,65	1439,72
592,86	1439,72
593,06	1445,87
593,26	1425,39
593,46	1454,06
593,67	1417,19
593,87	1488,87
594,07	1460,20
594,27	1427,43
594,48	1447,91
594,68	1441,77
594,88	1396,71
595,08	1511,40
595,29	1482,73
595,49	1474,54
595,69	1388,52
595,89	1394,67
596,10	1452,01
596,30	1363,95
596,50	1413,10
596,70	1452,01
596,90	1454,06
597,11	1409,00
597,31	1347,56
597,51	1423,34
597,71	1519,59
597,92	1480,68
598,12	1439,72
598,32	1398,76
598,52	1417,19
598,72	1404,91
598,93	1445,87
599,13	1533,93
599,33	1400,81
599,53	1523,69
599,74	1484,78
599,94	1468,39
600,14	1409,00
600,34	1419,24
600,54	1540,07
600,75	1515,50
600,95	1460,20
601,15	1476,59
601,35	1419,24
601,55	1368,04
601,76	1343,47
601,96	1529,83
602,16	1462,25
602,36	1449,96
602,56	1382,38
602,76	1523,69
602,97	1409,00
603,17	1527,78
603,37	1382,38
603,57	1419,24
603,77	1427,43
603,98	1458,15
604,18	1460,20
604,38	1456,11
604,58	1411,05
604,78	1497,07
604,98	1484,78
605,19	1484,78
605,39	1388,52
605,59	1472,49
605,79	1492,97
605,99	1425,39
606,19	1447,91
606,40	1429,48
606,60	1382,38
606,80	1429,48
607,00	1402,86
607,20	1380,33
607,40	1454,06
607,61	1447,91
607,81	1398,76
608,01	1519,59
608,21	1445,87
608,41	1429,48
608,61	1460,20
608,81	1443,82
609,02	1468,39
609,22	1441,77
609,42	1454,06
609,62	1402,86
609,82	1460,20
610,02	1505,26
610,22	1398,76
610,43	1497,07
610,63	1400,81
610,83	1509,35
611,03	1472,49
611,23	1427,43
611,43	1452,01
611,63	1495,02
611,83	1341,42
612,04	1499,11
612,24	1456,11
612,44	1525,74
612,64	1458,15
612,84	1462,25
613,04	1488,87
613,24	1525,74
613,44	1443,82
613,64	1449,96
613,85	1492,97
614,05	1439,72
614,25	1497,07
614,45	1423,34
614,65	1443,82
614,85	1370,09
615,05	1488,87
615,25	1497,07
615,45	1445,87
615,65	1460,20
615,86	1433,58
616,06	1460,20
616,26	1394,67
616,46	1470,44
616,66	1398,76
616,86	1443,82
617,06	1437,67
617,26	1501,16
617,46	1447,91
617,66	1486,83
617,86	1447,91
618,07	1419,24
618,27	1497,07
618,47	1386,47
618,67	1427,43
618,87	1409,00
619,07	1419,24
619,27	1454,06
619,47	1404,91
619,67	1439,72
619,87	1431,53
620,07	1419,24
620,27	1462,25
620,47	1378,28
620,67	1437,67
620,87	1474,54
621,07	1558,50
621,28	1421,29
621,48	1468,39
621,68	1474,54
621,88	1478,63
622,08	1507,30
622,28	1468,39
622,48	1472,49
622,68	1409,00
622,88	1472,49
623,08	1449,96
623,28	1445,87
623,48	1443,82
623,68	1400,81
623,88	1439,72
624,08	1609,70
624,28	1339,37
624,48	1406,95
624,68	1431,53
624,88	1382,38
625,08	1433,58
625,28	1443,82
625,48	1470,44
625,68	1392,62
625,88	1445,87
626,08	1335,28
626,28	1533,93
626,48	1538,02
626,68	1402,86
626,88	1396,71
627,08	1531,88
627,28	1456,11
627,48	1454,06
627,68	1423,34
627,88	1419,24
628,08	1409,00
628,28	1460,20
628,49	1411,05
628,68	1447,91
628,88	1415,15
629,08	1411,05
629,28	1460,20
629,48	1406,95
629,68	1388,52
629,88	1486,83
630,08	1486,83
630,28	1413,10
630,48	1390,57
630,68	1419,24
630,88	1511,40
631,08	1445,87
631,28	1462,25
631,48	1435,63
631,68	1468,39
631,88	1540,07
632,08	1445,87
632,28	1425,39
632,48	1449,96
632,68	1431,53
632,88	1427,43
633,08	1449,96
633,28	1421,29
633,48	1435,63
633,68	1501,16
633,88	1486,83
634,08	1527,78
634,28	1400,81
634,48	1470,44
634,68	1445,87
634,88	1441,77
635,08	1419,24
635,28	1419,24
635,48	1519,59
635,68	1423,34
635,87	1462,25
636,07	1429,48
636,27	1392,62
636,47	1433,58
636,67	1456,11
636,87	1478,63
637,07	1415,15
637,27	1409,00
637,47	1398,76
637,67	1466,35
637,87	1490,92
638,07	1476,59
638,27	1437,67
638,47	1517,54
638,67	1433,58
638,86	1466,35
639,06	1431,53
639,26	1447,91
639,46	1439,72
639,66	1470,44
639,86	1513,45
640,06	1470,44
640,26	1445,87
640,46	1488,87
640,66	1462,25
640,86	1478,63
641,06	1345,52
641,25	1515,50
641,45	1454,06
641,65	1445,87
641,85	1470,44
642,05	1497,07
642,25	1296,36
642,45	1388,52
642,65	1351,66
642,85	1503,21
643,05	1431,53
643,24	1462,25
643,44	1474,54
643,64	1488,87
643,84	1490,92
644,04	1484,78
644,24	1470,44
644,44	1480,68
644,64	1415,15
644,84	1413,10
645,03	1529,83
645,23	1531,88
645,43	1339,37
645,63	1482,73
645,83	1470,44
646,03	1468,39
646,23	1507,30
646,42	1492,97
646,62	1482,73
646,82	1468,39
647,02	1437,67
647,22	1454,06
647,42	1411,05
647,62	1380,33
647,82	1425,39
648,01	1654,76
648,21	1427,43
648,41	1484,78
648,61	1497,07
648,81	1523,69
649,01	1480,68
649,20	1406,95
649,40	1535,98
649,60	1449,96
649,80	1474,54
650,00	1431,53
650,20	1484,78
650,40	1529,83
650,59	1431,53
650,79	1488,87
650,99	1468,39
651,19	1417,19
651,39	1392,62
651,58	1435,63
651,78	1452,01
651,98	1462,25
652,18	1462,25
652,38	1427,43
652,58	1400,81
652,77	1462,25
652,97	1476,59
653,17	1398,76
653,37	1552,36
653,57	1433,58
653,77	1388,52
653,96	1509,35
654,16	1509,35
654,36	1482,73
654,56	1472,49
654,76	1601,51
654,95	1380,33
655,15	1443,82
655,35	1421,29
655,55	1540,07
655,75	1443,82
655,94	1384,43
656,14	1396,71
656,34	1544,17
656,54	1396,71
656,73	1484,78
656,93	1466,35
657,13	1464,30
657,33	1439,72
657,53	1390,57
657,72	1464,30
657,92	1351,66
658,12	1433,58
658,32	1439,72
658,52	1402,86
658,71	1482,73
658,91	1445,87
659,11	1505,26
659,31	1523,69
659,50	1431,53
659,70	1525,74
659,90	1497,07
660,10	1474,54
660,29	1456,11
660,49	1454,06
660,69	1515,50
660,89	1409,00
661,08	1472,49
661,28	1429,48
661,48	1409,00
661,68	1404,91
661,87	1400,81
662,07	1439,72
662,27	1470,44
662,47	1449,96
662,66	1398,76
662,86	1484,78
663,06	1421,29
663,26	1474,54
663,45	1460,20
663,65	1497,07
663,85	1474,54
664,05	1413,10
664,24	1415,15
664,44	1433,58
664,64	1456,11
664,84	1380,33
665,03	1511,40
665,23	1445,87
665,43	1429,48
665,62	1439,72
665,82	1421,29
666,02	1480,68
666,22	1452,01
666,41	1413,10
666,61	1542,12
666,81	1390,57
667,00	1437,67
667,20	1445,87
667,40	1421,29
667,60	1466,35
667,79	1427,43
667,99	1458,15
668,19	1445,87
668,38	1466,35
668,58	1419,24
668,78	1396,71
668,97	1581,03
669,17	1466,35
669,37	1476,59
669,57	1318,89
669,76	1560,55
669,96	1482,73
670,16	1415,15
670,35	1431,53
670,55	1423,34
670,75	1439,72
670,94	1540,07
671,14	1558,50
671,34	1466,35
671,53	1423,34
671,73	1515,50
671,93	1421,29
672,12	1464,30
672,32	1486,83
672,52	1503,21
672,71	1497,07
672,91	1458,15
673,11	1480,68
673,30	1566,70
673,50	1386,47
673,70	1456,11
673,89	1351,66
674,09	1423,34
674,29	1523,69
674,48	1488,87
674,68	1482,73
674,88	1447,91
675,07	1505,26
675,27	1415,15
675,46	1429,48
675,66	1413,10
675,86	1468,39
676,05	1585,13
676,25	1396,71
676,45	1490,92
676,64	1484,78
676,84	1431,53
677,04	1382,38
677,23	1509,35
677,43	1427,43
677,62	1552,36
677,82	1449,96
678,02	1437,67
678,21	1474,54
678,41	1445,87
678,61	1445,87
678,80	1411,05
679,00	1488,87
679,19	1468,39
679,39	1486,83
679,59	1429,48
679,78	1437,67
679,98	1464,30
680,17	1462,25
680,37	1488,87
680,57	1390,57
680,76	1505,26
680,96	1478,63
681,16	1429,48
681,35	1435,63
681,55	1456,11
681,74	1439,72
681,94	1429,48
682,13	1517,54
682,33	1505,26
682,53	1456,11
682,72	1423,34
682,92	1443,82
683,11	1435,63
683,31	1423,34
683,51	1452,01
683,70	1394,67
683,90	1456,11
684,09	1511,40
684,29	1546,22
684,48	1423,34
684,68	1406,95
684,88	1464,30
685,07	1472,49
685,27	1482,73
685,46	1488,87
685,66	1501,16
685,85	1488,87
686,05	1509,35
686,25	1433,58
686,44	1439,72
686,64	1443,82
686,83	1413,10
687,03	1503,21
687,22	1495,02
687,42	1449,96
687,61	1470,44
687,81	1449,96
688,01	1468,39
688,20	1488,87
688,40	1486,83
688,59	1454,06
688,79	1466,35
688,98	1456,11
689,18	1476,59
689,37	1478,63
689,57	1517,54
689,76	1402,86
689,96	1376,24
690,15	1517,54
690,35	1470,44
690,54	1490,92
690,74	1452,01
690,94	1429,48
691,13	1470,44
691,33	1505,26
691,52	1435,63
691,72	1478,63
691,91	1439,72
692,11	1509,35
692,30	1406,95
692,50	1431,53
692,69	1497,07
692,89	1386,47
693,08	1454,06
693,28	1499,11
693,47	1353,71
693,67	1583,08
693,86	1400,81
694,06	1404,91
694,25	1421,29
694,45	1439,72
694,64	1427,43
694,84	1474,54
695,03	1503,21
695,23	1435,63
695,42	1415,15
695,62	1478,63
695,81	1433,58
696,01	1398,76
696,20	1384,43
696,40	1406,95
696,59	1404,91
696,78	1474,54
696,98	1462,25
697,17	1433,58
697,37	1437,67
697,56	1466,35
697,76	1435,63
697,95	1525,74
698,15	1519,59
698,34	1411,05
698,54	1396,71
698,73	1562,60
698,93	1439,72
699,12	1447,91
699,32	1458,15
699,51	1441,77
699,70	1394,67
699,90	1411,05
700,09	1437,67
700,29	1443,82
700,48	1466,35
700,68	1449,96
700,87	1372,14
701,07	1468,39
701,26	1531,88
701,45	1488,87
701,65	1421,29
701,84	1445,87
702,04	1392,62
702,23	1466,35
702,43	1411,05
702,62	1462,25
702,81	1525,74
703,01	1404,91
703,20	1480,68
703,40	1370,09
703,59	1466,35
703,79	1456,11
703,98	1447,91
704,17	1429,48
704,37	1462,25
704,56	1501,16
704,76	1382,38
704,95	1470,44
705,14	1351,66
705,34	1402,86
705,53	1419,24
705,73	1355,76
705,92	1437,67
706,11	1497,07
706,31	1394,67
706,50	1433,58
706,70	1449,96
706,89	1423,34
707,08	1443,82
707,28	1413,10
707,47	1368,04
707,67	1341,42
707,86	1419,24
708,05	1464,30
708,25	1353,71
708,44	1349,61
708,64	1413,10
708,83	1413,10
709,02	1411,05
709,22	1476,59
709,41	1320,94
709,60	1492,97
709,80	1447,91
709,99	1398,76
710,19	1443,82
710,38	1417,19
710,57	1415,15
710,77	1384,43
710,96	1413,10
711,15	1366,00
711,35	1392,62
711,54	1361,90
711,73	1359,85
711,93	1402,86
712,12	1411,05
712,31	1394,67
712,51	1429,48
712,70	1456,11
712,89	1300,46
713,09	1370,09
713,28	1452,01
713,48	1421,29
713,67	1386,47
713,86	1384,43
714,06	1386,47
714,25	1366,00
714,44	1353,71
714,64	1400,81
714,83	1368,04
715,02	1433,58
715,22	1388,52
715,41	1445,87
715,60	1425,39
715,79	1439,72
715,99	1419,24
716,18	1462,25
716,37	1366,00
716,57	1374,19
716,76	1525,74
716,95	1419,24
717,15	1415,15
717,34	1359,85
717,53	1390,57
717,73	1396,71
717,92	1374,19
718,11	1429,48
718,31	1413,10
718,50	1400,81
718,69	1277,93
718,88	1476,59
719,08	1376,24
719,27	1388,52
719,46	1464,30
719,66	1427,43
719,85	1396,71
720,04	1429,48
720,23	1339,37
720,43	1396,71
720,62	1292,27
720,81	1366,00
721,01	1402,86
721,20	1484,78
721,39	1361,90
721,58	1411,05
721,78	1417,19
721,97	1384,43
722,16	1294,32
722,35	1454,06
722,55	1384,43
722,74	1409,00
722,93	1449,96
723,13	1400,81
723,32	1413,10
723,51	1390,57
723,70	1361,90
723,90	1411,05
724,09	1415,15
724,28	1384,43
724,47	1368,04
724,67	1427,43
724,86	1279,98
725,05	1445,87
725,24	1361,90
725,44	1431,53
725,63	1415,15
725,82	1380,33
726,01	1361,90
726,21	1472,49
726,40	1361,90
726,59	1456,11
726,78	1382,38
726,97	1359,85
727,17	1411,05
727,36	1406,95
727,55	1400,81
727,74	1425,39
727,94	1437,67
728,13	1380,33
728,32	1380,33
728,51	1396,71
728,70	1359,85
728,90	1357,80
729,09	1427,43
729,28	1411,05
729,47	1394,67
729,66	1355,76
729,86	1460,20
730,05	1394,67
730,24	1458,15
730,43	1456,11
730,63	1363,95
730,82	1531,88
731,01	1400,81
731,20	1423,34
731,39	1382,38
731,58	1415,15
731,78	1382,38
731,97	1456,11
732,16	1366,00
732,35	1478,63
732,54	1472,49
732,74	1513,45
732,93	1431,53
733,12	1402,86
733,31	1386,47
733,50	1351,66
733,69	1357,80
733,89	1521,64
734,08	1423,34
734,27	1421,29
734,46	1449,96
734,65	1415,15
734,84	1349,61
735,04	1421,29
735,23	1417,19
735,42	1454,06
735,61	1341,42
735,80	1439,72
735,99	1353,71
736,19	1363,95
736,38	1386,47
736,57	1384,43
736,76	1306,60
736,95	1454,06
737,14	1480,68
737,33	1404,91
737,53	1417,19
737,72	1388,52
737,91	1374,19
738,10	1433,58
738,29	1357,80
738,48	1343,47
738,67	1398,76
738,87	1435,63
739,06	1409,00
739,25	1460,20
739,44	1400,81
739,63	1497,07
739,82	1460,20
740,01	1372,14
740,20	1429,48
740,40	1380,33
740,59	1417,19
740,78	1392,62
740,97	1390,57
741,16	1468,39
741,35	1466,35
741,54	1441,77
741,73	1425,39
741,92	1374,19
742,12	1372,14
742,31	1353,71
742,50	1415,15
742,69	1417,19
742,88	1429,48
743,07	1363,95
743,26	1404,91
743,45	1435,63
743,64	1394,67
743,83	1443,82
744,02	1425,39
744,22	1357,80
744,41	1417,19
744,60	1423,34
744,79	1396,71
744,98	1429,48
745,17	1306,60
745,36	1398,76
745,55	1439,72
745,74	1322,99
745,93	1449,96
746,12	1456,11
746,31	1421,29
746,50	1466,35
746,70	1406,95
746,89	1386,47
747,08	1452,01
747,27	1392,62
747,46	1322,99
747,65	1370,09
747,84	1415,15
748,03	1396,71
748,22	1427,43
748,41	1454,06
748,60	1466,35
748,79	1384,43
748,98	1449,96
749,17	1427,43
749,36	1501,16
749,55	1452,01
749,74	1445,87
749,93	1570,79
750,12	1363,95
750,31	1456,11
750,50	1476,59
750,70	1402,86
750,89	1527,78
751,08	1499,11
751,27	1452,01
751,46	1366,00
751,65	1392,62
751,84	1474,54
752,03	1458,15
752,22	1419,24
752,41	1353,71
752,60	1435,63
752,79	1443,82
752,98	1351,66
753,17	1437,67
753,36	1396,71
753,55	1423,34
753,74	1427,43
753,93	1497,07
754,12	1548,26
754,31	1488,87
754,50	1460,20
754,69	1370,09
754,88	1413,10
755,07	1423,34
755,26	1484,78
755,45	1386,47
755,64	1421,29
755,83	1445,87
756,02	1449,96
756,21	1404,91
756,40	1499,11
756,59	1294,32
756,78	1427,43
756,97	1560,55
757,16	1439,72
757,35	1431,53
757,54	1435,63
757,72	1441,77
757,91	1384,43
758,10	1417,19
758,29	1443,82
758,48	1419,24
758,67	1368,04
758,86	1441,77
759,05	1406,95
759,24	1484,78
759,43	1464,30
759,62	1409,00
759,81	1474,54
760,00	1415,15
760,19	1441,77
760,38	1380,33
760,57	1425,39
760,76	1464,30
760,95	1554,41
761,14	1353,71
761,33	1398,76
761,52	1443,82
761,70	1380,33
761,89	1501,16
762,08	1488,87
762,27	1437,67
762,46	1421,29
762,65	1400,81
762,84	1441,77
763,03	1404,91
763,22	1382,38
763,41	1435,63
763,60	1415,15
763,79	1460,20
763,98	1425,39
764,16	1476,59
764,35	1400,81
764,54	1447,91
764,73	1525,74
764,92	1499,11
765,11	1556,46
765,30	1458,15
765,49	1425,39
765,68	1505,26
765,87	1499,11
766,06	1429,48
766,24	1458,15
766,43	1419,24
766,62	1454,06
766,81	1449,96
767,00	1421,29
767,19	1435,63
767,38	1460,20
767,57	1427,43
767,76	1413,10
767,94	1413,10
768,13	1478,63
768,32	1452,01
768,51	1415,15
768,70	1462,25
768,89	1535,98
769,08	1372,14
769,27	1429,48
769,45	1345,52
769,64	1488,87
769,83	1404,91
770,02	1378,28
770,21	1533,93
770,40	1431,53
770,59	1505,26
770,77	1486,83
770,96	1521,64
771,15	1527,78
771,34	1474,54
771,53	1499,11
771,72	1427,43
771,91	1411,05
772,09	1509,35
772,28	1417,19
772,47	1423,34
772,66	1548,26
772,85	1466,35
773,04	1386,47
773,22	1480,68
773,41	1486,83
773,60	1433,58
773,79	1396,71
773,98	1490,92
774,17	1484,78
774,35	1437,67
774,54	1452,01
774,73	1529,83
774,92	1488,87
775,11	1441,77
775,30	1509,35
775,48	1480,68
775,67	1429,48
775,86	1460,20
776,05	1499,11
776,24	1503,21
776,42	1433,58
776,61	1454,06
776,80	1507,30
776,99	1378,28
777,18	1509,35
777,36	1480,68
777,55	1507,30
777,74	1447,91
777,93	1542,12
778,12	1486,83
778,30	1478,63
778,49	1472,49
778,68	1527,78
778,87	1466,35
779,06	1470,44
779,24	1472,49
779,43	1429,48
779,62	1521,64
779,81	1501,16
779,99	1476,59
780,18	1466,35
780,37	1521,64
780,56	1548,26
780,75	1447,91
780,93	1527,78
781,12	1484,78
781,31	1507,30
781,50	1597,42
781,68	1419,24
781,87	1402,86
782,06	1480,68
782,25	1462,25
782,43	1513,45
782,62	1419,24
782,81	1538,02
783,00	1447,91
783,18	1435,63
783,37	1433,58
783,56	1468,39
783,75	1472,49
783,93	1533,93
784,12	1402,86
784,31	1603,56
784,50	1497,07
784,68	1490,92
784,87	1550,31
785,06	1566,70
785,24	1558,50
785,43	1474,54
785,62	1511,40
785,81	1443,82
785,99	1503,21
786,18	1437,67
786,37	1447,91
786,56	1431,53
786,74	1554,41
786,93	1501,16
787,12	1464,30
787,30	1404,91
787,49	1519,59
787,68	1470,44
787,87	1409,00
788,05	1507,30
788,24	1456,11
788,43	1488,87
788,61	1486,83
788,80	1454,06
788,99	1406,95
789,17	1476,59
789,36	1366,00
789,55	1499,11
789,73	1443,82
789,92	1478,63
790,11	1380,33
790,30	1427,43
790,48	1417,19
790,67	1507,30
790,86	1464,30
791,04	1431,53
791,23	1458,15
791,42	1497,07
791,60	1458,15
791,79	1511,40
791,98	1429,48
792,16	1480,68
792,35	1480,68
792,54	1378,28
792,72	1425,39
792,91	1492,97
793,10	1433,58
793,28	1482,73
793,47	1433,58
793,66	1511,40
793,84	1474,54
794,03	1351,66
794,22	1476,59
794,40	1474,54
794,59	1482,73
794,77	1409,00
794,96	1347,56
795,15	1431,53
795,33	1449,96
795,52	1464,30
795,71	1441,77
795,89	1402,86
796,08	1376,24
796,27	1456,11
796,45	1359,85
796,64	1345,52
796,82	1374,19
797,01	1421,29
797,20	1345,52
797,38	1368,04
797,57	1322,99
797,76	1462,25
797,94	1435,63
798,13	1388,52
798,31	1415,15
798,50	1409,00
798,69	1447,91
798,87	1433,58
799,06	1476,59
799,24	1363,95
799,43	1447,91
799,62	1349,61
799,80	1353,71
799,99	1525,74
800,17	1466,35
800,36	1501,16
800,55	1396,71
800,73	1425,39
800,92	1447,91
801,10	1345,52
801,29	1374,19
801,48	1372,14
801,66	1402,86
801,85	1431,53
802,03	1382,38
802,22	1396,71
802,40	1345,52
802,59	1406,95
802,78	1409,00
802,96	1409,00
803,15	1425,39
803,33	1474,54
803,52	1409,00
803,70	1423,34
803,89	1431,53
804,08	1400,81
804,26	1433,58
804,45	1423,34
804,63	1468,39
804,82	1505,26
805,00	1368,04
805,19	1353,71
805,37	1460,20
805,56	1476,59
805,74	1382,38
805,93	1413,10
806,12	1402,86
806,30	1413,10
806,49	1452,01
806,67	1495,02
806,86	1435,63
807,04	1464,30
807,23	1386,47
807,41	1382,38
807,60	1419,24
807,78	1298,41
807,97	1675,24
808,15	1388,52
808,34	1437,67
808,52	1400,81
808,71	1437,67
808,89	1535,98
809,08	1499,11
809,27	1341,42
809,45	1431,53
809,64	1368,04
809,82	1413,10
810,01	1413,10
810,19	1427,43
810,38	1374,19
810,56	1382,38
810,75	1372,14
810,93	1437,67
811,12	1361,90
811,30	1359,85
811,49	1390,57
811,67	1531,88
811,85	1437,67
812,04	1372,14
812,22	1411,05
812,41	1478,63
812,59	1372,14
812,78	1423,34
812,96	1423,34
813,15	1495,02
813,33	1361,90
813,52	1417,19
813,70	1394,67
813,89	1435,63
814,07	1421,29
814,26	1458,15
814,44	1376,24
814,63	1480,68
814,81	1384,43
815,00	1441,77
815,18	1511,40
815,36	1462,25
815,55	1454,06
815,73	1406,95
815,92	1486,83
816,10	1478,63
816,29	1392,62
816,47	1359,85
816,66	1447,91
816,84	1533,93
817,02	1458,15
817,21	1388,52
817,39	1392,62
817,58	1357,80
817,76	1372,14
817,95	1476,59
818,13	1327,08
818,32	1398,76
818,50	1343,47
818,68	1449,96
818,87	1363,95
819,05	1384,43
819,24	1370,09
819,42	1388,52
819,60	1417,19
819,79	1415,15
819,97	1351,66
820,16	1421,29
820,34	1351,66
820,53	1425,39
820,71	1462,25
820,89	1452,01
821,08	1439,72
821,26	1421,29
821,45	1380,33
821,63	1427,43
821,81	1501,16
822,00	1402,86
822,18	1447,91
822,37	1472,49
822,55	1435,63
822,73	1353,71
822,92	1505,26
823,10	1425,39
823,28	1427,43
823,47	1421,29
823,65	1427,43
823,84	1400,81
824,02	1476,59
824,20	1521,64
824,39	1421,29
824,57	1556,46
824,75	1509,35
824,94	1499,11
825,12	1472,49
825,31	1439,72
825,49	1394,67
825,67	1423,34
825,86	1468,39
826,04	1531,88
826,22	1511,40
826,41	1535,98
826,59	1411,05
826,77	1462,25
826,96	1538,02
827,14	1368,04
827,32	1382,38
827,51	1411,05
827,69	1449,96
827,87	1468,39
828,06	1468,39
828,24	1447,91
828,42	1423,34
828,61	1480,68
828,79	1445,87
828,97	1411,05
829,16	1517,54
829,34	1386,47
829,52	1419,24
829,71	1501,16
829,89	1550,31
830,07	1466,35
830,26	1484,78
830,44	1525,74
830,62	1517,54
830,81	1515,50
830,99	1419,24
831,17	1517,54
831,36	1390,57
831,54	1527,78
831,72	1421,29
831,91	1382,38
832,09	1456,11
832,27	1378,28
832,45	1527,78
832,64	1345,52
832,82	1484,78
833,00	1482,73
833,19	1456,11
833,37	1437,67
833,55	1468,39
833,73	1400,81
833,92	1409,00
834,10	1411,05
834,28	1427,43
834,47	1406,95
834,65	1431,53
834,83	1466,35
835,01	1460,20
835,20	1439,72
835,38	1406,95
835,56	1529,83
835,74	1548,26
835,93	1462,25
836,11	1486,83
836,29	1484,78
836,47	1513,45
836,66	1458,15
836,84	1507,30
837,02	1413,10
837,21	1452,01
837,39	1492,97
837,57	1460,20
837,75	1525,74
837,94	1460,20
838,12	1447,91
838,30	1452,01
838,48	1490,92
838,66	1394,67
838,85	1482,73
839,03	1427,43
839,21	1445,87
839,39	1484,78
839,58	1460,20
839,76	1542,12
839,94	1484,78
840,12	1411,05
840,31	1497,07
840,49	1400,81
840,67	1435,63
840,85	1497,07
841,03	1486,83
841,22	1495,02
841,40	1458,15
841,58	1468,39
841,76	1396,71
841,94	1392,62
842,13	1574,89
842,31	1482,73
842,49	1411,05
842,67	1413,10
842,85	1439,72
843,04	1517,54
843,22	1423,34
843,40	1452,01
843,58	1548,26
843,76	1458,15
843,95	1533,93
844,13	1417,19
844,31	1443,82
844,49	1462,25
844,67	1517,54
844,86	1419,24
845,04	1306,60
845,22	1480,68
845,40	1370,09
845,58	1474,54
845,76	1497,07
845,95	1476,59
846,13	1421,29
846,31	1626,09
846,49	1419,24
846,67	1404,91
846,85	1435,63
847,04	1521,64
847,22	1447,91
847,40	1501,16
847,58	1384,43
847,76	1517,54
847,94	1570,79
848,12	1439,72
848,31	1449,96
848,49	1548,26
848,67	1509,35
848,85	1396,71
849,03	1533,93
849,21	1449,96
849,39	1499,11
849,58	1466,35
849,76	1568,74
849,94	1492,97
850,12	1476,59
850,30	1501,16
850,48	1415,15
850,66	1544,17
850,84	1439,72
851,03	1505,26
851,21	1456,11
851,39	1492,97
851,57	1452,01
851,75	1382,38
851,93	1503,21
852,11	1529,83
852,29	1472,49
852,47	1492,97
852,66	1505,26
852,84	1398,76
853,02	1396,71
853,20	1488,87
853,38	1542,12
853,56	1511,40
853,74	1411,05
853,92	1538,02
854,10	1521,64
854,28	1439,72
854,46	1505,26
854,65	1429,48
854,83	1400,81
855,01	1486,83
855,19	1495,02
855,37	1421,29
855,55	1533,93
855,73	1540,07
855,91	1568,74
856,09	1531,88
856,27	1501,16
856,45	1529,83
856,63	1484,78
856,81	1576,94
857,00	1501,16
857,18	1468,39
857,36	1437,67
857,54	1497,07
857,72	1529,83
857,90	1507,30
858,08	1472,49
858,26	1449,96
858,44	1548,26
858,62	1574,89
858,80	1480,68
858,98	1480,68
859,16	1423,34
859,34	1509,35
859,52	1474,54
859,70	1505,26
859,88	1445,87
860,06	1495,02
860,24	1425,39
860,42	1435,63
860,60	1509,35
860,78	1503,21
860,96	1499,11
861,14	1421,29
861,32	1409,00
861,50	1509,35
861,69	1486,83
861,87	1558,50
862,05	1433,58
862,23	1472,49
862,41	1484,78
862,59	1449,96
862,77	1525,74
862,95	1499,11
863,13	1486,83
863,31	1454,06
863,49	1402,86
863,67	1462,25
863,85	1482,73
864,03	1480,68
864,21	1454,06
864,39	1482,73
864,57	1511,40
864,75	1538,02
864,92	1521,64
865,10	1402,86
865,28	1394,67
865,46	1548,26
865,64	1449,96
865,82	1525,74
866,00	1470,44
866,18	1527,78
866,36	1511,40
866,54	1531,88
866,72	1421,29
866,90	1533,93
867,08	1538,02
867,26	1519,59
867,44	1437,67
867,62	1519,59
867,80	1535,98
867,98	1474,54
868,16	1507,30
868,34	1607,66
868,52	1402,86
868,70	1505,26
868,88	1425,39
869,06	1538,02
869,24	1515,50
869,42	1398,76
869,59	1445,87
869,77	1431,53
869,95	1519,59
870,13	1433,58
870,31	1425,39
870,49	1460,20
870,67	1538,02
870,85	1464,30
871,03	1480,68
871,21	1554,41
871,39	1431,53
871,57	1462,25
871,75	1482,73
871,92	1535,98
872,10	1427,43
872,28	1468,39
872,46	1531,88
872,64	1433,58
872,82	1406,95
873,00	1509,35
873,18	1468,39
873,36	1533,93
873,54	1413,10
873,72	1439,72
873,89	1476,59
874,07	1486,83
874,25	1576,94
874,43	1505,26
874,61	1513,45
874,79	1511,40
874,97	1511,40
875,15	1576,94
875,33	1437,67
875,50	1538,02
875,68	1497,07
875,86	1515,50
876,04	1488,87
876,22	1497,07
876,40	1392,62
876,58	1437,67
876,76	1505,26
876,93	1474,54
877,11	1419,24
877,29	1574,89
877,47	1441,77
877,65	1552,36
877,83	1519,59
878,01	1454,06
878,18	1398,76
878,36	1497,07
878,54	1437,67
878,72	1374,19
878,90	1525,74
879,08	1529,83
879,25	1466,35
879,43	1505,26
879,61	1374,19
879,79	1460,20
879,97	1445,87
880,15	1456,11
880,32	1542,12
880,50	1515,50
880,68	1472,49
880,86	1476,59
881,04	1542,12
881,22	1527,78
881,39	1523,69
881,57	1527,78
881,75	1511,40
881,93	1468,39
882,11	1460,20
882,28	1509,35
882,46	1478,63
882,64	1423,34
882,82	1406,95
883,00	1388,52
883,18	1595,37
883,35	1527,78
883,53	1548,26
883,71	1562,60
883,89	1546,22
884,07	1472,49
884,24	1519,59
884,42	1439,72
884,60	1441,77
884,78	1603,56
884,95	1501,16
885,13	1460,20
885,31	1529,83
885,49	1468,39
885,67	1460,20
885,84	1511,40
886,02	1439,72
886,20	1538,02
886,38	1497,07
886,55	1474,54
886,73	1435,63
886,91	1554,41
887,09	1454,06
887,26	1460,20
887,44	1433,58
887,62	1478,63
887,80	1454,06
887,98	1488,87
888,15	1470,44
888,33	1439,72
888,51	1497,07
888,69	1523,69
888,86	1574,89
889,04	1519,59
889,22	1474,54
889,39	1505,26
889,57	1535,98
889,75	1427,43
889,93	1447,91
890,10	1490,92
890,28	1484,78
890,46	1535,98
890,64	1447,91
890,81	1517,54
890,99	1439,72
891,17	1409,00
891,34	1501,16
891,52	1472,49
891,70	1413,10
891,88	1476,59
892,05	1409,00
892,23	1576,94
892,41	1441,77
892,58	1447,91
892,76	1546,22
892,94	1437,67
893,12	1501,16
893,29	1456,11
893,47	1509,35
893,65	1445,87
893,82	1486,83
894,00	1570,79
894,18	1384,43
894,35	1460,20
894,53	1427,43
894,71	1556,46
894,89	1398,76
895,06	1466,35
895,24	1472,49
895,42	1470,44
895,59	1433,58
895,77	1370,09
895,95	1452,01
896,12	1499,11
896,30	1417,19
896,48	1503,21
896,65	1486,83
896,83	1458,15
897,01	1441,77
897,18	1435,63
897,36	1521,64
897,54	1478,63
897,71	1538,02
897,89	1484,78
898,07	1472,49
898,24	1419,24
898,42	1439,72
898,59	1556,46
898,77	1513,45
898,95	1495,02
899,12	1458,15
899,30	1396,71
899,48	1542,12
899,65	1443,82
899,83	1429,48
900,01	1409,00
900,18	1456,11
900,36	1538,02
900,53	1353,71
900,71	1458,15
900,89	1466,35
901,06	1480,68
901,24	1366,00
901,42	1513,45
901,59	1425,39
901,77	1480,68
901,94	1437,67
902,12	1429,48
902,30	1441,77
902,47	1370,09
902,65	1460,20
902,82	1499,11
903,00	1452,01
903,18	1464,30
903,35	1370,09
903,53	1447,91
903,70	1531,88
903,88	1437,67
904,06	1470,44
904,23	1492,97
904,41	1497,07
904,58	1472,49
904,76	1411,05
904,93	1470,44
905,11	1392,62
905,29	1531,88
905,46	1417,19
905,64	1560,55
905,81	1419,24
905,99	1388,52
906,16	1525,74
906,34	1406,95
906,52	1413,10
906,69	1417,19
906,87	1501,16
907,04	1439,72
907,22	1454,06
907,39	1490,92
907,57	1492,97
907,75	1513,45
907,92	1427,43
908,10	1564,65
908,27	1437,67
908,45	1415,15
908,62	1390,57
908,80	1492,97
908,97	1509,35
909,15	1535,98
909,32	1396,71
909,50	1478,63
909,67	1429,48
909,85	1505,26
910,03	1392,62
910,20	1492,97
910,38	1486,83
910,55	1417,19
910,73	1548,26
910,90	1398,76
911,08	1482,73
911,25	1433,58
911,43	1490,92
911,60	1423,34
911,78	1452,01
911,95	1476,59
912,13	1454,06
912,30	1425,39
912,48	1409,00
912,65	1495,02
912,83	1576,94
913,00	1449,96
913,18	1441,77
913,35	1468,39
913,53	1441,77
913,70	1460,20
913,88	1509,35
914,05	1519,59
914,23	1431,53
914,40	1519,59
914,58	1447,91
914,75	1447,91
914,93	1415,15
915,10	1454,06
915,27	1533,93
915,45	1378,28
915,62	1380,33
915,80	1425,39
915,97	1507,30
916,15	1386,47
916,32	1546,22
916,50	1578,98
916,67	1531,88
916,85	1443,82
917,02	1497,07
917,20	1525,74
917,37	1513,45
917,54	1529,83
917,72	1531,88
917,89	1538,02
918,07	1495,02
918,24	1535,98
918,42	1490,92
918,59	1441,77
918,77	1456,11
918,94	1519,59
919,11	1382,38
919,29	1521,64
919,46	1488,87
919,64	1433,58
919,81	1449,96
919,99	1431,53
920,16	1517,54
920,33	1540,07
920,51	1439,72
920,68	1495,02
920,86	1478,63
921,03	1488,87
921,20	1423,34
921,38	1441,77
921,55	1521,64
921,73	1378,28
921,90	1486,83
922,07	1490,92
922,25	1464,30
922,42	1548,26
922,60	1419,24
922,77	1421,29
922,94	1509,35
923,12	1495,02
923,29	1505,26
923,47	1445,87
923,64	1503,21
923,81	1519,59
923,99	1402,86
924,16	1480,68
924,34	1431,53
924,51	1519,59
924,68	1492,97
924,86	1439,72
925,03	1529,83
925,20	1523,69
925,38	1558,50
925,55	1478,63
925,72	1529,83
925,90	1464,30
926,07	1505,26
926,25	1542,12
926,42	1513,45
926,59	1476,59
926,77	1464,30
926,94	1488,87
927,11	1417,19
927,29	1433,58
927,46	1406,95
927,63	1556,46
927,81	1538,02
927,98	1513,45
928,15	1515,50
928,33	1495,02
928,50	1398,76
928,67	1576,94
928,85	1433,58
929,02	1505,26
929,19	1531,88
929,37	1497,07
929,54	1427,43
929,71	1560,55
929,89	1482,73
930,06	1499,11
930,23	1447,91
930,41	1456,11
930,58	1472,49
930,75	1433,58
930,92	1570,79
931,10	1484,78
931,27	1466,35
931,44	1578,98
931,62	1378,28
931,79	1406,95
931,96	1435,63
932,14	1484,78
932,31	1486,83
932,48	1482,73
932,65	1413,10
932,83	1499,11
933,00	1515,50
933,17	1523,69
933,35	1474,54
933,52	1497,07
933,69	1519,59
933,86	1490,92
934,04	1429,48
934,21	1411,05
934,38	1523,69
934,55	1454,06
934,73	1509,35
934,90	1472,49
935,07	1449,96
935,25	1568,74
935,42	1529,83
935,59	1468,39
935,76	1447,91
935,94	1490,92
936,11	1525,74
936,28	1497,07
936,45	1413,10
936,63	1421,29
936,80	1423,34
936,97	1474,54
937,14	1497,07
937,31	1535,98
937,49	1542,12
937,66	1564,65
937,83	1443,82
938,00	1581,03
938,18	1468,39
938,35	1513,45
938,52	1511,40
938,69	1478,63
938,87	1484,78
939,04	1423,34
939,21	1509,35
939,38	1492,97
939,55	1435,63
939,73	1546,22
939,90	1533,93
940,07	1443,82
940,24	1503,21
940,41	1499,11
940,59	1458,15
940,76	1378,28
940,93	1449,96
941,10	1484,78
941,27	1505,26
941,45	1566,70
941,62	1458,15
941,79	1513,45
941,96	1535,98
942,13	1558,50
942,31	1419,24
942,48	1505,26
942,65	1515,50
942,82	1443,82
942,99	1619,94
943,16	1519,59
943,34	1517,54
943,51	1482,73
943,68	1497,07
943,85	1525,74
944,02	1535,98
944,19	1435,63
944,37	1562,60
944,54	1503,21
944,71	1507,30
944,88	1480,68
945,05	1499,11
945,22	1480,68
945,40	1505,26
945,57	1445,87
945,74	1443,82
945,91	1406,95
946,08	1460,20
946,25	1521,64
946,42	1447,91
946,60	1474,54
946,77	1556,46
946,94	1599,46
947,11	1521,64
947,28	1456,11
947,45	1431,53
947,62	1394,67
947,79	1470,44
947,97	1503,21
948,14	1544,17
948,31	1531,88
948,48	1466,35
948,65	1470,44
948,82	1390,57
948,99	1521,64
949,16	1458,15
949,33	1382,38
949,51	1503,21
949,68	1490,92
949,85	1519,59
950,02	1511,40
950,19	1572,84
950,36	1533,93
950,53	1505,26
950,70	1406,95
950,87	1447,91
951,04	1474,54
951,22	1517,54
951,39	1589,22
951,56	1550,31
951,73	1472,49
951,90	1374,19
952,07	1406,95
952,24	1470,44
952,41	1484,78
952,58	1513,45
952,75	1466,35
952,92	1386,47
953,09	1394,67
953,26	1454,06
953,43	1501,16
953,61	1535,98
953,78	1449,96
953,95	1529,83
954,12	1431,53
954,29	1507,30
954,46	1439,72
954,63	1482,73
954,80	1542,12
954,97	1433,58
955,14	1480,68
955,31	1439,72
955,48	1437,67
955,65	1445,87
955,82	1482,73
955,99	1439,72
956,16	1458,15
956,33	1474,54
956,50	1425,39
956,67	1460,20
956,84	1519,59
957,01	1492,97
957,18	1417,19
957,35	1404,91
957,52	1472,49
957,69	1581,03
957,86	1501,16
958,03	1425,39
958,20	1447,91
958,37	1435,63
958,54	1486,83
958,71	1384,43
958,88	1533,93
959,05	1519,59
959,22	1470,44
959,39	1439,72
959,56	1480,68
959,73	1501,16
959,90	1470,44
960,07	1435,63
960,24	1486,83
960,41	1466,35
960,58	1517,54
960,75	1464,30
960,92	1499,11
961,09	1462,25
961,26	1478,63
961,43	1576,94
961,60	1449,96
961,77	1488,87
961,94	1443,82
962,11	1425,39
962,28	1626,09
962,45	1454,06
962,62	1460,20
962,79	1464,30
962,96	1404,91
963,13	1472,49
963,30	1454,06
963,47	1452,01
963,64	1437,67
963,81	1501,16
963,98	1468,39
964,14	1456,11
964,31	1605,61
964,48	1509,35
964,65	1445,87
964,82	1411,05
964,99	1558,50
965,16	1419,24
965,33	1411,05
965,50	1421,29
965,67	1468,39
965,84	1462,25
966,01	1425,39
966,18	1355,76
966,35	1409,00
966,51	1488,87
966,68	1472,49
966,85	1488,87
967,02	1468,39
967,19	1503,21
967,36	1456,11
967,53	1421,29
967,70	1454,06
967,87	1441,77
968,04	1472,49
968,21	1495,02
968,37	1413,10
968,54	1400,81
968,71	1400,81
968,88	1441,77
969,05	1372,14
969,22	1452,01
969,39	1447,91
969,56	1470,44
969,72	1406,95
969,89	1513,45
970,06	1474,54
970,23	1492,97
970,40	1460,20
970,57	1439,72
970,74	1419,24
970,91	1357,80
971,07	1490,92
971,24	1404,91
971,41	1454,06
971,58	1511,40
971,75	1431,53
971,92	1384,43
972,09	1435,63
972,25	1359,85
972,42	1427,43
972,59	1386,47
972,76	1439,72
972,93	1482,73
973,10	1427,43
973,27	1452,01
973,43	1480,68
973,60	1447,91
973,77	1390,57
973,94	1462,25
974,11	1499,11
974,28	1462,25
974,44	1398,76
974,61	1458,15
974,78	1312,75
974,95	1402,86
975,12	1447,91
975,28	1486,83
975,45	1423,34
975,62	1404,91
975,79	1390,57
975,96	1458,15
976,12	1439,72
976,29	1542,12
976,46	1456,11
976,63	1476,59
976,80	1396,71
976,96	1413,10
977,13	1413,10
977,30	1437,67
977,47	1390,57
977,64	1421,29
977,80	1492,97
977,97	1398,76
978,14	1460,20
978,31	1431,53
978,48	1388,52
978,64	1376,24
978,81	1531,88
978,98	1439,72
979,15	1361,90
979,31	1406,95
979,48	1437,67
979,65	1441,77
979,82	1445,87
979,98	1392,62
980,15	1470,44
980,32	1535,98
980,49	1384,43
980,66	1406,95
980,82	1382,38
980,99	1396,71
981,16	1370,09
981,33	1460,20
981,49	1386,47
981,66	1460,20
981,83	1351,66
981,99	1337,32
982,16	1370,09
982,33	1390,57
982,50	1390,57
982,66	1427,43
982,83	1325,04
983,00	1415,15
983,17	1322,99
983,33	1521,64
983,50	1413,10
983,67	1384,43
983,83	1402,86
984,00	1363,95
984,17	1589,22
984,34	1400,81
984,50	1329,13
984,67	1413,10
984,84	1409,00
985,00	1409,00
985,17	1419,24
985,34	1499,11
985,51	1415,15
985,67	1411,05
985,84	1419,24
986,01	1296,36
986,17	1427,43
986,34	1419,24
986,51	1372,14
986,67	1400,81
986,84	1341,42
987,01	1425,39
987,17	1449,96
987,34	1425,39
987,51	1390,57
987,67	1382,38
987,84	1396,71
988,01	1445,87
988,17	1415,15
988,34	1361,90
988,51	1378,28
988,67	1507,30
988,84	1431,53
989,01	1402,86
989,17	1390,57
989,34	1431,53
989,51	1445,87
989,67	1335,28
989,84	1392,62
990,01	1376,24
990,17	1466,35
990,34	1341,42
990,51	1402,86
990,67	1400,81
990,84	1435,63
991,01	1386,47
991,17	1302,51
991,34	1380,33
991,50	1427,43
991,67	1425,39
991,84	1304,56
992,00	1372,14
992,17	1404,91
992,34	1484,78
992,50	1513,45
992,67	1441,77
992,83	1441,77
993,00	1460,20
993,17	1398,76
993,33	1366,00
993,50	1466,35
993,66	1400,81
993,83	1513,45
994,00	1337,32
994,16	1370,09
994,33	1425,39
994,49	1402,86
994,66	1411,05
994,83	1415,15
994,99	1427,43
995,16	1386,47
995,32	1413,10
995,49	1443,82
995,66	1454,06
995,82	1374,19
995,99	1341,42
996,15	1423,34
996,32	1447,91
996,48	1349,61
996,65	1406,95
996,82	1402,86
996,98	1349,61
997,15	1415,15
997,31	1443,82
997,48	1384,43
997,64	1400,81
997,81	1544,17
997,97	1439,72
998,14	1312,75
998,31	1402,86
998,47	1366,00
998,64	1452,01
998,80	1439,72
998,97	1439,72
999,13	1423,34
999,30	1415,15
999,46	1472,49
999,63	1345,52
999,79	1384,43
999,96	1505,26
1000,12	1460,20
1000,29	1343,47
1000,45	1423,34
1000,62	1382,38
1000,79	1427,43
1000,95	1429,48
1001,12	1429,48
1001,28	1476,59
1001,45	1355,76
1001,61	1394,67
1001,78	1378,28
1001,94	1468,39
1002,11	1540,07
1002,27	1466,35
1002,44	1376,24
1002,60	1355,76
1002,77	1535,98
1002,93	1464,30
1003,10	1322,99
1003,26	1462,25
1003,43	1497,07
1003,59	1480,68
1003,76	1384,43
1003,92	1449,96
1004,09	1382,38
1004,25	1361,90
1004,41	1427,43
1004,58	1406,95
1004,74	1409,00
1004,91	1386,47
1005,07	1388,52
1005,24	1478,63
1005,40	1458,15
1005,57	1314,80
1005,73	1433,58
1005,90	1329,13
1006,06	1370,09
1006,23	1466,35
1006,39	1419,24
1006,55	1300,46
1006,72	1413,10
1006,88	1402,86
1007,05	1404,91
1007,21	1394,67
1007,38	1456,11
1007,54	1488,87
1007,71	1421,29
1007,87	1316,84
1008,03	1361,90
1008,20	1425,39
1008,36	1429,48
1008,53	1400,81
1008,69	1421,29
1008,86	1480,68
1009,02	1372,14
1009,18	1421,29
1009,35	1339,37
1009,51	1421,29
1009,68	1409,00
1009,84	1458,15
1010,01	1417,19
1010,17	1353,71
1010,33	1419,24
1010,50	1427,43
1010,66	1429,48
1010,83	1366,00
1010,99	1441,77
1011,15	1310,70
1011,32	1447,91
1011,48	1413,10
1011,65	1374,19
1011,81	1316,84
1011,97	1439,72
1012,14	1464,30
1012,30	1411,05
1012,46	1406,95
1012,63	1374,19
1012,79	1435,63
1012,96	1390,57
1013,12	1476,59
1013,28	1409,00
1013,45	1380,33
1013,61	1417,19
1013,77	1417,19
1013,94	1341,42
1014,10	1406,95
1014,26	1308,65
1014,43	1404,91
1014,59	1343,47
1014,76	1449,96
1014,92	1509,35
1015,08	1368,04
1015,25	1361,90
1015,41	1447,91
1015,57	1495,02
1015,74	1400,81
1015,90	1415,15
1016,06	1366,00
1016,23	1460,20
1016,39	1366,00
1016,55	1417,19
1016,72	1388,52
1016,88	1441,77
1017,04	1353,71
1017,21	1349,61
1017,37	1415,15
1017,53	1370,09
1017,70	1331,18
1017,86	1468,39
1018,02	1331,18
1018,19	1404,91
1018,35	1349,61
1018,51	1415,15
1018,67	1433,58
1018,84	1304,56
1019,00	1366,00
1019,16	1517,54
1019,33	1452,01
1019,49	1449,96
1019,65	1419,24
1019,82	1312,75
1019,98	1421,29
1020,14	1361,90
1020,30	1511,40
1020,47	1318,89
1020,63	1445,87
1020,79	1443,82
1020,96	1361,90
1021,12	1439,72
1021,28	1497,07
1021,44	1349,61
1021,61	1312,75
1021,77	1327,08
1021,93	1421,29
1022,09	1417,19
1022,26	1468,39
1022,42	1390,57
1022,58	1421,29
1022,74	1363,95
1022,91	1425,39
1023,07	1413,10
1023,23	1380,33
1023,39	1366,00
1023,56	1402,86
1023,72	1466,35
1023,88	1394,67
1024,04	1417,19
1024,21	1421,29
1024,37	1429,48
1024,53	1462,25
1024,69	1333,23
1024,86	1388,52
1025,02	1398,76
1025,18	1423,34
1025,34	1394,67
1025,50	1411,05
1025,67	1431,53
1025,83	1435,63
1025,99	1423,34
1026,15	1390,57
1026,32	1417,19
1026,48	1431,53
1026,64	1400,81
1026,80	1468,39
1026,96	1392,62
1027,13	1402,86
1027,29	1427,43
1027,45	1357,80
1027,61	1353,71
1027,77	1380,33
1027,94	1495,02
1028,10	1372,14
1028,26	1335,28
1028,42	1349,61
1028,58	1462,25
1028,75	1363,95
1028,91	1388,52
1029,07	1366,00
1029,23	1376,24
1029,39	1492,97
1029,55	1386,47
1029,72	1402,86
1029,88	1404,91
1030,04	1431,53
1030,20	1402,86
1030,36	1392,62
1030,52	1419,24
1030,69	1433,58
1030,85	1476,59
1031,01	1382,38
1031,17	1361,90
1031,33	1398,76
1031,49	1466,35
1031,65	1443,82
1031,82	1388,52
1031,98	1357,80
1032,14	1425,39
1032,30	1359,85
1032,46	1390,57
1032,62	1357,80
1032,78	1353,71
1032,95	1392,62
1033,11	1351,66
1033,27	1468,39
1033,43	1402,86
1033,59	1415,15
1033,75	1402,86
1033,91	1400,81
1034,07	1441,77
1034,24	1370,09
1034,40	1423,34
1034,56	1431,53
1034,72	1366,00
1034,88	1439,72
1035,04	1388,52
1035,20	1421,29
1035,36	1370,09
1035,52	1427,43
1035,68	1288,17
1035,85	1421,29
1036,01	1425,39
1036,17	1456,11
1036,33	1419,24
1036,49	1415,15
1036,65	1372,14
1036,81	1456,11
1036,97	1478,63
1037,13	1398,76
1037,29	1417,19
1037,45	1425,39
1037,61	1380,33
1037,78	1509,35
1037,94	1437,67
1038,10	1382,38
1038,26	1458,15
1038,42	1439,72
1038,58	1359,85
1038,74	1355,76
1038,90	1445,87
1039,06	1394,67
1039,22	1435,63
1039,38	1363,95
1039,54	1413,10
1039,70	1372,14
1039,86	1411,05
1040,02	1421,29
1040,18	1402,86
1040,34	1409,00
1040,50	1435,63
1040,66	1396,71
1040,83	1400,81
1040,99	1433,58
1041,15	1533,93
1041,31	1447,91
1041,47	1454,06
1041,63	1378,28
1041,79	1445,87
1041,95	1378,28
1042,11	1394,67
1042,27	1460,20
1042,43	1421,29
1042,59	1454,06
1042,75	1388,52
1042,91	1363,95
