344,25	1265,64
344,46	1265,64
344,68	1265,64
344,90	1282,03
345,12	1359,85
345,34	1329,13
345,55	1423,34
345,77	1374,19
345,99	1390,57
346,21	1447,91
346,42	1411,05
346,64	1411,05
346,86	1378,28
347,08	1349,61
347,30	1366,00
347,51	1402,86
347,73	1398,76
347,95	1468,39
348,17	1406,95
348,38	1437,67
348,60	1404,91
348,82	1411,05
349,04	1378,28
349,25	1411,05
349,47	1423,34
349,69	1411,05
349,91	1476,59
350,13	1402,86
350,34	1409,00
350,56	1337,32
350,78	1378,28
351,00	1452,01
351,21	1454,06
351,43	1384,43
351,65	1419,24
351,87	1411,05
352,08	1445,87
352,30	1409,00
352,52	1339,37
352,74	1452,01
352,95	1406,95
353,17	1437,67
353,39	1349,61
353,61	1437,67
353,82	1435,63
354,04	1335,28
354,26	1327,08
354,47	1419,24
354,69	1470,44
354,91	1370,09
355,13	1341,42
355,34	1413,10
355,56	1353,71
355,78	1380,33
356,00	1488,87
356,21	1353,71
356,43	1437,67
356,65	1458,15
356,86	1396,71
357,08	1392,62
357,30	1425,39
357,52	1400,81
357,73	1384,43
357,95	1372,14
358,17	1390,57
358,38	1507,30
358,60	1400,81
358,82	1464,30
359,04	1396,71
359,25	1495,02
359,47	1472,49
359,69	1370,09
359,90	1429,48
360,12	1421,29
360,34	1521,64
360,56	1425,39
360,77	1540,07
360,99	1495,02
361,21	1449,96
361,42	1449,96
361,64	1474,54
361,86	1470,44
362,07	1425,39
362,29	1437,67
362,51	1431,53
362,73	1411,05
362,94	1411,05
363,16	1529,83
363,38	1355,76
363,59	1435,63
363,81	1423,34
364,03	1437,67
364,24	1470,44
364,46	1425,39
364,68	1476,59
364,89	1429,48
365,11	1406,95
365,33	1509,35
365,54	1452,01
365,76	1431,53
365,98	1538,02
366,19	1533,93
366,41	1548,26
366,63	1441,77
366,84	1443,82
367,06	1470,44
367,28	1497,07
367,49	1515,50
367,71	1456,11
367,93	1462,25
368,14	1460,20
368,36	1484,78
368,58	1458,15
368,79	1390,57
369,01	1472,49
369,23	1398,76
369,44	1466,35
369,66	1349,61
369,88	1421,29
370,09	1409,00
370,31	1374,19
370,53	1466,35
370,74	1482,73
370,96	1447,91
371,18	1435,63
371,39	1456,11
371,61	1439,72
371,82	1525,74
372,04	1355,76
372,26	1454,06
372,47	1443,82
372,69	1460,20
372,91	1533,93
373,12	1402,86
373,34	1394,67
373,56	1396,71
373,77	1527,78
373,99	1521,64
374,20	1492,97
374,42	1435,63
374,64	1497,07
374,85	1456,11
375,07	1472,49
375,29	1474,54
375,50	1398,76
375,72	1384,43
375,93	1382,38
376,15	1423,34
376,37	1529,83
376,58	1433,58
376,80	1462,25
377,01	1392,62
377,23	1570,79
377,45	1466,35
377,66	1419,24
377,88	1499,11
378,10	1423,34
378,31	1386,47
378,53	1578,98
378,74	1427,43
378,96	1552,36
379,18	1464,30
379,39	1464,30
379,61	1423,34
379,82	1466,35
380,04	1452,01
380,26	1388,52
380,47	1454,06
380,69	1380,33
380,90	1511,40
381,12	1435,63
381,33	1443,82
381,55	1417,19
381,77	1431,53
381,98	1406,95
382,20	1320,94
382,41	1466,35
382,63	1505,26
382,85	1505,26
383,06	1513,45
383,28	1452,01
383,49	1423,34
383,71	1458,15
383,92	1433,58
384,14	1329,13
384,36	1345,52
384,57	1388,52
384,79	1394,67
385,00	1466,35
385,22	1437,67
385,43	1431,53
385,65	1495,02
385,87	1404,91
386,08	1423,34
386,30	1454,06
386,51	1449,96
386,73	1458,15
386,94	1409,00
387,16	1413,10
387,37	1521,64
387,59	1355,76
387,81	1376,24
388,02	1355,76
388,24	1417,19
388,45	1507,30
388,67	1386,47
388,88	1423,34
389,10	1388,52
389,31	1521,64
389,53	1488,87
389,75	1529,83
389,96	1437,67
390,18	1456,11
390,39	1388,52
390,61	1413,10
390,82	1421,29
391,04	1503,21
391,25	1419,24
391,47	1466,35
391,68	1423,34
391,90	1501,16
392,11	1439,72
392,33	1447,91
392,54	1411,05
392,76	1435,63
392,97	1427,43
393,19	1482,73
393,41	1417,19
393,62	1429,48
393,84	1488,87
394,05	1439,72
394,27	1472,49
394,48	1386,47
394,70	1521,64
394,91	1376,24
395,13	1394,67
395,34	1382,38
395,56	1433,58
395,77	1394,67
395,99	1452,01
396,20	1417,19
396,42	1380,33
396,63	1429,48
396,85	1456,11
397,06	1511,40
397,28	1427,43
397,49	1392,62
397,71	1363,95
397,92	1443,82
398,14	1560,55
398,35	1499,11
398,57	1488,87
398,78	1492,97
399,00	1488,87
399,21	1447,91
399,43	1550,31
399,64	1480,68
399,86	1359,85
400,07	1486,83
400,29	1380,33
400,50	1499,11
400,72	1435,63
400,93	1468,39
401,14	1447,91
401,36	1445,87
401,57	1468,39
401,79	1431,53
402,00	1558,50
402,22	1492,97
402,43	1439,72
402,65	1392,62
402,86	1343,47
403,08	1433,58
403,29	1476,59
403,51	1456,11
403,72	1449,96
403,94	1406,95
404,15	1460,20
404,36	1484,78
404,58	1710,05
404,79	1474,54
405,01	1437,67
405,22	1466,35
405,44	1390,57
405,65	1574,89
405,87	1480,68
406,08	1402,86
406,30	1402,86
406,51	1355,76
406,72	1458,15
406,94	1454,06
407,15	1511,40
407,37	1533,93
407,58	1499,11
407,80	1480,68
408,01	1419,24
408,23	1443,82
408,44	1435,63
408,65	1349,61
408,87	1441,77
409,08	1439,72
409,30	1439,72
409,51	1398,76
409,73	1431,53
409,94	1478,63
410,15	1497,07
410,37	1468,39
410,58	1429,48
410,80	1380,33
411,01	1386,47
411,23	1429,48
411,44	1427,43
411,65	1533,93
411,87	1462,25
412,08	1390,57
412,30	1480,68
412,51	1472,49
412,72	1566,70
412,94	1544,17
413,15	1419,24
413,37	1413,10
413,58	1423,34
413,79	1441,77
414,01	1517,54
414,22	1443,82
414,44	1445,87
414,65	1423,34
414,86	1521,64
415,08	1398,76
415,29	1441,77
415,51	1456,11
415,72	1406,95
415,93	1449,96
416,15	1409,00
416,36	1445,87
416,58	1417,19
416,79	1497,07
417,00	1398,76
417,22	1413,10
417,43	1361,90
417,65	1492,97
417,86	1421,29
418,07	1404,91
418,29	1443,82
418,50	1527,78
418,71	1427,43
418,93	1380,33
419,14	1425,39
419,36	1492,97
419,57	1456,11
419,78	1470,44
420,00	1421,29
420,21	1456,11
420,42	1382,38
420,64	1443,82
420,85	1423,34
421,06	1478,63
421,28	1429,48
421,49	1470,44
421,71	1558,50
421,92	1335,28
422,13	1521,64
422,35	1447,91
422,56	1460,20
422,77	1409,00
422,99	1415,15
423,20	1441,77
423,41	1482,73
423,63	1443,82
423,84	1413,10
424,05	1447,91
424,27	1484,78
424,48	1433,58
424,69	1468,39
424,91	1667,05
425,12	1347,56
425,33	1458,15
425,55	1456,11
425,76	1437,67
425,97	1429,48
426,19	1509,35
426,40	1458,15
426,61	1470,44
426,83	1517,54
427,04	1529,83
427,25	1460,20
427,47	1499,11
427,68	1441,77
427,89	1425,39
428,11	1484,78
428,32	1388,52
428,53	1413,10
428,75	1452,01
428,96	1558,50
429,17	1462,25
429,39	1361,90
429,60	1554,41
429,81	1445,87
430,03	1513,45
430,24	1472,49
430,45	1492,97
430,67	1464,30
430,88	1421,29
431,09	1495,02
431,30	1478,63
431,52	1490,92
431,73	1427,43
431,94	1468,39
432,16	1470,44
432,37	1437,67
432,58	1552,36
432,80	1433,58
433,01	1423,34
433,22	1497,07
433,43	1474,54
433,65	1398,76
433,86	1501,16
434,07	1331,18
434,29	1470,44
434,50	1394,67
434,71	1472,49
434,92	1497,07
435,14	1437,67
435,35	1394,67
435,56	1370,09
435,77	1478,63
435,99	1452,01
436,20	1439,72
436,41	1513,45
436,63	1439,72
436,84	1460,20
437,05	1427,43
437,26	1396,71
437,48	1497,07
437,69	1507,30
437,90	1505,26
438,11	1402,86
438,33	1392,62
438,54	1509,35
438,75	1503,21
438,96	1413,10
439,18	1499,11
439,39	1525,74
439,60	1402,86
439,82	1380,33
440,03	1449,96
440,24	1499,11
440,45	1318,89
440,67	1488,87
440,88	1437,67
441,09	1421,29
441,30	1529,83
441,51	1503,21
441,73	1437,67
441,94	1402,86
442,15	1480,68
442,36	1521,64
442,58	1359,85
442,79	1433,58
443,00	1501,16
443,21	1501,16
443,43	1449,96
443,64	1390,57
443,85	1476,59
444,06	1402,86
444,28	1550,31
444,49	1441,77
444,70	1484,78
444,91	1431,53
445,12	1519,59
445,34	1374,19
445,55	1464,30
445,76	1431,53
445,97	1505,26
446,18	1464,30
446,40	1574,89
446,61	1441,77
446,82	1517,54
447,03	1398,76
447,25	1439,72
447,46	1470,44
447,67	1488,87
447,88	1503,21
448,09	1406,95
448,31	1501,16
448,52	1497,07
448,73	1460,20
448,94	1400,81
449,15	1433,58
449,37	1417,19
449,58	1417,19
449,79	1431,53
450,00	1503,21
450,21	1460,20
450,43	1478,63
450,64	1441,77
450,85	1456,11
451,06	1413,10
451,27	1497,07
451,48	1361,90
451,70	1525,74
451,91	1456,11
452,12	1576,94
452,33	1413,10
452,54	1464,30
452,76	1505,26
452,97	1492,97
453,18	1398,76
453,39	1406,95
453,60	1441,77
453,81	1488,87
454,03	1462,25
454,24	1511,40
454,45	1464,30
454,66	1437,67
454,87	1417,19
455,08	1501,16
455,30	1492,97
455,51	1517,54
455,72	1519,59
455,93	1531,88
456,14	1456,11
456,35	1486,83
456,56	1546,22
456,78	1462,25
456,99	1550,31
457,20	1384,43
457,41	1468,39
457,62	1458,15
457,83	1505,26
458,04	1501,16
458,26	1456,11
458,47	1535,98
458,68	1396,71
458,89	1474,54
459,10	1486,83
459,31	1443,82
459,52	1640,42
459,74	1447,91
459,95	1529,83
460,16	1486,83
460,37	1542,12
460,58	1501,16
460,79	1435,63
461,00	1544,17
461,21	1376,24
461,43	1390,57
461,64	1458,15
461,85	1449,96
462,06	1484,78
462,27	1456,11
462,48	1492,97
462,69	1415,15
462,90	1499,11
463,12	1511,40
463,33	1466,35
463,54	1382,38
463,75	1433,58
463,96	1562,60
464,17	1546,22
464,38	1507,30
464,59	1484,78
464,80	1515,50
465,01	1423,34
465,23	1423,34
465,44	1396,71
465,65	1388,52
465,86	1439,72
466,07	1380,33
466,28	1460,20
466,49	1472,49
466,70	1566,70
466,91	1511,40
467,12	1390,57
467,33	1462,25
467,55	1433,58
467,76	1425,39
467,97	1404,91
468,18	1478,63
468,39	1452,01
468,60	1533,93
468,81	1503,21
469,02	1423,34
469,23	1374,19
469,44	1519,59
469,65	1411,05
469,86	1509,35
470,07	1470,44
470,29	1562,60
470,50	1411,05
470,71	1456,11
470,92	1427,43
471,13	1519,59
471,34	1497,07
471,55	1460,20
471,76	1462,25
471,97	1413,10
472,18	1482,73
472,39	1390,57
472,60	1458,15
472,81	1548,26
473,02	1423,34
473,23	1484,78
473,44	1427,43
473,65	1458,15
473,87	1497,07
474,08	1544,17
474,29	1501,16
474,50	1435,63
474,71	1552,36
474,92	1564,65
475,13	1462,25
475,34	1468,39
475,55	1392,62
475,76	1460,20
475,97	1505,26
476,18	1478,63
476,39	1468,39
476,60	1501,16
476,81	1478,63
477,02	1486,83
477,23	1505,26
477,44	1472,49
477,65	1435,63
477,86	1437,67
478,07	1511,40
478,28	1488,87
478,49	1452,01
478,70	1529,83
478,91	1470,44
479,12	1472,49
479,33	1488,87
479,54	1503,21
479,75	1507,30
479,96	1449,96
480,17	1445,87
480,38	1447,91
480,59	1460,20
480,80	1482,73
481,01	1462,25
481,22	1458,15
481,43	1523,69
481,64	1505,26
481,85	1574,89
482,06	1474,54
482,27	1517,54
482,48	1505,26
482,69	1556,46
482,90	1394,67
483,11	1554,41
483,32	1423,34
483,53	1517,54
483,74	1505,26
483,95	1423,34
484,16	1456,11
484,37	1423,34
484,58	1488,87
484,79	1439,72
485,00	1523,69
485,21	1497,07
485,42	1458,15
485,63	1587,18
485,84	1490,92
486,05	1423,34
486,26	1585,13
486,47	1507,30
486,68	1554,41
486,89	1484,78
487,10	1472,49
487,31	1458,15
487,52	1519,59
487,73	1566,70
487,94	1488,87
488,15	1423,34
488,36	1546,22
488,57	1488,87
488,77	1488,87
488,98	1544,17
489,19	1511,40
489,40	1507,30
489,61	1423,34
489,82	1517,54
490,03	1529,83
490,24	1480,68
490,45	1511,40
490,66	1468,39
490,87	1599,46
491,08	1452,01
491,29	1513,45
491,50	1445,87
491,71	1488,87
491,92	1525,74
492,13	1568,74
492,33	1441,77
492,54	1558,50
492,75	1476,59
492,96	1503,21
493,17	1546,22
493,38	1419,24
493,59	1437,67
493,80	1497,07
494,01	1519,59
494,22	1515,50
494,43	1505,26
494,64	1437,67
494,85	1503,21
495,05	1497,07
495,26	1492,97
495,47	1603,56
495,68	1452,01
495,89	1515,50
496,10	1490,92
496,31	1488,87
496,52	1439,72
496,73	1517,54
496,94	1525,74
497,15	1529,83
497,35	1634,28
497,56	1474,54
497,77	1499,11
497,98	1501,16
498,19	1509,35
498,40	1570,79
498,61	1558,50
498,82	1495,02
499,03	1478,63
499,23	1460,20
499,44	1517,54
499,65	1595,37
499,86	1564,65
500,07	1538,02
500,28	1552,36
500,49	1554,41
500,70	1544,17
500,91	1435,63
501,11	1511,40
501,32	1570,79
501,53	1445,87
501,74	1527,78
501,95	1480,68
502,16	1558,50
502,37	1490,92
502,57	1464,30
502,78	1607,66
502,99	1525,74
503,20	1464,30
503,41	1478,63
503,62	1519,59
503,83	1599,46
504,03	1515,50
504,24	1529,83
504,45	1519,59
504,66	1568,74
504,87	1558,50
505,08	1513,45
505,29	1624,04
505,49	1503,21
505,70	1525,74
505,91	1476,59
506,12	1505,26
506,33	1566,70
506,54	1583,08
506,75	1501,16
506,95	1486,83
507,16	1667,05
507,37	1499,11
507,58	1572,84
507,79	1515,50
508,00	1466,35
508,20	1380,33
508,41	1513,45
508,62	1443,82
508,83	1480,68
509,04	1458,15
509,24	1499,11
509,45	1837,03
509,66	1517,54
509,87	1564,65
510,08	1564,65
510,29	1574,89
510,49	1544,17
510,70	1437,67
510,91	1521,64
511,12	1548,26
511,33	1550,31
511,53	1486,83
511,74	1406,95
511,95	1447,91
512,16	1544,17
512,37	1550,31
512,57	1431,53
512,78	1472,49
512,99	1552,36
513,20	1601,51
513,41	1525,74
513,61	1449,96
513,82	1564,65
514,03	1533,93
514,24	1529,83
514,45	1593,32
514,65	1452,01
514,86	1529,83
515,07	1529,83
515,28	1513,45
515,49	1535,98
515,69	1611,75
515,90	1460,20
516,11	1538,02
516,32	1546,22
516,52	1509,35
516,73	1503,21
516,94	1585,13
517,15	1482,73
517,36	1519,59
517,56	1607,66
517,77	1468,39
517,98	1581,03
518,19	1476,59
518,39	1527,78
518,60	1503,21
518,81	1552,36
519,02	1474,54
519,22	1535,98
519,43	1525,74
519,64	1464,30
519,85	1372,14
520,05	1464,30
520,26	1458,15
520,47	1574,89
520,68	1531,88
520,88	1554,41
521,09	1548,26
521,30	1492,97
521,51	1542,12
521,71	1486,83
521,92	1556,46
522,13	1486,83
522,34	1470,44
522,54	1605,61
522,75	1517,54
522,96	1593,32
523,17	1454,06
523,37	1607,66
523,58	1419,24
523,79	1509,35
523,99	1597,42
524,20	1449,96
524,41	1439,72
524,62	1554,41
524,82	1591,27
525,03	1517,54
525,24	1486,83
525,45	1445,87
525,65	1478,63
525,86	1665,00
526,07	1507,30
526,27	1507,30
526,48	1513,45
526,69	1529,83
526,90	1458,15
527,10	1499,11
527,31	1476,59
527,52	1529,83
527,72	1556,46
527,93	1595,37
528,14	1525,74
528,34	1449,96
528,55	1458,15
528,76	1517,54
528,97	1521,64
529,17	1404,91
529,38	1550,31
529,59	1533,93
529,79	1578,98
530,00	1468,39
530,21	1566,70
530,41	1538,02
530,62	1507,30
530,83	1527,78
531,03	1564,65
531,24	1552,36
531,45	1597,42
531,65	1509,35
531,86	1585,13
532,07	1591,27
532,27	1601,51
532,48	1507,30
532,69	1460,20
532,89	1562,60
533,10	1490,92
533,31	1527,78
533,51	1447,91
533,72	1509,35
533,93	1505,26
534,13	1462,25
534,34	1492,97
534,55	1556,46
534,75	1521,64
534,96	1632,23
535,17	1505,26
535,37	1550,31
535,58	1447,91
535,79	1552,36
535,99	1470,44
536,20	1503,21
536,41	1513,45
536,61	1531,88
536,82	1480,68
537,03	1527,78
537,23	1466,35
537,44	1480,68
537,64	1548,26
537,85	1587,18
538,06	1605,61
538,26	1505,26
538,47	1613,80
538,68	1509,35
538,88	1468,39
539,09	1445,87
539,30	1558,50
539,50	1630,18
539,71	1546,22
539,91	1570,79
540,12	1468,39
540,33	1468,39
540,53	1617,90
540,74	1511,40
540,94	1578,98
541,15	1550,31
541,36	1542,12
541,56	1529,83
541,77	1550,31
541,98	1527,78
542,18	1488,87
542,39	1558,50
542,59	1478,63
542,80	1447,91
543,01	1409,00
543,21	1484,78
543,42	1540,07
543,62	1480,68
543,83	1542,12
544,04	1525,74
544,24	1464,30
544,45	1492,97
544,65	1578,98
544,86	1587,18
545,06	1570,79
545,27	1452,01
545,48	1519,59
545,68	1603,56
545,89	1466,35
546,09	1509,35
546,30	1585,13
546,51	1548,26
546,71	1476,59
546,92	1544,17
547,12	1458,15
547,33	1474,54
547,53	1499,11
547,74	1529,83
547,95	1427,43
548,15	1497,07
548,36	1505,26
548,56	1533,93
548,77	1531,88
548,97	1597,42
549,18	1507,30
549,39	1415,15
549,59	1472,49
549,80	1603,56
550,00	1396,71
550,21	1531,88
550,41	1521,64
550,62	1517,54
550,82	1447,91
551,03	1357,80
551,23	1488,87
551,44	1519,59
551,65	1513,45
551,85	1605,61
552,06	1484,78
552,26	1562,60
552,47	1476,59
552,67	1431,53
552,88	1482,73
553,08	1519,59
553,29	1492,97
553,49	1499,11
553,70	1572,84
553,90	1558,50
554,11	1402,86
554,32	1468,39
554,52	1552,36
554,73	1423,34
554,93	1417,19
555,14	1468,39
555,34	1529,83
555,55	1660,90
555,75	1447,91
555,96	1570,79
556,16	1519,59
556,37	1562,60
556,57	1437,67
556,78	1462,25
556,98	1542,12
557,19	1454,06
557,39	1538,02
557,60	1558,50
557,80	1456,11
558,01	1513,45
558,21	1490,92
558,42	1572,84
558,62	1650,66
558,83	1562,60
559,03	1515,50
559,24	1507,30
559,44	1507,30
559,65	1583,08
559,85	1558,50
560,06	1501,16
560,26	1484,78
560,47	1542,12
560,67	1595,37
560,88	1513,45
561,08	1593,32
561,29	1693,67
561,49	1578,98
561,70	1542,12
561,90	1511,40
562,10	1515,50
562,31	1538,02
562,51	1482,73
562,72	1480,68
562,92	1490,92
563,13	1548,26
563,33	1499,11
563,54	1507,30
563,74	1550,31
563,95	1497,07
564,15	1572,84
564,36	1556,46
564,56	1538,02
564,76	1521,64
564,97	1464,30
565,17	1570,79
565,38	1601,51
565,58	1523,69
565,79	1515,50
565,99	1474,54
566,20	1517,54
566,40	1529,83
566,60	1597,42
566,81	1585,13
567,01	1617,90
567,22	1515,50
567,42	1578,98
567,63	1497,07
567,83	1636,33
568,04	1607,66
568,24	1593,32
568,44	1574,89
568,65	1597,42
568,85	1544,17
569,06	1544,17
569,26	1552,36
569,47	1531,88
569,67	1521,64
569,87	1527,78
570,08	1548,26
570,28	1566,70
570,49	1558,50
570,69	1562,60
570,89	1609,70
571,10	1585,13
571,30	1548,26
571,51	1507,30
571,71	1597,42
571,91	1593,32
572,12	1554,41
572,32	1499,11
572,53	1529,83
572,73	1609,70
572,93	1572,84
573,14	1550,31
573,34	1576,94
573,55	1564,65
573,75	1470,44
573,95	1515,50
574,16	1572,84
574,36	1546,22
574,57	1554,41
574,77	1558,50
574,97	1603,56
575,18	1542,12
575,38	1466,35
575,59	1632,23
575,79	1570,79
575,99	1509,35
576,20	1546,22
576,40	1591,27
576,60	1601,51
576,81	1578,98
577,01	1560,55
577,22	1533,93
577,42	1581,03
577,62	1587,18
577,83	1597,42
578,03	1603,56
578,23	1570,79
578,44	1521,64
578,64	1558,50
578,84	1585,13
579,05	1513,45
579,25	1615,85
579,45	1548,26
579,66	1529,83
579,86	1542,12
580,07	1583,08
580,27	1611,75
580,47	1533,93
580,68	1523,69
580,88	1572,84
581,08	1562,60
581,29	1578,98
581,49	1597,42
581,69	1621,99
581,90	1533,93
582,10	1597,42
582,30	1607,66
582,51	1527,78
582,71	1597,42
582,91	1511,40
583,12	1460,20
583,32	1609,70
583,52	1591,27
583,73	1597,42
583,93	1523,69
584,13	1634,28
584,34	1597,42
584,54	1535,98
584,74	1540,07
584,94	1523,69
585,15	1644,52
585,35	1585,13
585,55	1570,79
585,76	1548,26
585,96	1527,78
586,16	1601,51
586,37	1517,54
586,57	1523,69
586,77	1529,83
586,98	1572,84
587,18	1566,70
587,38	1712,10
587,58	1560,55
587,79	1540,07
587,99	1630,18
588,19	1519,59
588,40	1503,21
588,60	1613,80
588,80	1488,87
589,00	1640,42
589,21	1542,12
589,41	1535,98
589,61	1564,65
589,82	1560,55
590,02	1495,02
590,22	1603,56
590,42	1654,76
590,63	1593,32
590,83	1572,84
591,03	1630,18
591,23	1556,46
591,44	1607,66
591,64	1644,52
591,84	1605,61
592,05	1503,21
592,25	1581,03
592,45	1556,46
592,65	1583,08
592,86	1570,79
593,06	1572,84
593,26	1439,72
593,46	1562,60
593,67	1562,60
593,87	1558,50
594,07	1574,89
594,27	1568,74
594,48	1658,85
594,68	1544,17
594,88	1513,45
595,08	1675,24
595,29	1552,36
595,49	1669,09
595,69	1621,99
595,89	1607,66
596,10	1628,14
596,30	1615,85
596,50	1558,50
596,70	1603,56
596,90	1570,79
597,11	1540,07
597,31	1581,03
597,51	1525,74
597,71	1619,94
597,92	1634,28
598,12	1628,14
598,32	1695,72
598,52	1613,80
598,72	1556,46
598,93	1624,04
599,13	1611,75
599,33	1640,42
599,53	1630,18
599,74	1578,98
599,94	1564,65
600,14	1617,90
600,34	1581,03
600,54	1724,39
600,75	1638,38
600,95	1599,46
601,15	1564,65
601,35	1507,30
601,55	1533,93
601,76	1509,35
601,96	1673,19
602,16	1550,31
602,36	1621,99
602,56	1552,36
602,76	1558,50
602,97	1517,54
603,17	1644,52
603,37	1644,52
603,57	1630,18
603,77	1544,17
603,98	1583,08
604,18	1597,42
604,38	1519,59
604,58	1480,68
604,78	1587,18
604,98	1619,94
605,19	1669,09
605,39	1595,37
605,59	1583,08
605,79	1605,61
605,99	1482,73
606,19	1542,12
606,40	1652,71
606,60	1624,04
606,80	1533,93
607,00	1490,92
607,20	1552,36
607,40	1542,12
607,61	1609,70
607,81	1529,83
608,01	1556,46
608,21	1568,74
608,41	1538,02
608,61	1488,87
608,81	1507,30
609,02	1509,35
609,22	1540,07
609,42	1523,69
609,62	1599,46
609,82	1601,51
610,02	1574,89
610,22	1505,26
610,43	1478,63
610,63	1503,21
610,83	1578,98
611,03	1497,07
611,23	1593,32
611,43	1562,60
611,63	1568,74
611,83	1501,16
612,04	1593,32
612,24	1599,46
612,44	1578,98
612,64	1566,70
612,84	1617,90
613,04	1599,46
613,24	1550,31
613,44	1527,78
613,64	1538,02
613,85	1554,41
614,05	1621,99
614,25	1585,13
614,45	1495,02
614,65	1538,02
614,85	1572,84
615,05	1517,54
615,25	1658,85
615,45	1540,07
615,65	1617,90
615,86	1640,42
616,06	1642,47
616,26	1572,84
616,46	1642,47
616,66	1554,41
616,86	1648,61
617,06	1572,84
617,26	1634,28
617,46	1665,00
617,66	1636,33
617,86	1628,14
618,07	1652,71
618,27	1646,57
618,47	1624,04
618,67	1656,81
618,87	1626,09
619,07	1708,01
619,27	1644,52
619,47	1634,28
619,67	1683,43
619,87	1585,13
620,07	1746,92
620,27	1744,87
620,47	1746,92
620,67	1685,48
620,87	1595,37
621,07	1714,15
621,28	1654,76
621,48	1701,86
621,68	1695,72
621,88	1744,87
622,08	1685,48
622,28	1640,42
622,48	1777,64
622,68	1753,06
622,88	1818,60
623,08	1787,88
623,28	1753,06
623,48	1583,08
623,68	1720,29
623,88	1667,05
624,08	1804,26
624,28	1681,38
624,48	1759,21
624,68	1697,77
624,88	1691,62
625,08	1722,34
625,28	1769,44
625,48	1796,07
625,68	1785,83
625,88	1699,81
626,08	1767,40
626,28	1789,92
626,48	1753,06
626,68	1681,38
626,88	1705,96
627,08	1746,92
627,28	1845,22
627,48	1722,34
627,68	1726,44
627,88	1679,33
628,08	1867,75
628,28	1728,49
628,49	1785,83
628,68	1728,49
628,88	1761,25
629,08	1718,25
629,28	1935,33
629,48	1724,39
629,68	1759,21
629,88	1816,55
630,08	1880,04
630,28	1787,88
630,48	1753,06
630,68	1820,64
630,88	1769,44
631,08	1748,97
631,28	1820,64
631,48	1804,26
631,68	1837,03
631,88	1730,53
632,08	1867,75
632,28	1773,54
632,48	1865,70
632,68	1712,10
632,88	1746,92
633,08	1740,77
633,28	1775,59
633,48	1781,73
633,68	1771,49
633,88	1763,30
634,08	1882,08
634,28	1796,07
634,48	1800,16
634,68	1769,44
634,88	1763,30
635,08	1810,40
635,28	1855,46
635,48	1808,36
635,68	1773,54
635,87	1794,02
636,07	1718,25
636,27	1796,07
636,47	1875,94
636,67	1871,84
636,87	1798,12
637,07	1902,56
637,27	1863,65
637,47	1845,22
637,67	1886,18
637,87	1806,31
638,07	1830,88
638,27	1759,21
638,47	1822,69
638,67	1767,40
638,86	1863,65
639,06	1806,31
639,26	1933,28
639,46	1794,02
639,66	1875,94
639,86	1918,95
640,06	1886,18
640,26	1824,74
640,46	1908,71
640,66	1857,51
640,86	1898,47
641,06	1839,08
641,25	1875,94
641,45	1890,28
641,65	1751,01
641,85	1832,93
642,05	1953,76
642,25	1820,64
642,45	1931,23
642,65	1767,40
642,85	1855,46
643,05	1820,64
643,24	1988,58
643,44	1939,43
643,64	1976,29
643,84	1828,84
644,04	1861,60
644,24	1933,28
644,44	1865,70
644,64	1869,80
644,84	1869,80
645,03	2033,63
645,23	1976,29
645,43	1890,28
645,63	1978,34
645,83	1822,69
646,03	1941,47
646,23	1914,85
646,42	1964,00
646,62	1882,08
646,82	1964,00
647,02	1939,43
647,22	1945,57
647,42	1947,62
647,62	1992,67
647,82	1980,39
648,01	2215,90
648,21	1929,19
648,41	2070,50
648,61	2021,35
648,81	2007,01
649,01	1931,23
649,20	1937,38
649,40	1976,29
649,60	1980,39
649,80	1966,05
650,00	2027,49
650,20	2058,21
650,40	2041,82
650,59	2002,91
650,79	1990,63
650,99	1953,76
651,19	2029,54
651,39	1947,62
651,58	1982,43
651,78	2105,31
651,98	1998,82
652,18	1925,09
652,38	2041,82
652,58	2050,02
652,77	2035,68
652,97	2078,69
653,17	1964,00
653,37	1988,58
653,57	1968,10
653,77	2017,25
653,96	2080,74
654,16	1931,23
654,36	2013,15
654,56	2072,54
654,76	2047,97
654,95	1916,90
655,15	2054,11
655,35	2015,20
655,55	2000,87
655,75	2009,06
655,94	2080,74
656,14	2029,54
656,34	2101,22
656,54	1994,72
656,73	2080,74
656,93	2060,26
657,13	2127,84
657,33	2058,21
657,53	1966,05
657,72	2090,98
657,92	2090,98
658,12	2072,54
658,32	2041,82
658,52	2002,91
658,71	2101,22
658,91	2164,70
659,11	2207,71
659,31	2154,46
659,50	2201,57
659,70	2160,61
659,90	2258,91
660,10	2117,60
660,29	2205,66
660,49	2191,33
660,69	2318,30
660,89	2148,32
661,08	2338,78
661,28	2197,47
661,48	2140,13
661,68	2156,51
661,87	2230,24
662,07	2082,78
662,27	2199,52
662,47	2197,47
662,66	2199,52
662,86	2275,29
663,06	2209,76
663,26	2236,38
663,45	2260,96
663,65	2320,35
663,85	2279,39
664,05	2275,29
664,24	2316,25
664,44	2299,87
664,64	2299,87
664,84	2353,12
665,03	2340,83
665,23	2287,58
665,43	2283,49
665,62	2248,67
665,82	2267,10
666,02	2418,65
666,22	2361,31
666,41	2236,38
666,61	2402,27
666,81	2267,10
667,00	2197,47
667,20	2306,01
667,40	2316,25
667,60	2297,82
667,79	2326,49
667,99	2299,87
668,19	2273,25
668,38	2265,05
668,58	2113,50
668,78	2279,39
668,97	2123,74
669,17	2189,28
669,37	2088,93
669,57	2140,13
669,76	2136,03
669,96	2164,70
670,16	1933,28
670,35	2113,50
670,55	2011,11
670,75	1980,39
670,94	2021,35
671,14	2000,87
671,34	1998,82
671,53	1976,29
671,73	1941,47
671,93	1935,33
672,12	1853,41
672,32	2099,17
672,52	1877,99
672,71	1904,61
672,91	1837,03
673,11	1902,56
673,30	1802,21
673,50	1925,09
673,70	1775,59
673,89	1746,92
674,09	1779,68
674,29	1789,92
674,48	1865,70
674,68	1863,65
674,88	1730,53
675,07	1783,78
675,27	1783,78
675,46	1773,54
675,66	1765,35
675,86	1757,16
676,05	1783,78
676,25	1734,63
676,45	1826,79
676,64	1806,31
676,84	1834,98
677,04	1804,26
677,23	1849,32
677,43	1714,15
677,62	1783,78
677,82	1933,28
678,02	1781,73
678,21	1714,15
678,41	1779,68
678,61	1820,64
678,80	1882,08
679,00	1826,79
679,19	1845,22
679,39	1943,52
679,59	1765,35
679,78	1824,74
679,98	1761,25
680,17	1898,47
680,37	1703,91
680,57	1769,44
680,76	1884,13
680,96	1845,22
681,16	1730,53
681,35	1857,51
681,55	1728,49
681,74	1773,54
681,94	1787,88
682,13	1923,04
682,33	1873,89
682,53	1845,22
682,72	1837,03
682,92	1910,75
683,11	1937,38
683,31	2045,92
683,51	1820,64
683,70	1996,77
683,90	1890,28
684,09	2037,73
684,29	1937,38
684,48	1943,52
684,68	1882,08
684,88	2015,20
685,07	1957,86
685,27	1964,00
685,46	1906,66
685,66	2131,94
685,85	2043,87
686,05	2244,57
686,25	2007,01
686,44	2115,55
686,64	2101,22
686,83	2115,55
687,03	2158,56
687,22	2211,81
687,42	2027,49
687,61	2322,40
687,81	2150,37
688,01	2260,96
688,20	2033,63
688,40	2211,81
688,59	2078,69
688,79	2316,25
688,98	2158,56
689,18	2170,85
689,37	2187,23
689,57	2328,54
689,76	2234,33
689,96	2459,61
690,15	2207,71
690,35	2473,95
690,54	2312,16
690,74	2473,95
690,94	2402,27
691,13	2551,77
691,33	2527,19
691,52	2621,40
691,72	2568,15
691,91	2590,68
692,11	2555,86
692,30	2514,91
692,50	2443,23
692,69	2596,82
692,89	2553,82
693,08	2643,93
693,28	2611,16
693,47	2584,54
693,67	2701,27
693,86	2711,51
694,06	2519,00
694,25	2717,65
694,45	2451,42
694,64	2654,17
694,84	2428,89
695,03	2785,24
695,23	2566,10
695,42	2648,02
695,62	2375,64
695,81	2594,78
696,01	2422,75
696,20	2475,99
696,40	2371,55
696,59	2435,03
696,78	2332,64
696,98	2383,84
697,17	2176,99
697,37	2330,59
697,56	2205,66
697,76	2224,09
697,95	2117,60
698,15	2256,86
698,34	2107,36
698,54	2136,03
698,73	1980,39
698,93	1990,63
699,12	1888,23
699,32	2041,82
699,51	1810,40
699,70	1791,97
699,90	1884,13
700,09	1961,95
700,29	1681,38
700,48	1644,52
700,68	1722,34
700,87	1716,20
701,07	1748,97
701,26	1730,53
701,45	1652,71
701,65	1617,90
701,84	1546,22
702,04	1544,17
702,23	1511,40
702,43	1615,85
702,62	1558,50
702,81	1591,27
703,01	1548,26
703,20	1568,74
703,40	1533,93
703,59	1562,60
703,79	1521,64
703,98	1480,68
704,17	1535,98
704,37	1513,45
704,56	1507,30
704,76	1492,97
704,95	1480,68
705,14	1517,54
705,34	1435,63
705,53	1449,96
705,73	1349,61
705,92	1445,87
706,11	1423,34
706,31	1441,77
706,50	1441,77
706,70	1478,63
706,89	1501,16
707,08	1435,63
707,28	1511,40
707,47	1406,95
707,67	1435,63
707,86	1421,29
708,05	1492,97
708,25	1339,37
708,44	1449,96
708,64	1456,11
708,83	1464,30
709,02	1400,81
709,22	1480,68
709,41	1447,91
709,60	1523,69
709,80	1372,14
709,99	1406,95
710,19	1425,39
710,38	1419,24
710,57	1423,34
710,77	1419,24
710,96	1472,49
711,15	1415,15
711,35	1320,94
711,54	1464,30
711,73	1400,81
711,93	1406,95
712,12	1427,43
712,31	1488,87
712,51	1447,91
712,70	1413,10
712,89	1372,14
713,09	1495,02
713,28	1374,19
713,48	1361,90
713,67	1431,53
713,86	1421,29
714,06	1392,62
714,25	1413,10
714,44	1396,71
714,64	1429,48
714,83	1335,28
715,02	1386,47
715,22	1503,21
715,41	1378,28
715,60	1366,00
715,79	1413,10
715,99	1392,62
716,18	1419,24
716,37	1325,04
716,57	1349,61
716,76	1482,73
716,95	1427,43
717,15	1417,19
717,34	1353,71
717,53	1449,96
717,73	1425,39
717,92	1357,80
718,11	1501,16
718,31	1423,34
718,50	1499,11
718,69	1376,24
718,88	1452,01
719,08	1452,01
719,27	1386,47
719,46	1478,63
719,66	1437,67
719,85	1363,95
720,04	1474,54
720,23	1394,67
720,43	1370,09
720,62	1417,19
720,81	1312,75
721,01	1458,15
721,20	1554,41
721,39	1411,05
721,58	1390,57
721,78	1495,02
721,97	1413,10
722,16	1400,81
722,35	1411,05
722,55	1409,00
722,74	1452,01
722,93	1374,19
723,13	1378,28
723,32	1370,09
723,51	1302,51
723,70	1386,47
723,90	1341,42
724,09	1392,62
724,28	1417,19
724,47	1454,06
724,67	1411,05
724,86	1423,34
725,05	1437,67
725,24	1437,67
725,44	1349,61
725,63	1345,52
725,82	1382,38
726,01	1427,43
726,21	1363,95
726,40	1363,95
726,59	1413,10
726,78	1357,80
726,97	1413,10
727,17	1460,20
727,36	1505,26
727,55	1419,24
727,74	1392,62
727,94	1357,80
728,13	1431,53
728,32	1382,38
728,51	1511,40
728,70	1372,14
728,90	1314,80
729,09	1435,63
729,28	1421,29
729,47	1425,39
729,66	1347,56
729,86	1511,40
730,05	1390,57
730,24	1366,00
730,43	1466,35
730,63	1409,00
730,82	1427,43
731,01	1355,76
731,20	1425,39
731,39	1394,67
731,58	1304,56
731,78	1431,53
731,97	1325,04
732,16	1433,58
732,35	1417,19
732,54	1368,04
732,74	1535,98
732,93	1380,33
733,12	1386,47
733,31	1452,01
733,50	1413,10
733,69	1419,24
733,89	1439,72
734,08	1429,48
734,27	1413,10
734,46	1454,06
734,65	1382,38
734,84	1339,37
735,04	1376,24
735,23	1456,11
735,42	1398,76
735,61	1456,11
735,80	1452,01
735,99	1341,42
736,19	1325,04
736,38	1409,00
736,57	1392,62
736,76	1300,46
736,95	1417,19
737,14	1320,94
737,33	1361,90
737,53	1417,19
737,72	1308,65
737,91	1380,33
738,10	1476,59
738,29	1378,28
738,48	1316,84
738,67	1392,62
738,87	1445,87
739,06	1312,75
739,25	1431,53
739,44	1478,63
739,63	1495,02
739,82	1449,96
740,01	1437,67
740,20	1320,94
740,40	1415,15
740,59	1370,09
740,78	1327,08
740,97	1419,24
741,16	1394,67
741,35	1509,35
741,54	1470,44
741,73	1431,53
741,92	1351,66
742,12	1339,37
742,31	1392,62
742,50	1458,15
742,69	1406,95
742,88	1384,43
743,07	1349,61
743,26	1392,62
743,45	1456,11
743,64	1378,28
743,83	1357,80
744,02	1359,85
744,22	1419,24
744,41	1437,67
744,60	1429,48
744,79	1411,05
744,98	1398,76
745,17	1370,09
745,36	1400,81
745,55	1507,30
745,74	1316,84
745,93	1417,19
746,12	1445,87
746,31	1343,47
746,50	1423,34
746,70	1265,64
746,89	1488,87
747,08	1386,47
747,27	1437,67
747,46	1376,24
747,65	1454,06
747,84	1523,69
748,03	1347,56
748,22	1368,04
748,41	1415,15
748,60	1425,39
748,79	1402,86
748,98	1406,95
749,17	1425,39
749,36	1425,39
749,55	1394,67
749,74	1456,11
749,93	1480,68
750,12	1388,52
750,31	1456,11
750,50	1499,11
750,70	1499,11
750,89	1488,87
751,08	1505,26
751,27	1370,09
751,46	1398,76
751,65	1433,58
751,84	1419,24
752,03	1265,64
752,22	1425,39
752,41	1458,15
752,60	1406,95
752,79	1452,01
752,98	1417,19
753,17	1318,89
753,36	1409,00
753,55	1435,63
753,74	1404,91
753,93	1507,30
754,12	1454,06
754,31	1484,78
754,50	1490,92
754,69	1390,57
754,88	1456,11
755,07	1337,32
755,26	1308,65
755,45	1396,71
755,64	1368,04
755,83	1396,71
756,02	1368,04
756,21	1447,91
756,40	1439,72
756,59	1384,43
756,78	1464,30
756,97	1482,73
757,16	1296,36
757,35	1429,48
757,54	1355,76
757,72	1394,67
757,91	1423,34
758,10	1454,06
758,29	1357,80
758,48	1468,39
758,67	1337,32
758,86	1382,38
759,05	1456,11
759,24	1480,68
759,43	1374,19
759,62	1388,52
759,81	1439,72
760,00	1409,00
760,19	1445,87
760,38	1441,77
760,57	1378,28
760,76	1433,58
760,95	1449,96
761,14	1372,14
761,33	1423,34
761,52	1497,07
761,70	1439,72
761,89	1347,56
762,08	1445,87
762,27	1392,62
762,46	1419,24
762,65	1374,19
762,84	1449,96
763,03	1435,63
763,22	1320,94
763,41	1435,63
763,60	1409,00
763,79	1406,95
763,98	1400,81
764,16	1468,39
764,35	1402,86
764,54	1474,54
764,73	1470,44
764,92	1402,86
765,11	1523,69
765,30	1478,63
765,49	1374,19
765,68	1447,91
765,87	1421,29
766,06	1394,67
766,24	1449,96
766,43	1423,34
766,62	1421,29
766,81	1386,47
767,00	1452,01
767,19	1470,44
767,38	1535,98
767,57	1382,38
767,76	1425,39
767,94	1452,01
768,13	1386,47
768,32	1447,91
768,51	1497,07
768,70	1460,20
768,89	1462,25
769,08	1406,95
769,27	1404,91
769,45	1363,95
769,64	1544,17
769,83	1355,76
770,02	1345,52
770,21	1470,44
770,40	1486,83
770,59	1353,71
770,77	1359,85
770,96	1445,87
771,15	1468,39
771,34	1468,39
771,53	1523,69
771,72	1482,73
771,91	1376,24
772,09	1419,24
772,28	1447,91
772,47	1443,82
772,66	1505,26
772,85	1376,24
773,04	1439,72
773,22	1454,06
773,41	1409,00
773,60	1390,57
773,79	1431,53
773,98	1513,45
774,17	1398,76
774,35	1333,23
774,54	1386,47
774,73	1388,52
774,92	1406,95
775,11	1495,02
775,30	1417,19
775,48	1372,14
775,67	1466,35
775,86	1456,11
776,05	1454,06
776,24	1441,77
776,42	1411,05
776,61	1423,34
776,80	1390,57
776,99	1482,73
777,18	1499,11
777,36	1449,96
777,55	1472,49
777,74	1482,73
777,93	1490,92
778,12	1370,09
778,30	1517,54
778,49	1462,25
778,68	1445,87
778,87	1482,73
779,06	1425,39
779,24	1476,59
779,43	1535,98
779,62	1486,83
779,81	1429,48
779,99	1460,20
780,18	1413,10
780,37	1509,35
780,56	1439,72
780,75	1443,82
780,93	1533,93
781,12	1439,72
781,31	1402,86
781,50	1423,34
781,68	1411,05
781,87	1423,34
782,06	1476,59
782,25	1531,88
782,43	1482,73
782,62	1484,78
782,81	1396,71
783,00	1423,34
783,18	1374,19
783,37	1427,43
783,56	1492,97
783,75	1492,97
783,93	1433,58
784,12	1486,83
784,31	1460,20
784,50	1484,78
784,68	1427,43
784,87	1495,02
785,06	1443,82
785,24	1437,67
785,43	1382,38
785,62	1427,43
785,81	1411,05
785,99	1470,44
786,18	1402,86
786,37	1454,06
786,56	1368,04
786,74	1406,95
786,93	1400,81
787,12	1431,53
787,30	1415,15
787,49	1456,11
787,68	1435,63
787,87	1361,90
788,05	1400,81
788,24	1437,67
788,43	1419,24
788,61	1527,78
788,80	1501,16
788,99	1417,19
789,17	1466,35
789,36	1437,67
789,55	1447,91
789,73	1454,06
789,92	1413,10
790,11	1417,19
790,30	1447,91
790,48	1394,67
790,67	1400,81
790,86	1490,92
791,04	1460,20
791,23	1466,35
791,42	1460,20
791,60	1441,77
791,79	1480,68
791,98	1277,93
792,16	1523,69
792,35	1425,39
792,54	1312,75
792,72	1445,87
792,91	1431,53
793,10	1427,43
793,28	1302,51
793,47	1519,59
793,66	1413,10
793,84	1292,27
794,03	1382,38
794,22	1409,00
794,40	1388,52
794,59	1409,00
794,77	1292,27
794,96	1394,67
795,15	1517,54
795,33	1345,52
795,52	1460,20
795,71	1372,14
795,89	1419,24
796,08	1501,16
796,27	1484,78
796,45	1355,76
796,64	1415,15
796,82	1398,76
797,01	1443,82
797,20	1409,00
797,38	1386,47
797,57	1400,81
797,76	1437,67
797,94	1421,29
798,13	1445,87
798,31	1351,66
798,50	1415,15
798,69	1447,91
798,87	1341,42
799,06	1353,71
799,24	1427,43
799,43	1490,92
799,62	1380,33
799,80	1382,38
799,99	1538,02
800,17	1464,30
800,36	1390,57
800,55	1406,95
800,73	1452,01
800,92	1370,09
801,10	1357,80
801,29	1431,53
801,48	1419,24
801,66	1370,09
801,85	1415,15
802,03	1495,02
802,22	1441,77
802,40	1470,44
802,59	1390,57
802,78	1327,08
802,96	1499,11
803,15	1427,43
803,33	1366,00
803,52	1404,91
803,70	1384,43
803,89	1458,15
804,08	1396,71
804,26	1437,67
804,45	1359,85
804,63	1419,24
804,82	1392,62
805,00	1382,38
805,19	1437,67
805,37	1468,39
805,56	1439,72
805,74	1349,61
805,93	1425,39
806,12	1419,24
806,30	1411,05
806,49	1431,53
806,67	1437,67
806,86	1366,00
807,04	1423,34
807,23	1386,47
807,41	1341,42
807,60	1376,24
807,78	1417,19
807,97	1738,73
808,15	1351,66
808,34	1347,56
808,52	1376,24
808,71	1396,71
808,89	1417,19
809,08	1413,10
809,27	1431,53
809,45	1398,76
809,64	1384,43
809,82	1449,96
810,01	1400,81
810,19	1429,48
810,38	1390,57
810,56	1361,90
810,75	1437,67
810,93	1376,24
811,12	1382,38
811,30	1417,19
811,49	1349,61
811,67	1370,09
811,85	1382,38
812,04	1378,28
812,22	1394,67
812,41	1388,52
812,59	1382,38
812,78	1300,46
812,96	1478,63
813,15	1419,24
813,33	1378,28
813,52	1376,24
813,70	1490,92
813,89	1423,34
814,07	1458,15
814,26	1443,82
814,44	1329,13
814,63	1398,76
814,81	1429,48
815,00	1390,57
815,18	1413,10
815,36	1429,48
815,55	1409,00
815,73	1351,66
815,92	1435,63
816,10	1515,50
816,29	1421,29
816,47	1429,48
816,66	1370,09
816,84	1419,24
817,02	1366,00
817,21	1415,15
817,39	1402,86
817,58	1406,95
817,76	1468,39
817,95	1429,48
818,13	1419,24
818,32	1376,24
818,50	1460,20
818,68	1415,15
818,87	1400,81
819,05	1341,42
819,24	1392,62
819,42	1398,76
819,60	1429,48
819,79	1447,91
819,97	1447,91
820,16	1431,53
820,34	1476,59
820,53	1372,14
820,71	1413,10
820,89	1525,74
821,08	1476,59
821,26	1337,32
821,45	1363,95
821,63	1325,04
821,81	1439,72
822,00	1417,19
822,18	1445,87
822,37	1396,71
822,55	1406,95
822,73	1398,76
822,92	1495,02
823,10	1378,28
823,28	1429,48
823,47	1427,43
823,65	1400,81
823,84	1419,24
824,02	1343,47
824,20	1339,37
824,39	1435,63
824,57	1503,21
824,75	1466,35
824,94	1445,87
825,12	1523,69
825,31	1382,38
825,49	1398,76
825,67	1380,33
825,86	1345,52
826,04	1417,19
826,22	1480,68
826,41	1431,53
826,59	1427,43
826,77	1411,05
826,96	1431,53
827,14	1378,28
827,32	1384,43
827,51	1390,57
827,69	1517,54
827,87	1413,10
828,06	1421,29
828,24	1411,05
828,42	1366,00
828,61	1466,35
828,79	1417,19
828,97	1411,05
829,16	1495,02
829,34	1374,19
829,52	1398,76
829,71	1519,59
829,89	1478,63
830,07	1419,24
830,26	1456,11
830,44	1386,47
830,62	1492,97
830,81	1413,10
830,99	1478,63
831,17	1392,62
831,36	1390,57
831,54	1392,62
831,72	1445,87
831,91	1368,04
832,09	1376,24
832,27	1445,87
832,45	1468,39
832,64	1419,24
832,82	1437,67
833,00	1325,04
833,19	1382,38
833,37	1406,95
833,55	1411,05
833,73	1353,71
833,92	1443,82
834,10	1425,39
834,28	1363,95
834,47	1466,35
834,65	1429,48
834,83	1419,24
835,01	1429,48
835,20	1411,05
835,38	1404,91
835,56	1411,05
835,74	1445,87
835,93	1468,39
836,11	1482,73
836,29	1433,58
836,47	1443,82
836,66	1374,19
836,84	1456,11
837,02	1374,19
837,21	1482,73
837,39	1423,34
837,57	1425,39
837,75	1486,83
837,94	1435,63
838,12	1376,24
838,30	1333,23
838,48	1402,86
838,66	1363,95
838,85	1452,01
839,03	1501,16
839,21	1468,39
839,39	1394,67
839,58	1390,57
839,76	1439,72
839,94	1437,67
840,12	1445,87
840,31	1378,28
840,49	1466,35
840,67	1390,57
840,85	1415,15
841,03	1388,52
841,22	1394,67
841,40	1400,81
841,58	1495,02
841,76	1325,04
841,94	1419,24
842,13	1480,68
842,31	1462,25
842,49	1476,59
842,67	1351,66
842,85	1454,06
843,04	1470,44
843,22	1390,57
843,40	1396,71
843,58	1443,82
843,76	1390,57
843,95	1411,05
844,13	1400,81
844,31	1396,71
844,49	1388,52
844,67	1431,53
844,86	1439,72
845,04	1476,59
845,22	1382,38
845,40	1337,32
845,58	1466,35
845,76	1488,87
845,95	1519,59
846,13	1460,20
846,31	1486,83
846,49	1458,15
846,67	1478,63
846,85	1415,15
847,04	1400,81
847,22	1361,90
847,40	1439,72
847,58	1443,82
847,76	1482,73
847,94	1406,95
848,12	1431,53
848,31	1433,58
848,49	1366,00
848,67	1343,47
848,85	1454,06
849,03	1425,39
849,21	1482,73
849,39	1404,91
849,58	1406,95
849,76	1423,34
849,94	1435,63
850,12	1419,24
850,30	1480,68
850,48	1433,58
850,66	1431,53
850,84	1486,83
851,03	1484,78
851,21	1411,05
851,39	1478,63
851,57	1458,15
851,75	1382,38
851,93	1423,34
852,11	1449,96
852,29	1525,74
852,47	1374,19
852,66	1470,44
852,84	1398,76
853,02	1431,53
853,20	1503,21
853,38	1409,00
853,56	1480,68
853,74	1476,59
853,92	1343,47
854,10	1406,95
854,28	1398,76
854,46	1351,66
854,65	1435,63
854,83	1433,58
855,01	1425,39
855,19	1458,15
855,37	1415,15
855,55	1443,82
855,73	1550,31
855,91	1470,44
856,09	1456,11
856,27	1531,88
856,45	1435,63
856,63	1351,66
856,81	1382,38
857,00	1400,81
857,18	1400,81
857,36	1419,24
857,54	1466,35
857,72	1495,02
857,90	1460,20
858,08	1458,15
858,26	1425,39
858,44	1474,54
858,62	1454,06
858,80	1427,43
858,98	1433,58
859,16	1372,14
859,34	1417,19
859,52	1374,19
859,70	1531,88
859,88	1413,10
860,06	1458,15
860,24	1394,67
860,42	1427,43
860,60	1525,74
860,78	1458,15
860,96	1427,43
861,14	1433,58
861,32	1415,15
861,50	1460,20
861,69	1423,34
861,87	1435,63
862,05	1411,05
862,23	1443,82
862,41	1429,48
862,59	1406,95
862,77	1480,68
862,95	1517,54
863,13	1454,06
863,31	1374,19
863,49	1413,10
863,67	1413,10
863,85	1366,00
864,03	1437,67
864,21	1429,48
864,39	1478,63
864,57	1538,02
864,75	1439,72
864,92	1513,45
865,10	1439,72
865,28	1355,76
865,46	1411,05
865,64	1390,57
865,82	1458,15
866,00	1470,44
866,18	1396,71
866,36	1386,47
866,54	1456,11
866,72	1378,28
866,90	1429,48
867,08	1423,34
867,26	1370,09
867,44	1449,96
867,62	1480,68
867,80	1384,43
867,98	1474,54
868,16	1554,41
868,34	1480,68
868,52	1394,67
868,70	1431,53
868,88	1406,95
869,06	1413,10
869,24	1517,54
869,42	1368,04
869,59	1441,77
869,77	1415,15
869,95	1384,43
870,13	1456,11
870,31	1419,24
870,49	1423,34
870,67	1400,81
870,85	1394,67
871,03	1472,49
871,21	1544,17
871,39	1456,11
871,57	1413,10
871,75	1468,39
871,92	1464,30
872,10	1466,35
872,28	1318,89
872,46	1404,91
872,64	1370,09
872,82	1419,24
873,00	1404,91
873,18	1415,15
873,36	1437,67
873,54	1380,33
873,72	1413,10
873,89	1468,39
874,07	1437,67
874,25	1583,08
874,43	1456,11
874,61	1527,78
874,79	1347,56
874,97	1404,91
875,15	1480,68
875,33	1419,24
875,50	1411,05
875,68	1425,39
875,86	1497,07
876,04	1474,54
876,22	1382,38
876,40	1456,11
876,58	1468,39
876,76	1402,86
876,93	1476,59
877,11	1431,53
877,29	1429,48
877,47	1398,76
877,65	1464,30
877,83	1482,73
878,01	1470,44
878,18	1427,43
878,36	1368,04
878,54	1454,06
878,72	1372,14
878,90	1384,43
879,08	1482,73
879,25	1452,01
879,43	1464,30
879,61	1499,11
879,79	1454,06
879,97	1492,97
880,15	1484,78
880,32	1396,71
880,50	1523,69
880,68	1368,04
880,86	1505,26
881,04	1402,86
881,22	1499,11
881,39	1490,92
881,57	1531,88
881,75	1466,35
881,93	1427,43
882,11	1470,44
882,28	1376,24
882,46	1388,52
882,64	1402,86
882,82	1439,72
883,00	1431,53
883,18	1378,28
883,35	1402,86
883,53	1423,34
883,71	1466,35
883,89	1413,10
884,07	1327,08
884,24	1431,53
884,42	1402,86
884,60	1394,67
884,78	1535,98
884,95	1439,72
885,13	1398,76
885,31	1355,76
885,49	1423,34
885,67	1431,53
885,84	1333,23
886,02	1425,39
886,20	1480,68
886,38	1484,78
886,55	1447,91
886,73	1419,24
886,91	1441,77
887,09	1433,58
887,26	1394,67
887,44	1468,39
887,62	1464,30
887,80	1390,57
887,98	1384,43
888,15	1425,39
888,33	1421,29
888,51	1456,11
888,69	1509,35
888,86	1421,29
889,04	1423,34
889,22	1439,72
889,39	1429,48
889,57	1386,47
889,75	1447,91
889,93	1462,25
890,10	1468,39
890,28	1492,97
890,46	1507,30
890,64	1390,57
890,81	1437,67
890,99	1357,80
891,17	1429,48
891,34	1449,96
891,52	1404,91
891,70	1374,19
891,88	1452,01
892,05	1339,37
892,23	1443,82
892,41	1447,91
892,58	1417,19
892,76	1431,53
892,94	1341,42
893,12	1595,37
893,29	1431,53
893,47	1402,86
893,65	1368,04
893,82	1419,24
894,00	1425,39
894,18	1439,72
894,35	1478,63
894,53	1441,77
894,71	1445,87
894,89	1325,04
895,06	1460,20
895,24	1435,63
895,42	1380,33
895,59	1413,10
895,77	1409,00
895,95	1380,33
896,12	1366,00
896,30	1435,63
896,48	1409,00
896,65	1454,06
896,83	1411,05
897,01	1388,52
897,18	1480,68
897,36	1503,21
897,54	1476,59
897,71	1449,96
897,89	1464,30
898,07	1353,71
898,24	1355,76
898,42	1366,00
898,59	1466,35
898,77	1456,11
898,95	1468,39
899,12	1409,00
899,30	1452,01
899,48	1464,30
899,65	1470,44
899,83	1431,53
900,01	1449,96
900,18	1427,43
900,36	1337,32
900,53	1429,48
900,71	1386,47
900,89	1468,39
901,06	1427,43
901,24	1384,43
901,42	1441,77
901,59	1396,71
901,77	1519,59
901,94	1472,49
902,12	1437,67
902,30	1304,56
902,47	1392,62
902,65	1366,00
902,82	1419,24
903,00	1456,11
903,18	1464,30
903,35	1347,56
903,53	1396,71
903,70	1478,63
903,88	1411,05
904,06	1392,62
904,23	1497,07
904,41	1423,34
904,58	1472,49
904,76	1339,37
904,93	1433,58
905,11	1304,56
905,29	1386,47
905,46	1345,52
905,64	1456,11
905,81	1413,10
905,99	1413,10
906,16	1501,16
906,34	1437,67
906,52	1515,50
906,69	1417,19
906,87	1486,83
907,04	1445,87
907,22	1361,90
907,39	1454,06
907,57	1331,18
907,75	1458,15
907,92	1474,54
908,10	1441,77
908,27	1449,96
908,45	1386,47
908,62	1429,48
908,80	1419,24
908,97	1386,47
909,15	1441,77
909,32	1425,39
909,50	1464,30
909,67	1343,47
909,85	1402,86
910,03	1345,52
910,20	1474,54
910,38	1488,87
910,55	1478,63
910,73	1331,18
910,90	1413,10
911,08	1495,02
911,25	1460,20
911,43	1406,95
911,60	1400,81
911,78	1415,15
911,95	1468,39
912,13	1398,76
912,30	1378,28
912,48	1456,11
912,65	1441,77
912,83	1363,95
913,00	1470,44
913,18	1402,86
913,35	1361,90
913,53	1337,32
913,70	1439,72
913,88	1388,52
914,05	1447,91
914,23	1425,39
914,40	1437,67
914,58	1366,00
914,75	1488,87
914,93	1427,43
915,10	1390,57
915,27	1460,20
915,45	1466,35
915,62	1452,01
915,80	1443,82
915,97	1386,47
916,15	1470,44
916,32	1503,21
916,50	1402,86
916,67	1411,05
916,85	1415,15
917,02	1439,72
917,20	1452,01
917,37	1409,00
917,54	1501,16
917,72	1441,77
917,89	1517,54
918,07	1421,29
918,24	1456,11
918,42	1413,10
918,59	1421,29
918,77	1468,39
918,94	1396,71
919,11	1366,00
919,29	1384,43
919,46	1476,59
919,64	1511,40
919,81	1392,62
919,99	1415,15
920,16	1519,59
920,33	1468,39
920,51	1386,47
920,68	1425,39
920,86	1464,30
921,03	1423,34
921,20	1419,24
921,38	1425,39
921,55	1435,63
921,73	1357,80
921,90	1421,29
922,07	1384,43
922,25	1421,29
922,42	1482,73
922,60	1439,72
922,77	1495,02
922,94	1439,72
923,12	1411,05
923,29	1468,39
923,47	1353,71
923,64	1464,30
923,81	1468,39
923,99	1406,95
924,16	1464,30
924,34	1400,81
924,51	1437,67
924,68	1484,78
924,86	1406,95
925,03	1378,28
925,20	1511,40
925,38	1392,62
925,55	1386,47
925,72	1525,74
925,90	1417,19
926,07	1347,56
926,25	1409,00
926,42	1439,72
926,59	1466,35
926,77	1470,44
926,94	1478,63
927,11	1390,57
927,29	1433,58
927,46	1370,09
927,63	1521,64
927,81	1472,49
927,98	1505,26
928,15	1413,10
928,33	1484,78
928,50	1447,91
928,67	1535,98
928,85	1394,67
929,02	1380,33
929,19	1443,82
929,37	1382,38
929,54	1413,10
929,71	1501,16
929,89	1443,82
930,06	1429,48
930,23	1505,26
930,41	1474,54
930,58	1304,56
930,75	1427,43
930,92	1423,34
931,10	1458,15
931,27	1382,38
931,44	1521,64
931,62	1415,15
931,79	1390,57
931,96	1431,53
932,14	1472,49
932,31	1470,44
932,48	1394,67
932,65	1366,00
932,83	1445,87
933,00	1464,30
933,17	1429,48
933,35	1490,92
933,52	1509,35
933,69	1476,59
933,86	1452,01
934,04	1427,43
934,21	1374,19
934,38	1468,39
934,55	1468,39
934,73	1417,19
934,90	1384,43
935,07	1366,00
935,25	1529,83
935,42	1388,52
935,59	1380,33
935,76	1372,14
935,94	1460,20
936,11	1445,87
936,28	1443,82
936,45	1431,53
936,63	1388,52
936,80	1314,80
936,97	1406,95
937,14	1466,35
937,31	1447,91
937,49	1470,44
937,66	1429,48
937,83	1497,07
938,00	1406,95
938,18	1466,35
938,35	1435,63
938,52	1439,72
938,69	1527,78
938,87	1433,58
939,04	1351,66
939,21	1388,52
939,38	1437,67
939,55	1386,47
939,73	1470,44
939,90	1404,91
940,07	1374,19
940,24	1421,29
940,41	1456,11
940,59	1421,29
940,76	1370,09
940,93	1404,91
941,10	1464,30
941,27	1497,07
941,45	1425,39
941,62	1419,24
941,79	1417,19
941,96	1374,19
942,13	1492,97
942,31	1384,43
942,48	1501,16
942,65	1470,44
942,82	1480,68
942,99	1425,39
943,16	1357,80
943,34	1384,43
943,51	1505,26
943,68	1425,39
943,85	1402,86
944,02	1478,63
944,19	1384,43
944,37	1476,59
944,54	1411,05
944,71	1433,58
944,88	1505,26
945,05	1519,59
945,22	1484,78
945,40	1439,72
945,57	1472,49
945,74	1431,53
945,91	1402,86
946,08	1454,06
946,25	1423,34
946,42	1480,68
946,60	1443,82
946,77	1550,31
946,94	1505,26
947,11	1415,15
947,28	1386,47
947,45	1406,95
947,62	1415,15
947,79	1396,71
947,97	1515,50
948,14	1488,87
948,31	1472,49
948,48	1353,71
948,65	1458,15
948,82	1327,08
948,99	1447,91
949,16	1419,24
949,33	1357,80
949,51	1476,59
949,68	1456,11
949,85	1458,15
950,02	1439,72
950,19	1409,00
950,36	1361,90
950,53	1386,47
950,70	1419,24
950,87	1421,29
951,04	1359,85
951,22	1484,78
951,39	1509,35
951,56	1404,91
951,73	1351,66
951,90	1400,81
952,07	1441,77
952,24	1482,73
952,41	1435,63
952,58	1458,15
952,75	1458,15
952,92	1394,67
953,09	1392,62
953,26	1456,11
953,43	1394,67
953,61	1525,74
953,78	1423,34
953,95	1392,62
954,12	1392,62
954,29	1521,64
954,46	1386,47
954,63	1464,30
954,80	1495,02
954,97	1331,18
955,14	1468,39
955,31	1468,39
955,48	1343,47
955,65	1398,76
955,82	1366,00
955,99	1480,68
956,16	1370,09
956,33	1398,76
956,50	1361,90
956,67	1417,19
956,84	1490,92
957,01	1376,24
957,18	1411,05
957,35	1327,08
957,52	1513,45
957,69	1419,24
957,86	1374,19
958,03	1449,96
958,20	1382,38
958,37	1411,05
958,54	1456,11
958,71	1427,43
958,88	1587,18
959,05	1413,10
959,22	1470,44
959,39	1423,34
959,56	1366,00
959,73	1470,44
959,90	1495,02
960,07	1380,33
960,24	1480,68
960,41	1423,34
960,58	1452,01
960,75	1384,43
960,92	1390,57
961,09	1355,76
961,26	1472,49
961,43	1404,91
961,60	1454,06
961,77	1437,67
961,94	1437,67
962,11	1499,11
962,28	1546,22
962,45	1388,52
962,62	1404,91
962,79	1419,24
962,96	1392,62
963,13	1472,49
963,30	1439,72
963,47	1415,15
963,64	1390,57
963,81	1439,72
963,98	1425,39
964,14	1423,34
964,31	1413,10
964,48	1554,41
964,65	1435,63
964,82	1447,91
964,99	1529,83
965,16	1413,10
965,33	1380,33
965,50	1458,15
965,67	1501,16
965,84	1419,24
966,01	1382,38
966,18	1423,34
966,35	1394,67
966,51	1476,59
966,68	1492,97
966,85	1443,82
967,02	1435,63
967,19	1353,71
967,36	1431,53
967,53	1402,86
967,70	1378,28
967,87	1480,68
968,04	1363,95
968,21	1439,72
968,37	1417,19
968,54	1396,71
968,71	1382,38
968,88	1341,42
969,05	1402,86
969,22	1411,05
969,39	1513,45
969,56	1406,95
969,72	1413,10
969,89	1443,82
970,06	1427,43
970,23	1423,34
970,40	1413,10
970,57	1355,76
970,74	1439,72
970,91	1382,38
971,07	1460,20
971,24	1400,81
971,41	1456,11
971,58	1441,77
971,75	1392,62
971,92	1343,47
972,09	1388,52
972,25	1370,09
972,42	1478,63
972,59	1433,58
972,76	1431,53
972,93	1441,77
973,10	1478,63
973,27	1490,92
973,43	1333,23
973,60	1456,11
973,77	1456,11
973,94	1421,29
974,11	1456,11
974,28	1423,34
974,44	1394,67
974,61	1378,28
974,78	1366,00
974,95	1322,99
975,12	1415,15
975,28	1429,48
975,45	1355,76
975,62	1386,47
975,79	1445,87
975,96	1409,00
976,12	1402,86
976,29	1441,77
976,46	1427,43
976,63	1411,05
976,80	1433,58
976,96	1402,86
977,13	1499,11
977,30	1452,01
977,47	1443,82
977,64	1433,58
977,80	1372,14
977,97	1419,24
978,14	1501,16
978,31	1345,52
978,48	1435,63
978,64	1382,38
978,81	1333,23
978,98	1425,39
979,15	1505,26
979,31	1474,54
979,48	1435,63
979,65	1437,67
979,82	1460,20
979,98	1351,66
980,15	1423,34
980,32	1478,63
980,49	1363,95
980,66	1460,20
980,82	1361,90
980,99	1413,10
981,16	1366,00
981,33	1462,25
981,49	1427,43
981,66	1472,49
981,83	1351,66
981,99	1437,67
982,16	1378,28
982,33	1394,67
982,50	1486,83
982,66	1445,87
982,83	1400,81
983,00	1384,43
983,17	1425,39
983,33	1333,23
983,50	1447,91
983,67	1474,54
983,83	1372,14
984,00	1421,29
984,17	1456,11
984,34	1349,61
984,50	1372,14
984,67	1355,76
984,84	1431,53
985,00	1417,19
985,17	1400,81
985,34	1454,06
985,51	1411,05
985,67	1435,63
985,84	1343,47
986,01	1411,05
986,17	1472,49
986,34	1390,57
986,51	1316,84
986,67	1327,08
986,84	1394,67
987,01	1347,56
987,17	1435,63
987,34	1400,81
987,51	1376,24
987,67	1449,96
987,84	1386,47
988,01	1464,30
988,17	1447,91
988,34	1357,80
988,51	1449,96
988,67	1445,87
988,84	1499,11
989,01	1452,01
989,17	1406,95
989,34	1341,42
989,51	1429,48
989,67	1464,30
989,84	1417,19
990,01	1431,53
990,17	1464,30
990,34	1400,81
990,51	1384,43
990,67	1419,24
990,84	1349,61
991,01	1322,99
991,17	1443,82
991,34	1386,47
991,50	1400,81
991,67	1355,76
991,84	1380,33
992,00	1456,11
992,17	1495,02
992,34	1320,94
992,50	1427,43
992,67	1400,81
992,83	1476,59
993,00	1349,61
993,17	1349,61
993,33	1341,42
993,50	1509,35
993,66	1437,67
993,83	1413,10
994,00	1452,01
994,16	1421,29
994,33	1411,05
994,49	1380,33
994,66	1368,04
994,83	1404,91
994,99	1368,04
995,16	1482,73
995,32	1443,82
995,49	1462,25
995,66	1447,91
995,82	1478,63
995,99	1312,75
996,15	1458,15
996,32	1386,47
996,48	1363,95
996,65	1406,95
996,82	1396,71
996,98	1370,09
997,15	1443,82
997,31	1406,95
997,48	1505,26
997,64	1333,23
997,81	1325,04
997,97	1425,39
998,14	1351,66
998,31	1398,76
998,47	1370,09
998,64	1484,78
998,80	1445,87
998,97	1404,91
999,13	1398,76
999,30	1437,67
999,46	1482,73
999,63	1327,08
999,79	1503,21
999,96	1449,96
1000,12	1404,91
1000,29	1376,24
1000,45	1368,04
1000,62	1359,85
1000,79	1497,07
1000,95	1382,38
1001,12	1347,56
1001,28	1433,58
1001,45	1398,76
1001,61	1378,28
1001,78	1443,82
1001,94	1409,00
1002,11	1447,91
1002,27	1415,15
1002,44	1331,18
1002,60	1361,90
1002,77	1392,62
1002,93	1441,77
1003,10	1433,58
1003,26	1425,39
1003,43	1480,68
1003,59	1343,47
1003,76	1419,24
1003,92	1413,10
1004,09	1413,10
1004,25	1398,76
1004,41	1460,20
1004,58	1359,85
1004,74	1466,35
1004,91	1468,39
1005,07	1456,11
1005,24	1486,83
1005,40	1372,14
1005,57	1388,52
1005,73	1398,76
1005,90	1409,00
1006,06	1320,94
1006,23	1480,68
1006,39	1388,52
1006,55	1402,86
1006,72	1370,09
1006,88	1331,18
1007,05	1380,33
1007,21	1501,16
1007,38	1437,67
1007,54	1310,70
1007,71	1419,24
1007,87	1341,42
1008,03	1406,95
1008,20	1478,63
1008,36	1484,78
1008,53	1445,87
1008,69	1331,18
1008,86	1417,19
1009,02	1421,29
1009,18	1398,76
1009,35	1415,15
1009,51	1347,56
1009,68	1312,75
1009,84	1447,91
1010,01	1398,76
1010,17	1351,66
1010,33	1417,19
1010,50	1425,39
1010,66	1472,49
1010,83	1415,15
1010,99	1464,30
1011,15	1411,05
1011,32	1433,58
1011,48	1423,34
1011,65	1452,01
1011,81	1376,24
1011,97	1419,24
1012,14	1511,40
1012,30	1417,19
1012,46	1402,86
1012,63	1368,04
1012,79	1419,24
1012,96	1333,23
1013,12	1351,66
1013,28	1368,04
1013,45	1372,14
1013,61	1333,23
1013,77	1454,06
1013,94	1402,86
1014,10	1339,37
1014,26	1400,81
1014,43	1378,28
1014,59	1312,75
1014,76	1437,67
1014,92	1462,25
1015,08	1353,71
1015,25	1390,57
1015,41	1478,63
1015,57	1415,15
1015,74	1316,84
1015,90	1355,76
1016,06	1402,86
1016,23	1386,47
1016,39	1368,04
1016,55	1443,82
1016,72	1372,14
1016,88	1466,35
1017,04	1316,84
1017,21	1394,67
1017,37	1337,32
1017,53	1423,34
1017,70	1404,91
1017,86	1413,10
1018,02	1404,91
1018,19	1445,87
1018,35	1357,80
1018,51	1419,24
1018,67	1390,57
1018,84	1415,15
1019,00	1355,76
1019,16	1460,20
1019,33	1421,29
1019,49	1406,95
1019,65	1404,91
1019,82	1402,86
1019,98	1472,49
1020,14	1363,95
1020,30	1480,68
1020,47	1372,14
1020,63	1509,35
1020,79	1445,87
1020,96	1404,91
1021,12	1357,80
1021,28	1429,48
1021,44	1413,10
1021,61	1396,71
1021,77	1327,08
1021,93	1355,76
1022,09	1388,52
1022,26	1396,71
1022,42	1376,24
1022,58	1415,15
1022,74	1415,15
1022,91	1396,71
1023,07	1472,49
1023,23	1374,19
1023,39	1462,25
1023,56	1355,76
1023,72	1480,68
1023,88	1368,04
1024,04	1421,29
1024,21	1464,30
1024,37	1417,19
1024,53	1425,39
1024,69	1425,39
1024,86	1441,77
1025,02	1394,67
1025,18	1435,63
1025,34	1392,62
1025,50	1398,76
1025,67	1388,52
1025,83	1421,29
1025,99	1376,24
1026,15	1378,28
1026,32	1335,28
1026,48	1388,52
1026,64	1429,48
1026,80	1513,45
1026,96	1460,20
1027,13	1480,68
1027,29	1368,04
1027,45	1421,29
1027,61	1322,99
1027,77	1341,42
1027,94	1437,67
1028,10	1372,14
1028,26	1257,45
1028,42	1388,52
1028,58	1419,24
1028,75	1318,89
1028,91	1415,15
1029,07	1404,91
1029,23	1429,48
1029,39	1425,39
1029,55	1380,33
1029,72	1378,28
1029,88	1519,59
1030,04	1396,71
1030,20	1390,57
1030,36	1343,47
1030,52	1507,30
1030,69	1427,43
1030,85	1411,05
1031,01	1476,59
1031,17	1343,47
1031,33	1398,76
1031,49	1478,63
1031,65	1388,52
1031,82	1347,56
1031,98	1386,47
1032,14	1501,16
1032,30	1419,24
1032,46	1409,00
1032,62	1437,67
1032,78	1398,76
1032,95	1363,95
1033,11	1353,71
1033,27	1480,68
1033,43	1380,33
1033,59	1345,52
1033,75	1374,19
1033,91	1370,09
1034,07	1468,39
1034,24	1433,58
1034,40	1357,80
1034,56	1419,24
1034,72	1431,53
1034,88	1443,82
1035,04	1406,95
1035,20	1370,09
1035,36	1322,99
1035,52	1394,67
1035,68	1322,99
1035,85	1425,39
1036,01	1419,24
1036,17	1476,59
1036,33	1427,43
1036,49	1325,04
1036,65	1435,63
1036,81	1411,05
1036,97	1404,91
1037,13	1388,52
1037,29	1353,71
1037,45	1495,02
1037,61	1415,15
1037,78	1400,81
1037,94	1472,49
1038,10	1398,76
1038,26	1398,76
1038,42	1370,09
1038,58	1441,77
1038,74	1349,61
1038,90	1462,25
1039,06	1431,53
1039,22	1429,48
1039,38	1409,00
1039,54	1384,43
1039,70	1310,70
1039,86	1456,11
1040,02	1396,71
1040,18	1503,21
1040,34	1441,77
1040,50	1447,91
1040,66	1380,33
1040,83	1361,90
1040,99	1398,76
1041,15	1505,26
1041,31	1411,05
1041,47	1456,11
1041,63	1392,62
1041,79	1396,71
1041,95	1411,05
1042,11	1376,24
1042,27	1441,77
1042,43	1353,71
1042,59	1484,78
1042,75	1388,52
1042,91	1388,52
