344,25	1320,94
344,46	1320,94
344,68	1320,94
344,90	1267,69
345,12	1267,69
345,34	1390,57
345,55	1445,87
345,77	1419,24
345,99	1337,32
346,21	1347,56
346,42	1482,73
346,64	1427,43
346,86	1341,42
347,08	1409,00
347,30	1361,90
347,51	1454,06
347,73	1376,24
347,95	1466,35
348,17	1384,43
348,38	1439,72
348,60	1333,23
348,82	1335,28
349,04	1411,05
349,25	1419,24
349,47	1466,35
349,69	1378,28
349,91	1466,35
350,13	1470,44
350,34	1474,54
350,56	1341,42
350,78	1409,00
351,00	1359,85
351,21	1447,91
351,43	1456,11
351,65	1374,19
351,87	1390,57
352,08	1374,19
352,30	1411,05
352,52	1423,34
352,74	1357,80
352,95	1417,19
353,17	1423,34
353,39	1452,01
353,61	1390,57
353,82	1468,39
354,04	1374,19
354,26	1474,54
354,47	1366,00
354,69	1406,95
354,91	1415,15
355,13	1363,95
355,34	1382,38
355,56	1425,39
355,78	1394,67
356,00	1445,87
356,21	1439,72
356,43	1437,67
356,65	1413,10
356,86	1413,10
357,08	1556,46
357,30	1490,92
357,52	1366,00
357,73	1503,21
357,95	1411,05
358,17	1400,81
358,38	1509,35
358,60	1439,72
358,82	1411,05
359,04	1466,35
359,25	1447,91
359,47	1497,07
359,69	1374,19
359,90	1449,96
360,12	1515,50
360,34	1452,01
360,56	1435,63
360,77	1550,31
360,99	1482,73
361,21	1437,67
361,42	1474,54
361,64	1576,94
361,86	1519,59
362,07	1480,68
362,29	1480,68
362,51	1429,48
362,73	1421,29
362,94	1456,11
363,16	1462,25
363,38	1454,06
363,59	1560,55
363,81	1505,26
364,03	1460,20
364,24	1538,02
364,46	1472,49
364,68	1546,22
364,89	1458,15
365,11	1521,64
365,33	1445,87
365,54	1488,87
365,76	1456,11
365,98	1562,60
366,19	1558,50
366,41	1490,92
366,63	1490,92
366,84	1363,95
367,06	1396,71
367,28	1509,35
367,49	1501,16
367,71	1517,54
367,93	1454,06
368,14	1482,73
368,36	1492,97
368,58	1439,72
368,79	1525,74
369,01	1495,02
369,23	1613,80
369,44	1574,89
369,66	1441,77
369,88	1470,44
370,09	1415,15
370,31	1476,59
370,53	1472,49
370,74	1505,26
370,96	1503,21
371,18	1492,97
371,39	1492,97
371,61	1480,68
371,82	1478,63
372,04	1495,02
372,26	1439,72
372,47	1490,92
372,69	1482,73
372,91	1497,07
373,12	1466,35
373,34	1476,59
373,56	1402,86
373,77	1499,11
373,99	1447,91
374,20	1460,20
374,42	1544,17
374,64	1492,97
374,85	1505,26
375,07	1566,70
375,29	1482,73
375,50	1474,54
375,72	1492,97
375,93	1538,02
376,15	1556,46
376,37	1521,64
376,58	1464,30
376,80	1529,83
377,01	1452,01
377,23	1454,06
377,45	1439,72
377,66	1533,93
377,88	1482,73
378,10	1470,44
378,31	1394,67
378,53	1521,64
378,74	1439,72
378,96	1513,45
379,18	1484,78
379,39	1478,63
379,61	1462,25
379,82	1482,73
380,04	1478,63
380,26	1441,77
380,47	1380,33
380,69	1472,49
380,90	1574,89
381,12	1437,67
381,33	1441,77
381,55	1396,71
381,77	1484,78
381,98	1460,20
382,20	1382,38
382,41	1396,71
382,63	1509,35
382,85	1406,95
383,06	1433,58
383,28	1449,96
383,49	1351,66
383,71	1492,97
383,92	1361,90
384,14	1396,71
384,36	1437,67
384,57	1429,48
384,79	1390,57
385,00	1540,07
385,22	1427,43
385,43	1398,76
385,65	1488,87
385,87	1462,25
386,08	1331,18
386,30	1480,68
386,51	1452,01
386,73	1421,29
386,94	1515,50
387,16	1484,78
387,37	1456,11
387,59	1437,67
387,81	1398,76
388,02	1505,26
388,24	1425,39
388,45	1474,54
388,67	1368,04
388,88	1482,73
389,10	1535,98
389,31	1544,17
389,53	1472,49
389,75	1464,30
389,96	1433,58
390,18	1503,21
390,39	1396,71
390,61	1499,11
390,82	1392,62
391,04	1433,58
391,25	1474,54
391,47	1447,91
391,68	1441,77
391,90	1499,11
392,11	1390,57
392,33	1474,54
392,54	1419,24
392,76	1409,00
392,97	1486,83
393,19	1449,96
393,41	1425,39
393,62	1439,72
393,84	1413,10
394,05	1505,26
394,27	1488,87
394,48	1435,63
394,70	1492,97
394,91	1423,34
395,13	1429,48
395,34	1421,29
395,56	1472,49
395,77	1435,63
395,99	1343,47
396,20	1452,01
396,42	1413,10
396,63	1447,91
396,85	1437,67
397,06	1490,92
397,28	1427,43
397,49	1517,54
397,71	1445,87
397,92	1431,53
398,14	1464,30
398,35	1533,93
398,57	1503,21
398,78	1501,16
399,00	1445,87
399,21	1423,34
399,43	1484,78
399,64	1515,50
399,86	1513,45
400,07	1490,92
400,29	1458,15
400,50	1527,78
400,72	1527,78
400,93	1503,21
401,14	1390,57
401,36	1390,57
401,57	1454,06
401,79	1615,85
402,00	1513,45
402,22	1478,63
402,43	1466,35
402,65	1474,54
402,86	1466,35
403,08	1507,30
403,29	1486,83
403,51	1517,54
403,72	1413,10
403,94	1548,26
404,15	1427,43
404,36	1472,49
404,58	1736,68
404,79	1523,69
405,01	1478,63
405,22	1501,16
405,44	1445,87
405,65	1488,87
405,87	1470,44
406,08	1503,21
406,30	1484,78
406,51	1570,79
406,72	1503,21
406,94	1476,59
407,15	1511,40
407,37	1513,45
407,58	1441,77
407,80	1460,20
408,01	1456,11
408,23	1519,59
408,44	1513,45
408,65	1431,53
408,87	1529,83
409,08	1411,05
409,30	1527,78
409,51	1437,67
409,73	1443,82
409,94	1546,22
410,15	1501,16
410,37	1544,17
410,58	1495,02
410,80	1523,69
411,01	1384,43
411,23	1470,44
411,44	1484,78
411,65	1578,98
411,87	1468,39
412,08	1466,35
412,30	1550,31
412,51	1492,97
412,72	1540,07
412,94	1488,87
413,15	1413,10
413,37	1505,26
413,58	1449,96
413,79	1460,20
414,01	1503,21
414,22	1464,30
414,44	1472,49
414,65	1568,74
414,86	1400,81
415,08	1540,07
415,29	1505,26
415,51	1374,19
415,72	1507,30
415,93	1474,54
416,15	1400,81
416,36	1587,18
416,58	1482,73
416,79	1558,50
417,00	1562,60
417,22	1468,39
417,43	1452,01
417,65	1527,78
417,86	1435,63
418,07	1505,26
418,29	1492,97
418,50	1435,63
418,71	1486,83
418,93	1585,13
419,14	1437,67
419,36	1435,63
419,57	1413,10
419,78	1431,53
420,00	1462,25
420,21	1452,01
420,42	1492,97
420,64	1441,77
420,85	1458,15
421,06	1509,35
421,28	1505,26
421,49	1472,49
421,71	1560,55
421,92	1525,74
422,13	1540,07
422,35	1521,64
422,56	1513,45
422,77	1515,50
422,99	1431,53
423,20	1476,59
423,41	1513,45
423,63	1464,30
423,84	1470,44
424,05	1583,08
424,27	1472,49
424,48	1495,02
424,69	1527,78
424,91	1810,40
425,12	1431,53
425,33	1470,44
425,55	1488,87
425,76	1398,76
425,97	1445,87
426,19	1431,53
426,40	1478,63
426,61	1521,64
426,83	1548,26
427,04	1478,63
427,25	1476,59
427,47	1556,46
427,68	1503,21
427,89	1548,26
428,11	1548,26
428,32	1552,36
428,53	1521,64
428,75	1521,64
428,96	1472,49
429,17	1468,39
429,39	1421,29
429,60	1570,79
429,81	1501,16
430,03	1515,50
430,24	1406,95
430,45	1449,96
430,67	1476,59
430,88	1488,87
431,09	1480,68
431,30	1486,83
431,52	1501,16
431,73	1445,87
431,94	1490,92
432,16	1523,69
432,37	1501,16
432,58	1480,68
432,80	1525,74
433,01	1501,16
433,22	1521,64
433,43	1601,51
433,65	1488,87
433,86	1413,10
434,07	1400,81
434,29	1503,21
434,50	1456,11
434,71	1558,50
434,92	1515,50
435,14	1619,94
435,35	1456,11
435,56	1501,16
435,77	1499,11
435,99	1486,83
436,20	1458,15
436,41	1439,72
436,63	1368,04
436,84	1484,78
437,05	1458,15
437,26	1441,77
437,48	1636,33
437,69	1503,21
437,90	1511,40
438,11	1452,01
438,33	1447,91
438,54	1474,54
438,75	1499,11
438,96	1464,30
439,18	1415,15
439,39	1484,78
439,60	1486,83
439,82	1423,34
440,03	1538,02
440,24	1517,54
440,45	1419,24
440,67	1531,88
440,88	1501,16
441,09	1480,68
441,30	1456,11
441,51	1546,22
441,73	1464,30
441,94	1404,91
442,15	1445,87
442,36	1460,20
442,58	1445,87
442,79	1398,76
443,00	1464,30
443,21	1619,94
443,43	1484,78
443,64	1445,87
443,85	1478,63
444,06	1548,26
444,28	1572,84
444,49	1376,24
444,70	1542,12
444,91	1533,93
445,12	1558,50
445,34	1482,73
445,55	1546,22
445,76	1527,78
445,97	1452,01
446,18	1447,91
446,40	1542,12
446,61	1433,58
446,82	1439,72
447,03	1568,74
447,25	1497,07
447,46	1464,30
447,67	1507,30
447,88	1525,74
448,09	1472,49
448,31	1583,08
448,52	1501,16
448,73	1554,41
448,94	1439,72
449,15	1570,79
449,37	1554,41
449,58	1519,59
449,79	1509,35
450,00	1517,54
450,21	1429,48
450,43	1562,60
450,64	1466,35
450,85	1521,64
451,06	1578,98
451,27	1587,18
451,48	1513,45
451,70	1507,30
451,91	1480,68
452,12	1531,88
452,33	1624,04
452,54	1505,26
452,76	1581,03
452,97	1589,22
453,18	1546,22
453,39	1529,83
453,60	1503,21
453,81	1507,30
454,03	1523,69
454,24	1572,84
454,45	1570,79
454,66	1495,02
454,87	1533,93
455,08	1552,36
455,30	1523,69
455,51	1591,27
455,72	1591,27
455,93	1538,02
456,14	1488,87
456,35	1617,90
456,56	1505,26
456,78	1484,78
456,99	1540,07
457,20	1609,70
457,41	1585,13
457,62	1601,51
457,83	1546,22
458,04	1523,69
458,26	1515,50
458,47	1501,16
458,68	1511,40
458,89	1583,08
459,10	1480,68
459,31	1519,59
459,52	1624,04
459,74	1542,12
459,95	1642,47
460,16	1548,26
460,37	1640,42
460,58	1609,70
460,79	1482,73
461,00	1597,42
461,21	1486,83
461,43	1511,40
461,64	1546,22
461,85	1443,82
462,06	1505,26
462,27	1576,94
462,48	1583,08
462,69	1621,99
462,90	1517,54
463,12	1619,94
463,33	1564,65
463,54	1452,01
463,75	1593,32
463,96	1578,98
464,17	1523,69
464,38	1652,71
464,59	1576,94
464,80	1636,33
465,01	1505,26
465,23	1525,74
465,44	1499,11
465,65	1615,85
465,86	1572,84
466,07	1572,84
466,28	1589,22
466,49	1589,22
466,70	1626,09
466,91	1611,75
467,12	1568,74
467,33	1542,12
467,55	1540,07
467,76	1482,73
467,97	1542,12
468,18	1613,80
468,39	1456,11
468,60	1708,01
468,81	1523,69
469,02	1505,26
469,23	1548,26
469,44	1548,26
469,65	1570,79
469,86	1542,12
470,07	1583,08
470,29	1581,03
470,50	1550,31
470,71	1630,18
470,92	1603,56
471,13	1583,08
471,34	1638,38
471,55	1632,23
471,76	1615,85
471,97	1626,09
472,18	1558,50
472,39	1581,03
472,60	1562,60
472,81	1685,48
473,02	1529,83
473,23	1611,75
473,44	1650,66
473,65	1636,33
473,87	1531,88
474,08	1722,34
474,29	1525,74
474,50	1652,71
474,71	1591,27
474,92	1644,52
475,13	1626,09
475,34	1613,80
475,55	1619,94
475,76	1646,57
475,97	1697,77
476,18	1650,66
476,39	1644,52
476,60	1609,70
476,81	1603,56
477,02	1638,38
477,23	1646,57
477,44	1597,42
477,65	1585,13
477,86	1679,33
478,07	1646,57
478,28	1646,57
478,49	1609,70
478,70	1624,04
478,91	1609,70
479,12	1601,51
479,33	1710,05
479,54	1509,35
479,75	1683,43
479,96	1699,81
480,17	1644,52
480,38	1658,85
480,59	1609,70
480,80	1751,01
481,01	1611,75
481,22	1685,48
481,43	1722,34
481,64	1667,05
481,85	1630,18
482,06	1644,52
482,27	1595,37
482,48	1830,88
482,69	1691,62
482,90	1640,42
483,11	1652,71
483,32	1806,31
483,53	1642,47
483,74	1714,15
483,95	1716,20
484,16	1630,18
484,37	1683,43
484,58	1759,21
484,79	1630,18
485,00	1740,77
485,21	1640,42
485,42	1712,10
485,63	1791,97
485,84	1669,09
486,05	1665,00
486,26	1761,25
486,47	1761,25
486,68	1673,19
486,89	1681,38
487,10	1738,73
487,31	1677,29
487,52	1708,01
487,73	1708,01
487,94	1583,08
488,15	1740,77
488,36	1808,36
488,57	1695,72
488,77	1671,14
488,98	1726,44
489,19	1736,68
489,40	1800,16
489,61	1845,22
489,82	1734,63
490,03	1773,54
490,24	1691,62
490,45	1779,68
490,66	1714,15
490,87	1734,63
491,08	1687,53
491,29	1781,73
491,50	1738,73
491,71	1759,21
491,92	1789,92
492,13	1804,26
492,33	1736,68
492,54	1726,44
492,75	1748,97
492,96	1765,35
493,17	1683,43
493,38	1794,02
493,59	1791,97
493,80	1908,71
494,01	1734,63
494,22	1832,93
494,43	1746,92
494,64	1816,55
494,85	1773,54
495,05	1769,44
495,26	1791,97
495,47	1863,65
495,68	1826,79
495,89	1812,45
496,10	1691,62
496,31	1781,73
496,52	1810,40
496,73	1812,45
496,94	1779,68
497,15	1908,71
497,35	1800,16
497,56	1828,84
497,77	1804,26
497,98	1744,87
498,19	1779,68
498,40	1849,32
498,61	1871,84
498,82	1810,40
499,03	1859,56
499,23	1859,56
499,44	1830,88
499,65	1945,57
499,86	1769,44
500,07	1855,46
500,28	1832,93
500,49	1908,71
500,70	1867,75
500,91	1798,12
501,11	1945,57
501,32	1910,75
501,53	1875,94
501,74	1912,80
501,95	1824,74
502,16	1931,23
502,37	1875,94
502,57	1974,24
502,78	1931,23
502,99	1865,70
503,20	1830,88
503,41	1933,28
503,62	1949,67
503,83	1916,90
504,03	1894,37
504,24	1972,19
504,45	1974,24
504,66	1869,80
504,87	1861,60
505,08	2041,82
505,29	1974,24
505,49	1828,84
505,70	1906,66
505,91	1980,39
506,12	1986,53
506,33	1980,39
506,54	1896,42
506,75	2023,39
506,95	1896,42
507,16	2076,64
507,37	1904,61
507,58	1945,57
507,79	1941,47
508,00	1964,00
508,20	1853,41
508,41	1920,99
508,62	1884,13
508,83	1955,81
509,04	1880,04
509,24	2045,92
509,45	2201,57
509,66	2054,11
509,87	1976,29
510,08	2039,78
510,29	1929,19
510,49	1964,00
510,70	1871,84
510,91	1982,43
511,12	1869,80
511,33	1955,81
511,53	1914,85
511,74	2011,11
511,95	1857,51
512,16	2035,68
512,37	2041,82
512,57	1990,63
512,78	1929,19
512,99	1964,00
513,20	1988,58
513,41	1986,53
513,61	1980,39
513,82	2007,01
514,03	1896,42
514,24	2076,64
514,45	2029,54
514,65	2035,68
514,86	1957,86
515,07	1947,62
515,28	1851,36
515,49	2025,44
515,69	1957,86
515,90	1927,14
516,11	2058,21
516,32	2033,63
516,52	2035,68
516,73	2013,15
516,94	2019,30
517,15	2058,21
517,36	2009,06
517,56	2066,40
517,77	1916,90
517,98	2107,36
518,19	1955,81
518,39	1996,77
518,60	1896,42
518,81	2082,78
519,02	1873,89
519,22	1968,10
519,43	1925,09
519,64	2000,87
519,85	1863,65
520,05	2011,11
520,26	1961,95
520,47	2068,45
520,68	1955,81
520,88	1984,48
521,09	1939,43
521,30	2041,82
521,51	2013,15
521,71	2068,45
521,92	1925,09
522,13	2039,78
522,34	2035,68
522,54	2011,11
522,75	1880,04
522,96	2017,25
523,17	1976,29
523,37	2058,21
523,58	1892,32
523,79	1955,81
523,99	2058,21
524,20	2019,30
524,41	1920,99
524,62	2162,66
524,82	1964,00
525,03	2031,58
525,24	1941,47
525,45	2041,82
525,65	1845,22
525,86	2076,64
526,07	1978,34
526,27	2027,49
526,48	1931,23
526,69	2068,45
526,90	1904,61
527,10	2099,17
527,31	1947,62
527,52	2027,49
527,72	1970,15
527,93	2007,01
528,14	1884,13
528,34	1925,09
528,55	1839,08
528,76	1996,77
528,97	1904,61
529,17	2095,07
529,38	1986,53
529,59	2095,07
529,79	1943,52
530,00	2086,88
530,21	2043,87
530,41	1923,04
530,62	1914,85
530,83	2056,16
531,03	2021,35
531,24	1943,52
531,45	1964,00
531,65	2021,35
531,86	1988,58
532,07	1935,33
532,27	1902,56
532,48	2068,45
532,69	1966,05
532,89	1959,91
533,10	1949,67
533,31	2000,87
533,51	1929,19
533,72	1906,66
533,93	1978,34
534,13	2029,54
534,34	1892,32
534,55	1980,39
534,75	1955,81
534,96	2146,27
535,17	1910,75
535,37	1953,76
535,58	1949,67
535,79	1939,43
535,99	1959,91
536,20	1957,86
536,41	1882,08
536,61	1980,39
536,82	2041,82
537,03	1949,67
537,23	1818,60
537,44	1857,51
537,64	1933,28
537,85	1923,04
538,06	1941,47
538,26	1927,14
538,47	1882,08
538,68	1884,13
538,88	1877,99
539,09	1953,76
539,30	1861,60
539,50	2017,25
539,71	1968,10
539,91	1972,19
540,12	1980,39
540,33	1808,36
540,53	1853,41
540,74	1900,52
540,94	1949,67
541,15	1890,28
541,36	1869,80
541,56	1939,43
541,77	1894,37
541,98	1857,51
542,18	1873,89
542,39	1908,71
542,59	1865,70
542,80	1837,03
543,01	1794,02
543,21	1822,69
543,42	1863,65
543,62	1839,08
543,83	1804,26
544,04	1708,01
544,24	1746,92
544,45	1837,03
544,65	1857,51
544,86	1804,26
545,06	1873,89
545,27	1701,86
545,48	1853,41
545,68	1779,68
545,89	1701,86
546,09	1779,68
546,30	1912,80
546,51	1849,32
546,71	1767,40
546,92	1736,68
547,12	1798,12
547,33	1685,48
547,53	1779,68
547,74	1757,16
547,95	1746,92
548,15	1753,06
548,36	1775,59
548,56	1710,05
548,77	1761,25
548,97	1777,64
549,18	1767,40
549,39	1712,10
549,59	1781,73
549,80	1710,05
550,00	1650,66
550,21	1665,00
550,41	1748,97
550,62	1771,49
550,82	1708,01
551,03	1763,30
551,23	1783,78
551,44	1695,72
551,65	1720,29
551,85	1830,88
552,06	1730,53
552,26	1732,58
552,47	1716,20
552,67	1681,38
552,88	1695,72
553,08	1693,67
553,29	1736,68
553,49	1773,54
553,70	1708,01
553,90	1886,18
554,11	1671,14
554,32	1695,72
554,52	1738,73
554,73	1693,67
554,93	1652,71
555,14	1699,81
555,34	1810,40
555,55	1755,11
555,75	1734,63
555,96	1771,49
556,16	1812,45
556,37	1877,99
556,57	1699,81
556,78	1800,16
556,98	1877,99
557,19	1834,98
557,39	1800,16
557,60	1789,92
557,80	1742,82
558,01	1787,88
558,21	1775,59
558,42	1875,94
558,62	1927,14
558,83	1988,58
559,03	1906,66
559,24	1880,04
559,44	1959,91
559,65	1857,51
559,85	1898,47
560,06	1880,04
560,26	1970,15
560,47	1894,37
560,67	2101,22
560,88	1984,48
561,08	2181,09
561,29	2086,88
561,49	2090,98
561,70	2127,84
561,90	2283,49
562,10	2064,35
562,31	2242,53
562,51	2133,98
562,72	2230,24
562,92	2265,05
563,13	2400,22
563,33	2310,11
563,54	2527,19
563,74	2392,03
563,95	2535,39
564,15	2512,86
564,36	2758,61
564,56	2492,38
564,76	2723,80
564,97	2631,64
565,17	2897,88
565,38	2852,82
565,58	3151,82
565,79	2811,86
565,99	3250,13
566,20	3266,51
566,40	3268,56
566,60	3250,13
566,81	3549,13
567,01	3573,71
567,22	3622,86
567,42	3549,13
567,63	4093,89
567,83	3659,72
568,04	4104,13
568,24	3862,47
568,44	4605,88
568,65	4069,31
568,85	4419,52
569,06	4452,28
569,26	4716,47
569,47	4708,28
569,67	4771,77
569,87	4732,86
570,08	5050,29
570,28	4992,95
570,49	5367,73
570,69	5083,06
570,89	5740,46
571,10	5619,63
571,30	5664,68
571,51	5570,48
571,71	5941,16
571,91	5654,44
572,12	6090,66
572,32	5935,01
572,53	6293,41
572,73	5797,80
572,93	6377,37
573,14	5959,59
573,34	6479,77
573,55	5867,43
573,75	6315,94
573,95	5932,97
574,16	6225,82
574,36	5824,42
574,57	5957,54
574,77	5668,78
574,97	5736,36
575,18	5595,05
575,38	5570,48
575,59	5005,24
575,79	5322,67
575,99	4659,13
576,20	5011,38
576,40	4478,91
576,60	4683,70
576,81	4081,60
577,01	4196,29
577,22	4016,07
577,42	3979,20
577,62	3463,12
577,83	3477,45
578,03	3264,46
578,23	3139,54
578,44	2942,93
578,64	2975,70
578,84	2643,93
579,05	2623,45
579,25	2371,55
579,45	2426,84
579,66	2144,22
579,86	2277,34
580,07	2199,52
580,27	2054,11
580,47	1900,52
580,68	1939,43
580,88	1871,84
581,08	1925,09
581,29	1759,21
581,49	1742,82
581,69	1847,27
581,90	1648,61
582,10	1699,81
582,30	1697,77
582,51	1689,57
582,71	1683,43
582,91	1611,75
583,12	1578,98
583,32	1562,60
583,52	1675,24
583,73	1552,36
583,93	1517,54
584,13	1578,98
584,34	1587,18
584,54	1595,37
584,74	1597,42
584,94	1550,31
585,15	1509,35
585,35	1591,27
585,55	1587,18
585,76	1525,74
585,96	1497,07
586,16	1556,46
586,37	1435,63
586,57	1468,39
586,77	1474,54
586,98	1499,11
587,18	1427,43
587,38	1515,50
587,58	1452,01
587,79	1488,87
587,99	1576,94
588,19	1423,34
588,40	1503,21
588,60	1486,83
588,80	1546,22
589,00	1423,34
589,21	1521,64
589,41	1415,15
589,61	1484,78
589,82	1519,59
590,02	1482,73
590,22	1441,77
590,42	1535,98
590,63	1529,83
590,83	1472,49
591,03	1505,26
591,23	1380,33
591,44	1519,59
591,64	1552,36
591,84	1325,04
592,05	1486,83
592,25	1468,39
592,45	1443,82
592,65	1486,83
592,86	1464,30
593,06	1507,30
593,26	1382,38
593,46	1429,48
593,67	1480,68
593,87	1439,72
594,07	1468,39
594,27	1544,17
594,48	1427,43
594,68	1443,82
594,88	1382,38
595,08	1478,63
595,29	1533,93
595,49	1474,54
595,69	1519,59
595,89	1427,43
596,10	1468,39
596,30	1351,66
596,50	1443,82
596,70	1488,87
596,90	1439,72
597,11	1415,15
597,31	1357,80
597,51	1337,32
597,71	1523,69
597,92	1468,39
598,12	1396,71
598,32	1486,83
598,52	1429,48
598,72	1388,52
598,93	1402,86
599,13	1482,73
599,33	1361,90
599,53	1435,63
599,74	1359,85
599,94	1476,59
600,14	1413,10
600,34	1425,39
600,54	1437,67
600,75	1466,35
600,95	1431,53
601,15	1441,77
601,35	1415,15
601,55	1482,73
601,76	1404,91
601,96	1591,27
602,16	1402,86
602,36	1474,54
602,56	1390,57
602,76	1476,59
602,97	1456,11
603,17	1447,91
603,37	1439,72
603,57	1447,91
603,77	1499,11
603,98	1445,87
604,18	1400,81
604,38	1374,19
604,58	1452,01
604,78	1456,11
604,98	1398,76
605,19	1431,53
605,39	1425,39
605,59	1527,78
605,79	1474,54
605,99	1398,76
606,19	1454,06
606,40	1378,28
606,60	1495,02
606,80	1429,48
607,00	1413,10
607,20	1398,76
607,40	1472,49
607,61	1478,63
607,81	1439,72
608,01	1488,87
608,21	1427,43
608,41	1439,72
608,61	1441,77
608,81	1343,47
609,02	1359,85
609,22	1368,04
609,42	1427,43
609,62	1404,91
609,82	1490,92
610,02	1449,96
610,22	1443,82
610,43	1427,43
610,63	1349,61
610,83	1484,78
611,03	1447,91
611,23	1478,63
611,43	1454,06
611,63	1513,45
611,83	1355,76
612,04	1478,63
612,24	1509,35
612,44	1437,67
612,64	1460,20
612,84	1441,77
613,04	1433,58
613,24	1466,35
613,44	1458,15
613,64	1466,35
613,85	1458,15
614,05	1452,01
614,25	1456,11
614,45	1396,71
614,65	1425,39
614,85	1429,48
615,05	1355,76
615,25	1495,02
615,45	1380,33
615,65	1435,63
615,86	1495,02
616,06	1409,00
616,26	1402,86
616,46	1441,77
616,66	1363,95
616,86	1474,54
617,06	1409,00
617,26	1411,05
617,46	1425,39
617,66	1472,49
617,86	1443,82
618,07	1402,86
618,27	1421,29
618,47	1363,95
618,67	1460,20
618,87	1402,86
619,07	1470,44
619,27	1488,87
619,47	1378,28
619,67	1439,72
619,87	1415,15
620,07	1460,20
620,27	1404,91
620,47	1439,72
620,67	1423,34
620,87	1468,39
621,07	1441,77
621,28	1482,73
621,48	1452,01
621,68	1372,14
621,88	1499,11
622,08	1355,76
622,28	1472,49
622,48	1472,49
622,68	1390,57
622,88	1458,15
623,08	1417,19
623,28	1525,74
623,48	1468,39
623,68	1462,25
623,88	1421,29
624,08	1456,11
624,28	1411,05
624,48	1474,54
624,68	1421,29
624,88	1425,39
625,08	1413,10
625,28	1476,59
625,48	1443,82
625,68	1435,63
625,88	1509,35
626,08	1388,52
626,28	1476,59
626,48	1449,96
626,68	1361,90
626,88	1470,44
627,08	1460,20
627,28	1519,59
627,48	1347,56
627,68	1478,63
627,88	1474,54
628,08	1402,86
628,28	1492,97
628,49	1464,30
628,68	1464,30
628,88	1409,00
629,08	1472,49
629,28	1386,47
629,48	1409,00
629,68	1519,59
629,88	1431,53
630,08	1486,83
630,28	1435,63
630,48	1382,38
630,68	1429,48
630,88	1366,00
631,08	1421,29
631,28	1482,73
631,48	1404,91
631,68	1402,86
631,88	1458,15
632,08	1472,49
632,28	1460,20
632,48	1431,53
632,68	1427,43
632,88	1454,06
633,08	1402,86
633,28	1505,26
633,48	1435,63
633,68	1411,05
633,88	1398,76
634,08	1535,98
634,28	1484,78
634,48	1452,01
634,68	1357,80
634,88	1454,06
635,08	1435,63
635,28	1443,82
635,48	1425,39
635,68	1384,43
635,87	1456,11
636,07	1458,15
636,27	1335,28
636,47	1492,97
636,67	1462,25
636,87	1435,63
637,07	1439,72
637,27	1404,91
637,47	1411,05
637,67	1480,68
637,87	1411,05
638,07	1546,22
638,27	1388,52
638,47	1456,11
638,67	1447,91
638,86	1454,06
639,06	1318,89
639,26	1564,65
639,46	1417,19
639,66	1472,49
639,86	1509,35
640,06	1462,25
640,26	1417,19
640,46	1406,95
640,66	1454,06
640,86	1433,58
641,06	1423,34
641,25	1437,67
641,45	1413,10
641,65	1452,01
641,85	1390,57
642,05	1435,63
642,25	1431,53
642,45	1413,10
642,65	1370,09
642,85	1390,57
643,05	1447,91
643,24	1409,00
643,44	1417,19
643,64	1437,67
643,84	1400,81
644,04	1402,86
644,24	1380,33
644,44	1445,87
644,64	1361,90
644,84	1474,54
645,03	1409,00
645,23	1497,07
645,43	1382,38
645,63	1542,12
645,83	1443,82
646,03	1554,41
646,23	1486,83
646,42	1560,55
646,62	1415,15
646,82	1439,72
647,02	1353,71
647,22	1511,40
647,42	1392,62
647,62	1380,33
647,82	1429,48
648,01	1566,70
648,21	1384,43
648,41	1552,36
648,61	1484,78
648,81	1468,39
649,01	1406,95
649,20	1472,49
649,40	1390,57
649,60	1335,28
649,80	1404,91
650,00	1445,87
650,20	1472,49
650,40	1437,67
650,59	1423,34
650,79	1492,97
650,99	1468,39
651,19	1435,63
651,39	1480,68
651,58	1435,63
651,78	1464,30
651,98	1472,49
652,18	1388,52
652,38	1368,04
652,58	1423,34
652,77	1431,53
652,97	1529,83
653,17	1411,05
653,37	1468,39
653,57	1449,96
653,77	1456,11
653,96	1488,87
654,16	1413,10
654,36	1456,11
654,56	1480,68
654,76	1525,74
654,95	1394,67
655,15	1492,97
655,35	1421,29
655,55	1406,95
655,75	1462,25
655,94	1499,11
656,14	1423,34
656,34	1484,78
656,54	1452,01
656,73	1423,34
656,93	1447,91
657,13	1492,97
657,33	1460,20
657,53	1390,57
657,72	1535,98
657,92	1417,19
658,12	1372,14
658,32	1523,69
658,52	1456,11
658,71	1443,82
658,91	1355,76
659,11	1386,47
659,31	1513,45
659,50	1548,26
659,70	1437,67
659,90	1462,25
660,10	1431,53
660,29	1355,76
660,49	1419,24
660,69	1468,39
660,89	1527,78
661,08	1411,05
661,28	1417,19
661,48	1413,10
661,68	1456,11
661,87	1363,95
662,07	1398,76
662,27	1486,83
662,47	1384,43
662,66	1390,57
662,86	1443,82
663,06	1378,28
663,26	1359,85
663,45	1441,77
663,65	1480,68
663,85	1423,34
664,05	1357,80
664,24	1497,07
664,44	1419,24
664,64	1382,38
664,84	1398,76
665,03	1476,59
665,23	1470,44
665,43	1396,71
665,62	1322,99
665,82	1507,30
666,02	1445,87
666,22	1331,18
666,41	1386,47
666,61	1478,63
666,81	1517,54
667,00	1409,00
667,20	1400,81
667,40	1394,67
667,60	1521,64
667,79	1320,94
667,99	1380,33
668,19	1468,39
668,38	1470,44
668,58	1439,72
668,78	1456,11
668,97	1501,16
669,17	1466,35
669,37	1488,87
669,57	1351,66
669,76	1472,49
669,96	1492,97
670,16	1409,00
670,35	1417,19
670,55	1439,72
670,75	1376,24
670,94	1499,11
671,14	1519,59
671,34	1466,35
671,53	1398,76
671,73	1476,59
671,93	1466,35
672,12	1431,53
672,32	1425,39
672,52	1404,91
672,71	1439,72
672,91	1499,11
673,11	1445,87
673,30	1515,50
673,50	1404,91
673,70	1482,73
673,89	1406,95
674,09	1462,25
674,29	1353,71
674,48	1443,82
674,68	1490,92
674,88	1439,72
675,07	1435,63
675,27	1396,71
675,46	1421,29
675,66	1361,90
675,86	1435,63
676,05	1503,21
676,25	1349,61
676,45	1454,06
676,64	1443,82
676,84	1456,11
677,04	1421,29
677,23	1517,54
677,43	1406,95
677,62	1552,36
677,82	1433,58
678,02	1429,48
678,21	1486,83
678,41	1429,48
678,61	1390,57
678,80	1427,43
679,00	1396,71
679,19	1501,16
679,39	1497,07
679,59	1454,06
679,78	1460,20
679,98	1409,00
680,17	1380,33
680,37	1474,54
680,57	1462,25
680,76	1525,74
680,96	1429,48
681,16	1400,81
681,35	1300,46
681,55	1415,15
681,74	1417,19
681,94	1400,81
682,13	1488,87
682,33	1517,54
682,53	1433,58
682,72	1482,73
682,92	1390,57
683,11	1423,34
683,31	1476,59
683,51	1411,05
683,70	1406,95
683,90	1538,02
684,09	1505,26
684,29	1435,63
684,48	1390,57
684,68	1370,09
684,88	1562,60
685,07	1349,61
685,27	1484,78
685,46	1449,96
685,66	1411,05
685,85	1437,67
686,05	1454,06
686,25	1499,11
686,44	1392,62
686,64	1452,01
686,83	1402,86
687,03	1427,43
687,22	1421,29
687,42	1380,33
687,61	1480,68
687,81	1470,44
688,01	1470,44
688,20	1468,39
688,40	1415,15
688,59	1378,28
688,79	1427,43
688,98	1413,10
689,18	1417,19
689,37	1382,38
689,57	1427,43
689,76	1372,14
689,96	1431,53
690,15	1423,34
690,35	1366,00
690,54	1423,34
690,74	1425,39
690,94	1501,16
691,13	1425,39
691,33	1427,43
691,52	1454,06
691,72	1503,21
691,91	1384,43
692,11	1454,06
692,30	1290,22
692,50	1470,44
692,69	1363,95
692,89	1429,48
693,08	1359,85
693,28	1492,97
693,47	1427,43
693,67	1515,50
693,86	1411,05
694,06	1390,57
694,25	1374,19
694,45	1511,40
694,64	1411,05
694,84	1447,91
695,03	1429,48
695,23	1376,24
695,42	1390,57
695,62	1419,24
695,81	1478,63
696,01	1513,45
696,20	1378,28
696,40	1384,43
696,59	1396,71
696,78	1425,39
696,98	1452,01
697,17	1456,11
697,37	1435,63
697,56	1439,72
697,76	1441,77
697,95	1521,64
698,15	1312,75
698,34	1472,49
698,54	1411,05
698,73	1554,41
698,93	1396,71
699,12	1396,71
699,32	1427,43
699,51	1447,91
699,70	1462,25
699,90	1492,97
700,09	1490,92
700,29	1417,19
700,48	1361,90
700,68	1421,29
700,87	1370,09
701,07	1431,53
701,26	1499,11
701,45	1374,19
701,65	1433,58
701,84	1292,27
702,04	1409,00
702,23	1359,85
702,43	1415,15
702,62	1480,68
702,81	1398,76
703,01	1392,62
703,20	1439,72
703,40	1419,24
703,59	1433,58
703,79	1427,43
703,98	1370,09
704,17	1398,76
704,37	1421,29
704,56	1445,87
704,76	1443,82
704,95	1411,05
705,14	1382,38
705,34	1390,57
705,53	1400,81
705,73	1378,28
705,92	1404,91
706,11	1427,43
706,31	1361,90
706,50	1386,47
706,70	1486,83
706,89	1437,67
707,08	1435,63
707,28	1421,29
707,47	1331,18
707,67	1458,15
707,86	1492,97
708,05	1437,67
708,25	1333,23
708,44	1312,75
708,64	1370,09
708,83	1409,00
709,02	1427,43
709,22	1495,02
709,41	1357,80
709,60	1499,11
709,80	1398,76
709,99	1476,59
710,19	1435,63
710,38	1458,15
710,57	1427,43
710,77	1433,58
710,96	1398,76
711,15	1394,67
711,35	1288,17
711,54	1470,44
711,73	1347,56
711,93	1341,42
712,12	1435,63
712,31	1382,38
712,51	1492,97
712,70	1357,80
712,89	1380,33
713,09	1458,15
713,28	1413,10
713,48	1423,34
713,67	1388,52
713,86	1392,62
714,06	1355,76
714,25	1380,33
714,44	1398,76
714,64	1423,34
714,83	1320,94
715,02	1376,24
715,22	1443,82
715,41	1400,81
715,60	1423,34
715,79	1449,96
715,99	1366,00
716,18	1372,14
716,37	1347,56
716,57	1359,85
716,76	1425,39
716,95	1384,43
717,15	1325,04
717,34	1353,71
717,53	1423,34
717,73	1468,39
717,92	1390,57
718,11	1476,59
718,31	1443,82
718,50	1425,39
718,69	1298,41
718,88	1454,06
719,08	1431,53
719,27	1433,58
719,46	1423,34
719,66	1394,67
719,85	1355,76
720,04	1417,19
720,23	1318,89
720,43	1427,43
720,62	1282,03
720,81	1329,13
721,01	1433,58
721,20	1423,34
721,39	1337,32
721,58	1345,52
721,78	1470,44
721,97	1419,24
722,16	1382,38
722,35	1486,83
722,55	1425,39
722,74	1464,30
722,93	1421,29
723,13	1316,84
723,32	1370,09
723,51	1449,96
723,70	1425,39
723,90	1347,56
724,09	1386,47
724,28	1402,86
724,47	1372,14
724,67	1482,73
724,86	1435,63
725,05	1361,90
725,24	1368,04
725,44	1429,48
725,63	1333,23
725,82	1460,20
726,01	1370,09
726,21	1423,34
726,40	1415,15
726,59	1466,35
726,78	1406,95
726,97	1388,52
727,17	1384,43
727,36	1402,86
727,55	1402,86
727,74	1415,15
727,94	1380,33
728,13	1443,82
728,32	1357,80
728,51	1359,85
728,70	1398,76
728,90	1335,28
729,09	1439,72
729,28	1411,05
729,47	1378,28
729,66	1312,75
729,86	1454,06
730,05	1435,63
730,24	1423,34
730,43	1505,26
730,63	1386,47
730,82	1468,39
731,01	1380,33
731,20	1443,82
731,39	1343,47
731,58	1308,65
731,78	1474,54
731,97	1423,34
732,16	1439,72
732,35	1490,92
732,54	1435,63
732,74	1470,44
732,93	1394,67
733,12	1445,87
733,31	1437,67
733,50	1327,08
733,69	1396,71
733,89	1458,15
734,08	1460,20
734,27	1390,57
734,46	1361,90
734,65	1406,95
734,84	1409,00
735,04	1413,10
735,23	1464,30
735,42	1409,00
735,61	1447,91
735,80	1501,16
735,99	1368,04
736,19	1378,28
736,38	1392,62
736,57	1347,56
736,76	1380,33
736,95	1517,54
737,14	1404,91
737,33	1376,24
737,53	1462,25
737,72	1396,71
737,91	1325,04
738,10	1505,26
738,29	1351,66
738,48	1372,14
738,67	1417,19
738,87	1421,29
739,06	1386,47
739,25	1347,56
739,44	1335,28
739,63	1462,25
739,82	1384,43
740,01	1374,19
740,20	1427,43
740,40	1316,84
740,59	1304,56
740,78	1439,72
740,97	1357,80
741,16	1435,63
741,35	1488,87
741,54	1456,11
741,73	1429,48
741,92	1318,89
742,12	1423,34
742,31	1486,83
742,50	1490,92
742,69	1437,67
742,88	1300,46
743,07	1384,43
743,26	1429,48
743,45	1431,53
743,64	1357,80
743,83	1378,28
744,02	1392,62
744,22	1423,34
744,41	1503,21
744,60	1398,76
744,79	1419,24
744,98	1501,16
745,17	1335,28
745,36	1376,24
745,55	1509,35
745,74	1429,48
745,93	1398,76
746,12	1355,76
746,31	1310,70
746,50	1449,96
746,70	1296,36
746,89	1368,04
747,08	1376,24
747,27	1425,39
747,46	1435,63
747,65	1452,01
747,84	1419,24
748,03	1388,52
748,22	1382,38
748,41	1411,05
748,60	1456,11
748,79	1374,19
748,98	1398,76
749,17	1441,77
749,36	1447,91
749,55	1429,48
749,74	1339,37
749,93	1527,78
750,12	1427,43
750,31	1380,33
750,50	1449,96
750,70	1433,58
750,89	1466,35
751,08	1562,60
751,27	1482,73
751,46	1458,15
751,65	1421,29
751,84	1409,00
752,03	1347,56
752,22	1452,01
752,41	1402,86
752,60	1431,53
752,79	1488,87
752,98	1370,09
753,17	1435,63
753,36	1486,83
753,55	1400,81
753,74	1380,33
753,93	1429,48
754,12	1378,28
754,31	1511,40
754,50	1542,12
754,69	1402,86
754,88	1380,33
755,07	1413,10
755,26	1423,34
755,45	1304,56
755,64	1384,43
755,83	1404,91
756,02	1429,48
756,21	1419,24
756,40	1433,58
756,59	1273,84
756,78	1482,73
756,97	1515,50
757,16	1392,62
757,35	1476,59
757,54	1392,62
757,72	1392,62
757,91	1390,57
758,10	1423,34
758,29	1398,76
758,48	1472,49
758,67	1370,09
758,86	1435,63
759,05	1386,47
759,24	1427,43
759,43	1458,15
759,62	1429,48
759,81	1423,34
760,00	1486,83
760,19	1423,34
760,38	1439,72
760,57	1368,04
760,76	1402,86
760,95	1550,31
761,14	1423,34
761,33	1460,20
761,52	1490,92
761,70	1413,10
761,89	1427,43
762,08	1480,68
762,27	1511,40
762,46	1392,62
762,65	1419,24
762,84	1482,73
763,03	1372,14
763,22	1443,82
763,41	1527,78
763,60	1488,87
763,79	1437,67
763,98	1521,64
764,16	1480,68
764,35	1443,82
764,54	1445,87
764,73	1460,20
764,92	1443,82
765,11	1578,98
765,30	1464,30
765,49	1476,59
765,68	1484,78
765,87	1501,16
766,06	1374,19
766,24	1429,48
766,43	1435,63
766,62	1519,59
766,81	1400,81
767,00	1484,78
767,19	1411,05
767,38	1484,78
767,57	1390,57
767,76	1468,39
767,94	1445,87
768,13	1386,47
768,32	1464,30
768,51	1445,87
768,70	1402,86
768,89	1488,87
769,08	1378,28
769,27	1462,25
769,45	1435,63
769,64	1546,22
769,83	1427,43
770,02	1519,59
770,21	1425,39
770,40	1488,87
770,59	1411,05
770,77	1439,72
770,96	1488,87
771,15	1437,67
771,34	1409,00
771,53	1511,40
771,72	1505,26
771,91	1394,67
772,09	1509,35
772,28	1466,35
772,47	1435,63
772,66	1488,87
772,85	1333,23
773,04	1439,72
773,22	1363,95
773,41	1470,44
773,60	1411,05
773,79	1484,78
773,98	1474,54
774,17	1517,54
774,35	1529,83
774,54	1464,30
774,73	1540,07
774,92	1478,63
775,11	1398,76
775,30	1542,12
775,48	1431,53
775,67	1511,40
775,86	1384,43
776,05	1511,40
776,24	1411,05
776,42	1437,67
776,61	1472,49
776,80	1437,67
776,99	1495,02
777,18	1472,49
777,36	1484,78
777,55	1474,54
777,74	1415,15
777,93	1529,83
778,12	1439,72
778,30	1570,79
778,49	1472,49
778,68	1468,39
778,87	1423,34
779,06	1370,09
779,24	1429,48
779,43	1476,59
779,62	1495,02
779,81	1437,67
779,99	1452,01
780,18	1439,72
780,37	1523,69
780,56	1562,60
780,75	1540,07
780,93	1488,87
781,12	1396,71
781,31	1449,96
781,50	1488,87
781,68	1374,19
781,87	1382,38
782,06	1425,39
782,25	1402,86
782,43	1456,11
782,62	1423,34
782,81	1437,67
783,00	1464,30
783,18	1406,95
783,37	1415,15
783,56	1490,92
783,75	1548,26
783,93	1484,78
784,12	1499,11
784,31	1509,35
784,50	1480,68
784,68	1486,83
784,87	1460,20
785,06	1562,60
785,24	1495,02
785,43	1468,39
785,62	1425,39
785,81	1417,19
785,99	1501,16
786,18	1423,34
786,37	1456,11
786,56	1466,35
786,74	1505,26
786,93	1351,66
787,12	1466,35
787,30	1421,29
787,49	1523,69
787,68	1472,49
787,87	1435,63
788,05	1382,38
788,24	1433,58
788,43	1454,06
788,61	1495,02
788,80	1482,73
788,99	1402,86
789,17	1386,47
789,36	1394,67
789,55	1449,96
789,73	1482,73
789,92	1406,95
790,11	1501,16
790,30	1406,95
790,48	1345,52
790,67	1398,76
790,86	1411,05
791,04	1472,49
791,23	1538,02
791,42	1439,72
791,60	1402,86
791,79	1513,45
791,98	1386,47
792,16	1460,20
792,35	1359,85
792,54	1404,91
792,72	1388,52
792,91	1419,24
793,10	1437,67
793,28	1452,01
793,47	1452,01
793,66	1449,96
793,84	1353,71
794,03	1458,15
794,22	1409,00
794,40	1366,00
794,59	1456,11
794,77	1341,42
794,96	1322,99
795,15	1511,40
795,33	1449,96
795,52	1538,02
795,71	1406,95
795,89	1380,33
796,08	1507,30
796,27	1425,39
796,45	1415,15
796,64	1380,33
796,82	1431,53
797,01	1417,19
797,20	1429,48
797,38	1415,15
797,57	1361,90
797,76	1406,95
797,94	1470,44
798,13	1470,44
798,31	1384,43
798,50	1452,01
798,69	1429,48
798,87	1378,28
799,06	1363,95
799,24	1325,04
799,43	1478,63
799,62	1370,09
799,80	1392,62
799,99	1482,73
800,17	1474,54
800,36	1435,63
800,55	1421,29
800,73	1499,11
800,92	1386,47
801,10	1406,95
801,29	1413,10
801,48	1388,52
801,66	1361,90
801,85	1417,19
802,03	1398,76
802,22	1423,34
802,40	1439,72
802,59	1355,76
802,78	1380,33
802,96	1443,82
803,15	1462,25
803,33	1347,56
803,52	1445,87
803,70	1447,91
803,89	1456,11
804,08	1441,77
804,26	1359,85
804,45	1366,00
804,63	1435,63
804,82	1417,19
805,00	1333,23
805,19	1456,11
805,37	1497,07
805,56	1470,44
805,74	1390,57
805,93	1394,67
806,12	1437,67
806,30	1419,24
806,49	1511,40
806,67	1513,45
806,86	1361,90
807,04	1443,82
807,23	1447,91
807,41	1363,95
807,60	1429,48
807,78	1302,51
807,97	1675,24
808,15	1306,60
808,34	1398,76
808,52	1329,13
808,71	1413,10
808,89	1462,25
809,08	1380,33
809,27	1437,67
809,45	1353,71
809,64	1386,47
809,82	1443,82
810,01	1501,16
810,19	1380,33
810,38	1456,11
810,56	1456,11
810,75	1368,04
810,93	1425,39
811,12	1347,56
811,30	1472,49
811,49	1357,80
811,67	1429,48
811,85	1456,11
812,04	1357,80
812,22	1464,30
812,41	1437,67
812,59	1474,54
812,78	1372,14
812,96	1349,61
813,15	1394,67
813,33	1378,28
813,52	1437,67
813,70	1441,77
813,89	1409,00
814,07	1413,10
814,26	1466,35
814,44	1341,42
814,63	1380,33
814,81	1368,04
815,00	1382,38
815,18	1466,35
815,36	1396,71
815,55	1312,75
815,73	1382,38
815,92	1456,11
816,10	1466,35
816,29	1421,29
816,47	1400,81
816,66	1433,58
816,84	1474,54
817,02	1443,82
817,21	1495,02
817,39	1347,56
817,58	1443,82
817,76	1376,24
817,95	1413,10
818,13	1380,33
818,32	1333,23
818,50	1488,87
818,68	1322,99
818,87	1421,29
819,05	1417,19
819,24	1394,67
819,42	1398,76
819,60	1335,28
819,79	1435,63
819,97	1454,06
820,16	1443,82
820,34	1396,71
820,53	1402,86
820,71	1378,28
820,89	1402,86
821,08	1296,36
821,26	1388,52
821,45	1275,88
821,63	1421,29
821,81	1400,81
822,00	1327,08
822,18	1458,15
822,37	1429,48
822,55	1443,82
822,73	1433,58
822,92	1435,63
823,10	1398,76
823,28	1396,71
823,47	1374,19
823,65	1404,91
823,84	1372,14
824,02	1398,76
824,20	1402,86
824,39	1380,33
824,57	1507,30
824,75	1439,72
824,94	1419,24
825,12	1507,30
825,31	1419,24
825,49	1472,49
825,67	1409,00
825,86	1361,90
826,04	1390,57
826,22	1490,92
826,41	1468,39
826,59	1396,71
826,77	1427,43
826,96	1492,97
827,14	1411,05
827,32	1490,92
827,51	1427,43
827,69	1478,63
827,87	1386,47
828,06	1460,20
828,24	1376,24
828,42	1427,43
828,61	1423,34
828,79	1519,59
828,97	1433,58
829,16	1372,14
829,34	1339,37
829,52	1445,87
829,71	1507,30
829,89	1513,45
830,07	1409,00
830,26	1419,24
830,44	1333,23
830,62	1527,78
830,81	1441,77
830,99	1486,83
831,17	1425,39
831,36	1439,72
831,54	1478,63
831,72	1452,01
831,91	1454,06
832,09	1431,53
832,27	1423,34
832,45	1509,35
832,64	1423,34
832,82	1488,87
833,00	1404,91
833,19	1417,19
833,37	1415,15
833,55	1499,11
833,73	1396,71
833,92	1464,30
834,10	1343,47
834,28	1392,62
834,47	1462,25
834,65	1470,44
834,83	1400,81
835,01	1464,30
835,20	1380,33
835,38	1505,26
835,56	1404,91
835,74	1427,43
835,93	1337,32
836,11	1441,77
836,29	1411,05
836,47	1484,78
836,66	1388,52
836,84	1449,96
837,02	1382,38
837,21	1517,54
837,39	1433,58
837,57	1523,69
837,75	1509,35
837,94	1454,06
838,12	1413,10
838,30	1503,21
838,48	1519,59
838,66	1372,14
838,85	1525,74
839,03	1437,67
839,21	1413,10
839,39	1404,91
839,58	1384,43
839,76	1478,63
839,94	1482,73
840,12	1445,87
840,31	1515,50
840,49	1433,58
840,67	1372,14
840,85	1372,14
841,03	1443,82
841,22	1529,83
841,40	1472,49
841,58	1447,91
841,76	1437,67
841,94	1402,86
842,13	1529,83
842,31	1429,48
842,49	1406,95
842,67	1447,91
842,85	1435,63
843,04	1492,97
843,22	1439,72
843,40	1392,62
843,58	1445,87
843,76	1468,39
843,95	1497,07
844,13	1449,96
844,31	1435,63
844,49	1466,35
844,67	1382,38
844,86	1495,02
845,04	1357,80
845,22	1337,32
845,40	1400,81
845,58	1425,39
845,76	1478,63
845,95	1503,21
846,13	1443,82
846,31	1488,87
846,49	1439,72
846,67	1400,81
846,85	1468,39
847,04	1458,15
847,22	1443,82
847,40	1427,43
847,58	1488,87
847,76	1394,67
847,94	1337,32
848,12	1499,11
848,31	1404,91
848,49	1425,39
848,67	1411,05
848,85	1476,59
849,03	1492,97
849,21	1513,45
849,39	1570,79
849,58	1484,78
849,76	1452,01
849,94	1480,68
850,12	1476,59
850,30	1490,92
850,48	1406,95
850,66	1470,44
850,84	1439,72
851,03	1499,11
851,21	1361,90
851,39	1435,63
851,57	1482,73
851,75	1468,39
851,93	1435,63
852,11	1476,59
852,29	1396,71
852,47	1458,15
852,66	1427,43
852,84	1443,82
853,02	1439,72
853,20	1497,07
853,38	1480,68
853,56	1447,91
853,74	1474,54
853,92	1445,87
854,10	1478,63
854,28	1404,91
854,46	1441,77
854,65	1445,87
854,83	1386,47
855,01	1521,64
855,19	1411,05
855,37	1499,11
855,55	1437,67
855,73	1490,92
855,91	1456,11
856,09	1566,70
856,27	1462,25
856,45	1435,63
856,63	1402,86
856,81	1482,73
857,00	1492,97
857,18	1468,39
857,36	1482,73
857,54	1488,87
857,72	1423,34
857,90	1443,82
858,08	1521,64
858,26	1431,53
858,44	1460,20
858,62	1443,82
858,80	1427,43
858,98	1574,89
859,16	1447,91
859,34	1421,29
859,52	1519,59
859,70	1515,50
859,88	1462,25
860,06	1396,71
860,24	1435,63
860,42	1447,91
860,60	1458,15
860,78	1492,97
860,96	1429,48
861,14	1476,59
861,32	1533,93
861,50	1437,67
861,69	1382,38
861,87	1533,93
862,05	1447,91
862,23	1427,43
862,41	1456,11
862,59	1572,84
862,77	1439,72
862,95	1460,20
863,13	1480,68
863,31	1445,87
863,49	1441,77
863,67	1452,01
863,85	1472,49
864,03	1417,19
864,21	1435,63
864,39	1531,88
864,57	1472,49
864,75	1406,95
864,92	1558,50
865,10	1521,64
865,28	1353,71
865,46	1415,15
865,64	1497,07
865,82	1441,77
866,00	1445,87
866,18	1542,12
866,36	1380,33
866,54	1445,87
866,72	1392,62
866,90	1544,17
867,08	1542,12
867,26	1415,15
867,44	1398,76
867,62	1478,63
867,80	1413,10
867,98	1486,83
868,16	1523,69
868,34	1464,30
868,52	1415,15
868,70	1445,87
868,88	1439,72
869,06	1472,49
869,24	1495,02
869,42	1411,05
869,59	1452,01
869,77	1452,01
869,95	1447,91
870,13	1523,69
870,31	1349,61
870,49	1400,81
870,67	1398,76
870,85	1351,66
871,03	1476,59
871,21	1617,90
871,39	1488,87
871,57	1427,43
871,75	1456,11
871,92	1509,35
872,10	1396,71
872,28	1439,72
872,46	1449,96
872,64	1472,49
872,82	1423,34
873,00	1480,68
873,18	1472,49
873,36	1421,29
873,54	1439,72
873,72	1380,33
873,89	1480,68
874,07	1482,73
874,25	1525,74
874,43	1501,16
874,61	1472,49
874,79	1458,15
874,97	1380,33
875,15	1503,21
875,33	1492,97
875,50	1406,95
875,68	1431,53
875,86	1538,02
876,04	1482,73
876,22	1472,49
876,40	1454,06
876,58	1499,11
876,76	1472,49
876,93	1456,11
877,11	1454,06
877,29	1499,11
877,47	1386,47
877,65	1460,20
877,83	1478,63
878,01	1468,39
878,18	1460,20
878,36	1445,87
878,54	1482,73
878,72	1415,15
878,90	1363,95
879,08	1513,45
879,25	1480,68
879,43	1460,20
879,61	1427,43
879,79	1513,45
879,97	1404,91
880,15	1445,87
880,32	1466,35
880,50	1507,30
880,68	1460,20
880,86	1464,30
881,04	1409,00
881,22	1540,07
881,39	1468,39
881,57	1589,22
881,75	1415,15
881,93	1474,54
882,11	1425,39
882,28	1492,97
882,46	1474,54
882,64	1470,44
882,82	1505,26
883,00	1519,59
883,18	1435,63
883,35	1484,78
883,53	1458,15
883,71	1409,00
883,89	1480,68
884,07	1400,81
884,24	1421,29
884,42	1492,97
884,60	1449,96
884,78	1527,78
884,95	1392,62
885,13	1400,81
885,31	1435,63
885,49	1427,43
885,67	1425,39
885,84	1439,72
886,02	1454,06
886,20	1454,06
886,38	1394,67
886,55	1433,58
886,73	1417,19
886,91	1480,68
887,09	1427,43
887,26	1376,24
887,44	1462,25
887,62	1482,73
887,80	1374,19
887,98	1488,87
888,15	1490,92
888,33	1359,85
888,51	1394,67
888,69	1511,40
888,86	1484,78
889,04	1531,88
889,22	1396,71
889,39	1533,93
889,57	1484,78
889,75	1466,35
889,93	1431,53
890,10	1454,06
890,28	1378,28
890,46	1503,21
890,64	1472,49
890,81	1409,00
890,99	1445,87
891,17	1480,68
891,34	1435,63
891,52	1509,35
891,70	1417,19
891,88	1431,53
892,05	1411,05
892,23	1433,58
892,41	1458,15
892,58	1374,19
892,76	1452,01
892,94	1423,34
893,12	1566,70
893,29	1492,97
893,47	1349,61
893,65	1384,43
893,82	1417,19
894,00	1394,67
894,18	1542,12
894,35	1411,05
894,53	1409,00
894,71	1501,16
894,89	1396,71
895,06	1486,83
895,24	1433,58
895,42	1359,85
895,59	1417,19
895,77	1351,66
895,95	1441,77
896,12	1390,57
896,30	1400,81
896,48	1486,83
896,65	1441,77
896,83	1406,95
897,01	1415,15
897,18	1503,21
897,36	1552,36
897,54	1488,87
897,71	1511,40
897,89	1501,16
898,07	1382,38
898,24	1394,67
898,42	1402,86
898,59	1425,39
898,77	1376,24
898,95	1439,72
899,12	1458,15
899,30	1435,63
899,48	1392,62
899,65	1425,39
899,83	1300,46
900,01	1384,43
900,18	1388,52
900,36	1419,24
900,53	1366,00
900,71	1409,00
900,89	1456,11
901,06	1417,19
901,24	1402,86
901,42	1374,19
901,59	1388,52
901,77	1468,39
901,94	1388,52
902,12	1443,82
902,30	1351,66
902,47	1462,25
902,65	1478,63
902,82	1425,39
903,00	1429,48
903,18	1470,44
903,35	1390,57
903,53	1447,91
903,70	1529,83
903,88	1472,49
904,06	1523,69
904,23	1454,06
904,41	1372,14
904,58	1421,29
904,76	1411,05
904,93	1419,24
905,11	1456,11
905,29	1452,01
905,46	1349,61
905,64	1449,96
905,81	1404,91
905,99	1382,38
906,16	1492,97
906,34	1406,95
906,52	1433,58
906,69	1366,00
906,87	1454,06
907,04	1445,87
907,22	1411,05
907,39	1495,02
907,57	1380,33
907,75	1546,22
907,92	1382,38
908,10	1513,45
908,27	1388,52
908,45	1452,01
908,62	1447,91
908,80	1439,72
908,97	1406,95
909,15	1484,78
909,32	1404,91
909,50	1478,63
909,67	1406,95
909,85	1439,72
910,03	1419,24
910,20	1374,19
910,38	1398,76
910,55	1415,15
910,73	1482,73
910,90	1415,15
911,08	1486,83
911,25	1417,19
911,43	1363,95
911,60	1411,05
911,78	1445,87
911,95	1523,69
912,13	1415,15
912,30	1513,45
912,48	1425,39
912,65	1353,71
912,83	1470,44
913,00	1445,87
913,18	1507,30
913,35	1411,05
913,53	1394,67
913,70	1454,06
913,88	1417,19
914,05	1409,00
914,23	1359,85
914,40	1484,78
914,58	1480,68
914,75	1466,35
914,93	1384,43
915,10	1449,96
915,27	1505,26
915,45	1525,74
915,62	1417,19
915,80	1345,52
915,97	1406,95
916,15	1484,78
916,32	1468,39
916,50	1431,53
916,67	1437,67
916,85	1452,01
917,02	1443,82
917,20	1576,94
917,37	1449,96
917,54	1472,49
917,72	1531,88
917,89	1497,07
918,07	1474,54
918,24	1492,97
918,42	1441,77
918,59	1370,09
918,77	1456,11
918,94	1513,45
919,11	1378,28
919,29	1468,39
919,46	1517,54
919,64	1456,11
919,81	1466,35
919,99	1421,29
920,16	1513,45
920,33	1562,60
920,51	1484,78
920,68	1497,07
920,86	1472,49
921,03	1423,34
921,20	1419,24
921,38	1415,15
921,55	1445,87
921,73	1308,65
921,90	1409,00
922,07	1478,63
922,25	1343,47
922,42	1449,96
922,60	1476,59
922,77	1449,96
922,94	1482,73
923,12	1386,47
923,29	1533,93
923,47	1425,39
923,64	1372,14
923,81	1462,25
923,99	1452,01
924,16	1492,97
924,34	1484,78
924,51	1470,44
924,68	1552,36
924,86	1382,38
925,03	1452,01
925,20	1462,25
925,38	1509,35
925,55	1454,06
925,72	1464,30
925,90	1488,87
926,07	1468,39
926,25	1478,63
926,42	1482,73
926,59	1415,15
926,77	1437,67
926,94	1544,17
927,11	1376,24
927,29	1501,16
927,46	1417,19
927,63	1486,83
927,81	1443,82
927,98	1427,43
928,15	1468,39
928,33	1570,79
928,50	1443,82
928,67	1492,97
928,85	1415,15
929,02	1452,01
929,19	1460,20
929,37	1439,72
929,54	1464,30
929,71	1517,54
929,89	1443,82
930,06	1431,53
930,23	1486,83
930,41	1542,12
930,58	1449,96
930,75	1449,96
930,92	1462,25
931,10	1415,15
931,27	1413,10
931,44	1662,95
931,62	1392,62
931,79	1474,54
931,96	1456,11
932,14	1433,58
932,31	1525,74
932,48	1523,69
932,65	1368,04
932,83	1372,14
933,00	1462,25
933,17	1507,30
933,35	1458,15
933,52	1548,26
933,69	1509,35
933,86	1507,30
934,04	1439,72
934,21	1439,72
934,38	1499,11
934,55	1470,44
934,73	1374,19
934,90	1501,16
935,07	1452,01
935,25	1527,78
935,42	1396,71
935,59	1406,95
935,76	1484,78
935,94	1427,43
936,11	1384,43
936,28	1404,91
936,45	1390,57
936,63	1445,87
936,80	1398,76
936,97	1423,34
937,14	1425,39
937,31	1417,19
937,49	1507,30
937,66	1484,78
937,83	1497,07
938,00	1458,15
938,18	1519,59
938,35	1427,43
938,52	1552,36
938,69	1480,68
938,87	1460,20
939,04	1484,78
939,21	1406,95
939,38	1429,48
939,55	1337,32
939,73	1490,92
939,90	1454,06
940,07	1439,72
940,24	1388,52
940,41	1435,63
940,59	1370,09
940,76	1421,29
940,93	1419,24
941,10	1392,62
941,27	1378,28
941,45	1507,30
941,62	1423,34
941,79	1464,30
941,96	1443,82
942,13	1476,59
942,31	1449,96
942,48	1497,07
942,65	1517,54
942,82	1417,19
942,99	1503,21
943,16	1433,58
943,34	1413,10
943,51	1447,91
943,68	1417,19
943,85	1449,96
944,02	1460,20
944,19	1394,67
944,37	1482,73
944,54	1509,35
944,71	1472,49
944,88	1560,55
945,05	1458,15
945,22	1523,69
945,40	1435,63
945,57	1433,58
945,74	1425,39
945,91	1478,63
946,08	1495,02
946,25	1341,42
946,42	1366,00
946,60	1515,50
946,77	1544,17
946,94	1456,11
947,11	1476,59
947,28	1480,68
947,45	1370,09
947,62	1411,05
947,79	1427,43
947,97	1458,15
948,14	1490,92
948,31	1527,78
948,48	1411,05
948,65	1366,00
948,82	1370,09
948,99	1474,54
949,16	1441,77
949,33	1466,35
949,51	1421,29
949,68	1460,20
949,85	1423,34
950,02	1415,15
950,19	1341,42
950,36	1476,59
950,53	1466,35
950,70	1437,67
950,87	1482,73
951,04	1380,33
951,22	1482,73
951,39	1474,54
951,56	1425,39
951,73	1515,50
951,90	1351,66
952,07	1538,02
952,24	1484,78
952,41	1456,11
952,58	1427,43
952,75	1521,64
952,92	1368,04
953,09	1441,77
953,26	1400,81
953,43	1474,54
953,61	1488,87
953,78	1548,26
953,95	1374,19
954,12	1449,96
954,29	1484,78
954,46	1443,82
954,63	1411,05
954,80	1462,25
954,97	1392,62
955,14	1452,01
955,31	1433,58
955,48	1370,09
955,65	1433,58
955,82	1413,10
955,99	1466,35
956,16	1519,59
956,33	1435,63
956,50	1423,34
956,67	1425,39
956,84	1366,00
957,01	1427,43
957,18	1411,05
957,35	1376,24
957,52	1447,91
957,69	1515,50
957,86	1349,61
958,03	1456,11
958,20	1505,26
958,37	1363,95
958,54	1486,83
958,71	1380,33
958,88	1560,55
959,05	1437,67
959,22	1396,71
959,39	1402,86
959,56	1468,39
959,73	1492,97
959,90	1425,39
960,07	1460,20
960,24	1417,19
960,41	1378,28
960,58	1466,35
960,75	1421,29
960,92	1464,30
961,09	1443,82
961,26	1562,60
961,43	1460,20
961,60	1470,44
961,77	1533,93
961,94	1454,06
962,11	1443,82
962,28	1523,69
962,45	1452,01
962,62	1402,86
962,79	1464,30
962,96	1470,44
963,13	1437,67
963,30	1470,44
963,47	1441,77
963,64	1462,25
963,81	1574,89
963,98	1435,63
964,14	1476,59
964,31	1427,43
964,48	1460,20
964,65	1474,54
964,82	1382,38
964,99	1452,01
965,16	1480,68
965,33	1413,10
965,50	1435,63
965,67	1519,59
965,84	1484,78
966,01	1396,71
966,18	1404,91
966,35	1429,48
966,51	1427,43
966,68	1501,16
966,85	1427,43
967,02	1495,02
967,19	1388,52
967,36	1433,58
967,53	1433,58
967,70	1484,78
967,87	1515,50
968,04	1470,44
968,21	1480,68
968,37	1427,43
968,54	1423,34
968,71	1447,91
968,88	1441,77
969,05	1413,10
969,22	1372,14
969,39	1431,53
969,56	1482,73
969,72	1452,01
969,89	1435,63
970,06	1460,20
970,23	1499,11
970,40	1429,48
970,57	1480,68
970,74	1458,15
970,91	1327,08
971,07	1411,05
971,24	1447,91
971,41	1427,43
971,58	1386,47
971,75	1425,39
971,92	1488,87
972,09	1366,00
972,25	1394,67
972,42	1462,25
972,59	1421,29
972,76	1431,53
972,93	1429,48
973,10	1439,72
973,27	1476,59
973,43	1433,58
973,60	1445,87
973,77	1447,91
973,94	1443,82
974,11	1388,52
974,28	1431,53
974,44	1361,90
974,61	1419,24
974,78	1402,86
974,95	1366,00
975,12	1476,59
975,28	1497,07
975,45	1495,02
975,62	1433,58
975,79	1421,29
975,96	1404,91
976,12	1439,72
976,29	1456,11
976,46	1435,63
976,63	1509,35
976,80	1452,01
976,96	1435,63
977,13	1421,29
977,30	1400,81
977,47	1398,76
977,64	1392,62
977,80	1310,70
977,97	1388,52
978,14	1472,49
978,31	1419,24
978,48	1484,78
978,64	1445,87
978,81	1390,57
978,98	1411,05
979,15	1404,91
979,31	1388,52
979,48	1449,96
979,65	1449,96
979,82	1462,25
979,98	1384,43
980,15	1456,11
980,32	1576,94
980,49	1425,39
980,66	1396,71
980,82	1415,15
980,99	1370,09
981,16	1298,41
981,33	1525,74
981,49	1378,28
981,66	1347,56
981,83	1357,80
981,99	1394,67
982,16	1441,77
982,33	1386,47
982,50	1400,81
982,66	1429,48
982,83	1392,62
983,00	1488,87
983,17	1419,24
983,33	1372,14
983,50	1460,20
983,67	1370,09
983,83	1370,09
984,00	1382,38
984,17	1431,53
984,34	1423,34
984,50	1394,67
984,67	1368,04
984,84	1419,24
985,00	1363,95
985,17	1431,53
985,34	1421,29
985,51	1435,63
985,67	1431,53
985,84	1433,58
986,01	1388,52
986,17	1390,57
986,34	1396,71
986,51	1443,82
986,67	1398,76
986,84	1447,91
987,01	1417,19
987,17	1357,80
987,34	1400,81
987,51	1347,56
987,67	1411,05
987,84	1472,49
988,01	1415,15
988,17	1419,24
988,34	1361,90
988,51	1468,39
988,67	1409,00
988,84	1417,19
989,01	1374,19
989,17	1304,56
989,34	1380,33
989,51	1402,86
989,67	1404,91
989,84	1404,91
990,01	1439,72
990,17	1456,11
990,34	1402,86
990,51	1396,71
990,67	1388,52
990,84	1386,47
991,01	1421,29
991,17	1527,78
991,34	1417,19
991,50	1363,95
991,67	1366,00
991,84	1372,14
992,00	1355,76
992,17	1454,06
992,34	1527,78
992,50	1441,77
992,67	1456,11
992,83	1435,63
993,00	1296,36
993,17	1417,19
993,33	1404,91
993,50	1355,76
993,66	1480,68
993,83	1431,53
994,00	1409,00
994,16	1419,24
994,33	1431,53
994,49	1447,91
994,66	1345,52
994,83	1357,80
994,99	1398,76
995,16	1343,47
995,32	1464,30
995,49	1431,53
995,66	1427,43
995,82	1456,11
995,99	1425,39
996,15	1378,28
996,32	1390,57
996,48	1447,91
996,65	1341,42
996,82	1366,00
996,98	1423,34
997,15	1437,67
997,31	1419,24
997,48	1433,58
997,64	1339,37
997,81	1474,54
997,97	1417,19
998,14	1366,00
998,31	1376,24
998,47	1396,71
998,64	1417,19
998,80	1462,25
998,97	1417,19
999,13	1431,53
999,30	1382,38
999,46	1460,20
999,63	1400,81
999,79	1390,57
999,96	1413,10
1000,12	1435,63
1000,29	1447,91
1000,45	1413,10
1000,62	1386,47
1000,79	1431,53
1000,95	1454,06
1001,12	1419,24
1001,28	1368,04
1001,45	1456,11
1001,61	1435,63
1001,78	1327,08
1001,94	1456,11
1002,11	1484,78
1002,27	1501,16
1002,44	1406,95
1002,60	1439,72
1002,77	1495,02
1002,93	1472,49
1003,10	1349,61
1003,26	1443,82
1003,43	1437,67
1003,59	1472,49
1003,76	1366,00
1003,92	1417,19
1004,09	1384,43
1004,25	1466,35
1004,41	1419,24
1004,58	1406,95
1004,74	1458,15
1004,91	1427,43
1005,07	1435,63
1005,24	1501,16
1005,40	1456,11
1005,57	1329,13
1005,73	1357,80
1005,90	1386,47
1006,06	1386,47
1006,23	1456,11
1006,39	1404,91
1006,55	1394,67
1006,72	1488,87
1006,88	1359,85
1007,05	1454,06
1007,21	1429,48
1007,38	1398,76
1007,54	1380,33
1007,71	1415,15
1007,87	1359,85
1008,03	1464,30
1008,20	1413,10
1008,36	1277,93
1008,53	1409,00
1008,69	1390,57
1008,86	1472,49
1009,02	1419,24
1009,18	1456,11
1009,35	1384,43
1009,51	1400,81
1009,68	1441,77
1009,84	1353,71
1010,01	1445,87
1010,17	1402,86
1010,33	1396,71
1010,50	1415,15
1010,66	1470,44
1010,83	1396,71
1010,99	1464,30
1011,15	1390,57
1011,32	1398,76
1011,48	1456,11
1011,65	1425,39
1011,81	1402,86
1011,97	1429,48
1012,14	1445,87
1012,30	1394,67
1012,46	1398,76
1012,63	1343,47
1012,79	1398,76
1012,96	1402,86
1013,12	1411,05
1013,28	1447,91
1013,45	1423,34
1013,61	1347,56
1013,77	1478,63
1013,94	1433,58
1014,10	1396,71
1014,26	1357,80
1014,43	1421,29
1014,59	1411,05
1014,76	1466,35
1014,92	1454,06
1015,08	1353,71
1015,25	1370,09
1015,41	1433,58
1015,57	1396,71
1015,74	1325,04
1015,90	1376,24
1016,06	1378,28
1016,23	1411,05
1016,39	1382,38
1016,55	1413,10
1016,72	1357,80
1016,88	1452,01
1017,04	1329,13
1017,21	1421,29
1017,37	1325,04
1017,53	1413,10
1017,70	1411,05
1017,86	1327,08
1018,02	1454,06
1018,19	1445,87
1018,35	1394,67
1018,51	1382,38
1018,67	1370,09
1018,84	1372,14
1019,00	1388,52
1019,16	1411,05
1019,33	1378,28
1019,49	1433,58
1019,65	1372,14
1019,82	1443,82
1019,98	1304,56
1020,14	1406,95
1020,30	1466,35
1020,47	1337,32
1020,63	1472,49
1020,79	1443,82
1020,96	1366,00
1021,12	1366,00
1021,28	1476,59
1021,44	1423,34
1021,61	1476,59
1021,77	1316,84
1021,93	1378,28
1022,09	1386,47
1022,26	1462,25
1022,42	1398,76
1022,58	1388,52
1022,74	1421,29
1022,91	1421,29
1023,07	1398,76
1023,23	1366,00
1023,39	1390,57
1023,56	1343,47
1023,72	1449,96
1023,88	1374,19
1024,04	1409,00
1024,21	1431,53
1024,37	1400,81
1024,53	1499,11
1024,69	1296,36
1024,86	1462,25
1025,02	1284,08
1025,18	1355,76
1025,34	1368,04
1025,50	1384,43
1025,67	1384,43
1025,83	1433,58
1025,99	1462,25
1026,15	1495,02
1026,32	1398,76
1026,48	1357,80
1026,64	1427,43
1026,80	1388,52
1026,96	1419,24
1027,13	1443,82
1027,29	1460,20
1027,45	1349,61
1027,61	1335,28
1027,77	1359,85
1027,94	1437,67
1028,10	1429,48
1028,26	1337,32
1028,42	1374,19
1028,58	1439,72
1028,75	1359,85
1028,91	1388,52
1029,07	1423,34
1029,23	1474,54
1029,39	1435,63
1029,55	1374,19
1029,72	1441,77
1029,88	1398,76
1030,04	1415,15
1030,20	1449,96
1030,36	1314,80
1030,52	1378,28
1030,69	1437,67
1030,85	1495,02
1031,01	1464,30
1031,17	1372,14
1031,33	1337,32
1031,49	1439,72
1031,65	1400,81
1031,82	1404,91
1031,98	1353,71
1032,14	1511,40
1032,30	1415,15
1032,46	1386,47
1032,62	1406,95
1032,78	1419,24
1032,95	1413,10
1033,11	1449,96
1033,27	1363,95
1033,43	1423,34
1033,59	1486,83
1033,75	1427,43
1033,91	1439,72
1034,07	1439,72
1034,24	1398,76
1034,40	1341,42
1034,56	1398,76
1034,72	1345,52
1034,88	1456,11
1035,04	1458,15
1035,20	1406,95
1035,36	1265,64
1035,52	1331,18
1035,68	1380,33
1035,85	1417,19
1036,01	1415,15
1036,17	1482,73
1036,33	1404,91
1036,49	1318,89
1036,65	1368,04
1036,81	1398,76
1036,97	1402,86
1037,13	1378,28
1037,29	1335,28
1037,45	1366,00
1037,61	1308,65
1037,78	1413,10
1037,94	1540,07
1038,10	1372,14
1038,26	1337,32
1038,42	1357,80
1038,58	1419,24
1038,74	1380,33
1038,90	1413,10
1039,06	1396,71
1039,22	1390,57
1039,38	1433,58
1039,54	1359,85
1039,70	1388,52
1039,86	1419,24
1040,02	1378,28
1040,18	1435,63
1040,34	1376,24
1040,50	1427,43
1040,66	1415,15
1040,83	1386,47
1040,99	1325,04
1041,15	1470,44
1041,31	1456,11
1041,47	1388,52
1041,63	1374,19
1041,79	1386,47
1041,95	1411,05
1042,11	1464,30
1042,27	1468,39
1042,43	1382,38
1042,59	1521,64
1042,75	1372,14
1042,91	1452,01
