344,25	1247,21
344,46	1247,21
344,68	1247,21
344,90	1265,64
345,12	1251,31
345,34	1351,66
345,55	1425,39
345,77	1390,57
345,99	1370,09
346,21	1458,15
346,42	1398,76
346,64	1382,38
346,86	1306,60
347,08	1441,77
347,30	1335,28
347,51	1437,67
347,73	1384,43
347,95	1415,15
348,17	1398,76
348,38	1312,75
348,60	1411,05
348,82	1345,52
349,04	1404,91
349,25	1394,67
349,47	1445,87
349,69	1417,19
349,91	1449,96
350,13	1429,48
350,34	1398,76
350,56	1308,65
350,78	1368,04
351,00	1478,63
351,21	1427,43
351,43	1294,32
351,65	1402,86
351,87	1445,87
352,08	1460,20
352,30	1388,52
352,52	1282,03
352,74	1427,43
352,95	1462,25
353,17	1411,05
353,39	1372,14
353,61	1380,33
353,82	1425,39
354,04	1406,95
354,26	1454,06
354,47	1380,33
354,69	1456,11
354,91	1423,34
355,13	1380,33
355,34	1443,82
355,56	1413,10
355,78	1437,67
356,00	1492,97
356,21	1435,63
356,43	1415,15
356,65	1484,78
356,86	1372,14
357,08	1542,12
357,30	1449,96
357,52	1372,14
357,73	1439,72
357,95	1409,00
358,17	1411,05
358,38	1492,97
358,60	1484,78
358,82	1470,44
359,04	1411,05
359,25	1546,22
359,47	1562,60
359,69	1427,43
359,90	1413,10
360,12	1468,39
360,34	1529,83
360,56	1445,87
360,77	1529,83
360,99	1515,50
361,21	1507,30
361,42	1576,94
361,64	1458,15
361,86	1464,30
362,07	1503,21
362,29	1464,30
362,51	1499,11
362,73	1445,87
362,94	1439,72
363,16	1472,49
363,38	1474,54
363,59	1505,26
363,81	1476,59
364,03	1511,40
364,24	1583,08
364,46	1462,25
364,68	1456,11
364,89	1417,19
365,11	1572,84
365,33	1497,07
365,54	1404,91
365,76	1398,76
365,98	1591,27
366,19	1568,74
366,41	1529,83
366,63	1499,11
366,84	1484,78
367,06	1505,26
367,28	1617,90
367,49	1533,93
367,71	1486,83
367,93	1513,45
368,14	1617,90
368,36	1482,73
368,58	1521,64
368,79	1482,73
369,01	1443,82
369,23	1515,50
369,44	1533,93
369,66	1492,97
369,88	1531,88
370,09	1460,20
370,31	1511,40
370,53	1564,65
370,74	1513,45
370,96	1437,67
371,18	1587,18
371,39	1460,20
371,61	1540,07
371,82	1445,87
372,04	1437,67
372,26	1517,54
372,47	1515,50
372,69	1458,15
372,91	1585,13
373,12	1566,70
373,34	1521,64
373,56	1472,49
373,77	1476,59
373,99	1458,15
374,20	1476,59
374,42	1568,74
374,64	1550,31
374,85	1509,35
375,07	1484,78
375,29	1476,59
375,50	1501,16
375,72	1400,81
375,93	1437,67
376,15	1525,74
376,37	1429,48
376,58	1509,35
376,80	1546,22
377,01	1409,00
377,23	1509,35
377,45	1499,11
377,66	1589,22
377,88	1478,63
378,10	1495,02
378,31	1470,44
378,53	1552,36
378,74	1415,15
378,96	1454,06
379,18	1531,88
379,39	1452,01
379,61	1462,25
379,82	1484,78
380,04	1464,30
380,26	1501,16
380,47	1460,20
380,69	1394,67
380,90	1519,59
381,12	1402,86
381,33	1464,30
381,55	1431,53
381,77	1480,68
381,98	1497,07
382,20	1366,00
382,41	1480,68
382,63	1470,44
382,85	1497,07
383,06	1499,11
383,28	1462,25
383,49	1517,54
383,71	1472,49
383,92	1388,52
384,14	1441,77
384,36	1404,91
384,57	1384,43
384,79	1458,15
385,00	1488,87
385,22	1480,68
385,43	1441,77
385,65	1490,92
385,87	1447,91
386,08	1384,43
386,30	1374,19
386,51	1374,19
386,73	1402,86
386,94	1456,11
387,16	1437,67
387,37	1578,98
387,59	1415,15
387,81	1456,11
388,02	1445,87
388,24	1370,09
388,45	1357,80
388,67	1460,20
388,88	1445,87
389,10	1429,48
389,31	1429,48
389,53	1462,25
389,75	1503,21
389,96	1462,25
390,18	1445,87
390,39	1398,76
390,61	1492,97
390,82	1437,67
391,04	1456,11
391,25	1390,57
391,47	1384,43
391,68	1343,47
391,90	1560,55
392,11	1462,25
392,33	1484,78
392,54	1320,94
392,76	1423,34
392,97	1460,20
393,19	1507,30
393,41	1470,44
393,62	1464,30
393,84	1452,01
394,05	1488,87
394,27	1458,15
394,48	1429,48
394,70	1517,54
394,91	1486,83
395,13	1445,87
395,34	1464,30
395,56	1431,53
395,77	1464,30
395,99	1462,25
396,20	1404,91
396,42	1503,21
396,63	1488,87
396,85	1372,14
397,06	1396,71
397,28	1415,15
397,49	1480,68
397,71	1409,00
397,92	1550,31
398,14	1466,35
398,35	1607,66
398,57	1447,91
398,78	1540,07
399,00	1501,16
399,21	1429,48
399,43	1495,02
399,64	1474,54
399,86	1460,20
400,07	1519,59
400,29	1435,63
400,50	1517,54
400,72	1458,15
400,93	1421,29
401,14	1525,74
401,36	1417,19
401,57	1390,57
401,79	1488,87
402,00	1499,11
402,22	1505,26
402,43	1484,78
402,65	1478,63
402,86	1413,10
403,08	1566,70
403,29	1513,45
403,51	1548,26
403,72	1480,68
403,94	1474,54
404,15	1478,63
404,36	1503,21
404,58	1695,72
404,79	1490,92
405,01	1419,24
405,22	1492,97
405,44	1443,82
405,65	1413,10
405,87	1550,31
406,08	1464,30
406,30	1386,47
406,51	1484,78
406,72	1454,06
406,94	1468,39
407,15	1589,22
407,37	1593,32
407,58	1466,35
407,80	1542,12
408,01	1613,80
408,23	1421,29
408,44	1443,82
408,65	1423,34
408,87	1509,35
409,08	1413,10
409,30	1503,21
409,51	1531,88
409,73	1472,49
409,94	1468,39
410,15	1531,88
410,37	1576,94
410,58	1519,59
410,80	1490,92
411,01	1460,20
411,23	1556,46
411,44	1445,87
411,65	1501,16
411,87	1449,96
412,08	1460,20
412,30	1535,98
412,51	1480,68
412,72	1599,46
412,94	1554,41
413,15	1435,63
413,37	1499,11
413,58	1462,25
413,79	1488,87
414,01	1452,01
414,22	1456,11
414,44	1474,54
414,65	1490,92
414,86	1472,49
415,08	1470,44
415,29	1456,11
415,51	1413,10
415,72	1437,67
415,93	1478,63
416,15	1488,87
416,36	1480,68
416,58	1472,49
416,79	1484,78
417,00	1515,50
417,22	1525,74
417,43	1449,96
417,65	1492,97
417,86	1527,78
418,07	1578,98
418,29	1542,12
418,50	1527,78
418,71	1470,44
418,93	1501,16
419,14	1458,15
419,36	1445,87
419,57	1423,34
419,78	1527,78
420,00	1429,48
420,21	1517,54
420,42	1454,06
420,64	1529,83
420,85	1441,77
421,06	1468,39
421,28	1439,72
421,49	1478,63
421,71	1552,36
421,92	1507,30
422,13	1535,98
422,35	1521,64
422,56	1472,49
422,77	1490,92
422,99	1507,30
423,20	1486,83
423,41	1519,59
423,63	1464,30
423,84	1445,87
424,05	1517,54
424,27	1509,35
424,48	1591,27
424,69	1490,92
424,91	1701,86
425,12	1472,49
425,33	1566,70
425,55	1482,73
425,76	1454,06
425,97	1554,41
426,19	1464,30
426,40	1468,39
426,61	1591,27
426,83	1531,88
427,04	1595,37
427,25	1507,30
427,47	1507,30
427,68	1472,49
427,89	1488,87
428,11	1515,50
428,32	1585,13
428,53	1574,89
428,75	1503,21
428,96	1527,78
429,17	1495,02
429,39	1476,59
429,60	1531,88
429,81	1540,07
430,03	1519,59
430,24	1429,48
430,45	1535,98
430,67	1499,11
430,88	1470,44
431,09	1624,04
431,30	1509,35
431,52	1540,07
431,73	1505,26
431,94	1538,02
432,16	1535,98
432,37	1476,59
432,58	1443,82
432,80	1458,15
433,01	1542,12
433,22	1423,34
433,43	1425,39
433,65	1445,87
433,86	1462,25
434,07	1497,07
434,29	1513,45
434,50	1472,49
434,71	1472,49
434,92	1540,07
435,14	1490,92
435,35	1474,54
435,56	1462,25
435,77	1495,02
435,99	1452,01
436,20	1585,13
436,41	1456,11
436,63	1439,72
436,84	1484,78
437,05	1439,72
437,26	1533,93
437,48	1552,36
437,69	1554,41
437,90	1472,49
438,11	1515,50
438,33	1423,34
438,54	1392,62
438,75	1558,50
438,96	1482,73
439,18	1495,02
439,39	1509,35
439,60	1413,10
439,82	1542,12
440,03	1587,18
440,24	1578,98
440,45	1472,49
440,67	1630,18
440,88	1462,25
441,09	1574,89
441,30	1529,83
441,51	1544,17
441,73	1462,25
441,94	1431,53
442,15	1603,56
442,36	1554,41
442,58	1544,17
442,79	1460,20
443,00	1521,64
443,21	1581,03
443,43	1503,21
443,64	1556,46
443,85	1484,78
444,06	1458,15
444,28	1509,35
444,49	1462,25
444,70	1486,83
444,91	1583,08
445,12	1527,78
445,34	1482,73
445,55	1546,22
445,76	1449,96
445,97	1505,26
446,18	1492,97
446,40	1550,31
446,61	1472,49
446,82	1515,50
447,03	1519,59
447,25	1521,64
447,46	1437,67
447,67	1560,55
447,88	1531,88
448,09	1472,49
448,31	1564,65
448,52	1533,93
448,73	1542,12
448,94	1462,25
449,15	1505,26
449,37	1454,06
449,58	1546,22
449,79	1517,54
450,00	1624,04
450,21	1517,54
450,43	1560,55
450,64	1556,46
450,85	1499,11
451,06	1615,85
451,27	1552,36
451,48	1505,26
451,70	1480,68
451,91	1511,40
452,12	1570,79
452,33	1583,08
452,54	1613,80
452,76	1550,31
452,97	1626,09
453,18	1523,69
453,39	1624,04
453,60	1585,13
453,81	1568,74
454,03	1556,46
454,24	1533,93
454,45	1617,90
454,66	1525,74
454,87	1566,70
455,08	1615,85
455,30	1550,31
455,51	1628,14
455,72	1535,98
455,93	1566,70
456,14	1505,26
456,35	1574,89
456,56	1587,18
456,78	1607,66
456,99	1562,60
457,20	1542,12
457,41	1603,56
457,62	1564,65
457,83	1683,43
458,04	1603,56
458,26	1669,09
458,47	1517,54
458,68	1585,13
458,89	1591,27
459,10	1552,36
459,31	1562,60
459,52	1638,38
459,74	1597,42
459,95	1609,70
460,16	1570,79
460,37	1712,10
460,58	1603,56
460,79	1560,55
461,00	1615,85
461,21	1546,22
461,43	1566,70
461,64	1656,81
461,85	1607,66
462,06	1513,45
462,27	1531,88
462,48	1607,66
462,69	1572,84
462,90	1644,52
463,12	1650,66
463,33	1638,38
463,54	1574,89
463,75	1593,32
463,96	1675,24
464,17	1628,14
464,38	1568,74
464,59	1599,46
464,80	1619,94
465,01	1617,90
465,23	1546,22
465,44	1634,28
465,65	1679,33
465,86	1607,66
466,07	1578,98
466,28	1576,94
466,49	1642,47
466,70	1734,63
466,91	1687,53
467,12	1615,85
467,33	1583,08
467,55	1673,19
467,76	1609,70
467,97	1556,46
468,18	1724,39
468,39	1652,71
468,60	1742,82
468,81	1617,90
469,02	1591,27
469,23	1617,90
469,44	1640,42
469,65	1597,42
469,86	1628,14
470,07	1601,51
470,29	1728,49
470,50	1560,55
470,71	1701,86
470,92	1634,28
471,13	1673,19
471,34	1701,86
471,55	1675,24
471,76	1677,29
471,97	1650,66
472,18	1767,40
472,39	1662,95
472,60	1576,94
472,81	1785,83
473,02	1603,56
473,23	1777,64
473,44	1624,04
473,65	1619,94
473,87	1566,70
474,08	1660,90
474,29	1728,49
474,50	1685,48
474,71	1669,09
474,92	1718,25
475,13	1708,01
475,34	1728,49
475,55	1599,46
475,76	1755,11
475,97	1755,11
476,18	1767,40
476,39	1697,77
476,60	1730,53
476,81	1779,68
477,02	1718,25
477,23	1667,05
477,44	1701,86
477,65	1716,20
477,86	1775,59
478,07	1738,73
478,28	1718,25
478,49	1722,34
478,70	1800,16
478,91	1673,19
479,12	1718,25
479,33	1716,20
479,54	1662,95
479,75	1796,07
479,96	1798,12
480,17	1726,44
480,38	1673,19
480,59	1650,66
480,80	1818,60
481,01	1816,55
481,22	1808,36
481,43	1789,92
481,64	1808,36
481,85	1812,45
482,06	1802,21
482,27	1880,04
482,48	1857,51
482,69	1773,54
482,90	1830,88
483,11	1894,37
483,32	1906,66
483,53	1886,18
483,74	1841,12
483,95	1849,32
484,16	1861,60
484,37	1804,26
484,58	1970,15
484,79	1906,66
485,00	1800,16
485,21	1839,08
485,42	1886,18
485,63	1849,32
485,84	1890,28
486,05	1869,80
486,26	1896,42
486,47	1918,95
486,68	1939,43
486,89	1839,08
487,10	1904,61
487,31	1861,60
487,52	1974,24
487,73	1984,48
487,94	1890,28
488,15	1947,62
488,36	2033,63
488,57	1802,21
488,77	1906,66
488,98	1929,19
489,19	2009,06
489,40	2056,16
489,61	2011,11
489,82	1918,95
490,03	2039,78
490,24	1925,09
490,45	2068,45
490,66	1920,99
490,87	2058,21
491,08	1929,19
491,29	2050,02
491,50	2019,30
491,71	2101,22
491,92	2115,55
492,13	2111,46
492,33	2023,39
492,54	2156,51
492,75	2013,15
492,96	2133,98
493,17	2066,40
493,38	2119,65
493,59	2109,41
493,80	2224,09
494,01	2129,89
494,22	2217,95
494,43	2152,42
494,64	2136,03
494,85	2236,38
495,05	2265,05
495,26	2160,61
495,47	2244,57
495,68	2236,38
495,89	2299,87
496,10	2238,43
496,31	2279,39
496,52	2267,10
496,73	2256,86
496,94	2228,19
497,15	2402,27
497,35	2383,84
497,56	2265,05
497,77	2471,90
497,98	2422,75
498,19	2465,75
498,40	2418,65
498,61	2496,47
498,82	2383,84
499,03	2512,86
499,23	2494,43
499,44	2516,95
499,65	2586,58
499,86	2570,20
500,07	2463,71
500,28	2545,63
500,49	2609,11
500,70	2709,46
500,91	2682,84
501,11	2717,65
501,32	2772,95
501,53	2832,34
501,74	2758,61
501,95	2680,79
502,16	2828,24
502,37	2803,67
502,57	2867,16
502,78	2875,35
502,99	2760,66
503,20	2994,13
503,41	2967,51
503,62	2940,88
503,83	3153,87
504,03	3047,38
504,24	3209,17
504,45	3307,47
504,66	3186,64
504,87	3186,64
505,08	3248,08
505,29	3354,57
505,49	3301,33
505,70	3491,79
505,91	3483,59
506,12	3379,15
506,33	3436,49
506,54	3588,04
506,75	3542,99
506,95	3585,99
507,16	3624,90
507,37	3583,95
507,58	3768,26
507,79	3885,00
508,00	3809,22
508,20	3727,30
508,41	3954,63
508,62	3903,43
508,83	4044,74
509,04	3975,11
509,24	4040,64
509,45	4396,99
509,66	3981,25
509,87	4159,42
510,08	4130,75
510,29	4188,10
510,49	4188,10
510,70	4298,69
510,91	4302,78
511,12	4351,93
511,33	4229,06
511,53	4308,93
511,74	4458,43
511,95	4409,28
512,16	4509,63
512,37	4804,53
512,57	4593,59
512,78	4689,85
512,99	4526,01
513,20	4663,22
513,41	4728,76
513,61	4732,86
513,82	4892,60
514,03	4827,06
514,24	4915,12
514,45	4779,96
514,65	4980,66
514,86	4921,27
515,07	4882,36
515,28	4884,41
515,49	5011,38
515,69	5181,36
515,90	4894,65
516,11	4988,85
516,32	4863,93
516,52	5035,96
516,73	5113,78
516,94	5035,96
517,15	5066,67
517,36	5054,39
517,56	5236,66
517,77	5119,92
517,98	5167,03
518,19	5070,77
518,39	4945,84
518,60	5095,35
518,81	5148,59
519,02	5201,84
519,22	5046,20
519,43	5171,12
519,64	5117,87
519,85	5097,39
520,05	5097,39
520,26	5162,93
520,47	5023,67
520,68	5099,44
520,88	5044,15
521,09	5097,39
521,30	5081,01
521,51	5031,86
521,71	4990,90
521,92	4997,04
522,13	5066,67
522,34	5142,45
522,54	4976,56
522,75	4982,71
522,96	4822,97
523,17	4929,46
523,37	4878,26
523,58	4970,42
523,79	4900,79
523,99	4802,49
524,20	4757,43
524,41	4886,45
524,62	4870,07
524,82	4693,94
525,03	4702,14
525,24	4888,50
525,45	4487,10
525,65	4722,62
525,86	4532,15
526,07	4593,59
526,27	4249,54
526,48	4566,97
526,69	4505,53
526,90	4487,10
527,10	4382,65
527,31	4417,47
527,52	4231,10
527,72	4360,13
527,93	4052,93
528,14	4177,86
528,34	4231,10
528,55	4134,85
528,76	4165,57
528,97	4126,66
529,17	3938,24
529,38	4083,65
529,59	3839,94
529,79	4054,98
530,00	3811,27
530,21	3993,54
530,41	3833,80
530,62	3983,30
530,83	3948,48
531,03	3903,43
531,24	3585,99
531,45	3665,86
531,65	3665,86
531,86	3659,72
532,07	3553,23
532,27	3598,28
532,48	3303,37
532,69	3428,30
532,89	3401,68
533,10	3426,25
533,31	3338,19
533,51	3461,07
533,72	3258,32
533,93	3223,50
534,13	3119,06
534,34	3299,28
534,55	3026,90
534,75	3188,69
534,96	3059,67
535,17	3186,64
535,37	3098,58
535,58	3008,47
535,79	3094,48
535,99	2979,79
536,20	2869,20
536,41	2959,31
536,61	2764,76
536,82	2987,99
537,03	2746,33
537,23	2672,60
537,44	2660,31
537,64	2668,50
537,85	2682,84
538,06	2803,67
538,26	2629,59
538,47	2588,63
538,68	2457,56
538,88	2570,20
539,09	2406,36
539,30	2488,28
539,50	2545,63
539,71	2512,86
539,91	2230,24
540,12	2537,43
540,33	2455,51
540,53	2459,61
540,74	2324,44
540,94	2312,16
541,15	2285,53
541,36	2297,82
541,56	2080,74
541,77	2359,26
541,98	2310,11
542,18	2432,99
542,39	2131,94
542,59	2320,35
542,80	2111,46
543,01	2097,12
543,21	2004,96
543,42	2072,54
543,62	2127,84
543,83	2002,91
544,04	1933,28
544,24	1992,67
544,45	1955,81
544,65	2054,11
544,86	1943,52
545,06	1966,05
545,27	1816,55
545,48	1980,39
545,68	1929,19
545,89	1918,95
546,09	1890,28
546,30	1929,19
546,51	1935,33
546,71	1900,52
546,92	1902,56
547,12	1923,04
547,33	1767,40
547,53	1882,08
547,74	1785,83
547,95	1841,12
548,15	1822,69
548,36	1941,47
548,56	1757,16
548,77	1890,28
548,97	1765,35
549,18	1837,03
549,39	1785,83
549,59	1804,26
549,80	1640,42
550,00	1712,10
550,21	1638,38
550,41	1730,53
550,62	1701,86
550,82	1708,01
551,03	1554,41
551,23	1675,24
551,44	1646,57
551,65	1705,96
551,85	1634,28
552,06	1640,42
552,26	1720,29
552,47	1593,32
552,67	1554,41
552,88	1593,32
553,08	1605,61
553,29	1689,57
553,49	1611,75
553,70	1669,09
553,90	1607,66
554,11	1529,83
554,32	1677,29
554,52	1527,78
554,73	1630,18
554,93	1513,45
555,14	1495,02
555,34	1603,56
555,55	1587,18
555,75	1556,46
555,96	1566,70
556,16	1523,69
556,37	1712,10
556,57	1507,30
556,78	1525,74
556,98	1581,03
557,19	1523,69
557,39	1531,88
557,60	1636,33
557,80	1490,92
558,01	1540,07
558,21	1542,12
558,42	1503,21
558,62	1480,68
558,83	1544,17
559,03	1554,41
559,24	1439,72
559,44	1621,99
559,65	1525,74
559,85	1581,03
560,06	1488,87
560,26	1472,49
560,47	1529,83
560,67	1613,80
560,88	1517,54
561,08	1595,37
561,29	1646,57
561,49	1425,39
561,70	1519,59
561,90	1538,02
562,10	1562,60
562,31	1495,02
562,51	1517,54
562,72	1441,77
562,92	1548,26
563,13	1546,22
563,33	1558,50
563,54	1535,98
563,74	1544,17
563,95	1511,40
564,15	1570,79
564,36	1486,83
564,56	1492,97
564,76	1507,30
564,97	1495,02
565,17	1509,35
565,38	1501,16
565,58	1476,59
565,79	1505,26
565,99	1427,43
566,20	1468,39
566,40	1419,24
566,60	1552,36
566,81	1531,88
567,01	1529,83
567,22	1531,88
567,42	1517,54
567,63	1478,63
567,83	1419,24
568,04	1488,87
568,24	1511,40
568,44	1472,49
568,65	1413,10
568,85	1449,96
569,06	1402,86
569,26	1452,01
569,47	1452,01
569,67	1384,43
569,87	1400,81
570,08	1474,54
570,28	1576,94
570,49	1441,77
570,69	1509,35
570,89	1570,79
571,10	1509,35
571,30	1409,00
571,51	1417,19
571,71	1439,72
571,91	1499,11
572,12	1542,12
572,32	1482,73
572,53	1535,98
572,73	1501,16
572,93	1470,44
573,14	1495,02
573,34	1521,64
573,55	1454,06
573,75	1466,35
573,95	1462,25
574,16	1447,91
574,36	1435,63
574,57	1466,35
574,77	1521,64
574,97	1415,15
575,18	1511,40
575,38	1400,81
575,59	1474,54
575,79	1394,67
575,99	1445,87
576,20	1415,15
576,40	1460,20
576,60	1464,30
576,81	1386,47
577,01	1433,58
577,22	1515,50
577,42	1439,72
577,62	1478,63
577,83	1427,43
578,03	1470,44
578,23	1505,26
578,44	1423,34
578,64	1443,82
578,84	1521,64
579,05	1380,33
579,25	1501,16
579,45	1445,87
579,66	1425,39
579,86	1484,78
580,07	1474,54
580,27	1478,63
580,47	1390,57
580,68	1456,11
580,88	1398,76
581,08	1419,24
581,29	1472,49
581,49	1425,39
581,69	1429,48
581,90	1417,19
582,10	1398,76
582,30	1460,20
582,51	1511,40
582,71	1452,01
582,91	1345,52
583,12	1423,34
583,32	1427,43
583,52	1361,90
583,73	1380,33
583,93	1421,29
584,13	1445,87
584,34	1458,15
584,54	1351,66
584,74	1466,35
584,94	1400,81
585,15	1484,78
585,35	1413,10
585,55	1454,06
585,76	1441,77
585,96	1445,87
586,16	1411,05
586,37	1357,80
586,57	1417,19
586,77	1402,86
586,98	1429,48
587,18	1429,48
587,38	1398,76
587,58	1404,91
587,79	1497,07
587,99	1404,91
588,19	1423,34
588,40	1433,58
588,60	1454,06
588,80	1417,19
589,00	1347,56
589,21	1458,15
589,41	1443,82
589,61	1406,95
589,82	1404,91
590,02	1396,71
590,22	1421,29
590,42	1540,07
590,63	1441,77
590,83	1431,53
591,03	1431,53
591,23	1452,01
591,44	1441,77
591,64	1335,28
591,84	1439,72
592,05	1474,54
592,25	1454,06
592,45	1425,39
592,65	1386,47
592,86	1482,73
593,06	1521,64
593,26	1409,00
593,46	1472,49
593,67	1402,86
593,87	1357,80
594,07	1441,77
594,27	1464,30
594,48	1445,87
594,68	1472,49
594,88	1406,95
595,08	1435,63
595,29	1413,10
595,49	1409,00
595,69	1538,02
595,89	1435,63
596,10	1445,87
596,30	1374,19
596,50	1394,67
596,70	1392,62
596,90	1519,59
597,11	1359,85
597,31	1378,28
597,51	1423,34
597,71	1527,78
597,92	1486,83
598,12	1474,54
598,32	1445,87
598,52	1501,16
598,72	1406,95
598,93	1425,39
599,13	1521,64
599,33	1447,91
599,53	1468,39
599,74	1376,24
599,94	1390,57
600,14	1441,77
600,34	1492,97
600,54	1515,50
600,75	1419,24
600,95	1363,95
601,15	1443,82
601,35	1386,47
601,55	1447,91
601,76	1392,62
601,96	1529,83
602,16	1409,00
602,36	1484,78
602,56	1411,05
602,76	1423,34
602,97	1462,25
603,17	1392,62
603,37	1468,39
603,57	1437,67
603,77	1437,67
603,98	1439,72
604,18	1366,00
604,38	1417,19
604,58	1335,28
604,78	1488,87
604,98	1435,63
605,19	1433,58
605,39	1411,05
605,59	1445,87
605,79	1409,00
605,99	1499,11
606,19	1355,76
606,40	1423,34
606,60	1374,19
606,80	1390,57
607,00	1394,67
607,20	1445,87
607,40	1421,29
607,61	1437,67
607,81	1429,48
608,01	1462,25
608,21	1400,81
608,41	1456,11
608,61	1378,28
608,81	1372,14
609,02	1341,42
609,22	1351,66
609,42	1482,73
609,62	1398,76
609,82	1413,10
610,02	1443,82
610,22	1400,81
610,43	1347,56
610,63	1458,15
610,83	1472,49
611,03	1433,58
611,23	1441,77
611,43	1466,35
611,63	1488,87
611,83	1337,32
612,04	1431,53
612,24	1429,48
612,44	1445,87
612,64	1406,95
612,84	1433,58
613,04	1366,00
613,24	1460,20
613,44	1406,95
613,64	1366,00
613,85	1374,19
614,05	1464,30
614,25	1388,52
614,45	1396,71
614,65	1468,39
614,85	1394,67
615,05	1470,44
615,25	1439,72
615,45	1411,05
615,65	1349,61
615,86	1478,63
616,06	1464,30
616,26	1454,06
616,46	1482,73
616,66	1406,95
616,86	1462,25
617,06	1413,10
617,26	1458,15
617,46	1478,63
617,66	1458,15
617,86	1456,11
618,07	1357,80
618,27	1482,73
618,47	1353,71
618,67	1445,87
618,87	1409,00
619,07	1456,11
619,27	1486,83
619,47	1392,62
619,67	1517,54
619,87	1435,63
620,07	1513,45
620,27	1454,06
620,47	1415,15
620,67	1437,67
620,87	1316,84
621,07	1521,64
621,28	1419,24
621,48	1525,74
621,68	1441,77
621,88	1476,59
622,08	1380,33
622,28	1470,44
622,48	1480,68
622,68	1456,11
622,88	1456,11
623,08	1456,11
623,28	1419,24
623,48	1443,82
623,68	1468,39
623,88	1357,80
624,08	1486,83
624,28	1388,52
624,48	1392,62
624,68	1339,37
624,88	1411,05
625,08	1419,24
625,28	1357,80
625,48	1505,26
625,68	1433,58
625,88	1421,29
626,08	1433,58
626,28	1488,87
626,48	1425,39
626,68	1468,39
626,88	1415,15
627,08	1466,35
627,28	1591,27
627,48	1423,34
627,68	1499,11
627,88	1439,72
628,08	1452,01
628,28	1470,44
628,49	1406,95
628,68	1386,47
628,88	1445,87
629,08	1452,01
629,28	1439,72
629,48	1400,81
629,68	1497,07
629,88	1533,93
630,08	1540,07
630,28	1507,30
630,48	1447,91
630,68	1415,15
630,88	1378,28
631,08	1366,00
631,28	1492,97
631,48	1406,95
631,68	1456,11
631,88	1466,35
632,08	1423,34
632,28	1419,24
632,48	1484,78
632,68	1425,39
632,88	1447,91
633,08	1503,21
633,28	1398,76
633,48	1458,15
633,68	1458,15
633,88	1413,10
634,08	1535,98
634,28	1388,52
634,48	1478,63
634,68	1443,82
634,88	1464,30
635,08	1435,63
635,28	1480,68
635,48	1402,86
635,68	1368,04
635,87	1462,25
636,07	1421,29
636,27	1351,66
636,47	1468,39
636,67	1546,22
636,87	1394,67
637,07	1550,31
637,27	1400,81
637,47	1392,62
637,67	1486,83
637,87	1435,63
638,07	1488,87
638,27	1372,14
638,47	1538,02
638,67	1404,91
638,86	1441,77
639,06	1413,10
639,26	1495,02
639,46	1386,47
639,66	1513,45
639,86	1406,95
640,06	1400,81
640,26	1423,34
640,46	1382,38
640,66	1501,16
640,86	1486,83
641,06	1335,28
641,25	1458,15
641,45	1443,82
641,65	1390,57
641,85	1398,76
642,05	1478,63
642,25	1325,04
642,45	1515,50
642,65	1398,76
642,85	1404,91
643,05	1447,91
643,24	1431,53
643,44	1460,20
643,64	1476,59
643,84	1390,57
644,04	1402,86
644,24	1507,30
644,44	1429,48
644,64	1437,67
644,84	1413,10
645,03	1495,02
645,23	1505,26
645,43	1398,76
645,63	1458,15
645,83	1427,43
646,03	1417,19
646,23	1445,87
646,42	1533,93
646,62	1503,21
646,82	1429,48
647,02	1398,76
647,22	1482,73
647,42	1429,48
647,62	1452,01
647,82	1396,71
648,01	1689,57
648,21	1376,24
648,41	1406,95
648,61	1505,26
648,81	1458,15
649,01	1464,30
649,20	1439,72
649,40	1404,91
649,60	1415,15
649,80	1425,39
650,00	1413,10
650,20	1468,39
650,40	1462,25
650,59	1456,11
650,79	1505,26
650,99	1433,58
651,19	1396,71
651,39	1443,82
651,58	1406,95
651,78	1470,44
651,98	1470,44
652,18	1433,58
652,38	1452,01
652,58	1419,24
652,77	1486,83
652,97	1525,74
653,17	1433,58
653,37	1454,06
653,57	1497,07
653,77	1433,58
653,96	1460,20
654,16	1462,25
654,36	1505,26
654,56	1435,63
654,76	1474,54
654,95	1435,63
655,15	1452,01
655,35	1394,67
655,55	1347,56
655,75	1429,48
655,94	1400,81
656,14	1429,48
656,34	1468,39
656,54	1460,20
656,73	1544,17
656,93	1409,00
657,13	1521,64
657,33	1462,25
657,53	1415,15
657,72	1449,96
657,92	1472,49
658,12	1482,73
658,32	1452,01
658,52	1425,39
658,71	1472,49
658,91	1398,76
659,11	1433,58
659,31	1535,98
659,50	1435,63
659,70	1486,83
659,90	1456,11
660,10	1388,52
660,29	1515,50
660,49	1423,34
660,69	1435,63
660,89	1460,20
661,08	1454,06
661,28	1449,96
661,48	1359,85
661,68	1337,32
661,87	1421,29
662,07	1452,01
662,27	1470,44
662,47	1357,80
662,66	1505,26
662,86	1443,82
663,06	1445,87
663,26	1462,25
663,45	1546,22
663,65	1425,39
663,85	1470,44
664,05	1398,76
664,24	1480,68
664,44	1499,11
664,64	1411,05
664,84	1425,39
665,03	1466,35
665,23	1482,73
665,43	1345,52
665,62	1329,13
665,82	1417,19
666,02	1501,16
666,22	1527,78
666,41	1388,52
666,61	1458,15
666,81	1447,91
667,00	1460,20
667,20	1398,76
667,40	1400,81
667,60	1509,35
667,79	1437,67
667,99	1343,47
668,19	1372,14
668,38	1478,63
668,58	1521,64
668,78	1454,06
668,97	1509,35
669,17	1427,43
669,37	1398,76
669,57	1374,19
669,76	1501,16
669,96	1490,92
670,16	1437,67
670,35	1353,71
670,55	1400,81
670,75	1411,05
670,94	1480,68
671,14	1499,11
671,34	1456,11
671,53	1533,93
671,73	1456,11
671,93	1398,76
672,12	1384,43
672,32	1480,68
672,52	1449,96
672,71	1445,87
672,91	1435,63
673,11	1452,01
673,30	1406,95
673,50	1443,82
673,70	1480,68
673,89	1425,39
674,09	1452,01
674,29	1435,63
674,48	1452,01
674,68	1484,78
674,88	1425,39
675,07	1486,83
675,27	1382,38
675,46	1386,47
675,66	1478,63
675,86	1464,30
676,05	1431,53
676,25	1425,39
676,45	1458,15
676,64	1435,63
676,84	1409,00
677,04	1390,57
677,23	1550,31
677,43	1443,82
677,62	1523,69
677,82	1476,59
678,02	1366,00
678,21	1425,39
678,41	1531,88
678,61	1421,29
678,80	1474,54
679,00	1443,82
679,19	1546,22
679,39	1449,96
679,59	1435,63
679,78	1417,19
679,98	1454,06
680,17	1349,61
680,37	1423,34
680,57	1423,34
680,76	1435,63
680,96	1421,29
681,16	1447,91
681,35	1427,43
681,55	1464,30
681,74	1449,96
681,94	1480,68
682,13	1480,68
682,33	1480,68
682,53	1433,58
682,72	1445,87
682,92	1374,19
683,11	1468,39
683,31	1501,16
683,51	1331,18
683,70	1429,48
683,90	1425,39
684,09	1509,35
684,29	1490,92
684,48	1478,63
684,68	1468,39
684,88	1499,11
685,07	1468,39
685,27	1525,74
685,46	1452,01
685,66	1431,53
685,85	1368,04
686,05	1511,40
686,25	1490,92
686,44	1486,83
686,64	1464,30
686,83	1456,11
687,03	1535,98
687,22	1419,24
687,42	1396,71
687,61	1484,78
687,81	1421,29
688,01	1445,87
688,20	1439,72
688,40	1427,43
688,59	1468,39
688,79	1490,92
688,98	1411,05
689,18	1456,11
689,37	1413,10
689,57	1503,21
689,76	1478,63
689,96	1472,49
690,15	1456,11
690,35	1423,34
690,54	1435,63
690,74	1454,06
690,94	1437,67
691,13	1480,68
691,33	1423,34
691,52	1464,30
691,72	1423,34
691,91	1431,53
692,11	1472,49
692,30	1384,43
692,50	1550,31
692,69	1476,59
692,89	1478,63
693,08	1357,80
693,28	1499,11
693,47	1394,67
693,67	1497,07
693,86	1361,90
694,06	1425,39
694,25	1427,43
694,45	1507,30
694,64	1380,33
694,84	1435,63
695,03	1458,15
695,23	1388,52
695,42	1445,87
695,62	1423,34
695,81	1492,97
696,01	1507,30
696,20	1370,09
696,40	1449,96
696,59	1482,73
696,78	1443,82
696,98	1474,54
697,17	1452,01
697,37	1398,76
697,56	1386,47
697,76	1423,34
697,95	1521,64
698,15	1406,95
698,34	1474,54
698,54	1478,63
698,73	1626,09
698,93	1421,29
699,12	1456,11
699,32	1560,55
699,51	1388,52
699,70	1390,57
699,90	1452,01
700,09	1527,78
700,29	1396,71
700,48	1366,00
700,68	1497,07
700,87	1394,67
701,07	1525,74
701,26	1423,34
701,45	1388,52
701,65	1392,62
701,84	1339,37
702,04	1482,73
702,23	1382,38
702,43	1339,37
702,62	1423,34
702,81	1443,82
703,01	1374,19
703,20	1476,59
703,40	1404,91
703,59	1400,81
703,79	1443,82
703,98	1445,87
704,17	1421,29
704,37	1404,91
704,56	1445,87
704,76	1372,14
704,95	1398,76
705,14	1406,95
705,34	1398,76
705,53	1378,28
705,73	1257,45
705,92	1388,52
706,11	1468,39
706,31	1419,24
706,50	1427,43
706,70	1454,06
706,89	1388,52
707,08	1417,19
707,28	1495,02
707,47	1398,76
707,67	1402,86
707,86	1400,81
708,05	1472,49
708,25	1339,37
708,44	1419,24
708,64	1382,38
708,83	1431,53
709,02	1398,76
709,22	1449,96
709,41	1370,09
709,60	1474,54
709,80	1347,56
709,99	1435,63
710,19	1406,95
710,38	1384,43
710,57	1345,52
710,77	1445,87
710,96	1351,66
711,15	1406,95
711,35	1353,71
711,54	1460,20
711,73	1325,04
711,93	1318,89
712,12	1427,43
712,31	1415,15
712,51	1398,76
712,70	1347,56
712,89	1378,28
713,09	1447,91
713,28	1361,90
713,48	1372,14
713,67	1480,68
713,86	1347,56
714,06	1431,53
714,25	1351,66
714,44	1447,91
714,64	1476,59
714,83	1404,91
715,02	1382,38
715,22	1452,01
715,41	1423,34
715,60	1372,14
715,79	1370,09
715,99	1433,58
716,18	1433,58
716,37	1320,94
716,57	1363,95
716,76	1517,54
716,95	1517,54
717,15	1398,76
717,34	1386,47
717,53	1374,19
717,73	1468,39
717,92	1400,81
718,11	1478,63
718,31	1382,38
718,50	1404,91
718,69	1378,28
718,88	1511,40
719,08	1458,15
719,27	1335,28
719,46	1400,81
719,66	1470,44
719,85	1337,32
720,04	1470,44
720,23	1398,76
720,43	1361,90
720,62	1417,19
720,81	1374,19
721,01	1435,63
721,20	1427,43
721,39	1443,82
721,58	1372,14
721,78	1390,57
721,97	1425,39
722,16	1333,23
722,35	1398,76
722,55	1372,14
722,74	1427,43
722,93	1433,58
723,13	1368,04
723,32	1449,96
723,51	1398,76
723,70	1382,38
723,90	1382,38
724,09	1390,57
724,28	1329,13
724,47	1443,82
724,67	1456,11
724,86	1447,91
725,05	1423,34
725,24	1327,08
725,44	1406,95
725,63	1366,00
725,82	1357,80
726,01	1402,86
726,21	1447,91
726,40	1404,91
726,59	1441,77
726,78	1339,37
726,97	1439,72
727,17	1312,75
727,36	1476,59
727,55	1384,43
727,74	1312,75
727,94	1404,91
728,13	1425,39
728,32	1394,67
728,51	1439,72
728,70	1406,95
728,90	1400,81
729,09	1449,96
729,28	1423,34
729,47	1501,16
729,66	1376,24
729,86	1413,10
730,05	1417,19
730,24	1443,82
730,43	1468,39
730,63	1304,56
730,82	1515,50
731,01	1382,38
731,20	1363,95
731,39	1363,95
731,58	1353,71
731,78	1370,09
731,97	1366,00
732,16	1378,28
732,35	1501,16
732,54	1423,34
732,74	1390,57
732,93	1452,01
733,12	1374,19
733,31	1368,04
733,50	1390,57
733,69	1357,80
733,89	1488,87
734,08	1460,20
734,27	1398,76
734,46	1370,09
734,65	1421,29
734,84	1394,67
735,04	1433,58
735,23	1415,15
735,42	1449,96
735,61	1335,28
735,80	1443,82
735,99	1390,57
736,19	1449,96
736,38	1359,85
736,57	1380,33
736,76	1366,00
736,95	1413,10
737,14	1378,28
737,33	1409,00
737,53	1482,73
737,72	1427,43
737,91	1437,67
738,10	1470,44
738,29	1402,86
738,48	1447,91
738,67	1382,38
738,87	1400,81
739,06	1312,75
739,25	1400,81
739,44	1411,05
739,63	1429,48
739,82	1462,25
740,01	1398,76
740,20	1392,62
740,40	1423,34
740,59	1392,62
740,78	1394,67
740,97	1351,66
741,16	1439,72
741,35	1490,92
741,54	1482,73
741,73	1409,00
741,92	1413,10
742,12	1419,24
742,31	1454,06
742,50	1392,62
742,69	1433,58
742,88	1329,13
743,07	1417,19
743,26	1349,61
743,45	1443,82
743,64	1325,04
743,83	1351,66
744,02	1406,95
744,22	1378,28
744,41	1427,43
744,60	1411,05
744,79	1447,91
744,98	1409,00
745,17	1378,28
745,36	1409,00
745,55	1501,16
745,74	1386,47
745,93	1386,47
746,12	1370,09
746,31	1435,63
746,50	1495,02
746,70	1396,71
746,89	1488,87
747,08	1417,19
747,27	1312,75
747,46	1400,81
747,65	1478,63
747,84	1363,95
748,03	1386,47
748,22	1421,29
748,41	1509,35
748,60	1392,62
748,79	1464,30
748,98	1435,63
749,17	1388,52
749,36	1456,11
749,55	1478,63
749,74	1363,95
749,93	1476,59
750,12	1335,28
750,31	1437,67
750,50	1454,06
750,70	1312,75
750,89	1472,49
751,08	1519,59
751,27	1433,58
751,46	1384,43
751,65	1398,76
751,84	1435,63
752,03	1394,67
752,22	1415,15
752,41	1486,83
752,60	1361,90
752,79	1474,54
752,98	1402,86
753,17	1419,24
753,36	1398,76
753,55	1472,49
753,74	1433,58
753,93	1488,87
754,12	1398,76
754,31	1492,97
754,50	1443,82
754,69	1429,48
754,88	1476,59
755,07	1343,47
755,26	1413,10
755,45	1345,52
755,64	1421,29
755,83	1470,44
756,02	1400,81
756,21	1468,39
756,40	1447,91
756,59	1351,66
756,78	1447,91
756,97	1474,54
757,16	1464,30
757,35	1521,64
757,54	1433,58
757,72	1460,20
757,91	1413,10
758,10	1388,52
758,29	1402,86
758,48	1452,01
758,67	1406,95
758,86	1472,49
759,05	1486,83
759,24	1466,35
759,43	1482,73
759,62	1454,06
759,81	1503,21
760,00	1525,74
760,19	1423,34
760,38	1488,87
760,57	1460,20
760,76	1415,15
760,95	1456,11
761,14	1402,86
761,33	1411,05
761,52	1406,95
761,70	1411,05
761,89	1400,81
762,08	1431,53
762,27	1466,35
762,46	1497,07
762,65	1415,15
762,84	1388,52
763,03	1384,43
763,22	1421,29
763,41	1499,11
763,60	1452,01
763,79	1396,71
763,98	1417,19
764,16	1294,32
764,35	1515,50
764,54	1482,73
764,73	1517,54
764,92	1433,58
765,11	1505,26
765,30	1431,53
765,49	1452,01
765,68	1503,21
765,87	1484,78
766,06	1380,33
766,24	1474,54
766,43	1529,83
766,62	1464,30
766,81	1460,20
767,00	1550,31
767,19	1372,14
767,38	1454,06
767,57	1402,86
767,76	1380,33
767,94	1452,01
768,13	1423,34
768,32	1449,96
768,51	1349,61
768,70	1445,87
768,89	1509,35
769,08	1423,34
769,27	1454,06
769,45	1468,39
769,64	1521,64
769,83	1402,86
770,02	1429,48
770,21	1486,83
770,40	1427,43
770,59	1398,76
770,77	1476,59
770,96	1540,07
771,15	1486,83
771,34	1404,91
771,53	1460,20
771,72	1452,01
771,91	1499,11
772,09	1433,58
772,28	1492,97
772,47	1423,34
772,66	1527,78
772,85	1411,05
773,04	1521,64
773,22	1550,31
773,41	1454,06
773,60	1492,97
773,79	1390,57
773,98	1452,01
774,17	1452,01
774,35	1441,77
774,54	1464,30
774,73	1413,10
774,92	1452,01
775,11	1476,59
775,30	1509,35
775,48	1462,25
775,67	1447,91
775,86	1462,25
776,05	1484,78
776,24	1542,12
776,42	1474,54
776,61	1503,21
776,80	1503,21
776,99	1427,43
777,18	1562,60
777,36	1445,87
777,55	1445,87
777,74	1423,34
777,93	1497,07
778,12	1427,43
778,30	1478,63
778,49	1468,39
778,68	1546,22
778,87	1484,78
779,06	1490,92
779,24	1472,49
779,43	1462,25
779,62	1499,11
779,81	1439,72
779,99	1390,57
780,18	1445,87
780,37	1495,02
780,56	1531,88
780,75	1462,25
780,93	1497,07
781,12	1478,63
781,31	1540,07
781,50	1486,83
781,68	1452,01
781,87	1406,95
782,06	1423,34
782,25	1488,87
782,43	1499,11
782,62	1390,57
782,81	1470,44
783,00	1390,57
783,18	1435,63
783,37	1468,39
783,56	1497,07
783,75	1411,05
783,93	1456,11
784,12	1372,14
784,31	1439,72
784,50	1370,09
784,68	1486,83
784,87	1445,87
785,06	1495,02
785,24	1452,01
785,43	1517,54
785,62	1484,78
785,81	1466,35
785,99	1468,39
786,18	1443,82
786,37	1437,67
786,56	1411,05
786,74	1431,53
786,93	1523,69
787,12	1439,72
787,30	1374,19
787,49	1503,21
787,68	1409,00
787,87	1329,13
788,05	1488,87
788,24	1409,00
788,43	1343,47
788,61	1556,46
788,80	1499,11
788,99	1433,58
789,17	1472,49
789,36	1460,20
789,55	1462,25
789,73	1470,44
789,92	1398,76
790,11	1417,19
790,30	1435,63
790,48	1419,24
790,67	1464,30
790,86	1468,39
791,04	1439,72
791,23	1490,92
791,42	1474,54
791,60	1396,71
791,79	1476,59
791,98	1398,76
792,16	1480,68
792,35	1441,77
792,54	1331,18
792,72	1435,63
792,91	1398,76
793,10	1370,09
793,28	1421,29
793,47	1357,80
793,66	1359,85
793,84	1382,38
794,03	1417,19
794,22	1468,39
794,40	1472,49
794,59	1462,25
794,77	1366,00
794,96	1351,66
795,15	1488,87
795,33	1347,56
795,52	1591,27
795,71	1378,28
795,89	1378,28
796,08	1505,26
796,27	1349,61
796,45	1386,47
796,64	1419,24
796,82	1476,59
797,01	1484,78
797,20	1468,39
797,38	1374,19
797,57	1413,10
797,76	1388,52
797,94	1413,10
798,13	1396,71
798,31	1429,48
798,50	1366,00
798,69	1433,58
798,87	1439,72
799,06	1435,63
799,24	1316,84
799,43	1454,06
799,62	1380,33
799,80	1351,66
799,99	1505,26
800,17	1458,15
800,36	1425,39
800,55	1388,52
800,73	1386,47
800,92	1411,05
801,10	1464,30
801,29	1468,39
801,48	1423,34
801,66	1441,77
801,85	1357,80
802,03	1376,24
802,22	1382,38
802,40	1398,76
802,59	1437,67
802,78	1386,47
802,96	1458,15
803,15	1499,11
803,33	1452,01
803,52	1452,01
803,70	1413,10
803,89	1435,63
804,08	1359,85
804,26	1441,77
804,45	1355,76
804,63	1390,57
804,82	1394,67
805,00	1363,95
805,19	1392,62
805,37	1413,10
805,56	1419,24
805,74	1400,81
805,93	1419,24
806,12	1439,72
806,30	1398,76
806,49	1406,95
806,67	1402,86
806,86	1353,71
807,04	1390,57
807,23	1400,81
807,41	1374,19
807,60	1357,80
807,78	1470,44
807,97	1775,59
808,15	1349,61
808,34	1437,67
808,52	1400,81
808,71	1345,52
808,89	1337,32
809,08	1363,95
809,27	1439,72
809,45	1363,95
809,64	1417,19
809,82	1413,10
810,01	1374,19
810,19	1441,77
810,38	1443,82
810,56	1347,56
810,75	1466,35
810,93	1458,15
811,12	1439,72
811,30	1355,76
811,49	1357,80
811,67	1507,30
811,85	1470,44
812,04	1388,52
812,22	1470,44
812,41	1376,24
812,59	1437,67
812,78	1380,33
812,96	1380,33
813,15	1419,24
813,33	1468,39
813,52	1376,24
813,70	1458,15
813,89	1353,71
814,07	1437,67
814,26	1417,19
814,44	1312,75
814,63	1423,34
814,81	1437,67
815,00	1376,24
815,18	1458,15
815,36	1374,19
815,55	1429,48
815,73	1452,01
815,92	1447,91
816,10	1474,54
816,29	1411,05
816,47	1390,57
816,66	1472,49
816,84	1527,78
817,02	1472,49
817,21	1388,52
817,39	1423,34
817,58	1433,58
817,76	1437,67
817,95	1482,73
818,13	1337,32
818,32	1443,82
818,50	1499,11
818,68	1413,10
818,87	1464,30
819,05	1447,91
819,24	1449,96
819,42	1419,24
819,60	1427,43
819,79	1406,95
819,97	1439,72
820,16	1443,82
820,34	1400,81
820,53	1404,91
820,71	1347,56
820,89	1370,09
821,08	1370,09
821,26	1374,19
821,45	1298,41
821,63	1357,80
821,81	1398,76
822,00	1392,62
822,18	1456,11
822,37	1413,10
822,55	1392,62
822,73	1425,39
822,92	1466,35
823,10	1445,87
823,28	1374,19
823,47	1419,24
823,65	1427,43
823,84	1382,38
824,02	1464,30
824,20	1443,82
824,39	1456,11
824,57	1433,58
824,75	1499,11
824,94	1472,49
825,12	1472,49
825,31	1429,48
825,49	1439,72
825,67	1437,67
825,86	1378,28
826,04	1445,87
826,22	1470,44
826,41	1431,53
826,59	1458,15
826,77	1433,58
826,96	1488,87
827,14	1392,62
827,32	1394,67
827,51	1419,24
827,69	1476,59
827,87	1413,10
828,06	1495,02
828,24	1452,01
828,42	1435,63
828,61	1509,35
828,79	1460,20
828,97	1464,30
829,16	1503,21
829,34	1390,57
829,52	1464,30
829,71	1478,63
829,89	1462,25
830,07	1452,01
830,26	1452,01
830,44	1390,57
830,62	1521,64
830,81	1466,35
830,99	1480,68
831,17	1435,63
831,36	1392,62
831,54	1507,30
831,72	1366,00
831,91	1366,00
832,09	1439,72
832,27	1390,57
832,45	1472,49
832,64	1374,19
832,82	1421,29
833,00	1419,24
833,19	1308,65
833,37	1384,43
833,55	1427,43
833,73	1452,01
833,92	1445,87
834,10	1411,05
834,28	1380,33
834,47	1423,34
834,65	1460,20
834,83	1439,72
835,01	1472,49
835,20	1396,71
835,38	1443,82
835,56	1464,30
835,74	1443,82
835,93	1507,30
836,11	1490,92
836,29	1402,86
836,47	1486,83
836,66	1499,11
836,84	1419,24
837,02	1396,71
837,21	1488,87
837,39	1359,85
837,57	1540,07
837,75	1488,87
837,94	1404,91
838,12	1458,15
838,30	1425,39
838,48	1421,29
838,66	1443,82
838,85	1396,71
839,03	1456,11
839,21	1411,05
839,39	1388,52
839,58	1413,10
839,76	1392,62
839,94	1439,72
840,12	1427,43
840,31	1484,78
840,49	1441,77
840,67	1386,47
840,85	1431,53
841,03	1443,82
841,22	1415,15
841,40	1546,22
841,58	1417,19
841,76	1443,82
841,94	1437,67
842,13	1476,59
842,31	1460,20
842,49	1484,78
842,67	1366,00
842,85	1452,01
843,04	1495,02
843,22	1411,05
843,40	1517,54
843,58	1456,11
843,76	1388,52
843,95	1433,58
844,13	1476,59
844,31	1488,87
844,49	1462,25
844,67	1384,43
844,86	1468,39
845,04	1376,24
845,22	1390,57
845,40	1366,00
845,58	1417,19
845,76	1431,53
845,95	1480,68
846,13	1435,63
846,31	1517,54
846,49	1466,35
846,67	1419,24
846,85	1361,90
847,04	1517,54
847,22	1476,59
847,40	1433,58
847,58	1431,53
847,76	1429,48
847,94	1447,91
848,12	1470,44
848,31	1433,58
848,49	1417,19
848,67	1503,21
848,85	1431,53
849,03	1535,98
849,21	1501,16
849,39	1472,49
849,58	1492,97
849,76	1445,87
849,94	1556,46
850,12	1472,49
850,30	1587,18
850,48	1501,16
850,66	1513,45
850,84	1456,11
851,03	1484,78
851,21	1472,49
851,39	1517,54
851,57	1415,15
851,75	1433,58
851,93	1441,77
852,11	1591,27
852,29	1505,26
852,47	1535,98
852,66	1464,30
852,84	1439,72
853,02	1456,11
853,20	1556,46
853,38	1521,64
853,56	1554,41
853,74	1521,64
853,92	1454,06
854,10	1427,43
854,28	1476,59
854,46	1415,15
854,65	1370,09
854,83	1384,43
855,01	1515,50
855,19	1427,43
855,37	1409,00
855,55	1429,48
855,73	1374,19
855,91	1492,97
856,09	1398,76
856,27	1507,30
856,45	1488,87
856,63	1392,62
856,81	1511,40
857,00	1447,91
857,18	1548,26
857,36	1433,58
857,54	1501,16
857,72	1533,93
857,90	1482,73
858,08	1507,30
858,26	1478,63
858,44	1466,35
858,62	1480,68
858,80	1333,23
858,98	1495,02
859,16	1470,44
859,34	1411,05
859,52	1417,19
859,70	1497,07
859,88	1460,20
860,06	1425,39
860,24	1474,54
860,42	1413,10
860,60	1460,20
860,78	1478,63
860,96	1497,07
861,14	1464,30
861,32	1480,68
861,50	1443,82
861,69	1501,16
861,87	1470,44
862,05	1411,05
862,23	1429,48
862,41	1464,30
862,59	1474,54
862,77	1456,11
862,95	1484,78
863,13	1544,17
863,31	1464,30
863,49	1513,45
863,67	1452,01
863,85	1460,20
864,03	1433,58
864,21	1476,59
864,39	1433,58
864,57	1511,40
864,75	1478,63
864,92	1509,35
865,10	1488,87
865,28	1435,63
865,46	1406,95
865,64	1415,15
865,82	1529,83
866,00	1490,92
866,18	1540,07
866,36	1478,63
866,54	1472,49
866,72	1460,20
866,90	1529,83
867,08	1488,87
867,26	1402,86
867,44	1456,11
867,62	1499,11
867,80	1415,15
867,98	1542,12
868,16	1484,78
868,34	1464,30
868,52	1470,44
868,70	1443,82
868,88	1482,73
869,06	1447,91
869,24	1456,11
869,42	1400,81
869,59	1474,54
869,77	1525,74
869,95	1513,45
870,13	1464,30
870,31	1431,53
870,49	1513,45
870,67	1480,68
870,85	1466,35
871,03	1499,11
871,21	1505,26
871,39	1452,01
871,57	1464,30
871,75	1452,01
871,92	1490,92
872,10	1429,48
872,28	1370,09
872,46	1501,16
872,64	1472,49
872,82	1480,68
873,00	1460,20
873,18	1454,06
873,36	1490,92
873,54	1370,09
873,72	1359,85
873,89	1458,15
874,07	1425,39
874,25	1546,22
874,43	1484,78
874,61	1462,25
874,79	1454,06
874,97	1406,95
875,15	1417,19
875,33	1458,15
875,50	1423,34
875,68	1396,71
875,86	1495,02
876,04	1316,84
876,22	1478,63
876,40	1519,59
876,58	1464,30
876,76	1447,91
876,93	1460,20
877,11	1409,00
877,29	1568,74
877,47	1417,19
877,65	1357,80
877,83	1492,97
878,01	1425,39
878,18	1525,74
878,36	1447,91
878,54	1486,83
878,72	1406,95
878,90	1394,67
879,08	1521,64
879,25	1482,73
879,43	1376,24
879,61	1439,72
879,79	1419,24
879,97	1380,33
880,15	1462,25
880,32	1490,92
880,50	1517,54
880,68	1492,97
880,86	1527,78
881,04	1497,07
881,22	1550,31
881,39	1449,96
881,57	1591,27
881,75	1415,15
881,93	1384,43
882,11	1501,16
882,28	1484,78
882,46	1388,52
882,64	1417,19
882,82	1419,24
883,00	1486,83
883,18	1386,47
883,35	1456,11
883,53	1441,77
883,71	1458,15
883,89	1460,20
884,07	1425,39
884,24	1480,68
884,42	1386,47
884,60	1423,34
884,78	1523,69
884,95	1406,95
885,13	1433,58
885,31	1359,85
885,49	1415,15
885,67	1437,67
885,84	1447,91
886,02	1423,34
886,20	1366,00
886,38	1435,63
886,55	1392,62
886,73	1439,72
886,91	1456,11
887,09	1454,06
887,26	1388,52
887,44	1497,07
887,62	1447,91
887,80	1390,57
887,98	1445,87
888,15	1392,62
888,33	1402,86
888,51	1472,49
888,69	1535,98
888,86	1447,91
889,04	1482,73
889,22	1484,78
889,39	1511,40
889,57	1501,16
889,75	1499,11
889,93	1488,87
890,10	1396,71
890,28	1452,01
890,46	1497,07
890,64	1433,58
890,81	1433,58
890,99	1441,77
891,17	1411,05
891,34	1482,73
891,52	1435,63
891,70	1376,24
891,88	1439,72
892,05	1435,63
892,23	1445,87
892,41	1484,78
892,58	1464,30
892,76	1474,54
892,94	1478,63
893,12	1417,19
893,29	1452,01
893,47	1449,96
893,65	1421,29
893,82	1480,68
894,00	1544,17
894,18	1484,78
894,35	1466,35
894,53	1449,96
894,71	1505,26
894,89	1443,82
895,06	1380,33
895,24	1404,91
895,42	1394,67
895,59	1433,58
895,77	1433,58
895,95	1425,39
896,12	1482,73
896,30	1476,59
896,48	1443,82
896,65	1456,11
896,83	1341,42
897,01	1329,13
897,18	1398,76
897,36	1490,92
897,54	1415,15
897,71	1423,34
897,89	1523,69
898,07	1337,32
898,24	1406,95
898,42	1427,43
898,59	1490,92
898,77	1415,15
898,95	1384,43
899,12	1396,71
899,30	1413,10
899,48	1548,26
899,65	1445,87
899,83	1368,04
900,01	1398,76
900,18	1492,97
900,36	1503,21
900,53	1417,19
900,71	1472,49
900,89	1468,39
901,06	1427,43
901,24	1363,95
901,42	1466,35
901,59	1394,67
901,77	1466,35
901,94	1431,53
902,12	1464,30
902,30	1306,60
902,47	1400,81
902,65	1476,59
902,82	1499,11
903,00	1370,09
903,18	1425,39
903,35	1427,43
903,53	1435,63
903,70	1458,15
903,88	1497,07
904,06	1388,52
904,23	1499,11
904,41	1427,43
904,58	1439,72
904,76	1423,34
904,93	1400,81
905,11	1419,24
905,29	1431,53
905,46	1374,19
905,64	1480,68
905,81	1409,00
905,99	1402,86
906,16	1476,59
906,34	1374,19
906,52	1409,00
906,69	1464,30
906,87	1499,11
907,04	1419,24
907,22	1353,71
907,39	1411,05
907,57	1406,95
907,75	1472,49
907,92	1462,25
908,10	1554,41
908,27	1456,11
908,45	1435,63
908,62	1419,24
908,80	1380,33
908,97	1460,20
909,15	1488,87
909,32	1435,63
909,50	1458,15
909,67	1388,52
909,85	1505,26
910,03	1390,57
910,20	1476,59
910,38	1525,74
910,55	1556,46
910,73	1468,39
910,90	1353,71
911,08	1570,79
911,25	1468,39
911,43	1484,78
911,60	1492,97
911,78	1478,63
911,95	1482,73
912,13	1413,10
912,30	1439,72
912,48	1462,25
912,65	1368,04
912,83	1409,00
913,00	1462,25
913,18	1398,76
913,35	1400,81
913,53	1398,76
913,70	1464,30
913,88	1396,71
914,05	1456,11
914,23	1458,15
914,40	1372,14
914,58	1417,19
914,75	1366,00
914,93	1452,01
915,10	1411,05
915,27	1521,64
915,45	1468,39
915,62	1431,53
915,80	1495,02
915,97	1433,58
916,15	1445,87
916,32	1535,98
916,50	1503,21
916,67	1312,75
916,85	1499,11
917,02	1437,67
917,20	1499,11
917,37	1490,92
917,54	1546,22
917,72	1505,26
917,89	1499,11
918,07	1431,53
918,24	1533,93
918,42	1404,91
918,59	1411,05
918,77	1497,07
918,94	1519,59
919,11	1427,43
919,29	1458,15
919,46	1478,63
919,64	1472,49
919,81	1361,90
919,99	1402,86
920,16	1531,88
920,33	1529,83
920,51	1443,82
920,68	1400,81
920,86	1460,20
921,03	1402,86
921,20	1382,38
921,38	1443,82
921,55	1488,87
921,73	1427,43
921,90	1499,11
922,07	1554,41
922,25	1425,39
922,42	1480,68
922,60	1533,93
922,77	1488,87
922,94	1472,49
923,12	1550,31
923,29	1523,69
923,47	1447,91
923,64	1474,54
923,81	1435,63
923,99	1425,39
924,16	1562,60
924,34	1439,72
924,51	1482,73
924,68	1484,78
924,86	1458,15
925,03	1368,04
925,20	1476,59
925,38	1476,59
925,55	1460,20
925,72	1470,44
925,90	1415,15
926,07	1435,63
926,25	1443,82
926,42	1441,77
926,59	1384,43
926,77	1495,02
926,94	1499,11
927,11	1374,19
927,29	1484,78
927,46	1386,47
927,63	1501,16
927,81	1404,91
927,98	1490,92
928,15	1505,26
928,33	1497,07
928,50	1521,64
928,67	1484,78
928,85	1515,50
929,02	1419,24
929,19	1462,25
929,37	1511,40
929,54	1454,06
929,71	1509,35
929,89	1492,97
930,06	1402,86
930,23	1415,15
930,41	1585,13
930,58	1378,28
930,75	1468,39
930,92	1458,15
931,10	1445,87
931,27	1456,11
931,44	1609,70
931,62	1480,68
931,79	1523,69
931,96	1456,11
932,14	1390,57
932,31	1386,47
932,48	1413,10
932,65	1363,95
932,83	1525,74
933,00	1347,56
933,17	1423,34
933,35	1519,59
933,52	1398,76
933,69	1515,50
933,86	1505,26
934,04	1513,45
934,21	1462,25
934,38	1456,11
934,55	1527,78
934,73	1409,00
934,90	1454,06
935,07	1433,58
935,25	1495,02
935,42	1415,15
935,59	1417,19
935,76	1507,30
935,94	1445,87
936,11	1462,25
936,28	1472,49
936,45	1447,91
936,63	1427,43
936,80	1445,87
936,97	1517,54
937,14	1503,21
937,31	1538,02
937,49	1478,63
937,66	1501,16
937,83	1404,91
938,00	1437,67
938,18	1525,74
938,35	1484,78
938,52	1484,78
938,69	1499,11
938,87	1478,63
939,04	1466,35
939,21	1447,91
939,38	1456,11
939,55	1343,47
939,73	1482,73
939,90	1484,78
940,07	1376,24
940,24	1462,25
940,41	1521,64
940,59	1501,16
940,76	1372,14
940,93	1419,24
941,10	1511,40
941,27	1421,29
941,45	1515,50
941,62	1447,91
941,79	1431,53
941,96	1523,69
942,13	1509,35
942,31	1525,74
942,48	1503,21
942,65	1529,83
942,82	1525,74
942,99	1423,34
943,16	1425,39
943,34	1511,40
943,51	1495,02
943,68	1423,34
943,85	1437,67
944,02	1478,63
944,19	1429,48
944,37	1470,44
944,54	1554,41
944,71	1490,92
944,88	1535,98
945,05	1435,63
945,22	1529,83
945,40	1476,59
945,57	1478,63
945,74	1431,53
945,91	1406,95
946,08	1425,39
946,25	1495,02
946,42	1445,87
946,60	1505,26
946,77	1533,93
946,94	1460,20
947,11	1488,87
947,28	1431,53
947,45	1507,30
947,62	1447,91
947,79	1503,21
947,97	1550,31
948,14	1523,69
948,31	1558,50
948,48	1495,02
948,65	1409,00
948,82	1398,76
948,99	1454,06
949,16	1484,78
949,33	1429,48
949,51	1566,70
949,68	1462,25
949,85	1492,97
950,02	1376,24
950,19	1409,00
950,36	1554,41
950,53	1468,39
950,70	1425,39
950,87	1441,77
951,04	1413,10
951,22	1447,91
951,39	1460,20
951,56	1499,11
951,73	1492,97
951,90	1441,77
952,07	1390,57
952,24	1486,83
952,41	1515,50
952,58	1449,96
952,75	1505,26
952,92	1413,10
953,09	1404,91
953,26	1392,62
953,43	1460,20
953,61	1550,31
953,78	1452,01
953,95	1529,83
954,12	1474,54
954,29	1474,54
954,46	1509,35
954,63	1492,97
954,80	1488,87
954,97	1419,24
955,14	1411,05
955,31	1423,34
955,48	1529,83
955,65	1439,72
955,82	1425,39
955,99	1511,40
956,16	1458,15
956,33	1480,68
956,50	1419,24
956,67	1507,30
956,84	1374,19
957,01	1462,25
957,18	1480,68
957,35	1419,24
957,52	1492,97
957,69	1425,39
957,86	1480,68
958,03	1402,86
958,20	1497,07
958,37	1454,06
958,54	1392,62
958,71	1492,97
958,88	1570,79
959,05	1449,96
959,22	1464,30
959,39	1454,06
959,56	1454,06
959,73	1452,01
959,90	1517,54
960,07	1447,91
960,24	1482,73
960,41	1454,06
960,58	1472,49
960,75	1470,44
960,92	1447,91
961,09	1468,39
961,26	1503,21
961,43	1390,57
961,60	1423,34
961,77	1445,87
961,94	1396,71
962,11	1411,05
962,28	1490,92
962,45	1511,40
962,62	1464,30
962,79	1458,15
962,96	1456,11
963,13	1495,02
963,30	1456,11
963,47	1415,15
963,64	1361,90
963,81	1507,30
963,98	1415,15
964,14	1476,59
964,31	1556,46
964,48	1447,91
964,65	1499,11
964,82	1417,19
964,99	1466,35
965,16	1443,82
965,33	1476,59
965,50	1415,15
965,67	1458,15
965,84	1417,19
966,01	1390,57
966,18	1333,23
966,35	1406,95
966,51	1486,83
966,68	1490,92
966,85	1427,43
967,02	1497,07
967,19	1409,00
967,36	1482,73
967,53	1413,10
967,70	1497,07
967,87	1462,25
968,04	1484,78
968,21	1509,35
968,37	1466,35
968,54	1366,00
968,71	1490,92
968,88	1480,68
969,05	1392,62
969,22	1351,66
969,39	1439,72
969,56	1386,47
969,72	1417,19
969,89	1499,11
970,06	1480,68
970,23	1466,35
970,40	1470,44
970,57	1488,87
970,74	1462,25
970,91	1433,58
971,07	1456,11
971,24	1472,49
971,41	1396,71
971,58	1374,19
971,75	1499,11
971,92	1433,58
972,09	1394,67
972,25	1380,33
972,42	1386,47
972,59	1466,35
972,76	1447,91
972,93	1372,14
973,10	1417,19
973,27	1501,16
973,43	1402,86
973,60	1445,87
973,77	1411,05
973,94	1380,33
974,11	1527,78
974,28	1538,02
974,44	1390,57
974,61	1447,91
974,78	1415,15
974,95	1443,82
975,12	1495,02
975,28	1468,39
975,45	1433,58
975,62	1409,00
975,79	1374,19
975,96	1429,48
976,12	1499,11
976,29	1452,01
976,46	1378,28
976,63	1492,97
976,80	1382,38
976,96	1421,29
977,13	1361,90
977,30	1368,04
977,47	1427,43
977,64	1458,15
977,80	1417,19
977,97	1462,25
978,14	1411,05
978,31	1413,10
978,48	1404,91
978,64	1390,57
978,81	1361,90
978,98	1378,28
979,15	1413,10
979,31	1525,74
979,48	1470,44
979,65	1437,67
979,82	1452,01
979,98	1320,94
980,15	1425,39
980,32	1570,79
980,49	1396,71
980,66	1443,82
980,82	1415,15
980,99	1433,58
981,16	1421,29
981,33	1421,29
981,49	1435,63
981,66	1394,67
981,83	1349,61
981,99	1456,11
982,16	1394,67
982,33	1429,48
982,50	1357,80
982,66	1435,63
982,83	1355,76
983,00	1466,35
983,17	1355,76
983,33	1378,28
983,50	1431,53
983,67	1478,63
983,83	1474,54
984,00	1441,77
984,17	1474,54
984,34	1413,10
984,50	1353,71
984,67	1417,19
984,84	1456,11
985,00	1347,56
985,17	1386,47
985,34	1329,13
985,51	1415,15
985,67	1482,73
985,84	1452,01
986,01	1396,71
986,17	1390,57
986,34	1390,57
986,51	1380,33
986,67	1335,28
986,84	1353,71
987,01	1454,06
987,17	1368,04
987,34	1343,47
987,51	1433,58
987,67	1439,72
987,84	1404,91
988,01	1378,28
988,17	1406,95
988,34	1398,76
988,51	1368,04
988,67	1460,20
988,84	1386,47
989,01	1386,47
989,17	1419,24
989,34	1413,10
989,51	1474,54
989,67	1402,86
989,84	1384,43
990,01	1372,14
990,17	1513,45
990,34	1374,19
990,51	1462,25
990,67	1386,47
990,84	1429,48
991,01	1363,95
991,17	1372,14
991,34	1421,29
991,50	1398,76
991,67	1398,76
991,84	1310,70
992,00	1363,95
992,17	1349,61
992,34	1439,72
992,50	1382,38
992,67	1370,09
992,83	1409,00
993,00	1419,24
993,17	1429,48
993,33	1411,05
993,50	1445,87
993,66	1376,24
993,83	1488,87
994,00	1437,67
994,16	1423,34
994,33	1458,15
994,49	1431,53
994,66	1406,95
994,83	1406,95
994,99	1394,67
995,16	1466,35
995,32	1460,20
995,49	1540,07
995,66	1419,24
995,82	1429,48
995,99	1396,71
996,15	1404,91
996,32	1320,94
996,48	1374,19
996,65	1361,90
996,82	1454,06
996,98	1396,71
997,15	1478,63
997,31	1419,24
997,48	1503,21
997,64	1363,95
997,81	1449,96
997,97	1370,09
998,14	1392,62
998,31	1382,38
998,47	1374,19
998,64	1454,06
998,80	1372,14
998,97	1411,05
999,13	1406,95
999,30	1429,48
999,46	1435,63
999,63	1388,52
999,79	1423,34
999,96	1394,67
1000,12	1419,24
1000,29	1353,71
1000,45	1402,86
1000,62	1402,86
1000,79	1388,52
1000,95	1378,28
1001,12	1353,71
1001,28	1363,95
1001,45	1454,06
1001,61	1472,49
1001,78	1406,95
1001,94	1300,46
1002,11	1482,73
1002,27	1325,04
1002,44	1357,80
1002,60	1386,47
1002,77	1464,30
1002,93	1452,01
1003,10	1445,87
1003,26	1415,15
1003,43	1503,21
1003,59	1423,34
1003,76	1445,87
1003,92	1437,67
1004,09	1421,29
1004,25	1468,39
1004,41	1519,59
1004,58	1415,15
1004,74	1398,76
1004,91	1423,34
1005,07	1439,72
1005,24	1505,26
1005,40	1439,72
1005,57	1304,56
1005,73	1409,00
1005,90	1382,38
1006,06	1378,28
1006,23	1466,35
1006,39	1458,15
1006,55	1398,76
1006,72	1372,14
1006,88	1372,14
1007,05	1433,58
1007,21	1374,19
1007,38	1398,76
1007,54	1355,76
1007,71	1409,00
1007,87	1398,76
1008,03	1402,86
1008,20	1470,44
1008,36	1423,34
1008,53	1464,30
1008,69	1392,62
1008,86	1409,00
1009,02	1388,52
1009,18	1357,80
1009,35	1429,48
1009,51	1314,80
1009,68	1452,01
1009,84	1368,04
1010,01	1320,94
1010,17	1372,14
1010,33	1425,39
1010,50	1538,02
1010,66	1406,95
1010,83	1378,28
1010,99	1431,53
1011,15	1398,76
1011,32	1472,49
1011,48	1439,72
1011,65	1386,47
1011,81	1341,42
1011,97	1425,39
1012,14	1437,67
1012,30	1427,43
1012,46	1409,00
1012,63	1435,63
1012,79	1406,95
1012,96	1392,62
1013,12	1447,91
1013,28	1398,76
1013,45	1425,39
1013,61	1415,15
1013,77	1359,85
1013,94	1370,09
1014,10	1396,71
1014,26	1378,28
1014,43	1449,96
1014,59	1318,89
1014,76	1425,39
1014,92	1423,34
1015,08	1427,43
1015,25	1329,13
1015,41	1452,01
1015,57	1509,35
1015,74	1366,00
1015,90	1337,32
1016,06	1345,52
1016,23	1419,24
1016,39	1429,48
1016,55	1495,02
1016,72	1466,35
1016,88	1380,33
1017,04	1366,00
1017,21	1402,86
1017,37	1404,91
1017,53	1366,00
1017,70	1495,02
1017,86	1302,51
1018,02	1439,72
1018,19	1411,05
1018,35	1349,61
1018,51	1368,04
1018,67	1415,15
1018,84	1370,09
1019,00	1386,47
1019,16	1466,35
1019,33	1396,71
1019,49	1343,47
1019,65	1370,09
1019,82	1366,00
1019,98	1318,89
1020,14	1425,39
1020,30	1505,26
1020,47	1353,71
1020,63	1443,82
1020,79	1423,34
1020,96	1337,32
1021,12	1368,04
1021,28	1452,01
1021,44	1415,15
1021,61	1427,43
1021,77	1366,00
1021,93	1400,81
1022,09	1406,95
1022,26	1427,43
1022,42	1433,58
1022,58	1458,15
1022,74	1482,73
1022,91	1400,81
1023,07	1439,72
1023,23	1378,28
1023,39	1447,91
1023,56	1314,80
1023,72	1394,67
1023,88	1320,94
1024,04	1411,05
1024,21	1347,56
1024,37	1460,20
1024,53	1490,92
1024,69	1345,52
1024,86	1406,95
1025,02	1439,72
1025,18	1341,42
1025,34	1374,19
1025,50	1499,11
1025,67	1419,24
1025,83	1456,11
1025,99	1419,24
1026,15	1478,63
1026,32	1423,34
1026,48	1400,81
1026,64	1452,01
1026,80	1333,23
1026,96	1394,67
1027,13	1392,62
1027,29	1478,63
1027,45	1462,25
1027,61	1441,77
1027,77	1415,15
1027,94	1421,29
1028,10	1361,90
1028,26	1380,33
1028,42	1304,56
1028,58	1374,19
1028,75	1374,19
1028,91	1507,30
1029,07	1361,90
1029,23	1402,86
1029,39	1441,77
1029,55	1376,24
1029,72	1449,96
1029,88	1458,15
1030,04	1345,52
1030,20	1398,76
1030,36	1366,00
1030,52	1425,39
1030,69	1433,58
1030,85	1370,09
1031,01	1421,29
1031,17	1411,05
1031,33	1349,61
1031,49	1425,39
1031,65	1454,06
1031,82	1310,70
1031,98	1366,00
1032,14	1456,11
1032,30	1415,15
1032,46	1337,32
1032,62	1376,24
1032,78	1421,29
1032,95	1437,67
1033,11	1386,47
1033,27	1388,52
1033,43	1421,29
1033,59	1488,87
1033,75	1415,15
1033,91	1357,80
1034,07	1472,49
1034,24	1411,05
1034,40	1339,37
1034,56	1384,43
1034,72	1398,76
1034,88	1366,00
1035,04	1341,42
1035,20	1366,00
1035,36	1253,36
1035,52	1429,48
1035,68	1435,63
1035,85	1415,15
1036,01	1376,24
1036,17	1474,54
1036,33	1472,49
1036,49	1353,71
1036,65	1355,76
1036,81	1449,96
1036,97	1359,85
1037,13	1415,15
1037,29	1402,86
1037,45	1480,68
1037,61	1325,04
1037,78	1392,62
1037,94	1423,34
1038,10	1431,53
1038,26	1384,43
1038,42	1333,23
1038,58	1394,67
1038,74	1357,80
1038,90	1454,06
1039,06	1447,91
1039,22	1388,52
1039,38	1492,97
1039,54	1396,71
1039,70	1390,57
1039,86	1376,24
1040,02	1376,24
1040,18	1406,95
1040,34	1431,53
1040,50	1423,34
1040,66	1435,63
1040,83	1357,80
1040,99	1503,21
1041,15	1470,44
1041,31	1490,92
1041,47	1380,33
1041,63	1415,15
1041,79	1398,76
1041,95	1433,58
1042,11	1417,19
1042,27	1353,71
1042,43	1357,80
1042,59	1464,30
1042,75	1390,57
1042,91	1431,53
