344,25	1183,73
344,46	1183,73
344,68	1183,73
344,90	1331,18
345,12	1257,45
345,34	1392,62
345,55	1423,34
345,77	1386,47
345,99	1366,00
346,21	1497,07
346,42	1460,20
346,64	1497,07
346,86	1366,00
347,08	1447,91
347,30	1388,52
347,51	1357,80
347,73	1419,24
347,95	1460,20
348,17	1370,09
348,38	1470,44
348,60	1427,43
348,82	1277,93
349,04	1409,00
349,25	1386,47
349,47	1533,93
349,69	1425,39
349,91	1515,50
350,13	1439,72
350,34	1376,24
350,56	1390,57
350,78	1386,47
351,00	1411,05
351,21	1433,58
351,43	1355,76
351,65	1394,67
351,87	1454,06
352,08	1472,49
352,30	1458,15
352,52	1370,09
352,74	1359,85
352,95	1439,72
353,17	1423,34
353,39	1394,67
353,61	1486,83
353,82	1492,97
354,04	1361,90
354,26	1419,24
354,47	1466,35
354,69	1419,24
354,91	1376,24
355,13	1413,10
355,34	1396,71
355,56	1394,67
355,78	1413,10
356,00	1392,62
356,21	1359,85
356,43	1413,10
356,65	1378,28
356,86	1355,76
357,08	1542,12
357,30	1462,25
357,52	1306,60
357,73	1406,95
357,95	1447,91
358,17	1355,76
358,38	1466,35
358,60	1404,91
358,82	1349,61
359,04	1445,87
359,25	1454,06
359,47	1497,07
359,69	1431,53
359,90	1292,27
360,12	1535,98
360,34	1413,10
360,56	1490,92
360,77	1421,29
360,99	1433,58
361,21	1413,10
361,42	1320,94
361,64	1535,98
361,86	1468,39
362,07	1474,54
362,29	1478,63
362,51	1421,29
362,73	1374,19
362,94	1392,62
363,16	1507,30
363,38	1396,71
363,59	1552,36
363,81	1398,76
364,03	1529,83
364,24	1511,40
364,46	1392,62
364,68	1443,82
364,89	1413,10
365,11	1486,83
365,33	1411,05
365,54	1497,07
365,76	1470,44
365,98	1497,07
366,19	1458,15
366,41	1517,54
366,63	1345,52
366,84	1449,96
367,06	1443,82
367,28	1495,02
367,49	1447,91
367,71	1468,39
367,93	1429,48
368,14	1396,71
368,36	1413,10
368,58	1486,83
368,79	1488,87
369,01	1398,76
369,23	1439,72
369,44	1423,34
369,66	1404,91
369,88	1474,54
370,09	1468,39
370,31	1419,24
370,53	1433,58
370,74	1488,87
370,96	1447,91
371,18	1480,68
371,39	1402,86
371,61	1476,59
371,82	1437,67
372,04	1398,76
372,26	1449,96
372,47	1425,39
372,69	1499,11
372,91	1535,98
373,12	1406,95
373,34	1396,71
373,56	1402,86
373,77	1415,15
373,99	1447,91
374,20	1402,86
374,42	1486,83
374,64	1503,21
374,85	1409,00
375,07	1439,72
375,29	1396,71
375,50	1402,86
375,72	1435,63
375,93	1449,96
376,15	1388,52
376,37	1437,67
376,58	1443,82
376,80	1449,96
377,01	1361,90
377,23	1378,28
377,45	1376,24
377,66	1443,82
377,88	1439,72
378,10	1409,00
378,31	1347,56
378,53	1495,02
378,74	1484,78
378,96	1433,58
379,18	1447,91
379,39	1384,43
379,61	1513,45
379,82	1431,53
380,04	1497,07
380,26	1409,00
380,47	1406,95
380,69	1421,29
380,90	1441,77
381,12	1366,00
381,33	1452,01
381,55	1376,24
381,77	1406,95
381,98	1374,19
382,20	1304,56
382,41	1406,95
382,63	1482,73
382,85	1402,86
383,06	1441,77
383,28	1525,74
383,49	1413,10
383,71	1423,34
383,92	1404,91
384,14	1480,68
384,36	1382,38
384,57	1439,72
384,79	1314,80
385,00	1546,22
385,22	1355,76
385,43	1431,53
385,65	1376,24
385,87	1497,07
386,08	1288,17
386,30	1361,90
386,51	1400,81
386,73	1419,24
386,94	1497,07
387,16	1427,43
387,37	1431,53
387,59	1396,71
387,81	1435,63
388,02	1497,07
388,24	1386,47
388,45	1458,15
388,67	1411,05
388,88	1454,06
389,10	1411,05
389,31	1501,16
389,53	1380,33
389,75	1544,17
389,96	1433,58
390,18	1370,09
390,39	1460,20
390,61	1464,30
390,82	1372,14
391,04	1509,35
391,25	1384,43
391,47	1388,52
391,68	1423,34
391,90	1429,48
392,11	1411,05
392,33	1435,63
392,54	1437,67
392,76	1452,01
392,97	1396,71
393,19	1484,78
393,41	1517,54
393,62	1439,72
393,84	1560,55
394,05	1490,92
394,27	1380,33
394,48	1409,00
394,70	1554,41
394,91	1419,24
395,13	1380,33
395,34	1339,37
395,56	1468,39
395,77	1415,15
395,99	1351,66
396,20	1439,72
396,42	1400,81
396,63	1462,25
396,85	1417,19
397,06	1488,87
397,28	1505,26
397,49	1400,81
397,71	1394,67
397,92	1406,95
398,14	1427,43
398,35	1544,17
398,57	1472,49
398,78	1484,78
399,00	1400,81
399,21	1431,53
399,43	1402,86
399,64	1472,49
399,86	1384,43
400,07	1435,63
400,29	1497,07
400,50	1460,20
400,72	1492,97
400,93	1452,01
401,14	1460,20
401,36	1439,72
401,57	1433,58
401,79	1486,83
402,00	1409,00
402,22	1470,44
402,43	1452,01
402,65	1452,01
402,86	1468,39
403,08	1470,44
403,29	1474,54
403,51	1486,83
403,72	1372,14
403,94	1435,63
404,15	1417,19
404,36	1417,19
404,58	1660,90
404,79	1499,11
405,01	1476,59
405,22	1439,72
405,44	1400,81
405,65	1427,43
405,87	1398,76
406,08	1429,48
406,30	1355,76
406,51	1507,30
406,72	1433,58
406,94	1390,57
407,15	1447,91
407,37	1488,87
407,58	1435,63
407,80	1519,59
408,01	1423,34
408,23	1519,59
408,44	1441,77
408,65	1392,62
408,87	1400,81
409,08	1411,05
409,30	1415,15
409,51	1423,34
409,73	1474,54
409,94	1419,24
410,15	1525,74
410,37	1396,71
410,58	1454,06
410,80	1449,96
411,01	1488,87
411,23	1404,91
411,44	1327,08
411,65	1517,54
411,87	1376,24
412,08	1353,71
412,30	1521,64
412,51	1495,02
412,72	1531,88
412,94	1478,63
413,15	1343,47
413,37	1517,54
413,58	1447,91
413,79	1449,96
414,01	1482,73
414,22	1503,21
414,44	1474,54
414,65	1423,34
414,86	1400,81
415,08	1443,82
415,29	1447,91
415,51	1404,91
415,72	1384,43
415,93	1423,34
416,15	1474,54
416,36	1421,29
416,58	1505,26
416,79	1484,78
417,00	1402,86
417,22	1488,87
417,43	1476,59
417,65	1505,26
417,86	1525,74
418,07	1447,91
418,29	1480,68
418,50	1476,59
418,71	1421,29
418,93	1460,20
419,14	1298,41
419,36	1423,34
419,57	1415,15
419,78	1495,02
420,00	1366,00
420,21	1490,92
420,42	1507,30
420,64	1445,87
420,85	1409,00
421,06	1499,11
421,28	1425,39
421,49	1341,42
421,71	1515,50
421,92	1376,24
422,13	1400,81
422,35	1415,15
422,56	1464,30
422,77	1443,82
422,99	1456,11
423,20	1445,87
423,41	1460,20
423,63	1423,34
423,84	1449,96
424,05	1449,96
424,27	1441,77
424,48	1447,91
424,69	1472,49
424,91	1660,90
425,12	1419,24
425,33	1421,29
425,55	1439,72
425,76	1386,47
425,97	1441,77
426,19	1402,86
426,40	1466,35
426,61	1474,54
426,83	1382,38
427,04	1460,20
427,25	1419,24
427,47	1441,77
427,68	1419,24
427,89	1425,39
428,11	1419,24
428,32	1482,73
428,53	1415,15
428,75	1431,53
428,96	1501,16
429,17	1454,06
429,39	1347,56
429,60	1503,21
429,81	1478,63
430,03	1456,11
430,24	1460,20
430,45	1468,39
430,67	1511,40
430,88	1535,98
431,09	1419,24
431,30	1484,78
431,52	1447,91
431,73	1464,30
431,94	1490,92
432,16	1470,44
432,37	1466,35
432,58	1466,35
432,80	1400,81
433,01	1497,07
433,22	1503,21
433,43	1380,33
433,65	1476,59
433,86	1359,85
434,07	1388,52
434,29	1345,52
434,50	1376,24
434,71	1460,20
434,92	1433,58
435,14	1486,83
435,35	1423,34
435,56	1472,49
435,77	1398,76
435,99	1431,53
436,20	1400,81
436,41	1447,91
436,63	1339,37
436,84	1431,53
437,05	1376,24
437,26	1468,39
437,48	1566,70
437,69	1406,95
437,90	1392,62
438,11	1404,91
438,33	1460,20
438,54	1441,77
438,75	1466,35
438,96	1454,06
439,18	1484,78
439,39	1480,68
439,60	1435,63
439,82	1327,08
440,03	1486,83
440,24	1474,54
440,45	1386,47
440,67	1468,39
440,88	1478,63
441,09	1417,19
441,30	1445,87
441,51	1533,93
441,73	1437,67
441,94	1431,53
442,15	1454,06
442,36	1480,68
442,58	1357,80
442,79	1386,47
443,00	1376,24
443,21	1495,02
443,43	1443,82
443,64	1421,29
443,85	1402,86
444,06	1517,54
444,28	1452,01
444,49	1382,38
444,70	1445,87
444,91	1572,84
445,12	1499,11
445,34	1427,43
445,55	1533,93
445,76	1433,58
445,97	1523,69
446,18	1495,02
446,40	1472,49
446,61	1439,72
446,82	1433,58
447,03	1527,78
447,25	1406,95
447,46	1482,73
447,67	1449,96
447,88	1509,35
448,09	1429,48
448,31	1519,59
448,52	1433,58
448,73	1501,16
448,94	1406,95
449,15	1460,20
449,37	1411,05
449,58	1454,06
449,79	1533,93
450,00	1474,54
450,21	1361,90
450,43	1488,87
450,64	1419,24
450,85	1423,34
451,06	1468,39
451,27	1435,63
451,48	1433,58
451,70	1411,05
451,91	1398,76
452,12	1452,01
452,33	1482,73
452,54	1404,91
452,76	1435,63
452,97	1523,69
453,18	1380,33
453,39	1452,01
453,60	1396,71
453,81	1431,53
454,03	1419,24
454,24	1460,20
454,45	1431,53
454,66	1464,30
454,87	1329,13
455,08	1474,54
455,30	1447,91
455,51	1548,26
455,72	1509,35
455,93	1458,15
456,14	1439,72
456,35	1452,01
456,56	1527,78
456,78	1388,52
456,99	1533,93
457,20	1429,48
457,41	1443,82
457,62	1556,46
457,83	1515,50
458,04	1460,20
458,26	1484,78
458,47	1462,25
458,68	1392,62
458,89	1525,74
459,10	1361,90
459,31	1466,35
459,52	1382,38
459,74	1519,59
459,95	1464,30
460,16	1452,01
460,37	1554,41
460,58	1470,44
460,79	1484,78
461,00	1497,07
461,21	1441,77
461,43	1460,20
461,64	1390,57
461,85	1413,10
462,06	1433,58
462,27	1466,35
462,48	1513,45
462,69	1421,29
462,90	1454,06
463,12	1515,50
463,33	1417,19
463,54	1382,38
463,75	1458,15
463,96	1492,97
464,17	1480,68
464,38	1464,30
464,59	1460,20
464,80	1417,19
465,01	1376,24
465,23	1454,06
465,44	1441,77
465,65	1458,15
465,86	1415,15
466,07	1359,85
466,28	1511,40
466,49	1460,20
466,70	1568,74
466,91	1447,91
467,12	1431,53
467,33	1462,25
467,55	1404,91
467,76	1488,87
467,97	1441,77
468,18	1474,54
468,39	1478,63
468,60	1562,60
468,81	1490,92
469,02	1445,87
469,23	1427,43
469,44	1507,30
469,65	1353,71
469,86	1472,49
470,07	1419,24
470,29	1544,17
470,50	1419,24
470,71	1460,20
470,92	1468,39
471,13	1501,16
471,34	1447,91
471,55	1470,44
471,76	1421,29
471,97	1417,19
472,18	1462,25
472,39	1460,20
472,60	1505,26
472,81	1499,11
473,02	1370,09
473,23	1533,93
473,44	1474,54
473,65	1380,33
473,87	1423,34
474,08	1458,15
474,29	1427,43
474,50	1482,73
474,71	1437,67
474,92	1607,66
475,13	1499,11
475,34	1521,64
475,55	1447,91
475,76	1441,77
475,97	1544,17
476,18	1472,49
476,39	1445,87
476,60	1568,74
476,81	1507,30
477,02	1490,92
477,23	1482,73
477,44	1497,07
477,65	1495,02
477,86	1413,10
478,07	1546,22
478,28	1513,45
478,49	1495,02
478,70	1478,63
478,91	1452,01
479,12	1462,25
479,33	1460,20
479,54	1400,81
479,75	1517,54
479,96	1558,50
480,17	1460,20
480,38	1523,69
480,59	1421,29
480,80	1501,16
481,01	1472,49
481,22	1470,44
481,43	1466,35
481,64	1404,91
481,85	1433,58
482,06	1419,24
482,27	1427,43
482,48	1574,89
482,69	1593,32
482,90	1486,83
483,11	1472,49
483,32	1529,83
483,53	1476,59
483,74	1499,11
483,95	1476,59
484,16	1419,24
484,37	1404,91
484,58	1546,22
484,79	1454,06
485,00	1492,97
485,21	1437,67
485,42	1474,54
485,63	1538,02
485,84	1499,11
486,05	1413,10
486,26	1437,67
486,47	1497,07
486,68	1529,83
486,89	1540,07
487,10	1533,93
487,31	1452,01
487,52	1456,11
487,73	1564,65
487,94	1513,45
488,15	1447,91
488,36	1476,59
488,57	1447,91
488,77	1409,00
488,98	1492,97
489,19	1452,01
489,40	1533,93
489,61	1462,25
489,82	1472,49
490,03	1556,46
490,24	1466,35
490,45	1468,39
490,66	1464,30
490,87	1519,59
491,08	1394,67
491,29	1425,39
491,50	1402,86
491,71	1472,49
491,92	1499,11
492,13	1452,01
492,33	1394,67
492,54	1521,64
492,75	1472,49
492,96	1437,67
493,17	1417,19
493,38	1445,87
493,59	1398,76
493,80	1591,27
494,01	1546,22
494,22	1546,22
494,43	1480,68
494,64	1525,74
494,85	1495,02
495,05	1503,21
495,26	1490,92
495,47	1492,97
495,68	1462,25
495,89	1495,02
496,10	1402,86
496,31	1540,07
496,52	1447,91
496,73	1521,64
496,94	1492,97
497,15	1554,41
497,35	1552,36
497,56	1425,39
497,77	1452,01
497,98	1544,17
498,19	1445,87
498,40	1550,31
498,61	1546,22
498,82	1423,34
499,03	1472,49
499,23	1472,49
499,44	1458,15
499,65	1591,27
499,86	1507,30
500,07	1462,25
500,28	1499,11
500,49	1460,20
500,70	1505,26
500,91	1443,82
501,11	1454,06
501,32	1519,59
501,53	1499,11
501,74	1468,39
501,95	1486,83
502,16	1464,30
502,37	1441,77
502,57	1480,68
502,78	1466,35
502,99	1468,39
503,20	1505,26
503,41	1441,77
503,62	1460,20
503,83	1492,97
504,03	1478,63
504,24	1439,72
504,45	1529,83
504,66	1492,97
504,87	1497,07
505,08	1437,67
505,29	1452,01
505,49	1468,39
505,70	1470,44
505,91	1544,17
506,12	1484,78
506,33	1472,49
506,54	1556,46
506,75	1458,15
506,95	1558,50
507,16	1558,50
507,37	1484,78
507,58	1466,35
507,79	1447,91
508,00	1482,73
508,20	1443,82
508,41	1478,63
508,62	1472,49
508,83	1458,15
509,04	1507,30
509,24	1538,02
509,45	1783,78
509,66	1548,26
509,87	1570,79
510,08	1488,87
510,29	1472,49
510,49	1597,42
510,70	1425,39
510,91	1439,72
511,12	1492,97
511,33	1501,16
511,53	1441,77
511,74	1462,25
511,95	1466,35
512,16	1542,12
512,37	1558,50
512,57	1507,30
512,78	1449,96
512,99	1433,58
513,20	1603,56
513,41	1517,54
513,61	1462,25
513,82	1486,83
514,03	1445,87
514,24	1529,83
514,45	1548,26
514,65	1492,97
514,86	1507,30
515,07	1400,81
515,28	1435,63
515,49	1488,87
515,69	1495,02
515,90	1552,36
516,11	1427,43
516,32	1513,45
516,52	1533,93
516,73	1460,20
516,94	1533,93
517,15	1533,93
517,36	1423,34
517,56	1568,74
517,77	1417,19
517,98	1456,11
518,19	1421,29
518,39	1542,12
518,60	1527,78
518,81	1443,82
519,02	1484,78
519,22	1509,35
519,43	1511,40
519,64	1501,16
519,85	1460,20
520,05	1533,93
520,26	1419,24
520,47	1601,51
520,68	1425,39
520,88	1421,29
521,09	1501,16
521,30	1501,16
521,51	1499,11
521,71	1527,78
521,92	1431,53
522,13	1513,45
522,34	1476,59
522,54	1470,44
522,75	1425,39
522,96	1435,63
523,17	1531,88
523,37	1486,83
523,58	1492,97
523,79	1505,26
523,99	1472,49
524,20	1492,97
524,41	1433,58
524,62	1581,03
524,82	1505,26
525,03	1476,59
525,24	1456,11
525,45	1548,26
525,65	1449,96
525,86	1476,59
526,07	1497,07
526,27	1464,30
526,48	1519,59
526,69	1591,27
526,90	1390,57
527,10	1429,48
527,31	1431,53
527,52	1441,77
527,72	1583,08
527,93	1466,35
528,14	1464,30
528,34	1419,24
528,55	1474,54
528,76	1499,11
528,97	1484,78
529,17	1413,10
529,38	1452,01
529,59	1474,54
529,79	1515,50
530,00	1535,98
530,21	1515,50
530,41	1423,34
530,62	1447,91
530,83	1595,37
531,03	1468,39
531,24	1529,83
531,45	1484,78
531,65	1511,40
531,86	1474,54
532,07	1462,25
532,27	1470,44
532,48	1482,73
532,69	1525,74
532,89	1525,74
533,10	1490,92
533,31	1470,44
533,51	1372,14
533,72	1415,15
533,93	1460,20
534,13	1527,78
534,34	1427,43
534,55	1452,01
534,75	1505,26
534,96	1583,08
535,17	1486,83
535,37	1550,31
535,58	1521,64
535,79	1452,01
535,99	1413,10
536,20	1482,73
536,41	1398,76
536,61	1529,83
536,82	1501,16
537,03	1454,06
537,23	1466,35
537,44	1372,14
537,64	1533,93
537,85	1519,59
538,06	1621,99
538,26	1497,07
538,47	1564,65
538,68	1435,63
538,88	1398,76
539,09	1509,35
539,30	1484,78
539,50	1486,83
539,71	1519,59
539,91	1515,50
540,12	1386,47
540,33	1570,79
540,53	1454,06
540,74	1488,87
540,94	1466,35
541,15	1511,40
541,36	1531,88
541,56	1581,03
541,77	1548,26
541,98	1460,20
542,18	1523,69
542,39	1538,02
542,59	1503,21
542,80	1445,87
543,01	1411,05
543,21	1548,26
543,42	1501,16
543,62	1462,25
543,83	1470,44
544,04	1486,83
544,24	1535,98
544,45	1421,29
544,65	1634,28
544,86	1488,87
545,06	1523,69
545,27	1533,93
545,48	1480,68
545,68	1550,31
545,89	1456,11
546,09	1513,45
546,30	1452,01
546,51	1521,64
546,71	1452,01
546,92	1507,30
547,12	1441,77
547,33	1511,40
547,53	1454,06
547,74	1478,63
547,95	1447,91
548,15	1505,26
548,36	1523,69
548,56	1511,40
548,77	1425,39
548,97	1464,30
549,18	1449,96
549,39	1447,91
549,59	1492,97
549,80	1462,25
550,00	1462,25
550,21	1525,74
550,41	1548,26
550,62	1542,12
550,82	1396,71
551,03	1513,45
551,23	1492,97
551,44	1421,29
551,65	1474,54
551,85	1415,15
552,06	1486,83
552,26	1511,40
552,47	1443,82
552,67	1443,82
552,88	1431,53
553,08	1431,53
553,29	1400,81
553,49	1486,83
553,70	1470,44
553,90	1507,30
554,11	1441,77
554,32	1587,18
554,52	1472,49
554,73	1452,01
554,93	1497,07
555,14	1374,19
555,34	1490,92
555,55	1523,69
555,75	1480,68
555,96	1495,02
556,16	1507,30
556,37	1556,46
556,57	1458,15
556,78	1435,63
556,98	1472,49
557,19	1554,41
557,39	1409,00
557,60	1544,17
557,80	1540,07
558,01	1478,63
558,21	1462,25
558,42	1431,53
558,62	1484,78
558,83	1570,79
559,03	1370,09
559,24	1499,11
559,44	1589,22
559,65	1472,49
559,85	1460,20
560,06	1449,96
560,26	1507,30
560,47	1497,07
560,67	1597,42
560,88	1394,67
561,08	1499,11
561,29	1595,37
561,49	1468,39
561,70	1513,45
561,90	1517,54
562,10	1501,16
562,31	1507,30
562,51	1478,63
562,72	1411,05
562,92	1470,44
563,13	1535,98
563,33	1476,59
563,54	1482,73
563,74	1599,46
563,95	1466,35
564,15	1486,83
564,36	1538,02
564,56	1527,78
564,76	1435,63
564,97	1431,53
565,17	1476,59
565,38	1587,18
565,58	1425,39
565,79	1511,40
565,99	1501,16
566,20	1552,36
566,40	1478,63
566,60	1535,98
566,81	1556,46
567,01	1585,13
567,22	1456,11
567,42	1525,74
567,63	1535,98
567,83	1495,02
568,04	1576,94
568,24	1497,07
568,44	1558,50
568,65	1505,26
568,85	1587,18
569,06	1443,82
569,26	1531,88
569,47	1482,73
569,67	1409,00
569,87	1554,41
570,08	1562,60
570,28	1488,87
570,49	1456,11
570,69	1538,02
570,89	1552,36
571,10	1525,74
571,30	1482,73
571,51	1626,09
571,71	1495,02
571,91	1607,66
572,12	1454,06
572,32	1505,26
572,53	1513,45
572,73	1517,54
572,93	1519,59
573,14	1505,26
573,34	1576,94
573,55	1456,11
573,75	1480,68
573,95	1476,59
574,16	1527,78
574,36	1505,26
574,57	1492,97
574,77	1478,63
574,97	1503,21
575,18	1578,98
575,38	1449,96
575,59	1447,91
575,79	1501,16
575,99	1513,45
576,20	1499,11
576,40	1488,87
576,60	1478,63
576,81	1542,12
577,01	1570,79
577,22	1607,66
577,42	1513,45
577,62	1503,21
577,83	1509,35
578,03	1591,27
578,23	1478,63
578,44	1515,50
578,64	1443,82
578,84	1488,87
579,05	1503,21
579,25	1540,07
579,45	1478,63
579,66	1441,77
579,86	1538,02
580,07	1525,74
580,27	1492,97
580,47	1460,20
580,68	1564,65
580,88	1523,69
581,08	1476,59
581,29	1443,82
581,49	1449,96
581,69	1560,55
581,90	1513,45
582,10	1523,69
582,30	1466,35
582,51	1533,93
582,71	1558,50
582,91	1368,04
583,12	1411,05
583,32	1507,30
583,52	1515,50
583,73	1480,68
583,93	1488,87
584,13	1581,03
584,34	1507,30
584,54	1478,63
584,74	1513,45
584,94	1517,54
585,15	1521,64
585,35	1531,88
585,55	1535,98
585,76	1470,44
585,96	1490,92
586,16	1501,16
586,37	1445,87
586,57	1562,60
586,77	1392,62
586,98	1464,30
587,18	1501,16
587,38	1550,31
587,58	1421,29
587,79	1564,65
587,99	1544,17
588,19	1468,39
588,40	1501,16
588,60	1595,37
588,80	1421,29
589,00	1628,14
589,21	1517,54
589,41	1460,20
589,61	1542,12
589,82	1607,66
590,02	1521,64
590,22	1515,50
590,42	1570,79
590,63	1525,74
590,83	1427,43
591,03	1613,80
591,23	1554,41
591,44	1497,07
591,64	1552,36
591,84	1511,40
592,05	1484,78
592,25	1568,74
592,45	1507,30
592,65	1497,07
592,86	1492,97
593,06	1570,79
593,26	1464,30
593,46	1503,21
593,67	1484,78
593,87	1578,98
594,07	1507,30
594,27	1535,98
594,48	1472,49
594,68	1546,22
594,88	1505,26
595,08	1544,17
595,29	1572,84
595,49	1513,45
595,69	1452,01
595,89	1599,46
596,10	1660,90
596,30	1546,22
596,50	1495,02
596,70	1566,70
596,90	1519,59
597,11	1484,78
597,31	1488,87
597,51	1439,72
597,71	1613,80
597,92	1519,59
598,12	1503,21
598,32	1581,03
598,52	1501,16
598,72	1486,83
598,93	1486,83
599,13	1587,18
599,33	1519,59
599,53	1554,41
599,74	1474,54
599,94	1560,55
600,14	1572,84
600,34	1486,83
600,54	1630,18
600,75	1480,68
600,95	1558,50
601,15	1488,87
601,35	1503,21
601,55	1497,07
601,76	1435,63
601,96	1529,83
602,16	1578,98
602,36	1552,36
602,56	1398,76
602,76	1484,78
602,97	1507,30
603,17	1560,55
603,37	1550,31
603,57	1476,59
603,77	1482,73
603,98	1507,30
604,18	1474,54
604,38	1452,01
604,58	1460,20
604,78	1519,59
604,98	1497,07
605,19	1503,21
605,39	1474,54
605,59	1527,78
605,79	1560,55
605,99	1490,92
606,19	1468,39
606,40	1576,94
606,60	1470,44
606,80	1564,65
607,00	1497,07
607,20	1511,40
607,40	1523,69
607,61	1458,15
607,81	1599,46
608,01	1564,65
608,21	1558,50
608,41	1495,02
608,61	1562,60
608,81	1441,77
609,02	1464,30
609,22	1509,35
609,42	1533,93
609,62	1554,41
609,82	1390,57
610,02	1527,78
610,22	1460,20
610,43	1437,67
610,63	1445,87
610,83	1503,21
611,03	1480,68
611,23	1484,78
611,43	1599,46
611,63	1560,55
611,83	1370,09
612,04	1542,12
612,24	1593,32
612,44	1521,64
612,64	1462,25
612,84	1527,78
613,04	1437,67
613,24	1511,40
613,44	1447,91
613,64	1576,94
613,85	1478,63
614,05	1578,98
614,25	1546,22
614,45	1484,78
614,65	1591,27
614,85	1599,46
615,05	1519,59
615,25	1560,55
615,45	1525,74
615,65	1497,07
615,86	1636,33
616,06	1531,88
616,26	1552,36
616,46	1554,41
616,66	1497,07
616,86	1529,83
617,06	1517,54
617,26	1597,42
617,46	1556,46
617,66	1492,97
617,86	1578,98
618,07	1419,24
618,27	1564,65
618,47	1492,97
618,67	1587,18
618,87	1578,98
619,07	1499,11
619,27	1558,50
619,47	1595,37
619,67	1523,69
619,87	1419,24
620,07	1538,02
620,27	1576,94
620,47	1548,26
620,67	1533,93
620,87	1566,70
621,07	1626,09
621,28	1595,37
621,48	1583,08
621,68	1544,17
621,88	1548,26
622,08	1525,74
622,28	1519,59
622,48	1589,22
622,68	1558,50
622,88	1578,98
623,08	1535,98
623,28	1611,75
623,48	1576,94
623,68	1499,11
623,88	1480,68
624,08	1683,43
624,28	1552,36
624,48	1533,93
624,68	1531,88
624,88	1564,65
625,08	1662,95
625,28	1638,38
625,48	1585,13
625,68	1521,64
625,88	1654,76
626,08	1519,59
626,28	1544,17
626,48	1611,75
626,68	1533,93
626,88	1548,26
627,08	1601,51
627,28	1677,29
627,48	1497,07
627,68	1542,12
627,88	1523,69
628,08	1605,61
628,28	1642,47
628,49	1576,94
628,68	1490,92
628,88	1601,51
629,08	1560,55
629,28	1601,51
629,48	1597,42
629,68	1687,53
629,88	1615,85
630,08	1578,98
630,28	1644,52
630,48	1499,11
630,68	1562,60
630,88	1581,03
631,08	1558,50
631,28	1595,37
631,48	1593,32
631,68	1554,41
631,88	1562,60
632,08	1562,60
632,28	1570,79
632,48	1611,75
632,68	1558,50
632,88	1660,90
633,08	1603,56
633,28	1515,50
633,48	1609,70
633,68	1644,52
633,88	1578,98
634,08	1656,81
634,28	1642,47
634,48	1617,90
634,68	1576,94
634,88	1658,85
635,08	1587,18
635,28	1693,67
635,48	1503,21
635,68	1576,94
635,87	1624,04
636,07	1603,56
636,27	1566,70
636,47	1658,85
636,67	1529,83
636,87	1710,05
637,07	1587,18
637,27	1628,14
637,47	1628,14
637,67	1648,61
637,87	1564,65
638,07	1646,57
638,27	1630,18
638,47	1603,56
638,67	1574,89
638,86	1607,66
639,06	1554,41
639,26	1665,00
639,46	1556,46
639,66	1667,05
639,86	1640,42
640,06	1640,42
640,26	1523,69
640,46	1605,61
640,66	1546,22
640,86	1578,98
641,06	1533,93
641,25	1720,29
641,45	1638,38
641,65	1548,26
641,85	1507,30
642,05	1601,51
642,25	1589,22
642,45	1593,32
642,65	1562,60
642,85	1605,61
643,05	1593,32
643,24	1628,14
643,44	1634,28
643,64	1632,23
643,84	1630,18
644,04	1570,79
644,24	1662,95
644,44	1546,22
644,64	1648,61
644,84	1648,61
645,03	1619,94
645,23	1648,61
645,43	1441,77
645,63	1665,00
645,83	1599,46
646,03	1650,66
646,23	1599,46
646,42	1654,76
646,62	1665,00
646,82	1603,56
647,02	1744,87
647,22	1656,81
647,42	1621,99
647,62	1581,03
647,82	1591,27
648,01	1742,82
648,21	1556,46
648,41	1662,95
648,61	1644,52
648,81	1781,73
649,01	1607,66
649,20	1581,03
649,40	1583,08
649,60	1572,84
649,80	1597,42
650,00	1609,70
650,20	1660,90
650,40	1677,29
650,59	1603,56
650,79	1591,27
650,99	1603,56
651,19	1615,85
651,39	1521,64
651,58	1613,80
651,78	1695,72
651,98	1626,09
652,18	1597,42
652,38	1697,77
652,58	1552,36
652,77	1601,51
652,97	1693,67
653,17	1660,90
653,37	1630,18
653,57	1650,66
653,77	1699,81
653,96	1656,81
654,16	1630,18
654,36	1712,10
654,56	1652,71
654,76	1656,81
654,95	1595,37
655,15	1593,32
655,35	1605,61
655,55	1669,09
655,75	1597,42
655,94	1669,09
656,14	1601,51
656,34	1662,95
656,54	1652,71
656,73	1648,61
656,93	1699,81
657,13	1685,48
657,33	1646,57
657,53	1634,28
657,72	1705,96
657,92	1644,52
658,12	1662,95
658,32	1685,48
658,52	1630,18
658,71	1689,57
658,91	1638,38
659,11	1710,05
659,31	1681,38
659,50	1669,09
659,70	1628,14
659,90	1728,49
660,10	1695,72
660,29	1699,81
660,49	1640,42
660,69	1667,05
660,89	1619,94
661,08	1701,86
661,28	1646,57
661,48	1644,52
661,68	1624,04
661,87	1619,94
662,07	1685,48
662,27	1591,27
662,47	1689,57
662,66	1673,19
662,86	1564,65
663,06	1675,24
663,26	1648,61
663,45	1660,90
663,65	1681,38
663,85	1638,38
664,05	1687,53
664,24	1673,19
664,44	1617,90
664,64	1699,81
664,84	1638,38
665,03	1763,30
665,23	1699,81
665,43	1632,23
665,62	1654,76
665,82	1644,52
666,02	1533,93
666,22	1757,16
666,41	1613,80
666,61	1718,25
666,81	1679,33
667,00	1634,28
667,20	1613,80
667,40	1679,33
667,60	1611,75
667,79	1650,66
667,99	1683,43
668,19	1632,23
668,38	1585,13
668,58	1585,13
668,78	1564,65
668,97	1742,82
669,17	1654,76
669,37	1716,20
669,57	1568,74
669,76	1714,15
669,96	1652,71
670,16	1595,37
670,35	1550,31
670,55	1554,41
670,75	1617,90
670,94	1781,73
671,14	1675,24
671,34	1687,53
671,53	1660,90
671,73	1687,53
671,93	1607,66
672,12	1595,37
672,32	1587,18
672,52	1599,46
672,71	1593,32
672,91	1654,76
673,11	1660,90
673,30	1591,27
673,50	1613,80
673,70	1609,70
673,89	1566,70
674,09	1619,94
674,29	1505,26
674,48	1611,75
674,68	1644,52
674,88	1587,18
675,07	1638,38
675,27	1605,61
675,46	1617,90
675,66	1554,41
675,86	1597,42
676,05	1669,09
676,25	1501,16
676,45	1576,94
676,64	1585,13
676,84	1554,41
677,04	1525,74
677,23	1521,64
677,43	1515,50
677,62	1695,72
677,82	1544,17
678,02	1613,80
678,21	1540,07
678,41	1693,67
678,61	1538,02
678,80	1658,85
679,00	1517,54
679,19	1566,70
679,39	1554,41
679,59	1630,18
679,78	1550,31
679,98	1581,03
680,17	1566,70
680,37	1593,32
680,57	1560,55
680,76	1609,70
680,96	1615,85
681,16	1630,18
681,35	1492,97
681,55	1562,60
681,74	1617,90
681,94	1675,24
682,13	1630,18
682,33	1626,09
682,53	1599,46
682,72	1576,94
682,92	1574,89
683,11	1607,66
683,31	1626,09
683,51	1593,32
683,70	1593,32
683,90	1544,17
684,09	1603,56
684,29	1693,67
684,48	1632,23
684,68	1595,37
684,88	1794,02
685,07	1574,89
685,27	1669,09
685,46	1630,18
685,66	1683,43
685,85	1683,43
686,05	1671,14
686,25	1685,48
686,44	1613,80
686,64	1648,61
686,83	1597,42
687,03	1779,68
687,22	1634,28
687,42	1669,09
687,61	1695,72
687,81	1619,94
688,01	1619,94
688,20	1578,98
688,40	1718,25
688,59	1607,66
688,79	1648,61
688,98	1681,38
689,18	1693,67
689,37	1609,70
689,57	1632,23
689,76	1759,21
689,96	1718,25
690,15	1685,48
690,35	1701,86
690,54	1712,10
690,74	1644,52
690,94	1605,61
691,13	1734,63
691,33	1734,63
691,52	1632,23
691,72	1683,43
691,91	1615,85
692,11	1699,81
692,30	1634,28
692,50	1751,01
692,69	1703,91
692,89	1712,10
693,08	1574,89
693,28	1765,35
693,47	1662,95
693,67	1724,39
693,86	1693,67
694,06	1773,54
694,25	1617,90
694,45	1783,78
694,64	1642,47
694,84	1646,57
695,03	1695,72
695,23	1644,52
695,42	1667,05
695,62	1691,62
695,81	1785,83
696,01	1740,77
696,20	1591,27
696,40	1568,74
696,59	1654,76
696,78	1611,75
696,98	1714,15
697,17	1691,62
697,37	1619,94
697,56	1648,61
697,76	1652,71
697,95	1656,81
698,15	1673,19
698,34	1630,18
698,54	1589,22
698,73	1677,29
698,93	1677,29
699,12	1599,46
699,32	1585,13
699,51	1665,00
699,70	1499,11
699,90	1540,07
700,09	1564,65
700,29	1574,89
700,48	1607,66
700,68	1595,37
700,87	1576,94
701,07	1554,41
701,26	1636,33
701,45	1603,56
701,65	1572,84
701,84	1515,50
702,04	1558,50
702,23	1486,83
702,43	1533,93
702,62	1538,02
702,81	1482,73
703,01	1538,02
703,20	1599,46
703,40	1441,77
703,59	1452,01
703,79	1476,59
703,98	1425,39
704,17	1499,11
704,37	1478,63
704,56	1458,15
704,76	1521,64
704,95	1425,39
705,14	1423,34
705,34	1466,35
705,53	1355,76
705,73	1372,14
705,92	1464,30
706,11	1456,11
706,31	1394,67
706,50	1456,11
706,70	1454,06
706,89	1460,20
707,08	1503,21
707,28	1452,01
707,47	1353,71
707,67	1480,68
707,86	1468,39
708,05	1538,02
708,25	1411,05
708,44	1447,91
708,64	1376,24
708,83	1437,67
709,02	1343,47
709,22	1452,01
709,41	1390,57
709,60	1556,46
709,80	1435,63
709,99	1447,91
710,19	1351,66
710,38	1390,57
710,57	1325,04
710,77	1345,52
710,96	1437,67
711,15	1382,38
711,35	1411,05
711,54	1441,77
711,73	1409,00
711,93	1370,09
712,12	1429,48
712,31	1413,10
712,51	1411,05
712,70	1390,57
712,89	1402,86
713,09	1388,52
713,28	1435,63
713,48	1425,39
713,67	1402,86
713,86	1464,30
714,06	1406,95
714,25	1409,00
714,44	1396,71
714,64	1490,92
714,83	1402,86
715,02	1331,18
715,22	1447,91
715,41	1372,14
715,60	1501,16
715,79	1361,90
715,99	1406,95
716,18	1394,67
716,37	1308,65
716,57	1439,72
716,76	1462,25
716,95	1497,07
717,15	1366,00
717,34	1370,09
717,53	1349,61
717,73	1452,01
717,92	1437,67
718,11	1527,78
718,31	1417,19
718,50	1433,58
718,69	1341,42
718,88	1441,77
719,08	1488,87
719,27	1406,95
719,46	1517,54
719,66	1474,54
719,85	1345,52
720,04	1423,34
720,23	1433,58
720,43	1437,67
720,62	1425,39
720,81	1263,60
721,01	1492,97
721,20	1439,72
721,39	1361,90
721,58	1349,61
721,78	1492,97
721,97	1396,71
722,16	1318,89
722,35	1361,90
722,55	1343,47
722,74	1488,87
722,93	1460,20
723,13	1370,09
723,32	1382,38
723,51	1419,24
723,70	1394,67
723,90	1355,76
724,09	1406,95
724,28	1433,58
724,47	1386,47
724,67	1556,46
724,86	1413,10
725,05	1400,81
725,24	1363,95
725,44	1456,11
725,63	1396,71
725,82	1431,53
726,01	1421,29
726,21	1452,01
726,40	1392,62
726,59	1447,91
726,78	1419,24
726,97	1384,43
727,17	1386,47
727,36	1509,35
727,55	1452,01
727,74	1320,94
727,94	1392,62
728,13	1456,11
728,32	1392,62
728,51	1425,39
728,70	1406,95
728,90	1466,35
729,09	1421,29
729,28	1431,53
729,47	1378,28
729,66	1462,25
729,86	1505,26
730,05	1343,47
730,24	1441,77
730,43	1419,24
730,63	1384,43
730,82	1546,22
731,01	1353,71
731,20	1376,24
731,39	1388,52
731,58	1370,09
731,78	1439,72
731,97	1425,39
732,16	1433,58
732,35	1449,96
732,54	1378,28
732,74	1501,16
732,93	1357,80
733,12	1339,37
733,31	1409,00
733,50	1355,76
733,69	1421,29
733,89	1488,87
734,08	1497,07
734,27	1337,32
734,46	1443,82
734,65	1353,71
734,84	1347,56
735,04	1431,53
735,23	1390,57
735,42	1427,43
735,61	1388,52
735,80	1429,48
735,99	1370,09
736,19	1386,47
736,38	1347,56
736,57	1443,82
736,76	1357,80
736,95	1449,96
737,14	1452,01
737,33	1325,04
737,53	1427,43
737,72	1347,56
737,91	1480,68
738,10	1533,93
738,29	1380,33
738,48	1454,06
738,67	1433,58
738,87	1433,58
739,06	1406,95
739,25	1425,39
739,44	1388,52
739,63	1456,11
739,82	1404,91
740,01	1406,95
740,20	1355,76
740,40	1335,28
740,59	1409,00
740,78	1462,25
740,97	1400,81
741,16	1404,91
741,35	1452,01
741,54	1503,21
741,73	1400,81
741,92	1390,57
742,12	1427,43
742,31	1431,53
742,50	1435,63
742,69	1404,91
742,88	1460,20
743,07	1441,77
743,26	1452,01
743,45	1441,77
743,64	1406,95
743,83	1374,19
744,02	1419,24
744,22	1378,28
744,41	1507,30
744,60	1447,91
744,79	1556,46
744,98	1396,71
745,17	1452,01
745,36	1394,67
745,55	1495,02
745,74	1378,28
745,93	1386,47
746,12	1419,24
746,31	1406,95
746,50	1431,53
746,70	1431,53
746,89	1394,67
747,08	1390,57
747,27	1386,47
747,46	1435,63
747,65	1390,57
747,84	1501,16
748,03	1400,81
748,22	1449,96
748,41	1497,07
748,60	1486,83
748,79	1419,24
748,98	1380,33
749,17	1468,39
749,36	1519,59
749,55	1374,19
749,74	1484,78
749,93	1519,59
750,12	1374,19
750,31	1398,76
750,50	1472,49
750,70	1495,02
750,89	1499,11
751,08	1578,98
751,27	1447,91
751,46	1466,35
751,65	1488,87
751,84	1476,59
752,03	1464,30
752,22	1492,97
752,41	1462,25
752,60	1419,24
752,79	1548,26
752,98	1431,53
753,17	1533,93
753,36	1447,91
753,55	1470,44
753,74	1425,39
753,93	1568,74
754,12	1431,53
754,31	1538,02
754,50	1548,26
754,69	1445,87
754,88	1521,64
755,07	1505,26
755,26	1454,06
755,45	1513,45
755,64	1472,49
755,83	1503,21
756,02	1527,78
756,21	1529,83
756,40	1533,93
756,59	1415,15
756,78	1523,69
756,97	1556,46
757,16	1462,25
757,35	1484,78
757,54	1445,87
757,72	1443,82
757,91	1458,15
758,10	1378,28
758,29	1488,87
758,48	1490,92
758,67	1439,72
758,86	1556,46
759,05	1548,26
759,24	1533,93
759,43	1533,93
759,62	1464,30
759,81	1495,02
760,00	1525,74
760,19	1505,26
760,38	1597,42
760,57	1503,21
760,76	1576,94
760,95	1568,74
761,14	1447,91
761,33	1527,78
761,52	1525,74
761,70	1492,97
761,89	1581,03
762,08	1519,59
762,27	1460,20
762,46	1519,59
762,65	1503,21
762,84	1456,11
763,03	1587,18
763,22	1486,83
763,41	1468,39
763,60	1464,30
763,79	1529,83
763,98	1495,02
764,16	1540,07
764,35	1585,13
764,54	1728,49
764,73	1550,31
764,92	1646,57
765,11	1628,14
765,30	1611,75
765,49	1562,60
765,68	1626,09
765,87	1587,18
766,06	1570,79
766,24	1554,41
766,43	1544,17
766,62	1650,66
766,81	1601,51
767,00	1560,55
767,19	1583,08
767,38	1675,24
767,57	1591,27
767,76	1595,37
767,94	1601,51
768,13	1603,56
768,32	1675,24
768,51	1597,42
768,70	1685,48
768,89	1640,42
769,08	1591,27
769,27	1515,50
769,45	1566,70
769,64	1724,39
769,83	1566,70
770,02	1736,68
770,21	1804,26
770,40	1660,90
770,59	1691,62
770,77	1681,38
770,96	1718,25
771,15	1587,18
771,34	1669,09
771,53	1824,74
771,72	1703,91
771,91	1656,81
772,09	1681,38
772,28	1591,27
772,47	1587,18
772,66	1726,44
772,85	1642,47
773,04	1722,34
773,22	1693,67
773,41	1679,33
773,60	1789,92
773,79	1691,62
773,98	1718,25
774,17	1689,57
774,35	1628,14
774,54	1697,77
774,73	1701,86
774,92	1648,61
775,11	1738,73
775,30	1804,26
775,48	1699,81
775,67	1705,96
775,86	1730,53
776,05	1800,16
776,24	1697,77
776,42	1826,79
776,61	1865,70
776,80	1724,39
776,99	1669,09
777,18	1736,68
777,36	1693,67
777,55	1800,16
777,74	1665,00
777,93	1716,20
778,12	1726,44
778,30	1832,93
778,49	1796,07
778,68	1826,79
778,87	1722,34
779,06	1738,73
779,24	1695,72
779,43	1748,97
779,62	1814,50
779,81	1718,25
779,99	1746,92
780,18	1710,05
780,37	1771,49
780,56	1837,03
780,75	1812,45
780,93	1767,40
781,12	1834,98
781,31	1763,30
781,50	1675,24
781,68	1714,15
781,87	1714,15
782,06	1699,81
782,25	1751,01
782,43	1726,44
782,62	1679,33
782,81	1744,87
783,00	1740,77
783,18	1632,23
783,37	1669,09
783,56	1796,07
783,75	1656,81
783,93	1691,62
784,12	1701,86
784,31	1775,59
784,50	1697,77
784,68	1615,85
784,87	1630,18
785,06	1621,99
785,24	1630,18
785,43	1583,08
785,62	1693,67
785,81	1630,18
785,99	1679,33
786,18	1634,28
786,37	1607,66
786,56	1519,59
786,74	1603,56
786,93	1566,70
787,12	1634,28
787,30	1523,69
787,49	1621,99
787,68	1538,02
787,87	1597,42
788,05	1603,56
788,24	1490,92
788,43	1581,03
788,61	1619,94
788,80	1624,04
788,99	1521,64
789,17	1538,02
789,36	1488,87
789,55	1562,60
789,73	1546,22
789,92	1515,50
790,11	1486,83
790,30	1544,17
790,48	1423,34
790,67	1484,78
790,86	1495,02
791,04	1515,50
791,23	1535,98
791,42	1529,83
791,60	1425,39
791,79	1509,35
791,98	1435,63
792,16	1554,41
792,35	1495,02
792,54	1380,33
792,72	1474,54
792,91	1523,69
793,10	1378,28
793,28	1437,67
793,47	1464,30
793,66	1460,20
793,84	1452,01
794,03	1396,71
794,22	1482,73
794,40	1456,11
794,59	1454,06
794,77	1345,52
794,96	1406,95
795,15	1439,72
795,33	1376,24
795,52	1435,63
795,71	1474,54
795,89	1396,71
796,08	1437,67
796,27	1468,39
796,45	1378,28
796,64	1339,37
796,82	1417,19
797,01	1421,29
797,20	1492,97
797,38	1366,00
797,57	1423,34
797,76	1435,63
797,94	1437,67
798,13	1492,97
798,31	1439,72
798,50	1406,95
798,69	1400,81
798,87	1435,63
799,06	1325,04
799,24	1388,52
799,43	1488,87
799,62	1425,39
799,80	1398,76
799,99	1495,02
800,17	1419,24
800,36	1568,74
800,55	1417,19
800,73	1396,71
800,92	1406,95
801,10	1355,76
801,29	1456,11
801,48	1452,01
801,66	1490,92
801,85	1449,96
802,03	1439,72
802,22	1476,59
802,40	1417,19
802,59	1322,99
802,78	1353,71
802,96	1413,10
803,15	1511,40
803,33	1546,22
803,52	1480,68
803,70	1337,32
803,89	1378,28
804,08	1366,00
804,26	1411,05
804,45	1370,09
804,63	1435,63
804,82	1503,21
805,00	1384,43
805,19	1378,28
805,37	1404,91
805,56	1429,48
805,74	1380,33
805,93	1413,10
806,12	1382,38
806,30	1384,43
806,49	1382,38
806,67	1431,53
806,86	1361,90
807,04	1478,63
807,23	1425,39
807,41	1396,71
807,60	1406,95
807,78	1421,29
807,97	1685,48
808,15	1423,34
808,34	1402,86
808,52	1429,48
808,71	1460,20
808,89	1482,73
809,08	1427,43
809,27	1417,19
809,45	1368,04
809,64	1474,54
809,82	1394,67
810,01	1409,00
810,19	1464,30
810,38	1499,11
810,56	1402,86
810,75	1411,05
810,93	1413,10
811,12	1445,87
811,30	1386,47
811,49	1318,89
811,67	1548,26
811,85	1488,87
812,04	1454,06
812,22	1501,16
812,41	1435,63
812,59	1409,00
812,78	1368,04
812,96	1417,19
813,15	1363,95
813,33	1382,38
813,52	1449,96
813,70	1476,59
813,89	1409,00
814,07	1415,15
814,26	1409,00
814,44	1423,34
814,63	1429,48
814,81	1392,62
815,00	1292,27
815,18	1470,44
815,36	1476,59
815,55	1468,39
815,73	1394,67
815,92	1409,00
816,10	1574,89
816,29	1517,54
816,47	1329,13
816,66	1400,81
816,84	1441,77
817,02	1519,59
817,21	1480,68
817,39	1427,43
817,58	1429,48
817,76	1447,91
817,95	1474,54
818,13	1445,87
818,32	1351,66
818,50	1419,24
818,68	1398,76
818,87	1449,96
819,05	1480,68
819,24	1472,49
819,42	1404,91
819,60	1411,05
819,79	1378,28
819,97	1417,19
820,16	1484,78
820,34	1363,95
820,53	1452,01
820,71	1445,87
820,89	1499,11
821,08	1445,87
821,26	1452,01
821,45	1384,43
821,63	1396,71
821,81	1511,40
822,00	1366,00
822,18	1499,11
822,37	1486,83
822,55	1406,95
822,73	1386,47
822,92	1437,67
823,10	1388,52
823,28	1390,57
823,47	1472,49
823,65	1419,24
823,84	1468,39
824,02	1445,87
824,20	1490,92
824,39	1382,38
824,57	1523,69
824,75	1527,78
824,94	1533,93
825,12	1566,70
825,31	1431,53
825,49	1429,48
825,67	1394,67
825,86	1452,01
826,04	1478,63
826,22	1517,54
826,41	1505,26
826,59	1478,63
826,77	1386,47
826,96	1538,02
827,14	1474,54
827,32	1433,58
827,51	1544,17
827,69	1515,50
827,87	1538,02
828,06	1515,50
828,24	1488,87
828,42	1452,01
828,61	1538,02
828,79	1482,73
828,97	1521,64
829,16	1466,35
829,34	1501,16
829,52	1480,68
829,71	1589,22
829,89	1533,93
830,07	1443,82
830,26	1515,50
830,44	1478,63
830,62	1630,18
830,81	1488,87
830,99	1529,83
831,17	1433,58
831,36	1556,46
831,54	1591,27
831,72	1499,11
831,91	1488,87
832,09	1538,02
832,27	1533,93
832,45	1542,12
832,64	1578,98
832,82	1533,93
833,00	1546,22
833,19	1521,64
833,37	1572,84
833,55	1503,21
833,73	1527,78
833,92	1468,39
834,10	1464,30
834,28	1521,64
834,47	1513,45
834,65	1550,31
834,83	1550,31
835,01	1548,26
835,20	1490,92
835,38	1529,83
835,56	1560,55
835,74	1585,13
835,93	1548,26
836,11	1576,94
836,29	1558,50
836,47	1624,04
836,66	1560,55
836,84	1552,36
837,02	1599,46
837,21	1673,19
837,39	1593,32
837,57	1578,98
837,75	1607,66
837,94	1558,50
838,12	1589,22
838,30	1505,26
838,48	1486,83
838,66	1578,98
838,85	1632,23
839,03	1511,40
839,21	1531,88
839,39	1517,54
839,58	1665,00
839,76	1576,94
839,94	1578,98
840,12	1566,70
840,31	1587,18
840,49	1607,66
840,67	1576,94
840,85	1513,45
841,03	1697,77
841,22	1615,85
841,40	1742,82
841,58	1652,71
841,76	1554,41
841,94	1589,22
842,13	1728,49
842,31	1515,50
842,49	1679,33
842,67	1519,59
842,85	1665,00
843,04	1638,38
843,22	1708,01
843,40	1652,71
843,58	1626,09
843,76	1681,38
843,95	1677,29
844,13	1593,32
844,31	1630,18
844,49	1621,99
844,67	1597,42
844,86	1617,90
845,04	1662,95
845,22	1578,98
845,40	1652,71
845,58	1669,09
845,76	1728,49
845,95	1736,68
846,13	1576,94
846,31	1652,71
846,49	1658,85
846,67	1724,39
846,85	1677,29
847,04	1607,66
847,22	1640,42
847,40	1644,52
847,58	1585,13
847,76	1609,70
847,94	1720,29
848,12	1720,29
848,31	1685,48
848,49	1689,57
848,67	1667,05
848,85	1716,20
849,03	1693,67
849,21	1665,00
849,39	1740,77
849,58	1732,58
849,76	1753,06
849,94	1626,09
850,12	1716,20
850,30	1642,47
850,48	1738,73
850,66	1722,34
850,84	1681,38
851,03	1667,05
851,21	1736,68
851,39	1716,20
851,57	1720,29
851,75	1703,91
851,93	1765,35
852,11	1736,68
852,29	1845,22
852,47	1769,44
852,66	1914,85
852,84	1613,80
853,02	1759,21
853,20	1837,03
853,38	1740,77
853,56	1695,72
853,74	1662,95
853,92	1718,25
854,10	1695,72
854,28	1687,53
854,46	1683,43
854,65	1634,28
854,83	1560,55
855,01	1691,62
855,19	1734,63
855,37	1648,61
855,55	1742,82
855,73	1722,34
855,91	1718,25
856,09	1718,25
856,27	1767,40
856,45	1734,63
856,63	1705,96
856,81	1759,21
857,00	1632,23
857,18	1693,67
857,36	1632,23
857,54	1761,25
857,72	1697,77
857,90	1714,15
858,08	1669,09
858,26	1619,94
858,44	1615,85
858,62	1763,30
858,80	1634,28
858,98	1740,77
859,16	1576,94
859,34	1615,85
859,52	1636,33
859,70	1751,01
859,88	1685,48
860,06	1546,22
860,24	1599,46
860,42	1566,70
860,60	1681,38
860,78	1589,22
860,96	1613,80
861,14	1544,17
861,32	1572,84
861,50	1607,66
861,69	1601,51
861,87	1632,23
862,05	1619,94
862,23	1521,64
862,41	1523,69
862,59	1552,36
862,77	1505,26
862,95	1546,22
863,13	1705,96
863,31	1507,30
863,49	1515,50
863,67	1486,83
863,85	1458,15
864,03	1527,78
864,21	1542,12
864,39	1497,07
864,57	1611,75
864,75	1503,21
864,92	1642,47
865,10	1558,50
865,28	1470,44
865,46	1503,21
865,64	1505,26
865,82	1470,44
866,00	1515,50
866,18	1503,21
866,36	1454,06
866,54	1583,08
866,72	1501,16
866,90	1548,26
867,08	1515,50
867,26	1439,72
867,44	1447,91
867,62	1507,30
867,80	1468,39
867,98	1574,89
868,16	1566,70
868,34	1556,46
868,52	1484,78
868,70	1425,39
868,88	1466,35
869,06	1437,67
869,24	1505,26
869,42	1429,48
869,59	1458,15
869,77	1480,68
869,95	1503,21
870,13	1525,74
870,31	1353,71
870,49	1484,78
870,67	1388,52
870,85	1482,73
871,03	1435,63
871,21	1619,94
871,39	1499,11
871,57	1386,47
871,75	1501,16
871,92	1482,73
872,10	1464,30
872,28	1449,96
872,46	1445,87
872,64	1507,30
872,82	1419,24
873,00	1495,02
873,18	1470,44
873,36	1447,91
873,54	1353,71
873,72	1419,24
873,89	1482,73
874,07	1425,39
874,25	1513,45
874,43	1452,01
874,61	1464,30
874,79	1425,39
874,97	1433,58
875,15	1486,83
875,33	1435,63
875,50	1492,97
875,68	1357,80
875,86	1460,20
876,04	1501,16
876,22	1445,87
876,40	1406,95
876,58	1460,20
876,76	1419,24
876,93	1421,29
877,11	1404,91
877,29	1431,53
877,47	1525,74
877,65	1505,26
877,83	1482,73
878,01	1406,95
878,18	1409,00
878,36	1521,64
878,54	1388,52
878,72	1388,52
878,90	1449,96
879,08	1552,36
879,25	1509,35
879,43	1456,11
879,61	1427,43
879,79	1380,33
879,97	1531,88
880,15	1445,87
880,32	1380,33
880,50	1421,29
880,68	1406,95
880,86	1501,16
881,04	1357,80
881,22	1507,30
881,39	1486,83
881,57	1462,25
881,75	1351,66
881,93	1415,15
882,11	1456,11
882,28	1394,67
882,46	1390,57
882,64	1363,95
882,82	1468,39
883,00	1507,30
883,18	1368,04
883,35	1480,68
883,53	1546,22
883,71	1472,49
883,89	1474,54
884,07	1413,10
884,24	1447,91
884,42	1443,82
884,60	1355,76
884,78	1535,98
884,95	1400,81
885,13	1454,06
885,31	1409,00
885,49	1345,52
885,67	1417,19
885,84	1325,04
886,02	1374,19
886,20	1478,63
886,38	1413,10
886,55	1425,39
886,73	1394,67
886,91	1462,25
887,09	1447,91
887,26	1398,76
887,44	1437,67
887,62	1409,00
887,80	1404,91
887,98	1441,77
888,15	1425,39
888,33	1394,67
888,51	1337,32
888,69	1482,73
888,86	1368,04
889,04	1380,33
889,22	1376,24
889,39	1509,35
889,57	1402,86
889,75	1419,24
889,93	1390,57
890,10	1439,72
890,28	1433,58
890,46	1484,78
890,64	1439,72
890,81	1433,58
890,99	1382,38
891,17	1443,82
891,34	1499,11
891,52	1349,61
891,70	1409,00
891,88	1531,88
892,05	1462,25
892,23	1366,00
892,41	1435,63
892,58	1357,80
892,76	1523,69
892,94	1380,33
893,12	1499,11
893,29	1433,58
893,47	1482,73
893,65	1398,76
893,82	1415,15
894,00	1474,54
894,18	1433,58
894,35	1372,14
894,53	1492,97
894,71	1435,63
894,89	1402,86
895,06	1476,59
895,24	1417,19
895,42	1366,00
895,59	1484,78
895,77	1380,33
895,95	1388,52
896,12	1398,76
896,30	1447,91
896,48	1394,67
896,65	1466,35
896,83	1384,43
897,01	1431,53
897,18	1415,15
897,36	1513,45
897,54	1447,91
897,71	1347,56
897,89	1476,59
898,07	1423,34
898,24	1398,76
898,42	1316,84
898,59	1452,01
898,77	1472,49
898,95	1425,39
899,12	1402,86
899,30	1366,00
899,48	1355,76
899,65	1425,39
899,83	1366,00
900,01	1353,71
900,18	1417,19
900,36	1402,86
900,53	1402,86
900,71	1472,49
900,89	1460,20
901,06	1394,67
901,24	1370,09
901,42	1495,02
901,59	1411,05
901,77	1380,33
901,94	1429,48
902,12	1390,57
902,30	1497,07
902,47	1345,52
902,65	1415,15
902,82	1441,77
903,00	1427,43
903,18	1480,68
903,35	1382,38
903,53	1400,81
903,70	1490,92
903,88	1419,24
904,06	1409,00
904,23	1398,76
904,41	1351,66
904,58	1521,64
904,76	1368,04
904,93	1437,67
905,11	1386,47
905,29	1458,15
905,46	1388,52
905,64	1474,54
905,81	1318,89
905,99	1413,10
906,16	1484,78
906,34	1390,57
906,52	1374,19
906,69	1464,30
906,87	1521,64
907,04	1417,19
907,22	1345,52
907,39	1583,08
907,57	1359,85
907,75	1480,68
907,92	1425,39
908,10	1544,17
908,27	1443,82
908,45	1460,20
908,62	1445,87
908,80	1443,82
908,97	1411,05
909,15	1402,86
909,32	1372,14
909,50	1406,95
909,67	1351,66
909,85	1415,15
910,03	1402,86
910,20	1327,08
910,38	1406,95
910,55	1394,67
910,73	1419,24
910,90	1394,67
911,08	1443,82
911,25	1458,15
911,43	1437,67
911,60	1380,33
911,78	1394,67
911,95	1349,61
912,13	1404,91
912,30	1468,39
912,48	1447,91
912,65	1368,04
912,83	1384,43
913,00	1449,96
913,18	1370,09
913,35	1468,39
913,53	1353,71
913,70	1409,00
913,88	1398,76
914,05	1417,19
914,23	1380,33
914,40	1388,52
914,58	1431,53
914,75	1492,97
914,93	1497,07
915,10	1427,43
915,27	1509,35
915,45	1460,20
915,62	1415,15
915,80	1406,95
915,97	1439,72
916,15	1470,44
916,32	1533,93
916,50	1445,87
916,67	1460,20
916,85	1441,77
917,02	1445,87
917,20	1390,57
917,37	1456,11
917,54	1460,20
917,72	1386,47
917,89	1464,30
918,07	1456,11
918,24	1452,01
918,42	1452,01
918,59	1390,57
918,77	1417,19
918,94	1458,15
919,11	1316,84
919,29	1419,24
919,46	1400,81
919,64	1417,19
919,81	1425,39
919,99	1392,62
920,16	1556,46
920,33	1435,63
920,51	1435,63
920,68	1402,86
920,86	1460,20
921,03	1464,30
921,20	1343,47
921,38	1427,43
921,55	1474,54
921,73	1443,82
921,90	1361,90
922,07	1501,16
922,25	1341,42
922,42	1478,63
922,60	1435,63
922,77	1400,81
922,94	1429,48
923,12	1437,67
923,29	1472,49
923,47	1429,48
923,64	1402,86
923,81	1490,92
923,99	1368,04
924,16	1421,29
924,34	1398,76
924,51	1458,15
924,68	1470,44
924,86	1443,82
925,03	1409,00
925,20	1435,63
925,38	1511,40
925,55	1361,90
925,72	1511,40
925,90	1417,19
926,07	1368,04
926,25	1480,68
926,42	1505,26
926,59	1452,01
926,77	1415,15
926,94	1447,91
927,11	1404,91
927,29	1429,48
927,46	1374,19
927,63	1423,34
927,81	1445,87
927,98	1447,91
928,15	1484,78
928,33	1460,20
928,50	1417,19
928,67	1456,11
928,85	1443,82
929,02	1366,00
929,19	1411,05
929,37	1427,43
929,54	1374,19
929,71	1449,96
929,89	1431,53
930,06	1400,81
930,23	1411,05
930,41	1394,67
930,58	1392,62
930,75	1443,82
930,92	1384,43
931,10	1394,67
931,27	1386,47
931,44	1507,30
931,62	1308,65
931,79	1386,47
931,96	1417,19
932,14	1431,53
932,31	1423,34
932,48	1425,39
932,65	1409,00
932,83	1501,16
933,00	1417,19
933,17	1478,63
933,35	1437,67
933,52	1452,01
933,69	1409,00
933,86	1462,25
934,04	1396,71
934,21	1374,19
934,38	1402,86
934,55	1435,63
934,73	1411,05
934,90	1439,72
935,07	1501,16
935,25	1505,26
935,42	1300,46
935,59	1449,96
935,76	1294,32
935,94	1443,82
936,11	1423,34
936,28	1454,06
936,45	1366,00
936,63	1396,71
936,80	1357,80
936,97	1419,24
937,14	1427,43
937,31	1472,49
937,49	1513,45
937,66	1456,11
937,83	1501,16
938,00	1345,52
938,18	1480,68
938,35	1456,11
938,52	1478,63
938,69	1431,53
938,87	1441,77
939,04	1404,91
939,21	1329,13
939,38	1482,73
939,55	1333,23
939,73	1351,66
939,90	1445,87
940,07	1400,81
940,24	1458,15
940,41	1486,83
940,59	1386,47
940,76	1419,24
940,93	1466,35
941,10	1341,42
941,27	1400,81
941,45	1429,48
941,62	1472,49
941,79	1406,95
941,96	1443,82
942,13	1411,05
942,31	1386,47
942,48	1429,48
942,65	1492,97
942,82	1464,30
942,99	1441,77
943,16	1402,86
943,34	1488,87
943,51	1478,63
943,68	1458,15
943,85	1435,63
944,02	1490,92
944,19	1460,20
944,37	1378,28
944,54	1456,11
944,71	1431,53
944,88	1527,78
945,05	1505,26
945,22	1488,87
945,40	1462,25
945,57	1370,09
945,74	1425,39
945,91	1357,80
946,08	1466,35
946,25	1433,58
946,42	1339,37
946,60	1366,00
946,77	1468,39
946,94	1413,10
947,11	1409,00
947,28	1443,82
947,45	1314,80
947,62	1462,25
947,79	1388,52
947,97	1472,49
948,14	1472,49
948,31	1435,63
948,48	1402,86
948,65	1400,81
948,82	1431,53
948,99	1406,95
949,16	1480,68
949,33	1396,71
949,51	1466,35
949,68	1370,09
949,85	1456,11
950,02	1398,76
950,19	1415,15
950,36	1460,20
950,53	1447,91
950,70	1464,30
950,87	1474,54
951,04	1368,04
951,22	1523,69
951,39	1427,43
951,56	1490,92
951,73	1509,35
951,90	1456,11
952,07	1433,58
952,24	1482,73
952,41	1423,34
952,58	1357,80
952,75	1464,30
952,92	1402,86
953,09	1294,32
953,26	1380,33
953,43	1445,87
953,61	1480,68
953,78	1382,38
953,95	1517,54
954,12	1427,43
954,29	1386,47
954,46	1460,20
954,63	1433,58
954,80	1486,83
954,97	1372,14
955,14	1425,39
955,31	1406,95
955,48	1445,87
955,65	1361,90
955,82	1366,00
955,99	1492,97
956,16	1355,76
956,33	1517,54
956,50	1355,76
956,67	1411,05
956,84	1409,00
957,01	1484,78
957,18	1456,11
957,35	1396,71
957,52	1433,58
957,69	1484,78
957,86	1474,54
958,03	1421,29
958,20	1460,20
958,37	1382,38
958,54	1441,77
958,71	1460,20
958,88	1572,84
959,05	1488,87
959,22	1497,07
959,39	1476,59
959,56	1417,19
959,73	1435,63
959,90	1445,87
960,07	1433,58
960,24	1441,77
960,41	1398,76
960,58	1433,58
960,75	1374,19
960,92	1476,59
961,09	1447,91
961,26	1449,96
961,43	1435,63
961,60	1411,05
961,77	1495,02
961,94	1472,49
962,11	1372,14
962,28	1445,87
962,45	1439,72
962,62	1398,76
962,79	1452,01
962,96	1429,48
963,13	1517,54
963,30	1402,86
963,47	1425,39
963,64	1386,47
963,81	1544,17
963,98	1460,20
964,14	1413,10
964,31	1421,29
964,48	1495,02
964,65	1503,21
964,82	1380,33
964,99	1439,72
965,16	1409,00
965,33	1431,53
965,50	1439,72
965,67	1509,35
965,84	1480,68
966,01	1341,42
966,18	1386,47
966,35	1439,72
966,51	1437,67
966,68	1515,50
966,85	1308,65
967,02	1478,63
967,19	1456,11
967,36	1425,39
967,53	1423,34
967,70	1355,76
967,87	1398,76
968,04	1431,53
968,21	1492,97
968,37	1466,35
968,54	1372,14
968,71	1335,28
968,88	1433,58
969,05	1384,43
969,22	1511,40
969,39	1447,91
969,56	1452,01
969,72	1386,47
969,89	1480,68
970,06	1411,05
970,23	1433,58
970,40	1456,11
970,57	1421,29
970,74	1433,58
970,91	1382,38
971,07	1470,44
971,24	1419,24
971,41	1456,11
971,58	1345,52
971,75	1449,96
971,92	1349,61
972,09	1415,15
972,25	1353,71
972,42	1456,11
972,59	1460,20
972,76	1535,98
972,93	1439,72
973,10	1476,59
973,27	1462,25
973,43	1419,24
973,60	1435,63
973,77	1353,71
973,94	1384,43
974,11	1447,91
974,28	1495,02
974,44	1390,57
974,61	1445,87
974,78	1503,21
974,95	1437,67
975,12	1474,54
975,28	1456,11
975,45	1366,00
975,62	1445,87
975,79	1413,10
975,96	1396,71
976,12	1433,58
976,29	1439,72
976,46	1454,06
976,63	1361,90
976,80	1374,19
976,96	1415,15
977,13	1359,85
977,30	1347,56
977,47	1406,95
977,64	1447,91
977,80	1447,91
977,97	1363,95
978,14	1445,87
978,31	1368,04
978,48	1439,72
978,64	1421,29
978,81	1370,09
978,98	1351,66
979,15	1378,28
979,31	1423,34
979,48	1419,24
979,65	1392,62
979,82	1419,24
979,98	1384,43
980,15	1447,91
980,32	1449,96
980,49	1374,19
980,66	1396,71
980,82	1404,91
980,99	1366,00
981,16	1419,24
981,33	1368,04
981,49	1445,87
981,66	1376,24
981,83	1325,04
981,99	1374,19
982,16	1351,66
982,33	1474,54
982,50	1370,09
982,66	1452,01
982,83	1357,80
983,00	1480,68
983,17	1347,56
983,33	1484,78
983,50	1447,91
983,67	1419,24
983,83	1390,57
984,00	1351,66
984,17	1445,87
984,34	1406,95
984,50	1378,28
984,67	1335,28
984,84	1396,71
985,00	1374,19
985,17	1363,95
985,34	1470,44
985,51	1355,76
985,67	1398,76
985,84	1417,19
986,01	1300,46
986,17	1423,34
986,34	1425,39
986,51	1353,71
986,67	1355,76
986,84	1449,96
987,01	1349,61
987,17	1380,33
987,34	1488,87
987,51	1316,84
987,67	1374,19
987,84	1433,58
988,01	1388,52
988,17	1380,33
988,34	1386,47
988,51	1445,87
988,67	1452,01
988,84	1376,24
989,01	1370,09
989,17	1452,01
989,34	1503,21
989,51	1353,71
989,67	1404,91
989,84	1374,19
990,01	1318,89
990,17	1441,77
990,34	1421,29
990,51	1456,11
990,67	1337,32
990,84	1413,10
991,01	1345,52
991,17	1380,33
991,34	1347,56
991,50	1341,42
991,67	1388,52
991,84	1294,32
992,00	1312,75
992,17	1449,96
992,34	1452,01
992,50	1495,02
992,67	1417,19
992,83	1382,38
993,00	1411,05
993,17	1456,11
993,33	1409,00
993,50	1404,91
993,66	1460,20
993,83	1402,86
994,00	1327,08
994,16	1427,43
994,33	1423,34
994,49	1466,35
994,66	1419,24
994,83	1370,09
994,99	1335,28
995,16	1470,44
995,32	1431,53
995,49	1456,11
995,66	1431,53
995,82	1425,39
995,99	1353,71
996,15	1423,34
996,32	1388,52
996,48	1392,62
996,65	1361,90
996,82	1458,15
996,98	1409,00
997,15	1380,33
997,31	1392,62
997,48	1411,05
997,64	1288,17
997,81	1413,10
997,97	1372,14
998,14	1359,85
998,31	1351,66
998,47	1357,80
998,64	1462,25
998,80	1421,29
998,97	1449,96
999,13	1423,34
999,30	1394,67
999,46	1435,63
999,63	1374,19
999,79	1402,86
999,96	1464,30
1000,12	1402,86
1000,29	1351,66
1000,45	1505,26
1000,62	1343,47
1000,79	1499,11
1000,95	1419,24
1001,12	1386,47
1001,28	1343,47
1001,45	1452,01
1001,61	1406,95
1001,78	1435,63
1001,94	1427,43
1002,11	1429,48
1002,27	1445,87
1002,44	1398,76
1002,60	1386,47
1002,77	1443,82
1002,93	1441,77
1003,10	1296,36
1003,26	1429,48
1003,43	1466,35
1003,59	1462,25
1003,76	1429,48
1003,92	1398,76
1004,09	1404,91
1004,25	1404,91
1004,41	1443,82
1004,58	1353,71
1004,74	1466,35
1004,91	1435,63
1005,07	1382,38
1005,24	1402,86
1005,40	1386,47
1005,57	1341,42
1005,73	1406,95
1005,90	1366,00
1006,06	1445,87
1006,23	1396,71
1006,39	1394,67
1006,55	1429,48
1006,72	1390,57
1006,88	1409,00
1007,05	1439,72
1007,21	1439,72
1007,38	1413,10
1007,54	1409,00
1007,71	1390,57
1007,87	1390,57
1008,03	1427,43
1008,20	1406,95
1008,36	1374,19
1008,53	1464,30
1008,69	1382,38
1008,86	1374,19
1009,02	1419,24
1009,18	1460,20
1009,35	1443,82
1009,51	1402,86
1009,68	1433,58
1009,84	1464,30
1010,01	1398,76
1010,17	1392,62
1010,33	1359,85
1010,50	1480,68
1010,66	1478,63
1010,83	1411,05
1010,99	1497,07
1011,15	1277,93
1011,32	1376,24
1011,48	1400,81
1011,65	1363,95
1011,81	1353,71
1011,97	1402,86
1012,14	1363,95
1012,30	1466,35
1012,46	1327,08
1012,63	1409,00
1012,79	1380,33
1012,96	1441,77
1013,12	1431,53
1013,28	1464,30
1013,45	1474,54
1013,61	1417,19
1013,77	1435,63
1013,94	1411,05
1014,10	1357,80
1014,26	1386,47
1014,43	1456,11
1014,59	1441,77
1014,76	1538,02
1014,92	1492,97
1015,08	1382,38
1015,25	1409,00
1015,41	1437,67
1015,57	1472,49
1015,74	1417,19
1015,90	1413,10
1016,06	1429,48
1016,23	1460,20
1016,39	1437,67
1016,55	1363,95
1016,72	1503,21
1016,88	1392,62
1017,04	1245,16
1017,21	1476,59
1017,37	1322,99
1017,53	1447,91
1017,70	1480,68
1017,86	1394,67
1018,02	1355,76
1018,19	1447,91
1018,35	1376,24
1018,51	1386,47
1018,67	1413,10
1018,84	1376,24
1019,00	1374,19
1019,16	1427,43
1019,33	1431,53
1019,49	1472,49
1019,65	1382,38
1019,82	1386,47
1019,98	1355,76
1020,14	1413,10
1020,30	1415,15
1020,47	1433,58
1020,63	1449,96
1020,79	1394,67
1020,96	1396,71
1021,12	1413,10
1021,28	1409,00
1021,44	1378,28
1021,61	1380,33
1021,77	1386,47
1021,93	1421,29
1022,09	1419,24
1022,26	1472,49
1022,42	1388,52
1022,58	1341,42
1022,74	1388,52
1022,91	1308,65
1023,07	1458,15
1023,23	1361,90
1023,39	1415,15
1023,56	1337,32
1023,72	1468,39
1023,88	1345,52
1024,04	1392,62
1024,21	1329,13
1024,37	1421,29
1024,53	1484,78
1024,69	1372,14
1024,86	1472,49
1025,02	1429,48
1025,18	1349,61
1025,34	1329,13
1025,50	1431,53
1025,67	1339,37
1025,83	1400,81
1025,99	1406,95
1026,15	1488,87
1026,32	1374,19
1026,48	1374,19
1026,64	1456,11
1026,80	1468,39
1026,96	1486,83
1027,13	1492,97
1027,29	1415,15
1027,45	1425,39
1027,61	1341,42
1027,77	1435,63
1027,94	1406,95
1028,10	1386,47
1028,26	1355,76
1028,42	1380,33
1028,58	1470,44
1028,75	1322,99
1028,91	1386,47
1029,07	1327,08
1029,23	1464,30
1029,39	1370,09
1029,55	1411,05
1029,72	1462,25
1029,88	1439,72
1030,04	1419,24
1030,20	1357,80
1030,36	1382,38
1030,52	1378,28
1030,69	1351,66
1030,85	1400,81
1031,01	1372,14
1031,17	1366,00
1031,33	1388,52
1031,49	1413,10
1031,65	1320,94
1031,82	1384,43
1031,98	1402,86
1032,14	1454,06
1032,30	1396,71
1032,46	1429,48
1032,62	1406,95
1032,78	1439,72
1032,95	1372,14
1033,11	1380,33
1033,27	1382,38
1033,43	1370,09
1033,59	1460,20
1033,75	1470,44
1033,91	1423,34
1034,07	1456,11
1034,24	1349,61
1034,40	1417,19
1034,56	1404,91
1034,72	1484,78
1034,88	1415,15
1035,04	1406,95
1035,20	1388,52
1035,36	1351,66
1035,52	1374,19
1035,68	1374,19
1035,85	1402,86
1036,01	1392,62
1036,17	1540,07
1036,33	1396,71
1036,49	1372,14
1036,65	1329,13
1036,81	1486,83
1036,97	1357,80
1037,13	1370,09
1037,29	1406,95
1037,45	1486,83
1037,61	1427,43
1037,78	1400,81
1037,94	1376,24
1038,10	1411,05
1038,26	1400,81
1038,42	1351,66
1038,58	1396,71
1038,74	1425,39
1038,90	1376,24
1039,06	1374,19
1039,22	1355,76
1039,38	1413,10
1039,54	1376,24
1039,70	1296,36
1039,86	1382,38
1040,02	1392,62
1040,18	1409,00
1040,34	1355,76
1040,50	1441,77
1040,66	1425,39
1040,83	1390,57
1040,99	1439,72
1041,15	1417,19
1041,31	1452,01
1041,47	1406,95
1041,63	1345,52
1041,79	1452,01
1041,95	1366,00
1042,11	1421,29
1042,27	1490,92
1042,43	1429,48
1042,59	1499,11
1042,75	1406,95
1042,91	1480,68
