344,25	1296,36
344,46	1296,36
344,68	1296,36
344,90	1288,17
345,12	1263,60
345,34	1406,95
345,55	1400,81
345,77	1427,43
345,99	1333,23
346,21	1417,19
346,42	1492,97
346,64	1400,81
346,86	1351,66
347,08	1499,11
347,30	1353,71
347,51	1400,81
347,73	1386,47
347,95	1466,35
348,17	1423,34
348,38	1374,19
348,60	1339,37
348,82	1374,19
349,04	1357,80
349,25	1361,90
349,47	1409,00
349,69	1318,89
349,91	1462,25
350,13	1509,35
350,34	1449,96
350,56	1282,03
350,78	1456,11
351,00	1523,69
351,21	1417,19
351,43	1368,04
351,65	1441,77
351,87	1411,05
352,08	1452,01
352,30	1396,71
352,52	1372,14
352,74	1470,44
352,95	1507,30
353,17	1425,39
353,39	1370,09
353,61	1445,87
353,82	1427,43
354,04	1392,62
354,26	1460,20
354,47	1423,34
354,69	1404,91
354,91	1470,44
355,13	1429,48
355,34	1427,43
355,56	1388,52
355,78	1384,43
356,00	1466,35
356,21	1456,11
356,43	1437,67
356,65	1357,80
356,86	1374,19
357,08	1443,82
357,30	1390,57
357,52	1398,76
357,73	1443,82
357,95	1392,62
358,17	1361,90
358,38	1476,59
358,60	1427,43
358,82	1488,87
359,04	1390,57
359,25	1482,73
359,47	1624,04
359,69	1488,87
359,90	1488,87
360,12	1513,45
360,34	1433,58
360,56	1507,30
360,77	1632,23
360,99	1587,18
361,21	1540,07
361,42	1413,10
361,64	1556,46
361,86	1566,70
362,07	1544,17
362,29	1546,22
362,51	1576,94
362,73	1535,98
362,94	1484,78
363,16	1554,41
363,38	1525,74
363,59	1660,90
363,81	1552,36
364,03	1591,27
364,24	1515,50
364,46	1570,79
364,68	1521,64
364,89	1566,70
365,11	1617,90
365,33	1603,56
365,54	1599,46
365,76	1519,59
365,98	1585,13
366,19	1599,46
366,41	1685,48
366,63	1517,54
366,84	1574,89
367,06	1601,51
367,28	1601,51
367,49	1581,03
367,71	1519,59
367,93	1585,13
368,14	1656,81
368,36	1499,11
368,58	1597,42
368,79	1570,79
369,01	1597,42
369,23	1564,65
369,44	1615,85
369,66	1474,54
369,88	1611,75
370,09	1525,74
370,31	1677,29
370,53	1624,04
370,74	1624,04
370,96	1583,08
371,18	1574,89
371,39	1660,90
371,61	1648,61
371,82	1558,50
372,04	1624,04
372,26	1574,89
372,47	1587,18
372,69	1599,46
372,91	1628,14
373,12	1517,54
373,34	1597,42
373,56	1452,01
373,77	1669,09
373,99	1576,94
374,20	1570,79
374,42	1636,33
374,64	1576,94
374,85	1478,63
375,07	1648,61
375,29	1587,18
375,50	1550,31
375,72	1525,74
375,93	1595,37
376,15	1454,06
376,37	1505,26
376,58	1396,71
376,80	1589,22
377,01	1550,31
377,23	1603,56
377,45	1560,55
377,66	1505,26
377,88	1531,88
378,10	1521,64
378,31	1478,63
378,53	1587,18
378,74	1492,97
378,96	1544,17
379,18	1529,83
379,39	1478,63
379,61	1406,95
379,82	1456,11
380,04	1445,87
380,26	1478,63
380,47	1552,36
380,69	1513,45
380,90	1615,85
381,12	1419,24
381,33	1503,21
381,55	1431,53
381,77	1441,77
381,98	1417,19
382,20	1492,97
382,41	1406,95
382,63	1447,91
382,85	1525,74
383,06	1466,35
383,28	1431,53
383,49	1449,96
383,71	1497,07
383,92	1466,35
384,14	1468,39
384,36	1363,95
384,57	1423,34
384,79	1421,29
385,00	1546,22
385,22	1333,23
385,43	1429,48
385,65	1505,26
385,87	1468,39
386,08	1398,76
386,30	1400,81
386,51	1351,66
386,73	1409,00
386,94	1456,11
387,16	1472,49
387,37	1497,07
387,59	1427,43
387,81	1390,57
388,02	1482,73
388,24	1329,13
388,45	1425,39
388,67	1427,43
388,88	1550,31
389,10	1398,76
389,31	1478,63
389,53	1452,01
389,75	1505,26
389,96	1511,40
390,18	1368,04
390,39	1409,00
390,61	1452,01
390,82	1476,59
391,04	1439,72
391,25	1480,68
391,47	1380,33
391,68	1435,63
391,90	1464,30
392,11	1470,44
392,33	1527,78
392,54	1400,81
392,76	1478,63
392,97	1388,52
393,19	1531,88
393,41	1472,49
393,62	1419,24
393,84	1505,26
394,05	1492,97
394,27	1421,29
394,48	1380,33
394,70	1517,54
394,91	1476,59
395,13	1433,58
395,34	1480,68
395,56	1558,50
395,77	1505,26
395,99	1517,54
396,20	1423,34
396,42	1525,74
396,63	1548,26
396,85	1454,06
397,06	1439,72
397,28	1515,50
397,49	1515,50
397,71	1556,46
397,92	1468,39
398,14	1497,07
398,35	1572,84
398,57	1572,84
398,78	1542,12
399,00	1505,26
399,21	1497,07
399,43	1507,30
399,64	1484,78
399,86	1482,73
400,07	1587,18
400,29	1529,83
400,50	1646,57
400,72	1533,93
400,93	1628,14
401,14	1538,02
401,36	1521,64
401,57	1576,94
401,79	1564,65
402,00	1568,74
402,22	1562,60
402,43	1597,42
402,65	1572,84
402,86	1523,69
403,08	1566,70
403,29	1552,36
403,51	1628,14
403,72	1603,56
403,94	1472,49
404,15	1574,89
404,36	1527,78
404,58	1753,06
404,79	1581,03
405,01	1611,75
405,22	1574,89
405,44	1466,35
405,65	1509,35
405,87	1607,66
406,08	1634,28
406,30	1554,41
406,51	1501,16
406,72	1478,63
406,94	1519,59
407,15	1574,89
407,37	1560,55
407,58	1558,50
407,80	1474,54
408,01	1560,55
408,23	1521,64
408,44	1562,60
408,65	1499,11
408,87	1542,12
409,08	1490,92
409,30	1542,12
409,51	1570,79
409,73	1476,59
409,94	1529,83
410,15	1544,17
410,37	1499,11
410,58	1503,21
410,80	1601,51
411,01	1603,56
411,23	1554,41
411,44	1462,25
411,65	1523,69
411,87	1583,08
412,08	1466,35
412,30	1568,74
412,51	1495,02
412,72	1630,18
412,94	1546,22
413,15	1538,02
413,37	1548,26
413,58	1454,06
413,79	1429,48
414,01	1462,25
414,22	1505,26
414,44	1548,26
414,65	1503,21
414,86	1515,50
415,08	1542,12
415,29	1519,59
415,51	1445,87
415,72	1525,74
415,93	1554,41
416,15	1474,54
416,36	1501,16
416,58	1560,55
416,79	1529,83
417,00	1542,12
417,22	1533,93
417,43	1517,54
417,65	1488,87
417,86	1540,07
418,07	1603,56
418,29	1576,94
418,50	1566,70
418,71	1552,36
418,93	1523,69
419,14	1523,69
419,36	1515,50
419,57	1519,59
419,78	1578,98
420,00	1490,92
420,21	1609,70
420,42	1646,57
420,64	1546,22
420,85	1597,42
421,06	1509,35
421,28	1499,11
421,49	1513,45
421,71	1687,53
421,92	1499,11
422,13	1626,09
422,35	1650,66
422,56	1581,03
422,77	1583,08
422,99	1505,26
423,20	1630,18
423,41	1599,46
423,63	1535,98
423,84	1535,98
424,05	1636,33
424,27	1558,50
424,48	1648,61
424,69	1589,22
424,91	1937,38
425,12	1499,11
425,33	1595,37
425,55	1568,74
425,76	1589,22
425,97	1550,31
426,19	1587,18
426,40	1599,46
426,61	1669,09
426,83	1595,37
427,04	1621,99
427,25	1675,24
427,47	1654,76
427,68	1548,26
427,89	1570,79
428,11	1630,18
428,32	1558,50
428,53	1628,14
428,75	1587,18
428,96	1593,32
429,17	1632,23
429,39	1648,61
429,60	1716,20
429,81	1710,05
430,03	1628,14
430,24	1595,37
430,45	1576,94
430,67	1644,52
430,88	1656,81
431,09	1646,57
431,30	1685,48
431,52	1626,09
431,73	1624,04
431,94	1589,22
432,16	1644,52
432,37	1714,15
432,58	1591,27
432,80	1533,93
433,01	1601,51
433,22	1576,94
433,43	1529,83
433,65	1587,18
433,86	1484,78
434,07	1456,11
434,29	1556,46
434,50	1507,30
434,71	1652,71
434,92	1564,65
435,14	1576,94
435,35	1603,56
435,56	1603,56
435,77	1513,45
435,99	1525,74
436,20	1497,07
436,41	1562,60
436,63	1482,73
436,84	1593,32
437,05	1486,83
437,26	1556,46
437,48	1650,66
437,69	1540,07
437,90	1480,68
438,11	1449,96
438,33	1456,11
438,54	1574,89
438,75	1556,46
438,96	1572,84
439,18	1546,22
439,39	1554,41
439,60	1476,59
439,82	1576,94
440,03	1550,31
440,24	1593,32
440,45	1525,74
440,67	1548,26
440,88	1593,32
441,09	1554,41
441,30	1578,98
441,51	1560,55
441,73	1505,26
441,94	1578,98
442,15	1587,18
442,36	1566,70
442,58	1482,73
442,79	1486,83
443,00	1578,98
443,21	1554,41
443,43	1589,22
443,64	1542,12
443,85	1570,79
444,06	1626,09
444,28	1611,75
444,49	1470,44
444,70	1558,50
444,91	1683,43
445,12	1603,56
445,34	1595,37
445,55	1685,48
445,76	1609,70
445,97	1624,04
446,18	1558,50
446,40	1615,85
446,61	1599,46
446,82	1525,74
447,03	1619,94
447,25	1570,79
447,46	1572,84
447,67	1640,42
447,88	1517,54
448,09	1667,05
448,31	1652,71
448,52	1601,51
448,73	1761,25
448,94	1546,22
449,15	1660,90
449,37	1617,90
449,58	1607,66
449,79	1669,09
450,00	1800,16
450,21	1640,42
450,43	1621,99
450,64	1630,18
450,85	1767,40
451,06	1783,78
451,27	1828,84
451,48	1695,72
451,70	1730,53
451,91	1689,57
452,12	1761,25
452,33	1863,65
452,54	1685,48
452,76	1857,51
452,97	1931,23
453,18	1832,93
453,39	1814,50
453,60	1826,79
453,81	1820,64
454,03	1837,03
454,24	1892,32
454,45	1830,88
454,66	1857,51
454,87	1957,86
455,08	1769,44
455,30	1980,39
455,51	1912,80
455,72	1970,15
455,93	1847,27
456,14	1937,38
456,35	1869,80
456,56	2039,78
456,78	1910,75
456,99	2019,30
457,20	1996,77
457,41	1976,29
457,62	1896,42
457,83	2078,69
458,04	2000,87
458,26	2013,15
458,47	1845,22
458,68	1902,56
458,89	1951,71
459,10	1914,85
459,31	2011,11
459,52	2031,58
459,74	1998,82
459,95	2050,02
460,16	2047,97
460,37	2066,40
460,58	2054,11
460,79	2011,11
461,00	1986,53
461,21	1914,85
461,43	2031,58
461,64	2007,01
461,85	1976,29
462,06	1974,24
462,27	1959,91
462,48	2093,02
462,69	1986,53
462,90	1984,48
463,12	2119,65
463,33	2115,55
463,54	1923,04
463,75	2068,45
463,96	2129,89
464,17	2000,87
464,38	2054,11
464,59	2105,31
464,80	2035,68
465,01	2011,11
465,23	2056,16
465,44	2039,78
465,65	2021,35
465,86	2111,46
466,07	2058,21
466,28	2111,46
466,49	1955,81
466,70	2181,09
466,91	2250,72
467,12	2131,94
467,33	2000,87
467,55	2193,37
467,76	2105,31
467,97	2197,47
468,18	2306,01
468,39	2414,56
468,60	2207,71
468,81	2340,83
469,02	2248,67
469,23	2228,19
469,44	2342,88
469,65	2418,65
469,86	2299,87
470,07	2455,51
470,29	2469,85
470,50	2457,56
470,71	2443,23
470,92	2609,11
471,13	2420,70
471,34	2613,21
471,55	2521,05
471,76	2629,59
471,97	2465,75
472,18	2588,63
472,39	2447,32
472,60	2721,75
472,81	2416,60
473,02	2846,68
473,23	2488,28
473,44	2770,90
473,65	2545,63
473,87	2664,41
474,08	2650,07
474,29	2660,31
474,50	2541,53
474,71	2693,08
474,92	2727,89
475,13	2762,71
475,34	2602,97
475,55	2658,26
475,76	2443,23
475,97	2811,86
476,18	2639,83
476,39	2775,00
476,60	2494,43
476,81	2877,40
477,02	2697,17
477,23	2697,17
477,44	2557,91
477,65	2707,41
477,86	2699,22
478,07	2766,81
478,28	2465,75
478,49	2662,36
478,70	2426,84
478,91	2572,25
479,12	2404,32
479,33	2584,54
479,54	2353,12
479,75	2574,30
479,96	2316,25
480,17	2486,23
480,38	2162,66
480,59	2502,62
480,80	2338,78
481,01	2379,74
481,22	2238,43
481,43	2379,74
481,64	2166,75
481,85	2383,84
482,06	2222,05
482,27	2332,64
482,48	2275,29
482,69	2365,40
482,90	2136,03
483,11	2168,80
483,32	2117,60
483,53	2226,14
483,74	2146,27
483,95	2138,08
484,16	1966,05
484,37	2000,87
484,58	2058,21
484,79	2086,88
485,00	1961,95
485,21	2021,35
485,42	2045,92
485,63	2224,09
485,84	1966,05
486,05	2050,02
486,26	1968,10
486,47	2101,22
486,68	2035,68
486,89	1964,00
487,10	1902,56
487,31	2019,30
487,52	1886,18
487,73	2043,87
487,94	1890,28
488,15	1914,85
488,36	1875,94
488,57	1871,84
488,77	1859,56
488,98	1900,52
489,19	1857,51
489,40	1933,28
489,61	1771,49
489,82	1867,75
490,03	1882,08
490,24	1767,40
490,45	1744,87
490,66	1789,92
490,87	1847,27
491,08	1804,26
491,29	1765,35
491,50	1638,38
491,71	1716,20
491,92	1796,07
492,13	1794,02
492,33	1665,00
492,54	1714,15
492,75	1679,33
492,96	1671,14
493,17	1734,63
493,38	1658,85
493,59	1683,43
493,80	1740,77
494,01	1796,07
494,22	1738,73
494,43	1626,09
494,64	1636,33
494,85	1644,52
495,05	1621,99
495,26	1609,70
495,47	1775,59
495,68	1632,23
495,89	1595,37
496,10	1548,26
496,31	1615,85
496,52	1546,22
496,73	1593,32
496,94	1677,29
497,15	1673,19
497,35	1648,61
497,56	1562,60
497,77	1624,04
497,98	1605,61
498,19	1507,30
498,40	1638,38
498,61	1665,00
498,82	1480,68
499,03	1517,54
499,23	1560,55
499,44	1640,42
499,65	1613,80
499,86	1615,85
500,07	1517,54
500,28	1574,89
500,49	1570,79
500,70	1619,94
500,91	1460,20
501,11	1564,65
501,32	1460,20
501,53	1501,16
501,74	1679,33
501,95	1505,26
502,16	1535,98
502,37	1509,35
502,57	1474,54
502,78	1564,65
502,99	1488,87
503,20	1538,02
503,41	1552,36
503,62	1470,44
503,83	1501,16
504,03	1488,87
504,24	1478,63
504,45	1564,65
504,66	1509,35
504,87	1554,41
505,08	1503,21
505,29	1462,25
505,49	1548,26
505,70	1531,88
505,91	1441,77
506,12	1452,01
506,33	1513,45
506,54	1472,49
506,75	1570,79
506,95	1478,63
507,16	1556,46
507,37	1503,21
507,58	1439,72
507,79	1521,64
508,00	1499,11
508,20	1402,86
508,41	1505,26
508,62	1503,21
508,83	1468,39
509,04	1507,30
509,24	1593,32
509,45	1857,51
509,66	1499,11
509,87	1540,07
510,08	1542,12
510,29	1517,54
510,49	1595,37
510,70	1452,01
510,91	1474,54
511,12	1531,88
511,33	1411,05
511,53	1454,06
511,74	1441,77
511,95	1458,15
512,16	1441,77
512,37	1552,36
512,57	1458,15
512,78	1452,01
512,99	1437,67
513,20	1558,50
513,41	1525,74
513,61	1361,90
513,82	1458,15
514,03	1478,63
514,24	1495,02
514,45	1566,70
514,65	1452,01
514,86	1538,02
515,07	1437,67
515,28	1464,30
515,49	1497,07
515,69	1429,48
515,90	1398,76
516,11	1513,45
516,32	1505,26
516,52	1423,34
516,73	1435,63
516,94	1538,02
517,15	1470,44
517,36	1445,87
517,56	1515,50
517,77	1460,20
517,98	1486,83
518,19	1386,47
518,39	1540,07
518,60	1433,58
518,81	1513,45
519,02	1472,49
519,22	1413,10
519,43	1554,41
519,64	1497,07
519,85	1376,24
520,05	1492,97
520,26	1460,20
520,47	1505,26
520,68	1470,44
520,88	1423,34
521,09	1533,93
521,30	1488,87
521,51	1482,73
521,71	1439,72
521,92	1462,25
522,13	1447,91
522,34	1497,07
522,54	1499,11
522,75	1417,19
522,96	1468,39
523,17	1419,24
523,37	1480,68
523,58	1411,05
523,79	1411,05
523,99	1415,15
524,20	1470,44
524,41	1425,39
524,62	1568,74
524,82	1478,63
525,03	1445,87
525,24	1406,95
525,45	1419,24
525,65	1406,95
525,86	1583,08
526,07	1429,48
526,27	1439,72
526,48	1452,01
526,69	1544,17
526,90	1392,62
527,10	1456,11
527,31	1345,52
527,52	1421,29
527,72	1482,73
527,93	1458,15
528,14	1441,77
528,34	1456,11
528,55	1359,85
528,76	1447,91
528,97	1439,72
529,17	1421,29
529,38	1390,57
529,59	1456,11
529,79	1449,96
530,00	1513,45
530,21	1523,69
530,41	1433,58
530,62	1550,31
530,83	1497,07
531,03	1499,11
531,24	1495,02
531,45	1441,77
531,65	1476,59
531,86	1478,63
532,07	1400,81
532,27	1423,34
532,48	1435,63
532,69	1398,76
532,89	1544,17
533,10	1460,20
533,31	1501,16
533,51	1439,72
533,72	1460,20
533,93	1394,67
534,13	1488,87
534,34	1474,54
534,55	1468,39
534,75	1402,86
534,96	1550,31
535,17	1427,43
535,37	1495,02
535,58	1425,39
535,79	1427,43
535,99	1406,95
536,20	1452,01
536,41	1421,29
536,61	1394,67
536,82	1482,73
537,03	1437,67
537,23	1499,11
537,44	1386,47
537,64	1447,91
537,85	1472,49
538,06	1495,02
538,26	1531,88
538,47	1472,49
538,68	1396,71
538,88	1400,81
539,09	1476,59
539,30	1466,35
539,50	1556,46
539,71	1468,39
539,91	1470,44
540,12	1419,24
540,33	1431,53
540,53	1452,01
540,74	1400,81
540,94	1472,49
541,15	1470,44
541,36	1435,63
541,56	1538,02
541,77	1452,01
541,98	1507,30
542,18	1449,96
542,39	1454,06
542,59	1466,35
542,80	1400,81
543,01	1382,38
543,21	1415,15
543,42	1499,11
543,62	1425,39
543,83	1472,49
544,04	1468,39
544,24	1460,20
544,45	1454,06
544,65	1576,94
544,86	1433,58
545,06	1433,58
545,27	1417,19
545,48	1402,86
545,68	1456,11
545,89	1439,72
546,09	1466,35
546,30	1402,86
546,51	1458,15
546,71	1378,28
546,92	1443,82
547,12	1462,25
547,33	1441,77
547,53	1460,20
547,74	1363,95
547,95	1384,43
548,15	1478,63
548,36	1409,00
548,56	1488,87
548,77	1445,87
548,97	1480,68
549,18	1443,82
549,39	1548,26
549,59	1460,20
549,80	1427,43
550,00	1363,95
550,21	1376,24
550,41	1441,77
550,62	1421,29
550,82	1411,05
551,03	1390,57
551,23	1470,44
551,44	1488,87
551,65	1466,35
551,85	1431,53
552,06	1445,87
552,26	1415,15
552,47	1423,34
552,67	1464,30
552,88	1392,62
553,08	1443,82
553,29	1388,52
553,49	1439,72
553,70	1411,05
553,90	1529,83
554,11	1378,28
554,32	1443,82
554,52	1443,82
554,73	1492,97
554,93	1388,52
555,14	1439,72
555,34	1476,59
555,55	1470,44
555,75	1507,30
555,96	1445,87
556,16	1507,30
556,37	1519,59
556,57	1398,76
556,78	1363,95
556,98	1501,16
557,19	1507,30
557,39	1396,71
557,60	1433,58
557,80	1411,05
558,01	1370,09
558,21	1452,01
558,42	1411,05
558,62	1501,16
558,83	1558,50
559,03	1337,32
559,24	1325,04
559,44	1488,87
559,65	1470,44
559,85	1380,33
560,06	1429,48
560,26	1411,05
560,47	1439,72
560,67	1462,25
560,88	1413,10
561,08	1423,34
561,29	1486,83
561,49	1390,57
561,70	1474,54
561,90	1429,48
562,10	1462,25
562,31	1435,63
562,51	1445,87
562,72	1402,86
562,92	1433,58
563,13	1511,40
563,33	1421,29
563,54	1443,82
563,74	1499,11
563,95	1417,19
564,15	1529,83
564,36	1464,30
564,56	1460,20
564,76	1441,77
564,97	1411,05
565,17	1439,72
565,38	1429,48
565,58	1380,33
565,79	1441,77
565,99	1435,63
566,20	1468,39
566,40	1404,91
566,60	1511,40
566,81	1443,82
567,01	1505,26
567,22	1458,15
567,42	1400,81
567,63	1511,40
567,83	1435,63
568,04	1443,82
568,24	1492,97
568,44	1425,39
568,65	1417,19
568,85	1533,93
569,06	1452,01
569,26	1421,29
569,47	1482,73
569,67	1363,95
569,87	1425,39
570,08	1454,06
570,28	1484,78
570,49	1439,72
570,69	1464,30
570,89	1464,30
571,10	1466,35
571,30	1394,67
571,51	1386,47
571,71	1558,50
571,91	1458,15
572,12	1511,40
572,32	1380,33
572,53	1456,11
572,73	1501,16
572,93	1464,30
573,14	1509,35
573,34	1513,45
573,55	1445,87
573,75	1449,96
573,95	1478,63
574,16	1388,52
574,36	1425,39
574,57	1449,96
574,77	1423,34
574,97	1427,43
575,18	1421,29
575,38	1439,72
575,59	1427,43
575,79	1374,19
575,99	1454,06
576,20	1490,92
576,40	1439,72
576,60	1452,01
576,81	1527,78
577,01	1503,21
577,22	1441,77
577,42	1521,64
577,62	1419,24
577,83	1402,86
578,03	1492,97
578,23	1402,86
578,44	1474,54
578,64	1466,35
578,84	1515,50
579,05	1431,53
579,25	1472,49
579,45	1443,82
579,66	1443,82
579,86	1415,15
580,07	1394,67
580,27	1540,07
580,47	1482,73
580,68	1404,91
580,88	1478,63
581,08	1441,77
581,29	1325,04
581,49	1415,15
581,69	1452,01
581,90	1325,04
582,10	1384,43
582,30	1361,90
582,51	1445,87
582,71	1406,95
582,91	1292,27
583,12	1427,43
583,32	1484,78
583,52	1353,71
583,73	1452,01
583,93	1349,61
584,13	1476,59
584,34	1429,48
584,54	1402,86
584,74	1400,81
584,94	1402,86
585,15	1466,35
585,35	1447,91
585,55	1486,83
585,76	1447,91
585,96	1419,24
586,16	1484,78
586,37	1372,14
586,57	1392,62
586,77	1339,37
586,98	1413,10
587,18	1376,24
587,38	1439,72
587,58	1433,58
587,79	1456,11
587,99	1443,82
588,19	1517,54
588,40	1439,72
588,60	1470,44
588,80	1435,63
589,00	1429,48
589,21	1447,91
589,41	1484,78
589,61	1466,35
589,82	1497,07
590,02	1406,95
590,22	1423,34
590,42	1462,25
590,63	1501,16
590,83	1402,86
591,03	1552,36
591,23	1452,01
591,44	1421,29
591,64	1525,74
591,84	1359,85
592,05	1470,44
592,25	1468,39
592,45	1402,86
592,65	1443,82
592,86	1400,81
593,06	1439,72
593,26	1396,71
593,46	1441,77
593,67	1400,81
593,87	1427,43
594,07	1431,53
594,27	1433,58
594,48	1396,71
594,68	1460,20
594,88	1482,73
595,08	1472,49
595,29	1464,30
595,49	1388,52
595,69	1333,23
595,89	1429,48
596,10	1472,49
596,30	1484,78
596,50	1447,91
596,70	1351,66
596,90	1433,58
597,11	1310,70
597,31	1402,86
597,51	1474,54
597,71	1413,10
597,92	1529,83
598,12	1427,43
598,32	1396,71
598,52	1374,19
598,72	1476,59
598,93	1431,53
599,13	1546,22
599,33	1411,05
599,53	1419,24
599,74	1466,35
599,94	1452,01
600,14	1443,82
600,34	1314,80
600,54	1456,11
600,75	1482,73
600,95	1425,39
601,15	1484,78
601,35	1388,52
601,55	1378,28
601,76	1386,47
601,96	1497,07
602,16	1411,05
602,36	1501,16
602,56	1390,57
602,76	1413,10
602,97	1400,81
603,17	1472,49
603,37	1425,39
603,57	1443,82
603,77	1480,68
603,98	1425,39
604,18	1392,62
604,38	1492,97
604,58	1366,00
604,78	1449,96
604,98	1460,20
605,19	1423,34
605,39	1378,28
605,59	1486,83
605,79	1470,44
605,99	1433,58
606,19	1421,29
606,40	1521,64
606,60	1406,95
606,80	1443,82
607,00	1314,80
607,20	1478,63
607,40	1333,23
607,61	1460,20
607,81	1454,06
608,01	1425,39
608,21	1447,91
608,41	1437,67
608,61	1521,64
608,81	1443,82
609,02	1413,10
609,22	1449,96
609,42	1439,72
609,62	1370,09
609,82	1470,44
610,02	1466,35
610,22	1370,09
610,43	1415,15
610,63	1439,72
610,83	1503,21
611,03	1386,47
611,23	1454,06
611,43	1486,83
611,63	1546,22
611,83	1435,63
612,04	1372,14
612,24	1466,35
612,44	1466,35
612,64	1474,54
612,84	1404,91
613,04	1337,32
613,24	1482,73
613,44	1423,34
613,64	1357,80
613,85	1421,29
614,05	1425,39
614,25	1406,95
614,45	1482,73
614,65	1433,58
614,85	1435,63
615,05	1462,25
615,25	1460,20
615,45	1501,16
615,65	1437,67
615,86	1538,02
616,06	1421,29
616,26	1433,58
616,46	1499,11
616,66	1374,19
616,86	1454,06
617,06	1425,39
617,26	1501,16
617,46	1495,02
617,66	1366,00
617,86	1456,11
618,07	1322,99
618,27	1447,91
618,47	1464,30
618,67	1462,25
618,87	1406,95
619,07	1390,57
619,27	1415,15
619,47	1406,95
619,67	1474,54
619,87	1239,02
620,07	1462,25
620,27	1470,44
620,47	1433,58
620,67	1402,86
620,87	1458,15
621,07	1433,58
621,28	1488,87
621,48	1429,48
621,68	1488,87
621,88	1497,07
622,08	1482,73
622,28	1486,83
622,48	1540,07
622,68	1443,82
622,88	1441,77
623,08	1406,95
623,28	1417,19
623,48	1423,34
623,68	1396,71
623,88	1466,35
624,08	1509,35
624,28	1464,30
624,48	1533,93
624,68	1462,25
624,88	1423,34
625,08	1468,39
625,28	1466,35
625,48	1499,11
625,68	1431,53
625,88	1480,68
626,08	1427,43
626,28	1452,01
626,48	1384,43
626,68	1454,06
626,88	1550,31
627,08	1531,88
627,28	1546,22
627,48	1464,30
627,68	1470,44
627,88	1456,11
628,08	1466,35
628,28	1474,54
628,49	1439,72
628,68	1449,96
628,88	1452,01
629,08	1419,24
629,28	1460,20
629,48	1478,63
629,68	1460,20
629,88	1462,25
630,08	1529,83
630,28	1511,40
630,48	1439,72
630,68	1368,04
630,88	1443,82
631,08	1427,43
631,28	1505,26
631,48	1445,87
631,68	1482,73
631,88	1431,53
632,08	1460,20
632,28	1441,77
632,48	1390,57
632,68	1386,47
632,88	1456,11
633,08	1527,78
633,28	1449,96
633,48	1413,10
633,68	1468,39
633,88	1449,96
634,08	1486,83
634,28	1433,58
634,48	1421,29
634,68	1437,67
634,88	1429,48
635,08	1423,34
635,28	1456,11
635,48	1435,63
635,68	1431,53
635,87	1429,48
636,07	1445,87
636,27	1433,58
636,47	1458,15
636,67	1462,25
636,87	1386,47
637,07	1488,87
637,27	1492,97
637,47	1406,95
637,67	1556,46
637,87	1404,91
638,07	1552,36
638,27	1478,63
638,47	1421,29
638,67	1310,70
638,86	1427,43
639,06	1353,71
639,26	1456,11
639,46	1390,57
639,66	1443,82
639,86	1456,11
640,06	1398,76
640,26	1374,19
640,46	1460,20
640,66	1476,59
640,86	1478,63
641,06	1449,96
641,25	1486,83
641,45	1380,33
641,65	1431,53
641,85	1400,81
642,05	1429,48
642,25	1388,52
642,45	1425,39
642,65	1447,91
642,85	1437,67
643,05	1419,24
643,24	1441,77
643,44	1501,16
643,64	1538,02
643,84	1394,67
644,04	1452,01
644,24	1452,01
644,44	1411,05
644,64	1429,48
644,84	1470,44
645,03	1525,74
645,23	1458,15
645,43	1411,05
645,63	1513,45
645,83	1413,10
646,03	1497,07
646,23	1472,49
646,42	1423,34
646,62	1452,01
646,82	1411,05
647,02	1445,87
647,22	1370,09
647,42	1452,01
647,62	1513,45
647,82	1400,81
648,01	1656,81
648,21	1396,71
648,41	1552,36
648,61	1462,25
648,81	1558,50
649,01	1419,24
649,20	1406,95
649,40	1482,73
649,60	1421,29
649,80	1423,34
650,00	1402,86
650,20	1470,44
650,40	1490,92
650,59	1396,71
650,79	1447,91
650,99	1392,62
651,19	1468,39
651,39	1386,47
651,58	1472,49
651,78	1550,31
651,98	1361,90
652,18	1454,06
652,38	1480,68
652,58	1374,19
652,77	1445,87
652,97	1566,70
653,17	1427,43
653,37	1441,77
653,57	1521,64
653,77	1425,39
653,96	1492,97
654,16	1452,01
654,36	1419,24
654,56	1445,87
654,76	1478,63
654,95	1423,34
655,15	1386,47
655,35	1476,59
655,55	1458,15
655,75	1380,33
655,94	1482,73
656,14	1413,10
656,34	1499,11
656,54	1413,10
656,73	1443,82
656,93	1441,77
657,13	1478,63
657,33	1353,71
657,53	1421,29
657,72	1544,17
657,92	1460,20
658,12	1548,26
658,32	1435,63
658,52	1349,61
658,71	1501,16
658,91	1409,00
659,11	1484,78
659,31	1472,49
659,50	1443,82
659,70	1435,63
659,90	1499,11
660,10	1402,86
660,29	1458,15
660,49	1421,29
660,69	1507,30
660,89	1490,92
661,08	1472,49
661,28	1476,59
661,48	1376,24
661,68	1419,24
661,87	1429,48
662,07	1478,63
662,27	1464,30
662,47	1447,91
662,66	1462,25
662,86	1390,57
663,06	1464,30
663,26	1376,24
663,45	1488,87
663,65	1437,67
663,85	1517,54
664,05	1445,87
664,24	1417,19
664,44	1472,49
664,64	1421,29
664,84	1368,04
665,03	1517,54
665,23	1466,35
665,43	1466,35
665,62	1464,30
665,82	1415,15
666,02	1474,54
666,22	1480,68
666,41	1501,16
666,61	1488,87
666,81	1447,91
667,00	1400,81
667,20	1443,82
667,40	1490,92
667,60	1488,87
667,79	1398,76
667,99	1388,52
668,19	1370,09
668,38	1382,38
668,58	1437,67
668,78	1413,10
668,97	1538,02
669,17	1400,81
669,37	1464,30
669,57	1353,71
669,76	1441,77
669,96	1474,54
670,16	1353,71
670,35	1409,00
670,55	1533,93
670,75	1374,19
670,94	1529,83
671,14	1523,69
671,34	1406,95
671,53	1454,06
671,73	1466,35
671,93	1382,38
672,12	1540,07
672,32	1449,96
672,52	1431,53
672,71	1478,63
672,91	1468,39
673,11	1439,72
673,30	1538,02
673,50	1476,59
673,70	1462,25
673,89	1423,34
674,09	1490,92
674,29	1552,36
674,48	1542,12
674,68	1484,78
674,88	1454,06
675,07	1507,30
675,27	1423,34
675,46	1370,09
675,66	1404,91
675,86	1484,78
676,05	1458,15
676,25	1478,63
676,45	1529,83
676,64	1396,71
676,84	1486,83
677,04	1376,24
677,23	1560,55
677,43	1505,26
677,62	1474,54
677,82	1398,76
678,02	1503,21
678,21	1470,44
678,41	1470,44
678,61	1372,14
678,80	1472,49
679,00	1472,49
679,19	1452,01
679,39	1509,35
679,59	1427,43
679,78	1402,86
679,98	1376,24
680,17	1486,83
680,37	1509,35
680,57	1423,34
680,76	1460,20
680,96	1413,10
681,16	1437,67
681,35	1396,71
681,55	1404,91
681,74	1431,53
681,94	1472,49
682,13	1513,45
682,33	1437,67
682,53	1378,28
682,72	1404,91
682,92	1396,71
683,11	1404,91
683,31	1472,49
683,51	1413,10
683,70	1411,05
683,90	1466,35
684,09	1499,11
684,29	1517,54
684,48	1388,52
684,68	1427,43
684,88	1456,11
685,07	1439,72
685,27	1460,20
685,46	1509,35
685,66	1431,53
685,85	1507,30
686,05	1597,42
686,25	1398,76
686,44	1472,49
686,64	1466,35
686,83	1445,87
687,03	1507,30
687,22	1382,38
687,42	1472,49
687,61	1452,01
687,81	1419,24
688,01	1525,74
688,20	1452,01
688,40	1460,20
688,59	1474,54
688,79	1454,06
688,98	1495,02
689,18	1486,83
689,37	1425,39
689,57	1470,44
689,76	1456,11
689,96	1415,15
690,15	1447,91
690,35	1486,83
690,54	1495,02
690,74	1433,58
690,94	1460,20
691,13	1484,78
691,33	1488,87
691,52	1499,11
691,72	1511,40
691,91	1398,76
692,11	1542,12
692,30	1382,38
692,50	1476,59
692,69	1515,50
692,89	1495,02
693,08	1443,82
693,28	1456,11
693,47	1370,09
693,67	1533,93
693,86	1409,00
694,06	1447,91
694,25	1431,53
694,45	1454,06
694,64	1368,04
694,84	1456,11
695,03	1400,81
695,23	1482,73
695,42	1497,07
695,62	1394,67
695,81	1415,15
696,01	1427,43
696,20	1366,00
696,40	1452,01
696,59	1398,76
696,78	1404,91
696,98	1464,30
697,17	1466,35
697,37	1425,39
697,56	1468,39
697,76	1445,87
697,95	1550,31
698,15	1398,76
698,34	1452,01
698,54	1482,73
698,73	1593,32
698,93	1468,39
699,12	1447,91
699,32	1427,43
699,51	1452,01
699,70	1366,00
699,90	1449,96
700,09	1462,25
700,29	1447,91
700,48	1429,48
700,68	1468,39
700,87	1351,66
701,07	1482,73
701,26	1431,53
701,45	1429,48
701,65	1347,56
701,84	1452,01
702,04	1454,06
702,23	1421,29
702,43	1376,24
702,62	1427,43
702,81	1431,53
703,01	1447,91
703,20	1437,67
703,40	1423,34
703,59	1433,58
703,79	1351,66
703,98	1402,86
704,17	1388,52
704,37	1433,58
704,56	1368,04
704,76	1433,58
704,95	1402,86
705,14	1335,28
705,34	1478,63
705,53	1304,56
705,73	1341,42
705,92	1472,49
706,11	1441,77
706,31	1433,58
706,50	1460,20
706,70	1368,04
706,89	1413,10
707,08	1370,09
707,28	1439,72
707,47	1351,66
707,67	1419,24
707,86	1427,43
708,05	1431,53
708,25	1380,33
708,44	1460,20
708,64	1415,15
708,83	1437,67
709,02	1331,18
709,22	1484,78
709,41	1390,57
709,60	1470,44
709,80	1445,87
709,99	1404,91
710,19	1376,24
710,38	1415,15
710,57	1386,47
710,77	1331,18
710,96	1411,05
711,15	1374,19
711,35	1370,09
711,54	1449,96
711,73	1370,09
711,93	1474,54
712,12	1366,00
712,31	1464,30
712,51	1439,72
712,70	1376,24
712,89	1425,39
713,09	1423,34
713,28	1411,05
713,48	1413,10
713,67	1460,20
713,86	1441,77
714,06	1380,33
714,25	1398,76
714,44	1419,24
714,64	1480,68
714,83	1386,47
715,02	1392,62
715,22	1454,06
715,41	1445,87
715,60	1409,00
715,79	1337,32
715,99	1507,30
716,18	1372,14
716,37	1388,52
716,57	1398,76
716,76	1472,49
716,95	1380,33
717,15	1406,95
717,34	1398,76
717,53	1351,66
717,73	1449,96
717,92	1406,95
718,11	1394,67
718,31	1423,34
718,50	1472,49
718,69	1320,94
718,88	1396,71
719,08	1357,80
719,27	1435,63
719,46	1431,53
719,66	1456,11
719,85	1384,43
720,04	1495,02
720,23	1423,34
720,43	1386,47
720,62	1384,43
720,81	1355,76
721,01	1388,52
721,20	1402,86
721,39	1353,71
721,58	1382,38
721,78	1484,78
721,97	1425,39
722,16	1376,24
722,35	1468,39
722,55	1458,15
722,74	1400,81
722,93	1480,68
723,13	1366,00
723,32	1353,71
723,51	1331,18
723,70	1353,71
723,90	1421,29
724,09	1392,62
724,28	1409,00
724,47	1343,47
724,67	1435,63
724,86	1398,76
725,05	1388,52
725,24	1386,47
725,44	1396,71
725,63	1392,62
725,82	1386,47
726,01	1296,36
726,21	1480,68
726,40	1366,00
726,59	1409,00
726,78	1353,71
726,97	1357,80
727,17	1363,95
727,36	1406,95
727,55	1394,67
727,74	1445,87
727,94	1343,47
728,13	1404,91
728,32	1423,34
728,51	1419,24
728,70	1349,61
728,90	1388,52
729,09	1331,18
729,28	1480,68
729,47	1443,82
729,66	1343,47
729,86	1521,64
730,05	1437,67
730,24	1431,53
730,43	1431,53
730,63	1341,42
730,82	1513,45
731,01	1339,37
731,20	1392,62
731,39	1382,38
731,58	1429,48
731,78	1400,81
731,97	1396,71
732,16	1392,62
732,35	1501,16
732,54	1474,54
732,74	1472,49
732,93	1490,92
733,12	1355,76
733,31	1386,47
733,50	1400,81
733,69	1413,10
733,89	1460,20
734,08	1396,71
734,27	1441,77
734,46	1413,10
734,65	1341,42
734,84	1357,80
735,04	1411,05
735,23	1443,82
735,42	1382,38
735,61	1318,89
735,80	1513,45
735,99	1337,32
736,19	1349,61
736,38	1396,71
736,57	1394,67
736,76	1271,79
736,95	1462,25
737,14	1370,09
737,33	1480,68
737,53	1535,98
737,72	1322,99
737,91	1366,00
738,10	1417,19
738,29	1320,94
738,48	1429,48
738,67	1466,35
738,87	1423,34
739,06	1370,09
739,25	1382,38
739,44	1396,71
739,63	1445,87
739,82	1382,38
740,01	1361,90
740,20	1431,53
740,40	1488,87
740,59	1431,53
740,78	1419,24
740,97	1415,15
741,16	1427,43
741,35	1460,20
741,54	1409,00
741,73	1433,58
741,92	1423,34
742,12	1421,29
742,31	1382,38
742,50	1492,97
742,69	1456,11
742,88	1445,87
743,07	1406,95
743,26	1427,43
743,45	1488,87
743,64	1392,62
743,83	1406,95
744,02	1392,62
744,22	1427,43
744,41	1392,62
744,60	1386,47
744,79	1411,05
744,98	1421,29
745,17	1376,24
745,36	1402,86
745,55	1386,47
745,74	1413,10
745,93	1404,91
746,12	1382,38
746,31	1552,36
746,50	1372,14
746,70	1368,04
746,89	1441,77
747,08	1366,00
747,27	1456,11
747,46	1345,52
747,65	1433,58
747,84	1380,33
748,03	1443,82
748,22	1466,35
748,41	1370,09
748,60	1423,34
748,79	1398,76
748,98	1359,85
749,17	1492,97
749,36	1413,10
749,55	1388,52
749,74	1511,40
749,93	1501,16
750,12	1359,85
750,31	1376,24
750,50	1449,96
750,70	1361,90
750,89	1478,63
751,08	1546,22
751,27	1425,39
751,46	1343,47
751,65	1337,32
751,84	1439,72
752,03	1376,24
752,22	1454,06
752,41	1435,63
752,60	1470,44
752,79	1439,72
752,98	1402,86
753,17	1486,83
753,36	1488,87
753,55	1433,58
753,74	1388,52
753,93	1466,35
754,12	1474,54
754,31	1445,87
754,50	1402,86
754,69	1476,59
754,88	1423,34
755,07	1456,11
755,26	1409,00
755,45	1353,71
755,64	1454,06
755,83	1404,91
756,02	1411,05
756,21	1386,47
756,40	1449,96
756,59	1368,04
756,78	1464,30
756,97	1484,78
757,16	1458,15
757,35	1449,96
757,54	1361,90
757,72	1355,76
757,91	1372,14
758,10	1390,57
758,29	1425,39
758,48	1441,77
758,67	1347,56
758,86	1505,26
759,05	1458,15
759,24	1468,39
759,43	1415,15
759,62	1396,71
759,81	1462,25
760,00	1445,87
760,19	1325,04
760,38	1482,73
760,57	1396,71
760,76	1376,24
760,95	1538,02
761,14	1376,24
761,33	1390,57
761,52	1417,19
761,70	1384,43
761,89	1409,00
762,08	1456,11
762,27	1421,29
762,46	1492,97
762,65	1378,28
762,84	1474,54
763,03	1411,05
763,22	1413,10
763,41	1423,34
763,60	1482,73
763,79	1437,67
763,98	1460,20
764,16	1392,62
764,35	1462,25
764,54	1515,50
764,73	1529,83
764,92	1542,12
765,11	1560,55
765,30	1454,06
765,49	1439,72
765,68	1509,35
765,87	1542,12
766,06	1439,72
766,24	1452,01
766,43	1454,06
766,62	1533,93
766,81	1474,54
767,00	1452,01
767,19	1456,11
767,38	1454,06
767,57	1398,76
767,76	1447,91
767,94	1482,73
768,13	1421,29
768,32	1544,17
768,51	1449,96
768,70	1394,67
768,89	1583,08
769,08	1468,39
769,27	1421,29
769,45	1464,30
769,64	1523,69
769,83	1456,11
770,02	1423,34
770,21	1533,93
770,40	1587,18
770,59	1429,48
770,77	1505,26
770,96	1560,55
771,15	1499,11
771,34	1439,72
771,53	1671,14
771,72	1488,87
771,91	1468,39
772,09	1507,30
772,28	1433,58
772,47	1429,48
772,66	1480,68
772,85	1521,64
773,04	1443,82
773,22	1527,78
773,41	1525,74
773,60	1368,04
773,79	1456,11
773,98	1454,06
774,17	1398,76
774,35	1421,29
774,54	1445,87
774,73	1538,02
774,92	1435,63
775,11	1513,45
775,30	1517,54
775,48	1409,00
775,67	1484,78
775,86	1511,40
776,05	1513,45
776,24	1425,39
776,42	1509,35
776,61	1628,14
776,80	1482,73
776,99	1490,92
777,18	1476,59
777,36	1419,24
777,55	1521,64
777,74	1501,16
777,93	1552,36
778,12	1464,30
778,30	1490,92
778,49	1433,58
778,68	1542,12
778,87	1427,43
779,06	1556,46
779,24	1462,25
779,43	1392,62
779,62	1470,44
779,81	1546,22
779,99	1400,81
780,18	1460,20
780,37	1497,07
780,56	1550,31
780,75	1468,39
780,93	1495,02
781,12	1497,07
781,31	1525,74
781,50	1560,55
781,68	1431,53
781,87	1482,73
782,06	1472,49
782,25	1521,64
782,43	1476,59
782,62	1503,21
782,81	1499,11
783,00	1452,01
783,18	1470,44
783,37	1490,92
783,56	1454,06
783,75	1472,49
783,93	1417,19
784,12	1425,39
784,31	1550,31
784,50	1427,43
784,68	1466,35
784,87	1472,49
785,06	1486,83
785,24	1441,77
785,43	1476,59
785,62	1499,11
785,81	1454,06
785,99	1482,73
786,18	1538,02
786,37	1417,19
786,56	1341,42
786,74	1402,86
786,93	1468,39
787,12	1409,00
787,30	1456,11
787,49	1501,16
787,68	1425,39
787,87	1413,10
788,05	1454,06
788,24	1417,19
788,43	1406,95
788,61	1544,17
788,80	1529,83
788,99	1406,95
789,17	1501,16
789,36	1445,87
789,55	1425,39
789,73	1386,47
789,92	1452,01
790,11	1499,11
790,30	1501,16
790,48	1402,86
790,67	1484,78
790,86	1486,83
791,04	1495,02
791,23	1517,54
791,42	1452,01
791,60	1460,20
791,79	1431,53
791,98	1384,43
792,16	1486,83
792,35	1447,91
792,54	1394,67
792,72	1581,03
792,91	1464,30
793,10	1363,95
793,28	1396,71
793,47	1488,87
793,66	1466,35
793,84	1388,52
794,03	1374,19
794,22	1357,80
794,40	1394,67
794,59	1439,72
794,77	1413,10
794,96	1398,76
795,15	1406,95
795,33	1468,39
795,52	1425,39
795,71	1419,24
795,89	1355,76
796,08	1411,05
796,27	1445,87
796,45	1388,52
796,64	1366,00
796,82	1355,76
797,01	1437,67
797,20	1357,80
797,38	1419,24
797,57	1353,71
797,76	1376,24
797,94	1411,05
798,13	1437,67
798,31	1470,44
798,50	1384,43
798,69	1495,02
798,87	1423,34
799,06	1347,56
799,24	1322,99
799,43	1406,95
799,62	1425,39
799,80	1339,37
799,99	1486,83
800,17	1398,76
800,36	1359,85
800,55	1423,34
800,73	1366,00
800,92	1384,43
801,10	1325,04
801,29	1419,24
801,48	1447,91
801,66	1458,15
801,85	1333,23
802,03	1433,58
802,22	1505,26
802,40	1394,67
802,59	1402,86
802,78	1361,90
802,96	1368,04
803,15	1482,73
803,33	1376,24
803,52	1437,67
803,70	1402,86
803,89	1425,39
804,08	1355,76
804,26	1470,44
804,45	1398,76
804,63	1538,02
804,82	1509,35
805,00	1366,00
805,19	1452,01
805,37	1480,68
805,56	1535,98
805,74	1372,14
805,93	1388,52
806,12	1456,11
806,30	1406,95
806,49	1464,30
806,67	1390,57
806,86	1345,52
807,04	1466,35
807,23	1374,19
807,41	1339,37
807,60	1363,95
807,78	1406,95
807,97	1689,57
808,15	1378,28
808,34	1404,91
808,52	1419,24
808,71	1388,52
808,89	1368,04
809,08	1392,62
809,27	1398,76
809,45	1359,85
809,64	1392,62
809,82	1411,05
810,01	1413,10
810,19	1437,67
810,38	1411,05
810,56	1425,39
810,75	1396,71
810,93	1380,33
811,12	1415,15
811,30	1482,73
811,49	1411,05
811,67	1527,78
811,85	1529,83
812,04	1517,54
812,22	1462,25
812,41	1394,67
812,59	1402,86
812,78	1359,85
812,96	1400,81
813,15	1413,10
813,33	1406,95
813,52	1449,96
813,70	1505,26
813,89	1427,43
814,07	1468,39
814,26	1341,42
814,44	1390,57
814,63	1443,82
814,81	1439,72
815,00	1380,33
815,18	1435,63
815,36	1439,72
815,55	1396,71
815,73	1488,87
815,92	1464,30
816,10	1441,77
816,29	1452,01
816,47	1339,37
816,66	1421,29
816,84	1462,25
817,02	1441,77
817,21	1456,11
817,39	1382,38
817,58	1429,48
817,76	1474,54
817,95	1411,05
818,13	1497,07
818,32	1439,72
818,50	1429,48
818,68	1462,25
818,87	1409,00
819,05	1394,67
819,24	1445,87
819,42	1386,47
819,60	1400,81
819,79	1517,54
819,97	1419,24
820,16	1394,67
820,34	1495,02
820,53	1468,39
820,71	1392,62
820,89	1386,47
821,08	1380,33
821,26	1284,08
821,45	1398,76
821,63	1452,01
821,81	1370,09
822,00	1380,33
822,18	1497,07
822,37	1419,24
822,55	1421,29
822,73	1415,15
822,92	1476,59
823,10	1388,52
823,28	1427,43
823,47	1464,30
823,65	1435,63
823,84	1417,19
824,02	1458,15
824,20	1435,63
824,39	1409,00
824,57	1546,22
824,75	1472,49
824,94	1421,29
825,12	1556,46
825,31	1413,10
825,49	1492,97
825,67	1396,71
825,86	1386,47
826,04	1392,62
826,22	1472,49
826,41	1415,15
826,59	1501,16
826,77	1476,59
826,96	1454,06
827,14	1415,15
827,32	1413,10
827,51	1421,29
827,69	1402,86
827,87	1480,68
828,06	1503,21
828,24	1466,35
828,42	1382,38
828,61	1464,30
828,79	1497,07
828,97	1480,68
829,16	1488,87
829,34	1470,44
829,52	1427,43
829,71	1523,69
829,89	1509,35
830,07	1486,83
830,26	1472,49
830,44	1433,58
830,62	1462,25
830,81	1406,95
830,99	1392,62
831,17	1449,96
831,36	1359,85
831,54	1476,59
831,72	1441,77
831,91	1437,67
832,09	1472,49
832,27	1499,11
832,45	1523,69
832,64	1521,64
832,82	1538,02
833,00	1392,62
833,19	1464,30
833,37	1499,11
833,55	1413,10
833,73	1443,82
833,92	1540,07
834,10	1406,95
834,28	1552,36
834,47	1460,20
834,65	1425,39
834,83	1460,20
835,01	1476,59
835,20	1437,67
835,38	1472,49
835,56	1458,15
835,74	1454,06
835,93	1495,02
836,11	1499,11
836,29	1392,62
836,47	1538,02
836,66	1388,52
836,84	1484,78
837,02	1398,76
837,21	1501,16
837,39	1474,54
837,57	1499,11
837,75	1476,59
837,94	1499,11
838,12	1490,92
838,30	1497,07
838,48	1337,32
838,66	1372,14
838,85	1523,69
839,03	1478,63
839,21	1454,06
839,39	1411,05
839,58	1499,11
839,76	1525,74
839,94	1484,78
840,12	1474,54
840,31	1509,35
840,49	1476,59
840,67	1415,15
840,85	1429,48
841,03	1429,48
841,22	1437,67
841,40	1480,68
841,58	1476,59
841,76	1419,24
841,94	1460,20
842,13	1531,88
842,31	1523,69
842,49	1449,96
842,67	1456,11
842,85	1441,77
843,04	1505,26
843,22	1439,72
843,40	1454,06
843,58	1595,37
843,76	1466,35
843,95	1531,88
844,13	1511,40
844,31	1421,29
844,49	1509,35
844,67	1454,06
844,86	1546,22
845,04	1474,54
845,22	1454,06
845,40	1466,35
845,58	1511,40
845,76	1433,58
845,95	1466,35
846,13	1372,14
846,31	1449,96
846,49	1441,77
846,67	1374,19
846,85	1525,74
847,04	1462,25
847,22	1499,11
847,40	1535,98
847,58	1480,68
847,76	1484,78
847,94	1484,78
848,12	1429,48
848,31	1429,48
848,49	1570,79
848,67	1415,15
848,85	1548,26
849,03	1515,50
849,21	1589,22
849,39	1484,78
849,58	1458,15
849,76	1521,64
849,94	1427,43
850,12	1421,29
850,30	1466,35
850,48	1497,07
850,66	1519,59
850,84	1423,34
851,03	1517,54
851,21	1423,34
851,39	1480,68
851,57	1511,40
851,75	1460,20
851,93	1378,28
852,11	1527,78
852,29	1449,96
852,47	1470,44
852,66	1521,64
852,84	1445,87
853,02	1507,30
853,20	1513,45
853,38	1566,70
853,56	1542,12
853,74	1460,20
853,92	1480,68
854,10	1511,40
854,28	1470,44
854,46	1443,82
854,65	1454,06
854,83	1406,95
855,01	1456,11
855,19	1490,92
855,37	1495,02
855,55	1529,83
855,73	1538,02
855,91	1517,54
856,09	1564,65
856,27	1507,30
856,45	1560,55
856,63	1449,96
856,81	1474,54
857,00	1527,78
857,18	1517,54
857,36	1501,16
857,54	1501,16
857,72	1462,25
857,90	1595,37
858,08	1525,74
858,26	1503,21
858,44	1472,49
858,62	1468,39
858,80	1484,78
858,98	1523,69
859,16	1476,59
859,34	1497,07
859,52	1449,96
859,70	1533,93
859,88	1445,87
860,06	1538,02
860,24	1476,59
860,42	1400,81
860,60	1525,74
860,78	1452,01
860,96	1421,29
861,14	1460,20
861,32	1486,83
861,50	1437,67
861,69	1519,59
861,87	1527,78
862,05	1507,30
862,23	1533,93
862,41	1513,45
862,59	1503,21
862,77	1540,07
862,95	1497,07
863,13	1564,65
863,31	1503,21
863,49	1523,69
863,67	1454,06
863,85	1495,02
864,03	1452,01
864,21	1501,16
864,39	1456,11
864,57	1529,83
864,75	1390,57
864,92	1501,16
865,10	1468,39
865,28	1503,21
865,46	1466,35
865,64	1425,39
865,82	1472,49
866,00	1413,10
866,18	1542,12
866,36	1533,93
866,54	1505,26
866,72	1435,63
866,90	1464,30
867,08	1548,26
867,26	1460,20
867,44	1538,02
867,62	1476,59
867,80	1460,20
867,98	1488,87
868,16	1443,82
868,34	1515,50
868,52	1456,11
868,70	1439,72
868,88	1581,03
869,06	1495,02
869,24	1472,49
869,42	1409,00
869,59	1511,40
869,77	1572,84
869,95	1466,35
870,13	1443,82
870,31	1478,63
870,49	1488,87
870,67	1519,59
870,85	1521,64
871,03	1525,74
871,21	1535,98
871,39	1474,54
871,57	1566,70
871,75	1540,07
871,92	1531,88
872,10	1517,54
872,28	1425,39
872,46	1472,49
872,64	1521,64
872,82	1533,93
873,00	1495,02
873,18	1480,68
873,36	1513,45
873,54	1464,30
873,72	1470,44
873,89	1478,63
874,07	1525,74
874,25	1529,83
874,43	1538,02
874,61	1527,78
874,79	1456,11
874,97	1495,02
875,15	1505,26
875,33	1460,20
875,50	1480,68
875,68	1431,53
875,86	1574,89
876,04	1507,30
876,22	1458,15
876,40	1423,34
876,58	1492,97
876,76	1472,49
876,93	1464,30
877,11	1413,10
877,29	1511,40
877,47	1415,15
877,65	1445,87
877,83	1415,15
878,01	1482,73
878,18	1464,30
878,36	1476,59
878,54	1492,97
878,72	1437,67
878,90	1441,77
879,08	1523,69
879,25	1542,12
879,43	1406,95
879,61	1423,34
879,79	1499,11
879,97	1441,77
880,15	1517,54
880,32	1458,15
880,50	1505,26
880,68	1464,30
880,86	1478,63
881,04	1501,16
881,22	1505,26
881,39	1445,87
881,57	1507,30
881,75	1540,07
881,93	1449,96
882,11	1505,26
882,28	1372,14
882,46	1421,29
882,64	1460,20
882,82	1478,63
883,00	1538,02
883,18	1599,46
883,35	1529,83
883,53	1470,44
883,71	1501,16
883,89	1513,45
884,07	1511,40
884,24	1513,45
884,42	1415,15
884,60	1394,67
884,78	1470,44
884,95	1433,58
885,13	1462,25
885,31	1488,87
885,49	1452,01
885,67	1464,30
885,84	1458,15
886,02	1478,63
886,20	1490,92
886,38	1388,52
886,55	1533,93
886,73	1419,24
886,91	1474,54
887,09	1423,34
887,26	1511,40
887,44	1515,50
887,62	1460,20
887,80	1523,69
887,98	1550,31
888,15	1439,72
888,33	1435,63
888,51	1468,39
888,69	1507,30
888,86	1484,78
889,04	1544,17
889,22	1363,95
889,39	1529,83
889,57	1540,07
889,75	1525,74
889,93	1382,38
890,10	1429,48
890,28	1443,82
890,46	1484,78
890,64	1439,72
890,81	1492,97
890,99	1437,67
891,17	1519,59
891,34	1517,54
891,52	1402,86
891,70	1396,71
891,88	1431,53
892,05	1429,48
892,23	1521,64
892,41	1523,69
892,58	1515,50
892,76	1456,11
892,94	1452,01
893,12	1544,17
893,29	1486,83
893,47	1413,10
893,65	1431,53
893,82	1482,73
894,00	1527,78
894,18	1355,76
894,35	1535,98
894,53	1433,58
894,71	1447,91
894,89	1478,63
895,06	1468,39
895,24	1472,49
895,42	1341,42
895,59	1480,68
895,77	1382,38
895,95	1452,01
896,12	1525,74
896,30	1402,86
896,48	1462,25
896,65	1548,26
896,83	1429,48
897,01	1421,29
897,18	1466,35
897,36	1525,74
897,54	1509,35
897,71	1513,45
897,89	1503,21
898,07	1398,76
898,24	1386,47
898,42	1452,01
898,59	1525,74
898,77	1419,24
898,95	1425,39
899,12	1470,44
899,30	1413,10
899,48	1501,16
899,65	1476,59
899,83	1447,91
900,01	1402,86
900,18	1507,30
900,36	1480,68
900,53	1466,35
900,71	1511,40
900,89	1472,49
901,06	1474,54
901,24	1433,58
901,42	1425,39
901,59	1433,58
901,77	1445,87
901,94	1533,93
902,12	1411,05
902,30	1495,02
902,47	1435,63
902,65	1427,43
902,82	1513,45
903,00	1509,35
903,18	1511,40
903,35	1409,00
903,53	1366,00
903,70	1419,24
903,88	1445,87
904,06	1550,31
904,23	1445,87
904,41	1472,49
904,58	1466,35
904,76	1417,19
904,93	1503,21
905,11	1429,48
905,29	1476,59
905,46	1429,48
905,64	1617,90
905,81	1419,24
905,99	1462,25
906,16	1566,70
906,34	1462,25
906,52	1501,16
906,69	1368,04
906,87	1519,59
907,04	1435,63
907,22	1460,20
907,39	1538,02
907,57	1460,20
907,75	1484,78
907,92	1447,91
908,10	1581,03
908,27	1462,25
908,45	1421,29
908,62	1378,28
908,80	1486,83
908,97	1443,82
909,15	1454,06
909,32	1382,38
909,50	1415,15
909,67	1409,00
909,85	1501,16
910,03	1409,00
910,20	1460,20
910,38	1462,25
910,55	1462,25
910,73	1484,78
910,90	1409,00
911,08	1486,83
911,25	1394,67
911,43	1443,82
911,60	1452,01
911,78	1486,83
911,95	1417,19
912,13	1449,96
912,30	1458,15
912,48	1445,87
912,65	1523,69
912,83	1470,44
913,00	1421,29
913,18	1437,67
913,35	1439,72
913,53	1409,00
913,70	1447,91
913,88	1527,78
914,05	1464,30
914,23	1505,26
914,40	1478,63
914,58	1368,04
914,75	1452,01
914,93	1476,59
915,10	1454,06
915,27	1570,79
915,45	1458,15
915,62	1527,78
915,80	1486,83
915,97	1482,73
916,15	1505,26
916,32	1542,12
916,50	1433,58
916,67	1495,02
916,85	1398,76
917,02	1587,18
917,20	1587,18
917,37	1474,54
917,54	1490,92
917,72	1464,30
917,89	1533,93
918,07	1462,25
918,24	1478,63
918,42	1474,54
918,59	1431,53
918,77	1505,26
918,94	1466,35
919,11	1433,58
919,29	1468,39
919,46	1413,10
919,64	1509,35
919,81	1415,15
919,99	1431,53
920,16	1548,26
920,33	1486,83
920,51	1466,35
920,68	1480,68
920,86	1470,44
921,03	1513,45
921,20	1476,59
921,38	1488,87
921,55	1441,77
921,73	1421,29
921,90	1437,67
922,07	1581,03
922,25	1484,78
922,42	1546,22
922,60	1531,88
922,77	1533,93
922,94	1533,93
923,12	1525,74
923,29	1427,43
923,47	1525,74
923,64	1460,20
923,81	1476,59
923,99	1437,67
924,16	1486,83
924,34	1501,16
924,51	1492,97
924,68	1478,63
924,86	1521,64
925,03	1429,48
925,20	1562,60
925,38	1572,84
925,55	1517,54
925,72	1501,16
925,90	1447,91
926,07	1472,49
926,25	1507,30
926,42	1505,26
926,59	1439,72
926,77	1492,97
926,94	1583,08
927,11	1480,68
927,29	1445,87
927,46	1433,58
927,63	1503,21
927,81	1591,27
927,98	1505,26
928,15	1484,78
928,33	1521,64
928,50	1486,83
928,67	1538,02
928,85	1581,03
929,02	1572,84
929,19	1492,97
929,37	1482,73
929,54	1529,83
929,71	1556,46
929,89	1490,92
930,06	1490,92
930,23	1566,70
930,41	1613,80
930,58	1409,00
930,75	1544,17
930,92	1566,70
931,10	1513,45
931,27	1488,87
931,44	1597,42
931,62	1486,83
931,79	1492,97
931,96	1527,78
932,14	1511,40
932,31	1525,74
932,48	1509,35
932,65	1406,95
932,83	1511,40
933,00	1492,97
933,17	1538,02
933,35	1529,83
933,52	1517,54
933,69	1562,60
933,86	1476,59
934,04	1535,98
934,21	1437,67
934,38	1531,88
934,55	1404,91
934,73	1533,93
934,90	1564,65
935,07	1499,11
935,25	1472,49
935,42	1470,44
935,59	1476,59
935,76	1474,54
935,94	1497,07
936,11	1400,81
936,28	1554,41
936,45	1529,83
936,63	1431,53
936,80	1421,29
936,97	1411,05
937,14	1519,59
937,31	1556,46
937,49	1570,79
937,66	1511,40
937,83	1474,54
938,00	1452,01
938,18	1484,78
938,35	1484,78
938,52	1603,56
938,69	1509,35
938,87	1521,64
939,04	1472,49
939,21	1486,83
939,38	1578,98
939,55	1456,11
939,73	1542,12
939,90	1515,50
940,07	1353,71
940,24	1462,25
940,41	1454,06
940,59	1427,43
940,76	1490,92
940,93	1509,35
941,10	1474,54
941,27	1445,87
941,45	1478,63
941,62	1437,67
941,79	1482,73
941,96	1533,93
942,13	1452,01
942,31	1415,15
942,48	1519,59
942,65	1552,36
942,82	1513,45
942,99	1519,59
943,16	1503,21
943,34	1472,49
943,51	1550,31
943,68	1482,73
943,85	1527,78
944,02	1486,83
944,19	1394,67
944,37	1454,06
944,54	1507,30
944,71	1503,21
944,88	1501,16
945,05	1447,91
945,22	1480,68
945,40	1544,17
945,57	1503,21
945,74	1480,68
945,91	1476,59
946,08	1427,43
946,25	1439,72
946,42	1492,97
946,60	1490,92
946,77	1583,08
946,94	1456,11
947,11	1419,24
947,28	1456,11
947,45	1452,01
947,62	1472,49
947,79	1497,07
947,97	1587,18
948,14	1554,41
948,31	1468,39
948,48	1519,59
948,65	1501,16
948,82	1472,49
948,99	1464,30
949,16	1466,35
949,33	1390,57
949,51	1554,41
949,68	1492,97
949,85	1488,87
950,02	1484,78
950,19	1445,87
950,36	1540,07
950,53	1535,98
950,70	1411,05
950,87	1490,92
951,04	1531,88
951,22	1525,74
951,39	1544,17
951,56	1462,25
951,73	1519,59
951,90	1394,67
952,07	1507,30
952,24	1507,30
952,41	1585,13
952,58	1535,98
952,75	1560,55
952,92	1460,20
953,09	1402,86
953,26	1454,06
953,43	1497,07
953,61	1583,08
953,78	1503,21
953,95	1468,39
954,12	1456,11
954,29	1492,97
954,46	1433,58
954,63	1525,74
954,80	1574,89
954,97	1527,78
955,14	1460,20
955,31	1409,00
955,48	1517,54
955,65	1427,43
955,82	1394,67
955,99	1546,22
956,16	1404,91
956,33	1513,45
956,50	1452,01
956,67	1533,93
956,84	1503,21
957,01	1472,49
957,18	1488,87
957,35	1538,02
957,52	1513,45
957,69	1501,16
957,86	1488,87
958,03	1394,67
958,20	1421,29
958,37	1454,06
958,54	1439,72
958,71	1492,97
958,88	1556,46
959,05	1509,35
959,22	1499,11
959,39	1445,87
959,56	1363,95
959,73	1427,43
959,90	1484,78
960,07	1419,24
960,24	1447,91
960,41	1515,50
960,58	1476,59
960,75	1423,34
960,92	1404,91
961,09	1476,59
961,26	1458,15
961,43	1433,58
961,60	1531,88
961,77	1515,50
961,94	1419,24
962,11	1423,34
962,28	1538,02
962,45	1507,30
962,62	1427,43
962,79	1400,81
962,96	1540,07
963,13	1458,15
963,30	1503,21
963,47	1464,30
963,64	1357,80
963,81	1503,21
963,98	1372,14
964,14	1507,30
964,31	1521,64
964,48	1376,24
964,65	1409,00
964,82	1363,95
964,99	1482,73
965,16	1409,00
965,33	1443,82
965,50	1476,59
965,67	1386,47
965,84	1464,30
966,01	1427,43
966,18	1396,71
966,35	1452,01
966,51	1396,71
966,68	1497,07
966,85	1525,74
967,02	1406,95
967,19	1525,74
967,36	1390,57
967,53	1462,25
967,70	1368,04
967,87	1447,91
968,04	1406,95
968,21	1460,20
968,37	1535,98
968,54	1429,48
968,71	1406,95
968,88	1425,39
969,05	1462,25
969,22	1378,28
969,39	1497,07
969,56	1378,28
969,72	1476,59
969,89	1452,01
970,06	1515,50
970,23	1507,30
970,40	1529,83
970,57	1445,87
970,74	1464,30
970,91	1404,91
971,07	1466,35
971,24	1515,50
971,41	1517,54
971,58	1437,67
971,75	1413,10
971,92	1497,07
972,09	1363,95
972,25	1370,09
972,42	1486,83
972,59	1404,91
972,76	1497,07
972,93	1505,26
973,10	1429,48
973,27	1406,95
973,43	1394,67
973,60	1435,63
973,77	1544,17
973,94	1449,96
974,11	1433,58
974,28	1423,34
974,44	1462,25
974,61	1421,29
974,78	1411,05
974,95	1417,19
975,12	1476,59
975,28	1404,91
975,45	1421,29
975,62	1380,33
975,79	1462,25
975,96	1419,24
976,12	1402,86
976,29	1404,91
976,46	1419,24
976,63	1454,06
976,80	1427,43
976,96	1421,29
977,13	1409,00
977,30	1380,33
977,47	1429,48
977,64	1421,29
977,80	1394,67
977,97	1435,63
978,14	1425,39
978,31	1374,19
978,48	1435,63
978,64	1447,91
978,81	1435,63
978,98	1406,95
979,15	1357,80
979,31	1478,63
979,48	1472,49
979,65	1482,73
979,82	1462,25
979,98	1427,43
980,15	1437,67
980,32	1517,54
980,49	1404,91
980,66	1331,18
980,82	1388,52
980,99	1495,02
981,16	1353,71
981,33	1421,29
981,49	1445,87
981,66	1435,63
981,83	1394,67
981,99	1445,87
982,16	1406,95
982,33	1343,47
982,50	1329,13
982,66	1476,59
982,83	1431,53
983,00	1437,67
983,17	1406,95
983,33	1476,59
983,50	1419,24
983,67	1443,82
983,83	1456,11
984,00	1435,63
984,17	1529,83
984,34	1386,47
984,50	1300,46
984,67	1443,82
984,84	1388,52
985,00	1427,43
985,17	1468,39
985,34	1415,15
985,51	1433,58
985,67	1429,48
985,84	1335,28
986,01	1318,89
986,17	1456,11
986,34	1386,47
986,51	1402,86
986,67	1421,29
986,84	1394,67
987,01	1437,67
987,17	1388,52
987,34	1415,15
987,51	1374,19
987,67	1402,86
987,84	1472,49
988,01	1427,43
988,17	1347,56
988,34	1398,76
988,51	1409,00
988,67	1486,83
988,84	1472,49
989,01	1423,34
989,17	1449,96
989,34	1443,82
989,51	1345,52
989,67	1429,48
989,84	1400,81
990,01	1359,85
990,17	1378,28
990,34	1402,86
990,51	1519,59
990,67	1460,20
990,84	1386,47
991,01	1435,63
991,17	1390,57
991,34	1382,38
991,50	1357,80
991,67	1411,05
991,84	1353,71
992,00	1380,33
992,17	1394,67
992,34	1538,02
992,50	1411,05
992,67	1501,16
992,83	1419,24
993,00	1355,76
993,17	1458,15
993,33	1380,33
993,50	1406,95
993,66	1406,95
993,83	1452,01
994,00	1396,71
994,16	1398,76
994,33	1433,58
994,49	1429,48
994,66	1343,47
994,83	1339,37
994,99	1445,87
995,16	1495,02
995,32	1445,87
995,49	1402,86
995,66	1363,95
995,82	1347,56
995,99	1400,81
996,15	1390,57
996,32	1413,10
996,48	1464,30
996,65	1415,15
996,82	1378,28
996,98	1396,71
997,15	1413,10
997,31	1447,91
997,48	1384,43
997,64	1345,52
997,81	1458,15
997,97	1427,43
998,14	1425,39
998,31	1394,67
998,47	1337,32
998,64	1409,00
998,80	1433,58
998,97	1382,38
999,13	1478,63
999,30	1380,33
999,46	1398,76
999,63	1341,42
999,79	1458,15
999,96	1396,71
1000,12	1390,57
1000,29	1417,19
1000,45	1464,30
1000,62	1411,05
1000,79	1439,72
1000,95	1431,53
1001,12	1308,65
1001,28	1439,72
1001,45	1417,19
1001,61	1437,67
1001,78	1394,67
1001,94	1368,04
1002,11	1470,44
1002,27	1435,63
1002,44	1353,71
1002,60	1400,81
1002,77	1462,25
1002,93	1435,63
1003,10	1394,67
1003,26	1349,61
1003,43	1480,68
1003,59	1415,15
1003,76	1454,06
1003,92	1460,20
1004,09	1462,25
1004,25	1402,86
1004,41	1388,52
1004,58	1413,10
1004,74	1445,87
1004,91	1341,42
1005,07	1390,57
1005,24	1484,78
1005,40	1464,30
1005,57	1327,08
1005,73	1415,15
1005,90	1378,28
1006,06	1488,87
1006,23	1443,82
1006,39	1429,48
1006,55	1368,04
1006,72	1421,29
1006,88	1447,91
1007,05	1476,59
1007,21	1409,00
1007,38	1427,43
1007,54	1388,52
1007,71	1423,34
1007,87	1378,28
1008,03	1376,24
1008,20	1429,48
1008,36	1456,11
1008,53	1400,81
1008,69	1421,29
1008,86	1447,91
1009,02	1349,61
1009,18	1390,57
1009,35	1388,52
1009,51	1302,51
1009,68	1394,67
1009,84	1427,43
1010,01	1351,66
1010,17	1382,38
1010,33	1421,29
1010,50	1406,95
1010,66	1423,34
1010,83	1398,76
1010,99	1441,77
1011,15	1415,15
1011,32	1470,44
1011,48	1431,53
1011,65	1390,57
1011,81	1384,43
1011,97	1378,28
1012,14	1470,44
1012,30	1402,86
1012,46	1339,37
1012,63	1400,81
1012,79	1400,81
1012,96	1419,24
1013,12	1374,19
1013,28	1351,66
1013,45	1415,15
1013,61	1361,90
1013,77	1439,72
1013,94	1452,01
1014,10	1361,90
1014,26	1312,75
1014,43	1439,72
1014,59	1372,14
1014,76	1404,91
1014,92	1492,97
1015,08	1322,99
1015,25	1333,23
1015,41	1423,34
1015,57	1435,63
1015,74	1361,90
1015,90	1427,43
1016,06	1366,00
1016,23	1449,96
1016,39	1359,85
1016,55	1439,72
1016,72	1437,67
1016,88	1427,43
1017,04	1286,12
1017,21	1396,71
1017,37	1390,57
1017,53	1378,28
1017,70	1380,33
1017,86	1425,39
1018,02	1382,38
1018,19	1378,28
1018,35	1447,91
1018,51	1472,49
1018,67	1443,82
1018,84	1361,90
1019,00	1376,24
1019,16	1503,21
1019,33	1329,13
1019,49	1529,83
1019,65	1378,28
1019,82	1382,38
1019,98	1419,24
1020,14	1382,38
1020,30	1456,11
1020,47	1454,06
1020,63	1353,71
1020,79	1447,91
1020,96	1341,42
1021,12	1384,43
1021,28	1507,30
1021,44	1390,57
1021,61	1409,00
1021,77	1380,33
1021,93	1294,32
1022,09	1384,43
1022,26	1427,43
1022,42	1411,05
1022,58	1468,39
1022,74	1341,42
1022,91	1417,19
1023,07	1423,34
1023,23	1372,14
1023,39	1425,39
1023,56	1312,75
1023,72	1417,19
1023,88	1355,76
1024,04	1411,05
1024,21	1417,19
1024,37	1423,34
1024,53	1507,30
1024,69	1421,29
1024,86	1484,78
1025,02	1409,00
1025,18	1396,71
1025,34	1300,46
1025,50	1425,39
1025,67	1368,04
1025,83	1452,01
1025,99	1484,78
1026,15	1421,29
1026,32	1374,19
1026,48	1445,87
1026,64	1495,02
1026,80	1441,77
1026,96	1423,34
1027,13	1429,48
1027,29	1445,87
1027,45	1433,58
1027,61	1374,19
1027,77	1499,11
1027,94	1378,28
1028,10	1349,61
1028,26	1370,09
1028,42	1423,34
1028,58	1427,43
1028,75	1406,95
1028,91	1402,86
1029,07	1384,43
1029,23	1423,34
1029,39	1394,67
1029,55	1378,28
1029,72	1447,91
1029,88	1437,67
1030,04	1382,38
1030,20	1468,39
1030,36	1335,28
1030,52	1366,00
1030,69	1503,21
1030,85	1443,82
1031,01	1427,43
1031,17	1409,00
1031,33	1396,71
1031,49	1409,00
1031,65	1382,38
1031,82	1402,86
1031,98	1441,77
1032,14	1394,67
1032,30	1435,63
1032,46	1378,28
1032,62	1429,48
1032,78	1402,86
1032,95	1464,30
1033,11	1425,39
1033,27	1406,95
1033,43	1366,00
1033,59	1499,11
1033,75	1396,71
1033,91	1325,04
1034,07	1462,25
1034,24	1435,63
1034,40	1345,52
1034,56	1368,04
1034,72	1431,53
1034,88	1437,67
1035,04	1357,80
1035,20	1386,47
1035,36	1288,17
1035,52	1452,01
1035,68	1370,09
1035,85	1392,62
1036,01	1409,00
1036,17	1456,11
1036,33	1390,57
1036,49	1347,56
1036,65	1361,90
1036,81	1363,95
1036,97	1423,34
1037,13	1394,67
1037,29	1421,29
1037,45	1486,83
1037,61	1478,63
1037,78	1382,38
1037,94	1480,68
1038,10	1406,95
1038,26	1400,81
1038,42	1359,85
1038,58	1380,33
1038,74	1376,24
1038,90	1468,39
1039,06	1472,49
1039,22	1382,38
1039,38	1353,71
1039,54	1433,58
1039,70	1411,05
1039,86	1380,33
1040,02	1454,06
1040,18	1411,05
1040,34	1431,53
1040,50	1423,34
1040,66	1398,76
1040,83	1435,63
1040,99	1421,29
1041,15	1562,60
1041,31	1396,71
1041,47	1378,28
1041,63	1503,21
1041,79	1322,99
1041,95	1411,05
1042,11	1384,43
1042,27	1366,00
1042,43	1404,91
1042,59	1474,54
1042,75	1439,72
1042,91	1363,95
