344,25	1259,50
344,46	1259,50
344,68	1259,50
344,90	1308,65
345,12	1259,50
345,34	1388,52
345,55	1378,28
345,77	1441,77
345,99	1351,66
346,21	1460,20
346,42	1429,48
346,64	1415,15
346,86	1415,15
347,08	1339,37
347,30	1388,52
347,51	1386,47
347,73	1421,29
347,95	1411,05
348,17	1501,16
348,38	1349,61
348,60	1423,34
348,82	1456,11
349,04	1445,87
349,25	1423,34
349,47	1476,59
349,69	1396,71
349,91	1499,11
350,13	1433,58
350,34	1353,71
350,56	1310,70
350,78	1431,53
351,00	1464,30
351,21	1386,47
351,43	1447,91
351,65	1402,86
351,87	1380,33
352,08	1388,52
352,30	1460,20
352,52	1353,71
352,74	1431,53
352,95	1488,87
353,17	1445,87
353,39	1404,91
353,61	1429,48
353,82	1443,82
354,04	1423,34
354,26	1454,06
354,47	1470,44
354,69	1443,82
354,91	1308,65
355,13	1374,19
355,34	1374,19
355,56	1413,10
355,78	1388,52
356,00	1380,33
356,21	1413,10
356,43	1527,78
356,65	1386,47
356,86	1351,66
357,08	1507,30
357,30	1400,81
357,52	1347,56
357,73	1419,24
357,95	1382,38
358,17	1398,76
358,38	1415,15
358,60	1425,39
358,82	1460,20
359,04	1421,29
359,25	1519,59
359,47	1441,77
359,69	1435,63
359,90	1431,53
360,12	1511,40
360,34	1503,21
360,56	1417,19
360,77	1525,74
360,99	1505,26
361,21	1456,11
361,42	1499,11
361,64	1472,49
361,86	1419,24
362,07	1443,82
362,29	1464,30
362,51	1454,06
362,73	1460,20
362,94	1384,43
363,16	1482,73
363,38	1419,24
363,59	1507,30
363,81	1456,11
364,03	1476,59
364,24	1470,44
364,46	1544,17
364,68	1495,02
364,89	1402,86
365,11	1495,02
365,33	1492,97
365,54	1488,87
365,76	1515,50
365,98	1562,60
366,19	1568,74
366,41	1449,96
366,63	1529,83
366,84	1458,15
367,06	1470,44
367,28	1501,16
367,49	1472,49
367,71	1449,96
367,93	1406,95
368,14	1464,30
368,36	1488,87
368,58	1466,35
368,79	1423,34
369,01	1511,40
369,23	1578,98
369,44	1458,15
369,66	1394,67
369,88	1503,21
370,09	1411,05
370,31	1409,00
370,53	1441,77
370,74	1468,39
370,96	1415,15
371,18	1402,86
371,39	1447,91
371,61	1533,93
371,82	1497,07
372,04	1464,30
372,26	1476,59
372,47	1540,07
372,69	1499,11
372,91	1482,73
373,12	1472,49
373,34	1431,53
373,56	1388,52
373,77	1449,96
373,99	1460,20
374,20	1427,43
374,42	1437,67
374,64	1507,30
374,85	1374,19
375,07	1529,83
375,29	1435,63
375,50	1470,44
375,72	1400,81
375,93	1419,24
376,15	1464,30
376,37	1435,63
376,58	1505,26
376,80	1468,39
377,01	1378,28
377,23	1415,15
377,45	1535,98
377,66	1505,26
377,88	1398,76
378,10	1449,96
378,31	1488,87
378,53	1591,27
378,74	1429,48
378,96	1425,39
379,18	1462,25
379,39	1366,00
379,61	1441,77
379,82	1431,53
380,04	1531,88
380,26	1464,30
380,47	1380,33
380,69	1429,48
380,90	1499,11
381,12	1368,04
381,33	1458,15
381,55	1443,82
381,77	1460,20
381,98	1402,86
382,20	1425,39
382,41	1435,63
382,63	1490,92
382,85	1468,39
383,06	1517,54
383,28	1421,29
383,49	1351,66
383,71	1452,01
383,92	1445,87
384,14	1357,80
384,36	1372,14
384,57	1435,63
384,79	1433,58
385,00	1488,87
385,22	1390,57
385,43	1349,61
385,65	1447,91
385,87	1392,62
386,08	1409,00
386,30	1396,71
386,51	1474,54
386,73	1357,80
386,94	1470,44
387,16	1452,01
387,37	1546,22
387,59	1406,95
387,81	1445,87
388,02	1533,93
388,24	1396,71
388,45	1388,52
388,67	1392,62
388,88	1488,87
389,10	1417,19
389,31	1443,82
389,53	1462,25
389,75	1540,07
389,96	1429,48
390,18	1513,45
390,39	1374,19
390,61	1411,05
390,82	1456,11
391,04	1521,64
391,25	1488,87
391,47	1394,67
391,68	1390,57
391,90	1445,87
392,11	1480,68
392,33	1417,19
392,54	1394,67
392,76	1435,63
392,97	1359,85
393,19	1474,54
393,41	1470,44
393,62	1443,82
393,84	1417,19
394,05	1499,11
394,27	1396,71
394,48	1400,81
394,70	1472,49
394,91	1429,48
395,13	1456,11
395,34	1486,83
395,56	1413,10
395,77	1460,20
395,99	1390,57
396,20	1409,00
396,42	1443,82
396,63	1390,57
396,85	1433,58
397,06	1462,25
397,28	1388,52
397,49	1486,83
397,71	1409,00
397,92	1372,14
398,14	1474,54
398,35	1560,55
398,57	1447,91
398,78	1554,41
399,00	1404,91
399,21	1411,05
399,43	1415,15
399,64	1458,15
399,86	1507,30
400,07	1513,45
400,29	1445,87
400,50	1435,63
400,72	1452,01
400,93	1499,11
401,14	1452,01
401,36	1437,67
401,57	1404,91
401,79	1505,26
402,00	1386,47
402,22	1372,14
402,43	1482,73
402,65	1535,98
402,86	1355,76
403,08	1529,83
403,29	1425,39
403,51	1574,89
403,72	1525,74
403,94	1497,07
404,15	1419,24
404,36	1468,39
404,58	1769,44
404,79	1538,02
405,01	1474,54
405,22	1429,48
405,44	1341,42
405,65	1486,83
405,87	1501,16
406,08	1468,39
406,30	1443,82
406,51	1484,78
406,72	1495,02
406,94	1445,87
407,15	1478,63
407,37	1482,73
407,58	1392,62
407,80	1478,63
408,01	1474,54
408,23	1499,11
408,44	1472,49
408,65	1452,01
408,87	1445,87
409,08	1476,59
409,30	1490,92
409,51	1507,30
409,73	1486,83
409,94	1464,30
410,15	1452,01
410,37	1454,06
410,58	1445,87
410,80	1480,68
411,01	1370,09
411,23	1525,74
411,44	1361,90
411,65	1562,60
411,87	1495,02
412,08	1497,07
412,30	1404,91
412,51	1392,62
412,72	1542,12
412,94	1505,26
413,15	1497,07
413,37	1472,49
413,58	1392,62
413,79	1425,39
414,01	1421,29
414,22	1478,63
414,44	1443,82
414,65	1454,06
414,86	1431,53
415,08	1343,47
415,29	1396,71
415,51	1433,58
415,72	1558,50
415,93	1378,28
416,15	1476,59
416,36	1443,82
416,58	1484,78
416,79	1390,57
417,00	1476,59
417,22	1529,83
417,43	1492,97
417,65	1431,53
417,86	1497,07
418,07	1507,30
418,29	1517,54
418,50	1454,06
418,71	1484,78
418,93	1452,01
419,14	1474,54
419,36	1519,59
419,57	1341,42
419,78	1525,74
420,00	1503,21
420,21	1513,45
420,42	1499,11
420,64	1492,97
420,85	1472,49
421,06	1437,67
421,28	1495,02
421,49	1460,20
421,71	1458,15
421,92	1492,97
422,13	1478,63
422,35	1548,26
422,56	1486,83
422,77	1456,11
422,99	1497,07
423,20	1400,81
423,41	1441,77
423,63	1478,63
423,84	1406,95
424,05	1535,98
424,27	1482,73
424,48	1523,69
424,69	1572,84
424,91	1773,54
425,12	1468,39
425,33	1482,73
425,55	1482,73
425,76	1415,15
425,97	1437,67
426,19	1529,83
426,40	1480,68
426,61	1490,92
426,83	1421,29
427,04	1511,40
427,25	1478,63
427,47	1515,50
427,68	1458,15
427,89	1558,50
428,11	1560,55
428,32	1480,68
428,53	1519,59
428,75	1456,11
428,96	1478,63
429,17	1480,68
429,39	1472,49
429,60	1507,30
429,81	1552,36
430,03	1570,79
430,24	1431,53
430,45	1468,39
430,67	1452,01
430,88	1525,74
431,09	1449,96
431,30	1466,35
431,52	1456,11
431,73	1480,68
431,94	1492,97
432,16	1431,53
432,37	1503,21
432,58	1449,96
432,80	1464,30
433,01	1464,30
433,22	1437,67
433,43	1505,26
433,65	1460,20
433,86	1482,73
434,07	1427,43
434,29	1544,17
434,50	1384,43
434,71	1529,83
434,92	1454,06
435,14	1482,73
435,35	1486,83
435,56	1544,17
435,77	1517,54
435,99	1454,06
436,20	1396,71
436,41	1470,44
436,63	1404,91
436,84	1482,73
437,05	1419,24
437,26	1486,83
437,48	1523,69
437,69	1464,30
437,90	1441,77
438,11	1429,48
438,33	1429,48
438,54	1490,92
438,75	1449,96
438,96	1447,91
439,18	1464,30
439,39	1556,46
439,60	1503,21
439,82	1472,49
440,03	1552,36
440,24	1501,16
440,45	1472,49
440,67	1490,92
440,88	1533,93
441,09	1599,46
441,30	1447,91
441,51	1517,54
441,73	1413,10
441,94	1472,49
442,15	1417,19
442,36	1535,98
442,58	1378,28
442,79	1366,00
443,00	1470,44
443,21	1484,78
443,43	1443,82
443,64	1466,35
443,85	1423,34
444,06	1454,06
444,28	1443,82
444,49	1490,92
444,70	1452,01
444,91	1556,46
445,12	1552,36
445,34	1458,15
445,55	1591,27
445,76	1540,07
445,97	1517,54
446,18	1558,50
446,40	1433,58
446,61	1488,87
446,82	1486,83
447,03	1505,26
447,25	1556,46
447,46	1462,25
447,67	1570,79
447,88	1425,39
448,09	1495,02
448,31	1542,12
448,52	1533,93
448,73	1525,74
448,94	1527,78
449,15	1443,82
449,37	1441,77
449,58	1433,58
449,79	1517,54
450,00	1476,59
450,21	1474,54
450,43	1439,72
450,64	1370,09
450,85	1486,83
451,06	1474,54
451,27	1492,97
451,48	1472,49
451,70	1468,39
451,91	1521,64
452,12	1478,63
452,33	1521,64
452,54	1437,67
452,76	1511,40
452,97	1544,17
453,18	1468,39
453,39	1531,88
453,60	1560,55
453,81	1447,91
454,03	1396,71
454,24	1472,49
454,45	1484,78
454,66	1460,20
454,87	1470,44
455,08	1460,20
455,30	1519,59
455,51	1544,17
455,72	1488,87
455,93	1486,83
456,14	1513,45
456,35	1480,68
456,56	1533,93
456,78	1533,93
456,99	1603,56
457,20	1576,94
457,41	1562,60
457,62	1482,73
457,83	1619,94
458,04	1509,35
458,26	1495,02
458,47	1486,83
458,68	1454,06
458,89	1499,11
459,10	1538,02
459,31	1540,07
459,52	1585,13
459,74	1529,83
459,95	1552,36
460,16	1552,36
460,37	1484,78
460,58	1538,02
460,79	1431,53
461,00	1497,07
461,21	1499,11
461,43	1462,25
461,64	1492,97
461,85	1492,97
462,06	1439,72
462,27	1409,00
462,48	1556,46
462,69	1585,13
462,90	1409,00
463,12	1521,64
463,33	1445,87
463,54	1464,30
463,75	1535,98
463,96	1484,78
464,17	1574,89
464,38	1499,11
464,59	1501,16
464,80	1429,48
465,01	1460,20
465,23	1554,41
465,44	1472,49
465,65	1497,07
465,86	1482,73
466,07	1527,78
466,28	1527,78
466,49	1558,50
466,70	1556,46
466,91	1488,87
467,12	1476,59
467,33	1587,18
467,55	1470,44
467,76	1505,26
467,97	1497,07
468,18	1478,63
468,39	1556,46
468,60	1578,98
468,81	1509,35
469,02	1488,87
469,23	1525,74
469,44	1441,77
469,65	1525,74
469,86	1521,64
470,07	1468,39
470,29	1669,09
470,50	1570,79
470,71	1478,63
470,92	1497,07
471,13	1578,98
471,34	1554,41
471,55	1411,05
471,76	1593,32
471,97	1505,26
472,18	1472,49
472,39	1466,35
472,60	1538,02
472,81	1464,30
473,02	1531,88
473,23	1560,55
473,44	1486,83
473,65	1538,02
473,87	1552,36
474,08	1583,08
474,29	1542,12
474,50	1542,12
474,71	1468,39
474,92	1615,85
475,13	1566,70
475,34	1574,89
475,55	1417,19
475,76	1615,85
475,97	1554,41
476,18	1480,68
476,39	1527,78
476,60	1558,50
476,81	1531,88
477,02	1542,12
477,23	1605,61
477,44	1568,74
477,65	1548,26
477,86	1492,97
478,07	1603,56
478,28	1640,42
478,49	1585,13
478,70	1593,32
478,91	1535,98
479,12	1564,65
479,33	1519,59
479,54	1492,97
479,75	1587,18
479,96	1583,08
480,17	1540,07
480,38	1585,13
480,59	1548,26
480,80	1566,70
481,01	1630,18
481,22	1527,78
481,43	1517,54
481,64	1603,56
481,85	1439,72
482,06	1558,50
482,27	1556,46
482,48	1552,36
482,69	1601,51
482,90	1558,50
483,11	1630,18
483,32	1589,22
483,53	1474,54
483,74	1587,18
483,95	1548,26
484,16	1515,50
484,37	1527,78
484,58	1607,66
484,79	1636,33
485,00	1658,85
485,21	1605,61
485,42	1593,32
485,63	1617,90
485,84	1556,46
486,05	1535,98
486,26	1492,97
486,47	1660,90
486,68	1466,35
486,89	1513,45
487,10	1578,98
487,31	1658,85
487,52	1544,17
487,73	1652,71
487,94	1497,07
488,15	1558,50
488,36	1570,79
488,57	1538,02
488,77	1574,89
488,98	1578,98
489,19	1519,59
489,40	1599,46
489,61	1632,23
489,82	1564,65
490,03	1619,94
490,24	1503,21
490,45	1644,52
490,66	1531,88
490,87	1636,33
491,08	1529,83
491,29	1611,75
491,50	1517,54
491,71	1497,07
491,92	1566,70
492,13	1621,99
492,33	1503,21
492,54	1593,32
492,75	1548,26
492,96	1658,85
493,17	1566,70
493,38	1656,81
493,59	1503,21
493,80	1628,14
494,01	1597,42
494,22	1699,81
494,43	1609,70
494,64	1636,33
494,85	1662,95
495,05	1509,35
495,26	1593,32
495,47	1673,19
495,68	1540,07
495,89	1486,83
496,10	1560,55
496,31	1574,89
496,52	1538,02
496,73	1656,81
496,94	1533,93
497,15	1667,05
497,35	1660,90
497,56	1597,42
497,77	1552,36
497,98	1585,13
498,19	1554,41
498,40	1562,60
498,61	1632,23
498,82	1527,78
499,03	1505,26
499,23	1617,90
499,44	1685,48
499,65	1714,15
499,86	1679,33
500,07	1646,57
500,28	1566,70
500,49	1652,71
500,70	1597,42
500,91	1568,74
501,11	1624,04
501,32	1712,10
501,53	1587,18
501,74	1644,52
501,95	1599,46
502,16	1593,32
502,37	1546,22
502,57	1773,54
502,78	1587,18
502,99	1636,33
503,20	1566,70
503,41	1642,47
503,62	1656,81
503,83	1665,00
504,03	1761,25
504,24	1581,03
504,45	1728,49
504,66	1613,80
504,87	1656,81
505,08	1634,28
505,29	1601,51
505,49	1601,51
505,70	1656,81
505,91	1658,85
506,12	1562,60
506,33	1660,90
506,54	1535,98
506,75	1726,44
506,95	1613,80
507,16	1675,24
507,37	1621,99
507,58	1636,33
507,79	1638,38
508,00	1624,04
508,20	1581,03
508,41	1624,04
508,62	1697,77
508,83	1656,81
509,04	1560,55
509,24	1687,53
509,45	1927,14
509,66	1621,99
509,87	1599,46
510,08	1685,48
510,29	1662,95
510,49	1624,04
510,70	1587,18
510,91	1734,63
511,12	1589,22
511,33	1677,29
511,53	1648,61
511,74	1660,90
511,95	1597,42
512,16	1718,25
512,37	1673,19
512,57	1656,81
512,78	1572,84
512,99	1603,56
513,20	1771,49
513,41	1671,14
513,61	1564,65
513,82	1581,03
514,03	1626,09
514,24	1667,05
514,45	1697,77
514,65	1642,47
514,86	1624,04
515,07	1603,56
515,28	1533,93
515,49	1550,31
515,69	1744,87
515,90	1568,74
516,11	1658,85
516,32	1585,13
516,52	1611,75
516,73	1744,87
516,94	1671,14
517,15	1730,53
517,36	1587,18
517,56	1740,77
517,77	1603,56
517,98	1718,25
518,19	1669,09
518,39	1669,09
518,60	1595,37
518,81	1699,81
519,02	1538,02
519,22	1593,32
519,43	1619,94
519,64	1681,38
519,85	1583,08
520,05	1654,76
520,26	1624,04
520,47	1806,31
520,68	1624,04
520,88	1581,03
521,09	1609,70
521,30	1689,57
521,51	1609,70
521,71	1695,72
521,92	1605,61
522,13	1558,50
522,34	1722,34
522,54	1613,80
522,75	1542,12
522,96	1695,72
523,17	1701,86
523,37	1677,29
523,58	1652,71
523,79	1662,95
523,99	1613,80
524,20	1558,50
524,41	1628,14
524,62	1648,61
524,82	1646,57
525,03	1640,42
525,24	1593,32
525,45	1593,32
525,65	1640,42
525,86	1689,57
526,07	1605,61
526,27	1699,81
526,48	1542,12
526,69	1621,99
526,90	1554,41
527,10	1615,85
527,31	1632,23
527,52	1652,71
527,72	1607,66
527,93	1710,05
528,14	1591,27
528,34	1615,85
528,55	1566,70
528,76	1695,72
528,97	1576,94
529,17	1638,38
529,38	1581,03
529,59	1648,61
529,79	1599,46
530,00	1687,53
530,21	1681,38
530,41	1634,28
530,62	1656,81
530,83	1665,00
531,03	1654,76
531,24	1662,95
531,45	1644,52
531,65	1714,15
531,86	1652,71
532,07	1658,85
532,27	1550,31
532,48	1726,44
532,69	1519,59
532,89	1685,48
533,10	1628,14
533,31	1658,85
533,51	1624,04
533,72	1570,79
533,93	1566,70
534,13	1593,32
534,34	1538,02
534,55	1718,25
534,75	1603,56
534,96	1708,01
535,17	1654,76
535,37	1667,05
535,58	1658,85
535,79	1720,29
535,99	1556,46
536,20	1691,62
536,41	1626,09
536,61	1615,85
536,82	1642,47
537,03	1613,80
537,23	1613,80
537,44	1648,61
537,64	1665,00
537,85	1628,14
538,06	1624,04
538,26	1624,04
538,47	1652,71
538,68	1650,66
538,88	1665,00
539,09	1644,52
539,30	1589,22
539,50	1697,77
539,71	1646,57
539,91	1646,57
540,12	1568,74
540,33	1599,46
540,53	1609,70
540,74	1609,70
540,94	1558,50
541,15	1675,24
541,36	1611,75
541,56	1615,85
541,77	1619,94
541,98	1726,44
542,18	1687,53
542,39	1681,38
542,59	1634,28
542,80	1560,55
543,01	1597,42
543,21	1687,53
543,42	1601,51
543,62	1703,91
543,83	1613,80
544,04	1611,75
544,24	1652,71
544,45	1613,80
544,65	1675,24
544,86	1607,66
545,06	1628,14
545,27	1634,28
545,48	1525,74
545,68	1564,65
545,89	1605,61
546,09	1626,09
546,30	1662,95
546,51	1654,76
546,71	1589,22
546,92	1617,90
547,12	1601,51
547,33	1605,61
547,53	1538,02
547,74	1617,90
547,95	1595,37
548,15	1587,18
548,36	1581,03
548,56	1613,80
548,77	1591,27
548,97	1550,31
549,18	1585,13
549,39	1675,24
549,59	1654,76
549,80	1578,98
550,00	1531,88
550,21	1578,98
550,41	1583,08
550,62	1521,64
550,82	1638,38
551,03	1519,59
551,23	1572,84
551,44	1599,46
551,65	1570,79
551,85	1597,42
552,06	1546,22
552,26	1644,52
552,47	1542,12
552,67	1562,60
552,88	1550,31
553,08	1609,70
553,29	1531,88
553,49	1564,65
553,70	1533,93
553,90	1683,43
554,11	1566,70
554,32	1568,74
554,52	1587,18
554,73	1564,65
554,93	1538,02
555,14	1574,89
555,34	1660,90
555,55	1673,19
555,75	1595,37
555,96	1531,88
556,16	1556,46
556,37	1640,42
556,57	1595,37
556,78	1488,87
556,98	1673,19
557,19	1636,33
557,39	1591,27
557,60	1642,47
557,80	1593,32
558,01	1585,13
558,21	1540,07
558,42	1587,18
558,62	1689,57
558,83	1693,67
559,03	1572,84
559,24	1619,94
559,44	1634,28
559,65	1677,29
559,85	1597,42
560,06	1591,27
560,26	1636,33
560,47	1611,75
560,67	1669,09
560,88	1599,46
561,08	1681,38
561,29	1771,49
561,49	1587,18
561,70	1710,05
561,90	1720,29
562,10	1667,05
562,31	1708,01
562,51	1634,28
562,72	1724,39
562,92	1685,48
563,13	1736,68
563,33	1654,76
563,54	1675,24
563,74	1767,40
563,95	1617,90
564,15	1697,77
564,36	1761,25
564,56	1708,01
564,76	1736,68
564,97	1771,49
565,17	1728,49
565,38	1814,50
565,58	1785,83
565,79	1738,73
565,99	1701,86
566,20	1748,97
566,40	1677,29
566,60	1832,93
566,81	1789,92
567,01	1722,34
567,22	1796,07
567,42	1746,92
567,63	1802,21
567,83	1779,68
568,04	1789,92
568,24	1851,36
568,44	1798,12
568,65	1785,83
568,85	1757,16
569,06	1759,21
569,26	1730,53
569,47	1802,21
569,67	1779,68
569,87	1814,50
570,08	1851,36
570,28	1843,17
570,49	1753,06
570,69	1898,47
570,89	1898,47
571,10	1873,89
571,30	1712,10
571,51	1787,88
571,71	1837,03
571,91	1910,75
572,12	1818,60
572,32	1904,61
572,53	1808,36
572,73	1873,89
572,93	1853,41
573,14	1802,21
573,34	1890,28
573,55	1804,26
573,75	1906,66
573,95	1800,16
574,16	1712,10
574,36	1763,30
574,57	1806,31
574,77	1820,64
574,97	1789,92
575,18	1800,16
575,38	1720,29
575,59	1781,73
575,79	1779,68
575,99	1839,08
576,20	1824,74
576,40	1920,99
576,60	1841,12
576,81	1818,60
577,01	1947,62
577,22	1884,13
577,42	1826,79
577,62	1843,17
577,83	1761,25
578,03	1953,76
578,23	1791,97
578,44	1834,98
578,64	1904,61
578,84	1859,56
579,05	1839,08
579,25	1947,62
579,45	1691,62
579,66	1718,25
579,86	1832,93
580,07	1839,08
580,27	1841,12
580,47	1798,12
580,68	1751,01
580,88	1783,78
581,08	1765,35
581,29	1791,97
581,49	1861,60
581,69	1810,40
581,90	1740,77
582,10	1753,06
582,30	1724,39
582,51	1890,28
582,71	1800,16
582,91	1699,81
583,12	1841,12
583,32	1808,36
583,52	1791,97
583,73	1834,98
583,93	1710,05
584,13	1794,02
584,34	1771,49
584,54	1865,70
584,74	1796,07
584,94	1769,44
585,15	1923,04
585,35	1951,71
585,55	1828,84
585,76	1761,25
585,96	1828,84
586,16	1939,43
586,37	1806,31
586,57	1826,79
586,77	1722,34
586,98	1890,28
587,18	1845,22
587,38	1976,29
587,58	1892,32
587,79	1966,05
587,99	1814,50
588,19	1871,84
588,40	1880,04
588,60	1988,58
588,80	1925,09
589,00	1990,63
589,21	1968,10
589,41	1935,33
589,61	1964,00
589,82	1990,63
590,02	1980,39
590,22	2072,54
590,42	1955,81
590,63	2066,40
590,83	1873,89
591,03	2039,78
591,23	2072,54
591,44	2045,92
591,64	1968,10
591,84	1949,67
592,05	2017,25
592,25	2121,70
592,45	1968,10
592,65	2011,11
592,86	2045,92
593,06	2088,93
593,26	2004,96
593,46	2029,54
593,67	2086,88
593,87	2107,36
594,07	1990,63
594,27	2111,46
594,48	1998,82
594,68	2117,60
594,88	2029,54
595,08	2050,02
595,29	2056,16
595,49	2164,70
595,69	2025,44
595,89	2166,75
596,10	2080,74
596,30	2131,94
596,50	2045,92
596,70	2207,71
596,90	2103,26
597,11	2029,54
597,31	2027,49
597,51	2084,83
597,71	2213,85
597,92	2240,48
598,12	1966,05
598,32	2111,46
598,52	2058,21
598,72	2103,26
598,93	2099,17
599,13	2158,56
599,33	2050,02
599,53	2154,46
599,74	2056,16
599,94	2119,65
600,14	2041,82
600,34	2064,35
600,54	2050,02
600,75	2109,41
600,95	1992,67
601,15	2090,98
601,35	2023,39
601,55	1992,67
601,76	1976,29
601,96	2152,42
602,16	1998,82
602,36	2052,06
602,56	1890,28
602,76	1966,05
602,97	1851,36
603,17	1861,60
603,37	1873,89
603,57	1886,18
603,77	1845,22
603,98	1804,26
604,18	1791,97
604,38	1837,03
604,58	1826,79
604,78	1769,44
604,98	1791,97
605,19	1726,44
605,39	1802,21
605,59	1843,17
605,79	1785,83
605,99	1734,63
606,19	1712,10
606,40	1679,33
606,60	1652,71
606,80	1638,38
607,00	1658,85
607,20	1546,22
607,40	1601,51
607,61	1654,76
607,81	1775,59
608,01	1689,57
608,21	1724,39
608,41	1652,71
608,61	1617,90
608,81	1611,75
609,02	1624,04
609,22	1617,90
609,42	1636,33
609,62	1660,90
609,82	1632,23
610,02	1603,56
610,22	1646,57
610,43	1556,46
610,63	1597,42
610,83	1652,71
611,03	1634,28
611,23	1601,51
611,43	1736,68
611,63	1634,28
611,83	1591,27
612,04	1662,95
612,24	1738,73
612,44	1632,23
612,64	1587,18
612,84	1675,24
613,04	1619,94
613,24	1697,77
613,44	1609,70
613,64	1681,38
613,85	1697,77
614,05	1734,63
614,25	1748,97
614,45	1644,52
614,65	1691,62
614,85	1648,61
615,05	1755,11
615,25	1775,59
615,45	1804,26
615,65	1681,38
615,86	1771,49
616,06	1777,64
616,26	1806,31
616,46	1830,88
616,66	1781,73
616,86	1884,13
617,06	1849,32
617,26	1882,08
617,46	1859,56
617,66	1800,16
617,86	1951,71
618,07	1849,32
618,27	2158,56
618,47	1859,56
618,67	2025,44
618,87	1880,04
619,07	1998,82
619,27	2115,55
619,47	2113,50
619,67	2224,09
619,87	2023,39
620,07	2222,05
620,27	2349,02
620,47	2015,20
620,67	2258,91
620,87	2160,61
621,07	2424,80
621,28	2174,94
621,48	2383,84
621,68	2338,78
621,88	2648,02
622,08	2424,80
622,28	2615,26
622,48	2621,40
622,68	2801,62
622,88	2586,58
623,08	2750,42
623,28	2592,73
623,48	2674,65
623,68	2836,44
623,88	2856,92
624,08	2963,41
624,28	2987,99
624,48	2920,40
624,68	3045,33
624,88	3043,28
625,08	3340,24
625,28	3223,50
625,48	3487,69
625,68	3416,01
625,88	3798,98
626,08	3366,86
626,28	3620,81
626,48	3608,52
626,68	3715,02
626,88	3563,47
627,08	3809,22
627,28	4198,34
627,48	4073,41
627,68	3829,70
627,88	4093,89
628,08	3909,57
628,28	4124,61
628,49	4026,31
628,68	4239,30
628,88	3973,06
629,08	4202,43
629,28	4089,79
629,48	4462,52
629,68	4120,51
629,88	4351,93
630,08	4310,97
630,28	4313,02
630,48	4069,31
630,68	4235,20
630,88	3852,23
631,08	4091,84
631,28	3602,38
631,48	3829,70
631,68	3561,42
631,88	3706,82
632,08	3485,64
632,28	3479,50
632,48	3250,13
632,68	3217,36
632,88	3059,67
633,08	3022,80
633,28	2805,72
633,48	2887,64
633,68	2605,02
633,88	2734,04
634,08	2539,48
634,28	2439,13
634,48	2277,34
634,68	2310,11
634,88	2099,17
635,08	2121,70
635,28	2164,70
635,48	2043,87
635,68	1861,60
635,87	1910,75
636,07	1822,69
636,27	1808,36
636,47	1839,08
636,67	1828,84
636,87	1777,64
637,07	1808,36
637,27	1710,05
637,47	1699,81
637,67	1691,62
637,87	1566,70
638,07	1665,00
638,27	1617,90
638,47	1611,75
638,67	1583,08
638,86	1570,79
639,06	1527,78
639,26	1587,18
639,46	1513,45
639,66	1556,46
639,86	1669,09
640,06	1624,04
640,26	1474,54
640,46	1480,68
640,66	1535,98
640,86	1568,74
641,06	1357,80
641,25	1533,93
641,45	1447,91
641,65	1398,76
641,85	1488,87
642,05	1460,20
642,25	1404,91
642,45	1480,68
642,65	1478,63
642,85	1423,34
643,05	1472,49
643,24	1554,41
643,44	1472,49
643,64	1560,55
643,84	1472,49
644,04	1431,53
644,24	1499,11
644,44	1439,72
644,64	1382,38
644,84	1441,77
645,03	1480,68
645,23	1411,05
645,43	1468,39
645,63	1480,68
645,83	1472,49
646,03	1396,71
646,23	1499,11
646,42	1531,88
646,62	1454,06
646,82	1517,54
647,02	1388,52
647,22	1478,63
647,42	1402,86
647,62	1503,21
647,82	1413,10
648,01	1619,94
648,21	1427,43
648,41	1535,98
648,61	1556,46
648,81	1576,94
649,01	1382,38
649,20	1460,20
649,40	1413,10
649,60	1406,95
649,80	1454,06
650,00	1388,52
650,20	1454,06
650,40	1409,00
650,59	1366,00
650,79	1419,24
650,99	1419,24
651,19	1372,14
651,39	1439,72
651,58	1441,77
651,78	1431,53
651,98	1503,21
652,18	1476,59
652,38	1437,67
652,58	1445,87
652,77	1466,35
652,97	1501,16
653,17	1435,63
653,37	1497,07
653,57	1480,68
653,77	1449,96
653,96	1445,87
654,16	1382,38
654,36	1535,98
654,56	1564,65
654,76	1464,30
654,95	1398,76
655,15	1398,76
655,35	1454,06
655,55	1353,71
655,75	1415,15
655,94	1449,96
656,14	1339,37
656,34	1509,35
656,54	1404,91
656,73	1460,20
656,93	1497,07
657,13	1435,63
657,33	1452,01
657,53	1474,54
657,72	1433,58
657,92	1480,68
658,12	1333,23
658,32	1492,97
658,52	1374,19
658,71	1437,67
658,91	1435,63
659,11	1449,96
659,31	1468,39
659,50	1437,67
659,70	1458,15
659,90	1513,45
660,10	1413,10
660,29	1437,67
660,49	1372,14
660,69	1460,20
660,89	1382,38
661,08	1509,35
661,28	1376,24
661,48	1456,11
661,68	1390,57
661,87	1378,28
662,07	1470,44
662,27	1472,49
662,47	1376,24
662,66	1411,05
662,86	1339,37
663,06	1398,76
663,26	1398,76
663,45	1511,40
663,65	1468,39
663,85	1486,83
664,05	1447,91
664,24	1417,19
664,44	1425,39
664,64	1394,67
664,84	1388,52
665,03	1466,35
665,23	1429,48
665,43	1474,54
665,62	1366,00
665,82	1486,83
666,02	1458,15
666,22	1402,86
666,41	1320,94
666,61	1488,87
666,81	1423,34
667,00	1390,57
667,20	1402,86
667,40	1398,76
667,60	1388,52
667,79	1447,91
667,99	1394,67
668,19	1427,43
668,38	1488,87
668,58	1400,81
668,78	1447,91
668,97	1558,50
669,17	1374,19
669,37	1507,30
669,57	1347,56
669,76	1447,91
669,96	1517,54
670,16	1447,91
670,35	1433,58
670,55	1501,16
670,75	1464,30
670,94	1462,25
671,14	1568,74
671,34	1495,02
671,53	1435,63
671,73	1368,04
671,93	1396,71
672,12	1437,67
672,32	1503,21
672,52	1472,49
672,71	1435,63
672,91	1505,26
673,11	1466,35
673,30	1370,09
673,50	1431,53
673,70	1396,71
673,89	1419,24
674,09	1382,38
674,29	1411,05
674,48	1472,49
674,68	1439,72
674,88	1431,53
675,07	1406,95
675,27	1382,38
675,46	1409,00
675,66	1415,15
675,86	1470,44
676,05	1538,02
676,25	1419,24
676,45	1396,71
676,64	1400,81
676,84	1517,54
677,04	1376,24
677,23	1472,49
677,43	1406,95
677,62	1529,83
677,82	1439,72
678,02	1454,06
678,21	1429,48
678,41	1390,57
678,61	1374,19
678,80	1386,47
679,00	1497,07
679,19	1454,06
679,39	1429,48
679,59	1488,87
679,78	1443,82
679,98	1386,47
680,17	1390,57
680,37	1441,77
680,57	1396,71
680,76	1417,19
680,96	1406,95
681,16	1396,71
681,35	1417,19
681,55	1464,30
681,74	1392,62
681,94	1290,22
682,13	1421,29
682,33	1456,11
682,53	1394,67
682,72	1456,11
682,92	1413,10
683,11	1474,54
683,31	1404,91
683,51	1370,09
683,70	1349,61
683,90	1435,63
684,09	1472,49
684,29	1480,68
684,48	1366,00
684,68	1433,58
684,88	1464,30
685,07	1423,34
685,27	1392,62
685,46	1460,20
685,66	1456,11
685,85	1413,10
686,05	1472,49
686,25	1427,43
686,44	1370,09
686,64	1435,63
686,83	1425,39
687,03	1507,30
687,22	1476,59
687,42	1419,24
687,61	1501,16
687,81	1390,57
688,01	1314,80
688,20	1386,47
688,40	1464,30
688,59	1449,96
688,79	1468,39
688,98	1419,24
689,18	1386,47
689,37	1445,87
689,57	1488,87
689,76	1429,48
689,96	1454,06
690,15	1460,20
690,35	1431,53
690,54	1388,52
690,74	1417,19
690,94	1404,91
691,13	1468,39
691,33	1406,95
691,52	1468,39
691,72	1464,30
691,91	1380,33
692,11	1449,96
692,30	1343,47
692,50	1460,20
692,69	1376,24
692,89	1435,63
693,08	1411,05
693,28	1464,30
693,47	1347,56
693,67	1492,97
693,86	1474,54
694,06	1456,11
694,25	1372,14
694,45	1392,62
694,64	1310,70
694,84	1468,39
695,03	1413,10
695,23	1372,14
695,42	1449,96
695,62	1398,76
695,81	1447,91
696,01	1437,67
696,20	1339,37
696,40	1357,80
696,59	1501,16
696,78	1497,07
696,98	1462,25
697,17	1361,90
697,37	1439,72
697,56	1449,96
697,76	1394,67
697,95	1480,68
698,15	1468,39
698,34	1464,30
698,54	1310,70
698,73	1564,65
698,93	1390,57
699,12	1400,81
699,32	1439,72
699,51	1445,87
699,70	1351,66
699,90	1429,48
700,09	1394,67
700,29	1378,28
700,48	1337,32
700,68	1370,09
700,87	1413,10
701,07	1406,95
701,26	1441,77
701,45	1390,57
701,65	1341,42
701,84	1361,90
702,04	1347,56
702,23	1386,47
702,43	1400,81
702,62	1456,11
702,81	1460,20
703,01	1415,15
703,20	1468,39
703,40	1447,91
703,59	1456,11
703,79	1435,63
703,98	1413,10
704,17	1478,63
704,37	1404,91
704,56	1468,39
704,76	1431,53
704,95	1378,28
705,14	1415,15
705,34	1439,72
705,53	1458,15
705,73	1404,91
705,92	1396,71
706,11	1464,30
706,31	1374,19
706,50	1415,15
706,70	1366,00
706,89	1394,67
707,08	1511,40
707,28	1406,95
707,47	1351,66
707,67	1472,49
707,86	1482,73
708,05	1415,15
708,25	1380,33
708,44	1445,87
708,64	1429,48
708,83	1460,20
709,02	1359,85
709,22	1456,11
709,41	1353,71
709,60	1425,39
709,80	1478,63
709,99	1378,28
710,19	1390,57
710,38	1355,76
710,57	1325,04
710,77	1355,76
710,96	1290,22
711,15	1388,52
711,35	1398,76
711,54	1394,67
711,73	1402,86
711,93	1349,61
712,12	1337,32
712,31	1343,47
712,51	1427,43
712,70	1398,76
712,89	1423,34
713,09	1454,06
713,28	1452,01
713,48	1454,06
713,67	1411,05
713,86	1413,10
714,06	1400,81
714,25	1406,95
714,44	1439,72
714,64	1484,78
714,83	1415,15
715,02	1329,13
715,22	1402,86
715,41	1464,30
715,60	1423,34
715,79	1433,58
715,99	1458,15
716,18	1363,95
716,37	1316,84
716,57	1454,06
716,76	1501,16
716,95	1482,73
717,15	1441,77
717,34	1370,09
717,53	1366,00
717,73	1366,00
717,92	1396,71
718,11	1484,78
718,31	1386,47
718,50	1347,56
718,69	1335,28
718,88	1427,43
719,08	1419,24
719,27	1447,91
719,46	1464,30
719,66	1400,81
719,85	1374,19
720,04	1460,20
720,23	1329,13
720,43	1433,58
720,62	1357,80
720,81	1339,37
721,01	1390,57
721,20	1472,49
721,39	1431,53
721,58	1343,47
721,78	1505,26
721,97	1374,19
722,16	1327,08
722,35	1366,00
722,55	1341,42
722,74	1394,67
722,93	1406,95
723,13	1386,47
723,32	1366,00
723,51	1406,95
723,70	1413,10
723,90	1454,06
724,09	1460,20
724,28	1433,58
724,47	1386,47
724,67	1417,19
724,86	1339,37
725,05	1316,84
725,24	1384,43
725,44	1376,24
725,63	1456,11
725,82	1353,71
726,01	1413,10
726,21	1439,72
726,40	1402,86
726,59	1492,97
726,78	1366,00
726,97	1341,42
727,17	1415,15
727,36	1421,29
727,55	1300,46
727,74	1388,52
727,94	1337,32
728,13	1486,83
728,32	1386,47
728,51	1382,38
728,70	1431,53
728,90	1466,35
729,09	1337,32
729,28	1376,24
729,47	1406,95
729,66	1433,58
729,86	1462,25
730,05	1402,86
730,24	1316,84
730,43	1402,86
730,63	1355,76
730,82	1484,78
731,01	1427,43
731,20	1345,52
731,39	1425,39
731,58	1374,19
731,78	1388,52
731,97	1423,34
732,16	1345,52
732,35	1427,43
732,54	1439,72
732,74	1527,78
732,93	1411,05
733,12	1376,24
733,31	1366,00
733,50	1447,91
733,69	1341,42
733,89	1361,90
734,08	1447,91
734,27	1425,39
734,46	1447,91
734,65	1423,34
734,84	1413,10
735,04	1437,67
735,23	1427,43
735,42	1396,71
735,61	1390,57
735,80	1468,39
735,99	1384,43
736,19	1298,41
736,38	1433,58
736,57	1376,24
736,76	1341,42
736,95	1415,15
737,14	1343,47
737,33	1415,15
737,53	1482,73
737,72	1382,38
737,91	1396,71
738,10	1533,93
738,29	1425,39
738,48	1476,59
738,67	1419,24
738,87	1460,20
739,06	1376,24
739,25	1427,43
739,44	1318,89
739,63	1523,69
739,82	1441,77
740,01	1435,63
740,20	1406,95
740,40	1445,87
740,59	1425,39
740,78	1454,06
740,97	1329,13
741,16	1372,14
741,35	1486,83
741,54	1546,22
741,73	1447,91
741,92	1347,56
742,12	1468,39
742,31	1456,11
742,50	1503,21
742,69	1382,38
742,88	1431,53
743,07	1413,10
743,26	1437,67
743,45	1384,43
743,64	1439,72
743,83	1445,87
744,02	1341,42
744,22	1398,76
744,41	1413,10
744,60	1409,00
744,79	1372,14
744,98	1409,00
745,17	1427,43
745,36	1333,23
745,55	1462,25
745,74	1368,04
745,93	1458,15
746,12	1390,57
746,31	1351,66
746,50	1449,96
746,70	1427,43
746,89	1366,00
747,08	1390,57
747,27	1359,85
747,46	1437,67
747,65	1431,53
747,84	1501,16
748,03	1386,47
748,22	1396,71
748,41	1464,30
748,60	1388,52
748,79	1413,10
748,98	1452,01
749,17	1417,19
749,36	1439,72
749,55	1390,57
749,74	1429,48
749,93	1437,67
750,12	1359,85
750,31	1419,24
750,50	1386,47
750,70	1462,25
750,89	1478,63
751,08	1527,78
751,27	1433,58
751,46	1439,72
751,65	1361,90
751,84	1402,86
752,03	1372,14
752,22	1449,96
752,41	1406,95
752,60	1363,95
752,79	1470,44
752,98	1421,29
753,17	1411,05
753,36	1474,54
753,55	1425,39
753,74	1384,43
753,93	1447,91
754,12	1456,11
754,31	1400,81
754,50	1478,63
754,69	1417,19
754,88	1355,76
755,07	1429,48
755,26	1273,84
755,45	1378,28
755,64	1423,34
755,83	1415,15
756,02	1454,06
756,21	1464,30
756,40	1386,47
756,59	1390,57
756,78	1462,25
756,97	1396,71
757,16	1449,96
757,35	1449,96
757,54	1470,44
757,72	1396,71
757,91	1435,63
758,10	1413,10
758,29	1447,91
758,48	1427,43
758,67	1411,05
758,86	1464,30
759,05	1458,15
759,24	1482,73
759,43	1476,59
759,62	1400,81
759,81	1447,91
760,00	1501,16
760,19	1372,14
760,38	1415,15
760,57	1298,41
760,76	1419,24
760,95	1470,44
761,14	1351,66
761,33	1398,76
761,52	1370,09
761,70	1456,11
761,89	1390,57
762,08	1411,05
762,27	1470,44
762,46	1452,01
762,65	1441,77
762,84	1437,67
763,03	1384,43
763,22	1445,87
763,41	1482,73
763,60	1382,38
763,79	1390,57
763,98	1441,77
764,16	1439,72
764,35	1503,21
764,54	1439,72
764,73	1404,91
764,92	1433,58
765,11	1509,35
765,30	1409,00
765,49	1443,82
765,68	1513,45
765,87	1509,35
766,06	1419,24
766,24	1466,35
766,43	1386,47
766,62	1499,11
766,81	1396,71
767,00	1437,67
767,19	1349,61
767,38	1521,64
767,57	1372,14
767,76	1413,10
767,94	1495,02
768,13	1345,52
768,32	1495,02
768,51	1382,38
768,70	1495,02
768,89	1447,91
769,08	1486,83
769,27	1443,82
769,45	1378,28
769,64	1519,59
769,83	1376,24
770,02	1415,15
770,21	1384,43
770,40	1423,34
770,59	1402,86
770,77	1452,01
770,96	1482,73
771,15	1437,67
771,34	1386,47
771,53	1511,40
771,72	1505,26
771,91	1388,52
772,09	1449,96
772,28	1460,20
772,47	1449,96
772,66	1478,63
772,85	1374,19
773,04	1449,96
773,22	1425,39
773,41	1570,79
773,60	1423,34
773,79	1427,43
773,98	1505,26
774,17	1431,53
774,35	1456,11
774,54	1423,34
774,73	1546,22
774,92	1492,97
775,11	1452,01
775,30	1468,39
775,48	1486,83
775,67	1474,54
775,86	1433,58
776,05	1449,96
776,24	1452,01
776,42	1454,06
776,61	1447,91
776,80	1472,49
776,99	1423,34
777,18	1492,97
777,36	1398,76
777,55	1456,11
777,74	1370,09
777,93	1511,40
778,12	1355,76
778,30	1492,97
778,49	1486,83
778,68	1464,30
778,87	1454,06
779,06	1497,07
779,24	1443,82
779,43	1452,01
779,62	1499,11
779,81	1433,58
779,99	1409,00
780,18	1433,58
780,37	1437,67
780,56	1517,54
780,75	1441,77
780,93	1495,02
781,12	1486,83
781,31	1490,92
781,50	1431,53
781,68	1333,23
781,87	1517,54
782,06	1441,77
782,25	1478,63
782,43	1419,24
782,62	1429,48
782,81	1427,43
783,00	1411,05
783,18	1427,43
783,37	1439,72
783,56	1513,45
783,75	1431,53
783,93	1462,25
784,12	1433,58
784,31	1470,44
784,50	1578,98
784,68	1394,67
784,87	1447,91
785,06	1486,83
785,24	1402,86
785,43	1392,62
785,62	1447,91
785,81	1409,00
785,99	1472,49
786,18	1370,09
786,37	1398,76
786,56	1417,19
786,74	1425,39
786,93	1402,86
787,12	1447,91
787,30	1439,72
787,49	1441,77
787,68	1425,39
787,87	1452,01
788,05	1480,68
788,24	1355,76
788,43	1390,57
788,61	1380,33
788,80	1380,33
788,99	1441,77
789,17	1466,35
789,36	1370,09
789,55	1488,87
789,73	1439,72
789,92	1439,72
790,11	1390,57
790,30	1413,10
790,48	1335,28
790,67	1501,16
790,86	1535,98
791,04	1441,77
791,23	1468,39
791,42	1427,43
791,60	1370,09
791,79	1449,96
791,98	1384,43
792,16	1521,64
792,35	1382,38
792,54	1406,95
792,72	1468,39
792,91	1404,91
793,10	1380,33
793,28	1417,19
793,47	1452,01
793,66	1429,48
793,84	1466,35
794,03	1357,80
794,22	1439,72
794,40	1419,24
794,59	1466,35
794,77	1382,38
794,96	1290,22
795,15	1361,90
795,33	1357,80
795,52	1439,72
795,71	1409,00
795,89	1359,85
796,08	1382,38
796,27	1425,39
796,45	1370,09
796,64	1394,67
796,82	1456,11
797,01	1368,04
797,20	1396,71
797,38	1441,77
797,57	1357,80
797,76	1441,77
797,94	1523,69
798,13	1437,67
798,31	1472,49
798,50	1390,57
798,69	1456,11
798,87	1392,62
799,06	1361,90
799,24	1390,57
799,43	1490,92
799,62	1421,29
799,80	1374,19
799,99	1439,72
800,17	1437,67
800,36	1361,90
800,55	1419,24
800,73	1355,76
800,92	1415,15
801,10	1308,65
801,29	1415,15
801,48	1427,43
801,66	1355,76
801,85	1384,43
802,03	1429,48
802,22	1478,63
802,40	1361,90
802,59	1402,86
802,78	1355,76
802,96	1478,63
803,15	1519,59
803,33	1441,77
803,52	1433,58
803,70	1443,82
803,89	1421,29
804,08	1384,43
804,26	1419,24
804,45	1421,29
804,63	1456,11
804,82	1382,38
805,00	1392,62
805,19	1415,15
805,37	1386,47
805,56	1505,26
805,74	1382,38
805,93	1443,82
806,12	1503,21
806,30	1380,33
806,49	1406,95
806,67	1366,00
806,86	1425,39
807,04	1374,19
807,23	1411,05
807,41	1366,00
807,60	1372,14
807,78	1363,95
807,97	1720,29
808,15	1390,57
808,34	1411,05
808,52	1439,72
808,71	1351,66
808,89	1431,53
809,08	1449,96
809,27	1417,19
809,45	1449,96
809,64	1429,48
809,82	1484,78
810,01	1423,34
810,19	1386,47
810,38	1513,45
810,56	1396,71
810,75	1390,57
810,93	1363,95
811,12	1386,47
811,30	1458,15
811,49	1361,90
811,67	1482,73
811,85	1525,74
812,04	1320,94
812,22	1366,00
812,41	1370,09
812,59	1505,26
812,78	1366,00
812,96	1392,62
813,15	1361,90
813,33	1376,24
813,52	1415,15
813,70	1478,63
813,89	1390,57
814,07	1427,43
814,26	1413,10
814,44	1361,90
814,63	1406,95
814,81	1431,53
815,00	1349,61
815,18	1390,57
815,36	1406,95
815,55	1398,76
815,73	1501,16
815,92	1490,92
816,10	1492,97
816,29	1427,43
816,47	1374,19
816,66	1464,30
816,84	1439,72
817,02	1515,50
817,21	1417,19
817,39	1497,07
817,58	1390,57
817,76	1347,56
817,95	1454,06
818,13	1392,62
818,32	1409,00
818,50	1415,15
818,68	1396,71
818,87	1503,21
819,05	1363,95
819,24	1484,78
819,42	1435,63
819,60	1380,33
819,79	1427,43
819,97	1464,30
820,16	1449,96
820,34	1417,19
820,53	1421,29
820,71	1361,90
820,89	1413,10
821,08	1398,76
821,26	1304,56
821,45	1406,95
821,63	1363,95
821,81	1454,06
822,00	1366,00
822,18	1478,63
822,37	1425,39
822,55	1398,76
822,73	1472,49
822,92	1497,07
823,10	1431,53
823,28	1355,76
823,47	1437,67
823,65	1413,10
823,84	1353,71
824,02	1357,80
824,20	1357,80
824,39	1394,67
824,57	1488,87
824,75	1513,45
824,94	1458,15
825,12	1476,59
825,31	1445,87
825,49	1456,11
825,67	1458,15
825,86	1380,33
826,04	1462,25
826,22	1527,78
826,41	1435,63
826,59	1431,53
826,77	1413,10
826,96	1466,35
827,14	1388,52
827,32	1425,39
827,51	1402,86
827,69	1544,17
827,87	1347,56
828,06	1472,49
828,24	1409,00
828,42	1435,63
828,61	1413,10
828,79	1423,34
828,97	1419,24
829,16	1433,58
829,34	1390,57
829,52	1402,86
829,71	1456,11
829,89	1437,67
830,07	1384,43
830,26	1433,58
830,44	1394,67
830,62	1480,68
830,81	1411,05
830,99	1497,07
831,17	1423,34
831,36	1466,35
831,54	1443,82
831,72	1466,35
831,91	1423,34
832,09	1427,43
832,27	1433,58
832,45	1501,16
832,64	1378,28
832,82	1456,11
833,00	1392,62
833,19	1406,95
833,37	1419,24
833,55	1443,82
833,73	1372,14
833,92	1540,07
834,10	1435,63
834,28	1388,52
834,47	1466,35
834,65	1404,91
834,83	1476,59
835,01	1566,70
835,20	1433,58
835,38	1507,30
835,56	1454,06
835,74	1439,72
835,93	1484,78
836,11	1468,39
836,29	1441,77
836,47	1411,05
836,66	1400,81
836,84	1351,66
837,02	1431,53
837,21	1470,44
837,39	1378,28
837,57	1462,25
837,75	1497,07
837,94	1458,15
838,12	1423,34
838,30	1409,00
838,48	1492,97
838,66	1445,87
838,85	1478,63
839,03	1488,87
839,21	1386,47
839,39	1458,15
839,58	1392,62
839,76	1464,30
839,94	1433,58
840,12	1411,05
840,31	1533,93
840,49	1431,53
840,67	1525,74
840,85	1333,23
841,03	1443,82
841,22	1478,63
841,40	1546,22
841,58	1429,48
841,76	1443,82
841,94	1396,71
842,13	1456,11
842,31	1439,72
842,49	1460,20
842,67	1404,91
842,85	1445,87
843,04	1388,52
843,22	1384,43
843,40	1421,29
843,58	1478,63
843,76	1437,67
843,95	1519,59
844,13	1470,44
844,31	1378,28
844,49	1390,57
844,67	1437,67
844,86	1423,34
845,04	1366,00
845,22	1409,00
845,40	1421,29
845,58	1447,91
845,76	1419,24
845,95	1445,87
846,13	1363,95
846,31	1464,30
846,49	1433,58
846,67	1404,91
846,85	1439,72
847,04	1464,30
847,22	1376,24
847,40	1417,19
847,58	1499,11
847,76	1495,02
847,94	1488,87
848,12	1466,35
848,31	1427,43
848,49	1394,67
848,67	1449,96
848,85	1490,92
849,03	1499,11
849,21	1533,93
849,39	1308,65
849,58	1499,11
849,76	1495,02
849,94	1406,95
850,12	1368,04
850,30	1445,87
850,48	1488,87
850,66	1429,48
850,84	1366,00
851,03	1431,53
851,21	1460,20
851,39	1509,35
851,57	1511,40
851,75	1419,24
851,93	1443,82
852,11	1517,54
852,29	1462,25
852,47	1495,02
852,66	1540,07
852,84	1386,47
853,02	1417,19
853,20	1499,11
853,38	1452,01
853,56	1468,39
853,74	1443,82
853,92	1425,39
854,10	1445,87
854,28	1404,91
854,46	1443,82
854,65	1376,24
854,83	1421,29
855,01	1413,10
855,19	1386,47
855,37	1482,73
855,55	1501,16
855,73	1501,16
855,91	1503,21
856,09	1513,45
856,27	1499,11
856,45	1515,50
856,63	1437,67
856,81	1439,72
857,00	1578,98
857,18	1449,96
857,36	1486,83
857,54	1398,76
857,72	1484,78
857,90	1419,24
858,08	1445,87
858,26	1507,30
858,44	1406,95
858,62	1501,16
858,80	1345,52
858,98	1497,07
859,16	1449,96
859,34	1419,24
859,52	1505,26
859,70	1447,91
859,88	1445,87
860,06	1419,24
860,24	1447,91
860,42	1400,81
860,60	1513,45
860,78	1427,43
860,96	1374,19
861,14	1458,15
861,32	1501,16
861,50	1417,19
861,69	1470,44
861,87	1433,58
862,05	1441,77
862,23	1505,26
862,41	1531,88
862,59	1452,01
862,77	1415,15
862,95	1402,86
863,13	1447,91
863,31	1378,28
863,49	1439,72
863,67	1535,98
863,85	1355,76
864,03	1509,35
864,21	1470,44
864,39	1449,96
864,57	1470,44
864,75	1351,66
864,92	1572,84
865,10	1507,30
865,28	1425,39
865,46	1413,10
865,64	1376,24
865,82	1472,49
866,00	1466,35
866,18	1503,21
866,36	1374,19
866,54	1495,02
866,72	1415,15
866,90	1441,77
867,08	1480,68
867,26	1396,71
867,44	1341,42
867,62	1486,83
867,80	1398,76
867,98	1505,26
868,16	1492,97
868,34	1402,86
868,52	1449,96
868,70	1357,80
868,88	1415,15
869,06	1411,05
869,24	1501,16
869,42	1398,76
869,59	1376,24
869,77	1472,49
869,95	1425,39
870,13	1488,87
870,31	1347,56
870,49	1396,71
870,67	1492,97
870,85	1433,58
871,03	1470,44
871,21	1523,69
871,39	1482,73
871,57	1409,00
871,75	1382,38
871,92	1421,29
872,10	1425,39
872,28	1359,85
872,46	1417,19
872,64	1538,02
872,82	1402,86
873,00	1398,76
873,18	1402,86
873,36	1388,52
873,54	1388,52
873,72	1447,91
873,89	1456,11
874,07	1511,40
874,25	1505,26
874,43	1484,78
874,61	1480,68
874,79	1519,59
874,97	1427,43
875,15	1429,48
875,33	1411,05
875,50	1462,25
875,68	1447,91
875,86	1458,15
876,04	1454,06
876,22	1437,67
876,40	1402,86
876,58	1368,04
876,76	1394,67
876,93	1517,54
877,11	1409,00
877,29	1476,59
877,47	1443,82
877,65	1492,97
877,83	1413,10
878,01	1435,63
878,18	1382,38
878,36	1376,24
878,54	1419,24
878,72	1470,44
878,90	1525,74
879,08	1468,39
879,25	1433,58
879,43	1370,09
879,61	1409,00
879,79	1521,64
879,97	1439,72
880,15	1480,68
880,32	1361,90
880,50	1488,87
880,68	1460,20
880,86	1413,10
881,04	1396,71
881,22	1415,15
881,39	1417,19
881,57	1499,11
881,75	1492,97
881,93	1449,96
882,11	1417,19
882,28	1445,87
882,46	1480,68
882,64	1386,47
882,82	1415,15
883,00	1406,95
883,18	1480,68
883,35	1366,00
883,53	1452,01
883,71	1396,71
883,89	1503,21
884,07	1402,86
884,24	1425,39
884,42	1460,20
884,60	1466,35
884,78	1472,49
884,95	1396,71
885,13	1460,20
885,31	1478,63
885,49	1398,76
885,67	1447,91
885,84	1406,95
886,02	1439,72
886,20	1488,87
886,38	1384,43
886,55	1488,87
886,73	1482,73
886,91	1417,19
887,09	1372,14
887,26	1431,53
887,44	1433,58
887,62	1439,72
887,80	1392,62
887,98	1413,10
888,15	1417,19
888,33	1437,67
888,51	1427,43
888,69	1439,72
888,86	1470,44
889,04	1486,83
889,22	1406,95
889,39	1517,54
889,57	1415,15
889,75	1443,82
889,93	1353,71
890,10	1509,35
890,28	1431,53
890,46	1462,25
890,64	1437,67
890,81	1409,00
890,99	1411,05
891,17	1370,09
891,34	1492,97
891,52	1413,10
891,70	1419,24
891,88	1363,95
892,05	1472,49
892,23	1413,10
892,41	1392,62
892,58	1468,39
892,76	1492,97
892,94	1406,95
893,12	1486,83
893,29	1464,30
893,47	1331,18
893,65	1495,02
893,82	1484,78
894,00	1470,44
894,18	1423,34
894,35	1441,77
894,53	1456,11
894,71	1437,67
894,89	1318,89
895,06	1300,46
895,24	1468,39
895,42	1433,58
895,59	1433,58
895,77	1421,29
895,95	1470,44
896,12	1480,68
896,30	1429,48
896,48	1337,32
896,65	1472,49
896,83	1406,95
897,01	1470,44
897,18	1376,24
897,36	1513,45
897,54	1447,91
897,71	1413,10
897,89	1519,59
898,07	1337,32
898,24	1456,11
898,42	1380,33
898,59	1486,83
898,77	1439,72
898,95	1329,13
899,12	1433,58
899,30	1400,81
899,48	1486,83
899,65	1460,20
899,83	1415,15
900,01	1374,19
900,18	1435,63
900,36	1478,63
900,53	1370,09
900,71	1501,16
900,89	1390,57
901,06	1458,15
901,24	1517,54
901,42	1433,58
901,59	1372,14
901,77	1482,73
901,94	1452,01
902,12	1335,28
902,30	1361,90
902,47	1380,33
902,65	1361,90
902,82	1431,53
903,00	1425,39
903,18	1425,39
903,35	1409,00
903,53	1357,80
903,70	1468,39
903,88	1458,15
904,06	1378,28
904,23	1482,73
904,41	1480,68
904,58	1396,71
904,76	1439,72
904,93	1509,35
905,11	1427,43
905,29	1421,29
905,46	1376,24
905,64	1439,72
905,81	1458,15
905,99	1325,04
906,16	1462,25
906,34	1378,28
906,52	1417,19
906,69	1486,83
906,87	1460,20
907,04	1427,43
907,22	1470,44
907,39	1501,16
907,57	1484,78
907,75	1472,49
907,92	1437,67
908,10	1507,30
908,27	1374,19
908,45	1437,67
908,62	1406,95
908,80	1382,38
908,97	1462,25
909,15	1347,56
909,32	1392,62
909,50	1419,24
909,67	1345,52
909,85	1456,11
910,03	1353,71
910,20	1394,67
910,38	1419,24
910,55	1429,48
910,73	1458,15
910,90	1378,28
911,08	1505,26
911,25	1435,63
911,43	1546,22
911,60	1505,26
911,78	1417,19
911,95	1421,29
912,13	1345,52
912,30	1470,44
912,48	1267,69
912,65	1374,19
912,83	1466,35
913,00	1363,95
913,18	1449,96
913,35	1435,63
913,53	1419,24
913,70	1441,77
913,88	1468,39
914,05	1368,04
914,23	1402,86
914,40	1454,06
914,58	1431,53
914,75	1439,72
914,93	1400,81
915,10	1415,15
915,27	1423,34
915,45	1437,67
915,62	1519,59
915,80	1409,00
915,97	1406,95
916,15	1396,71
916,32	1427,43
916,50	1511,40
916,67	1357,80
916,85	1476,59
917,02	1437,67
917,20	1548,26
917,37	1441,77
917,54	1501,16
917,72	1435,63
917,89	1454,06
918,07	1460,20
918,24	1406,95
918,42	1445,87
918,59	1464,30
918,77	1464,30
918,94	1564,65
919,11	1470,44
919,29	1419,24
919,46	1433,58
919,64	1439,72
919,81	1411,05
919,99	1357,80
920,16	1470,44
920,33	1470,44
920,51	1519,59
920,68	1478,63
920,86	1400,81
921,03	1521,64
921,20	1449,96
921,38	1415,15
921,55	1533,93
921,73	1495,02
921,90	1427,43
922,07	1411,05
922,25	1394,67
922,42	1400,81
922,60	1439,72
922,77	1478,63
922,94	1384,43
923,12	1411,05
923,29	1521,64
923,47	1390,57
923,64	1398,76
923,81	1425,39
923,99	1437,67
924,16	1482,73
924,34	1503,21
924,51	1523,69
924,68	1437,67
924,86	1476,59
925,03	1353,71
925,20	1501,16
925,38	1460,20
925,55	1456,11
925,72	1380,33
925,90	1417,19
926,07	1439,72
926,25	1445,87
926,42	1435,63
926,59	1454,06
926,77	1480,68
926,94	1519,59
927,11	1349,61
927,29	1417,19
927,46	1376,24
927,63	1495,02
927,81	1470,44
927,98	1445,87
928,15	1443,82
928,33	1523,69
928,50	1486,83
928,67	1519,59
928,85	1415,15
929,02	1458,15
929,19	1460,20
929,37	1441,77
929,54	1404,91
929,71	1529,83
929,89	1449,96
930,06	1470,44
930,23	1470,44
930,41	1507,30
930,58	1384,43
930,75	1431,53
930,92	1464,30
931,10	1433,58
931,27	1460,20
931,44	1429,48
931,62	1357,80
931,79	1423,34
931,96	1404,91
932,14	1488,87
932,31	1431,53
932,48	1464,30
932,65	1447,91
932,83	1470,44
933,00	1480,68
933,17	1484,78
933,35	1452,01
933,52	1433,58
933,69	1519,59
933,86	1552,36
934,04	1425,39
934,21	1394,67
934,38	1468,39
934,55	1390,57
934,73	1454,06
934,90	1476,59
935,07	1499,11
935,25	1492,97
935,42	1435,63
935,59	1378,28
935,76	1406,95
935,94	1472,49
936,11	1392,62
936,28	1447,91
936,45	1353,71
936,63	1460,20
936,80	1345,52
936,97	1509,35
937,14	1468,39
937,31	1482,73
937,49	1503,21
937,66	1359,85
937,83	1468,39
938,00	1431,53
938,18	1548,26
938,35	1482,73
938,52	1597,42
938,69	1435,63
938,87	1544,17
939,04	1429,48
939,21	1464,30
939,38	1480,68
939,55	1400,81
939,73	1472,49
939,90	1472,49
940,07	1390,57
940,24	1478,63
940,41	1435,63
940,59	1380,33
940,76	1431,53
940,93	1361,90
941,10	1404,91
941,27	1402,86
941,45	1501,16
941,62	1411,05
941,79	1423,34
941,96	1468,39
942,13	1462,25
942,31	1429,48
942,48	1458,15
942,65	1523,69
942,82	1376,24
942,99	1460,20
943,16	1396,71
943,34	1492,97
943,51	1509,35
943,68	1441,77
943,85	1445,87
944,02	1533,93
944,19	1351,66
944,37	1368,04
944,54	1472,49
944,71	1419,24
944,88	1488,87
945,05	1454,06
945,22	1554,41
945,40	1497,07
945,57	1349,61
945,74	1400,81
945,91	1384,43
946,08	1386,47
946,25	1464,30
946,42	1376,24
946,60	1409,00
946,77	1478,63
946,94	1478,63
947,11	1458,15
947,28	1437,67
947,45	1384,43
947,62	1413,10
947,79	1419,24
947,97	1441,77
948,14	1525,74
948,31	1519,59
948,48	1390,57
948,65	1466,35
948,82	1314,80
948,99	1458,15
949,16	1456,11
949,33	1472,49
949,51	1396,71
949,68	1458,15
949,85	1495,02
950,02	1372,14
950,19	1388,52
950,36	1409,00
950,53	1495,02
950,70	1384,43
950,87	1443,82
951,04	1419,24
951,22	1495,02
951,39	1339,37
951,56	1429,48
951,73	1400,81
951,90	1427,43
952,07	1513,45
952,24	1386,47
952,41	1468,39
952,58	1400,81
952,75	1527,78
952,92	1480,68
953,09	1402,86
953,26	1388,52
953,43	1452,01
953,61	1390,57
953,78	1513,45
953,95	1464,30
954,12	1505,26
954,29	1501,16
954,46	1425,39
954,63	1519,59
954,80	1472,49
954,97	1402,86
955,14	1495,02
955,31	1392,62
955,48	1402,86
955,65	1415,15
955,82	1439,72
955,99	1466,35
956,16	1409,00
956,33	1345,52
956,50	1480,68
956,67	1359,85
956,84	1437,67
957,01	1443,82
957,18	1437,67
957,35	1421,29
957,52	1368,04
957,69	1507,30
957,86	1441,77
958,03	1437,67
958,20	1482,73
958,37	1517,54
958,54	1460,20
958,71	1392,62
958,88	1568,74
959,05	1392,62
959,22	1452,01
959,39	1433,58
959,56	1454,06
959,73	1490,92
959,90	1437,67
960,07	1390,57
960,24	1505,26
960,41	1501,16
960,58	1513,45
960,75	1454,06
960,92	1423,34
961,09	1368,04
961,26	1509,35
961,43	1441,77
961,60	1400,81
961,77	1376,24
961,94	1361,90
962,11	1468,39
962,28	1521,64
962,45	1411,05
962,62	1427,43
962,79	1443,82
962,96	1501,16
963,13	1531,88
963,30	1501,16
963,47	1454,06
963,64	1400,81
963,81	1503,21
963,98	1380,33
964,14	1460,20
964,31	1511,40
964,48	1423,34
964,65	1499,11
964,82	1392,62
964,99	1449,96
965,16	1433,58
965,33	1372,14
965,50	1466,35
965,67	1476,59
965,84	1429,48
966,01	1353,71
966,18	1402,86
966,35	1337,32
966,51	1521,64
966,68	1464,30
966,85	1439,72
967,02	1464,30
967,19	1476,59
967,36	1406,95
967,53	1374,19
967,70	1466,35
967,87	1484,78
968,04	1521,64
968,21	1447,91
968,37	1449,96
968,54	1437,67
968,71	1374,19
968,88	1380,33
969,05	1390,57
969,22	1415,15
969,39	1499,11
969,56	1433,58
969,72	1413,10
969,89	1531,88
970,06	1431,53
970,23	1357,80
970,40	1517,54
970,57	1402,86
970,74	1439,72
970,91	1431,53
971,07	1478,63
971,24	1380,33
971,41	1427,43
971,58	1462,25
971,75	1452,01
971,92	1439,72
972,09	1351,66
972,25	1382,38
972,42	1472,49
972,59	1466,35
972,76	1497,07
972,93	1423,34
973,10	1398,76
973,27	1409,00
973,43	1361,90
973,60	1468,39
973,77	1429,48
973,94	1486,83
974,11	1437,67
974,28	1441,77
974,44	1388,52
974,61	1454,06
974,78	1413,10
974,95	1376,24
975,12	1343,47
975,28	1411,05
975,45	1396,71
975,62	1445,87
975,79	1392,62
975,96	1388,52
976,12	1343,47
976,29	1423,34
976,46	1406,95
976,63	1431,53
976,80	1443,82
976,96	1439,72
977,13	1464,30
977,30	1406,95
977,47	1347,56
977,64	1386,47
977,80	1419,24
977,97	1353,71
978,14	1404,91
978,31	1452,01
978,48	1388,52
978,64	1394,67
978,81	1423,34
978,98	1382,38
979,15	1372,14
979,31	1509,35
979,48	1372,14
979,65	1361,90
979,82	1443,82
979,98	1417,19
980,15	1511,40
980,32	1501,16
980,49	1378,28
980,66	1406,95
980,82	1470,44
980,99	1400,81
981,16	1333,23
981,33	1423,34
981,49	1318,89
981,66	1462,25
981,83	1464,30
981,99	1423,34
982,16	1376,24
982,33	1431,53
982,50	1359,85
982,66	1411,05
982,83	1327,08
983,00	1382,38
983,17	1329,13
983,33	1472,49
983,50	1538,02
983,67	1433,58
983,83	1443,82
984,00	1427,43
984,17	1488,87
984,34	1445,87
984,50	1337,32
984,67	1349,61
984,84	1406,95
985,00	1353,71
985,17	1415,15
985,34	1392,62
985,51	1427,43
985,67	1468,39
985,84	1431,53
986,01	1384,43
986,17	1433,58
986,34	1427,43
986,51	1492,97
986,67	1361,90
986,84	1386,47
987,01	1333,23
987,17	1357,80
987,34	1417,19
987,51	1435,63
987,67	1370,09
987,84	1366,00
988,01	1490,92
988,17	1388,52
988,34	1325,04
988,51	1394,67
988,67	1476,59
988,84	1425,39
989,01	1327,08
989,17	1421,29
989,34	1355,76
989,51	1443,82
989,67	1390,57
989,84	1431,53
990,01	1392,62
990,17	1488,87
990,34	1382,38
990,51	1370,09
990,67	1400,81
990,84	1374,19
991,01	1343,47
991,17	1458,15
991,34	1359,85
991,50	1384,43
991,67	1445,87
991,84	1318,89
992,00	1396,71
992,17	1462,25
992,34	1402,86
992,50	1398,76
992,67	1449,96
992,83	1372,14
993,00	1374,19
993,17	1421,29
993,33	1460,20
993,50	1511,40
993,66	1374,19
993,83	1421,29
994,00	1382,38
994,16	1423,34
994,33	1462,25
994,49	1456,11
994,66	1503,21
994,83	1456,11
994,99	1425,39
995,16	1419,24
995,32	1464,30
995,49	1443,82
995,66	1427,43
995,82	1380,33
995,99	1427,43
996,15	1327,08
996,32	1390,57
996,48	1275,88
996,65	1400,81
996,82	1427,43
996,98	1419,24
997,15	1468,39
997,31	1417,19
997,48	1513,45
997,64	1406,95
997,81	1376,24
997,97	1421,29
998,14	1404,91
998,31	1445,87
998,47	1359,85
998,64	1419,24
998,80	1431,53
998,97	1406,95
999,13	1435,63
999,30	1449,96
999,46	1411,05
999,63	1415,15
999,79	1333,23
999,96	1490,92
1000,12	1439,72
1000,29	1447,91
1000,45	1433,58
1000,62	1378,28
1000,79	1421,29
1000,95	1349,61
1001,12	1439,72
1001,28	1341,42
1001,45	1419,24
1001,61	1447,91
1001,78	1374,19
1001,94	1472,49
1002,11	1538,02
1002,27	1449,96
1002,44	1370,09
1002,60	1363,95
1002,77	1480,68
1002,93	1449,96
1003,10	1368,04
1003,26	1386,47
1003,43	1550,31
1003,59	1386,47
1003,76	1380,33
1003,92	1456,11
1004,09	1386,47
1004,25	1413,10
1004,41	1429,48
1004,58	1376,24
1004,74	1449,96
1004,91	1443,82
1005,07	1425,39
1005,24	1478,63
1005,40	1454,06
1005,57	1361,90
1005,73	1394,67
1005,90	1402,86
1006,06	1425,39
1006,23	1480,68
1006,39	1478,63
1006,55	1372,14
1006,72	1402,86
1006,88	1480,68
1007,05	1458,15
1007,21	1480,68
1007,38	1439,72
1007,54	1488,87
1007,71	1406,95
1007,87	1439,72
1008,03	1417,19
1008,20	1441,77
1008,36	1437,67
1008,53	1429,48
1008,69	1325,04
1008,86	1386,47
1009,02	1351,66
1009,18	1441,77
1009,35	1380,33
1009,51	1402,86
1009,68	1366,00
1009,84	1435,63
1010,01	1372,14
1010,17	1437,67
1010,33	1445,87
1010,50	1394,67
1010,66	1472,49
1010,83	1394,67
1010,99	1447,91
1011,15	1353,71
1011,32	1435,63
1011,48	1386,47
1011,65	1361,90
1011,81	1423,34
1011,97	1458,15
1012,14	1449,96
1012,30	1521,64
1012,46	1400,81
1012,63	1394,67
1012,79	1468,39
1012,96	1423,34
1013,12	1351,66
1013,28	1468,39
1013,45	1476,59
1013,61	1343,47
1013,77	1413,10
1013,94	1370,09
1014,10	1384,43
1014,26	1355,76
1014,43	1437,67
1014,59	1329,13
1014,76	1378,28
1014,92	1507,30
1015,08	1277,93
1015,25	1441,77
1015,41	1425,39
1015,57	1355,76
1015,74	1380,33
1015,90	1363,95
1016,06	1359,85
1016,23	1386,47
1016,39	1339,37
1016,55	1433,58
1016,72	1472,49
1016,88	1505,26
1017,04	1308,65
1017,21	1417,19
1017,37	1343,47
1017,53	1363,95
1017,70	1433,58
1017,86	1378,28
1018,02	1429,48
1018,19	1390,57
1018,35	1421,29
1018,51	1400,81
1018,67	1331,18
1018,84	1318,89
1019,00	1396,71
1019,16	1492,97
1019,33	1343,47
1019,49	1439,72
1019,65	1466,35
1019,82	1329,13
1019,98	1384,43
1020,14	1376,24
1020,30	1415,15
1020,47	1339,37
1020,63	1415,15
1020,79	1421,29
1020,96	1343,47
1021,12	1390,57
1021,28	1443,82
1021,44	1372,14
1021,61	1406,95
1021,77	1329,13
1021,93	1400,81
1022,09	1433,58
1022,26	1482,73
1022,42	1359,85
1022,58	1368,04
1022,74	1429,48
1022,91	1415,15
1023,07	1456,11
1023,23	1335,28
1023,39	1427,43
1023,56	1339,37
1023,72	1411,05
1023,88	1347,56
1024,04	1470,44
1024,21	1343,47
1024,37	1443,82
1024,53	1521,64
1024,69	1415,15
1024,86	1435,63
1025,02	1380,33
1025,18	1290,22
1025,34	1310,70
1025,50	1468,39
1025,67	1347,56
1025,83	1480,68
1025,99	1435,63
1026,15	1480,68
1026,32	1441,77
1026,48	1454,06
1026,64	1415,15
1026,80	1337,32
1026,96	1454,06
1027,13	1501,16
1027,29	1386,47
1027,45	1374,19
1027,61	1335,28
1027,77	1419,24
1027,94	1445,87
1028,10	1456,11
1028,26	1345,52
1028,42	1380,33
1028,58	1409,00
1028,75	1376,24
1028,91	1452,01
1029,07	1368,04
1029,23	1376,24
1029,39	1421,29
1029,55	1302,51
1029,72	1359,85
1029,88	1435,63
1030,04	1429,48
1030,20	1472,49
1030,36	1384,43
1030,52	1392,62
1030,69	1439,72
1030,85	1419,24
1031,01	1462,25
1031,17	1417,19
1031,33	1431,53
1031,49	1429,48
1031,65	1400,81
1031,82	1400,81
1031,98	1312,75
1032,14	1382,38
1032,30	1431,53
1032,46	1396,71
1032,62	1417,19
1032,78	1388,52
1032,95	1339,37
1033,11	1476,59
1033,27	1368,04
1033,43	1339,37
1033,59	1357,80
1033,75	1427,43
1033,91	1366,00
1034,07	1454,06
1034,24	1419,24
1034,40	1402,86
1034,56	1394,67
1034,72	1400,81
1034,88	1439,72
1035,04	1394,67
1035,20	1349,61
1035,36	1363,95
1035,52	1359,85
1035,68	1366,00
1035,85	1443,82
1036,01	1396,71
1036,17	1466,35
1036,33	1325,04
1036,49	1366,00
1036,65	1400,81
1036,81	1398,76
1036,97	1429,48
1037,13	1368,04
1037,29	1327,08
1037,45	1366,00
1037,61	1333,23
1037,78	1394,67
1037,94	1374,19
1038,10	1439,72
1038,26	1308,65
1038,42	1390,57
1038,58	1415,15
1038,74	1474,54
1038,90	1392,62
1039,06	1396,71
1039,22	1388,52
1039,38	1447,91
1039,54	1409,00
1039,70	1380,33
1039,86	1372,14
1040,02	1398,76
1040,18	1443,82
1040,34	1423,34
1040,50	1445,87
1040,66	1421,29
1040,83	1398,76
1040,99	1361,90
1041,15	1515,50
1041,31	1376,24
1041,47	1447,91
1041,63	1413,10
1041,79	1384,43
1041,95	1368,04
1042,11	1368,04
1042,27	1484,78
1042,43	1470,44
1042,59	1384,43
1042,75	1415,15
1042,91	1400,81
