344,25	1257,45
344,46	1257,45
344,68	1257,45
344,90	1318,89
345,12	1198,06
345,34	1363,95
345,55	1345,52
345,77	1351,66
345,99	1411,05
346,21	1421,29
346,42	1417,19
346,64	1380,33
346,86	1357,80
347,08	1443,82
347,30	1351,66
347,51	1312,75
347,73	1325,04
347,95	1466,35
348,17	1429,48
348,38	1480,68
348,60	1333,23
348,82	1464,30
349,04	1376,24
349,25	1402,86
349,47	1443,82
349,69	1452,01
349,91	1511,40
350,13	1374,19
350,34	1470,44
350,56	1333,23
350,78	1341,42
351,00	1458,15
351,21	1421,29
351,43	1429,48
351,65	1429,48
351,87	1390,57
352,08	1466,35
352,30	1421,29
352,52	1398,76
352,74	1443,82
352,95	1466,35
353,17	1427,43
353,39	1353,71
353,61	1384,43
353,82	1517,54
354,04	1372,14
354,26	1468,39
354,47	1454,06
354,69	1417,19
354,91	1392,62
355,13	1433,58
355,34	1470,44
355,56	1300,46
355,78	1458,15
356,00	1308,65
356,21	1368,04
356,43	1492,97
356,65	1441,77
356,86	1374,19
357,08	1560,55
357,30	1566,70
357,52	1509,35
357,73	1470,44
357,95	1454,06
358,17	1480,68
358,38	1499,11
358,60	1527,78
358,82	1515,50
359,04	1517,54
359,25	1589,22
359,47	1603,56
359,69	1609,70
359,90	1458,15
360,12	1568,74
360,34	1681,38
360,56	1634,28
360,77	1665,00
360,99	1853,41
361,21	1660,90
361,42	1935,33
361,64	1832,93
361,86	1900,52
362,07	1920,99
362,29	1984,48
362,51	2004,96
362,73	2281,44
362,94	2340,83
363,16	2478,04
363,38	2359,26
363,59	2887,64
363,81	2809,81
364,03	3076,05
364,24	3219,41
364,46	3342,28
364,68	3454,92
364,89	3825,61
365,11	3739,59
365,33	3905,48
365,54	3887,04
365,76	4278,21
365,98	4401,08
366,19	4542,39
366,41	4548,54
366,63	4620,22
366,84	4583,35
367,06	4798,39
367,28	4687,80
367,49	5046,20
367,71	4847,54
367,93	4730,81
368,14	4988,85
368,36	4941,75
368,58	4790,20
368,79	4798,39
369,01	4720,57
369,23	4868,02
369,44	4483,00
369,66	4485,05
369,88	4378,56
370,09	4341,69
370,31	3993,54
370,53	4184,00
370,74	3975,11
370,96	3848,13
371,18	3553,23
371,39	3626,95
371,61	3330,00
371,82	3393,48
372,04	3082,19
372,26	3012,56
372,47	2586,58
372,69	2469,85
372,91	2400,22
373,12	2344,92
373,34	2310,11
373,56	2351,07
373,77	2355,16
373,99	2564,06
374,20	2250,72
374,42	2549,72
374,64	2291,68
374,85	2265,05
375,07	2095,07
375,29	2099,17
375,50	1904,61
375,72	1902,56
375,93	1847,27
376,15	1839,08
376,37	1791,97
376,58	1777,64
376,80	1665,00
377,01	1519,59
377,23	1632,23
377,45	1615,85
377,66	1667,05
377,88	1589,22
378,10	1624,04
378,31	1542,12
378,53	1683,43
378,74	1564,65
378,96	1572,84
379,18	1556,46
379,39	1558,50
379,61	1490,92
379,82	1578,98
380,04	1589,22
380,26	1497,07
380,47	1509,35
380,69	1546,22
380,90	1556,46
381,12	1452,01
381,33	1509,35
381,55	1486,83
381,77	1542,12
381,98	1476,59
382,20	1431,53
382,41	1388,52
382,63	1470,44
382,85	1413,10
383,06	1535,98
383,28	1523,69
383,49	1466,35
383,71	1517,54
383,92	1499,11
384,14	1419,24
384,36	1357,80
384,57	1470,44
384,79	1449,96
385,00	1490,92
385,22	1482,73
385,43	1464,30
385,65	1447,91
385,87	1466,35
386,08	1384,43
386,30	1462,25
386,51	1413,10
386,73	1472,49
386,94	1460,20
387,16	1484,78
387,37	1509,35
387,59	1394,67
387,81	1400,81
388,02	1595,37
388,24	1400,81
388,45	1507,30
388,67	1499,11
388,88	1570,79
389,10	1435,63
389,31	1435,63
389,53	1419,24
389,75	1511,40
389,96	1417,19
390,18	1470,44
390,39	1431,53
390,61	1464,30
390,82	1386,47
391,04	1445,87
391,25	1443,82
391,47	1476,59
391,68	1404,91
391,90	1501,16
392,11	1472,49
392,33	1458,15
392,54	1404,91
392,76	1546,22
392,97	1468,39
393,19	1558,50
393,41	1519,59
393,62	1480,68
393,84	1509,35
394,05	1507,30
394,27	1468,39
394,48	1398,76
394,70	1601,51
394,91	1531,88
395,13	1521,64
395,34	1478,63
395,56	1542,12
395,77	1552,36
395,99	1529,83
396,20	1484,78
396,42	1470,44
396,63	1513,45
396,85	1519,59
397,06	1544,17
397,28	1464,30
397,49	1540,07
397,71	1540,07
397,92	1599,46
398,14	1572,84
398,35	1648,61
398,57	1583,08
398,78	1615,85
399,00	1593,32
399,21	1611,75
399,43	1538,02
399,64	1605,61
399,86	1613,80
400,07	1654,76
400,29	1681,38
400,50	1662,95
400,72	1734,63
400,93	1603,56
401,14	1566,70
401,36	1646,57
401,57	1683,43
401,79	1824,74
402,00	1722,34
402,22	1705,96
402,43	1748,97
402,65	1753,06
402,86	1716,20
403,08	1761,25
403,29	1761,25
403,51	1730,53
403,72	1857,51
403,94	1726,44
404,15	1847,27
404,36	1714,15
404,58	1865,70
404,79	1677,29
405,01	1708,01
405,22	1718,25
405,44	1630,18
405,65	1765,35
405,87	1673,19
406,08	1705,96
406,30	1634,28
406,51	1677,29
406,72	1675,24
406,94	1538,02
407,15	1656,81
407,37	1656,81
407,58	1632,23
407,80	1632,23
408,01	1613,80
408,23	1603,56
408,44	1630,18
408,65	1558,50
408,87	1611,75
409,08	1552,36
409,30	1589,22
409,51	1527,78
409,73	1697,77
409,94	1628,14
410,15	1699,81
410,37	1605,61
410,58	1626,09
410,80	1644,52
411,01	1546,22
411,23	1581,03
411,44	1497,07
411,65	1648,61
411,87	1605,61
412,08	1527,78
412,30	1587,18
412,51	1527,78
412,72	1660,90
412,94	1581,03
413,15	1429,48
413,37	1617,90
413,58	1464,30
413,79	1421,29
414,01	1546,22
414,22	1529,83
414,44	1560,55
414,65	1497,07
414,86	1433,58
415,08	1486,83
415,29	1478,63
415,51	1460,20
415,72	1464,30
415,93	1454,06
416,15	1501,16
416,36	1628,14
416,58	1538,02
416,79	1394,67
417,00	1511,40
417,22	1497,07
417,43	1503,21
417,65	1443,82
417,86	1570,79
418,07	1439,72
418,29	1456,11
418,50	1480,68
418,71	1406,95
418,93	1519,59
419,14	1421,29
419,36	1501,16
419,57	1443,82
419,78	1497,07
420,00	1378,28
420,21	1429,48
420,42	1515,50
420,64	1484,78
420,85	1482,73
421,06	1464,30
421,28	1462,25
421,49	1406,95
421,71	1583,08
421,92	1441,77
422,13	1443,82
422,35	1552,36
422,56	1443,82
422,77	1429,48
422,99	1484,78
423,20	1394,67
423,41	1468,39
423,63	1425,39
423,84	1398,76
424,05	1509,35
424,27	1449,96
424,48	1415,15
424,69	1452,01
424,91	1800,16
425,12	1433,58
425,33	1419,24
425,55	1515,50
425,76	1353,71
425,97	1472,49
426,19	1415,15
426,40	1460,20
426,61	1429,48
426,83	1486,83
427,04	1540,07
427,25	1476,59
427,47	1439,72
427,68	1431,53
427,89	1429,48
428,11	1425,39
428,32	1507,30
428,53	1458,15
428,75	1431,53
428,96	1443,82
429,17	1376,24
429,39	1452,01
429,60	1486,83
429,81	1488,87
430,03	1425,39
430,24	1437,67
430,45	1476,59
430,67	1425,39
430,88	1505,26
431,09	1402,86
431,30	1423,34
431,52	1386,47
431,73	1515,50
431,94	1409,00
432,16	1472,49
432,37	1466,35
432,58	1380,33
432,80	1482,73
433,01	1445,87
433,22	1445,87
433,43	1531,88
433,65	1447,91
433,86	1355,76
434,07	1419,24
434,29	1404,91
434,50	1378,28
434,71	1458,15
434,92	1499,11
435,14	1400,81
435,35	1478,63
435,56	1458,15
435,77	1533,93
435,99	1472,49
436,20	1470,44
436,41	1456,11
436,63	1366,00
436,84	1353,71
437,05	1327,08
437,26	1454,06
437,48	1476,59
437,69	1454,06
437,90	1419,24
438,11	1392,62
438,33	1374,19
438,54	1443,82
438,75	1478,63
438,96	1480,68
439,18	1284,08
439,39	1419,24
439,60	1413,10
439,82	1427,43
440,03	1452,01
440,24	1542,12
440,45	1396,71
440,67	1435,63
440,88	1445,87
441,09	1443,82
441,30	1351,66
441,51	1546,22
441,73	1388,52
441,94	1394,67
442,15	1449,96
442,36	1462,25
442,58	1341,42
442,79	1417,19
443,00	1486,83
443,21	1505,26
443,43	1554,41
443,64	1456,11
443,85	1501,16
444,06	1394,67
444,28	1503,21
444,49	1396,71
444,70	1441,77
444,91	1490,92
445,12	1548,26
445,34	1425,39
445,55	1445,87
445,76	1445,87
445,97	1466,35
446,18	1462,25
446,40	1503,21
446,61	1488,87
446,82	1394,67
447,03	1478,63
447,25	1374,19
447,46	1441,77
447,67	1456,11
447,88	1386,47
448,09	1468,39
448,31	1503,21
448,52	1449,96
448,73	1515,50
448,94	1458,15
449,15	1456,11
449,37	1368,04
449,58	1447,91
449,79	1398,76
450,00	1443,82
450,21	1388,52
450,43	1427,43
450,64	1406,95
450,85	1464,30
451,06	1492,97
451,27	1454,06
451,48	1370,09
451,70	1431,53
451,91	1466,35
452,12	1445,87
452,33	1507,30
452,54	1380,33
452,76	1488,87
452,97	1466,35
453,18	1333,23
453,39	1441,77
453,60	1437,67
453,81	1415,15
454,03	1423,34
454,24	1449,96
454,45	1378,28
454,66	1464,30
454,87	1355,76
455,08	1454,06
455,30	1421,29
455,51	1523,69
455,72	1474,54
455,93	1466,35
456,14	1472,49
456,35	1421,29
456,56	1470,44
456,78	1552,36
456,99	1470,44
457,20	1400,81
457,41	1443,82
457,62	1456,11
457,83	1400,81
458,04	1421,29
458,26	1406,95
458,47	1404,91
458,68	1380,33
458,89	1464,30
459,10	1374,19
459,31	1425,39
459,52	1630,18
459,74	1492,97
459,95	1396,71
460,16	1458,15
460,37	1447,91
460,58	1488,87
460,79	1478,63
461,00	1462,25
461,21	1409,00
461,43	1484,78
461,64	1404,91
461,85	1392,62
462,06	1361,90
462,27	1464,30
462,48	1462,25
462,69	1474,54
462,90	1363,95
463,12	1562,60
463,33	1445,87
463,54	1347,56
463,75	1425,39
463,96	1472,49
464,17	1476,59
464,38	1505,26
464,59	1460,20
464,80	1406,95
465,01	1382,38
465,23	1492,97
465,44	1456,11
465,65	1392,62
465,86	1476,59
466,07	1409,00
466,28	1380,33
466,49	1509,35
466,70	1484,78
466,91	1548,26
467,12	1468,39
467,33	1509,35
467,55	1523,69
467,76	1394,67
467,97	1437,67
468,18	1454,06
468,39	1445,87
468,60	1499,11
468,81	1343,47
469,02	1417,19
469,23	1374,19
469,44	1447,91
469,65	1361,90
469,86	1411,05
470,07	1456,11
470,29	1546,22
470,50	1427,43
470,71	1394,67
470,92	1458,15
471,13	1499,11
471,34	1443,82
471,55	1445,87
471,76	1449,96
471,97	1460,20
472,18	1353,71
472,39	1425,39
472,60	1464,30
472,81	1441,77
473,02	1460,20
473,23	1454,06
473,44	1452,01
473,65	1495,02
473,87	1433,58
474,08	1472,49
474,29	1392,62
474,50	1460,20
474,71	1441,77
474,92	1503,21
475,13	1402,86
475,34	1423,34
475,55	1406,95
475,76	1486,83
475,97	1556,46
476,18	1458,15
476,39	1486,83
476,60	1529,83
476,81	1478,63
477,02	1433,58
477,23	1503,21
477,44	1460,20
477,65	1411,05
477,86	1544,17
478,07	1517,54
478,28	1474,54
478,49	1435,63
478,70	1452,01
478,91	1415,15
479,12	1441,77
479,33	1439,72
479,54	1433,58
479,75	1511,40
479,96	1413,10
480,17	1380,33
480,38	1411,05
480,59	1378,28
480,80	1423,34
481,01	1495,02
481,22	1425,39
481,43	1490,92
481,64	1480,68
481,85	1382,38
482,06	1435,63
482,27	1497,07
482,48	1521,64
482,69	1449,96
482,90	1447,91
483,11	1570,79
483,32	1462,25
483,53	1421,29
483,74	1456,11
483,95	1458,15
484,16	1423,34
484,37	1406,95
484,58	1513,45
484,79	1470,44
485,00	1480,68
485,21	1431,53
485,42	1478,63
485,63	1531,88
485,84	1333,23
486,05	1370,09
486,26	1456,11
486,47	1538,02
486,68	1429,48
486,89	1445,87
487,10	1472,49
487,31	1425,39
487,52	1464,30
487,73	1454,06
487,94	1390,57
488,15	1374,19
488,36	1499,11
488,57	1437,67
488,77	1411,05
488,98	1398,76
489,19	1374,19
489,40	1482,73
489,61	1466,35
489,82	1445,87
490,03	1435,63
490,24	1462,25
490,45	1417,19
490,66	1449,96
490,87	1476,59
491,08	1476,59
491,29	1480,68
491,50	1470,44
491,71	1466,35
491,92	1476,59
492,13	1501,16
492,33	1406,95
492,54	1501,16
492,75	1445,87
492,96	1411,05
493,17	1511,40
493,38	1466,35
493,59	1411,05
493,80	1521,64
494,01	1435,63
494,22	1492,97
494,43	1325,04
494,64	1443,82
494,85	1497,07
495,05	1490,92
495,26	1394,67
495,47	1564,65
495,68	1341,42
495,89	1427,43
496,10	1368,04
496,31	1431,53
496,52	1517,54
496,73	1503,21
496,94	1353,71
497,15	1482,73
497,35	1468,39
497,56	1484,78
497,77	1454,06
497,98	1456,11
498,19	1431,53
498,40	1478,63
498,61	1509,35
498,82	1390,57
499,03	1359,85
499,23	1476,59
499,44	1484,78
499,65	1417,19
499,86	1449,96
500,07	1466,35
500,28	1519,59
500,49	1476,59
500,70	1468,39
500,91	1384,43
501,11	1456,11
501,32	1490,92
501,53	1437,67
501,74	1447,91
501,95	1452,01
502,16	1497,07
502,37	1353,71
502,57	1439,72
502,78	1474,54
502,99	1411,05
503,20	1437,67
503,41	1484,78
503,62	1449,96
503,83	1423,34
504,03	1474,54
504,24	1480,68
504,45	1394,67
504,66	1431,53
504,87	1533,93
505,08	1462,25
505,29	1384,43
505,49	1388,52
505,70	1495,02
505,91	1484,78
506,12	1425,39
506,33	1505,26
506,54	1341,42
506,75	1511,40
506,95	1495,02
507,16	1564,65
507,37	1366,00
507,58	1456,11
507,79	1515,50
508,00	1357,80
508,20	1429,48
508,41	1411,05
508,62	1370,09
508,83	1406,95
509,04	1333,23
509,24	1484,78
509,45	1796,07
509,66	1476,59
509,87	1507,30
510,08	1439,72
510,29	1546,22
510,49	1486,83
510,70	1419,24
510,91	1454,06
511,12	1513,45
511,33	1339,37
511,53	1406,95
511,74	1445,87
511,95	1335,28
512,16	1525,74
512,37	1550,31
512,57	1454,06
512,78	1456,11
512,99	1488,87
513,20	1544,17
513,41	1574,89
513,61	1341,42
513,82	1460,20
514,03	1474,54
514,24	1517,54
514,45	1615,85
514,65	1400,81
514,86	1384,43
515,07	1433,58
515,28	1476,59
515,49	1429,48
515,69	1460,20
515,90	1484,78
516,11	1351,66
516,32	1398,76
516,52	1466,35
516,73	1447,91
516,94	1560,55
517,15	1406,95
517,36	1505,26
517,56	1427,43
517,77	1404,91
517,98	1521,64
518,19	1486,83
518,39	1564,65
518,60	1433,58
518,81	1509,35
519,02	1386,47
519,22	1472,49
519,43	1374,19
519,64	1460,20
519,85	1406,95
520,05	1464,30
520,26	1386,47
520,47	1605,61
520,68	1447,91
520,88	1406,95
521,09	1454,06
521,30	1482,73
521,51	1431,53
521,71	1462,25
521,92	1492,97
522,13	1380,33
522,34	1427,43
522,54	1409,00
522,75	1413,10
522,96	1423,34
523,17	1499,11
523,37	1531,88
523,58	1429,48
523,79	1515,50
523,99	1486,83
524,20	1548,26
524,41	1474,54
524,62	1533,93
524,82	1443,82
525,03	1490,92
525,24	1468,39
525,45	1474,54
525,65	1386,47
525,86	1527,78
526,07	1470,44
526,27	1464,30
526,48	1425,39
526,69	1515,50
526,90	1331,18
527,10	1357,80
527,31	1505,26
527,52	1468,39
527,72	1454,06
527,93	1443,82
528,14	1380,33
528,34	1466,35
528,55	1302,51
528,76	1470,44
528,97	1406,95
529,17	1355,76
529,38	1411,05
529,59	1482,73
529,79	1499,11
530,00	1439,72
530,21	1466,35
530,41	1439,72
530,62	1486,83
530,83	1497,07
531,03	1531,88
531,24	1456,11
531,45	1474,54
531,65	1423,34
531,86	1542,12
532,07	1470,44
532,27	1400,81
532,48	1452,01
532,69	1427,43
532,89	1472,49
533,10	1507,30
533,31	1435,63
533,51	1441,77
533,72	1501,16
533,93	1466,35
534,13	1484,78
534,34	1488,87
534,55	1435,63
534,75	1394,67
534,96	1482,73
535,17	1404,91
535,37	1490,92
535,58	1439,72
535,79	1456,11
535,99	1456,11
536,20	1427,43
536,41	1423,34
536,61	1492,97
536,82	1415,15
537,03	1476,59
537,23	1466,35
537,44	1482,73
537,64	1394,67
537,85	1419,24
538,06	1429,48
538,26	1478,63
538,47	1564,65
538,68	1437,67
538,88	1406,95
539,09	1464,30
539,30	1447,91
539,50	1615,85
539,71	1472,49
539,91	1452,01
540,12	1402,86
540,33	1439,72
540,53	1454,06
540,74	1419,24
540,94	1423,34
541,15	1419,24
541,36	1456,11
541,56	1464,30
541,77	1476,59
541,98	1449,96
542,18	1490,92
542,39	1404,91
542,59	1388,52
542,80	1488,87
543,01	1378,28
543,21	1443,82
543,42	1468,39
543,62	1472,49
543,83	1396,71
544,04	1423,34
544,24	1402,86
544,45	1462,25
544,65	1527,78
544,86	1466,35
545,06	1468,39
545,27	1490,92
545,48	1411,05
545,68	1433,58
545,89	1429,48
546,09	1441,77
546,30	1409,00
546,51	1464,30
546,71	1480,68
546,92	1486,83
547,12	1384,43
547,33	1394,67
547,53	1380,33
547,74	1449,96
547,95	1517,54
548,15	1425,39
548,36	1492,97
548,56	1492,97
548,77	1449,96
548,97	1486,83
549,18	1464,30
549,39	1484,78
549,59	1409,00
549,80	1554,41
550,00	1431,53
550,21	1499,11
550,41	1447,91
550,62	1478,63
550,82	1433,58
551,03	1429,48
551,23	1435,63
551,44	1468,39
551,65	1497,07
551,85	1464,30
552,06	1437,67
552,26	1439,72
552,47	1339,37
552,67	1474,54
552,88	1390,57
553,08	1538,02
553,29	1443,82
553,49	1441,77
553,70	1439,72
553,90	1554,41
554,11	1388,52
554,32	1525,74
554,52	1474,54
554,73	1425,39
554,93	1429,48
555,14	1431,53
555,34	1454,06
555,55	1556,46
555,75	1470,44
555,96	1447,91
556,16	1433,58
556,37	1460,20
556,57	1370,09
556,78	1454,06
556,98	1531,88
557,19	1456,11
557,39	1445,87
557,60	1495,02
557,80	1361,90
558,01	1466,35
558,21	1386,47
558,42	1384,43
558,62	1470,44
558,83	1533,93
559,03	1425,39
559,24	1406,95
559,44	1462,25
559,65	1531,88
559,85	1474,54
560,06	1482,73
560,26	1419,24
560,47	1374,19
560,67	1464,30
560,88	1488,87
561,08	1490,92
561,29	1527,78
561,49	1413,10
561,70	1449,96
561,90	1486,83
562,10	1464,30
562,31	1368,04
562,51	1478,63
562,72	1472,49
562,92	1466,35
563,13	1636,33
563,33	1386,47
563,54	1480,68
563,74	1587,18
563,95	1361,90
564,15	1492,97
564,36	1505,26
564,56	1353,71
564,76	1462,25
564,97	1384,43
565,17	1421,29
565,38	1488,87
565,58	1419,24
565,79	1425,39
565,99	1533,93
566,20	1404,91
566,40	1441,77
566,60	1492,97
566,81	1437,67
567,01	1546,22
567,22	1386,47
567,42	1533,93
567,63	1525,74
567,83	1366,00
568,04	1525,74
568,24	1501,16
568,44	1488,87
568,65	1456,11
568,85	1484,78
569,06	1456,11
569,26	1433,58
569,47	1419,24
569,67	1384,43
569,87	1468,39
570,08	1437,67
570,28	1411,05
570,49	1413,10
570,69	1564,65
570,89	1597,42
571,10	1542,12
571,30	1505,26
571,51	1488,87
571,71	1544,17
571,91	1474,54
572,12	1495,02
572,32	1466,35
572,53	1490,92
572,73	1519,59
572,93	1517,54
573,14	1478,63
573,34	1531,88
573,55	1374,19
573,75	1495,02
573,95	1417,19
574,16	1509,35
574,36	1497,07
574,57	1468,39
574,77	1443,82
574,97	1458,15
575,18	1396,71
575,38	1478,63
575,59	1525,74
575,79	1445,87
575,99	1486,83
576,20	1486,83
576,40	1456,11
576,60	1505,26
576,81	1429,48
577,01	1546,22
577,22	1552,36
577,42	1417,19
577,62	1404,91
577,83	1458,15
578,03	1511,40
578,23	1472,49
578,44	1435,63
578,64	1535,98
578,84	1449,96
579,05	1486,83
579,25	1478,63
579,45	1413,10
579,66	1515,50
579,86	1353,71
580,07	1558,50
580,27	1472,49
580,47	1439,72
580,68	1445,87
580,88	1478,63
581,08	1464,30
581,29	1445,87
581,49	1417,19
581,69	1505,26
581,90	1441,77
582,10	1415,15
582,30	1421,29
582,51	1366,00
582,71	1464,30
582,91	1435,63
583,12	1413,10
583,32	1464,30
583,52	1427,43
583,73	1376,24
583,93	1433,58
584,13	1554,41
584,34	1533,93
584,54	1443,82
584,74	1480,68
584,94	1431,53
585,15	1468,39
585,35	1462,25
585,55	1464,30
585,76	1466,35
585,96	1476,59
586,16	1509,35
586,37	1413,10
586,57	1466,35
586,77	1388,52
586,98	1482,73
587,18	1509,35
587,38	1507,30
587,58	1445,87
587,79	1501,16
587,99	1396,71
588,19	1472,49
588,40	1495,02
588,60	1495,02
588,80	1419,24
589,00	1443,82
589,21	1488,87
589,41	1452,01
589,61	1413,10
589,82	1437,67
590,02	1409,00
590,22	1488,87
590,42	1517,54
590,63	1511,40
590,83	1415,15
591,03	1445,87
591,23	1554,41
591,44	1425,39
591,64	1435,63
591,84	1378,28
592,05	1531,88
592,25	1511,40
592,45	1501,16
592,65	1507,30
592,86	1429,48
593,06	1472,49
593,26	1466,35
593,46	1454,06
593,67	1388,52
593,87	1540,07
594,07	1402,86
594,27	1531,88
594,48	1499,11
594,68	1505,26
594,88	1425,39
595,08	1456,11
595,29	1523,69
595,49	1425,39
595,69	1452,01
595,89	1423,34
596,10	1445,87
596,30	1527,78
596,50	1550,31
596,70	1484,78
596,90	1546,22
597,11	1394,67
597,31	1402,86
597,51	1513,45
597,71	1460,20
597,92	1464,30
598,12	1374,19
598,32	1533,93
598,52	1419,24
598,72	1499,11
598,93	1396,71
599,13	1574,89
599,33	1439,72
599,53	1554,41
599,74	1417,19
599,94	1501,16
600,14	1478,63
600,34	1460,20
600,54	1531,88
600,75	1439,72
600,95	1447,91
601,15	1435,63
601,35	1398,76
601,55	1452,01
601,76	1392,62
601,96	1548,26
602,16	1497,07
602,36	1484,78
602,56	1406,95
602,76	1499,11
602,97	1527,78
603,17	1507,30
603,37	1558,50
603,57	1449,96
603,77	1447,91
603,98	1507,30
604,18	1486,83
604,38	1468,39
604,58	1507,30
604,78	1497,07
604,98	1431,53
605,19	1552,36
605,39	1466,35
605,59	1433,58
605,79	1431,53
605,99	1490,92
606,19	1447,91
606,40	1484,78
606,60	1433,58
606,80	1396,71
607,00	1341,42
607,20	1411,05
607,40	1568,74
607,61	1445,87
607,81	1456,11
608,01	1468,39
608,21	1529,83
608,41	1427,43
608,61	1460,20
608,81	1445,87
609,02	1394,67
609,22	1488,87
609,42	1454,06
609,62	1464,30
609,82	1466,35
610,02	1454,06
610,22	1501,16
610,43	1423,34
610,63	1480,68
610,83	1552,36
611,03	1527,78
611,23	1572,84
611,43	1452,01
611,63	1435,63
611,83	1392,62
612,04	1492,97
612,24	1519,59
612,44	1515,50
612,64	1454,06
612,84	1402,86
613,04	1386,47
613,24	1538,02
613,44	1456,11
613,64	1511,40
613,85	1480,68
614,05	1529,83
614,25	1402,86
614,45	1472,49
614,65	1419,24
614,85	1380,33
615,05	1425,39
615,25	1521,64
615,45	1476,59
615,65	1472,49
615,86	1513,45
616,06	1437,67
616,26	1499,11
616,46	1437,67
616,66	1429,48
616,86	1529,83
617,06	1497,07
617,26	1509,35
617,46	1437,67
617,66	1501,16
617,86	1439,72
618,07	1406,95
618,27	1521,64
618,47	1443,82
618,67	1613,80
618,87	1404,91
619,07	1544,17
619,27	1495,02
619,47	1423,34
619,67	1605,61
619,87	1431,53
620,07	1540,07
620,27	1525,74
620,47	1468,39
620,67	1472,49
620,87	1447,91
621,07	1615,85
621,28	1464,30
621,48	1472,49
621,68	1507,30
621,88	1492,97
622,08	1462,25
622,28	1546,22
622,48	1562,60
622,68	1427,43
622,88	1503,21
623,08	1478,63
623,28	1484,78
623,48	1499,11
623,68	1361,90
623,88	1402,86
624,08	1552,36
624,28	1421,29
624,48	1466,35
624,68	1499,11
624,88	1464,30
625,08	1474,54
625,28	1513,45
625,48	1492,97
625,68	1497,07
625,88	1505,26
626,08	1521,64
626,28	1486,83
626,48	1482,73
626,68	1368,04
626,88	1507,30
627,08	1595,37
627,28	1570,79
627,48	1525,74
627,68	1464,30
627,88	1490,92
628,08	1495,02
628,28	1419,24
628,49	1470,44
628,68	1433,58
628,88	1447,91
629,08	1495,02
629,28	1558,50
629,48	1363,95
629,68	1490,92
629,88	1533,93
630,08	1490,92
630,28	1546,22
630,48	1429,48
630,68	1378,28
630,88	1497,07
631,08	1423,34
631,28	1466,35
631,48	1427,43
631,68	1482,73
631,88	1552,36
632,08	1415,15
632,28	1527,78
632,48	1515,50
632,68	1370,09
632,88	1441,77
633,08	1478,63
633,28	1460,20
633,48	1558,50
633,68	1417,19
633,88	1503,21
634,08	1595,37
634,28	1449,96
634,48	1552,36
634,68	1511,40
634,88	1464,30
635,08	1400,81
635,28	1621,99
635,48	1492,97
635,68	1437,67
635,87	1476,59
636,07	1621,99
636,27	1384,43
636,47	1527,78
636,67	1523,69
636,87	1454,06
637,07	1484,78
637,27	1488,87
637,47	1511,40
637,67	1550,31
637,87	1449,96
638,07	1415,15
638,27	1423,34
638,47	1519,59
638,67	1404,91
638,86	1497,07
639,06	1398,76
639,26	1490,92
639,46	1505,26
639,66	1517,54
639,86	1548,26
640,06	1535,98
640,26	1509,35
640,46	1470,44
640,66	1437,67
640,86	1505,26
641,06	1374,19
641,25	1476,59
641,45	1421,29
641,65	1474,54
641,85	1409,00
642,05	1456,11
642,25	1443,82
642,45	1527,78
642,65	1476,59
642,85	1361,90
643,05	1449,96
643,24	1507,30
643,44	1452,01
643,64	1558,50
643,84	1425,39
644,04	1419,24
644,24	1515,50
644,44	1476,59
644,64	1501,16
644,84	1443,82
645,03	1409,00
645,23	1490,92
645,43	1470,44
645,63	1550,31
645,83	1486,83
646,03	1488,87
646,23	1472,49
646,42	1621,99
646,62	1429,48
646,82	1560,55
647,02	1517,54
647,22	1466,35
647,42	1423,34
647,62	1482,73
647,82	1480,68
648,01	1597,42
648,21	1349,61
648,41	1421,29
648,61	1556,46
648,81	1531,88
649,01	1576,94
649,20	1470,44
649,40	1507,30
649,60	1564,65
649,80	1495,02
650,00	1452,01
650,20	1492,97
650,40	1452,01
650,59	1484,78
650,79	1470,44
650,99	1458,15
651,19	1521,64
651,39	1435,63
651,58	1529,83
651,78	1503,21
651,98	1480,68
652,18	1495,02
652,38	1542,12
652,58	1429,48
652,77	1501,16
652,97	1583,08
653,17	1529,83
653,37	1488,87
653,57	1503,21
653,77	1435,63
653,96	1486,83
654,16	1357,80
654,36	1583,08
654,56	1488,87
654,76	1542,12
654,95	1482,73
655,15	1488,87
655,35	1462,25
655,55	1517,54
655,75	1497,07
655,94	1447,91
656,14	1462,25
656,34	1480,68
656,54	1503,21
656,73	1540,07
656,93	1488,87
657,13	1585,13
657,33	1421,29
657,53	1431,53
657,72	1544,17
657,92	1484,78
658,12	1460,20
658,32	1499,11
658,52	1472,49
658,71	1443,82
658,91	1468,39
659,11	1521,64
659,31	1411,05
659,50	1423,34
659,70	1486,83
659,90	1572,84
660,10	1542,12
660,29	1542,12
660,49	1505,26
660,69	1497,07
660,89	1546,22
661,08	1509,35
661,28	1423,34
661,48	1394,67
661,68	1531,88
661,87	1472,49
662,07	1488,87
662,27	1488,87
662,47	1495,02
662,66	1591,27
662,86	1441,77
663,06	1533,93
663,26	1513,45
663,45	1517,54
663,65	1437,67
663,85	1497,07
664,05	1574,89
664,24	1511,40
664,44	1501,16
664,64	1521,64
664,84	1488,87
665,03	1556,46
665,23	1482,73
665,43	1437,67
665,62	1484,78
665,82	1515,50
666,02	1409,00
666,22	1394,67
666,41	1472,49
666,61	1523,69
666,81	1544,17
667,00	1525,74
667,20	1519,59
667,40	1552,36
667,60	1419,24
667,79	1519,59
667,99	1507,30
668,19	1439,72
668,38	1415,15
668,58	1511,40
668,78	1490,92
668,97	1509,35
669,17	1503,21
669,37	1447,91
669,57	1427,43
669,76	1638,38
669,96	1439,72
670,16	1478,63
670,35	1511,40
670,55	1501,16
670,75	1454,06
670,94	1531,88
671,14	1486,83
671,34	1583,08
671,53	1449,96
671,73	1441,77
671,93	1482,73
672,12	1517,54
672,32	1402,86
672,52	1470,44
672,71	1540,07
672,91	1507,30
673,11	1505,26
673,30	1462,25
673,50	1472,49
673,70	1441,77
673,89	1437,67
674,09	1464,30
674,29	1447,91
674,48	1454,06
674,68	1488,87
674,88	1511,40
675,07	1480,68
675,27	1437,67
675,46	1417,19
675,66	1474,54
675,86	1449,96
676,05	1484,78
676,25	1433,58
676,45	1531,88
676,64	1466,35
676,84	1576,94
677,04	1507,30
677,23	1591,27
677,43	1507,30
677,62	1527,78
677,82	1370,09
678,02	1447,91
678,21	1480,68
678,41	1517,54
678,61	1363,95
678,80	1345,52
679,00	1515,50
679,19	1529,83
679,39	1564,65
679,59	1490,92
679,78	1470,44
679,98	1429,48
680,17	1441,77
680,37	1501,16
680,57	1447,91
680,76	1550,31
680,96	1482,73
681,16	1429,48
681,35	1427,43
681,55	1454,06
681,74	1447,91
681,94	1529,83
682,13	1427,43
682,33	1511,40
682,53	1482,73
682,72	1458,15
682,92	1445,87
683,11	1454,06
683,31	1538,02
683,51	1486,83
683,70	1456,11
683,90	1452,01
684,09	1562,60
684,29	1503,21
684,48	1464,30
684,68	1495,02
684,88	1593,32
685,07	1488,87
685,27	1521,64
685,46	1562,60
685,66	1558,50
685,85	1556,46
686,05	1554,41
686,25	1495,02
686,44	1525,74
686,64	1562,60
686,83	1523,69
687,03	1527,78
687,22	1439,72
687,42	1519,59
687,61	1517,54
687,81	1431,53
688,01	1482,73
688,20	1474,54
688,40	1458,15
688,59	1490,92
688,79	1572,84
688,98	1468,39
689,18	1419,24
689,37	1464,30
689,57	1486,83
689,76	1488,87
689,96	1482,73
690,15	1486,83
690,35	1380,33
690,54	1421,29
690,74	1466,35
690,94	1535,98
691,13	1456,11
691,33	1554,41
691,52	1550,31
691,72	1554,41
691,91	1560,55
692,11	1470,44
692,30	1513,45
692,50	1533,93
692,69	1562,60
692,89	1429,48
693,08	1490,92
693,28	1521,64
693,47	1415,15
693,67	1558,50
693,86	1476,59
694,06	1554,41
694,25	1501,16
694,45	1490,92
694,64	1497,07
694,84	1544,17
695,03	1542,12
695,23	1466,35
695,42	1587,18
695,62	1505,26
695,81	1439,72
696,01	1519,59
696,20	1488,87
696,40	1396,71
696,59	1458,15
696,78	1525,74
696,98	1495,02
697,17	1458,15
697,37	1554,41
697,56	1488,87
697,76	1466,35
697,95	1550,31
698,15	1458,15
698,34	1509,35
698,54	1556,46
698,73	1576,94
698,93	1495,02
699,12	1495,02
699,32	1540,07
699,51	1429,48
699,70	1406,95
699,90	1482,73
700,09	1595,37
700,29	1533,93
700,48	1413,10
700,68	1464,30
700,87	1456,11
701,07	1507,30
701,26	1486,83
701,45	1449,96
701,65	1417,19
701,84	1474,54
702,04	1507,30
702,23	1400,81
702,43	1427,43
702,62	1511,40
702,81	1406,95
703,01	1398,76
703,20	1488,87
703,40	1411,05
703,59	1482,73
703,79	1495,02
703,98	1415,15
704,17	1488,87
704,37	1472,49
704,56	1478,63
704,76	1454,06
704,95	1423,34
705,14	1454,06
705,34	1439,72
705,53	1404,91
705,73	1370,09
705,92	1388,52
706,11	1495,02
706,31	1382,38
706,50	1413,10
706,70	1400,81
706,89	1509,35
707,08	1464,30
707,28	1472,49
707,47	1359,85
707,67	1376,24
707,86	1374,19
708,05	1437,67
708,25	1347,56
708,44	1476,59
708,64	1439,72
708,83	1505,26
709,02	1382,38
709,22	1495,02
709,41	1386,47
709,60	1439,72
709,80	1466,35
709,99	1449,96
710,19	1357,80
710,38	1464,30
710,57	1404,91
710,77	1382,38
710,96	1384,43
711,15	1415,15
711,35	1417,19
711,54	1439,72
711,73	1380,33
711,93	1370,09
712,12	1482,73
712,31	1470,44
712,51	1425,39
712,70	1388,52
712,89	1275,88
713,09	1357,80
713,28	1386,47
713,48	1464,30
713,67	1431,53
713,86	1402,86
714,06	1337,32
714,25	1320,94
714,44	1433,58
714,64	1488,87
714,83	1411,05
715,02	1452,01
715,22	1478,63
715,41	1361,90
715,60	1415,15
715,79	1372,14
715,99	1433,58
716,18	1452,01
716,37	1349,61
716,57	1413,10
716,76	1449,96
716,95	1468,39
717,15	1433,58
717,34	1357,80
717,53	1370,09
717,73	1447,91
717,92	1339,37
718,11	1468,39
718,31	1409,00
718,50	1427,43
718,69	1333,23
718,88	1466,35
719,08	1376,24
719,27	1366,00
719,46	1417,19
719,66	1456,11
719,85	1390,57
720,04	1478,63
720,23	1402,86
720,43	1396,71
720,62	1427,43
720,81	1380,33
721,01	1374,19
721,20	1478,63
721,39	1411,05
721,58	1458,15
721,78	1429,48
721,97	1368,04
722,16	1404,91
722,35	1396,71
722,55	1376,24
722,74	1482,73
722,93	1437,67
723,13	1357,80
723,32	1409,00
723,51	1370,09
723,70	1382,38
723,90	1411,05
724,09	1462,25
724,28	1345,52
724,47	1415,15
724,67	1464,30
724,86	1331,18
725,05	1400,81
725,24	1435,63
725,44	1427,43
725,63	1368,04
725,82	1351,66
726,01	1388,52
726,21	1417,19
726,40	1456,11
726,59	1452,01
726,78	1357,80
726,97	1314,80
727,17	1392,62
727,36	1409,00
727,55	1374,19
727,74	1419,24
727,94	1409,00
728,13	1415,15
728,32	1411,05
728,51	1413,10
728,70	1368,04
728,90	1460,20
729,09	1413,10
729,28	1396,71
729,47	1394,67
729,66	1404,91
729,86	1443,82
730,05	1425,39
730,24	1380,33
730,43	1431,53
730,63	1423,34
730,82	1507,30
731,01	1439,72
731,20	1413,10
731,39	1470,44
731,58	1374,19
731,78	1427,43
731,97	1374,19
732,16	1396,71
732,35	1372,14
732,54	1413,10
732,74	1499,11
732,93	1400,81
733,12	1533,93
733,31	1421,29
733,50	1372,14
733,69	1402,86
733,89	1505,26
734,08	1437,67
734,27	1429,48
734,46	1497,07
734,65	1404,91
734,84	1320,94
735,04	1345,52
735,23	1361,90
735,42	1339,37
735,61	1427,43
735,80	1361,90
735,99	1355,76
736,19	1398,76
736,38	1435,63
736,57	1343,47
736,76	1386,47
736,95	1495,02
737,14	1361,90
737,33	1396,71
737,53	1452,01
737,72	1327,08
737,91	1449,96
738,10	1462,25
738,29	1333,23
738,48	1366,00
738,67	1439,72
738,87	1378,28
739,06	1406,95
739,25	1439,72
739,44	1392,62
739,63	1507,30
739,82	1386,47
740,01	1349,61
740,20	1447,91
740,40	1359,85
740,59	1357,80
740,78	1396,71
740,97	1376,24
741,16	1370,09
741,35	1429,48
741,54	1456,11
741,73	1366,00
741,92	1406,95
742,12	1458,15
742,31	1454,06
742,50	1533,93
742,69	1464,30
742,88	1347,56
743,07	1404,91
743,26	1435,63
743,45	1484,78
743,64	1386,47
743,83	1361,90
744,02	1507,30
744,22	1404,91
744,41	1427,43
744,60	1413,10
744,79	1458,15
744,98	1464,30
745,17	1374,19
745,36	1396,71
745,55	1480,68
745,74	1376,24
745,93	1486,83
746,12	1437,67
746,31	1349,61
746,50	1380,33
746,70	1372,14
746,89	1335,28
747,08	1425,39
747,27	1353,71
747,46	1388,52
747,65	1392,62
747,84	1464,30
748,03	1415,15
748,22	1419,24
748,41	1427,43
748,60	1419,24
748,79	1411,05
748,98	1380,33
749,17	1449,96
749,36	1443,82
749,55	1384,43
749,74	1347,56
749,93	1476,59
750,12	1341,42
750,31	1417,19
750,50	1503,21
750,70	1452,01
750,89	1482,73
751,08	1521,64
751,27	1372,14
751,46	1386,47
751,65	1443,82
751,84	1441,77
752,03	1347,56
752,22	1449,96
752,41	1509,35
752,60	1392,62
752,79	1466,35
752,98	1331,18
753,17	1499,11
753,36	1464,30
753,55	1464,30
753,74	1382,38
753,93	1486,83
754,12	1439,72
754,31	1406,95
754,50	1474,54
754,69	1492,97
754,88	1351,66
755,07	1480,68
755,26	1468,39
755,45	1413,10
755,64	1409,00
755,83	1443,82
756,02	1507,30
756,21	1449,96
756,40	1476,59
756,59	1404,91
756,78	1466,35
756,97	1490,92
757,16	1535,98
757,35	1449,96
757,54	1482,73
757,72	1454,06
757,91	1417,19
758,10	1404,91
758,29	1454,06
758,48	1460,20
758,67	1435,63
758,86	1419,24
759,05	1484,78
759,24	1581,03
759,43	1462,25
759,62	1433,58
759,81	1439,72
760,00	1525,74
760,19	1456,11
760,38	1505,26
760,57	1419,24
760,76	1429,48
760,95	1492,97
761,14	1402,86
761,33	1361,90
761,52	1409,00
761,70	1431,53
761,89	1470,44
762,08	1499,11
762,27	1501,16
762,46	1519,59
762,65	1437,67
762,84	1413,10
763,03	1409,00
763,22	1398,76
763,41	1388,52
763,60	1472,49
763,79	1521,64
763,98	1517,54
764,16	1501,16
764,35	1515,50
764,54	1478,63
764,73	1476,59
764,92	1480,68
765,11	1492,97
765,30	1501,16
765,49	1478,63
765,68	1476,59
765,87	1511,40
766,06	1476,59
766,24	1542,12
766,43	1458,15
766,62	1554,41
766,81	1413,10
767,00	1511,40
767,19	1513,45
767,38	1597,42
767,57	1421,29
767,76	1454,06
767,94	1433,58
768,13	1464,30
768,32	1507,30
768,51	1443,82
768,70	1492,97
768,89	1572,84
769,08	1495,02
769,27	1445,87
769,45	1431,53
769,64	1572,84
769,83	1517,54
770,02	1460,20
770,21	1509,35
770,40	1611,75
770,59	1521,64
770,77	1533,93
770,96	1636,33
771,15	1562,60
771,34	1497,07
771,53	1591,27
771,72	1523,69
771,91	1513,45
772,09	1470,44
772,28	1437,67
772,47	1394,67
772,66	1552,36
772,85	1456,11
773,04	1529,83
773,22	1505,26
773,41	1513,45
773,60	1472,49
773,79	1492,97
773,98	1499,11
774,17	1484,78
774,35	1454,06
774,54	1492,97
774,73	1499,11
774,92	1513,45
775,11	1615,85
775,30	1564,65
775,48	1505,26
775,67	1447,91
775,86	1533,93
776,05	1619,94
776,24	1456,11
776,42	1525,74
776,61	1492,97
776,80	1533,93
776,99	1486,83
777,18	1519,59
777,36	1533,93
777,55	1447,91
777,74	1497,07
777,93	1564,65
778,12	1482,73
778,30	1601,51
778,49	1439,72
778,68	1538,02
778,87	1521,64
779,06	1513,45
779,24	1507,30
779,43	1513,45
779,62	1492,97
779,81	1445,87
779,99	1507,30
780,18	1591,27
780,37	1595,37
780,56	1570,79
780,75	1464,30
780,93	1513,45
781,12	1490,92
781,31	1542,12
781,50	1521,64
781,68	1472,49
781,87	1535,98
782,06	1519,59
782,25	1535,98
782,43	1552,36
782,62	1525,74
782,81	1503,21
783,00	1443,82
783,18	1490,92
783,37	1480,68
783,56	1476,59
783,75	1538,02
783,93	1529,83
784,12	1523,69
784,31	1550,31
784,50	1476,59
784,68	1540,07
784,87	1464,30
785,06	1572,84
785,24	1474,54
785,43	1542,12
785,62	1513,45
785,81	1570,79
785,99	1525,74
786,18	1456,11
786,37	1456,11
786,56	1501,16
786,74	1468,39
786,93	1439,72
787,12	1501,16
787,30	1413,10
787,49	1462,25
787,68	1472,49
787,87	1429,48
788,05	1521,64
788,24	1509,35
788,43	1400,81
788,61	1538,02
788,80	1482,73
788,99	1464,30
789,17	1437,67
789,36	1421,29
789,55	1505,26
789,73	1441,77
789,92	1468,39
790,11	1458,15
790,30	1460,20
790,48	1439,72
790,67	1546,22
790,86	1402,86
791,04	1529,83
791,23	1454,06
791,42	1480,68
791,60	1374,19
791,79	1497,07
791,98	1449,96
792,16	1529,83
792,35	1427,43
792,54	1427,43
792,72	1468,39
792,91	1452,01
793,10	1325,04
793,28	1409,00
793,47	1484,78
793,66	1503,21
793,84	1382,38
794,03	1411,05
794,22	1374,19
794,40	1411,05
794,59	1441,77
794,77	1384,43
794,96	1423,34
795,15	1497,07
795,33	1359,85
795,52	1466,35
795,71	1488,87
795,89	1423,34
796,08	1439,72
796,27	1505,26
796,45	1396,71
796,64	1374,19
796,82	1482,73
797,01	1535,98
797,20	1466,35
797,38	1439,72
797,57	1361,90
797,76	1460,20
797,94	1478,63
798,13	1464,30
798,31	1398,76
798,50	1378,28
798,69	1472,49
798,87	1384,43
799,06	1449,96
799,24	1390,57
799,43	1372,14
799,62	1376,24
799,80	1390,57
799,99	1550,31
800,17	1368,04
800,36	1400,81
800,55	1517,54
800,73	1363,95
800,92	1390,57
801,10	1396,71
801,29	1447,91
801,48	1447,91
801,66	1447,91
801,85	1437,67
802,03	1409,00
802,22	1468,39
802,40	1462,25
802,59	1402,86
802,78	1429,48
802,96	1409,00
803,15	1499,11
803,33	1460,20
803,52	1404,91
803,70	1370,09
803,89	1445,87
804,08	1413,10
804,26	1384,43
804,45	1370,09
804,63	1417,19
804,82	1486,83
805,00	1366,00
805,19	1402,86
805,37	1458,15
805,56	1400,81
805,74	1445,87
805,93	1382,38
806,12	1400,81
806,30	1409,00
806,49	1427,43
806,67	1415,15
806,86	1449,96
807,04	1482,73
807,23	1435,63
807,41	1380,33
807,60	1411,05
807,78	1439,72
807,97	1746,92
808,15	1425,39
808,34	1394,67
808,52	1378,28
808,71	1370,09
808,89	1421,29
809,08	1533,93
809,27	1472,49
809,45	1314,80
809,64	1429,48
809,82	1392,62
810,01	1456,11
810,19	1447,91
810,38	1439,72
810,56	1415,15
810,75	1480,68
810,93	1443,82
811,12	1415,15
811,30	1476,59
811,49	1376,24
811,67	1488,87
811,85	1501,16
812,04	1396,71
812,22	1433,58
812,41	1472,49
812,59	1462,25
812,78	1404,91
812,96	1382,38
813,15	1447,91
813,33	1415,15
813,52	1411,05
813,70	1327,08
813,89	1396,71
814,07	1495,02
814,26	1503,21
814,44	1398,76
814,63	1480,68
814,81	1398,76
815,00	1388,52
815,18	1374,19
815,36	1341,42
815,55	1415,15
815,73	1390,57
815,92	1497,07
816,10	1495,02
816,29	1478,63
816,47	1411,05
816,66	1443,82
816,84	1425,39
817,02	1460,20
817,21	1488,87
817,39	1419,24
817,58	1425,39
817,76	1445,87
817,95	1449,96
818,13	1445,87
818,32	1392,62
818,50	1409,00
818,68	1439,72
818,87	1419,24
819,05	1298,41
819,24	1411,05
819,42	1433,58
819,60	1394,67
819,79	1413,10
819,97	1445,87
820,16	1433,58
820,34	1495,02
820,53	1423,34
820,71	1361,90
820,89	1427,43
821,08	1421,29
821,26	1441,77
821,45	1429,48
821,63	1415,15
821,81	1433,58
822,00	1452,01
822,18	1400,81
822,37	1548,26
822,55	1396,71
822,73	1468,39
822,92	1396,71
823,10	1497,07
823,28	1425,39
823,47	1423,34
823,65	1370,09
823,84	1421,29
824,02	1468,39
824,20	1443,82
824,39	1419,24
824,57	1507,30
824,75	1482,73
824,94	1519,59
825,12	1560,55
825,31	1388,52
825,49	1435,63
825,67	1404,91
825,86	1415,15
826,04	1517,54
826,22	1540,07
826,41	1521,64
826,59	1431,53
826,77	1439,72
826,96	1439,72
827,14	1404,91
827,32	1454,06
827,51	1466,35
827,69	1449,96
827,87	1533,93
828,06	1507,30
828,24	1431,53
828,42	1466,35
828,61	1505,26
828,79	1492,97
828,97	1495,02
829,16	1515,50
829,34	1470,44
829,52	1511,40
829,71	1521,64
829,89	1529,83
830,07	1357,80
830,26	1503,21
830,44	1456,11
830,62	1542,12
830,81	1499,11
830,99	1445,87
831,17	1437,67
831,36	1429,48
831,54	1501,16
831,72	1484,78
831,91	1458,15
832,09	1542,12
832,27	1490,92
832,45	1578,98
832,64	1492,97
832,82	1574,89
833,00	1501,16
833,19	1445,87
833,37	1499,11
833,55	1486,83
833,73	1507,30
833,92	1468,39
834,10	1492,97
834,28	1531,88
834,47	1505,26
834,65	1492,97
834,83	1542,12
835,01	1529,83
835,20	1470,44
835,38	1525,74
835,56	1443,82
835,74	1511,40
835,93	1511,40
836,11	1519,59
836,29	1562,60
836,47	1583,08
836,66	1433,58
836,84	1568,74
837,02	1474,54
837,21	1511,40
837,39	1443,82
837,57	1546,22
837,75	1531,88
837,94	1572,84
838,12	1550,31
838,30	1499,11
838,48	1550,31
838,66	1495,02
838,85	1611,75
839,03	1519,59
839,21	1501,16
839,39	1456,11
839,58	1562,60
839,76	1578,98
839,94	1562,60
840,12	1484,78
840,31	1556,46
840,49	1554,41
840,67	1429,48
840,85	1525,74
841,03	1542,12
841,22	1540,07
841,40	1499,11
841,58	1587,18
841,76	1472,49
841,94	1533,93
842,13	1544,17
842,31	1472,49
842,49	1576,94
842,67	1468,39
842,85	1476,59
843,04	1558,50
843,22	1587,18
843,40	1492,97
843,58	1562,60
843,76	1505,26
843,95	1542,12
844,13	1402,86
844,31	1476,59
844,49	1548,26
844,67	1529,83
844,86	1566,70
845,04	1589,22
845,22	1517,54
845,40	1509,35
845,58	1554,41
845,76	1525,74
845,95	1550,31
846,13	1497,07
846,31	1503,21
846,49	1511,40
846,67	1564,65
846,85	1566,70
847,04	1558,50
847,22	1574,89
847,40	1533,93
847,58	1503,21
847,76	1554,41
847,94	1548,26
848,12	1521,64
848,31	1550,31
848,49	1488,87
848,67	1535,98
848,85	1501,16
849,03	1501,16
849,21	1605,61
849,39	1552,36
849,58	1574,89
849,76	1509,35
849,94	1578,98
850,12	1507,30
850,30	1626,09
850,48	1581,03
850,66	1587,18
850,84	1564,65
851,03	1527,78
851,21	1558,50
851,39	1626,09
851,57	1615,85
851,75	1617,90
851,93	1527,78
852,11	1611,75
852,29	1554,41
852,47	1587,18
852,66	1552,36
852,84	1509,35
853,02	1548,26
853,20	1634,28
853,38	1570,79
853,56	1644,52
853,74	1630,18
853,92	1568,74
854,10	1546,22
854,28	1484,78
854,46	1538,02
854,65	1564,65
854,83	1476,59
855,01	1599,46
855,19	1439,72
855,37	1548,26
855,55	1601,51
855,73	1554,41
855,91	1595,37
856,09	1570,79
856,27	1599,46
856,45	1552,36
856,63	1505,26
856,81	1601,51
857,00	1638,38
857,18	1593,32
857,36	1525,74
857,54	1601,51
857,72	1609,70
857,90	1568,74
858,08	1619,94
858,26	1517,54
858,44	1558,50
858,62	1675,24
858,80	1550,31
858,98	1548,26
859,16	1660,90
859,34	1538,02
859,52	1564,65
859,70	1687,53
859,88	1476,59
860,06	1535,98
860,24	1523,69
860,42	1576,94
860,60	1597,42
860,78	1589,22
860,96	1560,55
861,14	1458,15
861,32	1540,07
861,50	1572,84
861,69	1546,22
861,87	1603,56
862,05	1533,93
862,23	1544,17
862,41	1523,69
862,59	1480,68
862,77	1599,46
862,95	1538,02
863,13	1578,98
863,31	1560,55
863,49	1468,39
863,67	1589,22
863,85	1529,83
864,03	1578,98
864,21	1576,94
864,39	1523,69
864,57	1650,66
864,75	1550,31
864,92	1609,70
865,10	1513,45
865,28	1564,65
865,46	1581,03
865,64	1576,94
865,82	1533,93
866,00	1499,11
866,18	1562,60
866,36	1572,84
866,54	1581,03
866,72	1609,70
866,90	1566,70
867,08	1546,22
867,26	1478,63
867,44	1576,94
867,62	1550,31
867,80	1578,98
867,98	1609,70
868,16	1564,65
868,34	1624,04
868,52	1574,89
868,70	1589,22
868,88	1662,95
869,06	1572,84
869,24	1552,36
869,42	1472,49
869,59	1513,45
869,77	1593,32
869,95	1511,40
870,13	1538,02
870,31	1531,88
870,49	1564,65
870,67	1458,15
870,85	1462,25
871,03	1533,93
871,21	1642,47
871,39	1591,27
871,57	1570,79
871,75	1542,12
871,92	1593,32
872,10	1578,98
872,28	1511,40
872,46	1593,32
872,64	1560,55
872,82	1642,47
873,00	1470,44
873,18	1578,98
873,36	1556,46
873,54	1482,73
873,72	1480,68
873,89	1542,12
874,07	1548,26
874,25	1648,61
874,43	1515,50
874,61	1609,70
874,79	1601,51
874,97	1468,39
875,15	1581,03
875,33	1519,59
875,50	1648,61
875,68	1576,94
875,86	1513,45
876,04	1556,46
876,22	1509,35
876,40	1476,59
876,58	1599,46
876,76	1605,61
876,93	1538,02
877,11	1615,85
877,29	1640,42
877,47	1486,83
877,65	1525,74
877,83	1689,57
878,01	1574,89
878,18	1562,60
878,36	1558,50
878,54	1492,97
878,72	1517,54
878,90	1540,07
879,08	1538,02
879,25	1593,32
879,43	1540,07
879,61	1515,50
879,79	1560,55
879,97	1560,55
880,15	1611,75
880,32	1495,02
880,50	1556,46
880,68	1599,46
880,86	1554,41
881,04	1546,22
881,22	1599,46
881,39	1638,38
881,57	1685,48
881,75	1531,88
881,93	1538,02
882,11	1482,73
882,28	1538,02
882,46	1566,70
882,64	1431,53
882,82	1548,26
883,00	1601,51
883,18	1574,89
883,35	1601,51
883,53	1544,17
883,71	1585,13
883,89	1630,18
884,07	1515,50
884,24	1550,31
884,42	1519,59
884,60	1574,89
884,78	1558,50
884,95	1546,22
885,13	1591,27
885,31	1529,83
885,49	1550,31
885,67	1552,36
885,84	1525,74
886,02	1587,18
886,20	1617,90
886,38	1503,21
886,55	1560,55
886,73	1490,92
886,91	1560,55
887,09	1632,23
887,26	1513,45
887,44	1646,57
887,62	1525,74
887,80	1525,74
887,98	1570,79
888,15	1533,93
888,33	1572,84
888,51	1535,98
888,69	1576,94
888,86	1615,85
889,04	1587,18
889,22	1515,50
889,39	1636,33
889,57	1564,65
889,75	1550,31
889,93	1552,36
890,10	1515,50
890,28	1443,82
890,46	1570,79
890,64	1542,12
890,81	1513,45
890,99	1484,78
891,17	1527,78
891,34	1544,17
891,52	1484,78
891,70	1540,07
891,88	1513,45
892,05	1503,21
892,23	1519,59
892,41	1533,93
892,58	1509,35
892,76	1517,54
892,94	1499,11
893,12	1554,41
893,29	1525,74
893,47	1492,97
893,65	1507,30
893,82	1558,50
894,00	1574,89
894,18	1454,06
894,35	1492,97
894,53	1562,60
894,71	1603,56
894,89	1474,54
895,06	1443,82
895,24	1529,83
895,42	1542,12
895,59	1513,45
895,77	1449,96
895,95	1583,08
896,12	1452,01
896,30	1564,65
896,48	1478,63
896,65	1513,45
896,83	1558,50
897,01	1460,20
897,18	1558,50
897,36	1576,94
897,54	1492,97
897,71	1499,11
897,89	1495,02
898,07	1443,82
898,24	1462,25
898,42	1427,43
898,59	1552,36
898,77	1452,01
898,95	1468,39
899,12	1531,88
899,30	1470,44
899,48	1535,98
899,65	1452,01
899,83	1511,40
900,01	1437,67
900,18	1519,59
900,36	1472,49
900,53	1495,02
900,71	1570,79
900,89	1443,82
901,06	1464,30
901,24	1472,49
901,42	1499,11
901,59	1474,54
901,77	1521,64
901,94	1497,07
902,12	1439,72
902,30	1464,30
902,47	1452,01
902,65	1441,77
902,82	1482,73
903,00	1550,31
903,18	1464,30
903,35	1443,82
903,53	1533,93
903,70	1458,15
903,88	1533,93
904,06	1511,40
904,23	1478,63
904,41	1406,95
904,58	1566,70
904,76	1517,54
904,93	1552,36
905,11	1507,30
905,29	1503,21
905,46	1386,47
905,64	1511,40
905,81	1409,00
905,99	1538,02
906,16	1591,27
906,34	1454,06
906,52	1458,15
906,69	1515,50
906,87	1519,59
907,04	1431,53
907,22	1447,91
907,39	1503,21
907,57	1517,54
907,75	1529,83
907,92	1476,59
908,10	1591,27
908,27	1529,83
908,45	1480,68
908,62	1476,59
908,80	1462,25
908,97	1574,89
909,15	1574,89
909,32	1482,73
909,50	1513,45
909,67	1411,05
909,85	1480,68
910,03	1501,16
910,20	1505,26
910,38	1527,78
910,55	1441,77
910,73	1492,97
910,90	1411,05
911,08	1570,79
911,25	1517,54
911,43	1634,28
911,60	1456,11
911,78	1441,77
911,95	1521,64
912,13	1519,59
912,30	1474,54
912,48	1503,21
912,65	1374,19
912,83	1464,30
913,00	1521,64
913,18	1628,14
913,35	1431,53
913,53	1482,73
913,70	1523,69
913,88	1443,82
914,05	1560,55
914,23	1535,98
914,40	1495,02
914,58	1398,76
914,75	1558,50
914,93	1583,08
915,10	1540,07
915,27	1568,74
915,45	1517,54
915,62	1576,94
915,80	1429,48
915,97	1554,41
916,15	1495,02
916,32	1568,74
916,50	1529,83
916,67	1488,87
916,85	1550,31
917,02	1560,55
917,20	1538,02
917,37	1529,83
917,54	1576,94
917,72	1540,07
917,89	1552,36
918,07	1621,99
918,24	1556,46
918,42	1509,35
918,59	1511,40
918,77	1568,74
918,94	1566,70
919,11	1492,97
919,29	1556,46
919,46	1603,56
919,64	1540,07
919,81	1482,73
919,99	1474,54
920,16	1550,31
920,33	1546,22
920,51	1525,74
920,68	1470,44
920,86	1591,27
921,03	1576,94
921,20	1464,30
921,38	1517,54
921,55	1615,85
921,73	1476,59
921,90	1488,87
922,07	1546,22
922,25	1488,87
922,42	1460,20
922,60	1488,87
922,77	1558,50
922,94	1570,79
923,12	1431,53
923,29	1581,03
923,47	1492,97
923,64	1535,98
923,81	1535,98
923,99	1460,20
924,16	1480,68
924,34	1607,66
924,51	1644,52
924,68	1648,61
924,86	1538,02
925,03	1546,22
925,20	1605,61
925,38	1615,85
925,55	1640,42
925,72	1554,41
925,90	1568,74
926,07	1535,98
926,25	1617,90
926,42	1517,54
926,59	1488,87
926,77	1621,99
926,94	1603,56
927,11	1556,46
927,29	1599,46
927,46	1552,36
927,63	1576,94
927,81	1570,79
927,98	1535,98
928,15	1589,22
928,33	1611,75
928,50	1554,41
928,67	1652,71
928,85	1695,72
929,02	1583,08
929,19	1628,14
929,37	1556,46
929,54	1611,75
929,71	1656,81
929,89	1503,21
930,06	1578,98
930,23	1628,14
930,41	1667,05
930,58	1544,17
930,75	1542,12
930,92	1644,52
931,10	1589,22
931,27	1542,12
931,44	1578,98
931,62	1615,85
931,79	1497,07
931,96	1591,27
932,14	1544,17
932,31	1617,90
932,48	1587,18
932,65	1503,21
932,83	1591,27
933,00	1568,74
933,17	1646,57
933,35	1718,25
933,52	1662,95
933,69	1695,72
933,86	1556,46
934,04	1560,55
934,21	1554,41
934,38	1667,05
934,55	1538,02
934,73	1499,11
934,90	1593,32
935,07	1521,64
935,25	1693,67
935,42	1499,11
935,59	1558,50
935,76	1607,66
935,94	1531,88
936,11	1621,99
936,28	1615,85
936,45	1578,98
936,63	1615,85
936,80	1533,93
936,97	1578,98
937,14	1572,84
937,31	1687,53
937,49	1644,52
937,66	1529,83
937,83	1566,70
938,00	1501,16
938,18	1728,49
938,35	1576,94
938,52	1615,85
938,69	1595,37
938,87	1538,02
939,04	1564,65
939,21	1499,11
939,38	1587,18
939,55	1501,16
939,73	1591,27
939,90	1552,36
940,07	1482,73
940,24	1583,08
940,41	1554,41
940,59	1601,51
940,76	1550,31
940,93	1583,08
941,10	1578,98
941,27	1490,92
941,45	1558,50
941,62	1513,45
941,79	1583,08
941,96	1619,94
942,13	1609,70
942,31	1513,45
942,48	1609,70
942,65	1679,33
942,82	1564,65
942,99	1576,94
943,16	1589,22
943,34	1683,43
943,51	1660,90
943,68	1566,70
943,85	1583,08
944,02	1615,85
944,19	1576,94
944,37	1615,85
944,54	1593,32
944,71	1650,66
944,88	1628,14
945,05	1540,07
945,22	1558,50
945,40	1650,66
945,57	1546,22
945,74	1492,97
945,91	1474,54
946,08	1554,41
946,25	1581,03
946,42	1572,84
946,60	1533,93
946,77	1654,76
946,94	1673,19
947,11	1570,79
947,28	1554,41
947,45	1583,08
947,62	1578,98
947,79	1648,61
947,97	1613,80
948,14	1718,25
948,31	1624,04
948,48	1554,41
948,65	1490,92
948,82	1572,84
948,99	1507,30
949,16	1585,13
949,33	1482,73
949,51	1591,27
949,68	1542,12
949,85	1660,90
950,02	1544,17
950,19	1554,41
950,36	1560,55
950,53	1523,69
950,70	1486,83
950,87	1558,50
951,04	1538,02
951,22	1560,55
951,39	1572,84
951,56	1578,98
951,73	1587,18
951,90	1521,64
952,07	1482,73
952,24	1560,55
952,41	1576,94
952,58	1595,37
952,75	1583,08
952,92	1515,50
953,09	1505,26
953,26	1568,74
953,43	1574,89
953,61	1503,21
953,78	1632,23
953,95	1505,26
954,12	1566,70
954,29	1550,31
954,46	1470,44
954,63	1558,50
954,80	1574,89
954,97	1490,92
955,14	1593,32
955,31	1591,27
955,48	1562,60
955,65	1542,12
955,82	1501,16
955,99	1626,09
956,16	1566,70
956,33	1568,74
956,50	1499,11
956,67	1566,70
956,84	1583,08
957,01	1531,88
957,18	1501,16
957,35	1513,45
957,52	1605,61
957,69	1570,79
957,86	1527,78
958,03	1490,92
958,20	1574,89
958,37	1492,97
958,54	1519,59
958,71	1562,60
958,88	1540,07
959,05	1478,63
959,22	1488,87
959,39	1497,07
959,56	1437,67
959,73	1558,50
959,90	1540,07
960,07	1546,22
960,24	1429,48
960,41	1492,97
960,58	1542,12
960,75	1597,42
960,92	1482,73
961,09	1449,96
961,26	1540,07
961,43	1486,83
961,60	1509,35
961,77	1578,98
961,94	1535,98
962,11	1431,53
962,28	1574,89
962,45	1458,15
962,62	1452,01
962,79	1474,54
962,96	1562,60
963,13	1517,54
963,30	1564,65
963,47	1464,30
963,64	1456,11
963,81	1642,47
963,98	1554,41
964,14	1550,31
964,31	1521,64
964,48	1507,30
964,65	1574,89
964,82	1495,02
964,99	1488,87
965,16	1501,16
965,33	1427,43
965,50	1464,30
965,67	1503,21
965,84	1499,11
966,01	1476,59
966,18	1497,07
966,35	1544,17
966,51	1427,43
966,68	1562,60
966,85	1384,43
967,02	1499,11
967,19	1447,91
967,36	1462,25
967,53	1460,20
967,70	1464,30
967,87	1523,69
968,04	1488,87
968,21	1576,94
968,37	1456,11
968,54	1445,87
968,71	1505,26
968,88	1492,97
969,05	1372,14
969,22	1441,77
969,39	1550,31
969,56	1505,26
969,72	1368,04
969,89	1581,03
970,06	1482,73
970,23	1497,07
970,40	1517,54
970,57	1478,63
970,74	1529,83
970,91	1470,44
971,07	1484,78
971,24	1462,25
971,41	1509,35
971,58	1423,34
971,75	1478,63
971,92	1447,91
972,09	1433,58
972,25	1413,10
972,42	1546,22
972,59	1482,73
972,76	1402,86
972,93	1402,86
973,10	1423,34
973,27	1449,96
973,43	1433,58
973,60	1423,34
973,77	1503,21
973,94	1464,30
974,11	1441,77
974,28	1447,91
974,44	1398,76
974,61	1478,63
974,78	1486,83
974,95	1421,29
975,12	1482,73
975,28	1499,11
975,45	1402,86
975,62	1409,00
975,79	1353,71
975,96	1460,20
976,12	1427,43
976,29	1556,46
976,46	1454,06
976,63	1458,15
976,80	1447,91
976,96	1437,67
977,13	1431,53
977,30	1441,77
977,47	1378,28
977,64	1396,71
977,80	1398,76
977,97	1464,30
978,14	1449,96
978,31	1388,52
978,48	1527,78
978,64	1445,87
978,81	1425,39
978,98	1449,96
979,15	1363,95
979,31	1460,20
979,48	1484,78
979,65	1388,52
979,82	1452,01
979,98	1482,73
980,15	1495,02
980,32	1560,55
980,49	1376,24
980,66	1439,72
980,82	1462,25
980,99	1429,48
981,16	1366,00
981,33	1484,78
981,49	1431,53
981,66	1445,87
981,83	1402,86
981,99	1343,47
982,16	1439,72
982,33	1447,91
982,50	1372,14
982,66	1452,01
982,83	1392,62
983,00	1427,43
983,17	1327,08
983,33	1423,34
983,50	1501,16
983,67	1460,20
983,83	1388,52
984,00	1333,23
984,17	1546,22
984,34	1398,76
984,50	1312,75
984,67	1439,72
984,84	1339,37
985,00	1445,87
985,17	1409,00
985,34	1421,29
985,51	1406,95
985,67	1454,06
985,84	1443,82
986,01	1331,18
986,17	1427,43
986,34	1392,62
986,51	1431,53
986,67	1368,04
986,84	1411,05
987,01	1433,58
987,17	1447,91
987,34	1419,24
987,51	1366,00
987,67	1417,19
987,84	1417,19
988,01	1433,58
988,17	1421,29
988,34	1413,10
988,51	1396,71
988,67	1443,82
988,84	1398,76
989,01	1429,48
989,17	1368,04
989,34	1388,52
989,51	1347,56
989,67	1402,86
989,84	1382,38
990,01	1406,95
990,17	1449,96
990,34	1456,11
990,51	1431,53
990,67	1468,39
990,84	1464,30
991,01	1413,10
991,17	1460,20
991,34	1331,18
991,50	1423,34
991,67	1372,14
991,84	1333,23
992,00	1409,00
992,17	1374,19
992,34	1464,30
992,50	1402,86
992,67	1433,58
992,83	1372,14
993,00	1372,14
993,17	1427,43
993,33	1427,43
993,50	1439,72
993,66	1435,63
993,83	1415,15
994,00	1468,39
994,16	1378,28
994,33	1372,14
994,49	1488,87
994,66	1437,67
994,83	1361,90
994,99	1409,00
995,16	1437,67
995,32	1417,19
995,49	1406,95
995,66	1335,28
995,82	1370,09
995,99	1390,57
996,15	1470,44
996,32	1486,83
996,48	1429,48
996,65	1427,43
996,82	1409,00
996,98	1423,34
997,15	1415,15
997,31	1431,53
997,48	1427,43
997,64	1386,47
997,81	1460,20
997,97	1355,76
998,14	1322,99
998,31	1441,77
998,47	1349,61
998,64	1427,43
998,80	1439,72
998,97	1406,95
999,13	1427,43
999,30	1482,73
999,46	1333,23
999,63	1366,00
999,79	1396,71
999,96	1435,63
1000,12	1370,09
1000,29	1380,33
1000,45	1425,39
1000,62	1325,04
1000,79	1509,35
1000,95	1462,25
1001,12	1390,57
1001,28	1382,38
1001,45	1482,73
1001,61	1386,47
1001,78	1402,86
1001,94	1435,63
1002,11	1499,11
1002,27	1445,87
1002,44	1376,24
1002,60	1357,80
1002,77	1425,39
1002,93	1464,30
1003,10	1349,61
1003,26	1431,53
1003,43	1452,01
1003,59	1396,71
1003,76	1462,25
1003,92	1456,11
1004,09	1396,71
1004,25	1374,19
1004,41	1550,31
1004,58	1357,80
1004,74	1370,09
1004,91	1333,23
1005,07	1376,24
1005,24	1474,54
1005,40	1472,49
1005,57	1357,80
1005,73	1292,27
1005,90	1437,67
1006,06	1353,71
1006,23	1466,35
1006,39	1421,29
1006,55	1345,52
1006,72	1433,58
1006,88	1392,62
1007,05	1437,67
1007,21	1435,63
1007,38	1425,39
1007,54	1353,71
1007,71	1435,63
1007,87	1398,76
1008,03	1449,96
1008,20	1470,44
1008,36	1507,30
1008,53	1355,76
1008,69	1429,48
1008,86	1427,43
1009,02	1404,91
1009,18	1366,00
1009,35	1425,39
1009,51	1384,43
1009,68	1421,29
1009,84	1413,10
1010,01	1386,47
1010,17	1271,79
1010,33	1374,19
1010,50	1447,91
1010,66	1398,76
1010,83	1456,11
1010,99	1484,78
1011,15	1382,38
1011,32	1452,01
1011,48	1421,29
1011,65	1419,24
1011,81	1376,24
1011,97	1435,63
1012,14	1486,83
1012,30	1361,90
1012,46	1480,68
1012,63	1486,83
1012,79	1370,09
1012,96	1376,24
1013,12	1454,06
1013,28	1411,05
1013,45	1359,85
1013,61	1447,91
1013,77	1415,15
1013,94	1335,28
1014,10	1378,28
1014,26	1452,01
1014,43	1331,18
1014,59	1419,24
1014,76	1484,78
1014,92	1439,72
1015,08	1370,09
1015,25	1374,19
1015,41	1439,72
1015,57	1449,96
1015,74	1327,08
1015,90	1392,62
1016,06	1423,34
1016,23	1417,19
1016,39	1400,81
1016,55	1445,87
1016,72	1421,29
1016,88	1411,05
1017,04	1411,05
1017,21	1402,86
1017,37	1357,80
1017,53	1378,28
1017,70	1402,86
1017,86	1339,37
1018,02	1404,91
1018,19	1355,76
1018,35	1384,43
1018,51	1359,85
1018,67	1318,89
1018,84	1349,61
1019,00	1325,04
1019,16	1460,20
1019,33	1517,54
1019,49	1462,25
1019,65	1376,24
1019,82	1333,23
1019,98	1421,29
1020,14	1415,15
1020,30	1480,68
1020,47	1413,10
1020,63	1480,68
1020,79	1406,95
1020,96	1320,94
1021,12	1449,96
1021,28	1521,64
1021,44	1337,32
1021,61	1417,19
1021,77	1402,86
1021,93	1409,00
1022,09	1435,63
1022,26	1429,48
1022,42	1386,47
1022,58	1492,97
1022,74	1431,53
1022,91	1312,75
1023,07	1380,33
1023,23	1460,20
1023,39	1398,76
1023,56	1343,47
1023,72	1435,63
1023,88	1466,35
1024,04	1382,38
1024,21	1333,23
1024,37	1376,24
1024,53	1363,95
1024,69	1374,19
1024,86	1378,28
1025,02	1363,95
1025,18	1425,39
1025,34	1398,76
1025,50	1433,58
1025,67	1372,14
1025,83	1415,15
1025,99	1411,05
1026,15	1488,87
1026,32	1535,98
1026,48	1443,82
1026,64	1429,48
1026,80	1400,81
1026,96	1427,43
1027,13	1452,01
1027,29	1456,11
1027,45	1372,14
1027,61	1345,52
1027,77	1378,28
1027,94	1456,11
1028,10	1425,39
1028,26	1353,71
1028,42	1361,90
1028,58	1472,49
1028,75	1400,81
1028,91	1439,72
1029,07	1445,87
1029,23	1439,72
1029,39	1435,63
1029,55	1380,33
1029,72	1368,04
1029,88	1515,50
1030,04	1335,28
1030,20	1404,91
1030,36	1501,16
1030,52	1411,05
1030,69	1437,67
1030,85	1411,05
1031,01	1425,39
1031,17	1396,71
1031,33	1435,63
1031,49	1423,34
1031,65	1368,04
1031,82	1417,19
1031,98	1366,00
1032,14	1390,57
1032,30	1413,10
1032,46	1404,91
1032,62	1320,94
1032,78	1458,15
1032,95	1372,14
1033,11	1429,48
1033,27	1443,82
1033,43	1378,28
1033,59	1406,95
1033,75	1435,63
1033,91	1415,15
1034,07	1585,13
1034,24	1357,80
1034,40	1439,72
1034,56	1415,15
1034,72	1464,30
1034,88	1425,39
1035,04	1396,71
1035,20	1390,57
1035,36	1349,61
1035,52	1447,91
1035,68	1349,61
1035,85	1331,18
1036,01	1435,63
1036,17	1376,24
1036,33	1368,04
1036,49	1384,43
1036,65	1374,19
1036,81	1386,47
1036,97	1445,87
1037,13	1325,04
1037,29	1505,26
1037,45	1501,16
1037,61	1449,96
1037,78	1353,71
1037,94	1501,16
1038,10	1429,48
1038,26	1439,72
1038,42	1423,34
1038,58	1413,10
1038,74	1322,99
1038,90	1427,43
1039,06	1464,30
1039,22	1331,18
1039,38	1417,19
1039,54	1382,38
1039,70	1441,77
1039,86	1368,04
1040,02	1384,43
1040,18	1476,59
1040,34	1368,04
1040,50	1427,43
1040,66	1445,87
1040,83	1370,09
1040,99	1425,39
1041,15	1548,26
1041,31	1466,35
1041,47	1363,95
1041,63	1417,19
1041,79	1398,76
1041,95	1380,33
1042,11	1394,67
1042,27	1353,71
1042,43	1474,54
1042,59	1505,26
1042,75	1409,00
1042,91	1388,52
