344,25	1298,41
344,46	1298,41
344,68	1298,41
344,90	1296,36
345,12	1333,23
345,34	1435,63
345,55	1376,24
345,77	1341,42
345,99	1396,71
346,21	1435,63
346,42	1318,89
346,64	1433,58
346,86	1310,70
347,08	1347,56
347,30	1388,52
347,51	1343,47
347,73	1372,14
347,95	1372,14
348,17	1421,29
348,38	1497,07
348,60	1343,47
348,82	1464,30
349,04	1390,57
349,25	1460,20
349,47	1400,81
349,69	1411,05
349,91	1460,20
350,13	1511,40
350,34	1454,06
350,56	1322,99
350,78	1370,09
351,00	1415,15
351,21	1521,64
351,43	1294,32
351,65	1359,85
351,87	1361,90
352,08	1429,48
352,30	1474,54
352,52	1415,15
352,74	1419,24
352,95	1423,34
353,17	1484,78
353,39	1376,24
353,61	1404,91
353,82	1427,43
354,04	1429,48
354,26	1427,43
354,47	1466,35
354,69	1427,43
354,91	1447,91
355,13	1431,53
355,34	1439,72
355,56	1376,24
355,78	1419,24
356,00	1470,44
356,21	1398,76
356,43	1437,67
356,65	1421,29
356,86	1333,23
357,08	1413,10
357,30	1429,48
357,52	1441,77
357,73	1447,91
357,95	1472,49
358,17	1441,77
358,38	1384,43
358,60	1447,91
358,82	1396,71
359,04	1443,82
359,25	1531,88
359,47	1505,26
359,69	1384,43
359,90	1427,43
360,12	1515,50
360,34	1452,01
360,56	1486,83
360,77	1540,07
360,99	1476,59
361,21	1482,73
361,42	1497,07
361,64	1482,73
361,86	1583,08
362,07	1517,54
362,29	1509,35
362,51	1564,65
362,73	1437,67
362,94	1531,88
363,16	1497,07
363,38	1443,82
363,59	1570,79
363,81	1525,74
364,03	1497,07
364,24	1564,65
364,46	1431,53
364,68	1535,98
364,89	1468,39
365,11	1576,94
365,33	1464,30
365,54	1544,17
365,76	1452,01
365,98	1550,31
366,19	1521,64
366,41	1578,98
366,63	1421,29
366,84	1433,58
367,06	1495,02
367,28	1560,55
367,49	1515,50
367,71	1495,02
367,93	1423,34
368,14	1540,07
368,36	1464,30
368,58	1480,68
368,79	1533,93
369,01	1578,98
369,23	1560,55
369,44	1570,79
369,66	1488,87
369,88	1638,38
370,09	1439,72
370,31	1521,64
370,53	1578,98
370,74	1509,35
370,96	1474,54
371,18	1544,17
371,39	1568,74
371,61	1529,83
371,82	1511,40
372,04	1482,73
372,26	1525,74
372,47	1470,44
372,69	1566,70
372,91	1558,50
373,12	1564,65
373,34	1499,11
373,56	1423,34
373,77	1513,45
373,99	1578,98
374,20	1503,21
374,42	1626,09
374,64	1662,95
374,85	1470,44
375,07	1505,26
375,29	1568,74
375,50	1454,06
375,72	1460,20
375,93	1499,11
376,15	1509,35
376,37	1509,35
376,58	1474,54
376,80	1515,50
377,01	1519,59
377,23	1544,17
377,45	1542,12
377,66	1519,59
377,88	1458,15
378,10	1452,01
378,31	1400,81
378,53	1556,46
378,74	1445,87
378,96	1492,97
379,18	1535,98
379,39	1466,35
379,61	1431,53
379,82	1488,87
380,04	1480,68
380,26	1476,59
380,47	1507,30
380,69	1462,25
380,90	1458,15
381,12	1415,15
381,33	1513,45
381,55	1472,49
381,77	1509,35
381,98	1466,35
382,20	1409,00
382,41	1443,82
382,63	1460,20
382,85	1470,44
383,06	1497,07
383,28	1464,30
383,49	1470,44
383,71	1535,98
383,92	1359,85
384,14	1353,71
384,36	1322,99
384,57	1505,26
384,79	1406,95
385,00	1390,57
385,22	1443,82
385,43	1427,43
385,65	1470,44
385,87	1411,05
386,08	1329,13
386,30	1411,05
386,51	1460,20
386,73	1505,26
386,94	1392,62
387,16	1488,87
387,37	1425,39
387,59	1388,52
387,81	1357,80
388,02	1464,30
388,24	1386,47
388,45	1480,68
388,67	1398,76
388,88	1507,30
389,10	1423,34
389,31	1497,07
389,53	1427,43
389,75	1570,79
389,96	1388,52
390,18	1419,24
390,39	1378,28
390,61	1546,22
390,82	1435,63
391,04	1468,39
391,25	1462,25
391,47	1464,30
391,68	1400,81
391,90	1411,05
392,11	1462,25
392,33	1386,47
392,54	1427,43
392,76	1417,19
392,97	1435,63
393,19	1544,17
393,41	1552,36
393,62	1423,34
393,84	1509,35
394,05	1476,59
394,27	1499,11
394,48	1454,06
394,70	1488,87
394,91	1519,59
395,13	1466,35
395,34	1427,43
395,56	1460,20
395,77	1509,35
395,99	1449,96
396,20	1456,11
396,42	1376,24
396,63	1445,87
396,85	1400,81
397,06	1431,53
397,28	1472,49
397,49	1452,01
397,71	1458,15
397,92	1478,63
398,14	1497,07
398,35	1527,78
398,57	1521,64
398,78	1513,45
399,00	1425,39
399,21	1427,43
399,43	1454,06
399,64	1509,35
399,86	1458,15
400,07	1497,07
400,29	1427,43
400,50	1531,88
400,72	1488,87
400,93	1525,74
401,14	1421,29
401,36	1466,35
401,57	1472,49
401,79	1550,31
402,00	1435,63
402,22	1523,69
402,43	1466,35
402,65	1529,83
402,86	1437,67
403,08	1478,63
403,29	1460,20
403,51	1578,98
403,72	1501,16
403,94	1488,87
404,15	1523,69
404,36	1531,88
404,58	1722,34
404,79	1538,02
405,01	1533,93
405,22	1554,41
405,44	1411,05
405,65	1462,25
405,87	1454,06
406,08	1478,63
406,30	1552,36
406,51	1511,40
406,72	1521,64
406,94	1406,95
407,15	1550,31
407,37	1572,84
407,58	1574,89
407,80	1515,50
408,01	1515,50
408,23	1585,13
408,44	1507,30
408,65	1472,49
408,87	1492,97
409,08	1468,39
409,30	1531,88
409,51	1525,74
409,73	1568,74
409,94	1540,07
410,15	1550,31
410,37	1486,83
410,58	1482,73
410,80	1421,29
411,01	1478,63
411,23	1472,49
411,44	1398,76
411,65	1538,02
411,87	1490,92
412,08	1466,35
412,30	1570,79
412,51	1421,29
412,72	1509,35
412,94	1531,88
413,15	1519,59
413,37	1499,11
413,58	1515,50
413,79	1458,15
414,01	1466,35
414,22	1521,64
414,44	1492,97
414,65	1525,74
414,86	1470,44
415,08	1529,83
415,29	1452,01
415,51	1449,96
415,72	1521,64
415,93	1390,57
416,15	1519,59
416,36	1525,74
416,58	1533,93
416,79	1456,11
417,00	1591,27
417,22	1456,11
417,43	1478,63
417,65	1470,44
417,86	1521,64
418,07	1554,41
418,29	1521,64
418,50	1419,24
418,71	1460,20
418,93	1523,69
419,14	1413,10
419,36	1521,64
419,57	1525,74
419,78	1488,87
420,00	1458,15
420,21	1472,49
420,42	1456,11
420,64	1488,87
420,85	1435,63
421,06	1456,11
421,28	1550,31
421,49	1480,68
421,71	1558,50
421,92	1548,26
422,13	1460,20
422,35	1583,08
422,56	1464,30
422,77	1505,26
422,99	1452,01
423,20	1540,07
423,41	1501,16
423,63	1538,02
423,84	1581,03
424,05	1527,78
424,27	1488,87
424,48	1519,59
424,69	1560,55
424,91	1826,79
425,12	1529,83
425,33	1546,22
425,55	1478,63
425,76	1480,68
425,97	1499,11
426,19	1486,83
426,40	1482,73
426,61	1570,79
426,83	1552,36
427,04	1581,03
427,25	1566,70
427,47	1558,50
427,68	1486,83
427,89	1679,33
428,11	1529,83
428,32	1558,50
428,53	1558,50
428,75	1560,55
428,96	1546,22
429,17	1509,35
429,39	1509,35
429,60	1615,85
429,81	1531,88
430,03	1521,64
430,24	1509,35
430,45	1564,65
430,67	1476,59
430,88	1478,63
431,09	1538,02
431,30	1619,94
431,52	1587,18
431,73	1437,67
431,94	1527,78
432,16	1511,40
432,37	1517,54
432,58	1542,12
432,80	1486,83
433,01	1576,94
433,22	1511,40
433,43	1550,31
433,65	1572,84
433,86	1497,07
434,07	1396,71
434,29	1447,91
434,50	1464,30
434,71	1564,65
434,92	1546,22
435,14	1515,50
435,35	1578,98
435,56	1519,59
435,77	1499,11
435,99	1492,97
436,20	1472,49
436,41	1546,22
436,63	1480,68
436,84	1568,74
437,05	1472,49
437,26	1523,69
437,48	1535,98
437,69	1505,26
437,90	1492,97
438,11	1490,92
438,33	1447,91
438,54	1452,01
438,75	1562,60
438,96	1488,87
439,18	1538,02
439,39	1558,50
439,60	1546,22
439,82	1470,44
440,03	1531,88
440,24	1566,70
440,45	1488,87
440,67	1472,49
440,88	1503,21
441,09	1464,30
441,30	1562,60
441,51	1613,80
441,73	1413,10
441,94	1478,63
442,15	1538,02
442,36	1617,90
442,58	1460,20
442,79	1476,59
443,00	1538,02
443,21	1609,70
443,43	1552,36
443,64	1562,60
443,85	1511,40
444,06	1507,30
444,28	1578,98
444,49	1497,07
444,70	1523,69
444,91	1605,61
445,12	1550,31
445,34	1501,16
445,55	1626,09
445,76	1566,70
445,97	1595,37
446,18	1462,25
446,40	1525,74
446,61	1488,87
446,82	1589,22
447,03	1546,22
447,25	1542,12
447,46	1462,25
447,67	1568,74
447,88	1540,07
448,09	1519,59
448,31	1654,76
448,52	1492,97
448,73	1556,46
448,94	1505,26
449,15	1478,63
449,37	1525,74
449,58	1521,64
449,79	1525,74
450,00	1681,38
450,21	1511,40
450,43	1560,55
450,64	1515,50
450,85	1558,50
451,06	1560,55
451,27	1523,69
451,48	1603,56
451,70	1517,54
451,91	1546,22
452,12	1644,52
452,33	1611,75
452,54	1527,78
452,76	1564,65
452,97	1716,20
453,18	1599,46
453,39	1652,71
453,60	1531,88
453,81	1581,03
454,03	1630,18
454,24	1564,65
454,45	1560,55
454,66	1560,55
454,87	1607,66
455,08	1564,65
455,30	1626,09
455,51	1630,18
455,72	1636,33
455,93	1632,23
456,14	1607,66
456,35	1708,01
456,56	1628,14
456,78	1624,04
456,99	1640,42
457,20	1685,48
457,41	1654,76
457,62	1619,94
457,83	1689,57
458,04	1630,18
458,26	1679,33
458,47	1593,32
458,68	1691,62
458,89	1626,09
459,10	1609,70
459,31	1708,01
459,52	1720,29
459,74	1605,61
459,95	1634,28
460,16	1644,52
460,37	1697,77
460,58	1624,04
460,79	1705,96
461,00	1728,49
461,21	1556,46
461,43	1630,18
461,64	1640,42
461,85	1630,18
462,06	1597,42
462,27	1617,90
462,48	1732,58
462,69	1724,39
462,90	1570,79
463,12	1734,63
463,33	1634,28
463,54	1689,57
463,75	1605,61
463,96	1650,66
464,17	1744,87
464,38	1716,20
464,59	1712,10
464,80	1609,70
465,01	1624,04
465,23	1656,81
465,44	1660,90
465,65	1701,86
465,86	1769,44
466,07	1699,81
466,28	1673,19
466,49	1697,77
466,70	1716,20
466,91	1755,11
467,12	1724,39
467,33	1710,05
467,55	1701,86
467,76	1630,18
467,97	1652,71
468,18	1744,87
468,39	1648,61
468,60	1806,31
468,81	1712,10
469,02	1738,73
469,23	1695,72
469,44	1812,45
469,65	1783,78
469,86	1751,01
470,07	1701,86
470,29	1912,80
470,50	1771,49
470,71	1740,77
470,92	1722,34
471,13	1810,40
471,34	1763,30
471,55	1718,25
471,76	1722,34
471,97	1738,73
472,18	1732,58
472,39	1781,73
472,60	1791,97
472,81	1851,36
473,02	1841,12
473,23	1912,80
473,44	1734,63
473,65	1816,55
473,87	1781,73
474,08	1894,37
474,29	1877,99
474,50	1865,70
474,71	1794,02
474,92	1875,94
475,13	1804,26
475,34	1871,84
475,55	1783,78
475,76	1902,56
475,97	1923,04
476,18	1845,22
476,39	1988,58
476,60	1853,41
476,81	1875,94
477,02	1877,99
477,23	1923,04
477,44	1918,95
477,65	1843,17
477,86	1968,10
478,07	1937,38
478,28	1998,82
478,49	1961,95
478,70	1972,19
478,91	1945,57
479,12	1949,67
479,33	1910,75
479,54	1882,08
479,75	1992,67
479,96	2013,15
480,17	1869,80
480,38	1994,72
480,59	1959,91
480,80	2052,06
481,01	2019,30
481,22	2007,01
481,43	2119,65
481,64	2041,82
481,85	1990,63
482,06	2133,98
482,27	2123,74
482,48	2136,03
482,69	2316,25
482,90	2041,82
483,11	2205,66
483,32	2220,00
483,53	2082,78
483,74	2187,23
483,95	2189,28
484,16	2060,26
484,37	2146,27
484,58	2252,77
484,79	2269,15
485,00	2238,43
485,21	2170,85
485,42	2254,81
485,63	2365,40
485,84	2222,05
486,05	2234,33
486,26	2359,26
486,47	2408,41
486,68	2330,59
486,89	2383,84
487,10	2394,08
487,31	2281,44
487,52	2467,80
487,73	2410,46
487,94	2361,31
488,15	2361,31
488,36	2551,77
488,57	2420,70
488,77	2394,08
488,98	2463,71
489,19	2453,47
489,40	2484,19
489,61	2600,92
489,82	2541,53
490,03	2502,62
490,24	2441,18
490,45	2459,61
490,66	2473,95
490,87	2625,50
491,08	2510,81
491,29	2562,01
491,50	2512,86
491,71	2566,10
491,92	2586,58
492,13	2609,11
492,33	2527,19
492,54	2543,58
492,75	2617,30
492,96	2453,47
493,17	2570,20
493,38	2457,56
493,59	2621,40
493,80	2564,06
494,01	2613,21
494,22	2553,82
494,43	2744,28
494,64	2510,81
494,85	2738,13
495,05	2631,64
495,26	2672,60
495,47	2740,18
495,68	2684,89
495,89	2652,12
496,10	2631,64
496,31	2652,12
496,52	2748,37
496,73	2596,82
496,94	2674,65
497,15	2672,60
497,35	2705,37
497,56	2611,16
497,77	2727,89
497,98	2674,65
498,19	2715,61
498,40	2631,64
498,61	2791,38
498,82	2635,74
499,03	2676,70
499,23	2631,64
499,44	2650,07
499,65	2707,41
499,86	2809,81
500,07	2668,50
500,28	2766,81
500,49	2723,80
500,70	2727,89
500,91	2684,89
501,11	2803,67
501,32	2664,41
501,53	2760,66
501,74	2707,41
501,95	2738,13
502,16	2588,63
502,37	2871,25
502,57	2971,60
502,78	2934,74
502,99	2836,44
503,20	2848,72
503,41	2746,33
503,62	2883,54
503,83	2922,45
504,03	2926,55
504,24	2805,72
504,45	2877,40
504,66	2879,44
504,87	2930,64
505,08	2901,97
505,29	2963,41
505,49	2963,41
505,70	2854,87
505,91	2893,78
506,12	2998,23
506,33	3010,51
506,54	3127,25
506,75	2955,22
506,95	3106,77
507,16	2908,12
507,37	3297,23
507,58	3151,82
507,79	3184,59
508,00	3194,83
508,20	3168,21
508,41	3157,97
508,62	3327,95
508,83	2969,55
509,04	3133,39
509,24	3205,07
509,45	3667,91
509,66	3200,98
509,87	3438,54
510,08	3237,84
510,29	3502,03
510,49	3307,47
510,70	3424,20
510,91	3309,52
511,12	3526,60
511,33	3289,04
511,53	3444,68
511,74	3358,67
511,95	3559,37
512,16	3291,09
512,37	3729,35
512,57	3344,33
512,78	3639,24
512,99	3403,72
513,20	3635,14
513,41	3585,99
513,61	3569,61
513,82	3448,78
514,03	3622,86
514,24	3418,06
514,45	3790,79
514,65	3557,32
514,86	3739,59
515,07	3495,88
515,28	3626,95
515,49	3624,90
515,69	3682,25
515,90	3491,79
516,11	3655,62
516,32	3477,45
516,52	3364,81
516,73	3565,51
516,94	3733,45
517,15	3495,88
517,36	3669,96
517,56	3475,40
517,77	3604,42
517,98	3370,96
518,19	3606,47
518,39	3293,13
518,60	3725,26
518,81	3528,65
519,02	3551,18
519,22	3340,24
519,43	3747,78
519,64	3311,57
519,85	3637,19
520,05	3268,56
520,26	3393,48
520,47	3176,40
520,68	3332,05
520,88	3153,87
521,09	3364,81
521,30	3221,45
521,51	3344,33
521,71	3102,67
521,92	3340,24
522,13	3067,86
522,34	3184,59
522,54	2971,60
522,75	3375,05
522,96	2904,02
523,17	3078,10
523,37	3045,33
523,58	3067,86
523,79	2981,84
523,99	2985,94
524,20	2754,52
524,41	2901,97
524,62	2807,77
524,82	3030,99
525,03	2770,90
525,24	2858,96
525,45	2738,13
525,65	2734,04
525,86	2742,23
526,07	2852,82
526,27	2688,98
526,48	2648,02
526,69	2639,83
526,90	2656,22
527,10	2529,24
527,31	2635,74
527,52	2469,85
527,72	2578,39
527,93	2443,23
528,14	2553,82
528,34	2420,70
528,55	2381,79
528,76	2310,11
528,97	2457,56
529,17	2308,06
529,38	2422,75
529,59	2320,35
529,79	2340,83
530,00	2123,74
530,21	2480,09
530,41	2217,95
530,62	2322,40
530,83	2389,98
531,03	2287,58
531,24	2166,75
531,45	2203,61
531,65	2240,48
531,86	2238,43
532,07	2011,11
532,27	2230,24
532,48	2043,87
532,69	2058,21
532,89	2033,63
533,10	2136,03
533,31	2025,44
533,51	2140,13
533,72	1964,00
533,93	2138,08
534,13	2035,68
534,34	2054,11
534,55	1984,48
534,75	1992,67
534,96	2068,45
535,17	1978,34
535,37	2052,06
535,58	1996,77
535,79	1904,61
535,99	1925,09
536,20	1851,36
536,41	1853,41
536,61	1757,16
536,82	2052,06
537,03	1806,31
537,23	1853,41
537,44	1841,12
537,64	1783,78
537,85	1812,45
538,06	1859,56
538,26	1781,73
538,47	1884,13
538,68	1697,77
538,88	1763,30
539,09	1753,06
539,30	1726,44
539,50	1771,49
539,71	1826,79
539,91	1699,81
540,12	1732,58
540,33	1656,81
540,53	1746,92
540,74	1708,01
540,94	1669,09
541,15	1658,85
541,36	1722,34
541,56	1718,25
541,77	1634,28
541,98	1761,25
542,18	1808,36
542,39	1695,72
542,59	1611,75
542,80	1673,19
543,01	1595,37
543,21	1679,33
543,42	1587,18
543,62	1658,85
543,83	1538,02
544,04	1560,55
544,24	1648,61
544,45	1568,74
544,65	1732,58
544,86	1636,33
545,06	1587,18
545,27	1593,32
545,48	1613,80
545,68	1603,56
545,89	1640,42
546,09	1607,66
546,30	1630,18
546,51	1595,37
546,71	1591,27
546,92	1578,98
547,12	1621,99
547,33	1599,46
547,53	1505,26
547,74	1521,64
547,95	1626,09
548,15	1540,07
548,36	1583,08
548,56	1632,23
548,77	1662,95
548,97	1542,12
549,18	1578,98
549,39	1531,88
549,59	1574,89
549,80	1499,11
550,00	1470,44
550,21	1478,63
550,41	1525,74
550,62	1521,64
550,82	1574,89
551,03	1443,82
551,23	1505,26
551,44	1439,72
551,65	1484,78
551,85	1466,35
552,06	1478,63
552,26	1525,74
552,47	1499,11
552,67	1484,78
552,88	1535,98
553,08	1548,26
553,29	1468,39
553,49	1544,17
553,70	1490,92
553,90	1527,78
554,11	1470,44
554,32	1574,89
554,52	1523,69
554,73	1486,83
554,93	1501,16
555,14	1509,35
555,34	1509,35
555,55	1521,64
555,75	1464,30
555,96	1398,76
556,16	1484,78
556,37	1505,26
556,57	1370,09
556,78	1497,07
556,98	1550,31
557,19	1544,17
557,39	1538,02
557,60	1452,01
557,80	1378,28
558,01	1488,87
558,21	1484,78
558,42	1456,11
558,62	1482,73
558,83	1525,74
559,03	1482,73
559,24	1443,82
559,44	1523,69
559,65	1484,78
559,85	1417,19
560,06	1458,15
560,26	1458,15
560,47	1486,83
560,67	1550,31
560,88	1435,63
561,08	1566,70
561,29	1544,17
561,49	1486,83
561,70	1486,83
561,90	1583,08
562,10	1429,48
562,31	1433,58
562,51	1406,95
562,72	1439,72
562,92	1404,91
563,13	1581,03
563,33	1480,68
563,54	1464,30
563,74	1495,02
563,95	1398,76
564,15	1517,54
564,36	1472,49
564,56	1507,30
564,76	1456,11
564,97	1400,81
565,17	1460,20
565,38	1480,68
565,58	1492,97
565,79	1419,24
565,99	1456,11
566,20	1413,10
566,40	1423,34
566,60	1523,69
566,81	1398,76
567,01	1529,83
567,22	1482,73
567,42	1419,24
567,63	1501,16
567,83	1445,87
568,04	1423,34
568,24	1540,07
568,44	1466,35
568,65	1458,15
568,85	1441,77
569,06	1460,20
569,26	1488,87
569,47	1441,77
569,67	1429,48
569,87	1447,91
570,08	1509,35
570,28	1470,44
570,49	1411,05
570,69	1503,21
570,89	1576,94
571,10	1480,68
571,30	1505,26
571,51	1452,01
571,71	1429,48
571,91	1509,35
572,12	1433,58
572,32	1466,35
572,53	1501,16
572,73	1490,92
572,93	1540,07
573,14	1378,28
573,34	1484,78
573,55	1445,87
573,75	1423,34
573,95	1425,39
574,16	1480,68
574,36	1439,72
574,57	1449,96
574,77	1415,15
574,97	1452,01
575,18	1431,53
575,38	1476,59
575,59	1404,91
575,79	1398,76
575,99	1558,50
576,20	1447,91
576,40	1439,72
576,60	1503,21
576,81	1449,96
577,01	1406,95
577,22	1497,07
577,42	1460,20
577,62	1482,73
577,83	1443,82
578,03	1519,59
578,23	1392,62
578,44	1441,77
578,64	1499,11
578,84	1429,48
579,05	1394,67
579,25	1488,87
579,45	1384,43
579,66	1366,00
579,86	1447,91
580,07	1472,49
580,27	1507,30
580,47	1398,76
580,68	1341,42
580,88	1439,72
581,08	1382,38
581,29	1468,39
581,49	1452,01
581,69	1456,11
581,90	1433,58
582,10	1454,06
582,30	1388,52
582,51	1390,57
582,71	1423,34
582,91	1382,38
583,12	1409,00
583,32	1484,78
583,52	1454,06
583,73	1384,43
583,93	1411,05
584,13	1452,01
584,34	1400,81
584,54	1464,30
584,74	1374,19
584,94	1415,15
585,15	1392,62
585,35	1427,43
585,55	1443,82
585,76	1396,71
585,96	1437,67
586,16	1423,34
586,37	1335,28
586,57	1355,76
586,77	1361,90
586,98	1394,67
587,18	1441,77
587,38	1466,35
587,58	1380,33
587,79	1468,39
587,99	1445,87
588,19	1398,76
588,40	1394,67
588,60	1384,43
588,80	1396,71
589,00	1495,02
589,21	1431,53
589,41	1390,57
589,61	1415,15
589,82	1476,59
590,02	1441,77
590,22	1515,50
590,42	1415,15
590,63	1488,87
590,83	1427,43
591,03	1533,93
591,23	1472,49
591,44	1466,35
591,64	1468,39
591,84	1388,52
592,05	1466,35
592,25	1466,35
592,45	1441,77
592,65	1439,72
592,86	1406,95
593,06	1445,87
593,26	1470,44
593,46	1443,82
593,67	1406,95
593,87	1454,06
594,07	1466,35
594,27	1413,10
594,48	1433,58
594,68	1433,58
594,88	1353,71
595,08	1441,77
595,29	1570,79
595,49	1366,00
595,69	1376,24
595,89	1415,15
596,10	1523,69
596,30	1419,24
596,50	1441,77
596,70	1517,54
596,90	1380,33
597,11	1478,63
597,31	1468,39
597,51	1388,52
597,71	1501,16
597,92	1445,87
598,12	1406,95
598,32	1456,11
598,52	1409,00
598,72	1372,14
598,93	1370,09
599,13	1540,07
599,33	1386,47
599,53	1466,35
599,74	1396,71
599,94	1476,59
600,14	1388,52
600,34	1374,19
600,54	1525,74
600,75	1470,44
600,95	1327,08
601,15	1435,63
601,35	1386,47
601,55	1421,29
601,76	1447,91
601,96	1495,02
602,16	1437,67
602,36	1538,02
602,56	1363,95
602,76	1372,14
602,97	1439,72
603,17	1454,06
603,37	1415,15
603,57	1419,24
603,77	1413,10
603,98	1394,67
604,18	1429,48
604,38	1454,06
604,58	1406,95
604,78	1431,53
604,98	1415,15
605,19	1435,63
605,39	1406,95
605,59	1525,74
605,79	1443,82
605,99	1449,96
606,19	1454,06
606,40	1462,25
606,60	1454,06
606,80	1366,00
607,00	1404,91
607,20	1470,44
607,40	1400,81
607,61	1441,77
607,81	1406,95
608,01	1552,36
608,21	1456,11
608,41	1519,59
608,61	1433,58
608,81	1413,10
609,02	1423,34
609,22	1400,81
609,42	1433,58
609,62	1396,71
609,82	1454,06
610,02	1437,67
610,22	1466,35
610,43	1439,72
610,63	1449,96
610,83	1519,59
611,03	1517,54
611,23	1464,30
611,43	1511,40
611,63	1423,34
611,83	1376,24
612,04	1468,39
612,24	1474,54
612,44	1456,11
612,64	1511,40
612,84	1433,58
613,04	1370,09
613,24	1394,67
613,44	1380,33
613,64	1372,14
613,85	1398,76
614,05	1384,43
614,25	1452,01
614,45	1429,48
614,65	1409,00
614,85	1427,43
615,05	1318,89
615,25	1441,77
615,45	1439,72
615,65	1449,96
615,86	1468,39
616,06	1521,64
616,26	1519,59
616,46	1447,91
616,66	1366,00
616,86	1492,97
617,06	1415,15
617,26	1423,34
617,46	1404,91
617,66	1466,35
617,86	1478,63
618,07	1320,94
618,27	1501,16
618,47	1452,01
618,67	1480,68
618,87	1363,95
619,07	1452,01
619,27	1525,74
619,47	1437,67
619,67	1507,30
619,87	1372,14
620,07	1476,59
620,27	1511,40
620,47	1447,91
620,67	1476,59
620,87	1406,95
621,07	1392,62
621,28	1351,66
621,48	1447,91
621,68	1380,33
621,88	1449,96
622,08	1452,01
622,28	1411,05
622,48	1505,26
622,68	1349,61
622,88	1556,46
623,08	1478,63
623,28	1458,15
623,48	1435,63
623,68	1437,67
623,88	1427,43
624,08	1505,26
624,28	1472,49
624,48	1447,91
624,68	1318,89
624,88	1462,25
625,08	1466,35
625,28	1462,25
625,48	1470,44
625,68	1388,52
625,88	1374,19
626,08	1380,33
626,28	1535,98
626,48	1472,49
626,68	1427,43
626,88	1447,91
627,08	1519,59
627,28	1521,64
627,48	1464,30
627,68	1402,86
627,88	1517,54
628,08	1406,95
628,28	1415,15
628,49	1495,02
628,68	1415,15
628,88	1464,30
629,08	1396,71
629,28	1495,02
629,48	1425,39
629,68	1570,79
629,88	1456,11
630,08	1490,92
630,28	1474,54
630,48	1470,44
630,68	1363,95
630,88	1413,10
631,08	1445,87
631,28	1511,40
631,48	1425,39
631,68	1409,00
631,88	1386,47
632,08	1421,29
632,28	1458,15
632,48	1464,30
632,68	1411,05
632,88	1482,73
633,08	1460,20
633,28	1433,58
633,48	1443,82
633,68	1437,67
633,88	1449,96
634,08	1476,59
634,28	1449,96
634,48	1447,91
634,68	1437,67
634,88	1462,25
635,08	1413,10
635,28	1443,82
635,48	1443,82
635,68	1382,38
635,87	1413,10
636,07	1435,63
636,27	1413,10
636,47	1503,21
636,67	1478,63
636,87	1402,86
637,07	1447,91
637,27	1411,05
637,47	1474,54
637,67	1488,87
637,87	1423,34
638,07	1452,01
638,27	1427,43
638,47	1439,72
638,67	1452,01
638,86	1484,78
639,06	1429,48
639,26	1517,54
639,46	1376,24
639,66	1415,15
639,86	1447,91
640,06	1466,35
640,26	1417,19
640,46	1527,78
640,66	1415,15
640,86	1542,12
641,06	1454,06
641,25	1439,72
641,45	1386,47
641,65	1431,53
641,85	1439,72
642,05	1439,72
642,25	1378,28
642,45	1470,44
642,65	1376,24
642,85	1380,33
643,05	1472,49
643,24	1490,92
643,44	1411,05
643,64	1390,57
643,84	1433,58
644,04	1445,87
644,24	1501,16
644,44	1427,43
644,64	1413,10
644,84	1476,59
645,03	1445,87
645,23	1542,12
645,43	1409,00
645,63	1476,59
645,83	1384,43
646,03	1449,96
646,23	1456,11
646,42	1529,83
646,62	1447,91
646,82	1413,10
647,02	1476,59
647,22	1517,54
647,42	1445,87
647,62	1521,64
647,82	1347,56
648,01	1574,89
648,21	1357,80
648,41	1503,21
648,61	1503,21
648,81	1474,54
649,01	1484,78
649,20	1417,19
649,40	1464,30
649,60	1423,34
649,80	1519,59
650,00	1357,80
650,20	1476,59
650,40	1468,39
650,59	1478,63
650,79	1415,15
650,99	1355,76
651,19	1431,53
651,39	1370,09
651,58	1417,19
651,78	1419,24
651,98	1423,34
652,18	1429,48
652,38	1404,91
652,58	1456,11
652,77	1441,77
652,97	1472,49
653,17	1492,97
653,37	1517,54
653,57	1388,52
653,77	1433,58
653,96	1419,24
654,16	1501,16
654,36	1417,19
654,56	1447,91
654,76	1431,53
654,95	1400,81
655,15	1486,83
655,35	1454,06
655,55	1476,59
655,75	1333,23
655,94	1484,78
656,14	1419,24
656,34	1495,02
656,54	1521,64
656,73	1495,02
656,93	1478,63
657,13	1490,92
657,33	1398,76
657,53	1474,54
657,72	1515,50
657,92	1464,30
658,12	1411,05
658,32	1443,82
658,52	1454,06
658,71	1433,58
658,91	1421,29
659,11	1462,25
659,31	1427,43
659,50	1423,34
659,70	1423,34
659,90	1568,74
660,10	1456,11
660,29	1529,83
660,49	1359,85
660,69	1423,34
660,89	1466,35
661,08	1486,83
661,28	1382,38
661,48	1445,87
661,68	1376,24
661,87	1484,78
662,07	1462,25
662,27	1445,87
662,47	1411,05
662,66	1460,20
662,86	1423,34
663,06	1435,63
663,26	1363,95
663,45	1431,53
663,65	1499,11
663,85	1492,97
664,05	1427,43
664,24	1507,30
664,44	1470,44
664,64	1419,24
664,84	1456,11
665,03	1560,55
665,23	1476,59
665,43	1370,09
665,62	1456,11
665,82	1429,48
666,02	1425,39
666,22	1415,15
666,41	1423,34
666,61	1531,88
666,81	1445,87
667,00	1439,72
667,20	1452,01
667,40	1464,30
667,60	1370,09
667,79	1482,73
667,99	1437,67
668,19	1431,53
668,38	1361,90
668,58	1437,67
668,78	1400,81
668,97	1550,31
669,17	1423,34
669,37	1533,93
669,57	1419,24
669,76	1529,83
669,96	1476,59
670,16	1396,71
670,35	1449,96
670,55	1456,11
670,75	1415,15
670,94	1466,35
671,14	1474,54
671,34	1443,82
671,53	1419,24
671,73	1413,10
671,93	1427,43
672,12	1439,72
672,32	1449,96
672,52	1435,63
672,71	1492,97
672,91	1417,19
673,11	1441,77
673,30	1583,08
673,50	1417,19
673,70	1445,87
673,89	1441,77
674,09	1449,96
674,29	1380,33
674,48	1499,11
674,68	1472,49
674,88	1353,71
675,07	1501,16
675,27	1419,24
675,46	1322,99
675,66	1411,05
675,86	1521,64
676,05	1447,91
676,25	1392,62
676,45	1437,67
676,64	1388,52
676,84	1490,92
677,04	1390,57
677,23	1505,26
677,43	1419,24
677,62	1492,97
677,82	1415,15
678,02	1392,62
678,21	1415,15
678,41	1439,72
678,61	1345,52
678,80	1345,52
679,00	1472,49
679,19	1468,39
679,39	1466,35
679,59	1574,89
679,78	1417,19
679,98	1400,81
680,17	1390,57
680,37	1443,82
680,57	1460,20
680,76	1427,43
680,96	1464,30
681,16	1417,19
681,35	1458,15
681,55	1462,25
681,74	1419,24
681,94	1470,44
682,13	1452,01
682,33	1431,53
682,53	1431,53
682,72	1482,73
682,92	1417,19
683,11	1398,76
683,31	1468,39
683,51	1456,11
683,70	1439,72
683,90	1406,95
684,09	1476,59
684,29	1519,59
684,48	1439,72
684,68	1445,87
684,88	1486,83
685,07	1447,91
685,27	1398,76
685,46	1443,82
685,66	1525,74
685,85	1452,01
686,05	1492,97
686,25	1482,73
686,44	1439,72
686,64	1454,06
686,83	1466,35
687,03	1535,98
687,22	1349,61
687,42	1445,87
687,61	1509,35
687,81	1423,34
688,01	1425,39
688,20	1366,00
688,40	1538,02
688,59	1507,30
688,79	1363,95
688,98	1503,21
689,18	1441,77
689,37	1386,47
689,57	1390,57
689,76	1470,44
689,96	1441,77
690,15	1390,57
690,35	1470,44
690,54	1503,21
690,74	1398,76
690,94	1499,11
691,13	1466,35
691,33	1462,25
691,52	1413,10
691,72	1513,45
691,91	1413,10
692,11	1603,56
692,30	1470,44
692,50	1454,06
692,69	1400,81
692,89	1415,15
693,08	1415,15
693,28	1425,39
693,47	1290,22
693,67	1454,06
693,86	1396,71
694,06	1495,02
694,25	1374,19
694,45	1439,72
694,64	1433,58
694,84	1431,53
695,03	1492,97
695,23	1460,20
695,42	1382,38
695,62	1484,78
695,81	1378,28
696,01	1423,34
696,20	1419,24
696,40	1390,57
696,59	1435,63
696,78	1486,83
696,98	1441,77
697,17	1468,39
697,37	1390,57
697,56	1417,19
697,76	1423,34
697,95	1464,30
698,15	1386,47
698,34	1441,77
698,54	1476,59
698,73	1593,32
698,93	1452,01
699,12	1413,10
699,32	1427,43
699,51	1433,58
699,70	1370,09
699,90	1464,30
700,09	1413,10
700,29	1382,38
700,48	1359,85
700,68	1419,24
700,87	1357,80
701,07	1540,07
701,26	1468,39
701,45	1406,95
701,65	1417,19
701,84	1355,76
702,04	1353,71
702,23	1427,43
702,43	1359,85
702,62	1458,15
702,81	1384,43
703,01	1456,11
703,20	1452,01
703,40	1427,43
703,59	1441,77
703,79	1441,77
703,98	1445,87
704,17	1347,56
704,37	1447,91
704,56	1490,92
704,76	1327,08
704,95	1406,95
705,14	1439,72
705,34	1476,59
705,53	1386,47
705,73	1327,08
705,92	1474,54
706,11	1497,07
706,31	1411,05
706,50	1415,15
706,70	1464,30
706,89	1462,25
707,08	1443,82
707,28	1511,40
707,47	1386,47
707,67	1472,49
707,86	1433,58
708,05	1380,33
708,25	1370,09
708,44	1427,43
708,64	1394,67
708,83	1452,01
709,02	1427,43
709,22	1476,59
709,41	1402,86
709,60	1454,06
709,80	1460,20
709,99	1343,47
710,19	1421,29
710,38	1441,77
710,57	1366,00
710,77	1464,30
710,96	1419,24
711,15	1390,57
711,35	1437,67
711,54	1429,48
711,73	1374,19
711,93	1343,47
712,12	1386,47
712,31	1404,91
712,51	1509,35
712,70	1398,76
712,89	1378,28
713,09	1384,43
713,28	1363,95
713,48	1404,91
713,67	1386,47
713,86	1398,76
714,06	1460,20
714,25	1370,09
714,44	1382,38
714,64	1556,46
714,83	1396,71
715,02	1349,61
715,22	1415,15
715,41	1394,67
715,60	1402,86
715,79	1378,28
715,99	1513,45
716,18	1394,67
716,37	1361,90
716,57	1452,01
716,76	1490,92
716,95	1445,87
717,15	1466,35
717,34	1390,57
717,53	1363,95
717,73	1392,62
717,92	1396,71
718,11	1458,15
718,31	1456,11
718,50	1484,78
718,69	1333,23
718,88	1462,25
719,08	1406,95
719,27	1411,05
719,46	1441,77
719,66	1353,71
719,85	1368,04
720,04	1406,95
720,23	1386,47
720,43	1337,32
720,62	1374,19
720,81	1234,93
721,01	1343,47
721,20	1439,72
721,39	1411,05
721,58	1447,91
721,78	1406,95
721,97	1413,10
722,16	1435,63
722,35	1431,53
722,55	1308,65
722,74	1452,01
722,93	1400,81
723,13	1390,57
723,32	1417,19
723,51	1390,57
723,70	1398,76
723,90	1333,23
724,09	1388,52
724,28	1392,62
724,47	1374,19
724,67	1413,10
724,86	1394,67
725,05	1337,32
725,24	1419,24
725,44	1322,99
725,63	1290,22
725,82	1308,65
726,01	1419,24
726,21	1376,24
726,40	1433,58
726,59	1443,82
726,78	1411,05
726,97	1331,18
727,17	1382,38
727,36	1488,87
727,55	1370,09
727,74	1370,09
727,94	1306,60
728,13	1431,53
728,32	1415,15
728,51	1447,91
728,70	1384,43
728,90	1394,67
729,09	1429,48
729,28	1394,67
729,47	1380,33
729,66	1425,39
729,86	1474,54
730,05	1492,97
730,24	1347,56
730,43	1347,56
730,63	1413,10
730,82	1521,64
731,01	1423,34
731,20	1462,25
731,39	1372,14
731,58	1390,57
731,78	1421,29
731,97	1443,82
732,16	1406,95
732,35	1431,53
732,54	1445,87
732,74	1533,93
732,93	1396,71
733,12	1439,72
733,31	1431,53
733,50	1341,42
733,69	1409,00
733,89	1443,82
734,08	1368,04
734,27	1335,28
734,46	1413,10
734,65	1316,84
734,84	1355,76
735,04	1370,09
735,23	1378,28
735,42	1398,76
735,61	1353,71
735,80	1486,83
735,99	1277,93
736,19	1402,86
736,38	1363,95
736,57	1439,72
736,76	1341,42
736,95	1427,43
737,14	1376,24
737,33	1333,23
737,53	1359,85
737,72	1423,34
737,91	1386,47
738,10	1427,43
738,29	1370,09
738,48	1425,39
738,67	1421,29
738,87	1429,48
739,06	1443,82
739,25	1427,43
739,44	1411,05
739,63	1466,35
739,82	1406,95
740,01	1431,53
740,20	1394,67
740,40	1464,30
740,59	1380,33
740,78	1384,43
740,97	1347,56
741,16	1419,24
741,35	1468,39
741,54	1472,49
741,73	1320,94
741,92	1425,39
742,12	1353,71
742,31	1460,20
742,50	1458,15
742,69	1396,71
742,88	1441,77
743,07	1404,91
743,26	1433,58
743,45	1419,24
743,64	1415,15
743,83	1378,28
744,02	1415,15
744,22	1363,95
744,41	1495,02
744,60	1466,35
744,79	1392,62
744,98	1449,96
745,17	1394,67
745,36	1386,47
745,55	1474,54
745,74	1390,57
745,93	1464,30
746,12	1337,32
746,31	1431,53
746,50	1370,09
746,70	1361,90
746,89	1460,20
747,08	1349,61
747,27	1394,67
747,46	1374,19
747,65	1441,77
747,84	1482,73
748,03	1388,52
748,22	1452,01
748,41	1415,15
748,60	1386,47
748,79	1413,10
748,98	1392,62
749,17	1349,61
749,36	1495,02
749,55	1411,05
749,74	1470,44
749,93	1435,63
750,12	1415,15
750,31	1411,05
750,50	1445,87
750,70	1454,06
750,89	1525,74
751,08	1523,69
751,27	1445,87
751,46	1384,43
751,65	1413,10
751,84	1443,82
752,03	1361,90
752,22	1449,96
752,41	1335,28
752,60	1497,07
752,79	1458,15
752,98	1454,06
753,17	1474,54
753,36	1468,39
753,55	1447,91
753,74	1419,24
753,93	1470,44
754,12	1382,38
754,31	1423,34
754,50	1550,31
754,69	1396,71
754,88	1423,34
755,07	1464,30
755,26	1425,39
755,45	1386,47
755,64	1374,19
755,83	1443,82
756,02	1372,14
756,21	1433,58
756,40	1419,24
756,59	1425,39
756,78	1470,44
756,97	1468,39
757,16	1445,87
757,35	1445,87
757,54	1445,87
757,72	1460,20
757,91	1329,13
758,10	1406,95
758,29	1402,86
758,48	1474,54
758,67	1423,34
758,86	1443,82
759,05	1443,82
759,24	1488,87
759,43	1517,54
759,62	1425,39
759,81	1460,20
760,00	1468,39
760,19	1411,05
760,38	1419,24
760,57	1486,83
760,76	1409,00
760,95	1460,20
761,14	1476,59
761,33	1443,82
761,52	1404,91
761,70	1384,43
761,89	1476,59
762,08	1462,25
762,27	1384,43
762,46	1464,30
762,65	1419,24
762,84	1503,21
763,03	1458,15
763,22	1439,72
763,41	1400,81
763,60	1449,96
763,79	1435,63
763,98	1380,33
764,16	1435,63
764,35	1421,29
764,54	1484,78
764,73	1511,40
764,92	1501,16
765,11	1576,94
765,30	1445,87
765,49	1380,33
765,68	1484,78
765,87	1437,67
766,06	1413,10
766,24	1488,87
766,43	1400,81
766,62	1468,39
766,81	1456,11
767,00	1501,16
767,19	1417,19
767,38	1583,08
767,57	1386,47
767,76	1421,29
767,94	1482,73
768,13	1413,10
768,32	1484,78
768,51	1353,71
768,70	1466,35
768,89	1478,63
769,08	1452,01
769,27	1445,87
769,45	1445,87
769,64	1497,07
769,83	1429,48
770,02	1521,64
770,21	1431,53
770,40	1466,35
770,59	1413,10
770,77	1454,06
770,96	1591,27
771,15	1445,87
771,34	1466,35
771,53	1480,68
771,72	1470,44
771,91	1466,35
772,09	1431,53
772,28	1538,02
772,47	1472,49
772,66	1529,83
772,85	1466,35
773,04	1406,95
773,22	1423,34
773,41	1413,10
773,60	1437,67
773,79	1439,72
773,98	1517,54
774,17	1423,34
774,35	1490,92
774,54	1449,96
774,73	1525,74
774,92	1497,07
775,11	1490,92
775,30	1519,59
775,48	1449,96
775,67	1499,11
775,86	1445,87
776,05	1503,21
776,24	1435,63
776,42	1460,20
776,61	1507,30
776,80	1505,26
776,99	1417,19
777,18	1458,15
777,36	1458,15
777,55	1452,01
777,74	1525,74
777,93	1497,07
778,12	1425,39
778,30	1437,67
778,49	1478,63
778,68	1466,35
778,87	1433,58
779,06	1460,20
779,24	1363,95
779,43	1544,17
779,62	1425,39
779,81	1492,97
779,99	1495,02
780,18	1454,06
780,37	1456,11
780,56	1572,84
780,75	1490,92
780,93	1429,48
781,12	1396,71
781,31	1462,25
781,50	1435,63
781,68	1431,53
781,87	1404,91
782,06	1374,19
782,25	1513,45
782,43	1433,58
782,62	1478,63
782,81	1521,64
783,00	1406,95
783,18	1460,20
783,37	1349,61
783,56	1466,35
783,75	1472,49
783,93	1443,82
784,12	1406,95
784,31	1538,02
784,50	1335,28
784,68	1515,50
784,87	1382,38
785,06	1515,50
785,24	1460,20
785,43	1492,97
785,62	1449,96
785,81	1503,21
785,99	1501,16
786,18	1415,15
786,37	1427,43
786,56	1384,43
786,74	1390,57
786,93	1421,29
787,12	1384,43
787,30	1429,48
787,49	1429,48
787,68	1411,05
787,87	1464,30
788,05	1521,64
788,24	1406,95
788,43	1472,49
788,61	1425,39
788,80	1458,15
788,99	1427,43
789,17	1486,83
789,36	1325,04
789,55	1447,91
789,73	1419,24
789,92	1497,07
790,11	1413,10
790,30	1392,62
790,48	1300,46
790,67	1429,48
790,86	1429,48
791,04	1521,64
791,23	1406,95
791,42	1535,98
791,60	1386,47
791,79	1421,29
791,98	1398,76
792,16	1447,91
792,35	1447,91
792,54	1441,77
792,72	1517,54
792,91	1495,02
793,10	1394,67
793,28	1382,38
793,47	1372,14
793,66	1402,86
793,84	1421,29
794,03	1286,12
794,22	1429,48
794,40	1419,24
794,59	1456,11
794,77	1433,58
794,96	1345,52
795,15	1492,97
795,33	1374,19
795,52	1449,96
795,71	1386,47
795,89	1425,39
796,08	1411,05
796,27	1419,24
796,45	1413,10
796,64	1366,00
796,82	1449,96
797,01	1372,14
797,20	1439,72
797,38	1466,35
797,57	1357,80
797,76	1486,83
797,94	1423,34
798,13	1495,02
798,31	1447,91
798,50	1382,38
798,69	1441,77
798,87	1357,80
799,06	1409,00
799,24	1429,48
799,43	1447,91
799,62	1419,24
799,80	1435,63
799,99	1464,30
800,17	1404,91
800,36	1372,14
800,55	1427,43
800,73	1341,42
800,92	1366,00
801,10	1431,53
801,29	1366,00
801,48	1417,19
801,66	1370,09
801,85	1411,05
802,03	1417,19
802,22	1363,95
802,40	1400,81
802,59	1368,04
802,78	1443,82
802,96	1425,39
803,15	1499,11
803,33	1474,54
803,52	1380,33
803,70	1296,36
803,89	1486,83
804,08	1363,95
804,26	1460,20
804,45	1406,95
804,63	1382,38
804,82	1411,05
805,00	1392,62
805,19	1386,47
805,37	1421,29
805,56	1394,67
805,74	1349,61
805,93	1304,56
806,12	1347,56
806,30	1433,58
806,49	1458,15
806,67	1394,67
806,86	1353,71
807,04	1437,67
807,23	1392,62
807,41	1292,27
807,60	1466,35
807,78	1329,13
807,97	1722,34
808,15	1366,00
808,34	1347,56
808,52	1437,67
808,71	1462,25
808,89	1384,43
809,08	1368,04
809,27	1372,14
809,45	1384,43
809,64	1429,48
809,82	1409,00
810,01	1421,29
810,19	1464,30
810,38	1445,87
810,56	1402,86
810,75	1435,63
810,93	1456,11
811,12	1363,95
811,30	1462,25
811,49	1488,87
811,67	1445,87
811,85	1409,00
812,04	1402,86
812,22	1378,28
812,41	1449,96
812,59	1456,11
812,78	1413,10
812,96	1398,76
813,15	1433,58
813,33	1409,00
813,52	1376,24
813,70	1462,25
813,89	1437,67
814,07	1474,54
814,26	1361,90
814,44	1357,80
814,63	1390,57
814,81	1460,20
815,00	1335,28
815,18	1402,86
815,36	1423,34
815,55	1452,01
815,73	1374,19
815,92	1515,50
816,10	1468,39
816,29	1458,15
816,47	1433,58
816,66	1370,09
816,84	1443,82
817,02	1415,15
817,21	1417,19
817,39	1431,53
817,58	1392,62
817,76	1394,67
817,95	1439,72
818,13	1316,84
818,32	1454,06
818,50	1464,30
818,68	1468,39
818,87	1398,76
819,05	1458,15
819,24	1497,07
819,42	1361,90
819,60	1394,67
819,79	1402,86
819,97	1398,76
820,16	1421,29
820,34	1482,73
820,53	1400,81
820,71	1402,86
820,89	1411,05
821,08	1363,95
821,26	1447,91
821,45	1388,52
821,63	1443,82
821,81	1445,87
822,00	1456,11
822,18	1435,63
822,37	1521,64
822,55	1429,48
822,73	1413,10
822,92	1406,95
823,10	1327,08
823,28	1456,11
823,47	1376,24
823,65	1378,28
823,84	1449,96
824,02	1433,58
824,20	1409,00
824,39	1468,39
824,57	1515,50
824,75	1519,59
824,94	1505,26
825,12	1503,21
825,31	1392,62
825,49	1570,79
825,67	1402,86
825,86	1382,38
826,04	1378,28
826,22	1525,74
826,41	1515,50
826,59	1472,49
826,77	1419,24
826,96	1466,35
827,14	1452,01
827,32	1368,04
827,51	1366,00
827,69	1386,47
827,87	1427,43
828,06	1505,26
828,24	1439,72
828,42	1366,00
828,61	1482,73
828,79	1492,97
828,97	1400,81
829,16	1527,78
829,34	1458,15
829,52	1445,87
829,71	1470,44
829,89	1492,97
830,07	1456,11
830,26	1480,68
830,44	1460,20
830,62	1519,59
830,81	1357,80
830,99	1390,57
831,17	1476,59
831,36	1411,05
831,54	1476,59
831,72	1406,95
831,91	1404,91
832,09	1427,43
832,27	1382,38
832,45	1423,34
832,64	1490,92
832,82	1449,96
833,00	1357,80
833,19	1472,49
833,37	1445,87
833,55	1474,54
833,73	1419,24
833,92	1433,58
834,10	1429,48
834,28	1349,61
834,47	1484,78
834,65	1519,59
834,83	1443,82
835,01	1435,63
835,20	1423,34
835,38	1439,72
835,56	1472,49
835,74	1429,48
835,93	1507,30
836,11	1540,07
836,29	1421,29
836,47	1525,74
836,66	1388,52
836,84	1566,70
837,02	1441,77
837,21	1535,98
837,39	1409,00
837,57	1409,00
837,75	1452,01
837,94	1439,72
838,12	1382,38
838,30	1409,00
838,48	1464,30
838,66	1492,97
838,85	1490,92
839,03	1445,87
839,21	1355,76
839,39	1413,10
839,58	1396,71
839,76	1538,02
839,94	1462,25
840,12	1525,74
840,31	1490,92
840,49	1392,62
840,67	1480,68
840,85	1384,43
841,03	1406,95
841,22	1484,78
841,40	1452,01
841,58	1503,21
841,76	1445,87
841,94	1452,01
842,13	1570,79
842,31	1509,35
842,49	1499,11
842,67	1433,58
842,85	1474,54
843,04	1398,76
843,22	1501,16
843,40	1505,26
843,58	1497,07
843,76	1472,49
843,95	1533,93
844,13	1538,02
844,31	1374,19
844,49	1445,87
844,67	1447,91
844,86	1466,35
845,04	1415,15
845,22	1449,96
845,40	1480,68
845,58	1550,31
845,76	1443,82
845,95	1474,54
846,13	1417,19
846,31	1492,97
846,49	1478,63
846,67	1454,06
846,85	1406,95
847,04	1505,26
847,22	1390,57
847,40	1544,17
847,58	1411,05
847,76	1452,01
847,94	1423,34
848,12	1497,07
848,31	1495,02
848,49	1423,34
848,67	1406,95
848,85	1492,97
849,03	1468,39
849,21	1519,59
849,39	1523,69
849,58	1456,11
849,76	1554,41
849,94	1505,26
850,12	1417,19
850,30	1484,78
850,48	1472,49
850,66	1472,49
850,84	1478,63
851,03	1497,07
851,21	1449,96
851,39	1441,77
851,57	1542,12
851,75	1386,47
851,93	1458,15
852,11	1482,73
852,29	1447,91
852,47	1445,87
852,66	1615,85
852,84	1404,91
853,02	1454,06
853,20	1505,26
853,38	1519,59
853,56	1476,59
853,74	1376,24
853,92	1464,30
854,10	1386,47
854,28	1431,53
854,46	1492,97
854,65	1458,15
854,83	1372,14
855,01	1419,24
855,19	1439,72
855,37	1480,68
855,55	1501,16
855,73	1476,59
855,91	1435,63
856,09	1415,15
856,27	1505,26
856,45	1519,59
856,63	1427,43
856,81	1456,11
857,00	1542,12
857,18	1437,67
857,36	1544,17
857,54	1542,12
857,72	1497,07
857,90	1511,40
858,08	1497,07
858,26	1542,12
858,44	1533,93
858,62	1404,91
858,80	1388,52
858,98	1488,87
859,16	1476,59
859,34	1470,44
859,52	1490,92
859,70	1478,63
859,88	1472,49
860,06	1480,68
860,24	1425,39
860,42	1470,44
860,60	1474,54
860,78	1476,59
860,96	1470,44
861,14	1433,58
861,32	1556,46
861,50	1425,39
861,69	1511,40
861,87	1488,87
862,05	1427,43
862,23	1454,06
862,41	1425,39
862,59	1525,74
862,77	1368,04
862,95	1421,29
863,13	1554,41
863,31	1527,78
863,49	1378,28
863,67	1454,06
863,85	1447,91
864,03	1509,35
864,21	1462,25
864,39	1527,78
864,57	1454,06
864,75	1484,78
864,92	1550,31
865,10	1484,78
865,28	1417,19
865,46	1380,33
865,64	1464,30
865,82	1488,87
866,00	1441,77
866,18	1431,53
866,36	1439,72
866,54	1468,39
866,72	1460,20
866,90	1509,35
867,08	1509,35
867,26	1421,29
867,44	1374,19
867,62	1437,67
867,80	1437,67
867,98	1542,12
868,16	1464,30
868,34	1474,54
868,52	1388,52
868,70	1497,07
868,88	1396,71
869,06	1497,07
869,24	1439,72
869,42	1384,43
869,59	1452,01
869,77	1458,15
869,95	1396,71
870,13	1394,67
870,31	1437,67
870,49	1488,87
870,67	1452,01
870,85	1419,24
871,03	1492,97
871,21	1630,18
871,39	1452,01
871,57	1431,53
871,75	1513,45
871,92	1423,34
872,10	1482,73
872,28	1392,62
872,46	1443,82
872,64	1497,07
872,82	1411,05
873,00	1441,77
873,18	1499,11
873,36	1488,87
873,54	1392,62
873,72	1417,19
873,89	1456,11
874,07	1398,76
874,25	1554,41
874,43	1507,30
874,61	1456,11
874,79	1488,87
874,97	1419,24
875,15	1472,49
875,33	1310,70
875,50	1499,11
875,68	1368,04
875,86	1449,96
876,04	1417,19
876,22	1550,31
876,40	1456,11
876,58	1443,82
876,76	1443,82
876,93	1513,45
877,11	1411,05
877,29	1521,64
877,47	1421,29
877,65	1447,91
877,83	1460,20
878,01	1406,95
878,18	1429,48
878,36	1480,68
878,54	1468,39
878,72	1439,72
878,90	1474,54
879,08	1492,97
879,25	1466,35
879,43	1386,47
879,61	1462,25
879,79	1521,64
879,97	1480,68
880,15	1497,07
880,32	1456,11
880,50	1431,53
880,68	1441,77
880,86	1503,21
881,04	1548,26
881,22	1431,53
881,39	1505,26
881,57	1445,87
881,75	1470,44
881,93	1505,26
882,11	1433,58
882,28	1466,35
882,46	1476,59
882,64	1423,34
882,82	1449,96
883,00	1404,91
883,18	1466,35
883,35	1447,91
883,53	1402,86
883,71	1347,56
883,89	1503,21
884,07	1361,90
884,24	1474,54
884,42	1482,73
884,60	1486,83
884,78	1523,69
884,95	1359,85
885,13	1368,04
885,31	1492,97
885,49	1437,67
885,67	1462,25
885,84	1460,20
886,02	1445,87
886,20	1445,87
886,38	1409,00
886,55	1433,58
886,73	1462,25
886,91	1495,02
887,09	1441,77
887,26	1439,72
887,44	1449,96
887,62	1474,54
887,80	1486,83
887,98	1411,05
888,15	1419,24
888,33	1419,24
888,51	1417,19
888,69	1478,63
888,86	1431,53
889,04	1529,83
889,22	1372,14
889,39	1525,74
889,57	1472,49
889,75	1390,57
889,93	1482,73
890,10	1419,24
890,28	1470,44
890,46	1499,11
890,64	1492,97
890,81	1449,96
890,99	1417,19
891,17	1390,57
891,34	1447,91
891,52	1488,87
891,70	1368,04
891,88	1376,24
892,05	1529,83
892,23	1460,20
892,41	1423,34
892,58	1402,86
892,76	1519,59
892,94	1433,58
893,12	1400,81
893,29	1443,82
893,47	1452,01
893,65	1380,33
893,82	1507,30
894,00	1449,96
894,18	1333,23
894,35	1472,49
894,53	1466,35
894,71	1447,91
894,89	1497,07
895,06	1460,20
895,24	1382,38
895,42	1443,82
895,59	1478,63
895,77	1472,49
895,95	1499,11
896,12	1419,24
896,30	1527,78
896,48	1316,84
896,65	1445,87
896,83	1472,49
897,01	1404,91
897,18	1497,07
897,36	1495,02
897,54	1505,26
897,71	1439,72
897,89	1421,29
898,07	1417,19
898,24	1390,57
898,42	1382,38
898,59	1533,93
898,77	1417,19
898,95	1454,06
899,12	1517,54
899,30	1447,91
899,48	1449,96
899,65	1435,63
899,83	1447,91
900,01	1433,58
900,18	1474,54
900,36	1501,16
900,53	1415,15
900,71	1484,78
900,89	1499,11
901,06	1431,53
901,24	1460,20
901,42	1447,91
901,59	1404,91
901,77	1466,35
901,94	1435,63
902,12	1503,21
902,30	1495,02
902,47	1472,49
902,65	1460,20
902,82	1464,30
903,00	1482,73
903,18	1374,19
903,35	1476,59
903,53	1482,73
903,70	1435,63
903,88	1402,86
904,06	1433,58
904,23	1478,63
904,41	1460,20
904,58	1409,00
904,76	1550,31
904,93	1490,92
905,11	1411,05
905,29	1472,49
905,46	1441,77
905,64	1478,63
905,81	1396,71
905,99	1384,43
906,16	1458,15
906,34	1417,19
906,52	1400,81
906,69	1495,02
906,87	1443,82
907,04	1368,04
907,22	1345,52
907,39	1529,83
907,57	1454,06
907,75	1433,58
907,92	1400,81
908,10	1501,16
908,27	1413,10
908,45	1456,11
908,62	1392,62
908,80	1380,33
908,97	1462,25
909,15	1470,44
909,32	1443,82
909,50	1527,78
909,67	1341,42
909,85	1454,06
910,03	1298,41
910,20	1443,82
910,38	1423,34
910,55	1437,67
910,73	1527,78
910,90	1454,06
911,08	1505,26
911,25	1456,11
911,43	1552,36
911,60	1394,67
911,78	1439,72
911,95	1501,16
912,13	1472,49
912,30	1464,30
912,48	1497,07
912,65	1384,43
912,83	1417,19
913,00	1454,06
913,18	1462,25
913,35	1470,44
913,53	1458,15
913,70	1525,74
913,88	1435,63
914,05	1546,22
914,23	1413,10
914,40	1533,93
914,58	1488,87
914,75	1474,54
914,93	1431,53
915,10	1492,97
915,27	1415,15
915,45	1441,77
915,62	1447,91
915,80	1497,07
915,97	1468,39
916,15	1486,83
916,32	1527,78
916,50	1452,01
916,67	1462,25
916,85	1503,21
917,02	1460,20
917,20	1578,98
917,37	1456,11
917,54	1484,78
917,72	1476,59
917,89	1492,97
918,07	1409,00
918,24	1578,98
918,42	1415,15
918,59	1482,73
918,77	1546,22
918,94	1503,21
919,11	1370,09
919,29	1447,91
919,46	1529,83
919,64	1486,83
919,81	1478,63
919,99	1431,53
920,16	1525,74
920,33	1417,19
920,51	1441,77
920,68	1523,69
920,86	1411,05
921,03	1497,07
921,20	1447,91
921,38	1497,07
921,55	1468,39
921,73	1382,38
921,90	1425,39
922,07	1413,10
922,25	1445,87
922,42	1409,00
922,60	1454,06
922,77	1490,92
922,94	1480,68
923,12	1392,62
923,29	1501,16
923,47	1447,91
923,64	1427,43
923,81	1521,64
923,99	1443,82
924,16	1462,25
924,34	1468,39
924,51	1425,39
924,68	1507,30
924,86	1452,01
925,03	1423,34
925,20	1445,87
925,38	1523,69
925,55	1511,40
925,72	1454,06
925,90	1497,07
926,07	1482,73
926,25	1431,53
926,42	1548,26
926,59	1384,43
926,77	1433,58
926,94	1497,07
927,11	1390,57
927,29	1452,01
927,46	1476,59
927,63	1601,51
927,81	1441,77
927,98	1470,44
928,15	1431,53
928,33	1544,17
928,50	1492,97
928,67	1550,31
928,85	1454,06
929,02	1476,59
929,19	1513,45
929,37	1445,87
929,54	1433,58
929,71	1482,73
929,89	1355,76
930,06	1484,78
930,23	1525,74
930,41	1492,97
930,58	1527,78
930,75	1533,93
930,92	1525,74
931,10	1452,01
931,27	1394,67
931,44	1542,12
931,62	1509,35
931,79	1437,67
931,96	1519,59
932,14	1540,07
932,31	1497,07
932,48	1454,06
932,65	1449,96
932,83	1566,70
933,00	1445,87
933,17	1513,45
933,35	1447,91
933,52	1521,64
933,69	1460,20
933,86	1499,11
934,04	1503,21
934,21	1409,00
934,38	1499,11
934,55	1458,15
934,73	1439,72
934,90	1495,02
935,07	1462,25
935,25	1462,25
935,42	1357,80
935,59	1503,21
935,76	1501,16
935,94	1411,05
936,11	1482,73
936,28	1513,45
936,45	1513,45
936,63	1454,06
936,80	1398,76
936,97	1449,96
937,14	1517,54
937,31	1486,83
937,49	1386,47
937,66	1449,96
937,83	1454,06
938,00	1378,28
938,18	1484,78
938,35	1406,95
938,52	1460,20
938,69	1443,82
938,87	1472,49
939,04	1400,81
939,21	1460,20
939,38	1400,81
939,55	1417,19
939,73	1441,77
939,90	1458,15
940,07	1431,53
940,24	1419,24
940,41	1466,35
940,59	1392,62
940,76	1460,20
940,93	1439,72
941,10	1396,71
941,27	1425,39
941,45	1517,54
941,62	1458,15
941,79	1466,35
941,96	1456,11
942,13	1464,30
942,31	1427,43
942,48	1531,88
942,65	1564,65
942,82	1439,72
942,99	1468,39
943,16	1503,21
943,34	1525,74
943,51	1513,45
943,68	1476,59
943,85	1427,43
944,02	1521,64
944,19	1505,26
944,37	1488,87
944,54	1425,39
944,71	1419,24
944,88	1409,00
945,05	1452,01
945,22	1466,35
945,40	1411,05
945,57	1443,82
945,74	1445,87
945,91	1511,40
946,08	1468,39
946,25	1445,87
946,42	1437,67
946,60	1435,63
946,77	1546,22
946,94	1531,88
947,11	1484,78
947,28	1374,19
947,45	1411,05
947,62	1529,83
947,79	1531,88
947,97	1519,59
948,14	1574,89
948,31	1497,07
948,48	1439,72
948,65	1482,73
948,82	1406,95
948,99	1421,29
949,16	1558,50
949,33	1511,40
949,51	1423,34
949,68	1372,14
949,85	1480,68
950,02	1361,90
950,19	1435,63
950,36	1515,50
950,53	1402,86
950,70	1486,83
950,87	1460,20
951,04	1433,58
951,22	1476,59
951,39	1488,87
951,56	1474,54
951,73	1427,43
951,90	1425,39
952,07	1441,77
952,24	1468,39
952,41	1521,64
952,58	1474,54
952,75	1482,73
952,92	1425,39
953,09	1429,48
953,26	1449,96
953,43	1394,67
953,61	1552,36
953,78	1464,30
953,95	1402,86
954,12	1443,82
954,29	1435,63
954,46	1452,01
954,63	1488,87
954,80	1503,21
954,97	1476,59
955,14	1404,91
955,31	1460,20
955,48	1503,21
955,65	1472,49
955,82	1404,91
955,99	1550,31
956,16	1415,15
956,33	1509,35
956,50	1419,24
956,67	1478,63
956,84	1476,59
957,01	1460,20
957,18	1370,09
957,35	1466,35
957,52	1480,68
957,69	1466,35
957,86	1478,63
958,03	1482,73
958,20	1458,15
958,37	1404,91
958,54	1382,38
958,71	1447,91
958,88	1595,37
959,05	1437,67
959,22	1447,91
959,39	1406,95
959,56	1452,01
959,73	1476,59
959,90	1468,39
960,07	1445,87
960,24	1396,71
960,41	1458,15
960,58	1544,17
960,75	1406,95
960,92	1454,06
961,09	1540,07
961,26	1525,74
961,43	1421,29
961,60	1472,49
961,77	1361,90
961,94	1388,52
962,11	1497,07
962,28	1507,30
962,45	1452,01
962,62	1419,24
962,79	1472,49
962,96	1517,54
963,13	1433,58
963,30	1464,30
963,47	1488,87
963,64	1411,05
963,81	1415,15
963,98	1419,24
964,14	1486,83
964,31	1529,83
964,48	1527,78
964,65	1501,16
964,82	1366,00
964,99	1492,97
965,16	1470,44
965,33	1372,14
965,50	1433,58
965,67	1460,20
965,84	1501,16
966,01	1372,14
966,18	1445,87
966,35	1392,62
966,51	1466,35
966,68	1456,11
966,85	1439,72
967,02	1470,44
967,19	1466,35
967,36	1394,67
967,53	1372,14
967,70	1415,15
967,87	1394,67
968,04	1519,59
968,21	1480,68
968,37	1466,35
968,54	1427,43
968,71	1402,86
968,88	1353,71
969,05	1519,59
969,22	1439,72
969,39	1470,44
969,56	1423,34
969,72	1372,14
969,89	1445,87
970,06	1550,31
970,23	1359,85
970,40	1468,39
970,57	1425,39
970,74	1529,83
970,91	1370,09
971,07	1429,48
971,24	1517,54
971,41	1452,01
971,58	1441,77
971,75	1419,24
971,92	1404,91
972,09	1456,11
972,25	1458,15
972,42	1482,73
972,59	1456,11
972,76	1511,40
972,93	1357,80
973,10	1390,57
973,27	1503,21
973,43	1372,14
973,60	1454,06
973,77	1503,21
973,94	1413,10
974,11	1429,48
974,28	1478,63
974,44	1374,19
974,61	1495,02
974,78	1427,43
974,95	1513,45
975,12	1454,06
975,28	1482,73
975,45	1435,63
975,62	1415,15
975,79	1415,15
975,96	1392,62
976,12	1456,11
976,29	1466,35
976,46	1454,06
976,63	1423,34
976,80	1415,15
976,96	1443,82
977,13	1462,25
977,30	1388,52
977,47	1447,91
977,64	1425,39
977,80	1374,19
977,97	1449,96
978,14	1470,44
978,31	1419,24
978,48	1386,47
978,64	1423,34
978,81	1470,44
978,98	1419,24
979,15	1417,19
979,31	1423,34
979,48	1425,39
979,65	1433,58
979,82	1515,50
979,98	1331,18
980,15	1409,00
980,32	1482,73
980,49	1427,43
980,66	1335,28
980,82	1394,67
980,99	1409,00
981,16	1396,71
981,33	1480,68
981,49	1345,52
981,66	1458,15
981,83	1355,76
981,99	1370,09
982,16	1406,95
982,33	1441,77
982,50	1431,53
982,66	1486,83
982,83	1423,34
983,00	1433,58
983,17	1347,56
983,33	1419,24
983,50	1468,39
983,67	1413,10
983,83	1474,54
984,00	1353,71
984,17	1474,54
984,34	1437,67
984,50	1318,89
984,67	1411,05
984,84	1433,58
985,00	1380,33
985,17	1370,09
985,34	1425,39
985,51	1386,47
985,67	1404,91
985,84	1431,53
986,01	1406,95
986,17	1370,09
986,34	1474,54
986,51	1339,37
986,67	1322,99
986,84	1427,43
987,01	1423,34
987,17	1445,87
987,34	1374,19
987,51	1404,91
987,67	1390,57
987,84	1394,67
988,01	1480,68
988,17	1320,94
988,34	1320,94
988,51	1470,44
988,67	1505,26
988,84	1368,04
989,01	1322,99
989,17	1357,80
989,34	1374,19
989,51	1435,63
989,67	1427,43
989,84	1402,86
990,01	1468,39
990,17	1507,30
990,34	1437,67
990,51	1415,15
990,67	1409,00
990,84	1386,47
991,01	1357,80
991,17	1411,05
991,34	1435,63
991,50	1445,87
991,67	1449,96
991,84	1292,27
992,00	1363,95
992,17	1402,86
992,34	1437,67
992,50	1390,57
992,67	1357,80
992,83	1378,28
993,00	1380,33
993,17	1488,87
993,33	1378,28
993,50	1429,48
993,66	1480,68
993,83	1501,16
994,00	1458,15
994,16	1370,09
994,33	1366,00
994,49	1411,05
994,66	1390,57
994,83	1359,85
994,99	1447,91
995,16	1409,00
995,32	1525,74
995,49	1484,78
995,66	1441,77
995,82	1337,32
995,99	1394,67
996,15	1378,28
996,32	1378,28
996,48	1384,43
996,65	1374,19
996,82	1396,71
996,98	1349,61
997,15	1345,52
997,31	1398,76
997,48	1423,34
997,64	1400,81
997,81	1406,95
997,97	1374,19
998,14	1339,37
998,31	1370,09
998,47	1384,43
998,64	1435,63
998,80	1374,19
998,97	1402,86
999,13	1456,11
999,30	1322,99
999,46	1394,67
999,63	1361,90
999,79	1486,83
999,96	1460,20
1000,12	1386,47
1000,29	1411,05
1000,45	1396,71
1000,62	1302,51
1000,79	1519,59
1000,95	1427,43
1001,12	1429,48
1001,28	1431,53
1001,45	1431,53
1001,61	1425,39
1001,78	1427,43
1001,94	1497,07
1002,11	1466,35
1002,27	1409,00
1002,44	1337,32
1002,60	1402,86
1002,77	1544,17
1002,93	1460,20
1003,10	1366,00
1003,26	1433,58
1003,43	1437,67
1003,59	1427,43
1003,76	1431,53
1003,92	1386,47
1004,09	1392,62
1004,25	1425,39
1004,41	1417,19
1004,58	1390,57
1004,74	1382,38
1004,91	1382,38
1005,07	1382,38
1005,24	1421,29
1005,40	1415,15
1005,57	1390,57
1005,73	1456,11
1005,90	1376,24
1006,06	1460,20
1006,23	1409,00
1006,39	1372,14
1006,55	1396,71
1006,72	1306,60
1006,88	1521,64
1007,05	1462,25
1007,21	1429,48
1007,38	1388,52
1007,54	1419,24
1007,71	1355,76
1007,87	1431,53
1008,03	1394,67
1008,20	1396,71
1008,36	1411,05
1008,53	1439,72
1008,69	1437,67
1008,86	1425,39
1009,02	1300,46
1009,18	1406,95
1009,35	1404,91
1009,51	1310,70
1009,68	1443,82
1009,84	1411,05
1010,01	1443,82
1010,17	1372,14
1010,33	1439,72
1010,50	1421,29
1010,66	1517,54
1010,83	1468,39
1010,99	1431,53
1011,15	1302,51
1011,32	1525,74
1011,48	1464,30
1011,65	1435,63
1011,81	1349,61
1011,97	1341,42
1012,14	1576,94
1012,30	1392,62
1012,46	1435,63
1012,63	1384,43
1012,79	1372,14
1012,96	1370,09
1013,12	1406,95
1013,28	1441,77
1013,45	1368,04
1013,61	1390,57
1013,77	1447,91
1013,94	1386,47
1014,10	1372,14
1014,26	1384,43
1014,43	1394,67
1014,59	1329,13
1014,76	1396,71
1014,92	1476,59
1015,08	1368,04
1015,25	1304,56
1015,41	1372,14
1015,57	1425,39
1015,74	1386,47
1015,90	1361,90
1016,06	1406,95
1016,23	1355,76
1016,39	1417,19
1016,55	1503,21
1016,72	1429,48
1016,88	1400,81
1017,04	1322,99
1017,21	1386,47
1017,37	1349,61
1017,53	1406,95
1017,70	1441,77
1017,86	1380,33
1018,02	1384,43
1018,19	1357,80
1018,35	1406,95
1018,51	1335,28
1018,67	1335,28
1018,84	1363,95
1019,00	1374,19
1019,16	1409,00
1019,33	1353,71
1019,49	1474,54
1019,65	1345,52
1019,82	1386,47
1019,98	1390,57
1020,14	1411,05
1020,30	1554,41
1020,47	1279,98
1020,63	1437,67
1020,79	1400,81
1020,96	1318,89
1021,12	1376,24
1021,28	1511,40
1021,44	1409,00
1021,61	1447,91
1021,77	1333,23
1021,93	1388,52
1022,09	1429,48
1022,26	1441,77
1022,42	1345,52
1022,58	1456,11
1022,74	1421,29
1022,91	1411,05
1023,07	1396,71
1023,23	1415,15
1023,39	1406,95
1023,56	1368,04
1023,72	1452,01
1023,88	1361,90
1024,04	1337,32
1024,21	1314,80
1024,37	1349,61
1024,53	1435,63
1024,69	1370,09
1024,86	1404,91
1025,02	1380,33
1025,18	1398,76
1025,34	1417,19
1025,50	1464,30
1025,67	1325,04
1025,83	1415,15
1025,99	1413,10
1026,15	1456,11
1026,32	1429,48
1026,48	1359,85
1026,64	1419,24
1026,80	1404,91
1026,96	1462,25
1027,13	1515,50
1027,29	1417,19
1027,45	1366,00
1027,61	1329,13
1027,77	1398,76
1027,94	1374,19
1028,10	1458,15
1028,26	1382,38
1028,42	1361,90
1028,58	1449,96
1028,75	1294,32
1028,91	1435,63
1029,07	1417,19
1029,23	1382,38
1029,39	1374,19
1029,55	1431,53
1029,72	1404,91
1029,88	1427,43
1030,04	1470,44
1030,20	1384,43
1030,36	1380,33
1030,52	1427,43
1030,69	1423,34
1030,85	1464,30
1031,01	1372,14
1031,17	1445,87
1031,33	1435,63
1031,49	1411,05
1031,65	1409,00
1031,82	1404,91
1031,98	1363,95
1032,14	1427,43
1032,30	1433,58
1032,46	1452,01
1032,62	1456,11
1032,78	1435,63
1032,95	1411,05
1033,11	1462,25
1033,27	1415,15
1033,43	1429,48
1033,59	1417,19
1033,75	1402,86
1033,91	1458,15
1034,07	1452,01
1034,24	1353,71
1034,40	1353,71
1034,56	1357,80
1034,72	1349,61
1034,88	1415,15
1035,04	1433,58
1035,20	1402,86
1035,36	1386,47
1035,52	1376,24
1035,68	1341,42
1035,85	1388,52
1036,01	1456,11
1036,17	1490,92
1036,33	1460,20
1036,49	1357,80
1036,65	1394,67
1036,81	1447,91
1036,97	1415,15
1037,13	1329,13
1037,29	1378,28
1037,45	1503,21
1037,61	1421,29
1037,78	1409,00
1037,94	1423,34
1038,10	1402,86
1038,26	1458,15
1038,42	1370,09
1038,58	1310,70
1038,74	1421,29
1038,90	1415,15
1039,06	1488,87
1039,22	1339,37
1039,38	1368,04
1039,54	1320,94
1039,70	1456,11
1039,86	1374,19
1040,02	1388,52
1040,18	1474,54
1040,34	1400,81
1040,50	1466,35
1040,66	1452,01
1040,83	1415,15
1040,99	1355,76
1041,15	1435,63
1041,31	1443,82
1041,47	1447,91
1041,63	1370,09
1041,79	1343,47
1041,95	1423,34
1042,11	1415,15
1042,27	1441,77
1042,43	1404,91
1042,59	1421,29
1042,75	1331,18
1042,91	1404,91
