344,25	1294,32
344,46	1294,32
344,68	1294,32
344,90	1290,22
345,12	1255,40
345,34	1357,80
345,55	1439,72
345,77	1474,54
345,99	1374,19
346,21	1544,17
346,42	1366,00
346,64	1425,39
346,86	1384,43
347,08	1419,24
347,30	1445,87
347,51	1384,43
347,73	1429,48
347,95	1425,39
348,17	1394,67
348,38	1441,77
348,60	1419,24
348,82	1441,77
349,04	1404,91
349,25	1460,20
349,47	1480,68
349,69	1503,21
349,91	1447,91
350,13	1343,47
350,34	1429,48
350,56	1343,47
350,78	1400,81
351,00	1396,71
351,21	1517,54
351,43	1501,16
351,65	1474,54
351,87	1441,77
352,08	1443,82
352,30	1357,80
352,52	1384,43
352,74	1454,06
352,95	1476,59
353,17	1390,57
353,39	1400,81
353,61	1429,48
353,82	1406,95
354,04	1472,49
354,26	1433,58
354,47	1406,95
354,69	1445,87
354,91	1454,06
355,13	1382,38
355,34	1372,14
355,56	1372,14
355,78	1513,45
356,00	1497,07
356,21	1376,24
356,43	1384,43
356,65	1452,01
356,86	1398,76
357,08	1466,35
357,30	1513,45
357,52	1413,10
357,73	1447,91
357,95	1419,24
358,17	1392,62
358,38	1345,52
358,60	1421,29
358,82	1402,86
359,04	1449,96
359,25	1566,70
359,47	1529,83
359,69	1445,87
359,90	1507,30
360,12	1572,84
360,34	1492,97
360,56	1482,73
360,77	1544,17
360,99	1505,26
361,21	1470,44
361,42	1544,17
361,64	1517,54
361,86	1488,87
362,07	1624,04
362,29	1523,69
362,51	1589,22
362,73	1554,41
362,94	1574,89
363,16	1617,90
363,38	1492,97
363,59	1550,31
363,81	1540,07
364,03	1578,98
364,24	1619,94
364,46	1484,78
364,68	1621,99
364,89	1566,70
365,11	1568,74
365,33	1619,94
365,54	1601,51
365,76	1552,36
365,98	1574,89
366,19	1538,02
366,41	1665,00
366,63	1538,02
366,84	1626,09
367,06	1572,84
367,28	1681,38
367,49	1691,62
367,71	1585,13
367,93	1503,21
368,14	1578,98
368,36	1585,13
368,58	1644,52
368,79	1568,74
369,01	1621,99
369,23	1671,14
369,44	1603,56
369,66	1501,16
369,88	1634,28
370,09	1546,22
370,31	1593,32
370,53	1607,66
370,74	1624,04
370,96	1581,03
371,18	1630,18
371,39	1562,60
371,61	1611,75
371,82	1611,75
372,04	1568,74
372,26	1548,26
372,47	1546,22
372,69	1533,93
372,91	1572,84
373,12	1540,07
373,34	1607,66
373,56	1562,60
373,77	1564,65
373,99	1578,98
374,20	1628,14
374,42	1550,31
374,64	1613,80
374,85	1525,74
375,07	1576,94
375,29	1511,40
375,50	1564,65
375,72	1501,16
375,93	1574,89
376,15	1490,92
376,37	1583,08
376,58	1533,93
376,80	1535,98
377,01	1503,21
377,23	1566,70
377,45	1548,26
377,66	1558,50
377,88	1497,07
378,10	1525,74
378,31	1468,39
378,53	1615,85
378,74	1476,59
378,96	1591,27
379,18	1531,88
379,39	1503,21
379,61	1505,26
379,82	1521,64
380,04	1495,02
380,26	1488,87
380,47	1505,26
380,69	1509,35
380,90	1497,07
381,12	1437,67
381,33	1400,81
381,55	1474,54
381,77	1525,74
381,98	1490,92
382,20	1413,10
382,41	1478,63
382,63	1425,39
382,85	1460,20
383,06	1525,74
383,28	1480,68
383,49	1411,05
383,71	1462,25
383,92	1474,54
384,14	1449,96
384,36	1406,95
384,57	1435,63
384,79	1396,71
385,00	1501,16
385,22	1441,77
385,43	1400,81
385,65	1464,30
385,87	1460,20
386,08	1411,05
386,30	1355,76
386,51	1452,01
386,73	1445,87
386,94	1460,20
387,16	1400,81
387,37	1523,69
387,59	1429,48
387,81	1415,15
388,02	1511,40
388,24	1400,81
388,45	1454,06
388,67	1484,78
388,88	1472,49
389,10	1394,67
389,31	1435,63
389,53	1499,11
389,75	1505,26
389,96	1429,48
390,18	1488,87
390,39	1413,10
390,61	1505,26
390,82	1409,00
391,04	1472,49
391,25	1460,20
391,47	1339,37
391,68	1392,62
391,90	1441,77
392,11	1501,16
392,33	1425,39
392,54	1417,19
392,76	1492,97
392,97	1413,10
393,19	1495,02
393,41	1542,12
393,62	1558,50
393,84	1462,25
394,05	1464,30
394,27	1499,11
394,48	1441,77
394,70	1538,02
394,91	1484,78
395,13	1529,83
395,34	1468,39
395,56	1495,02
395,77	1533,93
395,99	1441,77
396,20	1523,69
396,42	1488,87
396,63	1542,12
396,85	1480,68
397,06	1515,50
397,28	1535,98
397,49	1531,88
397,71	1560,55
397,92	1513,45
398,14	1533,93
398,35	1591,27
398,57	1507,30
398,78	1552,36
399,00	1503,21
399,21	1533,93
399,43	1488,87
399,64	1568,74
399,86	1587,18
400,07	1587,18
400,29	1454,06
400,50	1615,85
400,72	1554,41
400,93	1544,17
401,14	1507,30
401,36	1558,50
401,57	1529,83
401,79	1648,61
402,00	1529,83
402,22	1583,08
402,43	1517,54
402,65	1527,78
402,86	1495,02
403,08	1554,41
403,29	1535,98
403,51	1601,51
403,72	1523,69
403,94	1552,36
404,15	1581,03
404,36	1560,55
404,58	1808,36
404,79	1587,18
405,01	1564,65
405,22	1540,07
405,44	1570,79
405,65	1613,80
405,87	1564,65
406,08	1542,12
406,30	1517,54
406,51	1619,94
406,72	1581,03
406,94	1568,74
407,15	1527,78
407,37	1552,36
407,58	1540,07
407,80	1595,37
408,01	1470,44
408,23	1505,26
408,44	1619,94
408,65	1478,63
408,87	1523,69
409,08	1505,26
409,30	1574,89
409,51	1476,59
409,73	1490,92
409,94	1566,70
410,15	1669,09
410,37	1466,35
410,58	1538,02
410,80	1527,78
411,01	1439,72
411,23	1546,22
411,44	1542,12
411,65	1554,41
411,87	1497,07
412,08	1484,78
412,30	1564,65
412,51	1519,59
412,72	1660,90
412,94	1486,83
413,15	1509,35
413,37	1538,02
413,58	1517,54
413,79	1507,30
414,01	1495,02
414,22	1476,59
414,44	1597,42
414,65	1548,26
414,86	1564,65
415,08	1556,46
415,29	1583,08
415,51	1505,26
415,72	1558,50
415,93	1474,54
416,15	1458,15
416,36	1568,74
416,58	1497,07
416,79	1456,11
417,00	1533,93
417,22	1466,35
417,43	1497,07
417,65	1521,64
417,86	1607,66
418,07	1619,94
418,29	1535,98
418,50	1554,41
418,71	1503,21
418,93	1509,35
419,14	1480,68
419,36	1542,12
419,57	1605,61
419,78	1578,98
420,00	1507,30
420,21	1472,49
420,42	1505,26
420,64	1581,03
420,85	1538,02
421,06	1572,84
421,28	1540,07
421,49	1525,74
421,71	1669,09
421,92	1521,64
422,13	1564,65
422,35	1609,70
422,56	1583,08
422,77	1511,40
422,99	1628,14
423,20	1626,09
423,41	1593,32
423,63	1634,28
423,84	1615,85
424,05	1615,85
424,27	1615,85
424,48	1556,46
424,69	1595,37
424,91	1923,04
425,12	1535,98
425,33	1597,42
425,55	1538,02
425,76	1640,42
425,97	1619,94
426,19	1628,14
426,40	1564,65
426,61	1652,71
426,83	1605,61
427,04	1673,19
427,25	1591,27
427,47	1734,63
427,68	1658,85
427,89	1562,60
428,11	1617,90
428,32	1566,70
428,53	1525,74
428,75	1538,02
428,96	1671,14
429,17	1538,02
429,39	1572,84
429,60	1652,71
429,81	1722,34
430,03	1609,70
430,24	1509,35
430,45	1632,23
430,67	1601,51
430,88	1662,95
431,09	1566,70
431,30	1552,36
431,52	1619,94
431,73	1578,98
431,94	1624,04
432,16	1607,66
432,37	1650,66
432,58	1619,94
432,80	1533,93
433,01	1613,80
433,22	1503,21
433,43	1568,74
433,65	1613,80
433,86	1464,30
434,07	1509,35
434,29	1458,15
434,50	1474,54
434,71	1503,21
434,92	1597,42
435,14	1470,44
435,35	1572,84
435,56	1507,30
435,77	1578,98
435,99	1548,26
436,20	1607,66
436,41	1595,37
436,63	1468,39
436,84	1538,02
437,05	1472,49
437,26	1558,50
437,48	1570,79
437,69	1562,60
437,90	1499,11
438,11	1501,16
438,33	1509,35
438,54	1519,59
438,75	1560,55
438,96	1558,50
439,18	1513,45
439,39	1603,56
439,60	1472,49
439,82	1589,22
440,03	1566,70
440,24	1607,66
440,45	1515,50
440,67	1505,26
440,88	1519,59
441,09	1609,70
441,30	1617,90
441,51	1572,84
441,73	1527,78
441,94	1621,99
442,15	1519,59
442,36	1597,42
442,58	1431,53
442,79	1595,37
443,00	1501,16
443,21	1560,55
443,43	1544,17
443,64	1617,90
443,85	1533,93
444,06	1714,15
444,28	1611,75
444,49	1527,78
444,70	1667,05
444,91	1640,42
445,12	1548,26
445,34	1603,56
445,55	1646,57
445,76	1560,55
445,97	1595,37
446,18	1581,03
446,40	1726,44
446,61	1648,61
446,82	1615,85
447,03	1716,20
447,25	1665,00
447,46	1576,94
447,67	1681,38
447,88	1562,60
448,09	1656,81
448,31	1708,01
448,52	1632,23
448,73	1734,63
448,94	1605,61
449,15	1646,57
449,37	1667,05
449,58	1710,05
449,79	1689,57
450,00	1794,02
450,21	1662,95
450,43	1658,85
450,64	1726,44
450,85	1689,57
451,06	1855,46
451,27	1746,92
451,48	1736,68
451,70	1765,35
451,91	1675,24
452,12	1824,74
452,33	1808,36
452,54	1822,69
452,76	1785,83
452,97	1882,08
453,18	1771,49
453,39	1863,65
453,60	1918,95
453,81	1800,16
454,03	1796,07
454,24	1839,08
454,45	1886,18
454,66	1781,73
454,87	1892,32
455,08	1859,56
455,30	1931,23
455,51	1943,52
455,72	1888,23
455,93	1925,09
456,14	1877,99
456,35	1875,94
456,56	2078,69
456,78	1972,19
456,99	1974,24
457,20	1904,61
457,41	1943,52
457,62	1906,66
457,83	2113,50
458,04	1990,63
458,26	2041,82
458,47	1943,52
458,68	2074,59
458,89	1882,08
459,10	1976,29
459,31	2011,11
459,52	2015,20
459,74	1937,38
459,95	2060,26
460,16	1898,47
460,37	2121,70
460,58	2021,35
460,79	2047,97
461,00	1980,39
461,21	2013,15
461,43	1957,86
461,64	1964,00
461,85	2000,87
462,06	1980,39
462,27	2009,06
462,48	2070,50
462,69	2117,60
462,90	1996,77
463,12	2136,03
463,33	2013,15
463,54	1980,39
463,75	2035,68
463,96	2076,64
464,17	2031,58
464,38	2031,58
464,59	2004,96
464,80	2004,96
465,01	2021,35
465,23	2076,64
465,44	2076,64
465,65	1880,04
465,86	2109,41
466,07	2076,64
466,28	2060,26
466,49	2068,45
466,70	2220,00
466,91	2179,04
467,12	2281,44
467,33	2117,60
467,55	2213,85
467,76	2103,26
467,97	2207,71
468,18	2150,37
468,39	2285,53
468,60	2363,36
468,81	2387,93
469,02	2246,62
469,23	2252,77
469,44	2385,88
469,65	2445,27
469,86	2340,83
470,07	2510,81
470,29	2519,00
470,50	2412,51
470,71	2283,49
470,92	2541,53
471,13	2398,17
471,34	2582,49
471,55	2437,08
471,76	2627,54
471,97	2437,08
472,18	2553,82
472,39	2389,98
472,60	2594,78
472,81	2488,28
473,02	2865,11
473,23	2586,58
473,44	2820,05
473,65	2451,42
473,87	2684,89
474,08	2592,73
474,29	2664,41
474,50	2684,89
474,71	2652,12
474,92	2676,70
475,13	2871,25
475,34	2500,57
475,55	2615,26
475,76	2486,23
475,97	2684,89
476,18	2639,83
476,39	2883,54
476,60	2572,25
476,81	2873,30
477,02	2662,36
477,23	2537,43
477,44	2568,15
477,65	2635,74
477,86	2463,71
478,07	2813,91
478,28	2430,94
478,49	2664,41
478,70	2398,17
478,91	2543,58
479,12	2324,44
479,33	2547,67
479,54	2410,46
479,75	2586,58
479,96	2334,68
480,17	2613,21
480,38	2334,68
480,59	2293,72
480,80	2330,59
481,01	2537,43
481,22	2115,55
481,43	2389,98
481,64	2271,20
481,85	2334,68
482,06	2187,23
482,27	2303,96
482,48	2285,53
482,69	2238,43
482,90	2172,89
483,11	2217,95
483,32	2125,79
483,53	2127,84
483,74	2181,09
483,95	2160,61
484,16	1875,94
484,37	2099,17
484,58	1949,67
484,79	2072,54
485,00	2047,97
485,21	2191,33
485,42	2047,97
485,63	2254,81
485,84	2000,87
486,05	1943,52
486,26	1947,62
486,47	2095,07
486,68	1959,91
486,89	2045,92
487,10	1943,52
487,31	1990,63
487,52	1830,88
487,73	2045,92
487,94	1837,03
488,15	1910,75
488,36	1830,88
488,57	1834,98
488,77	1800,16
488,98	1853,41
489,19	1830,88
489,40	1890,28
489,61	1859,56
489,82	1929,19
490,03	1863,65
490,24	1834,98
490,45	1871,84
490,66	1802,21
490,87	1914,85
491,08	1861,60
491,29	1812,45
491,50	1675,24
491,71	1757,16
491,92	1855,46
492,13	1689,57
492,33	1730,53
492,54	1638,38
492,75	1761,25
492,96	1628,14
493,17	1740,77
493,38	1675,24
493,59	1708,01
493,80	1728,49
494,01	1734,63
494,22	1671,14
494,43	1585,13
494,64	1570,79
494,85	1630,18
495,05	1691,62
495,26	1730,53
495,47	1689,57
495,68	1613,80
495,89	1685,48
496,10	1636,33
496,31	1601,51
496,52	1632,23
496,73	1603,56
496,94	1546,22
497,15	1605,61
497,35	1613,80
497,56	1556,46
497,77	1628,14
497,98	1605,61
498,19	1626,09
498,40	1552,36
498,61	1638,38
498,82	1486,83
499,03	1558,50
499,23	1517,54
499,44	1638,38
499,65	1568,74
499,86	1552,36
500,07	1513,45
500,28	1521,64
500,49	1605,61
500,70	1515,50
500,91	1460,20
501,11	1574,89
501,32	1519,59
501,53	1558,50
501,74	1593,32
501,95	1507,30
502,16	1511,40
502,37	1490,92
502,57	1589,22
502,78	1626,09
502,99	1527,78
503,20	1460,20
503,41	1562,60
503,62	1554,41
503,83	1519,59
504,03	1509,35
504,24	1533,93
504,45	1597,42
504,66	1505,26
504,87	1527,78
505,08	1507,30
505,29	1517,54
505,49	1513,45
505,70	1503,21
505,91	1535,98
506,12	1417,19
506,33	1486,83
506,54	1419,24
506,75	1548,26
506,95	1495,02
507,16	1556,46
507,37	1460,20
507,58	1445,87
507,79	1562,60
508,00	1576,94
508,20	1482,73
508,41	1433,58
508,62	1583,08
508,83	1540,07
509,04	1431,53
509,24	1540,07
509,45	1826,79
509,66	1439,72
509,87	1546,22
510,08	1466,35
510,29	1529,83
510,49	1505,26
510,70	1406,95
510,91	1439,72
511,12	1468,39
511,33	1402,86
511,53	1423,34
511,74	1439,72
511,95	1462,25
512,16	1513,45
512,37	1540,07
512,57	1415,15
512,78	1413,10
512,99	1533,93
513,20	1566,70
513,41	1421,29
513,61	1400,81
513,82	1482,73
514,03	1427,43
514,24	1466,35
514,45	1509,35
514,65	1419,24
514,86	1419,24
515,07	1454,06
515,28	1423,34
515,49	1480,68
515,69	1482,73
515,90	1384,43
516,11	1490,92
516,32	1460,20
516,52	1443,82
516,73	1562,60
516,94	1511,40
517,15	1447,91
517,36	1470,44
517,56	1488,87
517,77	1480,68
517,98	1492,97
518,19	1468,39
518,39	1490,92
518,60	1415,15
518,81	1474,54
519,02	1513,45
519,22	1394,67
519,43	1503,21
519,64	1476,59
519,85	1423,34
520,05	1454,06
520,26	1468,39
520,47	1527,78
520,68	1443,82
520,88	1421,29
521,09	1437,67
521,30	1511,40
521,51	1523,69
521,71	1492,97
521,92	1406,95
522,13	1468,39
522,34	1466,35
522,54	1419,24
522,75	1402,86
522,96	1486,83
523,17	1503,21
523,37	1521,64
523,58	1433,58
523,79	1431,53
523,99	1406,95
524,20	1392,62
524,41	1429,48
524,62	1472,49
524,82	1458,15
525,03	1460,20
525,24	1386,47
525,45	1384,43
525,65	1392,62
525,86	1517,54
526,07	1505,26
526,27	1507,30
526,48	1517,54
526,69	1484,78
526,90	1449,96
527,10	1470,44
527,31	1550,31
527,52	1325,04
527,72	1474,54
527,93	1525,74
528,14	1376,24
528,34	1447,91
528,55	1359,85
528,76	1490,92
528,97	1411,05
529,17	1488,87
529,38	1447,91
529,59	1499,11
529,79	1431,53
530,00	1466,35
530,21	1452,01
530,41	1466,35
530,62	1501,16
530,83	1492,97
531,03	1529,83
531,24	1462,25
531,45	1509,35
531,65	1435,63
531,86	1454,06
532,07	1437,67
532,27	1339,37
532,48	1486,83
532,69	1449,96
532,89	1507,30
533,10	1376,24
533,31	1464,30
533,51	1406,95
533,72	1470,44
533,93	1429,48
534,13	1447,91
534,34	1501,16
534,55	1503,21
534,75	1454,06
534,96	1558,50
535,17	1431,53
535,37	1505,26
535,58	1380,33
535,79	1527,78
535,99	1366,00
536,20	1474,54
536,41	1361,90
536,61	1425,39
536,82	1533,93
537,03	1488,87
537,23	1443,82
537,44	1312,75
537,64	1368,04
537,85	1425,39
538,06	1452,01
538,26	1492,97
538,47	1449,96
538,68	1423,34
538,88	1398,76
539,09	1439,72
539,30	1398,76
539,50	1382,38
539,71	1456,11
539,91	1507,30
540,12	1435,63
540,33	1449,96
540,53	1464,30
540,74	1468,39
540,94	1486,83
541,15	1398,76
541,36	1441,77
541,56	1548,26
541,77	1447,91
541,98	1456,11
542,18	1486,83
542,39	1509,35
542,59	1454,06
542,80	1490,92
543,01	1433,58
543,21	1435,63
543,42	1423,34
543,62	1490,92
543,83	1462,25
544,04	1435,63
544,24	1452,01
544,45	1429,48
544,65	1486,83
544,86	1468,39
545,06	1409,00
545,27	1413,10
545,48	1443,82
545,68	1456,11
545,89	1386,47
546,09	1464,30
546,30	1449,96
546,51	1458,15
546,71	1470,44
546,92	1462,25
547,12	1492,97
547,33	1382,38
547,53	1484,78
547,74	1400,81
547,95	1325,04
548,15	1433,58
548,36	1470,44
548,56	1456,11
548,77	1478,63
548,97	1503,21
549,18	1435,63
549,39	1509,35
549,59	1480,68
549,80	1525,74
550,00	1439,72
550,21	1406,95
550,41	1452,01
550,62	1435,63
550,82	1425,39
551,03	1355,76
551,23	1353,71
551,44	1464,30
551,65	1464,30
551,85	1406,95
552,06	1447,91
552,26	1507,30
552,47	1368,04
552,67	1404,91
552,88	1449,96
553,08	1441,77
553,29	1388,52
553,49	1351,66
553,70	1423,34
553,90	1501,16
554,11	1435,63
554,32	1501,16
554,52	1353,71
554,73	1361,90
554,93	1441,77
555,14	1392,62
555,34	1466,35
555,55	1447,91
555,75	1449,96
555,96	1427,43
556,16	1447,91
556,37	1474,54
556,57	1374,19
556,78	1513,45
556,98	1464,30
557,19	1484,78
557,39	1394,67
557,60	1468,39
557,80	1390,57
558,01	1531,88
558,21	1413,10
558,42	1388,52
558,62	1460,20
558,83	1478,63
559,03	1351,66
559,24	1409,00
559,44	1429,48
559,65	1495,02
559,85	1460,20
560,06	1359,85
560,26	1406,95
560,47	1441,77
560,67	1427,43
560,88	1404,91
561,08	1472,49
561,29	1581,03
561,49	1413,10
561,70	1419,24
561,90	1466,35
562,10	1443,82
562,31	1433,58
562,51	1398,76
562,72	1351,66
562,92	1456,11
563,13	1417,19
563,33	1492,97
563,54	1394,67
563,74	1429,48
563,95	1349,61
564,15	1406,95
564,36	1419,24
564,56	1421,29
564,76	1468,39
564,97	1333,23
565,17	1384,43
565,38	1482,73
565,58	1490,92
565,79	1372,14
565,99	1460,20
566,20	1478,63
566,40	1480,68
566,60	1458,15
566,81	1472,49
567,01	1460,20
567,22	1382,38
567,42	1427,43
567,63	1394,67
567,83	1462,25
568,04	1583,08
568,24	1492,97
568,44	1523,69
568,65	1396,71
568,85	1472,49
569,06	1490,92
569,26	1419,24
569,47	1482,73
569,67	1419,24
569,87	1482,73
570,08	1460,20
570,28	1495,02
570,49	1472,49
570,69	1492,97
570,89	1429,48
571,10	1527,78
571,30	1413,10
571,51	1517,54
571,71	1486,83
571,91	1443,82
572,12	1413,10
572,32	1478,63
572,53	1484,78
572,73	1560,55
572,93	1388,52
573,14	1409,00
573,34	1425,39
573,55	1456,11
573,75	1411,05
573,95	1382,38
574,16	1409,00
574,36	1390,57
574,57	1449,96
574,77	1466,35
574,97	1413,10
575,18	1437,67
575,38	1388,52
575,59	1525,74
575,79	1392,62
575,99	1470,44
576,20	1490,92
576,40	1509,35
576,60	1501,16
576,81	1476,59
577,01	1521,64
577,22	1521,64
577,42	1517,54
577,62	1398,76
577,83	1398,76
578,03	1478,63
578,23	1495,02
578,44	1505,26
578,64	1409,00
578,84	1406,95
579,05	1409,00
579,25	1492,97
579,45	1415,15
579,66	1320,94
579,86	1437,67
580,07	1372,14
580,27	1501,16
580,47	1415,15
580,68	1413,10
580,88	1402,86
581,08	1374,19
581,29	1425,39
581,49	1396,71
581,69	1531,88
581,90	1499,11
582,10	1400,81
582,30	1435,63
582,51	1415,15
582,71	1361,90
582,91	1376,24
583,12	1382,38
583,32	1476,59
583,52	1355,76
583,73	1452,01
583,93	1372,14
584,13	1390,57
584,34	1441,77
584,54	1454,06
584,74	1560,55
584,94	1372,14
585,15	1466,35
585,35	1497,07
585,55	1404,91
585,76	1349,61
585,96	1443,82
586,16	1523,69
586,37	1378,28
586,57	1409,00
586,77	1374,19
586,98	1423,34
587,18	1495,02
587,38	1452,01
587,58	1351,66
587,79	1439,72
587,99	1368,04
588,19	1380,33
588,40	1513,45
588,60	1390,57
588,80	1443,82
589,00	1511,40
589,21	1488,87
589,41	1447,91
589,61	1390,57
589,82	1419,24
590,02	1439,72
590,22	1415,15
590,42	1460,20
590,63	1409,00
590,83	1507,30
591,03	1513,45
591,23	1341,42
591,44	1435,63
591,64	1490,92
591,84	1417,19
592,05	1470,44
592,25	1478,63
592,45	1474,54
592,65	1380,33
592,86	1396,71
593,06	1445,87
593,26	1378,28
593,46	1507,30
593,67	1435,63
593,87	1449,96
594,07	1409,00
594,27	1409,00
594,48	1415,15
594,68	1501,16
594,88	1421,29
595,08	1546,22
595,29	1533,93
595,49	1380,33
595,69	1441,77
595,89	1320,94
596,10	1464,30
596,30	1470,44
596,50	1419,24
596,70	1437,67
596,90	1417,19
597,11	1415,15
597,31	1290,22
597,51	1406,95
597,71	1429,48
597,92	1484,78
598,12	1413,10
598,32	1519,59
598,52	1390,57
598,72	1429,48
598,93	1449,96
599,13	1480,68
599,33	1419,24
599,53	1501,16
599,74	1374,19
599,94	1427,43
600,14	1359,85
600,34	1429,48
600,54	1503,21
600,75	1398,76
600,95	1476,59
601,15	1415,15
601,35	1370,09
601,55	1429,48
601,76	1458,15
601,96	1597,42
602,16	1413,10
602,36	1423,34
602,56	1472,49
602,76	1470,44
602,97	1443,82
603,17	1521,64
603,37	1439,72
603,57	1415,15
603,77	1427,43
603,98	1470,44
604,18	1388,52
604,38	1488,87
604,58	1415,15
604,78	1462,25
604,98	1370,09
605,19	1429,48
605,39	1513,45
605,59	1499,11
605,79	1433,58
605,99	1398,76
606,19	1472,49
606,40	1419,24
606,60	1464,30
606,80	1515,50
607,00	1468,39
607,20	1431,53
607,40	1509,35
607,61	1363,95
607,81	1378,28
608,01	1540,07
608,21	1413,10
608,41	1560,55
608,61	1454,06
608,81	1335,28
609,02	1341,42
609,22	1423,34
609,42	1411,05
609,62	1433,58
609,82	1478,63
610,02	1507,30
610,22	1519,59
610,43	1445,87
610,63	1419,24
610,83	1460,20
611,03	1429,48
611,23	1400,81
611,43	1443,82
611,63	1468,39
611,83	1441,77
612,04	1417,19
612,24	1478,63
612,44	1404,91
612,64	1435,63
612,84	1439,72
613,04	1406,95
613,24	1478,63
613,44	1441,77
613,64	1400,81
613,85	1478,63
614,05	1441,77
614,25	1413,10
614,45	1490,92
614,65	1554,41
614,85	1406,95
615,05	1452,01
615,25	1521,64
615,45	1351,66
615,65	1400,81
615,86	1495,02
616,06	1490,92
616,26	1443,82
616,46	1472,49
616,66	1406,95
616,86	1525,74
617,06	1433,58
617,26	1505,26
617,46	1406,95
617,66	1544,17
617,86	1462,25
618,07	1437,67
618,27	1447,91
618,47	1402,86
618,67	1515,50
618,87	1464,30
619,07	1452,01
619,27	1429,48
619,47	1366,00
619,67	1488,87
619,87	1404,91
620,07	1437,67
620,27	1517,54
620,47	1501,16
620,67	1454,06
620,87	1427,43
621,07	1423,34
621,28	1474,54
621,48	1484,78
621,68	1480,68
621,88	1413,10
622,08	1454,06
622,28	1468,39
622,48	1523,69
622,68	1447,91
622,88	1566,70
623,08	1462,25
623,28	1474,54
623,48	1421,29
623,68	1384,43
623,88	1415,15
624,08	1542,12
624,28	1488,87
624,48	1464,30
624,68	1427,43
624,88	1427,43
625,08	1476,59
625,28	1499,11
625,48	1480,68
625,68	1472,49
625,88	1464,30
626,08	1460,20
626,28	1472,49
626,48	1376,24
626,68	1353,71
626,88	1456,11
627,08	1478,63
627,28	1507,30
627,48	1437,67
627,68	1429,48
627,88	1415,15
628,08	1449,96
628,28	1478,63
628,49	1458,15
628,68	1482,73
628,88	1378,28
629,08	1400,81
629,28	1468,39
629,48	1394,67
629,68	1425,39
629,88	1513,45
630,08	1423,34
630,28	1492,97
630,48	1415,15
630,68	1400,81
630,88	1507,30
631,08	1427,43
631,28	1570,79
631,48	1423,34
631,68	1402,86
631,88	1357,80
632,08	1505,26
632,28	1503,21
632,48	1464,30
632,68	1476,59
632,88	1474,54
633,08	1390,57
633,28	1495,02
633,48	1421,29
633,68	1495,02
633,88	1531,88
634,08	1488,87
634,28	1505,26
634,48	1503,21
634,68	1441,77
634,88	1490,92
635,08	1482,73
635,28	1509,35
635,48	1509,35
635,68	1411,05
635,87	1413,10
636,07	1462,25
636,27	1445,87
636,47	1484,78
636,67	1468,39
636,87	1415,15
637,07	1476,59
637,27	1357,80
637,47	1495,02
637,67	1513,45
637,87	1400,81
638,07	1529,83
638,27	1396,71
638,47	1478,63
638,67	1382,38
638,86	1421,29
639,06	1370,09
639,26	1462,25
639,46	1382,38
639,66	1503,21
639,86	1507,30
640,06	1425,39
640,26	1425,39
640,46	1456,11
640,66	1490,92
640,86	1482,73
641,06	1355,76
641,25	1472,49
641,45	1417,19
641,65	1406,95
641,85	1380,33
642,05	1482,73
642,25	1449,96
642,45	1449,96
642,65	1429,48
642,85	1366,00
643,05	1482,73
643,24	1509,35
643,44	1429,48
643,64	1419,24
643,84	1431,53
644,04	1425,39
644,24	1394,67
644,44	1495,02
644,64	1427,43
644,84	1447,91
645,03	1447,91
645,23	1527,78
645,43	1322,99
645,63	1476,59
645,83	1386,47
646,03	1456,11
646,23	1429,48
646,42	1531,88
646,62	1433,58
646,82	1476,59
647,02	1456,11
647,22	1460,20
647,42	1353,71
647,62	1322,99
647,82	1425,39
648,01	1621,99
648,21	1388,52
648,41	1517,54
648,61	1519,59
648,81	1519,59
649,01	1533,93
649,20	1357,80
649,40	1425,39
649,60	1460,20
649,80	1431,53
650,00	1390,57
650,20	1458,15
650,40	1470,44
650,59	1456,11
650,79	1423,34
650,99	1429,48
651,19	1468,39
651,39	1433,58
651,58	1435,63
651,78	1497,07
651,98	1480,68
652,18	1400,81
652,38	1492,97
652,58	1429,48
652,77	1439,72
652,97	1552,36
653,17	1468,39
653,37	1439,72
653,57	1492,97
653,77	1472,49
653,96	1435,63
654,16	1441,77
654,36	1417,19
654,56	1447,91
654,76	1484,78
654,95	1406,95
655,15	1456,11
655,35	1460,20
655,55	1413,10
655,75	1429,48
655,94	1523,69
656,14	1507,30
656,34	1476,59
656,54	1366,00
656,73	1533,93
656,93	1503,21
657,13	1538,02
657,33	1390,57
657,53	1503,21
657,72	1464,30
657,92	1406,95
658,12	1402,86
658,32	1574,89
658,52	1454,06
658,71	1501,16
658,91	1402,86
659,11	1556,46
659,31	1445,87
659,50	1472,49
659,70	1492,97
659,90	1552,36
660,10	1398,76
660,29	1501,16
660,49	1462,25
660,69	1495,02
660,89	1495,02
661,08	1447,91
661,28	1437,67
661,48	1447,91
661,68	1449,96
661,87	1423,34
662,07	1388,52
662,27	1452,01
662,47	1513,45
662,66	1476,59
662,86	1472,49
663,06	1505,26
663,26	1413,10
663,45	1482,73
663,65	1572,84
663,85	1521,64
664,05	1443,82
664,24	1499,11
664,44	1515,50
664,64	1452,01
664,84	1476,59
665,03	1560,55
665,23	1466,35
665,43	1417,19
665,62	1443,82
665,82	1468,39
666,02	1441,77
666,22	1497,07
666,41	1417,19
666,61	1509,35
666,81	1466,35
667,00	1470,44
667,20	1439,72
667,40	1505,26
667,60	1501,16
667,79	1472,49
667,99	1454,06
668,19	1396,71
668,38	1456,11
668,58	1392,62
668,78	1390,57
668,97	1492,97
669,17	1482,73
669,37	1456,11
669,57	1445,87
669,76	1529,83
669,96	1480,68
670,16	1503,21
670,35	1380,33
670,55	1417,19
670,75	1394,67
670,94	1488,87
671,14	1429,48
671,34	1464,30
671,53	1433,58
671,73	1425,39
671,93	1466,35
672,12	1449,96
672,32	1409,00
672,52	1509,35
672,71	1462,25
672,91	1544,17
673,11	1497,07
673,30	1400,81
673,50	1445,87
673,70	1447,91
673,89	1386,47
674,09	1447,91
674,29	1488,87
674,48	1509,35
674,68	1507,30
674,88	1482,73
675,07	1454,06
675,27	1404,91
675,46	1507,30
675,66	1421,29
675,86	1425,39
676,05	1458,15
676,25	1513,45
676,45	1521,64
676,64	1400,81
676,84	1495,02
677,04	1517,54
677,23	1411,05
677,43	1449,96
677,62	1507,30
677,82	1480,68
678,02	1394,67
678,21	1476,59
678,41	1456,11
678,61	1415,15
678,80	1462,25
679,00	1382,38
679,19	1507,30
679,39	1456,11
679,59	1488,87
679,78	1425,39
679,98	1380,33
680,17	1382,38
680,37	1452,01
680,57	1456,11
680,76	1503,21
680,96	1406,95
681,16	1456,11
681,35	1433,58
681,55	1431,53
681,74	1398,76
681,94	1447,91
682,13	1441,77
682,33	1452,01
682,53	1349,61
682,72	1486,83
682,92	1447,91
683,11	1445,87
683,31	1497,07
683,51	1466,35
683,70	1406,95
683,90	1513,45
684,09	1490,92
684,29	1548,26
684,48	1433,58
684,68	1517,54
684,88	1480,68
685,07	1423,34
685,27	1320,94
685,46	1488,87
685,66	1431,53
685,85	1464,30
686,05	1535,98
686,25	1513,45
686,44	1339,37
686,64	1445,87
686,83	1439,72
687,03	1533,93
687,22	1415,15
687,42	1423,34
687,61	1443,82
687,81	1388,52
688,01	1556,46
688,20	1400,81
688,40	1366,00
688,59	1482,73
688,79	1447,91
688,98	1388,52
689,18	1402,86
689,37	1507,30
689,57	1439,72
689,76	1474,54
689,96	1468,39
690,15	1415,15
690,35	1525,74
690,54	1497,07
690,74	1390,57
690,94	1478,63
691,13	1470,44
691,33	1495,02
691,52	1398,76
691,72	1458,15
691,91	1431,53
692,11	1529,83
692,30	1460,20
692,50	1439,72
692,69	1474,54
692,89	1447,91
693,08	1357,80
693,28	1419,24
693,47	1396,71
693,67	1548,26
693,86	1431,53
694,06	1388,52
694,25	1468,39
694,45	1488,87
694,64	1404,91
694,84	1458,15
695,03	1417,19
695,23	1458,15
695,42	1411,05
695,62	1439,72
695,81	1462,25
696,01	1454,06
696,20	1427,43
696,40	1431,53
696,59	1411,05
696,78	1374,19
696,98	1474,54
697,17	1523,69
697,37	1419,24
697,56	1492,97
697,76	1454,06
697,95	1564,65
698,15	1460,20
698,34	1449,96
698,54	1458,15
698,73	1546,22
698,93	1396,71
699,12	1460,20
699,32	1400,81
699,51	1413,10
699,70	1468,39
699,90	1411,05
700,09	1501,16
700,29	1439,72
700,48	1468,39
700,68	1374,19
700,87	1335,28
701,07	1378,28
701,26	1435,63
701,45	1404,91
701,65	1429,48
701,84	1415,15
702,04	1456,11
702,23	1402,86
702,43	1402,86
702,62	1507,30
702,81	1378,28
703,01	1443,82
703,20	1472,49
703,40	1439,72
703,59	1439,72
703,79	1386,47
703,98	1353,71
704,17	1447,91
704,37	1470,44
704,56	1370,09
704,76	1402,86
704,95	1417,19
705,14	1394,67
705,34	1443,82
705,53	1378,28
705,73	1394,67
705,92	1402,86
706,11	1435,63
706,31	1458,15
706,50	1421,29
706,70	1402,86
706,89	1433,58
707,08	1525,74
707,28	1447,91
707,47	1443,82
707,67	1429,48
707,86	1433,58
708,05	1521,64
708,25	1370,09
708,44	1388,52
708,64	1501,16
708,83	1415,15
709,02	1363,95
709,22	1382,38
709,41	1439,72
709,60	1527,78
709,80	1433,58
709,99	1464,30
710,19	1431,53
710,38	1366,00
710,57	1366,00
710,77	1443,82
710,96	1345,52
711,15	1439,72
711,35	1439,72
711,54	1476,59
711,73	1386,47
711,93	1445,87
712,12	1396,71
712,31	1433,58
712,51	1441,77
712,70	1431,53
712,89	1390,57
713,09	1458,15
713,28	1427,43
713,48	1386,47
713,67	1431,53
713,86	1431,53
714,06	1361,90
714,25	1349,61
714,44	1355,76
714,64	1390,57
714,83	1423,34
715,02	1378,28
715,22	1478,63
715,41	1384,43
715,60	1396,71
715,79	1386,47
715,99	1445,87
716,18	1417,19
716,37	1400,81
716,57	1423,34
716,76	1439,72
716,95	1394,67
717,15	1466,35
717,34	1376,24
717,53	1372,14
717,73	1325,04
717,92	1359,85
718,11	1417,19
718,31	1456,11
718,50	1470,44
718,69	1314,80
718,88	1474,54
719,08	1427,43
719,27	1406,95
719,46	1413,10
719,66	1382,38
719,85	1415,15
720,04	1421,29
720,23	1435,63
720,43	1345,52
720,62	1388,52
720,81	1380,33
721,01	1380,33
721,20	1476,59
721,39	1464,30
721,58	1447,91
721,78	1503,21
721,97	1382,38
722,16	1423,34
722,35	1431,53
722,55	1345,52
722,74	1468,39
722,93	1388,52
723,13	1406,95
723,32	1292,27
723,51	1341,42
723,70	1392,62
723,90	1357,80
724,09	1409,00
724,28	1435,63
724,47	1355,76
724,67	1495,02
724,86	1406,95
725,05	1339,37
725,24	1349,61
725,44	1404,91
725,63	1404,91
725,82	1392,62
726,01	1460,20
726,21	1437,67
726,40	1415,15
726,59	1497,07
726,78	1427,43
726,97	1318,89
727,17	1409,00
727,36	1454,06
727,55	1466,35
727,74	1460,20
727,94	1417,19
728,13	1523,69
728,32	1421,29
728,51	1361,90
728,70	1382,38
728,90	1314,80
729,09	1464,30
729,28	1325,04
729,47	1474,54
729,66	1400,81
729,86	1372,14
730,05	1396,71
730,24	1421,29
730,43	1392,62
730,63	1421,29
730,82	1425,39
731,01	1445,87
731,20	1353,71
731,39	1337,32
731,58	1439,72
731,78	1404,91
731,97	1409,00
732,16	1374,19
732,35	1492,97
732,54	1329,13
732,74	1447,91
732,93	1462,25
733,12	1476,59
733,31	1404,91
733,50	1314,80
733,69	1419,24
733,89	1441,77
734,08	1439,72
734,27	1419,24
734,46	1409,00
734,65	1351,66
734,84	1431,53
735,04	1439,72
735,23	1380,33
735,42	1370,09
735,61	1368,04
735,80	1497,07
735,99	1335,28
736,19	1398,76
736,38	1425,39
736,57	1484,78
736,76	1361,90
736,95	1441,77
737,14	1363,95
737,33	1398,76
737,53	1466,35
737,72	1429,48
737,91	1388,52
738,10	1421,29
738,29	1402,86
738,48	1400,81
738,67	1357,80
738,87	1400,81
739,06	1366,00
739,25	1388,52
739,44	1335,28
739,63	1421,29
739,82	1452,01
740,01	1390,57
740,20	1404,91
740,40	1349,61
740,59	1427,43
740,78	1388,52
740,97	1415,15
741,16	1507,30
741,35	1388,52
741,54	1470,44
741,73	1425,39
741,92	1470,44
742,12	1470,44
742,31	1415,15
742,50	1476,59
742,69	1472,49
742,88	1402,86
743,07	1423,34
743,26	1431,53
743,45	1443,82
743,64	1388,52
743,83	1439,72
744,02	1382,38
744,22	1380,33
744,41	1464,30
744,60	1437,67
744,79	1439,72
744,98	1460,20
745,17	1443,82
745,36	1462,25
745,55	1376,24
745,74	1384,43
745,93	1466,35
746,12	1368,04
746,31	1390,57
746,50	1449,96
746,70	1308,65
746,89	1386,47
747,08	1390,57
747,27	1478,63
747,46	1394,67
747,65	1423,34
747,84	1433,58
748,03	1343,47
748,22	1419,24
748,41	1476,59
748,60	1396,71
748,79	1349,61
748,98	1351,66
749,17	1386,47
749,36	1550,31
749,55	1382,38
749,74	1390,57
749,93	1484,78
750,12	1349,61
750,31	1368,04
750,50	1452,01
750,70	1429,48
750,89	1439,72
751,08	1566,70
751,27	1429,48
751,46	1386,47
751,65	1376,24
751,84	1423,34
752,03	1316,84
752,22	1396,71
752,41	1417,19
752,60	1413,10
752,79	1556,46
752,98	1337,32
753,17	1499,11
753,36	1392,62
753,55	1466,35
753,74	1390,57
753,93	1515,50
754,12	1384,43
754,31	1454,06
754,50	1511,40
754,69	1427,43
754,88	1316,84
755,07	1337,32
755,26	1431,53
755,45	1368,04
755,64	1374,19
755,83	1476,59
756,02	1531,88
756,21	1427,43
756,40	1468,39
756,59	1351,66
756,78	1454,06
756,97	1447,91
757,16	1460,20
757,35	1456,11
757,54	1406,95
757,72	1431,53
757,91	1386,47
758,10	1341,42
758,29	1454,06
758,48	1435,63
758,67	1363,95
758,86	1515,50
759,05	1396,71
759,24	1495,02
759,43	1550,31
759,62	1409,00
759,81	1433,58
760,00	1443,82
760,19	1441,77
760,38	1472,49
760,57	1441,77
760,76	1454,06
760,95	1441,77
761,14	1372,14
761,33	1415,15
761,52	1460,20
761,70	1441,77
761,89	1411,05
762,08	1445,87
762,27	1495,02
762,46	1384,43
762,65	1460,20
762,84	1490,92
763,03	1423,34
763,22	1429,48
763,41	1513,45
763,60	1460,20
763,79	1394,67
763,98	1411,05
764,16	1357,80
764,35	1529,83
764,54	1476,59
764,73	1519,59
764,92	1441,77
765,11	1558,50
765,30	1495,02
765,49	1439,72
765,68	1437,67
765,87	1472,49
766,06	1435,63
766,24	1425,39
766,43	1404,91
766,62	1517,54
766,81	1409,00
767,00	1548,26
767,19	1433,58
767,38	1521,64
767,57	1466,35
767,76	1486,83
767,94	1503,21
768,13	1503,21
768,32	1484,78
768,51	1433,58
768,70	1542,12
768,89	1449,96
769,08	1390,57
769,27	1398,76
769,45	1380,33
769,64	1523,69
769,83	1452,01
770,02	1423,34
770,21	1478,63
770,40	1542,12
770,59	1488,87
770,77	1484,78
770,96	1505,26
771,15	1449,96
771,34	1456,11
771,53	1632,23
771,72	1443,82
771,91	1419,24
772,09	1531,88
772,28	1439,72
772,47	1437,67
772,66	1509,35
772,85	1433,58
773,04	1482,73
773,22	1519,59
773,41	1535,98
773,60	1413,10
773,79	1497,07
773,98	1472,49
774,17	1490,92
774,35	1472,49
774,54	1443,82
774,73	1476,59
774,92	1521,64
775,11	1525,74
775,30	1677,29
775,48	1468,39
775,67	1429,48
775,86	1427,43
776,05	1556,46
776,24	1509,35
776,42	1449,96
776,61	1468,39
776,80	1439,72
776,99	1488,87
777,18	1466,35
777,36	1476,59
777,55	1482,73
777,74	1542,12
777,93	1470,44
778,12	1439,72
778,30	1499,11
778,49	1507,30
778,68	1535,98
778,87	1519,59
779,06	1468,39
779,24	1505,26
779,43	1488,87
779,62	1538,02
779,81	1486,83
779,99	1468,39
780,18	1454,06
780,37	1535,98
780,56	1513,45
780,75	1427,43
780,93	1558,50
781,12	1443,82
781,31	1570,79
781,50	1492,97
781,68	1466,35
781,87	1437,67
782,06	1484,78
782,25	1482,73
782,43	1550,31
782,62	1437,67
782,81	1572,84
783,00	1398,76
783,18	1392,62
783,37	1427,43
783,56	1437,67
783,75	1529,83
783,93	1495,02
784,12	1435,63
784,31	1505,26
784,50	1476,59
784,68	1435,63
784,87	1460,20
785,06	1513,45
785,24	1484,78
785,43	1495,02
785,62	1470,44
785,81	1544,17
785,99	1484,78
786,18	1435,63
786,37	1394,67
786,56	1449,96
786,74	1411,05
786,93	1464,30
787,12	1431,53
787,30	1413,10
787,49	1480,68
787,68	1449,96
787,87	1380,33
788,05	1556,46
788,24	1355,76
788,43	1406,95
788,61	1535,98
788,80	1439,72
788,99	1439,72
789,17	1470,44
789,36	1366,00
789,55	1462,25
789,73	1480,68
789,92	1400,81
790,11	1409,00
790,30	1382,38
790,48	1374,19
790,67	1417,19
790,86	1351,66
791,04	1476,59
791,23	1513,45
791,42	1396,71
791,60	1335,28
791,79	1507,30
791,98	1435,63
792,16	1466,35
792,35	1327,08
792,54	1415,15
792,72	1488,87
792,91	1429,48
793,10	1423,34
793,28	1454,06
793,47	1429,48
793,66	1384,43
793,84	1406,95
794,03	1458,15
794,22	1568,74
794,40	1347,56
794,59	1445,87
794,77	1392,62
794,96	1388,52
795,15	1425,39
795,33	1363,95
795,52	1515,50
795,71	1316,84
795,89	1376,24
796,08	1460,20
796,27	1466,35
796,45	1386,47
796,64	1472,49
796,82	1370,09
797,01	1470,44
797,20	1406,95
797,38	1435,63
797,57	1370,09
797,76	1396,71
797,94	1466,35
798,13	1447,91
798,31	1366,00
798,50	1421,29
798,69	1497,07
798,87	1409,00
799,06	1335,28
799,24	1374,19
799,43	1478,63
799,62	1406,95
799,80	1404,91
799,99	1419,24
800,17	1427,43
800,36	1392,62
800,55	1445,87
800,73	1435,63
800,92	1355,76
801,10	1396,71
801,29	1454,06
801,48	1423,34
801,66	1335,28
801,85	1433,58
802,03	1425,39
802,22	1456,11
802,40	1370,09
802,59	1398,76
802,78	1433,58
802,96	1398,76
803,15	1425,39
803,33	1349,61
803,52	1419,24
803,70	1437,67
803,89	1392,62
804,08	1406,95
804,26	1460,20
804,45	1423,34
804,63	1464,30
804,82	1445,87
805,00	1370,09
805,19	1398,76
805,37	1322,99
805,56	1480,68
805,74	1396,71
805,93	1443,82
806,12	1419,24
806,30	1435,63
806,49	1409,00
806,67	1400,81
806,86	1390,57
807,04	1380,33
807,23	1460,20
807,41	1310,70
807,60	1433,58
807,78	1327,08
807,97	1791,97
808,15	1406,95
808,34	1370,09
808,52	1515,50
808,71	1400,81
808,89	1415,15
809,08	1337,32
809,27	1439,72
809,45	1376,24
809,64	1425,39
809,82	1419,24
810,01	1439,72
810,19	1460,20
810,38	1411,05
810,56	1374,19
810,75	1386,47
810,93	1398,76
811,12	1404,91
811,30	1425,39
811,49	1382,38
811,67	1382,38
811,85	1402,86
812,04	1406,95
812,22	1466,35
812,41	1425,39
812,59	1406,95
812,78	1388,52
812,96	1384,43
813,15	1456,11
813,33	1409,00
813,52	1505,26
813,70	1376,24
813,89	1488,87
814,07	1392,62
814,26	1368,04
814,44	1421,29
814,63	1378,28
814,81	1382,38
815,00	1396,71
815,18	1505,26
815,36	1378,28
815,55	1392,62
815,73	1433,58
815,92	1474,54
816,10	1540,07
816,29	1447,91
816,47	1409,00
816,66	1466,35
816,84	1366,00
817,02	1454,06
817,21	1492,97
817,39	1441,77
817,58	1425,39
817,76	1374,19
817,95	1509,35
818,13	1333,23
818,32	1366,00
818,50	1427,43
818,68	1406,95
818,87	1466,35
819,05	1366,00
819,24	1478,63
819,42	1368,04
819,60	1417,19
819,79	1458,15
819,97	1458,15
820,16	1398,76
820,34	1415,15
820,53	1374,19
820,71	1329,13
820,89	1454,06
821,08	1415,15
821,26	1378,28
821,45	1413,10
821,63	1404,91
821,81	1439,72
822,00	1316,84
822,18	1441,77
822,37	1456,11
822,55	1415,15
822,73	1429,48
822,92	1380,33
823,10	1380,33
823,28	1386,47
823,47	1462,25
823,65	1431,53
823,84	1425,39
824,02	1511,40
824,20	1433,58
824,39	1415,15
824,57	1488,87
824,75	1482,73
824,94	1449,96
825,12	1574,89
825,31	1361,90
825,49	1441,77
825,67	1427,43
825,86	1357,80
826,04	1476,59
826,22	1548,26
826,41	1400,81
826,59	1406,95
826,77	1429,48
826,96	1492,97
827,14	1380,33
827,32	1466,35
827,51	1417,19
827,69	1429,48
827,87	1472,49
828,06	1499,11
828,24	1409,00
828,42	1431,53
828,61	1476,59
828,79	1488,87
828,97	1452,01
829,16	1449,96
829,34	1394,67
829,52	1402,86
829,71	1497,07
829,89	1425,39
830,07	1335,28
830,26	1431,53
830,44	1329,13
830,62	1460,20
830,81	1431,53
830,99	1431,53
831,17	1445,87
831,36	1462,25
831,54	1540,07
831,72	1435,63
831,91	1462,25
832,09	1390,57
832,27	1415,15
832,45	1456,11
832,64	1507,30
832,82	1488,87
833,00	1458,15
833,19	1421,29
833,37	1433,58
833,55	1472,49
833,73	1392,62
833,92	1437,67
834,10	1429,48
834,28	1388,52
834,47	1554,41
834,65	1415,15
834,83	1480,68
835,01	1476,59
835,20	1359,85
835,38	1443,82
835,56	1466,35
835,74	1533,93
835,93	1511,40
836,11	1562,60
836,29	1392,62
836,47	1509,35
836,66	1333,23
836,84	1542,12
837,02	1435,63
837,21	1492,97
837,39	1394,67
837,57	1449,96
837,75	1468,39
837,94	1439,72
838,12	1415,15
838,30	1427,43
838,48	1431,53
838,66	1396,71
838,85	1540,07
839,03	1431,53
839,21	1406,95
839,39	1386,47
839,58	1406,95
839,76	1533,93
839,94	1449,96
840,12	1439,72
840,31	1521,64
840,49	1482,73
840,67	1492,97
840,85	1439,72
841,03	1396,71
841,22	1431,53
841,40	1601,51
841,58	1449,96
841,76	1503,21
841,94	1417,19
842,13	1484,78
842,31	1531,88
842,49	1529,83
842,67	1458,15
842,85	1515,50
843,04	1470,44
843,22	1533,93
843,40	1433,58
843,58	1564,65
843,76	1423,34
843,95	1488,87
844,13	1460,20
844,31	1423,34
844,49	1488,87
844,67	1433,58
844,86	1488,87
845,04	1378,28
845,22	1468,39
845,40	1439,72
845,58	1519,59
845,76	1449,96
845,95	1517,54
846,13	1474,54
846,31	1497,07
846,49	1511,40
846,67	1542,12
846,85	1433,58
847,04	1490,92
847,22	1435,63
847,40	1462,25
847,58	1490,92
847,76	1509,35
847,94	1452,01
848,12	1495,02
848,31	1417,19
848,49	1488,87
848,67	1460,20
848,85	1535,98
849,03	1480,68
849,21	1535,98
849,39	1433,58
849,58	1458,15
849,76	1419,24
849,94	1429,48
850,12	1470,44
850,30	1538,02
850,48	1478,63
850,66	1503,21
850,84	1511,40
851,03	1472,49
851,21	1458,15
851,39	1482,73
851,57	1564,65
851,75	1488,87
851,93	1517,54
852,11	1478,63
852,29	1462,25
852,47	1495,02
852,66	1538,02
852,84	1445,87
853,02	1460,20
853,20	1552,36
853,38	1474,54
853,56	1497,07
853,74	1570,79
853,92	1468,39
854,10	1533,93
854,28	1415,15
854,46	1454,06
854,65	1454,06
854,83	1449,96
855,01	1529,83
855,19	1462,25
855,37	1423,34
855,55	1527,78
855,73	1552,36
855,91	1562,60
856,09	1509,35
856,27	1603,56
856,45	1566,70
856,63	1509,35
856,81	1429,48
857,00	1484,78
857,18	1554,41
857,36	1503,21
857,54	1492,97
857,72	1476,59
857,90	1460,20
858,08	1597,42
858,26	1554,41
858,44	1492,97
858,62	1517,54
858,80	1474,54
858,98	1607,66
859,16	1468,39
859,34	1486,83
859,52	1535,98
859,70	1568,74
859,88	1484,78
860,06	1441,77
860,24	1435,63
860,42	1462,25
860,60	1507,30
860,78	1585,13
860,96	1513,45
861,14	1417,19
861,32	1435,63
861,50	1480,68
861,69	1486,83
861,87	1554,41
862,05	1525,74
862,23	1443,82
862,41	1470,44
862,59	1490,92
862,77	1509,35
862,95	1488,87
863,13	1517,54
863,31	1529,83
863,49	1492,97
863,67	1486,83
863,85	1466,35
864,03	1492,97
864,21	1517,54
864,39	1398,76
864,57	1560,55
864,75	1464,30
864,92	1552,36
865,10	1519,59
865,28	1452,01
865,46	1519,59
865,64	1423,34
865,82	1462,25
866,00	1480,68
866,18	1540,07
866,36	1513,45
866,54	1482,73
866,72	1441,77
866,90	1441,77
867,08	1492,97
867,26	1484,78
867,44	1402,86
867,62	1470,44
867,80	1439,72
867,98	1566,70
868,16	1531,88
868,34	1533,93
868,52	1409,00
868,70	1392,62
868,88	1533,93
869,06	1535,98
869,24	1472,49
869,42	1441,77
869,59	1535,98
869,77	1441,77
869,95	1484,78
870,13	1435,63
870,31	1497,07
870,49	1548,26
870,67	1402,86
870,85	1517,54
871,03	1515,50
871,21	1533,93
871,39	1421,29
871,57	1507,30
871,75	1540,07
871,92	1535,98
872,10	1507,30
872,28	1421,29
872,46	1517,54
872,64	1490,92
872,82	1527,78
873,00	1523,69
873,18	1411,05
873,36	1435,63
873,54	1427,43
873,72	1503,21
873,89	1546,22
874,07	1552,36
874,25	1595,37
874,43	1581,03
874,61	1525,74
874,79	1445,87
874,97	1429,48
875,15	1523,69
875,33	1447,91
875,50	1406,95
875,68	1492,97
875,86	1492,97
876,04	1544,17
876,22	1535,98
876,40	1499,11
876,58	1507,30
876,76	1484,78
876,93	1468,39
877,11	1419,24
877,29	1560,55
877,47	1482,73
877,65	1511,40
877,83	1482,73
878,01	1533,93
878,18	1531,88
878,36	1435,63
878,54	1431,53
878,72	1474,54
878,90	1492,97
879,08	1507,30
879,25	1505,26
879,43	1519,59
879,61	1470,44
879,79	1482,73
879,97	1560,55
880,15	1406,95
880,32	1482,73
880,50	1476,59
880,68	1505,26
880,86	1558,50
881,04	1521,64
881,22	1587,18
881,39	1497,07
881,57	1560,55
881,75	1470,44
881,93	1411,05
882,11	1525,74
882,28	1452,01
882,46	1476,59
882,64	1538,02
882,82	1425,39
883,00	1454,06
883,18	1480,68
883,35	1503,21
883,53	1415,15
883,71	1382,38
883,89	1435,63
884,07	1443,82
884,24	1480,68
884,42	1490,92
884,60	1521,64
884,78	1578,98
884,95	1435,63
885,13	1492,97
885,31	1423,34
885,49	1456,11
885,67	1447,91
885,84	1380,33
886,02	1423,34
886,20	1400,81
886,38	1466,35
886,55	1447,91
886,73	1415,15
886,91	1495,02
887,09	1435,63
887,26	1468,39
887,44	1447,91
887,62	1538,02
887,80	1435,63
887,98	1456,11
888,15	1476,59
888,33	1423,34
888,51	1472,49
888,69	1505,26
888,86	1482,73
889,04	1499,11
889,22	1392,62
889,39	1501,16
889,57	1443,82
889,75	1435,63
889,93	1388,52
890,10	1435,63
890,28	1519,59
890,46	1546,22
890,64	1486,83
890,81	1507,30
890,99	1464,30
891,17	1476,59
891,34	1572,84
891,52	1515,50
891,70	1505,26
891,88	1538,02
892,05	1482,73
892,23	1540,07
892,41	1517,54
892,58	1425,39
892,76	1509,35
892,94	1431,53
893,12	1552,36
893,29	1447,91
893,47	1429,48
893,65	1513,45
893,82	1476,59
894,00	1497,07
894,18	1443,82
894,35	1425,39
894,53	1445,87
894,71	1499,11
894,89	1394,67
895,06	1470,44
895,24	1454,06
895,42	1431,53
895,59	1425,39
895,77	1470,44
895,95	1501,16
896,12	1423,34
896,30	1398,76
896,48	1468,39
896,65	1503,21
896,83	1419,24
897,01	1390,57
897,18	1423,34
897,36	1546,22
897,54	1499,11
897,71	1423,34
897,89	1449,96
898,07	1478,63
898,24	1406,95
898,42	1570,79
898,59	1492,97
898,77	1392,62
898,95	1411,05
899,12	1468,39
899,30	1421,29
899,48	1474,54
899,65	1458,15
899,83	1449,96
900,01	1413,10
900,18	1517,54
900,36	1417,19
900,53	1435,63
900,71	1409,00
900,89	1472,49
901,06	1406,95
901,24	1468,39
901,42	1417,19
901,59	1390,57
901,77	1525,74
901,94	1435,63
902,12	1464,30
902,30	1382,38
902,47	1492,97
902,65	1419,24
902,82	1521,64
903,00	1427,43
903,18	1488,87
903,35	1431,53
903,53	1468,39
903,70	1476,59
903,88	1484,78
904,06	1486,83
904,23	1570,79
904,41	1445,87
904,58	1468,39
904,76	1361,90
904,93	1523,69
905,11	1411,05
905,29	1468,39
905,46	1374,19
905,64	1527,78
905,81	1409,00
905,99	1447,91
906,16	1456,11
906,34	1417,19
906,52	1474,54
906,69	1335,28
906,87	1503,21
907,04	1452,01
907,22	1486,83
907,39	1546,22
907,57	1464,30
907,75	1535,98
907,92	1396,71
908,10	1554,41
908,27	1505,26
908,45	1421,29
908,62	1515,50
908,80	1431,53
908,97	1486,83
909,15	1435,63
909,32	1419,24
909,50	1431,53
909,67	1404,91
909,85	1458,15
910,03	1386,47
910,20	1452,01
910,38	1464,30
910,55	1445,87
910,73	1441,77
910,90	1454,06
911,08	1445,87
911,25	1488,87
911,43	1452,01
911,60	1464,30
911,78	1437,67
911,95	1513,45
912,13	1411,05
912,30	1398,76
912,48	1398,76
912,65	1318,89
912,83	1492,97
913,00	1431,53
913,18	1538,02
913,35	1376,24
913,53	1449,96
913,70	1470,44
913,88	1423,34
914,05	1515,50
914,23	1423,34
914,40	1392,62
914,58	1476,59
914,75	1474,54
914,93	1439,72
915,10	1501,16
915,27	1447,91
915,45	1531,88
915,62	1435,63
915,80	1515,50
915,97	1421,29
916,15	1486,83
916,32	1576,94
916,50	1515,50
916,67	1427,43
916,85	1429,48
917,02	1505,26
917,20	1431,53
917,37	1468,39
917,54	1554,41
917,72	1501,16
917,89	1464,30
918,07	1505,26
918,24	1490,92
918,42	1454,06
918,59	1497,07
918,77	1472,49
918,94	1529,83
919,11	1411,05
919,29	1447,91
919,46	1456,11
919,64	1509,35
919,81	1472,49
919,99	1429,48
920,16	1509,35
920,33	1460,20
920,51	1513,45
920,68	1521,64
920,86	1529,83
921,03	1587,18
921,20	1458,15
921,38	1429,48
921,55	1449,96
921,73	1488,87
921,90	1400,81
922,07	1480,68
922,25	1480,68
922,42	1566,70
922,60	1525,74
922,77	1497,07
922,94	1478,63
923,12	1517,54
923,29	1492,97
923,47	1556,46
923,64	1474,54
923,81	1533,93
923,99	1411,05
924,16	1454,06
924,34	1501,16
924,51	1468,39
924,68	1482,73
924,86	1439,72
925,03	1454,06
925,20	1449,96
925,38	1482,73
925,55	1535,98
925,72	1515,50
925,90	1460,20
926,07	1529,83
926,25	1435,63
926,42	1542,12
926,59	1519,59
926,77	1542,12
926,94	1462,25
927,11	1366,00
927,29	1533,93
927,46	1433,58
927,63	1568,74
927,81	1480,68
927,98	1587,18
928,15	1486,83
928,33	1507,30
928,50	1480,68
928,67	1497,07
928,85	1495,02
929,02	1466,35
929,19	1585,13
929,37	1497,07
929,54	1454,06
929,71	1499,11
929,89	1482,73
930,06	1445,87
930,23	1533,93
930,41	1517,54
930,58	1404,91
930,75	1458,15
930,92	1535,98
931,10	1443,82
931,27	1499,11
931,44	1452,01
931,62	1523,69
931,79	1382,38
931,96	1462,25
932,14	1599,46
932,31	1535,98
932,48	1480,68
932,65	1456,11
932,83	1519,59
933,00	1449,96
933,17	1482,73
933,35	1495,02
933,52	1607,66
933,69	1556,46
933,86	1533,93
934,04	1452,01
934,21	1507,30
934,38	1466,35
934,55	1540,07
934,73	1509,35
934,90	1511,40
935,07	1517,54
935,25	1486,83
935,42	1478,63
935,59	1400,81
935,76	1423,34
935,94	1484,78
936,11	1468,39
936,28	1501,16
936,45	1486,83
936,63	1429,48
936,80	1449,96
936,97	1480,68
937,14	1427,43
937,31	1587,18
937,49	1443,82
937,66	1480,68
937,83	1464,30
938,00	1492,97
938,18	1574,89
938,35	1533,93
938,52	1560,55
938,69	1529,83
938,87	1447,91
939,04	1447,91
939,21	1398,76
939,38	1480,68
939,55	1480,68
939,73	1486,83
939,90	1449,96
940,07	1558,50
940,24	1492,97
940,41	1513,45
940,59	1423,34
940,76	1517,54
940,93	1474,54
941,10	1501,16
941,27	1433,58
941,45	1533,93
941,62	1456,11
941,79	1460,20
941,96	1478,63
942,13	1527,78
942,31	1466,35
942,48	1501,16
942,65	1554,41
942,82	1495,02
942,99	1540,07
943,16	1452,01
943,34	1482,73
943,51	1597,42
943,68	1511,40
943,85	1568,74
944,02	1511,40
944,19	1347,56
944,37	1527,78
944,54	1525,74
944,71	1509,35
944,88	1591,27
945,05	1464,30
945,22	1546,22
945,40	1558,50
945,57	1482,73
945,74	1404,91
945,91	1439,72
946,08	1462,25
946,25	1513,45
946,42	1495,02
946,60	1503,21
946,77	1634,28
946,94	1505,26
947,11	1478,63
947,28	1509,35
947,45	1464,30
947,62	1513,45
947,79	1560,55
947,97	1538,02
948,14	1634,28
948,31	1535,98
948,48	1517,54
948,65	1470,44
948,82	1427,43
948,99	1548,26
949,16	1484,78
949,33	1400,81
949,51	1521,64
949,68	1519,59
949,85	1452,01
950,02	1533,93
950,19	1482,73
950,36	1480,68
950,53	1441,77
950,70	1478,63
950,87	1472,49
951,04	1486,83
951,22	1562,60
951,39	1630,18
951,56	1507,30
951,73	1468,39
951,90	1484,78
952,07	1501,16
952,24	1492,97
952,41	1517,54
952,58	1488,87
952,75	1419,24
952,92	1490,92
953,09	1425,39
953,26	1396,71
953,43	1400,81
953,61	1548,26
953,78	1486,83
953,95	1507,30
954,12	1495,02
954,29	1376,24
954,46	1468,39
954,63	1560,55
954,80	1503,21
954,97	1505,26
955,14	1454,06
955,31	1507,30
955,48	1419,24
955,65	1501,16
955,82	1488,87
955,99	1535,98
956,16	1486,83
956,33	1544,17
956,50	1427,43
956,67	1452,01
956,84	1513,45
957,01	1378,28
957,18	1445,87
957,35	1400,81
957,52	1495,02
957,69	1449,96
957,86	1439,72
958,03	1511,40
958,20	1472,49
958,37	1425,39
958,54	1538,02
958,71	1398,76
958,88	1601,51
959,05	1470,44
959,22	1572,84
959,39	1443,82
959,56	1476,59
959,73	1480,68
959,90	1533,93
960,07	1404,91
960,24	1445,87
960,41	1423,34
960,58	1460,20
960,75	1462,25
960,92	1466,35
961,09	1456,11
961,26	1486,83
961,43	1454,06
961,60	1386,47
961,77	1525,74
961,94	1452,01
962,11	1372,14
962,28	1570,79
962,45	1466,35
962,62	1480,68
962,79	1472,49
962,96	1454,06
963,13	1419,24
963,30	1435,63
963,47	1478,63
963,64	1406,95
963,81	1492,97
963,98	1495,02
964,14	1480,68
964,31	1513,45
964,48	1497,07
964,65	1544,17
964,82	1454,06
964,99	1441,77
965,16	1472,49
965,33	1443,82
965,50	1505,26
965,67	1429,48
965,84	1468,39
966,01	1394,67
966,18	1437,67
966,35	1495,02
966,51	1445,87
966,68	1507,30
966,85	1406,95
967,02	1454,06
967,19	1409,00
967,36	1415,15
967,53	1492,97
967,70	1624,04
967,87	1460,20
968,04	1495,02
968,21	1425,39
968,37	1538,02
968,54	1363,95
968,71	1421,29
968,88	1413,10
969,05	1480,68
969,22	1374,19
969,39	1492,97
969,56	1554,41
969,72	1468,39
969,89	1499,11
970,06	1470,44
970,23	1433,58
970,40	1474,54
970,57	1497,07
970,74	1486,83
970,91	1363,95
971,07	1402,86
971,24	1519,59
971,41	1464,30
971,58	1417,19
971,75	1468,39
971,92	1458,15
972,09	1411,05
972,25	1429,48
972,42	1519,59
972,59	1460,20
972,76	1380,33
972,93	1406,95
973,10	1411,05
973,27	1452,01
973,43	1435,63
973,60	1458,15
973,77	1546,22
973,94	1482,73
974,11	1441,77
974,28	1435,63
974,44	1415,15
974,61	1417,19
974,78	1439,72
974,95	1345,52
975,12	1505,26
975,28	1546,22
975,45	1402,86
975,62	1421,29
975,79	1345,52
975,96	1341,42
976,12	1345,52
976,29	1484,78
976,46	1431,53
976,63	1439,72
976,80	1415,15
976,96	1353,71
977,13	1499,11
977,30	1474,54
977,47	1435,63
977,64	1480,68
977,80	1409,00
977,97	1435,63
978,14	1505,26
978,31	1466,35
978,48	1417,19
978,64	1484,78
978,81	1353,71
978,98	1392,62
979,15	1415,15
979,31	1470,44
979,48	1464,30
979,65	1392,62
979,82	1505,26
979,98	1423,34
980,15	1458,15
980,32	1456,11
980,49	1308,65
980,66	1404,91
980,82	1380,33
980,99	1449,96
981,16	1452,01
981,33	1366,00
981,49	1476,59
981,66	1437,67
981,83	1421,29
981,99	1421,29
982,16	1433,58
982,33	1437,67
982,50	1406,95
982,66	1470,44
982,83	1351,66
983,00	1505,26
983,17	1390,57
983,33	1488,87
983,50	1454,06
983,67	1433,58
983,83	1464,30
984,00	1413,10
984,17	1517,54
984,34	1400,81
984,50	1316,84
984,67	1400,81
984,84	1411,05
985,00	1437,67
985,17	1431,53
985,34	1384,43
985,51	1404,91
985,67	1390,57
985,84	1378,28
986,01	1312,75
986,17	1413,10
986,34	1361,90
986,51	1400,81
986,67	1357,80
986,84	1331,18
987,01	1429,48
987,17	1531,88
987,34	1359,85
987,51	1394,67
987,67	1413,10
987,84	1376,24
988,01	1466,35
988,17	1400,81
988,34	1370,09
988,51	1447,91
988,67	1486,83
988,84	1437,67
989,01	1419,24
989,17	1456,11
989,34	1480,68
989,51	1501,16
989,67	1372,14
989,84	1404,91
990,01	1341,42
990,17	1476,59
990,34	1431,53
990,51	1464,30
990,67	1370,09
990,84	1425,39
991,01	1378,28
991,17	1419,24
991,34	1374,19
991,50	1392,62
991,67	1386,47
991,84	1390,57
992,00	1406,95
992,17	1417,19
992,34	1435,63
992,50	1525,74
992,67	1443,82
992,83	1439,72
993,00	1386,47
993,17	1374,19
993,33	1411,05
993,50	1439,72
993,66	1382,38
993,83	1456,11
994,00	1392,62
994,16	1413,10
994,33	1421,29
994,49	1439,72
994,66	1452,01
994,83	1380,33
994,99	1468,39
995,16	1433,58
995,32	1437,67
995,49	1409,00
995,66	1482,73
995,82	1458,15
995,99	1406,95
996,15	1449,96
996,32	1361,90
996,48	1445,87
996,65	1382,38
996,82	1398,76
996,98	1388,52
997,15	1415,15
997,31	1427,43
997,48	1406,95
997,64	1404,91
997,81	1439,72
997,97	1388,52
998,14	1234,93
998,31	1497,07
998,47	1423,34
998,64	1433,58
998,80	1423,34
998,97	1347,56
999,13	1474,54
999,30	1472,49
999,46	1454,06
999,63	1392,62
999,79	1378,28
999,96	1462,25
1000,12	1366,00
1000,29	1376,24
1000,45	1302,51
1000,62	1400,81
1000,79	1437,67
1000,95	1366,00
1001,12	1478,63
1001,28	1404,91
1001,45	1398,76
1001,61	1470,44
1001,78	1398,76
1001,94	1386,47
1002,11	1445,87
1002,27	1441,77
1002,44	1349,61
1002,60	1392,62
1002,77	1427,43
1002,93	1484,78
1003,10	1449,96
1003,26	1419,24
1003,43	1490,92
1003,59	1411,05
1003,76	1429,48
1003,92	1425,39
1004,09	1374,19
1004,25	1435,63
1004,41	1490,92
1004,58	1460,20
1004,74	1363,95
1004,91	1413,10
1005,07	1439,72
1005,24	1464,30
1005,40	1421,29
1005,57	1380,33
1005,73	1402,86
1005,90	1361,90
1006,06	1431,53
1006,23	1468,39
1006,39	1439,72
1006,55	1316,84
1006,72	1417,19
1006,88	1382,38
1007,05	1368,04
1007,21	1419,24
1007,38	1433,58
1007,54	1419,24
1007,71	1361,90
1007,87	1398,76
1008,03	1392,62
1008,20	1423,34
1008,36	1386,47
1008,53	1431,53
1008,69	1441,77
1008,86	1435,63
1009,02	1363,95
1009,18	1468,39
1009,35	1345,52
1009,51	1353,71
1009,68	1464,30
1009,84	1384,43
1010,01	1423,34
1010,17	1329,13
1010,33	1482,73
1010,50	1490,92
1010,66	1488,87
1010,83	1400,81
1010,99	1425,39
1011,15	1308,65
1011,32	1431,53
1011,48	1327,08
1011,65	1382,38
1011,81	1386,47
1011,97	1343,47
1012,14	1468,39
1012,30	1464,30
1012,46	1411,05
1012,63	1472,49
1012,79	1316,84
1012,96	1357,80
1013,12	1370,09
1013,28	1466,35
1013,45	1306,60
1013,61	1417,19
1013,77	1486,83
1013,94	1454,06
1014,10	1427,43
1014,26	1396,71
1014,43	1449,96
1014,59	1419,24
1014,76	1423,34
1014,92	1464,30
1015,08	1396,71
1015,25	1345,52
1015,41	1429,48
1015,57	1413,10
1015,74	1341,42
1015,90	1271,79
1016,06	1396,71
1016,23	1462,25
1016,39	1425,39
1016,55	1456,11
1016,72	1351,66
1016,88	1433,58
1017,04	1286,12
1017,21	1411,05
1017,37	1376,24
1017,53	1409,00
1017,70	1366,00
1017,86	1331,18
1018,02	1435,63
1018,19	1378,28
1018,35	1357,80
1018,51	1435,63
1018,67	1476,59
1018,84	1380,33
1019,00	1472,49
1019,16	1501,16
1019,33	1460,20
1019,49	1521,64
1019,65	1349,61
1019,82	1468,39
1019,98	1341,42
1020,14	1380,33
1020,30	1427,43
1020,47	1411,05
1020,63	1413,10
1020,79	1445,87
1020,96	1398,76
1021,12	1411,05
1021,28	1363,95
1021,44	1411,05
1021,61	1419,24
1021,77	1376,24
1021,93	1378,28
1022,09	1357,80
1022,26	1435,63
1022,42	1402,86
1022,58	1458,15
1022,74	1427,43
1022,91	1339,37
1023,07	1372,14
1023,23	1355,76
1023,39	1394,67
1023,56	1339,37
1023,72	1529,83
1023,88	1370,09
1024,04	1378,28
1024,21	1284,08
1024,37	1452,01
1024,53	1484,78
1024,69	1282,03
1024,86	1400,81
1025,02	1392,62
1025,18	1427,43
1025,34	1325,04
1025,50	1454,06
1025,67	1400,81
1025,83	1482,73
1025,99	1437,67
1026,15	1474,54
1026,32	1386,47
1026,48	1370,09
1026,64	1411,05
1026,80	1456,11
1026,96	1437,67
1027,13	1503,21
1027,29	1415,15
1027,45	1339,37
1027,61	1398,76
1027,77	1425,39
1027,94	1396,71
1028,10	1425,39
1028,26	1409,00
1028,42	1388,52
1028,58	1423,34
1028,75	1439,72
1028,91	1439,72
1029,07	1368,04
1029,23	1447,91
1029,39	1384,43
1029,55	1398,76
1029,72	1376,24
1029,88	1433,58
1030,04	1441,77
1030,20	1386,47
1030,36	1339,37
1030,52	1374,19
1030,69	1398,76
1030,85	1384,43
1031,01	1353,71
1031,17	1331,18
1031,33	1421,29
1031,49	1472,49
1031,65	1353,71
1031,82	1345,52
1031,98	1396,71
1032,14	1466,35
1032,30	1380,33
1032,46	1402,86
1032,62	1406,95
1032,78	1437,67
1032,95	1357,80
1033,11	1411,05
1033,27	1378,28
1033,43	1400,81
1033,59	1388,52
1033,75	1347,56
1033,91	1443,82
1034,07	1499,11
1034,24	1390,57
1034,40	1349,61
1034,56	1347,56
1034,72	1419,24
1034,88	1380,33
1035,04	1413,10
1035,20	1398,76
1035,36	1382,38
1035,52	1406,95
1035,68	1349,61
1035,85	1466,35
1036,01	1394,67
1036,17	1521,64
1036,33	1452,01
1036,49	1417,19
1036,65	1400,81
1036,81	1396,71
1036,97	1437,67
1037,13	1435,63
1037,29	1384,43
1037,45	1439,72
1037,61	1382,38
1037,78	1454,06
1037,94	1398,76
1038,10	1390,57
1038,26	1404,91
1038,42	1400,81
1038,58	1439,72
1038,74	1380,33
1038,90	1415,15
1039,06	1443,82
1039,22	1370,09
1039,38	1384,43
1039,54	1398,76
1039,70	1419,24
1039,86	1384,43
1040,02	1335,28
1040,18	1472,49
1040,34	1402,86
1040,50	1423,34
1040,66	1394,67
1040,83	1421,29
1040,99	1347,56
1041,15	1499,11
1041,31	1425,39
1041,47	1349,61
1041,63	1335,28
1041,79	1431,53
1041,95	1396,71
1042,11	1361,90
1042,27	1517,54
1042,43	1380,33
1042,59	1441,77
1042,75	1447,91
1042,91	1343,47
