344,25	1253,36
344,46	1253,36
344,68	1253,36
344,90	1255,40
345,12	1304,56
345,34	1368,04
345,55	1372,14
345,77	1431,53
345,99	1349,61
346,21	1456,11
346,42	1382,38
346,64	1368,04
346,86	1298,41
347,08	1398,76
347,30	1443,82
347,51	1380,33
347,73	1390,57
347,95	1441,77
348,17	1382,38
348,38	1357,80
348,60	1382,38
348,82	1388,52
349,04	1353,71
349,25	1513,45
349,47	1390,57
349,69	1357,80
349,91	1468,39
350,13	1433,58
350,34	1437,67
350,56	1306,60
350,78	1372,14
351,00	1402,86
351,21	1380,33
351,43	1417,19
351,65	1421,29
351,87	1404,91
352,08	1419,24
352,30	1484,78
352,52	1394,67
352,74	1425,39
352,95	1374,19
353,17	1423,34
353,39	1390,57
353,61	1519,59
353,82	1431,53
354,04	1329,13
354,26	1353,71
354,47	1411,05
354,69	1394,67
354,91	1427,43
355,13	1425,39
355,34	1443,82
355,56	1357,80
355,78	1501,16
356,00	1402,86
356,21	1415,15
356,43	1325,04
356,65	1427,43
356,86	1464,30
357,08	1425,39
357,30	1531,88
357,52	1402,86
357,73	1402,86
357,95	1427,43
358,17	1406,95
358,38	1449,96
358,60	1454,06
358,82	1521,64
359,04	1374,19
359,25	1576,94
359,47	1533,93
359,69	1501,16
359,90	1452,01
360,12	1593,32
360,34	1486,83
360,56	1511,40
360,77	1609,70
360,99	1517,54
361,21	1546,22
361,42	1525,74
361,64	1691,62
361,86	1583,08
362,07	1615,85
362,29	1640,42
362,51	1578,98
362,73	1634,28
362,94	1581,03
363,16	1675,24
363,38	1619,94
363,59	1621,99
363,81	1662,95
364,03	1658,85
364,24	1748,97
364,46	1605,61
364,68	1652,71
364,89	1495,02
365,11	1695,72
365,33	1621,99
365,54	1646,57
365,76	1630,18
365,98	1728,49
366,19	1667,05
366,41	1753,06
366,63	1591,27
366,84	1660,90
367,06	1624,04
367,28	1675,24
367,49	1730,53
367,71	1646,57
367,93	1638,38
368,14	1615,85
368,36	1644,52
368,58	1609,70
368,79	1667,05
369,01	1751,01
369,23	1654,76
369,44	1644,52
369,66	1652,71
369,88	1687,53
370,09	1556,46
370,31	1587,18
370,53	1656,81
370,74	1619,94
370,96	1640,42
371,18	1644,52
371,39	1701,86
371,61	1642,47
371,82	1689,57
372,04	1591,27
372,26	1693,67
372,47	1646,57
372,69	1701,86
372,91	1712,10
373,12	1591,27
373,34	1660,90
373,56	1486,83
373,77	1714,15
373,99	1531,88
374,20	1605,61
374,42	1658,85
374,64	1724,39
374,85	1529,83
375,07	1646,57
375,29	1597,42
375,50	1613,80
375,72	1603,56
375,93	1626,09
376,15	1560,55
376,37	1628,14
376,58	1544,17
376,80	1607,66
377,01	1497,07
377,23	1525,74
377,45	1548,26
377,66	1558,50
377,88	1572,84
378,10	1560,55
378,31	1441,77
378,53	1507,30
378,74	1478,63
378,96	1540,07
379,18	1527,78
379,39	1505,26
379,61	1470,44
379,82	1521,64
380,04	1552,36
380,26	1470,44
380,47	1464,30
380,69	1503,21
380,90	1591,27
381,12	1370,09
381,33	1495,02
381,55	1497,07
381,77	1478,63
381,98	1423,34
382,20	1306,60
382,41	1517,54
382,63	1468,39
382,85	1558,50
383,06	1478,63
383,28	1447,91
383,49	1476,59
383,71	1398,76
383,92	1458,15
384,14	1427,43
384,36	1382,38
384,57	1452,01
384,79	1384,43
385,00	1409,00
385,22	1482,73
385,43	1454,06
385,65	1431,53
385,87	1458,15
386,08	1357,80
386,30	1478,63
386,51	1503,21
386,73	1378,28
386,94	1392,62
387,16	1411,05
387,37	1435,63
387,59	1507,30
387,81	1456,11
388,02	1445,87
388,24	1341,42
388,45	1390,57
388,67	1472,49
388,88	1462,25
389,10	1478,63
389,31	1566,70
389,53	1468,39
389,75	1519,59
389,96	1452,01
390,18	1406,95
390,39	1417,19
390,61	1544,17
390,82	1394,67
391,04	1409,00
391,25	1423,34
391,47	1423,34
391,68	1456,11
391,90	1413,10
392,11	1513,45
392,33	1456,11
392,54	1439,72
392,76	1544,17
392,97	1427,43
393,19	1445,87
393,41	1486,83
393,62	1423,34
393,84	1523,69
394,05	1449,96
394,27	1525,74
394,48	1488,87
394,70	1533,93
394,91	1421,29
395,13	1495,02
395,34	1525,74
395,56	1523,69
395,77	1568,74
395,99	1503,21
396,20	1505,26
396,42	1435,63
396,63	1566,70
396,85	1427,43
397,06	1419,24
397,28	1531,88
397,49	1533,93
397,71	1603,56
397,92	1519,59
398,14	1523,69
398,35	1624,04
398,57	1480,68
398,78	1548,26
399,00	1529,83
399,21	1501,16
399,43	1550,31
399,64	1605,61
399,86	1562,60
400,07	1599,46
400,29	1589,22
400,50	1566,70
400,72	1607,66
400,93	1595,37
401,14	1538,02
401,36	1490,92
401,57	1576,94
401,79	1605,61
402,00	1535,98
402,22	1576,94
402,43	1650,66
402,65	1665,00
402,86	1533,93
403,08	1574,89
403,29	1634,28
403,51	1591,27
403,72	1630,18
403,94	1597,42
404,15	1628,14
404,36	1605,61
404,58	1902,56
404,79	1626,09
405,01	1566,70
405,22	1585,13
405,44	1497,07
405,65	1615,85
405,87	1556,46
406,08	1658,85
406,30	1523,69
406,51	1667,05
406,72	1634,28
406,94	1578,98
407,15	1662,95
407,37	1617,90
407,58	1562,60
407,80	1560,55
408,01	1497,07
408,23	1519,59
408,44	1607,66
408,65	1540,07
408,87	1603,56
409,08	1605,61
409,30	1675,24
409,51	1533,93
409,73	1619,94
409,94	1587,18
410,15	1603,56
410,37	1603,56
410,58	1492,97
410,80	1488,87
411,01	1560,55
411,23	1464,30
411,44	1552,36
411,65	1581,03
411,87	1529,83
412,08	1482,73
412,30	1591,27
412,51	1568,74
412,72	1601,51
412,94	1546,22
413,15	1517,54
413,37	1591,27
413,58	1488,87
413,79	1589,22
414,01	1517,54
414,22	1581,03
414,44	1558,50
414,65	1560,55
414,86	1535,98
415,08	1513,45
415,29	1595,37
415,51	1495,02
415,72	1572,84
415,93	1525,74
416,15	1562,60
416,36	1593,32
416,58	1578,98
416,79	1578,98
417,00	1587,18
417,22	1521,64
417,43	1619,94
417,65	1650,66
417,86	1581,03
418,07	1601,51
418,29	1589,22
418,50	1531,88
418,71	1583,08
418,93	1568,74
419,14	1519,59
419,36	1525,74
419,57	1581,03
419,78	1705,96
420,00	1495,02
420,21	1624,04
420,42	1521,64
420,64	1570,79
420,85	1548,26
421,06	1599,46
421,28	1648,61
421,49	1576,94
421,71	1591,27
421,92	1560,55
422,13	1656,81
422,35	1697,77
422,56	1634,28
422,77	1603,56
422,99	1660,90
423,20	1593,32
423,41	1644,52
423,63	1652,71
423,84	1619,94
424,05	1634,28
424,27	1662,95
424,48	1601,51
424,69	1591,27
424,91	2209,76
425,12	1673,19
425,33	1648,61
425,55	1734,63
425,76	1675,24
425,97	1671,14
426,19	1638,38
426,40	1644,52
426,61	1718,25
426,83	1673,19
427,04	1669,09
427,25	1673,19
427,47	1681,38
427,68	1755,11
427,89	1730,53
428,11	1646,57
428,32	1675,24
428,53	1660,90
428,75	1609,70
428,96	1708,01
429,17	1615,85
429,39	1628,14
429,60	1720,29
429,81	1710,05
430,03	1699,81
430,24	1626,09
430,45	1646,57
430,67	1648,61
430,88	1738,73
431,09	1644,52
431,30	1748,97
431,52	1636,33
431,73	1595,37
431,94	1650,66
432,16	1765,35
432,37	1615,85
432,58	1595,37
432,80	1611,75
433,01	1648,61
433,22	1581,03
433,43	1597,42
433,65	1634,28
433,86	1560,55
434,07	1574,89
434,29	1605,61
434,50	1552,36
434,71	1634,28
434,92	1613,80
435,14	1681,38
435,35	1613,80
435,56	1554,41
435,77	1572,84
435,99	1574,89
436,20	1595,37
436,41	1611,75
436,63	1521,64
436,84	1546,22
437,05	1562,60
437,26	1470,44
437,48	1568,74
437,69	1603,56
437,90	1585,13
438,11	1497,07
438,33	1570,79
438,54	1488,87
438,75	1652,71
438,96	1632,23
439,18	1476,59
439,39	1544,17
439,60	1554,41
439,82	1542,12
440,03	1609,70
440,24	1593,32
440,45	1564,65
440,67	1486,83
440,88	1609,70
441,09	1654,76
441,30	1603,56
441,51	1615,85
441,73	1445,87
441,94	1488,87
442,15	1617,90
442,36	1568,74
442,58	1542,12
442,79	1542,12
443,00	1599,46
443,21	1581,03
443,43	1603,56
443,64	1583,08
443,85	1621,99
444,06	1607,66
444,28	1593,32
444,49	1611,75
444,70	1685,48
444,91	1621,99
445,12	1640,42
445,34	1554,41
445,55	1695,72
445,76	1595,37
445,97	1673,19
446,18	1574,89
446,40	1746,92
446,61	1531,88
446,82	1570,79
447,03	1634,28
447,25	1566,70
447,46	1605,61
447,67	1677,29
447,88	1621,99
448,09	1683,43
448,31	1665,00
448,52	1746,92
448,73	1701,86
448,94	1609,70
449,15	1753,06
449,37	1785,83
449,58	1638,38
449,79	1748,97
450,00	1968,10
450,21	1804,26
450,43	1859,56
450,64	1761,25
450,85	1783,78
451,06	1900,52
451,27	1804,26
451,48	1802,21
451,70	1716,20
451,91	1777,64
452,12	1855,46
452,33	1847,27
452,54	1818,60
452,76	1980,39
452,97	2050,02
453,18	1966,05
453,39	1920,99
453,60	2015,20
453,81	1898,47
454,03	1959,91
454,24	1998,82
454,45	1871,84
454,66	1959,91
454,87	2013,15
455,08	2045,92
455,30	2172,89
455,51	2025,44
455,72	2121,70
455,93	1949,67
456,14	2015,20
456,35	1994,72
456,56	2383,84
456,78	1994,72
456,99	1984,48
457,20	2025,44
457,41	2117,60
457,62	2004,96
457,83	2263,01
458,04	2054,11
458,26	2047,97
458,47	1992,67
458,68	2140,13
458,89	1984,48
459,10	2052,06
459,31	1984,48
459,52	2045,92
459,74	1951,71
459,95	1978,34
460,16	1847,27
460,37	2027,49
460,58	1908,71
460,79	1992,67
461,00	1912,80
461,21	1832,93
461,43	1814,50
461,64	1855,46
461,85	1726,44
462,06	1724,39
462,27	1695,72
462,48	1839,08
462,69	1830,88
462,90	1787,88
463,12	1869,80
463,33	1765,35
463,54	1677,29
463,75	1740,77
463,96	1748,97
464,17	1779,68
464,38	1689,57
464,59	1691,62
464,80	1624,04
465,01	1570,79
465,23	1632,23
465,44	1628,14
465,65	1605,61
465,86	1648,61
466,07	1654,76
466,28	1542,12
466,49	1609,70
466,70	1675,24
466,91	1595,37
467,12	1669,09
467,33	1601,51
467,55	1646,57
467,76	1572,84
467,97	1585,13
468,18	1599,46
468,39	1605,61
468,60	1560,55
468,81	1585,13
469,02	1519,59
469,23	1558,50
469,44	1607,66
469,65	1609,70
469,86	1574,89
470,07	1542,12
470,29	1587,18
470,50	1615,85
470,71	1601,51
470,92	1585,13
471,13	1540,07
471,34	1621,99
471,55	1519,59
471,76	1566,70
471,97	1497,07
472,18	1624,04
472,39	1521,64
472,60	1495,02
472,81	1525,74
473,02	1538,02
473,23	1562,60
473,44	1574,89
473,65	1603,56
473,87	1415,15
474,08	1568,74
474,29	1509,35
474,50	1482,73
474,71	1542,12
474,92	1603,56
475,13	1593,32
475,34	1554,41
475,55	1474,54
475,76	1464,30
475,97	1497,07
476,18	1542,12
476,39	1499,11
476,60	1476,59
476,81	1634,28
477,02	1472,49
477,23	1486,83
477,44	1525,74
477,65	1454,06
477,86	1566,70
478,07	1603,56
478,28	1552,36
478,49	1499,11
478,70	1509,35
478,91	1523,69
479,12	1562,60
479,33	1470,44
479,54	1454,06
479,75	1535,98
479,96	1558,50
480,17	1499,11
480,38	1476,59
480,59	1468,39
480,80	1513,45
481,01	1529,83
481,22	1478,63
481,43	1548,26
481,64	1529,83
481,85	1509,35
482,06	1490,92
482,27	1523,69
482,48	1456,11
482,69	1581,03
482,90	1476,59
483,11	1552,36
483,32	1519,59
483,53	1449,96
483,74	1443,82
483,95	1474,54
484,16	1380,33
484,37	1470,44
484,58	1476,59
484,79	1460,20
485,00	1538,02
485,21	1431,53
485,42	1411,05
485,63	1587,18
485,84	1417,19
486,05	1456,11
486,26	1482,73
486,47	1482,73
486,68	1519,59
486,89	1425,39
487,10	1464,30
487,31	1497,07
487,52	1454,06
487,73	1488,87
487,94	1470,44
488,15	1468,39
488,36	1458,15
488,57	1501,16
488,77	1443,82
488,98	1388,52
489,19	1478,63
489,40	1525,74
489,61	1431,53
489,82	1449,96
490,03	1462,25
490,24	1460,20
490,45	1540,07
490,66	1380,33
490,87	1515,50
491,08	1429,48
491,29	1411,05
491,50	1419,24
491,71	1388,52
491,92	1546,22
492,13	1527,78
492,33	1421,29
492,54	1484,78
492,75	1394,67
492,96	1456,11
493,17	1406,95
493,38	1511,40
493,59	1419,24
493,80	1466,35
494,01	1540,07
494,22	1486,83
494,43	1421,29
494,64	1503,21
494,85	1456,11
495,05	1449,96
495,26	1513,45
495,47	1492,97
495,68	1447,91
495,89	1460,20
496,10	1437,67
496,31	1480,68
496,52	1423,34
496,73	1404,91
496,94	1437,67
497,15	1525,74
497,35	1509,35
497,56	1406,95
497,77	1378,28
497,98	1460,20
498,19	1538,02
498,40	1490,92
498,61	1531,88
498,82	1392,62
499,03	1419,24
499,23	1509,35
499,44	1486,83
499,65	1497,07
499,86	1499,11
500,07	1497,07
500,28	1476,59
500,49	1445,87
500,70	1511,40
500,91	1417,19
501,11	1423,34
501,32	1437,67
501,53	1507,30
501,74	1587,18
501,95	1474,54
502,16	1423,34
502,37	1411,05
502,57	1447,91
502,78	1492,97
502,99	1411,05
503,20	1406,95
503,41	1445,87
503,62	1486,83
503,83	1497,07
504,03	1452,01
504,24	1404,91
504,45	1505,26
504,66	1486,83
504,87	1404,91
505,08	1513,45
505,29	1476,59
505,49	1366,00
505,70	1503,21
505,91	1490,92
506,12	1402,86
506,33	1478,63
506,54	1398,76
506,75	1447,91
506,95	1429,48
507,16	1486,83
507,37	1415,15
507,58	1406,95
507,79	1409,00
508,00	1484,78
508,20	1449,96
508,41	1351,66
508,62	1458,15
508,83	1460,20
509,04	1333,23
509,24	1503,21
509,45	1748,97
509,66	1505,26
509,87	1495,02
510,08	1441,77
510,29	1517,54
510,49	1515,50
510,70	1390,57
510,91	1492,97
511,12	1462,25
511,33	1472,49
511,53	1439,72
511,74	1400,81
511,95	1411,05
512,16	1429,48
512,37	1593,32
512,57	1361,90
512,78	1433,58
512,99	1478,63
513,20	1570,79
513,41	1509,35
513,61	1390,57
513,82	1447,91
514,03	1427,43
514,24	1468,39
514,45	1472,49
514,65	1482,73
514,86	1402,86
515,07	1390,57
515,28	1366,00
515,49	1452,01
515,69	1411,05
515,90	1419,24
516,11	1509,35
516,32	1443,82
516,52	1439,72
516,73	1507,30
516,94	1492,97
517,15	1404,91
517,36	1449,96
517,56	1472,49
517,77	1423,34
517,98	1443,82
518,19	1357,80
518,39	1503,21
518,60	1413,10
518,81	1558,50
519,02	1454,06
519,22	1339,37
519,43	1466,35
519,64	1441,77
519,85	1392,62
520,05	1521,64
520,26	1400,81
520,47	1464,30
520,68	1478,63
520,88	1433,58
521,09	1482,73
521,30	1540,07
521,51	1441,77
521,71	1519,59
521,92	1460,20
522,13	1462,25
522,34	1388,52
522,54	1445,87
522,75	1427,43
522,96	1478,63
523,17	1419,24
523,37	1554,41
523,58	1472,49
523,79	1415,15
523,99	1527,78
524,20	1472,49
524,41	1425,39
524,62	1517,54
524,82	1456,11
525,03	1454,06
525,24	1464,30
525,45	1458,15
525,65	1370,09
525,86	1478,63
526,07	1482,73
526,27	1347,56
526,48	1417,19
526,69	1468,39
526,90	1429,48
527,10	1486,83
527,31	1456,11
527,52	1357,80
527,72	1501,16
527,93	1447,91
528,14	1376,24
528,34	1466,35
528,55	1329,13
528,76	1425,39
528,97	1433,58
529,17	1415,15
529,38	1374,19
529,59	1413,10
529,79	1398,76
530,00	1445,87
530,21	1490,92
530,41	1486,83
530,62	1435,63
530,83	1478,63
531,03	1578,98
531,24	1499,11
531,45	1429,48
531,65	1495,02
531,86	1425,39
532,07	1439,72
532,27	1396,71
532,48	1441,77
532,69	1376,24
532,89	1447,91
533,10	1441,77
533,31	1486,83
533,51	1363,95
533,72	1447,91
533,93	1490,92
534,13	1529,83
534,34	1386,47
534,55	1439,72
534,75	1384,43
534,96	1542,12
535,17	1460,20
535,37	1474,54
535,58	1413,10
535,79	1394,67
535,99	1458,15
536,20	1400,81
536,41	1468,39
536,61	1447,91
536,82	1490,92
537,03	1456,11
537,23	1347,56
537,44	1439,72
537,64	1398,76
537,85	1443,82
538,06	1476,59
538,26	1482,73
538,47	1454,06
538,68	1376,24
538,88	1415,15
539,09	1404,91
539,30	1484,78
539,50	1482,73
539,71	1501,16
539,91	1437,67
540,12	1423,34
540,33	1452,01
540,53	1419,24
540,74	1431,53
540,94	1472,49
541,15	1431,53
541,36	1378,28
541,56	1466,35
541,77	1447,91
541,98	1427,43
542,18	1515,50
542,39	1538,02
542,59	1423,34
542,80	1431,53
543,01	1335,28
543,21	1409,00
543,42	1447,91
543,62	1413,10
543,83	1419,24
544,04	1425,39
544,24	1386,47
544,45	1456,11
544,65	1429,48
544,86	1470,44
545,06	1411,05
545,27	1538,02
545,48	1392,62
545,68	1533,93
545,89	1398,76
546,09	1443,82
546,30	1419,24
546,51	1505,26
546,71	1488,87
546,92	1486,83
547,12	1390,57
547,33	1454,06
547,53	1417,19
547,74	1484,78
547,95	1460,20
548,15	1597,42
548,36	1404,91
548,56	1562,60
548,77	1460,20
548,97	1447,91
549,18	1464,30
549,39	1468,39
549,59	1447,91
549,80	1419,24
550,00	1388,52
550,21	1449,96
550,41	1433,58
550,62	1390,57
550,82	1396,71
551,03	1390,57
551,23	1400,81
551,44	1490,92
551,65	1378,28
551,85	1478,63
552,06	1431,53
552,26	1423,34
552,47	1333,23
552,67	1452,01
552,88	1374,19
553,08	1421,29
553,29	1409,00
553,49	1492,97
553,70	1419,24
553,90	1513,45
554,11	1378,28
554,32	1476,59
554,52	1382,38
554,73	1431,53
554,93	1460,20
555,14	1464,30
555,34	1533,93
555,55	1468,39
555,75	1386,47
555,96	1433,58
556,16	1419,24
556,37	1507,30
556,57	1386,47
556,78	1388,52
556,98	1472,49
557,19	1427,43
557,39	1406,95
557,60	1462,25
557,80	1382,38
558,01	1431,53
558,21	1388,52
558,42	1517,54
558,62	1538,02
558,83	1460,20
559,03	1384,43
559,24	1411,05
559,44	1445,87
559,65	1437,67
559,85	1439,72
560,06	1409,00
560,26	1380,33
560,47	1433,58
560,67	1431,53
560,88	1478,63
561,08	1456,11
561,29	1566,70
561,49	1398,76
561,70	1427,43
561,90	1452,01
562,10	1425,39
562,31	1400,81
562,51	1353,71
562,72	1419,24
562,92	1423,34
563,13	1519,59
563,33	1445,87
563,54	1470,44
563,74	1538,02
563,95	1423,34
564,15	1495,02
564,36	1472,49
564,56	1476,59
564,76	1474,54
564,97	1468,39
565,17	1398,76
565,38	1447,91
565,58	1458,15
565,79	1454,06
565,99	1474,54
566,20	1386,47
566,40	1478,63
566,60	1499,11
566,81	1484,78
567,01	1509,35
567,22	1429,48
567,42	1411,05
567,63	1452,01
567,83	1447,91
568,04	1417,19
568,24	1482,73
568,44	1468,39
568,65	1501,16
568,85	1396,71
569,06	1472,49
569,26	1427,43
569,47	1415,15
569,67	1394,67
569,87	1402,86
570,08	1437,67
570,28	1431,53
570,49	1445,87
570,69	1441,77
570,89	1572,84
571,10	1511,40
571,30	1406,95
571,51	1456,11
571,71	1394,67
571,91	1501,16
572,12	1470,44
572,32	1490,92
572,53	1495,02
572,73	1472,49
572,93	1480,68
573,14	1466,35
573,34	1468,39
573,55	1441,77
573,75	1378,28
573,95	1470,44
574,16	1462,25
574,36	1380,33
574,57	1480,68
574,77	1413,10
574,97	1413,10
575,18	1449,96
575,38	1419,24
575,59	1413,10
575,79	1368,04
575,99	1409,00
576,20	1492,97
576,40	1466,35
576,60	1400,81
576,81	1458,15
577,01	1482,73
577,22	1495,02
577,42	1456,11
577,62	1509,35
577,83	1429,48
578,03	1464,30
578,23	1540,07
578,44	1404,91
578,64	1495,02
578,84	1394,67
579,05	1454,06
579,25	1495,02
579,45	1337,32
579,66	1384,43
579,86	1439,72
580,07	1468,39
580,27	1484,78
580,47	1372,14
580,68	1347,56
580,88	1443,82
581,08	1445,87
581,29	1390,57
581,49	1435,63
581,69	1503,21
581,90	1394,67
582,10	1368,04
582,30	1415,15
582,51	1509,35
582,71	1390,57
582,91	1374,19
583,12	1470,44
583,32	1474,54
583,52	1480,68
583,73	1419,24
583,93	1472,49
584,13	1470,44
584,34	1456,11
584,54	1413,10
584,74	1445,87
584,94	1441,77
585,15	1441,77
585,35	1486,83
585,55	1441,77
585,76	1447,91
585,96	1458,15
586,16	1560,55
586,37	1374,19
586,57	1449,96
586,77	1392,62
586,98	1431,53
587,18	1515,50
587,38	1495,02
587,58	1433,58
587,79	1398,76
587,99	1402,86
588,19	1458,15
588,40	1406,95
588,60	1462,25
588,80	1462,25
589,00	1394,67
589,21	1466,35
589,41	1411,05
589,61	1454,06
589,82	1402,86
590,02	1421,29
590,22	1490,92
590,42	1445,87
590,63	1531,88
590,83	1318,89
591,03	1503,21
591,23	1454,06
591,44	1492,97
591,64	1400,81
591,84	1425,39
592,05	1468,39
592,25	1425,39
592,45	1499,11
592,65	1499,11
592,86	1466,35
593,06	1488,87
593,26	1423,34
593,46	1484,78
593,67	1384,43
593,87	1462,25
594,07	1374,19
594,27	1390,57
594,48	1470,44
594,68	1429,48
594,88	1361,90
595,08	1480,68
595,29	1492,97
595,49	1452,01
595,69	1400,81
595,89	1427,43
596,10	1488,87
596,30	1425,39
596,50	1382,38
596,70	1439,72
596,90	1415,15
597,11	1406,95
597,31	1423,34
597,51	1396,71
597,71	1478,63
597,92	1519,59
598,12	1464,30
598,32	1497,07
598,52	1439,72
598,72	1472,49
598,93	1421,29
599,13	1605,61
599,33	1386,47
599,53	1538,02
599,74	1413,10
599,94	1476,59
600,14	1525,74
600,34	1558,50
600,54	1538,02
600,75	1443,82
600,95	1466,35
601,15	1495,02
601,35	1415,15
601,55	1443,82
601,76	1419,24
601,96	1523,69
602,16	1382,38
602,36	1441,77
602,56	1372,14
602,76	1357,80
602,97	1376,24
603,17	1419,24
603,37	1492,97
603,57	1413,10
603,77	1484,78
603,98	1468,39
604,18	1419,24
604,38	1449,96
604,58	1417,19
604,78	1394,67
604,98	1431,53
605,19	1515,50
605,39	1452,01
605,59	1452,01
605,79	1456,11
605,99	1435,63
606,19	1439,72
606,40	1374,19
606,60	1425,39
606,80	1392,62
607,00	1419,24
607,20	1445,87
607,40	1482,73
607,61	1511,40
607,81	1466,35
608,01	1468,39
608,21	1499,11
608,41	1507,30
608,61	1454,06
608,81	1376,24
609,02	1390,57
609,22	1437,67
609,42	1378,28
609,62	1525,74
609,82	1339,37
610,02	1511,40
610,22	1460,20
610,43	1462,25
610,63	1460,20
610,83	1445,87
611,03	1427,43
611,23	1384,43
611,43	1456,11
611,63	1538,02
611,83	1374,19
612,04	1505,26
612,24	1441,77
612,44	1425,39
612,64	1462,25
612,84	1484,78
613,04	1396,71
613,24	1505,26
613,44	1423,34
613,64	1445,87
613,85	1445,87
614,05	1533,93
614,25	1433,58
614,45	1372,14
614,65	1476,59
614,85	1472,49
615,05	1419,24
615,25	1505,26
615,45	1372,14
615,65	1509,35
615,86	1499,11
616,06	1521,64
616,26	1548,26
616,46	1533,93
616,66	1333,23
616,86	1454,06
617,06	1456,11
617,26	1484,78
617,46	1519,59
617,66	1447,91
617,86	1515,50
618,07	1431,53
618,27	1398,76
618,47	1411,05
618,67	1542,12
618,87	1470,44
619,07	1548,26
619,27	1568,74
619,47	1454,06
619,67	1509,35
619,87	1454,06
620,07	1478,63
620,27	1546,22
620,47	1460,20
620,67	1482,73
620,87	1466,35
621,07	1505,26
621,28	1427,43
621,48	1499,11
621,68	1449,96
621,88	1548,26
622,08	1445,87
622,28	1472,49
622,48	1488,87
622,68	1413,10
622,88	1505,26
623,08	1372,14
623,28	1525,74
623,48	1435,63
623,68	1443,82
623,88	1425,39
624,08	1578,98
624,28	1476,59
624,48	1413,10
624,68	1441,77
624,88	1497,07
625,08	1544,17
625,28	1417,19
625,48	1460,20
625,68	1456,11
625,88	1472,49
626,08	1474,54
626,28	1449,96
626,48	1495,02
626,68	1366,00
626,88	1443,82
627,08	1464,30
627,28	1591,27
627,48	1378,28
627,68	1492,97
627,88	1433,58
628,08	1488,87
628,28	1419,24
628,49	1456,11
628,68	1472,49
628,88	1478,63
629,08	1468,39
629,28	1443,82
629,48	1388,52
629,68	1499,11
629,88	1497,07
630,08	1466,35
630,28	1505,26
630,48	1497,07
630,68	1443,82
630,88	1437,67
631,08	1423,34
631,28	1429,48
631,48	1486,83
631,68	1380,33
631,88	1511,40
632,08	1456,11
632,28	1472,49
632,48	1431,53
632,68	1400,81
632,88	1499,11
633,08	1462,25
633,28	1505,26
633,48	1511,40
633,68	1503,21
633,88	1535,98
634,08	1542,12
634,28	1466,35
634,48	1566,70
634,68	1435,63
634,88	1472,49
635,08	1421,29
635,28	1540,07
635,48	1431,53
635,68	1449,96
635,87	1390,57
636,07	1529,83
636,27	1343,47
636,47	1476,59
636,67	1499,11
636,87	1470,44
637,07	1550,31
637,27	1349,61
637,47	1501,16
637,67	1527,78
637,87	1392,62
638,07	1464,30
638,27	1437,67
638,47	1509,35
638,67	1396,71
638,86	1521,64
639,06	1474,54
639,26	1507,30
639,46	1439,72
639,66	1554,41
639,86	1474,54
640,06	1478,63
640,26	1576,94
640,46	1474,54
640,66	1435,63
640,86	1490,92
641,06	1380,33
641,25	1468,39
641,45	1425,39
641,65	1503,21
641,85	1415,15
642,05	1411,05
642,25	1456,11
642,45	1384,43
642,65	1447,91
642,85	1462,25
643,05	1419,24
643,24	1472,49
643,44	1460,20
643,64	1452,01
643,84	1413,10
644,04	1380,33
644,24	1437,67
644,44	1419,24
644,64	1419,24
644,84	1531,88
645,03	1542,12
645,23	1454,06
645,43	1421,29
645,63	1515,50
645,83	1394,67
646,03	1345,52
646,23	1472,49
646,42	1525,74
646,62	1464,30
646,82	1452,01
647,02	1429,48
647,22	1507,30
647,42	1429,48
647,62	1404,91
647,82	1505,26
648,01	1593,32
648,21	1439,72
648,41	1517,54
648,61	1523,69
648,81	1470,44
649,01	1400,81
649,20	1431,53
649,40	1454,06
649,60	1413,10
649,80	1501,16
650,00	1523,69
650,20	1433,58
650,40	1470,44
650,59	1413,10
650,79	1437,67
650,99	1495,02
651,19	1374,19
651,39	1501,16
651,58	1497,07
651,78	1488,87
651,98	1550,31
652,18	1468,39
652,38	1421,29
652,58	1361,90
652,77	1495,02
652,97	1554,41
653,17	1488,87
653,37	1492,97
653,57	1435,63
653,77	1423,34
653,96	1398,76
654,16	1507,30
654,36	1421,29
654,56	1482,73
654,76	1478,63
654,95	1400,81
655,15	1488,87
655,35	1486,83
655,55	1433,58
655,75	1515,50
655,94	1548,26
656,14	1464,30
656,34	1497,07
656,54	1433,58
656,73	1476,59
656,93	1433,58
657,13	1533,93
657,33	1488,87
657,53	1435,63
657,72	1497,07
657,92	1390,57
658,12	1456,11
658,32	1525,74
658,52	1427,43
658,71	1363,95
658,91	1538,02
659,11	1495,02
659,31	1507,30
659,50	1503,21
659,70	1507,30
659,90	1599,46
660,10	1462,25
660,29	1437,67
660,49	1523,69
660,69	1517,54
660,89	1486,83
661,08	1468,39
661,28	1439,72
661,48	1406,95
661,68	1470,44
661,87	1435,63
662,07	1427,43
662,27	1488,87
662,47	1449,96
662,66	1521,64
662,86	1425,39
663,06	1413,10
663,26	1421,29
663,45	1443,82
663,65	1441,77
663,85	1431,53
664,05	1419,24
664,24	1445,87
664,44	1439,72
664,64	1427,43
664,84	1462,25
665,03	1546,22
665,23	1452,01
665,43	1460,20
665,62	1398,76
665,82	1507,30
666,02	1425,39
666,22	1454,06
666,41	1357,80
666,61	1470,44
666,81	1595,37
667,00	1425,39
667,20	1384,43
667,40	1468,39
667,60	1484,78
667,79	1478,63
667,99	1372,14
668,19	1515,50
668,38	1427,43
668,58	1439,72
668,78	1427,43
668,97	1552,36
669,17	1372,14
669,37	1488,87
669,57	1427,43
669,76	1495,02
669,96	1484,78
670,16	1527,78
670,35	1337,32
670,55	1521,64
670,75	1441,77
670,94	1419,24
671,14	1484,78
671,34	1460,20
671,53	1404,91
671,73	1452,01
671,93	1415,15
672,12	1417,19
672,32	1425,39
672,52	1486,83
672,71	1431,53
672,91	1466,35
673,11	1505,26
673,30	1443,82
673,50	1474,54
673,70	1456,11
673,89	1357,80
674,09	1490,92
674,29	1449,96
674,48	1509,35
674,68	1517,54
674,88	1439,72
675,07	1507,30
675,27	1439,72
675,46	1447,91
675,66	1505,26
675,86	1472,49
676,05	1552,36
676,25	1404,91
676,45	1511,40
676,64	1452,01
676,84	1505,26
677,04	1361,90
677,23	1597,42
677,43	1466,35
677,62	1480,68
677,82	1460,20
678,02	1505,26
678,21	1495,02
678,41	1337,32
678,61	1427,43
678,80	1495,02
679,00	1460,20
679,19	1511,40
679,39	1503,21
679,59	1443,82
679,78	1382,38
679,98	1419,24
680,17	1357,80
680,37	1544,17
680,57	1382,38
680,76	1441,77
680,96	1464,30
681,16	1388,52
681,35	1452,01
681,55	1499,11
681,74	1396,71
681,94	1396,71
682,13	1452,01
682,33	1425,39
682,53	1472,49
682,72	1460,20
682,92	1441,77
683,11	1591,27
683,31	1462,25
683,51	1517,54
683,70	1466,35
683,90	1441,77
684,09	1466,35
684,29	1535,98
684,48	1398,76
684,68	1402,86
684,88	1497,07
685,07	1458,15
685,27	1413,10
685,46	1495,02
685,66	1464,30
685,85	1466,35
686,05	1544,17
686,25	1513,45
686,44	1456,11
686,64	1488,87
686,83	1433,58
687,03	1505,26
687,22	1458,15
687,42	1456,11
687,61	1509,35
687,81	1433,58
688,01	1484,78
688,20	1339,37
688,40	1435,63
688,59	1474,54
688,79	1464,30
688,98	1538,02
689,18	1398,76
689,37	1519,59
689,57	1480,68
689,76	1488,87
689,96	1402,86
690,15	1460,20
690,35	1388,52
690,54	1529,83
690,74	1439,72
690,94	1492,97
691,13	1490,92
691,33	1421,29
691,52	1454,06
691,72	1470,44
691,91	1443,82
692,11	1574,89
692,30	1456,11
692,50	1431,53
692,69	1445,87
692,89	1523,69
693,08	1400,81
693,28	1443,82
693,47	1382,38
693,67	1531,88
693,86	1470,44
694,06	1527,78
694,25	1349,61
694,45	1495,02
694,64	1429,48
694,84	1435,63
695,03	1468,39
695,23	1476,59
695,42	1503,21
695,62	1472,49
695,81	1470,44
696,01	1505,26
696,20	1353,71
696,40	1550,31
696,59	1505,26
696,78	1429,48
696,98	1488,87
697,17	1366,00
697,37	1439,72
697,56	1464,30
697,76	1431,53
697,95	1456,11
698,15	1452,01
698,34	1538,02
698,54	1419,24
698,73	1560,55
698,93	1435,63
699,12	1394,67
699,32	1398,76
699,51	1466,35
699,70	1361,90
699,90	1462,25
700,09	1363,95
700,29	1454,06
700,48	1380,33
700,68	1497,07
700,87	1411,05
701,07	1425,39
701,26	1452,01
701,45	1419,24
701,65	1431,53
701,84	1357,80
702,04	1431,53
702,23	1378,28
702,43	1339,37
702,62	1415,15
702,81	1378,28
703,01	1419,24
703,20	1490,92
703,40	1423,34
703,59	1404,91
703,79	1423,34
703,98	1382,38
704,17	1417,19
704,37	1554,41
704,56	1441,77
704,76	1376,24
704,95	1449,96
705,14	1456,11
705,34	1449,96
705,53	1325,04
705,73	1376,24
705,92	1484,78
706,11	1404,91
706,31	1376,24
706,50	1427,43
706,70	1439,72
706,89	1499,11
707,08	1460,20
707,28	1447,91
707,47	1452,01
707,67	1361,90
707,86	1427,43
708,05	1468,39
708,25	1374,19
708,44	1394,67
708,64	1390,57
708,83	1523,69
709,02	1345,52
709,22	1542,12
709,41	1390,57
709,60	1488,87
709,80	1525,74
709,99	1417,19
710,19	1376,24
710,38	1429,48
710,57	1421,29
710,77	1351,66
710,96	1384,43
711,15	1423,34
711,35	1380,33
711,54	1380,33
711,73	1376,24
711,93	1366,00
712,12	1351,66
712,31	1421,29
712,51	1400,81
712,70	1402,86
712,89	1388,52
713,09	1351,66
713,28	1390,57
713,48	1480,68
713,67	1400,81
713,86	1411,05
714,06	1384,43
714,25	1366,00
714,44	1349,61
714,64	1374,19
714,83	1431,53
715,02	1327,08
715,22	1474,54
715,41	1423,34
715,60	1406,95
715,79	1366,00
715,99	1441,77
716,18	1404,91
716,37	1366,00
716,57	1409,00
716,76	1525,74
716,95	1378,28
717,15	1366,00
717,34	1370,09
717,53	1443,82
717,73	1454,06
717,92	1415,15
718,11	1406,95
718,31	1441,77
718,50	1452,01
718,69	1357,80
718,88	1476,59
719,08	1429,48
719,27	1454,06
719,46	1439,72
719,66	1398,76
719,85	1386,47
720,04	1390,57
720,23	1359,85
720,43	1413,10
720,62	1423,34
720,81	1398,76
721,01	1468,39
721,20	1495,02
721,39	1384,43
721,58	1368,04
721,78	1441,77
721,97	1368,04
722,16	1335,28
722,35	1439,72
722,55	1382,38
722,74	1449,96
722,93	1431,53
723,13	1474,54
723,32	1341,42
723,51	1415,15
723,70	1406,95
723,90	1433,58
724,09	1409,00
724,28	1376,24
724,47	1449,96
724,67	1394,67
724,86	1441,77
725,05	1320,94
725,24	1417,19
725,44	1423,34
725,63	1341,42
725,82	1429,48
726,01	1378,28
726,21	1495,02
726,40	1419,24
726,59	1445,87
726,78	1388,52
726,97	1431,53
727,17	1392,62
727,36	1515,50
727,55	1462,25
727,74	1411,05
727,94	1415,15
728,13	1449,96
728,32	1366,00
728,51	1366,00
728,70	1349,61
728,90	1331,18
729,09	1488,87
729,28	1374,19
729,47	1380,33
729,66	1411,05
729,86	1413,10
730,05	1423,34
730,24	1394,67
730,43	1413,10
730,63	1347,56
730,82	1527,78
731,01	1355,76
731,20	1419,24
731,39	1406,95
731,58	1376,24
731,78	1415,15
731,97	1384,43
732,16	1445,87
732,35	1443,82
732,54	1427,43
732,74	1462,25
732,93	1435,63
733,12	1415,15
733,31	1325,04
733,50	1376,24
733,69	1363,95
733,89	1419,24
734,08	1456,11
734,27	1415,15
734,46	1511,40
734,65	1382,38
734,84	1382,38
735,04	1390,57
735,23	1413,10
735,42	1384,43
735,61	1409,00
735,80	1456,11
735,99	1406,95
736,19	1411,05
736,38	1333,23
736,57	1402,86
736,76	1378,28
736,95	1370,09
737,14	1497,07
737,33	1497,07
737,53	1347,56
737,72	1366,00
737,91	1400,81
738,10	1421,29
738,29	1374,19
738,48	1490,92
738,67	1396,71
738,87	1550,31
739,06	1388,52
739,25	1452,01
739,44	1363,95
739,63	1429,48
739,82	1394,67
740,01	1460,20
740,20	1462,25
740,40	1376,24
740,59	1388,52
740,78	1390,57
740,97	1345,52
741,16	1388,52
741,35	1419,24
741,54	1423,34
741,73	1357,80
741,92	1366,00
742,12	1421,29
742,31	1386,47
742,50	1460,20
742,69	1361,90
742,88	1400,81
743,07	1327,08
743,26	1413,10
743,45	1449,96
743,64	1312,75
743,83	1355,76
744,02	1454,06
744,22	1376,24
744,41	1460,20
744,60	1449,96
744,79	1462,25
744,98	1437,67
745,17	1507,30
745,36	1427,43
745,55	1433,58
745,74	1415,15
745,93	1337,32
746,12	1406,95
746,31	1349,61
746,50	1470,44
746,70	1370,09
746,89	1445,87
747,08	1390,57
747,27	1322,99
747,46	1363,95
747,65	1349,61
747,84	1447,91
748,03	1413,10
748,22	1429,48
748,41	1462,25
748,60	1394,67
748,79	1460,20
748,98	1472,49
749,17	1421,29
749,36	1435,63
749,55	1384,43
749,74	1374,19
749,93	1503,21
750,12	1366,00
750,31	1392,62
750,50	1468,39
750,70	1368,04
750,89	1443,82
751,08	1480,68
751,27	1462,25
751,46	1366,00
751,65	1380,33
751,84	1427,43
752,03	1390,57
752,22	1470,44
752,41	1437,67
752,60	1447,91
752,79	1413,10
752,98	1368,04
753,17	1413,10
753,36	1464,30
753,55	1419,24
753,74	1425,39
753,93	1460,20
754,12	1482,73
754,31	1462,25
754,50	1488,87
754,69	1423,34
754,88	1452,01
755,07	1378,28
755,26	1431,53
755,45	1376,24
755,64	1476,59
755,83	1447,91
756,02	1482,73
756,21	1468,39
756,40	1456,11
756,59	1519,59
756,78	1417,19
756,97	1468,39
757,16	1435,63
757,35	1486,83
757,54	1427,43
757,72	1437,67
757,91	1531,88
758,10	1413,10
758,29	1443,82
758,48	1423,34
758,67	1433,58
758,86	1452,01
759,05	1488,87
759,24	1359,85
759,43	1388,52
759,62	1378,28
759,81	1478,63
760,00	1454,06
760,19	1460,20
760,38	1482,73
760,57	1431,53
760,76	1429,48
760,95	1497,07
761,14	1402,86
761,33	1464,30
761,52	1452,01
761,70	1484,78
761,89	1460,20
762,08	1452,01
762,27	1404,91
762,46	1523,69
762,65	1409,00
762,84	1431,53
763,03	1390,57
763,22	1501,16
763,41	1433,58
763,60	1447,91
763,79	1470,44
763,98	1464,30
764,16	1492,97
764,35	1495,02
764,54	1441,77
764,73	1437,67
764,92	1501,16
765,11	1564,65
765,30	1538,02
765,49	1357,80
765,68	1517,54
765,87	1501,16
766,06	1376,24
766,24	1503,21
766,43	1361,90
766,62	1513,45
766,81	1423,34
767,00	1519,59
767,19	1441,77
767,38	1480,68
767,57	1406,95
767,76	1482,73
767,94	1529,83
768,13	1507,30
768,32	1533,93
768,51	1468,39
768,70	1495,02
768,89	1505,26
769,08	1482,73
769,27	1445,87
769,45	1429,48
769,64	1611,75
769,83	1427,43
770,02	1521,64
770,21	1452,01
770,40	1480,68
770,59	1476,59
770,77	1421,29
770,96	1474,54
771,15	1525,74
771,34	1468,39
771,53	1611,75
771,72	1456,11
771,91	1468,39
772,09	1411,05
772,28	1398,76
772,47	1482,73
772,66	1490,92
772,85	1546,22
773,04	1439,72
773,22	1431,53
773,41	1552,36
773,60	1452,01
773,79	1523,69
773,98	1458,15
774,17	1433,58
774,35	1431,53
774,54	1437,67
774,73	1413,10
774,92	1513,45
775,11	1509,35
775,30	1542,12
775,48	1529,83
775,67	1472,49
775,86	1478,63
776,05	1546,22
776,24	1472,49
776,42	1460,20
776,61	1474,54
776,80	1437,67
776,99	1525,74
777,18	1603,56
777,36	1429,48
777,55	1492,97
777,74	1433,58
777,93	1437,67
778,12	1415,15
778,30	1499,11
778,49	1486,83
778,68	1564,65
778,87	1503,21
779,06	1484,78
779,24	1458,15
779,43	1538,02
779,62	1415,15
779,81	1515,50
779,99	1439,72
780,18	1486,83
780,37	1542,12
780,56	1515,50
780,75	1482,73
780,93	1464,30
781,12	1507,30
781,31	1431,53
781,50	1421,29
781,68	1472,49
781,87	1454,06
782,06	1460,20
782,25	1587,18
782,43	1529,83
782,62	1474,54
782,81	1447,91
783,00	1445,87
783,18	1406,95
783,37	1533,93
783,56	1513,45
783,75	1515,50
783,93	1538,02
784,12	1472,49
784,31	1507,30
784,50	1492,97
784,68	1542,12
784,87	1460,20
785,06	1566,70
785,24	1464,30
785,43	1495,02
785,62	1462,25
785,81	1507,30
785,99	1431,53
786,18	1415,15
786,37	1419,24
786,56	1462,25
786,74	1447,91
786,93	1509,35
787,12	1495,02
787,30	1423,34
787,49	1417,19
787,68	1474,54
787,87	1488,87
788,05	1468,39
788,24	1439,72
788,43	1464,30
788,61	1546,22
788,80	1478,63
788,99	1382,38
789,17	1476,59
789,36	1458,15
789,55	1431,53
789,73	1419,24
789,92	1357,80
790,11	1525,74
790,30	1443,82
790,48	1378,28
790,67	1441,77
790,86	1454,06
791,04	1447,91
791,23	1472,49
791,42	1435,63
791,60	1482,73
791,79	1527,78
791,98	1347,56
792,16	1419,24
792,35	1484,78
792,54	1443,82
792,72	1435,63
792,91	1439,72
793,10	1382,38
793,28	1499,11
793,47	1478,63
793,66	1484,78
793,84	1427,43
794,03	1396,71
794,22	1456,11
794,40	1357,80
794,59	1511,40
794,77	1419,24
794,96	1374,19
795,15	1404,91
795,33	1400,81
795,52	1484,78
795,71	1472,49
795,89	1462,25
796,08	1415,15
796,27	1464,30
796,45	1497,07
796,64	1398,76
796,82	1398,76
797,01	1431,53
797,20	1437,67
797,38	1366,00
797,57	1437,67
797,76	1386,47
797,94	1472,49
798,13	1507,30
798,31	1409,00
798,50	1388,52
798,69	1454,06
798,87	1423,34
799,06	1413,10
799,24	1415,15
799,43	1437,67
799,62	1331,18
799,80	1372,14
799,99	1531,88
800,17	1443,82
800,36	1499,11
800,55	1427,43
800,73	1396,71
800,92	1359,85
801,10	1335,28
801,29	1380,33
801,48	1421,29
801,66	1472,49
801,85	1386,47
802,03	1443,82
802,22	1486,83
802,40	1361,90
802,59	1347,56
802,78	1406,95
802,96	1468,39
803,15	1452,01
803,33	1470,44
803,52	1386,47
803,70	1400,81
803,89	1386,47
804,08	1439,72
804,26	1347,56
804,45	1372,14
804,63	1439,72
804,82	1417,19
805,00	1376,24
805,19	1404,91
805,37	1384,43
805,56	1368,04
805,74	1398,76
805,93	1439,72
806,12	1435,63
806,30	1427,43
806,49	1374,19
806,67	1421,29
806,86	1433,58
807,04	1464,30
807,23	1435,63
807,41	1392,62
807,60	1445,87
807,78	1388,52
807,97	1720,29
808,15	1394,67
808,34	1320,94
808,52	1435,63
808,71	1388,52
808,89	1382,38
809,08	1417,19
809,27	1486,83
809,45	1388,52
809,64	1437,67
809,82	1427,43
810,01	1378,28
810,19	1460,20
810,38	1361,90
810,56	1380,33
810,75	1456,11
810,93	1413,10
811,12	1406,95
811,30	1505,26
811,49	1406,95
811,67	1521,64
811,85	1437,67
812,04	1322,99
812,22	1429,48
812,41	1443,82
812,59	1443,82
812,78	1427,43
812,96	1333,23
813,15	1468,39
813,33	1490,92
813,52	1353,71
813,70	1437,67
813,89	1460,20
814,07	1495,02
814,26	1351,66
814,44	1374,19
814,63	1452,01
814,81	1449,96
815,00	1378,28
815,18	1409,00
815,36	1404,91
815,55	1466,35
815,73	1443,82
815,92	1439,72
816,10	1507,30
816,29	1447,91
816,47	1286,12
816,66	1419,24
816,84	1456,11
817,02	1499,11
817,21	1437,67
817,39	1468,39
817,58	1419,24
817,76	1388,52
817,95	1413,10
818,13	1431,53
818,32	1425,39
818,50	1384,43
818,68	1419,24
818,87	1439,72
819,05	1351,66
819,24	1478,63
819,42	1462,25
819,60	1370,09
819,79	1492,97
819,97	1439,72
820,16	1413,10
820,34	1443,82
820,53	1466,35
820,71	1333,23
820,89	1409,00
821,08	1437,67
821,26	1339,37
821,45	1374,19
821,63	1466,35
821,81	1415,15
822,00	1521,64
822,18	1497,07
822,37	1478,63
822,55	1443,82
822,73	1445,87
822,92	1406,95
823,10	1402,86
823,28	1357,80
823,47	1454,06
823,65	1441,77
823,84	1413,10
824,02	1521,64
824,20	1441,77
824,39	1435,63
824,57	1492,97
824,75	1533,93
824,94	1476,59
825,12	1466,35
825,31	1388,52
825,49	1409,00
825,67	1433,58
825,86	1400,81
826,04	1413,10
826,22	1503,21
826,41	1525,74
826,59	1443,82
826,77	1429,48
826,96	1454,06
827,14	1378,28
827,32	1429,48
827,51	1478,63
827,69	1570,79
827,87	1419,24
828,06	1488,87
828,24	1470,44
828,42	1386,47
828,61	1519,59
828,79	1449,96
828,97	1452,01
829,16	1441,77
829,34	1445,87
829,52	1513,45
829,71	1564,65
829,89	1538,02
830,07	1406,95
830,26	1421,29
830,44	1312,75
830,62	1476,59
830,81	1490,92
830,99	1380,33
831,17	1550,31
831,36	1441,77
831,54	1458,15
831,72	1427,43
831,91	1454,06
832,09	1458,15
832,27	1388,52
832,45	1435,63
832,64	1462,25
832,82	1533,93
833,00	1437,67
833,19	1417,19
833,37	1447,91
833,55	1441,77
833,73	1400,81
833,92	1464,30
834,10	1437,67
834,28	1456,11
834,47	1486,83
834,65	1521,64
834,83	1435,63
835,01	1490,92
835,20	1435,63
835,38	1413,10
835,56	1511,40
835,74	1523,69
835,93	1490,92
836,11	1527,78
836,29	1492,97
836,47	1546,22
836,66	1486,83
836,84	1488,87
837,02	1499,11
837,21	1548,26
837,39	1380,33
837,57	1447,91
837,75	1443,82
837,94	1462,25
838,12	1480,68
838,30	1462,25
838,48	1419,24
838,66	1497,07
838,85	1513,45
839,03	1476,59
839,21	1476,59
839,39	1441,77
839,58	1470,44
839,76	1452,01
839,94	1540,07
840,12	1525,74
840,31	1474,54
840,49	1474,54
840,67	1474,54
840,85	1376,24
841,03	1474,54
841,22	1490,92
841,40	1452,01
841,58	1507,30
841,76	1419,24
841,94	1460,20
842,13	1560,55
842,31	1501,16
842,49	1476,59
842,67	1495,02
842,85	1490,92
843,04	1523,69
843,22	1529,83
843,40	1542,12
843,58	1441,77
843,76	1488,87
843,95	1531,88
844,13	1478,63
844,31	1460,20
844,49	1474,54
844,67	1390,57
844,86	1439,72
845,04	1441,77
845,22	1429,48
845,40	1474,54
845,58	1480,68
845,76	1484,78
845,95	1468,39
846,13	1437,67
846,31	1501,16
846,49	1542,12
846,67	1499,11
846,85	1517,54
847,04	1521,64
847,22	1505,26
847,40	1437,67
847,58	1525,74
847,76	1499,11
847,94	1513,45
848,12	1560,55
848,31	1492,97
848,49	1452,01
848,67	1505,26
848,85	1533,93
849,03	1550,31
849,21	1476,59
849,39	1429,48
849,58	1556,46
849,76	1472,49
849,94	1529,83
850,12	1474,54
850,30	1552,36
850,48	1466,35
850,66	1560,55
850,84	1533,93
851,03	1499,11
851,21	1513,45
851,39	1507,30
851,57	1497,07
851,75	1538,02
851,93	1454,06
852,11	1595,37
852,29	1490,92
852,47	1511,40
852,66	1517,54
852,84	1495,02
853,02	1484,78
853,20	1574,89
853,38	1544,17
853,56	1585,13
853,74	1624,04
853,92	1486,83
854,10	1519,59
854,28	1449,96
854,46	1433,58
854,65	1460,20
854,83	1484,78
855,01	1486,83
855,19	1472,49
855,37	1509,35
855,55	1538,02
855,73	1535,98
855,91	1570,79
856,09	1544,17
856,27	1554,41
856,45	1488,87
856,63	1404,91
856,81	1581,03
857,00	1523,69
857,18	1540,07
857,36	1499,11
857,54	1521,64
857,72	1542,12
857,90	1486,83
858,08	1542,12
858,26	1470,44
858,44	1554,41
858,62	1513,45
858,80	1492,97
858,98	1576,94
859,16	1521,64
859,34	1486,83
859,52	1550,31
859,70	1617,90
859,88	1484,78
860,06	1533,93
860,24	1507,30
860,42	1480,68
860,60	1554,41
860,78	1552,36
860,96	1464,30
861,14	1449,96
861,32	1574,89
861,50	1609,70
861,69	1466,35
861,87	1478,63
862,05	1499,11
862,23	1546,22
862,41	1460,20
862,59	1529,83
862,77	1486,83
862,95	1511,40
863,13	1482,73
863,31	1499,11
863,49	1484,78
863,67	1482,73
863,85	1439,72
864,03	1527,78
864,21	1447,91
864,39	1595,37
864,57	1472,49
864,75	1497,07
864,92	1533,93
865,10	1523,69
865,28	1470,44
865,46	1521,64
865,64	1470,44
865,82	1478,63
866,00	1525,74
866,18	1542,12
866,36	1439,72
866,54	1550,31
866,72	1513,45
866,90	1550,31
867,08	1576,94
867,26	1441,77
867,44	1456,11
867,62	1499,11
867,80	1452,01
867,98	1585,13
868,16	1621,99
868,34	1507,30
868,52	1515,50
868,70	1517,54
868,88	1462,25
869,06	1519,59
869,24	1495,02
869,42	1492,97
869,59	1488,87
869,77	1568,74
869,95	1474,54
870,13	1454,06
870,31	1470,44
870,49	1515,50
870,67	1394,67
870,85	1441,77
871,03	1533,93
871,21	1605,61
871,39	1542,12
871,57	1499,11
871,75	1439,72
871,92	1478,63
872,10	1595,37
872,28	1478,63
872,46	1544,17
872,64	1515,50
872,82	1492,97
873,00	1419,24
873,18	1503,21
873,36	1525,74
873,54	1454,06
873,72	1445,87
873,89	1435,63
874,07	1458,15
874,25	1585,13
874,43	1544,17
874,61	1480,68
874,79	1480,68
874,97	1445,87
875,15	1542,12
875,33	1411,05
875,50	1466,35
875,68	1456,11
875,86	1497,07
876,04	1503,21
876,22	1497,07
876,40	1456,11
876,58	1456,11
876,76	1492,97
876,93	1546,22
877,11	1411,05
877,29	1607,66
877,47	1476,59
877,65	1492,97
877,83	1507,30
878,01	1533,93
878,18	1562,60
878,36	1460,20
878,54	1460,20
878,72	1497,07
878,90	1435,63
879,08	1548,26
879,25	1538,02
879,43	1531,88
879,61	1517,54
879,79	1470,44
879,97	1509,35
880,15	1531,88
880,32	1511,40
880,50	1550,31
880,68	1449,96
880,86	1552,36
881,04	1587,18
881,22	1558,50
881,39	1490,92
881,57	1597,42
881,75	1449,96
881,93	1488,87
882,11	1546,22
882,28	1492,97
882,46	1452,01
882,64	1447,91
882,82	1447,91
883,00	1515,50
883,18	1495,02
883,35	1409,00
883,53	1488,87
883,71	1441,77
883,89	1478,63
884,07	1449,96
884,24	1509,35
884,42	1447,91
884,60	1492,97
884,78	1589,22
884,95	1488,87
885,13	1449,96
885,31	1556,46
885,49	1402,86
885,67	1574,89
885,84	1517,54
886,02	1409,00
886,20	1531,88
886,38	1470,44
886,55	1480,68
886,73	1413,10
886,91	1574,89
887,09	1411,05
887,26	1452,01
887,44	1525,74
887,62	1542,12
887,80	1429,48
887,98	1517,54
888,15	1449,96
888,33	1425,39
888,51	1429,48
888,69	1619,94
888,86	1464,30
889,04	1574,89
889,22	1488,87
889,39	1515,50
889,57	1558,50
889,75	1425,39
889,93	1351,66
890,10	1517,54
890,28	1458,15
890,46	1507,30
890,64	1533,93
890,81	1431,53
890,99	1515,50
891,17	1484,78
891,34	1525,74
891,52	1497,07
891,70	1441,77
891,88	1472,49
892,05	1492,97
892,23	1501,16
892,41	1513,45
892,58	1435,63
892,76	1507,30
892,94	1464,30
893,12	1587,18
893,29	1501,16
893,47	1513,45
893,65	1417,19
893,82	1417,19
894,00	1476,59
894,18	1447,91
894,35	1488,87
894,53	1492,97
894,71	1533,93
894,89	1404,91
895,06	1452,01
895,24	1490,92
895,42	1390,57
895,59	1409,00
895,77	1372,14
895,95	1505,26
896,12	1411,05
896,30	1456,11
896,48	1490,92
896,65	1558,50
896,83	1458,15
897,01	1433,58
897,18	1554,41
897,36	1495,02
897,54	1509,35
897,71	1460,20
897,89	1460,20
898,07	1435,63
898,24	1425,39
898,42	1433,58
898,59	1417,19
898,77	1417,19
898,95	1400,81
899,12	1517,54
899,30	1443,82
899,48	1529,83
899,65	1505,26
899,83	1478,63
900,01	1427,43
900,18	1411,05
900,36	1486,83
900,53	1490,92
900,71	1476,59
900,89	1583,08
901,06	1472,49
901,24	1429,48
901,42	1482,73
901,59	1497,07
901,77	1515,50
901,94	1394,67
902,12	1394,67
902,30	1431,53
902,47	1501,16
902,65	1413,10
902,82	1550,31
903,00	1415,15
903,18	1470,44
903,35	1382,38
903,53	1513,45
903,70	1521,64
903,88	1503,21
904,06	1505,26
904,23	1460,20
904,41	1447,91
904,58	1492,97
904,76	1468,39
904,93	1374,19
905,11	1480,68
905,29	1492,97
905,46	1443,82
905,64	1509,35
905,81	1462,25
905,99	1445,87
906,16	1480,68
906,34	1488,87
906,52	1454,06
906,69	1443,82
906,87	1548,26
907,04	1431,53
907,22	1437,67
907,39	1421,29
907,57	1476,59
907,75	1507,30
907,92	1505,26
908,10	1507,30
908,27	1427,43
908,45	1490,92
908,62	1525,74
908,80	1533,93
908,97	1423,34
909,15	1507,30
909,32	1474,54
909,50	1497,07
909,67	1388,52
909,85	1449,96
910,03	1409,00
910,20	1425,39
910,38	1519,59
910,55	1495,02
910,73	1417,19
910,90	1513,45
911,08	1517,54
911,25	1431,53
911,43	1460,20
911,60	1427,43
911,78	1423,34
911,95	1533,93
912,13	1404,91
912,30	1501,16
912,48	1435,63
912,65	1464,30
912,83	1462,25
913,00	1404,91
913,18	1519,59
913,35	1468,39
913,53	1435,63
913,70	1511,40
913,88	1468,39
914,05	1437,67
914,23	1441,77
914,40	1486,83
914,58	1497,07
914,75	1513,45
914,93	1492,97
915,10	1515,50
915,27	1492,97
915,45	1443,82
915,62	1507,30
915,80	1437,67
915,97	1525,74
916,15	1527,78
916,32	1552,36
916,50	1466,35
916,67	1490,92
916,85	1447,91
917,02	1533,93
917,20	1521,64
917,37	1546,22
917,54	1474,54
917,72	1492,97
917,89	1497,07
918,07	1503,21
918,24	1558,50
918,42	1513,45
918,59	1482,73
918,77	1556,46
918,94	1480,68
919,11	1505,26
919,29	1480,68
919,46	1490,92
919,64	1517,54
919,81	1484,78
919,99	1476,59
920,16	1538,02
920,33	1583,08
920,51	1511,40
920,68	1495,02
920,86	1492,97
921,03	1511,40
921,20	1449,96
921,38	1456,11
921,55	1497,07
921,73	1486,83
921,90	1517,54
922,07	1468,39
922,25	1484,78
922,42	1558,50
922,60	1484,78
922,77	1556,46
922,94	1535,98
923,12	1529,83
923,29	1525,74
923,47	1478,63
923,64	1521,64
923,81	1509,35
923,99	1470,44
924,16	1515,50
924,34	1452,01
924,51	1513,45
924,68	1507,30
924,86	1490,92
925,03	1474,54
925,20	1558,50
925,38	1406,95
925,55	1531,88
925,72	1574,89
925,90	1523,69
926,07	1478,63
926,25	1566,70
926,42	1464,30
926,59	1533,93
926,77	1505,26
926,94	1650,66
927,11	1417,19
927,29	1488,87
927,46	1435,63
927,63	1523,69
927,81	1505,26
927,98	1578,98
928,15	1527,78
928,33	1533,93
928,50	1488,87
928,67	1495,02
928,85	1497,07
929,02	1497,07
929,19	1564,65
929,37	1482,73
929,54	1535,98
929,71	1568,74
929,89	1542,12
930,06	1515,50
930,23	1546,22
930,41	1472,49
930,58	1421,29
930,75	1591,27
930,92	1533,93
931,10	1554,41
931,27	1505,26
931,44	1540,07
931,62	1456,11
931,79	1433,58
931,96	1591,27
932,14	1501,16
932,31	1533,93
932,48	1552,36
932,65	1421,29
932,83	1566,70
933,00	1546,22
933,17	1587,18
933,35	1499,11
933,52	1548,26
933,69	1511,40
933,86	1566,70
934,04	1474,54
934,21	1468,39
934,38	1544,17
934,55	1419,24
934,73	1525,74
934,90	1460,20
935,07	1486,83
935,25	1595,37
935,42	1529,83
935,59	1458,15
935,76	1454,06
935,94	1517,54
936,11	1501,16
936,28	1585,13
936,45	1460,20
936,63	1495,02
936,80	1515,50
936,97	1460,20
937,14	1499,11
937,31	1523,69
937,49	1554,41
937,66	1562,60
937,83	1542,12
938,00	1527,78
938,18	1568,74
938,35	1527,78
938,52	1568,74
938,69	1470,44
938,87	1452,01
939,04	1392,62
939,21	1427,43
939,38	1447,91
939,55	1382,38
939,73	1548,26
939,90	1474,54
940,07	1488,87
940,24	1515,50
940,41	1484,78
940,59	1380,33
940,76	1517,54
940,93	1476,59
941,10	1568,74
941,27	1486,83
941,45	1515,50
941,62	1542,12
941,79	1486,83
941,96	1497,07
942,13	1492,97
942,31	1531,88
942,48	1583,08
942,65	1638,38
942,82	1507,30
942,99	1538,02
943,16	1523,69
943,34	1558,50
943,51	1542,12
943,68	1499,11
943,85	1570,79
944,02	1554,41
944,19	1505,26
944,37	1507,30
944,54	1507,30
944,71	1458,15
944,88	1605,61
945,05	1466,35
945,22	1470,44
945,40	1486,83
945,57	1535,98
945,74	1484,78
945,91	1558,50
946,08	1531,88
946,25	1382,38
946,42	1529,83
946,60	1488,87
946,77	1601,51
946,94	1552,36
947,11	1509,35
947,28	1497,07
947,45	1458,15
947,62	1472,49
947,79	1523,69
947,97	1607,66
948,14	1568,74
948,31	1521,64
948,48	1482,73
948,65	1507,30
948,82	1468,39
948,99	1509,35
949,16	1513,45
949,33	1529,83
949,51	1525,74
949,68	1535,98
949,85	1464,30
950,02	1492,97
950,19	1585,13
950,36	1511,40
950,53	1484,78
950,70	1400,81
950,87	1439,72
951,04	1538,02
951,22	1513,45
951,39	1533,93
951,56	1478,63
951,73	1464,30
951,90	1486,83
952,07	1492,97
952,24	1513,45
952,41	1478,63
952,58	1447,91
952,75	1435,63
952,92	1472,49
953,09	1472,49
953,26	1423,34
953,43	1601,51
953,61	1581,03
953,78	1546,22
953,95	1538,02
954,12	1478,63
954,29	1499,11
954,46	1495,02
954,63	1525,74
954,80	1521,64
954,97	1484,78
955,14	1544,17
955,31	1462,25
955,48	1519,59
955,65	1492,97
955,82	1413,10
955,99	1525,74
956,16	1447,91
956,33	1492,97
956,50	1503,21
956,67	1564,65
956,84	1452,01
957,01	1507,30
957,18	1478,63
957,35	1439,72
957,52	1552,36
957,69	1447,91
957,86	1531,88
958,03	1492,97
958,20	1458,15
958,37	1429,48
958,54	1474,54
958,71	1480,68
958,88	1560,55
959,05	1433,58
959,22	1562,60
959,39	1452,01
959,56	1507,30
959,73	1484,78
959,90	1466,35
960,07	1447,91
960,24	1458,15
960,41	1443,82
960,58	1548,26
960,75	1548,26
960,92	1570,79
961,09	1437,67
961,26	1478,63
961,43	1400,81
961,60	1497,07
961,77	1554,41
961,94	1492,97
962,11	1476,59
962,28	1538,02
962,45	1517,54
962,62	1486,83
962,79	1480,68
962,96	1482,73
963,13	1587,18
963,30	1544,17
963,47	1458,15
963,64	1478,63
963,81	1484,78
963,98	1529,83
964,14	1484,78
964,31	1521,64
964,48	1501,16
964,65	1521,64
964,82	1484,78
964,99	1495,02
965,16	1386,47
965,33	1466,35
965,50	1513,45
965,67	1435,63
965,84	1460,20
966,01	1406,95
966,18	1462,25
966,35	1370,09
966,51	1445,87
966,68	1499,11
966,85	1501,16
967,02	1515,50
967,19	1435,63
967,36	1452,01
967,53	1441,77
967,70	1531,88
967,87	1411,05
968,04	1443,82
968,21	1472,49
968,37	1390,57
968,54	1437,67
968,71	1417,19
968,88	1423,34
969,05	1376,24
969,22	1411,05
969,39	1507,30
969,56	1597,42
969,72	1456,11
969,89	1468,39
970,06	1454,06
970,23	1433,58
970,40	1476,59
970,57	1460,20
970,74	1501,16
970,91	1505,26
971,07	1441,77
971,24	1447,91
971,41	1505,26
971,58	1447,91
971,75	1523,69
971,92	1433,58
972,09	1398,76
972,25	1351,66
972,42	1439,72
972,59	1390,57
972,76	1478,63
972,93	1429,48
973,10	1380,33
973,27	1417,19
973,43	1443,82
973,60	1466,35
973,77	1499,11
973,94	1413,10
974,11	1535,98
974,28	1388,52
974,44	1411,05
974,61	1417,19
974,78	1468,39
974,95	1396,71
975,12	1437,67
975,28	1433,58
975,45	1437,67
975,62	1468,39
975,79	1417,19
975,96	1409,00
976,12	1488,87
976,29	1427,43
976,46	1456,11
976,63	1431,53
976,80	1454,06
976,96	1411,05
977,13	1460,20
977,30	1366,00
977,47	1370,09
977,64	1447,91
977,80	1462,25
977,97	1445,87
978,14	1521,64
978,31	1429,48
978,48	1413,10
978,64	1394,67
978,81	1484,78
978,98	1413,10
979,15	1437,67
979,31	1472,49
979,48	1427,43
979,65	1445,87
979,82	1458,15
979,98	1398,76
980,15	1421,29
980,32	1517,54
980,49	1423,34
980,66	1325,04
980,82	1460,20
980,99	1431,53
981,16	1392,62
981,33	1447,91
981,49	1372,14
981,66	1488,87
981,83	1363,95
981,99	1415,15
982,16	1458,15
982,33	1417,19
982,50	1384,43
982,66	1476,59
982,83	1316,84
983,00	1396,71
983,17	1370,09
983,33	1443,82
983,50	1386,47
983,67	1452,01
983,83	1353,71
984,00	1384,43
984,17	1550,31
984,34	1329,13
984,50	1361,90
984,67	1409,00
984,84	1452,01
985,00	1433,58
985,17	1431,53
985,34	1400,81
985,51	1464,30
985,67	1400,81
985,84	1384,43
986,01	1372,14
986,17	1449,96
986,34	1355,76
986,51	1343,47
986,67	1431,53
986,84	1433,58
987,01	1388,52
987,17	1480,68
987,34	1480,68
987,51	1409,00
987,67	1384,43
987,84	1452,01
988,01	1464,30
988,17	1437,67
988,34	1337,32
988,51	1419,24
988,67	1484,78
988,84	1431,53
989,01	1335,28
989,17	1411,05
989,34	1421,29
989,51	1427,43
989,67	1413,10
989,84	1402,86
990,01	1361,90
990,17	1417,19
990,34	1318,89
990,51	1390,57
990,67	1402,86
990,84	1474,54
991,01	1376,24
991,17	1411,05
991,34	1402,86
991,50	1339,37
991,67	1394,67
991,84	1296,36
992,00	1456,11
992,17	1478,63
992,34	1417,19
992,50	1429,48
992,67	1411,05
992,83	1441,77
993,00	1398,76
993,17	1353,71
993,33	1439,72
993,50	1472,49
993,66	1402,86
993,83	1398,76
994,00	1306,60
994,16	1472,49
994,33	1452,01
994,49	1388,52
994,66	1509,35
994,83	1470,44
994,99	1415,15
995,16	1437,67
995,32	1415,15
995,49	1431,53
995,66	1439,72
995,82	1378,28
995,99	1347,56
996,15	1361,90
996,32	1396,71
996,48	1458,15
996,65	1441,77
996,82	1382,38
996,98	1357,80
997,15	1386,47
997,31	1474,54
997,48	1400,81
997,64	1318,89
997,81	1474,54
997,97	1447,91
998,14	1337,32
998,31	1431,53
998,47	1433,58
998,64	1429,48
998,80	1425,39
998,97	1378,28
999,13	1421,29
999,30	1423,34
999,46	1472,49
999,63	1318,89
999,79	1398,76
999,96	1472,49
1000,12	1445,87
1000,29	1435,63
1000,45	1533,93
1000,62	1353,71
1000,79	1402,86
1000,95	1390,57
1001,12	1343,47
1001,28	1329,13
1001,45	1425,39
1001,61	1548,26
1001,78	1425,39
1001,94	1361,90
1002,11	1429,48
1002,27	1419,24
1002,44	1300,46
1002,60	1374,19
1002,77	1454,06
1002,93	1484,78
1003,10	1427,43
1003,26	1372,14
1003,43	1392,62
1003,59	1316,84
1003,76	1390,57
1003,92	1435,63
1004,09	1320,94
1004,25	1468,39
1004,41	1396,71
1004,58	1419,24
1004,74	1452,01
1004,91	1411,05
1005,07	1441,77
1005,24	1435,63
1005,40	1478,63
1005,57	1370,09
1005,73	1370,09
1005,90	1361,90
1006,06	1441,77
1006,23	1384,43
1006,39	1429,48
1006,55	1347,56
1006,72	1372,14
1006,88	1402,86
1007,05	1466,35
1007,21	1462,25
1007,38	1366,00
1007,54	1423,34
1007,71	1411,05
1007,87	1417,19
1008,03	1404,91
1008,20	1409,00
1008,36	1464,30
1008,53	1402,86
1008,69	1378,28
1008,86	1390,57
1009,02	1374,19
1009,18	1372,14
1009,35	1464,30
1009,51	1435,63
1009,68	1503,21
1009,84	1462,25
1010,01	1388,52
1010,17	1390,57
1010,33	1372,14
1010,50	1411,05
1010,66	1515,50
1010,83	1370,09
1010,99	1552,36
1011,15	1327,08
1011,32	1423,34
1011,48	1390,57
1011,65	1394,67
1011,81	1372,14
1011,97	1396,71
1012,14	1409,00
1012,30	1425,39
1012,46	1468,39
1012,63	1404,91
1012,79	1357,80
1012,96	1419,24
1013,12	1382,38
1013,28	1400,81
1013,45	1435,63
1013,61	1384,43
1013,77	1449,96
1013,94	1388,52
1014,10	1341,42
1014,26	1402,86
1014,43	1501,16
1014,59	1419,24
1014,76	1437,67
1014,92	1595,37
1015,08	1425,39
1015,25	1454,06
1015,41	1478,63
1015,57	1441,77
1015,74	1345,52
1015,90	1290,22
1016,06	1355,76
1016,23	1368,04
1016,39	1363,95
1016,55	1462,25
1016,72	1437,67
1016,88	1363,95
1017,04	1363,95
1017,21	1286,12
1017,37	1335,28
1017,53	1366,00
1017,70	1441,77
1017,86	1439,72
1018,02	1409,00
1018,19	1415,15
1018,35	1345,52
1018,51	1470,44
1018,67	1415,15
1018,84	1454,06
1019,00	1349,61
1019,16	1441,77
1019,33	1482,73
1019,49	1349,61
1019,65	1370,09
1019,82	1388,52
1019,98	1404,91
1020,14	1394,67
1020,30	1503,21
1020,47	1320,94
1020,63	1382,38
1020,79	1357,80
1020,96	1386,47
1021,12	1423,34
1021,28	1492,97
1021,44	1349,61
1021,61	1460,20
1021,77	1437,67
1021,93	1388,52
1022,09	1431,53
1022,26	1394,67
1022,42	1394,67
1022,58	1439,72
1022,74	1341,42
1022,91	1413,10
1023,07	1400,81
1023,23	1349,61
1023,39	1419,24
1023,56	1380,33
1023,72	1482,73
1023,88	1357,80
1024,04	1329,13
1024,21	1382,38
1024,37	1468,39
1024,53	1411,05
1024,69	1300,46
1024,86	1406,95
1025,02	1372,14
1025,18	1345,52
1025,34	1333,23
1025,50	1460,20
1025,67	1353,71
1025,83	1421,29
1025,99	1396,71
1026,15	1482,73
1026,32	1374,19
1026,48	1384,43
1026,64	1417,19
1026,80	1427,43
1026,96	1466,35
1027,13	1435,63
1027,29	1466,35
1027,45	1353,71
1027,61	1390,57
1027,77	1368,04
1027,94	1443,82
1028,10	1437,67
1028,26	1378,28
1028,42	1406,95
1028,58	1435,63
1028,75	1419,24
1028,91	1398,76
1029,07	1353,71
1029,23	1333,23
1029,39	1423,34
1029,55	1339,37
1029,72	1423,34
1029,88	1396,71
1030,04	1421,29
1030,20	1454,06
1030,36	1341,42
1030,52	1318,89
1030,69	1466,35
1030,85	1488,87
1031,01	1378,28
1031,17	1464,30
1031,33	1366,00
1031,49	1484,78
1031,65	1427,43
1031,82	1271,79
1031,98	1386,47
1032,14	1394,67
1032,30	1441,77
1032,46	1396,71
1032,62	1406,95
1032,78	1322,99
1032,95	1320,94
1033,11	1425,39
1033,27	1392,62
1033,43	1343,47
1033,59	1363,95
1033,75	1437,67
1033,91	1384,43
1034,07	1417,19
1034,24	1396,71
1034,40	1374,19
1034,56	1398,76
1034,72	1423,34
1034,88	1472,49
1035,04	1345,52
1035,20	1341,42
1035,36	1322,99
1035,52	1423,34
1035,68	1390,57
1035,85	1374,19
1036,01	1398,76
1036,17	1439,72
1036,33	1413,10
1036,49	1306,60
1036,65	1353,71
1036,81	1361,90
1036,97	1439,72
1037,13	1380,33
1037,29	1431,53
1037,45	1466,35
1037,61	1359,85
1037,78	1400,81
1037,94	1345,52
1038,10	1415,15
1038,26	1425,39
1038,42	1382,38
1038,58	1476,59
1038,74	1380,33
1038,90	1392,62
1039,06	1394,67
1039,22	1437,67
1039,38	1400,81
1039,54	1368,04
1039,70	1427,43
1039,86	1382,38
1040,02	1447,91
1040,18	1454,06
1040,34	1425,39
1040,50	1421,29
1040,66	1458,15
1040,83	1439,72
1040,99	1400,81
1041,15	1431,53
1041,31	1415,15
1041,47	1347,56
1041,63	1456,11
1041,79	1320,94
1041,95	1431,53
1042,11	1423,34
1042,27	1357,80
1042,43	1333,23
1042,59	1456,11
1042,75	1372,14
1042,91	1458,15
