344,25	1193,97
344,46	1193,97
344,68	1193,97
344,90	1216,49
345,12	1277,93
345,34	1374,19
345,55	1361,90
345,77	1406,95
345,99	1374,19
346,21	1325,04
346,42	1439,72
346,64	1411,05
346,86	1421,29
347,08	1439,72
347,30	1388,52
347,51	1314,80
347,73	1392,62
347,95	1484,78
348,17	1439,72
348,38	1421,29
348,60	1347,56
348,82	1368,04
349,04	1396,71
349,25	1429,48
349,47	1404,91
349,69	1406,95
349,91	1456,11
350,13	1423,34
350,34	1443,82
350,56	1359,85
350,78	1429,48
351,00	1423,34
351,21	1445,87
351,43	1437,67
351,65	1415,15
351,87	1409,00
352,08	1464,30
352,30	1429,48
352,52	1398,76
352,74	1415,15
352,95	1437,67
353,17	1402,86
353,39	1386,47
353,61	1386,47
353,82	1439,72
354,04	1396,71
354,26	1439,72
354,47	1443,82
354,69	1363,95
354,91	1390,57
355,13	1474,54
355,34	1437,67
355,56	1417,19
355,78	1386,47
356,00	1427,43
356,21	1396,71
356,43	1468,39
356,65	1472,49
356,86	1439,72
357,08	1366,00
357,30	1472,49
357,52	1415,15
357,73	1423,34
357,95	1419,24
358,17	1380,33
358,38	1443,82
358,60	1437,67
358,82	1349,61
359,04	1398,76
359,25	1492,97
359,47	1554,41
359,69	1429,48
359,90	1427,43
360,12	1542,12
360,34	1449,96
360,56	1396,71
360,77	1447,91
360,99	1415,15
361,21	1443,82
361,42	1400,81
361,64	1492,97
361,86	1458,15
362,07	1484,78
362,29	1394,67
362,51	1400,81
362,73	1411,05
362,94	1466,35
363,16	1501,16
363,38	1415,15
363,59	1478,63
363,81	1441,77
364,03	1456,11
364,24	1544,17
364,46	1425,39
364,68	1468,39
364,89	1431,53
365,11	1507,30
365,33	1501,16
365,54	1538,02
365,76	1492,97
365,98	1452,01
366,19	1546,22
366,41	1535,98
366,63	1468,39
366,84	1517,54
367,06	1404,91
367,28	1531,88
367,49	1511,40
367,71	1419,24
367,93	1425,39
368,14	1431,53
368,36	1449,96
368,58	1370,09
368,79	1523,69
369,01	1466,35
369,23	1624,04
369,44	1521,64
369,66	1443,82
369,88	1488,87
370,09	1435,63
370,31	1458,15
370,53	1529,83
370,74	1472,49
370,96	1525,74
371,18	1456,11
371,39	1374,19
371,61	1425,39
371,82	1597,42
372,04	1409,00
372,26	1515,50
372,47	1458,15
372,69	1492,97
372,91	1521,64
373,12	1378,28
373,34	1492,97
373,56	1466,35
373,77	1558,50
373,99	1392,62
374,20	1370,09
374,42	1538,02
374,64	1533,93
374,85	1423,34
375,07	1525,74
375,29	1503,21
375,50	1554,41
375,72	1452,01
375,93	1488,87
376,15	1421,29
376,37	1470,44
376,58	1499,11
376,80	1544,17
377,01	1439,72
377,23	1488,87
377,45	1435,63
377,66	1488,87
377,88	1398,76
378,10	1404,91
378,31	1449,96
378,53	1550,31
378,74	1394,67
378,96	1499,11
379,18	1427,43
379,39	1406,95
379,61	1409,00
379,82	1423,34
380,04	1564,65
380,26	1433,58
380,47	1417,19
380,69	1474,54
380,90	1497,07
381,12	1443,82
381,33	1468,39
381,55	1488,87
381,77	1402,86
381,98	1482,73
382,20	1370,09
382,41	1409,00
382,63	1466,35
382,85	1449,96
383,06	1556,46
383,28	1505,26
383,49	1439,72
383,71	1464,30
383,92	1368,04
384,14	1464,30
384,36	1353,71
384,57	1470,44
384,79	1413,10
385,00	1470,44
385,22	1370,09
385,43	1390,57
385,65	1511,40
385,87	1443,82
386,08	1302,51
386,30	1435,63
386,51	1495,02
386,73	1443,82
386,94	1454,06
387,16	1417,19
387,37	1548,26
387,59	1468,39
387,81	1423,34
388,02	1454,06
388,24	1417,19
388,45	1492,97
388,67	1376,24
388,88	1484,78
389,10	1433,58
389,31	1431,53
389,53	1423,34
389,75	1511,40
389,96	1460,20
390,18	1447,91
390,39	1413,10
390,61	1402,86
390,82	1355,76
391,04	1452,01
391,25	1431,53
391,47	1423,34
391,68	1398,76
391,90	1349,61
392,11	1454,06
392,33	1400,81
392,54	1376,24
392,76	1456,11
392,97	1460,20
393,19	1523,69
393,41	1497,07
393,62	1488,87
393,84	1519,59
394,05	1529,83
394,27	1449,96
394,48	1394,67
394,70	1505,26
394,91	1400,81
395,13	1466,35
395,34	1415,15
395,56	1413,10
395,77	1501,16
395,99	1400,81
396,20	1570,79
396,42	1433,58
396,63	1462,25
396,85	1501,16
397,06	1439,72
397,28	1351,66
397,49	1396,71
397,71	1361,90
397,92	1488,87
398,14	1449,96
398,35	1556,46
398,57	1425,39
398,78	1429,48
399,00	1488,87
399,21	1388,52
399,43	1394,67
399,64	1454,06
399,86	1398,76
400,07	1460,20
400,29	1452,01
400,50	1406,95
400,72	1429,48
400,93	1406,95
401,14	1386,47
401,36	1351,66
401,57	1458,15
401,79	1464,30
402,00	1501,16
402,22	1441,77
402,43	1402,86
402,65	1492,97
402,86	1454,06
403,08	1429,48
403,29	1497,07
403,51	1515,50
403,72	1454,06
403,94	1468,39
404,15	1439,72
404,36	1435,63
404,58	1753,06
404,79	1411,05
405,01	1423,34
405,22	1507,30
405,44	1388,52
405,65	1533,93
405,87	1361,90
406,08	1501,16
406,30	1406,95
406,51	1505,26
406,72	1454,06
406,94	1452,01
407,15	1466,35
407,37	1503,21
407,58	1476,59
407,80	1490,92
408,01	1499,11
408,23	1505,26
408,44	1456,11
408,65	1486,83
408,87	1431,53
409,08	1409,00
409,30	1521,64
409,51	1437,67
409,73	1484,78
409,94	1425,39
410,15	1581,03
410,37	1437,67
410,58	1476,59
410,80	1464,30
411,01	1413,10
411,23	1460,20
411,44	1370,09
411,65	1583,08
411,87	1525,74
412,08	1398,76
412,30	1562,60
412,51	1464,30
412,72	1513,45
412,94	1394,67
413,15	1449,96
413,37	1423,34
413,58	1384,43
413,79	1423,34
414,01	1423,34
414,22	1564,65
414,44	1472,49
414,65	1492,97
414,86	1511,40
415,08	1458,15
415,29	1478,63
415,51	1439,72
415,72	1495,02
415,93	1427,43
416,15	1509,35
416,36	1419,24
416,58	1519,59
416,79	1413,10
417,00	1533,93
417,22	1429,48
417,43	1351,66
417,65	1505,26
417,86	1445,87
418,07	1470,44
418,29	1447,91
418,50	1490,92
418,71	1413,10
418,93	1443,82
419,14	1400,81
419,36	1474,54
419,57	1374,19
419,78	1482,73
420,00	1382,38
420,21	1431,53
420,42	1392,62
420,64	1409,00
420,85	1427,43
421,06	1515,50
421,28	1482,73
421,49	1431,53
421,71	1566,70
421,92	1527,78
422,13	1476,59
422,35	1460,20
422,56	1503,21
422,77	1421,29
422,99	1415,15
423,20	1509,35
423,41	1458,15
423,63	1402,86
423,84	1474,54
424,05	1417,19
424,27	1437,67
424,48	1570,79
424,69	1429,48
424,91	1767,40
425,12	1411,05
425,33	1415,15
425,55	1503,21
425,76	1437,67
425,97	1478,63
426,19	1468,39
426,40	1452,01
426,61	1527,78
426,83	1550,31
427,04	1480,68
427,25	1495,02
427,47	1447,91
427,68	1468,39
427,89	1411,05
428,11	1447,91
428,32	1476,59
428,53	1472,49
428,75	1472,49
428,96	1554,41
429,17	1488,87
429,39	1390,57
429,60	1439,72
429,81	1519,59
430,03	1544,17
430,24	1427,43
430,45	1478,63
430,67	1501,16
430,88	1482,73
431,09	1439,72
431,30	1456,11
431,52	1542,12
431,73	1452,01
431,94	1531,88
432,16	1505,26
432,37	1454,06
432,58	1490,92
432,80	1404,91
433,01	1470,44
433,22	1484,78
433,43	1488,87
433,65	1394,67
433,86	1449,96
434,07	1333,23
434,29	1406,95
434,50	1382,38
434,71	1566,70
434,92	1546,22
435,14	1482,73
435,35	1521,64
435,56	1480,68
435,77	1501,16
435,99	1386,47
436,20	1503,21
436,41	1386,47
436,63	1501,16
436,84	1505,26
437,05	1456,11
437,26	1468,39
437,48	1460,20
437,69	1505,26
437,90	1433,58
438,11	1361,90
438,33	1466,35
438,54	1439,72
438,75	1384,43
438,96	1462,25
439,18	1400,81
439,39	1501,16
439,60	1411,05
439,82	1499,11
440,03	1517,54
440,24	1519,59
440,45	1413,10
440,67	1464,30
440,88	1517,54
441,09	1507,30
441,30	1456,11
441,51	1472,49
441,73	1452,01
441,94	1472,49
442,15	1486,83
442,36	1447,91
442,58	1413,10
442,79	1462,25
443,00	1513,45
443,21	1515,50
443,43	1456,11
443,64	1470,44
443,85	1460,20
444,06	1433,58
444,28	1554,41
444,49	1386,47
444,70	1462,25
444,91	1538,02
445,12	1466,35
445,34	1474,54
445,55	1535,98
445,76	1519,59
445,97	1409,00
446,18	1452,01
446,40	1480,68
446,61	1402,86
446,82	1411,05
447,03	1486,83
447,25	1480,68
447,46	1431,53
447,67	1517,54
447,88	1484,78
448,09	1513,45
448,31	1480,68
448,52	1495,02
448,73	1435,63
448,94	1490,92
449,15	1443,82
449,37	1445,87
449,58	1452,01
449,79	1509,35
450,00	1531,88
450,21	1406,95
450,43	1511,40
450,64	1402,86
450,85	1476,59
451,06	1552,36
451,27	1540,07
451,48	1431,53
451,70	1492,97
451,91	1406,95
452,12	1470,44
452,33	1529,83
452,54	1468,39
452,76	1501,16
452,97	1513,45
453,18	1517,54
453,39	1443,82
453,60	1513,45
453,81	1529,83
454,03	1452,01
454,24	1486,83
454,45	1449,96
454,66	1478,63
454,87	1454,06
455,08	1449,96
455,30	1409,00
455,51	1507,30
455,72	1519,59
455,93	1476,59
456,14	1556,46
456,35	1452,01
456,56	1558,50
456,78	1542,12
456,99	1566,70
457,20	1447,91
457,41	1433,58
457,62	1556,46
457,83	1521,64
458,04	1509,35
458,26	1478,63
458,47	1415,15
458,68	1519,59
458,89	1482,73
459,10	1464,30
459,31	1523,69
459,52	1490,92
459,74	1517,54
459,95	1505,26
460,16	1517,54
460,37	1509,35
460,58	1544,17
460,79	1501,16
461,00	1533,93
461,21	1382,38
461,43	1517,54
461,64	1484,78
461,85	1464,30
462,06	1468,39
462,27	1396,71
462,48	1488,87
462,69	1509,35
462,90	1476,59
463,12	1535,98
463,33	1413,10
463,54	1490,92
463,75	1523,69
463,96	1548,26
464,17	1527,78
464,38	1511,40
464,59	1503,21
464,80	1546,22
465,01	1366,00
465,23	1472,49
465,44	1468,39
465,65	1456,11
465,86	1443,82
466,07	1474,54
466,28	1531,88
466,49	1521,64
466,70	1484,78
466,91	1511,40
467,12	1509,35
467,33	1411,05
467,55	1492,97
467,76	1484,78
467,97	1505,26
468,18	1568,74
468,39	1480,68
468,60	1601,51
468,81	1478,63
469,02	1581,03
469,23	1503,21
469,44	1538,02
469,65	1439,72
469,86	1607,66
470,07	1429,48
470,29	1593,32
470,50	1464,30
470,71	1515,50
470,92	1511,40
471,13	1482,73
471,34	1583,08
471,55	1595,37
471,76	1535,98
471,97	1503,21
472,18	1488,87
472,39	1431,53
472,60	1456,11
472,81	1556,46
473,02	1527,78
473,23	1603,56
473,44	1433,58
473,65	1519,59
473,87	1452,01
474,08	1439,72
474,29	1503,21
474,50	1497,07
474,71	1472,49
474,92	1538,02
475,13	1566,70
475,34	1554,41
475,55	1523,69
475,76	1503,21
475,97	1589,22
476,18	1421,29
476,39	1503,21
476,60	1474,54
476,81	1564,65
477,02	1476,59
477,23	1509,35
477,44	1499,11
477,65	1507,30
477,86	1511,40
478,07	1513,45
478,28	1486,83
478,49	1552,36
478,70	1505,26
478,91	1558,50
479,12	1550,31
479,33	1482,73
479,54	1525,74
479,75	1515,50
479,96	1554,41
480,17	1443,82
480,38	1476,59
480,59	1447,91
480,80	1540,07
481,01	1554,41
481,22	1468,39
481,43	1595,37
481,64	1595,37
481,85	1552,36
482,06	1406,95
482,27	1507,30
482,48	1458,15
482,69	1552,36
482,90	1529,83
483,11	1611,75
483,32	1484,78
483,53	1591,27
483,74	1581,03
483,95	1439,72
484,16	1587,18
484,37	1435,63
484,58	1597,42
484,79	1499,11
485,00	1601,51
485,21	1415,15
485,42	1568,74
485,63	1609,70
485,84	1474,54
486,05	1394,67
486,26	1466,35
486,47	1665,00
486,68	1566,70
486,89	1517,54
487,10	1472,49
487,31	1482,73
487,52	1533,93
487,73	1546,22
487,94	1513,45
488,15	1462,25
488,36	1566,70
488,57	1505,26
488,77	1632,23
488,98	1554,41
489,19	1529,83
489,40	1587,18
489,61	1566,70
489,82	1562,60
490,03	1683,43
490,24	1519,59
490,45	1566,70
490,66	1519,59
490,87	1585,13
491,08	1511,40
491,29	1542,12
491,50	1478,63
491,71	1576,94
491,92	1486,83
492,13	1630,18
492,33	1339,37
492,54	1523,69
492,75	1542,12
492,96	1570,79
493,17	1533,93
493,38	1570,79
493,59	1486,83
493,80	1550,31
494,01	1466,35
494,22	1597,42
494,43	1454,06
494,64	1452,01
494,85	1599,46
495,05	1597,42
495,26	1503,21
495,47	1593,32
495,68	1466,35
495,89	1595,37
496,10	1443,82
496,31	1507,30
496,52	1578,98
496,73	1593,32
496,94	1558,50
497,15	1570,79
497,35	1587,18
497,56	1501,16
497,77	1497,07
497,98	1535,98
498,19	1621,99
498,40	1564,65
498,61	1591,27
498,82	1503,21
499,03	1492,97
499,23	1548,26
499,44	1548,26
499,65	1597,42
499,86	1558,50
500,07	1585,13
500,28	1615,85
500,49	1495,02
500,70	1562,60
500,91	1511,40
501,11	1570,79
501,32	1613,80
501,53	1593,32
501,74	1548,26
501,95	1540,07
502,16	1574,89
502,37	1499,11
502,57	1650,66
502,78	1585,13
502,99	1505,26
503,20	1538,02
503,41	1585,13
503,62	1492,97
503,83	1583,08
504,03	1597,42
504,24	1542,12
504,45	1546,22
504,66	1581,03
504,87	1548,26
505,08	1603,56
505,29	1521,64
505,49	1437,67
505,70	1587,18
505,91	1587,18
506,12	1572,84
506,33	1689,57
506,54	1587,18
506,75	1640,42
506,95	1611,75
507,16	1675,24
507,37	1595,37
507,58	1619,94
507,79	1533,93
508,00	1499,11
508,20	1548,26
508,41	1562,60
508,62	1648,61
508,83	1601,51
509,04	1576,94
509,24	1652,71
509,45	1824,74
509,66	1636,33
509,87	1542,12
510,08	1652,71
510,29	1554,41
510,49	1621,99
510,70	1423,34
510,91	1595,37
511,12	1621,99
511,33	1540,07
511,53	1499,11
511,74	1546,22
511,95	1484,78
512,16	1599,46
512,37	1585,13
512,57	1599,46
512,78	1593,32
512,99	1578,98
513,20	1720,29
513,41	1593,32
513,61	1556,46
513,82	1621,99
514,03	1521,64
514,24	1617,90
514,45	1599,46
514,65	1581,03
514,86	1562,60
515,07	1542,12
515,28	1578,98
515,49	1564,65
515,69	1568,74
515,90	1564,65
516,11	1589,22
516,32	1583,08
516,52	1566,70
516,73	1636,33
516,94	1710,05
517,15	1523,69
517,36	1550,31
517,56	1658,85
517,77	1572,84
517,98	1615,85
518,19	1619,94
518,39	1562,60
518,60	1488,87
518,81	1617,90
519,02	1601,51
519,22	1599,46
519,43	1535,98
519,64	1607,66
519,85	1562,60
520,05	1609,70
520,26	1595,37
520,47	1677,29
520,68	1509,35
520,88	1529,83
521,09	1535,98
521,30	1669,09
521,51	1558,50
521,71	1564,65
521,92	1562,60
522,13	1566,70
522,34	1568,74
522,54	1570,79
522,75	1499,11
522,96	1595,37
523,17	1626,09
523,37	1570,79
523,58	1527,78
523,79	1554,41
523,99	1615,85
524,20	1607,66
524,41	1540,07
524,62	1640,42
524,82	1615,85
525,03	1576,94
525,24	1593,32
525,45	1556,46
525,65	1458,15
525,86	1693,67
526,07	1503,21
526,27	1640,42
526,48	1535,98
526,69	1613,80
526,90	1484,78
527,10	1527,78
527,31	1482,73
527,52	1495,02
527,72	1589,22
527,93	1638,38
528,14	1501,16
528,34	1595,37
528,55	1501,16
528,76	1552,36
528,97	1558,50
529,17	1603,56
529,38	1624,04
529,59	1619,94
529,79	1556,46
530,00	1531,88
530,21	1562,60
530,41	1597,42
530,62	1533,93
530,83	1685,48
531,03	1599,46
531,24	1665,00
531,45	1611,75
531,65	1603,56
531,86	1566,70
532,07	1611,75
532,27	1548,26
532,48	1578,98
532,69	1585,13
532,89	1646,57
533,10	1562,60
533,31	1591,27
533,51	1490,92
533,72	1505,26
533,93	1581,03
534,13	1642,47
534,34	1497,07
534,55	1554,41
534,75	1591,27
534,96	1613,80
535,17	1548,26
535,37	1587,18
535,58	1578,98
535,79	1511,40
535,99	1517,54
536,20	1642,47
536,41	1505,26
536,61	1554,41
536,82	1619,94
537,03	1603,56
537,23	1552,36
537,44	1495,02
537,64	1525,74
537,85	1572,84
538,06	1640,42
538,26	1648,61
538,47	1628,14
538,68	1605,61
538,88	1540,07
539,09	1558,50
539,30	1560,55
539,50	1601,51
539,71	1486,83
539,91	1714,15
540,12	1554,41
540,33	1609,70
540,53	1593,32
540,74	1517,54
540,94	1572,84
541,15	1581,03
541,36	1568,74
541,56	1703,91
541,77	1538,02
541,98	1615,85
542,18	1673,19
542,39	1558,50
542,59	1607,66
542,80	1570,79
543,01	1513,45
543,21	1533,93
543,42	1576,94
543,62	1613,80
543,83	1587,18
544,04	1495,02
544,24	1583,08
544,45	1515,50
544,65	1593,32
544,86	1562,60
545,06	1542,12
545,27	1552,36
545,48	1511,40
545,68	1587,18
545,89	1572,84
546,09	1492,97
546,30	1531,88
546,51	1554,41
546,71	1527,78
546,92	1626,09
547,12	1484,78
547,33	1607,66
547,53	1599,46
547,74	1449,96
547,95	1603,56
548,15	1581,03
548,36	1597,42
548,56	1581,03
548,77	1583,08
548,97	1538,02
549,18	1472,49
549,39	1597,42
549,59	1476,59
549,80	1519,59
550,00	1509,35
550,21	1544,17
550,41	1435,63
550,62	1515,50
550,82	1624,04
551,03	1482,73
551,23	1495,02
551,44	1599,46
551,65	1538,02
551,85	1540,07
552,06	1564,65
552,26	1552,36
552,47	1533,93
552,67	1527,78
552,88	1505,26
553,08	1542,12
553,29	1540,07
553,49	1581,03
553,70	1546,22
553,90	1578,98
554,11	1548,26
554,32	1601,51
554,52	1513,45
554,73	1560,55
554,93	1519,59
555,14	1550,31
555,34	1607,66
555,55	1587,18
555,75	1464,30
555,96	1572,84
556,16	1552,36
556,37	1615,85
556,57	1550,31
556,78	1595,37
556,98	1671,14
557,19	1603,56
557,39	1587,18
557,60	1568,74
557,80	1527,78
558,01	1613,80
558,21	1476,59
558,42	1576,94
558,62	1564,65
558,83	1585,13
559,03	1490,92
559,24	1511,40
559,44	1712,10
559,65	1550,31
559,85	1552,36
560,06	1636,33
560,26	1554,41
560,47	1621,99
560,67	1652,71
560,88	1574,89
561,08	1621,99
561,29	1603,56
561,49	1538,02
561,70	1531,88
561,90	1617,90
562,10	1609,70
562,31	1535,98
562,51	1644,52
562,72	1546,22
562,92	1687,53
563,13	1740,77
563,33	1638,38
563,54	1621,99
563,74	1703,91
563,95	1572,84
564,15	1689,57
564,36	1662,95
564,56	1636,33
564,76	1630,18
564,97	1548,26
565,17	1626,09
565,38	1658,85
565,58	1593,32
565,79	1654,76
565,99	1558,50
566,20	1617,90
566,40	1607,66
566,60	1687,53
566,81	1630,18
567,01	1660,90
567,22	1576,94
567,42	1595,37
567,63	1632,23
567,83	1675,24
568,04	1624,04
568,24	1703,91
568,44	1646,57
568,65	1708,01
568,85	1675,24
569,06	1644,52
569,26	1638,38
569,47	1644,52
569,67	1601,51
569,87	1652,71
570,08	1615,85
570,28	1724,39
570,49	1656,81
570,69	1650,66
570,89	1734,63
571,10	1699,81
571,30	1560,55
571,51	1757,16
571,71	1597,42
571,91	1624,04
572,12	1681,38
572,32	1695,72
572,53	1683,43
572,73	1777,64
572,93	1644,52
573,14	1718,25
573,34	1703,91
573,55	1712,10
573,75	1662,95
573,95	1628,14
574,16	1648,61
574,36	1697,77
574,57	1714,15
574,77	1699,81
574,97	1607,66
575,18	1640,42
575,38	1652,71
575,59	1650,66
575,79	1648,61
575,99	1751,01
576,20	1654,76
576,40	1732,58
576,60	1705,96
576,81	1671,14
577,01	1642,47
577,22	1791,97
577,42	1630,18
577,62	1677,29
577,83	1687,53
578,03	1673,19
578,23	1699,81
578,44	1665,00
578,64	1642,47
578,84	1636,33
579,05	1642,47
579,25	1718,25
579,45	1628,14
579,66	1652,71
579,86	1675,24
580,07	1648,61
580,27	1689,57
580,47	1578,98
580,68	1636,33
580,88	1621,99
581,08	1654,76
581,29	1736,68
581,49	1650,66
581,69	1691,62
581,90	1595,37
582,10	1718,25
582,30	1675,24
582,51	1722,34
582,71	1742,82
582,91	1593,32
583,12	1650,66
583,32	1640,42
583,52	1648,61
583,73	1697,77
583,93	1658,85
584,13	1689,57
584,34	1634,28
584,54	1722,34
584,74	1716,20
584,94	1710,05
585,15	1677,29
585,35	1746,92
585,55	1597,42
585,76	1769,44
585,96	1599,46
586,16	1693,67
586,37	1773,54
586,57	1761,25
586,77	1701,86
586,98	1687,53
587,18	1685,48
587,38	1718,25
587,58	1691,62
587,79	1652,71
587,99	1693,67
588,19	1619,94
588,40	1640,42
588,60	1759,21
588,80	1705,96
589,00	1687,53
589,21	1714,15
589,41	1740,77
589,61	1671,14
589,82	1701,86
590,02	1736,68
590,22	1814,50
590,42	1767,40
590,63	1806,31
590,83	1675,24
591,03	1757,16
591,23	1701,86
591,44	1767,40
591,64	1693,67
591,84	1761,25
592,05	1755,11
592,25	1781,73
592,45	1712,10
592,65	1773,54
592,86	1681,38
593,06	1861,60
593,26	1662,95
593,46	1839,08
593,67	1765,35
593,87	1863,65
594,07	1777,64
594,27	1775,59
594,48	1662,95
594,68	1740,77
594,88	1757,16
595,08	1767,40
595,29	1791,97
595,49	1787,88
595,69	1687,53
595,89	1785,83
596,10	1826,79
596,30	1732,58
596,50	1738,73
596,70	1812,45
596,90	1841,12
597,11	1787,88
597,31	1667,05
597,51	1751,01
597,71	1861,60
597,92	1765,35
598,12	1808,36
598,32	1787,88
598,52	1800,16
598,72	1877,99
598,93	1779,68
599,13	1908,71
599,33	1818,60
599,53	1812,45
599,74	1759,21
599,94	1812,45
600,14	1740,77
600,34	1841,12
600,54	1877,99
600,75	1832,93
600,95	1783,78
601,15	1728,49
601,35	1744,87
601,55	1759,21
601,76	1751,01
601,96	1845,22
602,16	1781,73
602,36	1880,04
602,56	1662,95
602,76	1830,88
602,97	1675,24
603,17	1755,11
603,37	1662,95
603,57	1689,57
603,77	1693,67
603,98	1699,81
604,18	1615,85
604,38	1720,29
604,58	1714,15
604,78	1703,91
604,98	1742,82
605,19	1759,21
605,39	1648,61
605,59	1726,44
605,79	1685,48
605,99	1685,48
606,19	1765,35
606,40	1650,66
606,60	1708,01
606,80	1607,66
607,00	1665,00
607,20	1705,96
607,40	1626,09
607,61	1703,91
607,81	1751,01
608,01	1636,33
608,21	1677,29
608,41	1552,36
608,61	1742,82
608,81	1513,45
609,02	1556,46
609,22	1679,33
609,42	1669,09
609,62	1601,51
609,82	1648,61
610,02	1677,29
610,22	1665,00
610,43	1550,31
610,63	1746,92
610,83	1560,55
611,03	1591,27
611,23	1583,08
611,43	1785,83
611,63	1703,91
611,83	1540,07
612,04	1701,86
612,24	1791,97
612,44	1619,94
612,64	1658,85
612,84	1591,27
613,04	1658,85
613,24	1738,73
613,44	1744,87
613,64	1660,90
613,85	1738,73
614,05	1691,62
614,25	1693,67
614,45	1615,85
614,65	1742,82
614,85	1730,53
615,05	1675,24
615,25	1769,44
615,45	1728,49
615,65	1779,68
615,86	1767,40
616,06	1765,35
616,26	1816,55
616,46	1832,93
616,66	1771,49
616,86	1857,51
617,06	1820,64
617,26	1882,08
617,46	1902,56
617,66	1822,69
617,86	2035,68
618,07	1918,95
618,27	2050,02
618,47	1855,46
618,67	2086,88
618,87	1894,37
619,07	2029,54
619,27	1992,67
619,47	2021,35
619,67	2148,32
619,87	2052,06
620,07	2123,74
620,27	2156,51
620,47	2019,30
620,67	2068,45
620,87	2164,70
621,07	2306,01
621,28	2156,51
621,48	2344,92
621,68	2271,20
621,88	2220,00
622,08	2260,96
622,28	2297,82
622,48	2383,84
622,68	2410,46
622,88	2361,31
623,08	2430,94
623,28	2412,51
623,48	2351,07
623,68	2400,22
623,88	2422,75
624,08	2445,27
624,28	2504,67
624,48	2465,75
624,68	2557,91
624,88	2514,91
625,08	2621,40
625,28	2523,10
625,48	2631,64
625,68	2639,83
625,88	2680,79
626,08	2711,51
626,28	2777,05
626,48	2742,23
626,68	2736,09
626,88	2703,32
627,08	2840,53
627,28	2942,93
627,48	2936,79
627,68	2844,63
627,88	2801,62
628,08	2938,84
628,28	3037,14
628,49	2992,08
628,68	2979,79
628,88	3119,06
629,08	3063,76
629,28	3127,25
629,48	3137,49
629,68	3145,68
629,88	3221,45
630,08	3311,57
630,28	3278,80
630,48	3303,37
630,68	3299,28
630,88	3336,14
631,08	3366,86
631,28	3469,26
631,48	3422,16
631,68	3426,25
631,88	3375,05
632,08	3469,26
632,28	3426,25
632,48	3379,15
632,68	3612,62
632,88	3481,55
633,08	3653,58
633,28	3608,52
633,48	3645,38
633,68	3600,33
633,88	3649,48
634,08	3672,01
634,28	3745,73
634,48	3633,10
634,68	3751,88
634,88	3567,56
635,08	3741,64
635,28	3741,64
635,48	3764,17
635,68	3551,18
635,87	3745,73
636,07	3645,38
636,27	3827,65
636,47	3633,10
636,67	3835,85
636,87	3631,05
637,07	3835,85
637,27	3618,76
637,47	3624,90
637,67	3831,75
637,87	3831,75
638,07	3620,81
638,27	3717,06
638,47	3633,10
638,67	3866,56
638,86	3674,06
639,06	4001,73
639,26	3753,93
639,46	3825,61
639,66	3942,34
639,86	3979,20
640,06	3921,86
640,26	4063,17
640,46	3758,02
640,66	4046,79
640,86	3852,23
641,06	4034,50
641,25	3971,01
641,45	4171,71
641,65	3760,07
641,85	4212,67
642,05	3692,49
642,25	4241,34
642,45	4116,42
642,65	4194,24
642,85	3827,65
643,05	4022,21
643,24	3983,30
643,44	4231,10
643,64	3874,76
643,84	4022,21
644,04	3868,61
644,24	3999,68
644,44	3856,33
644,64	4081,60
644,84	3889,09
645,03	3956,68
645,23	3712,97
645,43	3887,04
645,63	3497,93
645,83	3729,35
646,03	3430,35
646,23	3618,76
646,42	3573,71
646,62	3362,76
646,82	3293,13
647,02	3250,13
647,22	2985,94
647,42	3286,99
647,62	2914,26
647,82	3043,28
648,01	3166,16
648,21	2889,68
648,41	2834,39
648,61	2861,01
648,81	2645,98
649,01	2611,16
649,20	2344,92
649,40	2480,09
649,60	2267,10
649,80	2289,63
650,00	2133,98
650,20	2306,01
650,40	2222,05
650,59	2152,42
650,79	2035,68
650,99	1972,19
651,19	1937,38
651,39	1955,81
651,58	1773,54
651,78	1865,70
651,98	1779,68
652,18	1769,44
652,38	1757,16
652,58	1810,40
652,77	1720,29
652,97	1812,45
653,17	1669,09
653,37	1736,68
653,57	1576,94
653,77	1611,75
653,96	1628,14
654,16	1621,99
654,36	1660,90
654,56	1638,38
654,76	1656,81
654,95	1468,39
655,15	1515,50
655,35	1615,85
655,55	1570,79
655,75	1535,98
655,94	1597,42
656,14	1675,24
656,34	1552,36
656,54	1488,87
656,73	1558,50
656,93	1558,50
657,13	1566,70
657,33	1482,73
657,53	1505,26
657,72	1531,88
657,92	1443,82
658,12	1449,96
658,32	1578,98
658,52	1480,68
658,71	1435,63
658,91	1437,67
659,11	1470,44
659,31	1427,43
659,50	1452,01
659,70	1427,43
659,90	1529,83
660,10	1488,87
660,29	1464,30
660,49	1443,82
660,69	1503,21
660,89	1548,26
661,08	1462,25
661,28	1456,11
661,48	1454,06
661,68	1470,44
661,87	1411,05
662,07	1406,95
662,27	1505,26
662,47	1490,92
662,66	1525,74
662,86	1411,05
663,06	1466,35
663,26	1357,80
663,45	1486,83
663,65	1482,73
663,85	1441,77
664,05	1470,44
664,24	1521,64
664,44	1427,43
664,64	1406,95
664,84	1339,37
665,03	1476,59
665,23	1443,82
665,43	1413,10
665,62	1507,30
665,82	1429,48
666,02	1447,91
666,22	1484,78
666,41	1402,86
666,61	1447,91
666,81	1454,06
667,00	1437,67
667,20	1435,63
667,40	1519,59
667,60	1378,28
667,79	1488,87
667,99	1341,42
668,19	1394,67
668,38	1376,24
668,58	1400,81
668,78	1427,43
668,97	1413,10
669,17	1409,00
669,37	1486,83
669,57	1386,47
669,76	1501,16
669,96	1472,49
670,16	1374,19
670,35	1423,34
670,55	1443,82
670,75	1464,30
670,94	1492,97
671,14	1363,95
671,34	1478,63
671,53	1484,78
671,73	1492,97
671,93	1490,92
672,12	1482,73
672,32	1458,15
672,52	1529,83
672,71	1386,47
672,91	1431,53
673,11	1392,62
673,30	1456,11
673,50	1388,52
673,70	1417,19
673,89	1415,15
674,09	1417,19
674,29	1376,24
674,48	1480,68
674,68	1406,95
674,88	1417,19
675,07	1402,86
675,27	1404,91
675,46	1400,81
675,66	1366,00
675,86	1415,15
676,05	1433,58
676,25	1462,25
676,45	1452,01
676,64	1433,58
676,84	1509,35
677,04	1452,01
677,23	1492,97
677,43	1423,34
677,62	1521,64
677,82	1382,38
678,02	1409,00
678,21	1363,95
678,41	1404,91
678,61	1472,49
678,80	1507,30
679,00	1452,01
679,19	1460,20
679,39	1476,59
679,59	1468,39
679,78	1394,67
679,98	1398,76
680,17	1339,37
680,37	1402,86
680,57	1404,91
680,76	1431,53
680,96	1429,48
681,16	1357,80
681,35	1409,00
681,55	1374,19
681,74	1302,51
681,94	1447,91
682,13	1456,11
682,33	1523,69
682,53	1423,34
682,72	1447,91
682,92	1380,33
683,11	1452,01
683,31	1478,63
683,51	1355,76
683,70	1423,34
683,90	1437,67
684,09	1452,01
684,29	1476,59
684,48	1413,10
684,68	1402,86
684,88	1480,68
685,07	1404,91
685,27	1449,96
685,46	1366,00
685,66	1488,87
685,85	1460,20
686,05	1556,46
686,25	1398,76
686,44	1531,88
686,64	1499,11
686,83	1421,29
687,03	1466,35
687,22	1329,13
687,42	1409,00
687,61	1427,43
687,81	1406,95
688,01	1529,83
688,20	1421,29
688,40	1378,28
688,59	1476,59
688,79	1482,73
688,98	1439,72
689,18	1394,67
689,37	1449,96
689,57	1419,24
689,76	1482,73
689,96	1462,25
690,15	1372,14
690,35	1437,67
690,54	1521,64
690,74	1386,47
690,94	1359,85
691,13	1409,00
691,33	1413,10
691,52	1476,59
691,72	1478,63
691,91	1466,35
692,11	1435,63
692,30	1409,00
692,50	1474,54
692,69	1447,91
692,89	1394,67
693,08	1437,67
693,28	1425,39
693,47	1409,00
693,67	1492,97
693,86	1366,00
694,06	1431,53
694,25	1378,28
694,45	1458,15
694,64	1499,11
694,84	1378,28
695,03	1478,63
695,23	1470,44
695,42	1386,47
695,62	1507,30
695,81	1535,98
696,01	1425,39
696,20	1357,80
696,40	1406,95
696,59	1421,29
696,78	1454,06
696,98	1449,96
697,17	1374,19
697,37	1322,99
697,56	1333,23
697,76	1368,04
697,95	1492,97
698,15	1370,09
698,34	1435,63
698,54	1347,56
698,73	1470,44
698,93	1472,49
699,12	1433,58
699,32	1390,57
699,51	1398,76
699,70	1380,33
699,90	1513,45
700,09	1466,35
700,29	1372,14
700,48	1382,38
700,68	1480,68
700,87	1304,56
701,07	1339,37
701,26	1452,01
701,45	1423,34
701,65	1388,52
701,84	1370,09
702,04	1341,42
702,23	1437,67
702,43	1370,09
702,62	1478,63
702,81	1431,53
703,01	1411,05
703,20	1441,77
703,40	1361,90
703,59	1402,86
703,79	1462,25
703,98	1386,47
704,17	1462,25
704,37	1349,61
704,56	1449,96
704,76	1390,57
704,95	1507,30
705,14	1396,71
705,34	1433,58
705,53	1341,42
705,73	1318,89
705,92	1445,87
706,11	1478,63
706,31	1419,24
706,50	1404,91
706,70	1370,09
706,89	1513,45
707,08	1398,76
707,28	1562,60
707,47	1335,28
707,67	1404,91
707,86	1478,63
708,05	1382,38
708,25	1398,76
708,44	1445,87
708,64	1351,66
708,83	1390,57
709,02	1331,18
709,22	1497,07
709,41	1409,00
709,60	1515,50
709,80	1513,45
709,99	1366,00
710,19	1411,05
710,38	1421,29
710,57	1417,19
710,77	1370,09
710,96	1409,00
711,15	1447,91
711,35	1402,86
711,54	1429,48
711,73	1419,24
711,93	1384,43
712,12	1443,82
712,31	1417,19
712,51	1370,09
712,70	1386,47
712,89	1304,56
713,09	1472,49
713,28	1347,56
713,48	1409,00
713,67	1462,25
713,86	1351,66
714,06	1411,05
714,25	1341,42
714,44	1353,71
714,64	1366,00
714,83	1382,38
715,02	1447,91
715,22	1470,44
715,41	1331,18
715,60	1402,86
715,79	1320,94
715,99	1396,71
716,18	1406,95
716,37	1329,13
716,57	1462,25
716,76	1460,20
716,95	1476,59
717,15	1466,35
717,34	1325,04
717,53	1337,32
717,73	1437,67
717,92	1464,30
718,11	1472,49
718,31	1490,92
718,50	1497,07
718,69	1292,27
718,88	1495,02
719,08	1443,82
719,27	1392,62
719,46	1464,30
719,66	1374,19
719,85	1449,96
720,04	1454,06
720,23	1390,57
720,43	1329,13
720,62	1368,04
720,81	1390,57
721,01	1427,43
721,20	1452,01
721,39	1417,19
721,58	1427,43
721,78	1423,34
721,97	1327,08
722,16	1353,71
722,35	1439,72
722,55	1390,57
722,74	1427,43
722,93	1390,57
723,13	1423,34
723,32	1419,24
723,51	1349,61
723,70	1413,10
723,90	1325,04
724,09	1441,77
724,28	1366,00
724,47	1382,38
724,67	1474,54
724,86	1423,34
725,05	1380,33
725,24	1447,91
725,44	1454,06
725,63	1316,84
725,82	1396,71
726,01	1394,67
726,21	1396,71
726,40	1355,76
726,59	1456,11
726,78	1447,91
726,97	1308,65
727,17	1380,33
727,36	1421,29
727,55	1423,34
727,74	1435,63
727,94	1376,24
728,13	1333,23
728,32	1378,28
728,51	1396,71
728,70	1390,57
728,90	1415,15
729,09	1445,87
729,28	1423,34
729,47	1392,62
729,66	1351,66
729,86	1443,82
730,05	1441,77
730,24	1470,44
730,43	1406,95
730,63	1419,24
730,82	1456,11
731,01	1376,24
731,20	1382,38
731,39	1439,72
731,58	1361,90
731,78	1423,34
731,97	1464,30
732,16	1382,38
732,35	1452,01
732,54	1384,43
732,74	1486,83
732,93	1480,68
733,12	1361,90
733,31	1411,05
733,50	1263,60
733,69	1394,67
733,89	1482,73
734,08	1366,00
734,27	1345,52
734,46	1386,47
734,65	1417,19
734,84	1331,18
735,04	1433,58
735,23	1390,57
735,42	1357,80
735,61	1345,52
735,80	1501,16
735,99	1372,14
736,19	1357,80
736,38	1359,85
736,57	1347,56
736,76	1396,71
736,95	1501,16
737,14	1333,23
737,33	1372,14
737,53	1478,63
737,72	1404,91
737,91	1435,63
738,10	1449,96
738,29	1337,32
738,48	1406,95
738,67	1427,43
738,87	1488,87
739,06	1355,76
739,25	1497,07
739,44	1347,56
739,63	1435,63
739,82	1415,15
740,01	1390,57
740,20	1376,24
740,40	1366,00
740,59	1366,00
740,78	1431,53
740,97	1386,47
741,16	1390,57
741,35	1505,26
741,54	1462,25
741,73	1411,05
741,92	1413,10
742,12	1409,00
742,31	1415,15
742,50	1507,30
742,69	1329,13
742,88	1419,24
743,07	1333,23
743,26	1390,57
743,45	1398,76
743,64	1406,95
743,83	1433,58
744,02	1468,39
744,22	1388,52
744,41	1433,58
744,60	1396,71
744,79	1370,09
744,98	1443,82
745,17	1329,13
745,36	1374,19
745,55	1474,54
745,74	1357,80
745,93	1404,91
746,12	1382,38
746,31	1361,90
746,50	1359,85
746,70	1411,05
746,89	1454,06
747,08	1368,04
747,27	1427,43
747,46	1437,67
747,65	1458,15
747,84	1466,35
748,03	1304,56
748,22	1366,00
748,41	1415,15
748,60	1449,96
748,79	1359,85
748,98	1423,34
749,17	1388,52
749,36	1435,63
749,55	1361,90
749,74	1361,90
749,93	1357,80
750,12	1374,19
750,31	1415,15
750,50	1535,98
750,70	1419,24
750,89	1449,96
751,08	1515,50
751,27	1398,76
751,46	1441,77
751,65	1464,30
751,84	1417,19
752,03	1325,04
752,22	1388,52
752,41	1443,82
752,60	1417,19
752,79	1435,63
752,98	1396,71
753,17	1437,67
753,36	1454,06
753,55	1372,14
753,74	1458,15
753,93	1480,68
754,12	1449,96
754,31	1431,53
754,50	1470,44
754,69	1406,95
754,88	1411,05
755,07	1374,19
755,26	1347,56
755,45	1337,32
755,64	1433,58
755,83	1386,47
756,02	1474,54
756,21	1400,81
756,40	1419,24
756,59	1415,15
756,78	1413,10
756,97	1468,39
757,16	1523,69
757,35	1458,15
757,54	1460,20
757,72	1449,96
757,91	1386,47
758,10	1392,62
758,29	1433,58
758,48	1464,30
758,67	1372,14
758,86	1411,05
759,05	1322,99
759,24	1402,86
759,43	1441,77
759,62	1466,35
759,81	1415,15
760,00	1427,43
760,19	1437,67
760,38	1447,91
760,57	1443,82
760,76	1390,57
760,95	1454,06
761,14	1466,35
761,33	1396,71
761,52	1341,42
761,70	1474,54
761,89	1441,77
762,08	1474,54
762,27	1419,24
762,46	1398,76
762,65	1411,05
762,84	1470,44
763,03	1443,82
763,22	1445,87
763,41	1456,11
763,60	1368,04
763,79	1372,14
763,98	1482,73
764,16	1415,15
764,35	1454,06
764,54	1400,81
764,73	1468,39
764,92	1480,68
765,11	1505,26
765,30	1474,54
765,49	1347,56
765,68	1511,40
765,87	1464,30
766,06	1409,00
766,24	1445,87
766,43	1409,00
766,62	1468,39
766,81	1441,77
767,00	1517,54
767,19	1355,76
767,38	1568,74
767,57	1380,33
767,76	1419,24
767,94	1449,96
768,13	1550,31
768,32	1413,10
768,51	1456,11
768,70	1478,63
768,89	1443,82
769,08	1402,86
769,27	1419,24
769,45	1431,53
769,64	1417,19
769,83	1366,00
770,02	1374,19
770,21	1472,49
770,40	1452,01
770,59	1400,81
770,77	1476,59
770,96	1570,79
771,15	1368,04
771,34	1423,34
771,53	1597,42
771,72	1484,78
771,91	1468,39
772,09	1447,91
772,28	1402,86
772,47	1357,80
772,66	1460,20
772,85	1413,10
773,04	1482,73
773,22	1396,71
773,41	1443,82
773,60	1503,21
773,79	1472,49
773,98	1447,91
774,17	1398,76
774,35	1380,33
774,54	1486,83
774,73	1468,39
774,92	1484,78
775,11	1456,11
775,30	1550,31
775,48	1390,57
775,67	1427,43
775,86	1400,81
776,05	1507,30
776,24	1441,77
776,42	1470,44
776,61	1466,35
776,80	1445,87
776,99	1544,17
777,18	1366,00
777,36	1433,58
777,55	1466,35
777,74	1535,98
777,93	1406,95
778,12	1398,76
778,30	1439,72
778,49	1454,06
778,68	1497,07
778,87	1380,33
779,06	1472,49
779,24	1400,81
779,43	1511,40
779,62	1478,63
779,81	1435,63
779,99	1447,91
780,18	1413,10
780,37	1501,16
780,56	1476,59
780,75	1464,30
780,93	1503,21
781,12	1492,97
781,31	1429,48
781,50	1492,97
781,68	1443,82
781,87	1411,05
782,06	1413,10
782,25	1460,20
782,43	1427,43
782,62	1464,30
782,81	1421,29
783,00	1435,63
783,18	1372,14
783,37	1482,73
783,56	1501,16
783,75	1476,59
783,93	1402,86
784,12	1513,45
784,31	1474,54
784,50	1351,66
784,68	1398,76
784,87	1505,26
785,06	1513,45
785,24	1482,73
785,43	1525,74
785,62	1406,95
785,81	1390,57
785,99	1415,15
786,18	1406,95
786,37	1409,00
786,56	1423,34
786,74	1376,24
786,93	1406,95
787,12	1431,53
787,30	1460,20
787,49	1439,72
787,68	1331,18
787,87	1454,06
788,05	1445,87
788,24	1406,95
788,43	1435,63
788,61	1505,26
788,80	1388,52
788,99	1404,91
789,17	1460,20
789,36	1413,10
789,55	1425,39
789,73	1396,71
789,92	1353,71
790,11	1394,67
790,30	1361,90
790,48	1341,42
790,67	1505,26
790,86	1380,33
791,04	1456,11
791,23	1466,35
791,42	1411,05
791,60	1472,49
791,79	1439,72
791,98	1382,38
792,16	1449,96
792,35	1402,86
792,54	1390,57
792,72	1548,26
792,91	1433,58
793,10	1452,01
793,28	1394,67
793,47	1447,91
793,66	1402,86
793,84	1394,67
794,03	1368,04
794,22	1429,48
794,40	1406,95
794,59	1390,57
794,77	1482,73
794,96	1388,52
795,15	1402,86
795,33	1388,52
795,52	1429,48
795,71	1394,67
795,89	1396,71
796,08	1382,38
796,27	1398,76
796,45	1349,61
796,64	1423,34
796,82	1380,33
797,01	1429,48
797,20	1398,76
797,38	1355,76
797,57	1327,08
797,76	1404,91
797,94	1380,33
798,13	1542,12
798,31	1392,62
798,50	1409,00
798,69	1413,10
798,87	1249,26
799,06	1388,52
799,24	1419,24
799,43	1445,87
799,62	1390,57
799,80	1374,19
799,99	1431,53
800,17	1452,01
800,36	1353,71
800,55	1409,00
800,73	1443,82
800,92	1480,68
801,10	1392,62
801,29	1380,33
801,48	1372,14
801,66	1437,67
801,85	1394,67
802,03	1402,86
802,22	1429,48
802,40	1386,47
802,59	1366,00
802,78	1409,00
802,96	1447,91
803,15	1540,07
803,33	1441,77
803,52	1396,71
803,70	1296,36
803,89	1390,57
804,08	1462,25
804,26	1396,71
804,45	1353,71
804,63	1495,02
804,82	1443,82
805,00	1390,57
805,19	1382,38
805,37	1394,67
805,56	1429,48
805,74	1394,67
805,93	1458,15
806,12	1427,43
806,30	1445,87
806,49	1361,90
806,67	1421,29
806,86	1327,08
807,04	1413,10
807,23	1423,34
807,41	1292,27
807,60	1386,47
807,78	1468,39
807,97	1615,85
808,15	1355,76
808,34	1386,47
808,52	1349,61
808,71	1378,28
808,89	1454,06
809,08	1374,19
809,27	1353,71
809,45	1347,56
809,64	1464,30
809,82	1322,99
810,01	1402,86
810,19	1388,52
810,38	1402,86
810,56	1366,00
810,75	1368,04
810,93	1439,72
811,12	1404,91
811,30	1460,20
811,49	1382,38
811,67	1449,96
811,85	1488,87
812,04	1378,28
812,22	1464,30
812,41	1374,19
812,59	1499,11
812,78	1380,33
812,96	1392,62
813,15	1460,20
813,33	1429,48
813,52	1370,09
813,70	1470,44
813,89	1439,72
814,07	1421,29
814,26	1384,43
814,44	1357,80
814,63	1376,24
814,81	1357,80
815,00	1439,72
815,18	1449,96
815,36	1388,52
815,55	1392,62
815,73	1435,63
815,92	1417,19
816,10	1556,46
816,29	1482,73
816,47	1376,24
816,66	1374,19
816,84	1431,53
817,02	1441,77
817,21	1443,82
817,39	1431,53
817,58	1366,00
817,76	1355,76
817,95	1470,44
818,13	1322,99
818,32	1411,05
818,50	1366,00
818,68	1454,06
818,87	1353,71
819,05	1431,53
819,24	1349,61
819,42	1460,20
819,60	1425,39
819,79	1437,67
819,97	1423,34
820,16	1460,20
820,34	1433,58
820,53	1345,52
820,71	1366,00
820,89	1390,57
821,08	1392,62
821,26	1372,14
821,45	1402,86
821,63	1329,13
821,81	1425,39
822,00	1419,24
822,18	1415,15
822,37	1452,01
822,55	1361,90
822,73	1325,04
822,92	1439,72
823,10	1398,76
823,28	1433,58
823,47	1447,91
823,65	1382,38
823,84	1329,13
824,02	1386,47
824,20	1331,18
824,39	1413,10
824,57	1515,50
824,75	1386,47
824,94	1460,20
825,12	1425,39
825,31	1464,30
825,49	1388,52
825,67	1386,47
825,86	1355,76
826,04	1472,49
826,22	1452,01
826,41	1517,54
826,59	1468,39
826,77	1435,63
826,96	1497,07
827,14	1400,81
827,32	1406,95
827,51	1339,37
827,69	1445,87
827,87	1439,72
828,06	1406,95
828,24	1431,53
828,42	1384,43
828,61	1513,45
828,79	1388,52
828,97	1443,82
829,16	1488,87
829,34	1300,46
829,52	1380,33
829,71	1462,25
829,89	1478,63
830,07	1470,44
830,26	1456,11
830,44	1400,81
830,62	1486,83
830,81	1447,91
830,99	1431,53
831,17	1427,43
831,36	1417,19
831,54	1492,97
831,72	1460,20
831,91	1384,43
832,09	1445,87
832,27	1435,63
832,45	1456,11
832,64	1456,11
832,82	1513,45
833,00	1402,86
833,19	1431,53
833,37	1437,67
833,55	1376,24
833,73	1370,09
833,92	1460,20
834,10	1296,36
834,28	1394,67
834,47	1413,10
834,65	1484,78
834,83	1445,87
835,01	1394,67
835,20	1363,95
835,38	1404,91
835,56	1501,16
835,74	1409,00
835,93	1419,24
836,11	1511,40
836,29	1439,72
836,47	1452,01
836,66	1380,33
836,84	1478,63
837,02	1355,76
837,21	1462,25
837,39	1402,86
837,57	1433,58
837,75	1497,07
837,94	1374,19
838,12	1413,10
838,30	1353,71
838,48	1382,38
838,66	1398,76
838,85	1501,16
839,03	1394,67
839,21	1366,00
839,39	1404,91
839,58	1443,82
839,76	1443,82
839,94	1411,05
840,12	1470,44
840,31	1429,48
840,49	1413,10
840,67	1456,11
840,85	1433,58
841,03	1353,71
841,22	1388,52
841,40	1415,15
841,58	1431,53
841,76	1400,81
841,94	1423,34
842,13	1486,83
842,31	1433,58
842,49	1421,29
842,67	1427,43
842,85	1423,34
843,04	1439,72
843,22	1415,15
843,40	1398,76
843,58	1519,59
843,76	1415,15
843,95	1488,87
844,13	1433,58
844,31	1431,53
844,49	1409,00
844,67	1355,76
844,86	1460,20
845,04	1419,24
845,22	1419,24
845,40	1456,11
845,58	1488,87
845,76	1456,11
845,95	1398,76
846,13	1419,24
846,31	1427,43
846,49	1492,97
846,67	1464,30
846,85	1435,63
847,04	1517,54
847,22	1429,48
847,40	1361,90
847,58	1415,15
847,76	1411,05
847,94	1374,19
848,12	1478,63
848,31	1435,63
848,49	1345,52
848,67	1468,39
848,85	1447,91
849,03	1460,20
849,21	1566,70
849,39	1456,11
849,58	1501,16
849,76	1449,96
849,94	1441,77
850,12	1396,71
850,30	1392,62
850,48	1374,19
850,66	1458,15
850,84	1415,15
851,03	1433,58
851,21	1433,58
851,39	1435,63
851,57	1447,91
851,75	1454,06
851,93	1460,20
852,11	1456,11
852,29	1431,53
852,47	1492,97
852,66	1550,31
852,84	1398,76
853,02	1521,64
853,20	1503,21
853,38	1427,43
853,56	1454,06
853,74	1441,77
853,92	1535,98
854,10	1368,04
854,28	1339,37
854,46	1445,87
854,65	1439,72
854,83	1423,34
855,01	1480,68
855,19	1478,63
855,37	1484,78
855,55	1411,05
855,73	1542,12
855,91	1390,57
856,09	1390,57
856,27	1505,26
856,45	1449,96
856,63	1411,05
856,81	1433,58
857,00	1382,38
857,18	1492,97
857,36	1441,77
857,54	1454,06
857,72	1413,10
857,90	1464,30
858,08	1421,29
858,26	1398,76
858,44	1456,11
858,62	1470,44
858,80	1454,06
858,98	1404,91
859,16	1392,62
859,34	1398,76
859,52	1501,16
859,70	1497,07
859,88	1486,83
860,06	1468,39
860,24	1406,95
860,42	1445,87
860,60	1495,02
860,78	1425,39
860,96	1478,63
861,14	1466,35
861,32	1454,06
861,50	1454,06
861,69	1409,00
861,87	1476,59
862,05	1462,25
862,23	1376,24
862,41	1499,11
862,59	1388,52
862,77	1472,49
862,95	1452,01
863,13	1474,54
863,31	1492,97
863,49	1372,14
863,67	1466,35
863,85	1501,16
864,03	1394,67
864,21	1495,02
864,39	1464,30
864,57	1361,90
864,75	1454,06
864,92	1519,59
865,10	1423,34
865,28	1462,25
865,46	1492,97
865,64	1353,71
865,82	1452,01
866,00	1402,86
866,18	1456,11
866,36	1447,91
866,54	1441,77
866,72	1497,07
866,90	1417,19
867,08	1472,49
867,26	1435,63
867,44	1425,39
867,62	1437,67
867,80	1460,20
867,98	1535,98
868,16	1406,95
868,34	1521,64
868,52	1488,87
868,70	1421,29
868,88	1388,52
869,06	1411,05
869,24	1515,50
869,42	1376,24
869,59	1431,53
869,77	1511,40
869,95	1445,87
870,13	1452,01
870,31	1406,95
870,49	1454,06
870,67	1431,53
870,85	1447,91
871,03	1427,43
871,21	1517,54
871,39	1435,63
871,57	1347,56
871,75	1478,63
871,92	1357,80
872,10	1445,87
872,28	1437,67
872,46	1409,00
872,64	1400,81
872,82	1413,10
873,00	1396,71
873,18	1415,15
873,36	1466,35
873,54	1388,52
873,72	1394,67
873,89	1445,87
874,07	1370,09
874,25	1546,22
874,43	1486,83
874,61	1404,91
874,79	1423,34
874,97	1370,09
875,15	1466,35
875,33	1460,20
875,50	1390,57
875,68	1421,29
875,86	1470,44
876,04	1337,32
876,22	1492,97
876,40	1456,11
876,58	1411,05
876,76	1472,49
876,93	1488,87
877,11	1357,80
877,29	1529,83
877,47	1415,15
877,65	1439,72
877,83	1394,67
878,01	1474,54
878,18	1439,72
878,36	1435,63
878,54	1462,25
878,72	1355,76
878,90	1427,43
879,08	1411,05
879,25	1423,34
879,43	1396,71
879,61	1460,20
879,79	1449,96
879,97	1386,47
880,15	1429,48
880,32	1449,96
880,50	1464,30
880,68	1427,43
880,86	1474,54
881,04	1406,95
881,22	1435,63
881,39	1435,63
881,57	1411,05
881,75	1366,00
881,93	1466,35
882,11	1441,77
882,28	1503,21
882,46	1425,39
882,64	1437,67
882,82	1429,48
883,00	1550,31
883,18	1439,72
883,35	1474,54
883,53	1417,19
883,71	1501,16
883,89	1456,11
884,07	1474,54
884,24	1449,96
884,42	1425,39
884,60	1417,19
884,78	1468,39
884,95	1437,67
885,13	1413,10
885,31	1480,68
885,49	1406,95
885,67	1452,01
885,84	1511,40
886,02	1411,05
886,20	1452,01
886,38	1454,06
886,55	1460,20
886,73	1429,48
886,91	1396,71
887,09	1419,24
887,26	1435,63
887,44	1441,77
887,62	1441,77
887,80	1398,76
887,98	1484,78
888,15	1470,44
888,33	1409,00
888,51	1425,39
888,69	1445,87
888,86	1409,00
889,04	1445,87
889,22	1441,77
889,39	1515,50
889,57	1464,30
889,75	1423,34
889,93	1411,05
890,10	1421,29
890,28	1386,47
890,46	1439,72
890,64	1476,59
890,81	1472,49
890,99	1427,43
891,17	1460,20
891,34	1417,19
891,52	1472,49
891,70	1382,38
891,88	1370,09
892,05	1349,61
892,23	1474,54
892,41	1437,67
892,58	1425,39
892,76	1439,72
892,94	1402,86
893,12	1497,07
893,29	1417,19
893,47	1423,34
893,65	1413,10
893,82	1427,43
894,00	1492,97
894,18	1435,63
894,35	1392,62
894,53	1439,72
894,71	1562,60
894,89	1402,86
895,06	1374,19
895,24	1394,67
895,42	1415,15
895,59	1404,91
895,77	1398,76
895,95	1357,80
896,12	1398,76
896,30	1394,67
896,48	1466,35
896,65	1472,49
896,83	1441,77
897,01	1406,95
897,18	1447,91
897,36	1525,74
897,54	1398,76
897,71	1423,34
897,89	1427,43
898,07	1419,24
898,24	1376,24
898,42	1460,20
898,59	1435,63
898,77	1372,14
898,95	1435,63
899,12	1439,72
899,30	1439,72
899,48	1406,95
899,65	1462,25
899,83	1417,19
900,01	1333,23
900,18	1476,59
900,36	1460,20
900,53	1355,76
900,71	1452,01
900,89	1486,83
901,06	1468,39
901,24	1413,10
901,42	1392,62
901,59	1331,18
901,77	1398,76
901,94	1415,15
902,12	1437,67
902,30	1449,96
902,47	1460,20
902,65	1402,86
902,82	1511,40
903,00	1505,26
903,18	1501,16
903,35	1411,05
903,53	1419,24
903,70	1402,86
903,88	1394,67
904,06	1433,58
904,23	1429,48
904,41	1353,71
904,58	1429,48
904,76	1435,63
904,93	1486,83
905,11	1411,05
905,29	1447,91
905,46	1468,39
905,64	1425,39
905,81	1390,57
905,99	1378,28
906,16	1476,59
906,34	1406,95
906,52	1406,95
906,69	1394,67
906,87	1480,68
907,04	1470,44
907,22	1433,58
907,39	1441,77
907,57	1435,63
907,75	1486,83
907,92	1447,91
908,10	1445,87
908,27	1361,90
908,45	1421,29
908,62	1413,10
908,80	1421,29
908,97	1392,62
909,15	1454,06
909,32	1394,67
909,50	1392,62
909,67	1392,62
909,85	1486,83
910,03	1409,00
910,20	1394,67
910,38	1488,87
910,55	1400,81
910,73	1396,71
910,90	1376,24
911,08	1490,92
911,25	1429,48
911,43	1468,39
911,60	1431,53
911,78	1474,54
911,95	1435,63
912,13	1380,33
912,30	1433,58
912,48	1411,05
912,65	1409,00
912,83	1325,04
913,00	1486,83
913,18	1382,38
913,35	1456,11
913,53	1402,86
913,70	1439,72
913,88	1382,38
914,05	1396,71
914,23	1388,52
914,40	1349,61
914,58	1431,53
914,75	1366,00
914,93	1501,16
915,10	1396,71
915,27	1456,11
915,45	1488,87
915,62	1390,57
915,80	1460,20
915,97	1431,53
916,15	1394,67
916,32	1552,36
916,50	1472,49
916,67	1372,14
916,85	1447,91
917,02	1425,39
917,20	1527,78
917,37	1398,76
917,54	1476,59
917,72	1480,68
917,89	1398,76
918,07	1478,63
918,24	1447,91
918,42	1376,24
918,59	1413,10
918,77	1452,01
918,94	1456,11
919,11	1374,19
919,29	1396,71
919,46	1507,30
919,64	1513,45
919,81	1400,81
919,99	1374,19
920,16	1509,35
920,33	1486,83
920,51	1439,72
920,68	1380,33
920,86	1505,26
921,03	1406,95
921,20	1404,91
921,38	1437,67
921,55	1478,63
921,73	1454,06
921,90	1372,14
922,07	1470,44
922,25	1413,10
922,42	1490,92
922,60	1361,90
922,77	1419,24
922,94	1402,86
923,12	1447,91
923,29	1396,71
923,47	1411,05
923,64	1376,24
923,81	1437,67
923,99	1415,15
924,16	1490,92
924,34	1417,19
924,51	1421,29
924,68	1478,63
924,86	1464,30
925,03	1382,38
925,20	1443,82
925,38	1447,91
925,55	1488,87
925,72	1443,82
925,90	1423,34
926,07	1433,58
926,25	1452,01
926,42	1415,15
926,59	1456,11
926,77	1435,63
926,94	1396,71
927,11	1378,28
927,29	1439,72
927,46	1411,05
927,63	1392,62
927,81	1425,39
927,98	1386,47
928,15	1585,13
928,33	1441,77
928,50	1441,77
928,67	1511,40
928,85	1456,11
929,02	1378,28
929,19	1458,15
929,37	1452,01
929,54	1433,58
929,71	1470,44
929,89	1415,15
930,06	1501,16
930,23	1482,73
930,41	1435,63
930,58	1394,67
930,75	1449,96
930,92	1517,54
931,10	1439,72
931,27	1425,39
931,44	1495,02
931,62	1433,58
931,79	1441,77
931,96	1409,00
932,14	1409,00
932,31	1460,20
932,48	1523,69
932,65	1359,85
932,83	1413,10
933,00	1484,78
933,17	1433,58
933,35	1439,72
933,52	1503,21
933,69	1501,16
933,86	1478,63
934,04	1449,96
934,21	1406,95
934,38	1437,67
934,55	1390,57
934,73	1431,53
934,90	1499,11
935,07	1431,53
935,25	1492,97
935,42	1366,00
935,59	1505,26
935,76	1437,67
935,94	1398,76
936,11	1445,87
936,28	1386,47
936,45	1482,73
936,63	1413,10
936,80	1462,25
936,97	1411,05
937,14	1490,92
937,31	1497,07
937,49	1492,97
937,66	1439,72
937,83	1429,48
938,00	1515,50
938,18	1460,20
938,35	1443,82
938,52	1406,95
938,69	1478,63
938,87	1380,33
939,04	1431,53
939,21	1419,24
939,38	1458,15
939,55	1378,28
939,73	1415,15
939,90	1417,19
940,07	1454,06
940,24	1427,43
940,41	1468,39
940,59	1388,52
940,76	1394,67
940,93	1398,76
941,10	1429,48
941,27	1415,15
941,45	1452,01
941,62	1415,15
941,79	1409,00
941,96	1431,53
942,13	1411,05
942,31	1470,44
942,48	1519,59
942,65	1449,96
942,82	1488,87
942,99	1411,05
943,16	1423,34
943,34	1415,15
943,51	1411,05
943,68	1406,95
943,85	1388,52
944,02	1411,05
944,19	1386,47
944,37	1390,57
944,54	1472,49
944,71	1449,96
944,88	1556,46
945,05	1439,72
945,22	1497,07
945,40	1505,26
945,57	1417,19
945,74	1449,96
945,91	1435,63
946,08	1427,43
946,25	1406,95
946,42	1474,54
946,60	1517,54
946,77	1574,89
946,94	1425,39
947,11	1421,29
947,28	1486,83
947,45	1314,80
947,62	1429,48
947,79	1445,87
947,97	1460,20
948,14	1472,49
948,31	1490,92
948,48	1435,63
948,65	1503,21
948,82	1398,76
948,99	1478,63
949,16	1427,43
949,33	1363,95
949,51	1449,96
949,68	1523,69
949,85	1417,19
950,02	1484,78
950,19	1406,95
950,36	1425,39
950,53	1480,68
950,70	1423,34
950,87	1445,87
951,04	1417,19
951,22	1452,01
951,39	1511,40
951,56	1392,62
951,73	1439,72
951,90	1400,81
952,07	1480,68
952,24	1456,11
952,41	1445,87
952,58	1470,44
952,75	1462,25
952,92	1486,83
953,09	1421,29
953,26	1441,77
953,43	1472,49
953,61	1462,25
953,78	1464,30
953,95	1415,15
954,12	1454,06
954,29	1472,49
954,46	1460,20
954,63	1466,35
954,80	1462,25
954,97	1435,63
955,14	1439,72
955,31	1433,58
955,48	1411,05
955,65	1384,43
955,82	1390,57
955,99	1507,30
956,16	1423,34
956,33	1417,19
956,50	1366,00
956,67	1474,54
956,84	1484,78
957,01	1406,95
957,18	1443,82
957,35	1384,43
957,52	1413,10
957,69	1486,83
957,86	1454,06
958,03	1429,48
958,20	1476,59
958,37	1427,43
958,54	1480,68
958,71	1353,71
958,88	1548,26
959,05	1456,11
959,22	1460,20
959,39	1468,39
959,56	1447,91
959,73	1400,81
959,90	1415,15
960,07	1425,39
960,24	1439,72
960,41	1488,87
960,58	1501,16
960,75	1427,43
960,92	1484,78
961,09	1456,11
961,26	1466,35
961,43	1427,43
961,60	1456,11
961,77	1427,43
961,94	1382,38
962,11	1378,28
962,28	1531,88
962,45	1501,16
962,62	1411,05
962,79	1335,28
962,96	1449,96
963,13	1417,19
963,30	1419,24
963,47	1337,32
963,64	1363,95
963,81	1374,19
963,98	1396,71
964,14	1447,91
964,31	1413,10
964,48	1466,35
964,65	1497,07
964,82	1417,19
964,99	1429,48
965,16	1376,24
965,33	1423,34
965,50	1495,02
965,67	1425,39
965,84	1409,00
966,01	1431,53
966,18	1464,30
966,35	1406,95
966,51	1398,76
966,68	1497,07
966,85	1482,73
967,02	1490,92
967,19	1378,28
967,36	1437,67
967,53	1421,29
967,70	1492,97
967,87	1439,72
968,04	1421,29
968,21	1554,41
968,37	1425,39
968,54	1355,76
968,71	1345,52
968,88	1445,87
969,05	1402,86
969,22	1482,73
969,39	1454,06
969,56	1396,71
969,72	1458,15
969,89	1507,30
970,06	1392,62
970,23	1449,96
970,40	1492,97
970,57	1441,77
970,74	1439,72
970,91	1398,76
971,07	1507,30
971,24	1468,39
971,41	1390,57
971,58	1460,20
971,75	1398,76
971,92	1394,67
972,09	1409,00
972,25	1398,76
972,42	1447,91
972,59	1392,62
972,76	1499,11
972,93	1425,39
973,10	1374,19
973,27	1523,69
973,43	1427,43
973,60	1398,76
973,77	1419,24
973,94	1464,30
974,11	1423,34
974,28	1437,67
974,44	1355,76
974,61	1490,92
974,78	1415,15
974,95	1382,38
975,12	1447,91
975,28	1445,87
975,45	1320,94
975,62	1464,30
975,79	1488,87
975,96	1435,63
976,12	1492,97
976,29	1486,83
976,46	1413,10
976,63	1386,47
976,80	1382,38
976,96	1402,86
977,13	1341,42
977,30	1472,49
977,47	1357,80
977,64	1429,48
977,80	1394,67
977,97	1464,30
978,14	1458,15
978,31	1374,19
978,48	1415,15
978,64	1388,52
978,81	1460,20
978,98	1441,77
979,15	1456,11
979,31	1423,34
979,48	1368,04
979,65	1378,28
979,82	1449,96
979,98	1376,24
980,15	1523,69
980,32	1466,35
980,49	1337,32
980,66	1419,24
980,82	1380,33
980,99	1454,06
981,16	1406,95
981,33	1468,39
981,49	1423,34
981,66	1431,53
981,83	1366,00
981,99	1404,91
982,16	1435,63
982,33	1435,63
982,50	1347,56
982,66	1398,76
982,83	1380,33
983,00	1398,76
983,17	1437,67
983,33	1423,34
983,50	1402,86
983,67	1417,19
983,83	1409,00
984,00	1404,91
984,17	1417,19
984,34	1327,08
984,50	1366,00
984,67	1384,43
984,84	1421,29
985,00	1378,28
985,17	1390,57
985,34	1372,14
985,51	1435,63
985,67	1390,57
985,84	1343,47
986,01	1355,76
986,17	1415,15
986,34	1355,76
986,51	1343,47
986,67	1363,95
986,84	1413,10
987,01	1355,76
987,17	1474,54
987,34	1347,56
987,51	1341,42
987,67	1435,63
987,84	1409,00
988,01	1482,73
988,17	1443,82
988,34	1429,48
988,51	1343,47
988,67	1447,91
988,84	1439,72
989,01	1443,82
989,17	1341,42
989,34	1345,52
989,51	1394,67
989,67	1372,14
989,84	1341,42
990,01	1431,53
990,17	1472,49
990,34	1368,04
990,51	1421,29
990,67	1394,67
990,84	1337,32
991,01	1445,87
991,17	1443,82
991,34	1341,42
991,50	1343,47
991,67	1398,76
991,84	1374,19
992,00	1472,49
992,17	1359,85
992,34	1445,87
992,50	1454,06
992,67	1411,05
992,83	1392,62
993,00	1347,56
993,17	1464,30
993,33	1406,95
993,50	1456,11
993,66	1378,28
993,83	1439,72
994,00	1318,89
994,16	1449,96
994,33	1437,67
994,49	1497,07
994,66	1404,91
994,83	1466,35
994,99	1402,86
995,16	1484,78
995,32	1447,91
995,49	1406,95
995,66	1366,00
995,82	1445,87
995,99	1368,04
996,15	1488,87
996,32	1423,34
996,48	1386,47
996,65	1374,19
996,82	1476,59
996,98	1363,95
997,15	1431,53
997,31	1388,52
997,48	1415,15
997,64	1343,47
997,81	1386,47
997,97	1363,95
998,14	1380,33
998,31	1435,63
998,47	1396,71
998,64	1460,20
998,80	1402,86
998,97	1400,81
999,13	1421,29
999,30	1421,29
999,46	1427,43
999,63	1427,43
999,79	1413,10
999,96	1513,45
1000,12	1396,71
1000,29	1396,71
1000,45	1431,53
1000,62	1417,19
1000,79	1511,40
1000,95	1372,14
1001,12	1443,82
1001,28	1402,86
1001,45	1374,19
1001,61	1456,11
1001,78	1425,39
1001,94	1460,20
1002,11	1517,54
1002,27	1435,63
1002,44	1372,14
1002,60	1400,81
1002,77	1480,68
1002,93	1386,47
1003,10	1402,86
1003,26	1384,43
1003,43	1458,15
1003,59	1390,57
1003,76	1421,29
1003,92	1462,25
1004,09	1404,91
1004,25	1445,87
1004,41	1466,35
1004,58	1402,86
1004,74	1429,48
1004,91	1353,71
1005,07	1312,75
1005,24	1417,19
1005,40	1503,21
1005,57	1355,76
1005,73	1423,34
1005,90	1409,00
1006,06	1439,72
1006,23	1486,83
1006,39	1421,29
1006,55	1413,10
1006,72	1322,99
1006,88	1259,50
1007,05	1435,63
1007,21	1433,58
1007,38	1501,16
1007,54	1423,34
1007,71	1466,35
1007,87	1462,25
1008,03	1456,11
1008,20	1478,63
1008,36	1339,37
1008,53	1368,04
1008,69	1409,00
1008,86	1427,43
1009,02	1425,39
1009,18	1476,59
1009,35	1392,62
1009,51	1386,47
1009,68	1462,25
1009,84	1411,05
1010,01	1417,19
1010,17	1415,15
1010,33	1409,00
1010,50	1372,14
1010,66	1449,96
1010,83	1398,76
1010,99	1431,53
1011,15	1322,99
1011,32	1449,96
1011,48	1361,90
1011,65	1421,29
1011,81	1458,15
1011,97	1390,57
1012,14	1421,29
1012,30	1456,11
1012,46	1443,82
1012,63	1425,39
1012,79	1396,71
1012,96	1443,82
1013,12	1421,29
1013,28	1490,92
1013,45	1370,09
1013,61	1296,36
1013,77	1419,24
1013,94	1429,48
1014,10	1474,54
1014,26	1361,90
1014,43	1427,43
1014,59	1351,66
1014,76	1456,11
1014,92	1396,71
1015,08	1355,76
1015,25	1327,08
1015,41	1484,78
1015,57	1431,53
1015,74	1492,97
1015,90	1394,67
1016,06	1478,63
1016,23	1474,54
1016,39	1374,19
1016,55	1464,30
1016,72	1417,19
1016,88	1402,86
1017,04	1402,86
1017,21	1456,11
1017,37	1376,24
1017,53	1339,37
1017,70	1429,48
1017,86	1325,04
1018,02	1337,32
1018,19	1402,86
1018,35	1337,32
1018,51	1390,57
1018,67	1462,25
1018,84	1314,80
1019,00	1361,90
1019,16	1433,58
1019,33	1304,56
1019,49	1437,67
1019,65	1349,61
1019,82	1398,76
1019,98	1449,96
1020,14	1406,95
1020,30	1449,96
1020,47	1279,98
1020,63	1427,43
1020,79	1417,19
1020,96	1329,13
1021,12	1355,76
1021,28	1439,72
1021,44	1345,52
1021,61	1409,00
1021,77	1382,38
1021,93	1366,00
1022,09	1454,06
1022,26	1423,34
1022,42	1396,71
1022,58	1521,64
1022,74	1398,76
1022,91	1452,01
1023,07	1300,46
1023,23	1296,36
1023,39	1411,05
1023,56	1386,47
1023,72	1523,69
1023,88	1345,52
1024,04	1419,24
1024,21	1363,95
1024,37	1396,71
1024,53	1464,30
1024,69	1363,95
1024,86	1433,58
1025,02	1462,25
1025,18	1363,95
1025,34	1370,09
1025,50	1427,43
1025,67	1349,61
1025,83	1413,10
1025,99	1357,80
1026,15	1456,11
1026,32	1433,58
1026,48	1374,19
1026,64	1464,30
1026,80	1435,63
1026,96	1474,54
1027,13	1419,24
1027,29	1429,48
1027,45	1327,08
1027,61	1345,52
1027,77	1437,67
1027,94	1460,20
1028,10	1425,39
1028,26	1370,09
1028,42	1368,04
1028,58	1427,43
1028,75	1304,56
1028,91	1488,87
1029,07	1359,85
1029,23	1388,52
1029,39	1380,33
1029,55	1370,09
1029,72	1400,81
1029,88	1398,76
1030,04	1429,48
1030,20	1359,85
1030,36	1343,47
1030,52	1402,86
1030,69	1406,95
1030,85	1497,07
1031,01	1456,11
1031,17	1374,19
1031,33	1421,29
1031,49	1495,02
1031,65	1413,10
1031,82	1443,82
1031,98	1370,09
1032,14	1488,87
1032,30	1392,62
1032,46	1464,30
1032,62	1404,91
1032,78	1441,77
1032,95	1345,52
1033,11	1347,56
1033,27	1413,10
1033,43	1390,57
1033,59	1316,84
1033,75	1417,19
1033,91	1417,19
1034,07	1474,54
1034,24	1374,19
1034,40	1337,32
1034,56	1429,48
1034,72	1482,73
1034,88	1484,78
1035,04	1325,04
1035,20	1392,62
1035,36	1406,95
1035,52	1390,57
1035,68	1384,43
1035,85	1411,05
1036,01	1460,20
1036,17	1546,22
1036,33	1409,00
1036,49	1376,24
1036,65	1464,30
1036,81	1417,19
1036,97	1351,66
1037,13	1392,62
1037,29	1419,24
1037,45	1353,71
1037,61	1454,06
1037,78	1335,28
1037,94	1431,53
1038,10	1435,63
1038,26	1417,19
1038,42	1337,32
1038,58	1417,19
1038,74	1327,08
1038,90	1398,76
1039,06	1318,89
1039,22	1437,67
1039,38	1402,86
1039,54	1394,67
1039,70	1359,85
1039,86	1368,04
1040,02	1384,43
1040,18	1445,87
1040,34	1376,24
1040,50	1402,86
1040,66	1499,11
1040,83	1372,14
1040,99	1513,45
1041,15	1447,91
1041,31	1441,77
1041,47	1366,00
1041,63	1400,81
1041,79	1441,77
1041,95	1435,63
1042,11	1413,10
1042,27	1435,63
1042,43	1435,63
1042,59	1466,35
1042,75	1394,67
1042,91	1454,06
