344,25	1234,93
344,46	1234,93
344,68	1234,93
344,90	1269,74
345,12	1320,94
345,34	1279,98
345,55	1409,00
345,77	1468,39
345,99	1396,71
346,21	1331,18
346,42	1499,11
346,64	1292,27
346,86	1413,10
347,08	1419,24
347,30	1409,00
347,51	1382,38
347,73	1363,95
347,95	1423,34
348,17	1329,13
348,38	1361,90
348,60	1400,81
348,82	1335,28
349,04	1320,94
349,25	1458,15
349,47	1366,00
349,69	1417,19
349,91	1452,01
350,13	1396,71
350,34	1437,67
350,56	1310,70
350,78	1351,66
351,00	1396,71
351,21	1519,59
351,43	1353,71
351,65	1396,71
351,87	1484,78
352,08	1431,53
352,30	1421,29
352,52	1335,28
352,74	1445,87
352,95	1423,34
353,17	1386,47
353,39	1359,85
353,61	1413,10
353,82	1452,01
354,04	1404,91
354,26	1398,76
354,47	1517,54
354,69	1359,85
354,91	1312,75
355,13	1349,61
355,34	1429,48
355,56	1368,04
355,78	1425,39
356,00	1501,16
356,21	1378,28
356,43	1423,34
356,65	1406,95
356,86	1361,90
357,08	1478,63
357,30	1466,35
357,52	1378,28
357,73	1458,15
357,95	1427,43
358,17	1345,52
358,38	1454,06
358,60	1339,37
358,82	1396,71
359,04	1372,14
359,25	1499,11
359,47	1505,26
359,69	1366,00
359,90	1273,84
360,12	1411,05
360,34	1409,00
360,56	1363,95
360,77	1521,64
360,99	1484,78
361,21	1423,34
361,42	1443,82
361,64	1394,67
361,86	1396,71
362,07	1378,28
362,29	1464,30
362,51	1366,00
362,73	1402,86
362,94	1433,58
363,16	1517,54
363,38	1460,20
363,59	1578,98
363,81	1400,81
364,03	1478,63
364,24	1439,72
364,46	1394,67
364,68	1411,05
364,89	1425,39
365,11	1501,16
365,33	1458,15
365,54	1394,67
365,76	1454,06
365,98	1423,34
366,19	1564,65
366,41	1531,88
366,63	1480,68
366,84	1361,90
367,06	1470,44
367,28	1490,92
367,49	1546,22
367,71	1423,34
367,93	1417,19
368,14	1366,00
368,36	1417,19
368,58	1482,73
368,79	1394,67
369,01	1435,63
369,23	1507,30
369,44	1372,14
369,66	1386,47
369,88	1452,01
370,09	1374,19
370,31	1462,25
370,53	1439,72
370,74	1429,48
370,96	1374,19
371,18	1415,15
371,39	1406,95
371,61	1519,59
371,82	1488,87
372,04	1425,39
372,26	1388,52
372,47	1462,25
372,69	1341,42
372,91	1535,98
373,12	1452,01
373,34	1460,20
373,56	1423,34
373,77	1423,34
373,99	1376,24
374,20	1452,01
374,42	1429,48
374,64	1505,26
374,85	1445,87
375,07	1540,07
375,29	1480,68
375,50	1413,10
375,72	1406,95
375,93	1380,33
376,15	1433,58
376,37	1535,98
376,58	1409,00
376,80	1503,21
377,01	1429,48
377,23	1452,01
377,45	1523,69
377,66	1505,26
377,88	1429,48
378,10	1378,28
378,31	1515,50
378,53	1441,77
378,74	1431,53
378,96	1486,83
379,18	1411,05
379,39	1527,78
379,61	1482,73
379,82	1488,87
380,04	1435,63
380,26	1443,82
380,47	1359,85
380,69	1445,87
380,90	1497,07
381,12	1378,28
381,33	1470,44
381,55	1409,00
381,77	1480,68
381,98	1374,19
382,20	1331,18
382,41	1447,91
382,63	1370,09
382,85	1445,87
383,06	1421,29
383,28	1482,73
383,49	1456,11
383,71	1421,29
383,92	1390,57
384,14	1355,76
384,36	1382,38
384,57	1497,07
384,79	1286,12
385,00	1497,07
385,22	1296,36
385,43	1419,24
385,65	1400,81
385,87	1466,35
386,08	1406,95
386,30	1366,00
386,51	1433,58
386,73	1366,00
386,94	1439,72
387,16	1427,43
387,37	1529,83
387,59	1501,16
387,81	1421,29
388,02	1492,97
388,24	1409,00
388,45	1456,11
388,67	1335,28
388,88	1466,35
389,10	1347,56
389,31	1603,56
389,53	1454,06
389,75	1497,07
389,96	1429,48
390,18	1376,24
390,39	1316,84
390,61	1357,80
390,82	1366,00
391,04	1413,10
391,25	1425,39
391,47	1464,30
391,68	1341,42
391,90	1400,81
392,11	1374,19
392,33	1452,01
392,54	1458,15
392,76	1363,95
392,97	1325,04
393,19	1425,39
393,41	1384,43
393,62	1411,05
393,84	1490,92
394,05	1505,26
394,27	1398,76
394,48	1456,11
394,70	1501,16
394,91	1486,83
395,13	1480,68
395,34	1398,76
395,56	1402,86
395,77	1447,91
395,99	1472,49
396,20	1466,35
396,42	1394,67
396,63	1443,82
396,85	1468,39
397,06	1406,95
397,28	1394,67
397,49	1495,02
397,71	1296,36
397,92	1439,72
398,14	1433,58
398,35	1484,78
398,57	1411,05
398,78	1509,35
399,00	1468,39
399,21	1359,85
399,43	1411,05
399,64	1509,35
399,86	1413,10
400,07	1384,43
400,29	1382,38
400,50	1501,16
400,72	1437,67
400,93	1527,78
401,14	1374,19
401,36	1437,67
401,57	1388,52
401,79	1515,50
402,00	1435,63
402,22	1460,20
402,43	1431,53
402,65	1460,20
402,86	1427,43
403,08	1490,92
403,29	1415,15
403,51	1501,16
403,72	1445,87
403,94	1476,59
404,15	1413,10
404,36	1456,11
404,58	1728,49
404,79	1511,40
405,01	1454,06
405,22	1433,58
405,44	1294,32
405,65	1413,10
405,87	1509,35
406,08	1429,48
406,30	1398,76
406,51	1431,53
406,72	1419,24
406,94	1388,52
407,15	1445,87
407,37	1509,35
407,58	1427,43
407,80	1535,98
408,01	1398,76
408,23	1411,05
408,44	1429,48
408,65	1382,38
408,87	1382,38
409,08	1468,39
409,30	1449,96
409,51	1456,11
409,73	1384,43
409,94	1492,97
410,15	1497,07
410,37	1441,77
410,58	1456,11
410,80	1458,15
411,01	1398,76
411,23	1470,44
411,44	1351,66
411,65	1492,97
411,87	1427,43
412,08	1447,91
412,30	1501,16
412,51	1409,00
412,72	1499,11
412,94	1501,16
413,15	1433,58
413,37	1460,20
413,58	1447,91
413,79	1515,50
414,01	1474,54
414,22	1462,25
414,44	1529,83
414,65	1468,39
414,86	1398,76
415,08	1411,05
415,29	1411,05
415,51	1417,19
415,72	1474,54
415,93	1421,29
416,15	1441,77
416,36	1386,47
416,58	1437,67
416,79	1439,72
417,00	1470,44
417,22	1480,68
417,43	1464,30
417,65	1431,53
417,86	1490,92
418,07	1492,97
418,29	1525,74
418,50	1394,67
418,71	1437,67
418,93	1462,25
419,14	1406,95
419,36	1382,38
419,57	1394,67
419,78	1478,63
420,00	1386,47
420,21	1431,53
420,42	1419,24
420,64	1482,73
420,85	1402,86
421,06	1349,61
421,28	1435,63
421,49	1435,63
421,71	1452,01
421,92	1462,25
422,13	1400,81
422,35	1492,97
422,56	1406,95
422,77	1435,63
422,99	1413,10
423,20	1411,05
423,41	1445,87
423,63	1458,15
423,84	1378,28
424,05	1452,01
424,27	1400,81
424,48	1478,63
424,69	1515,50
424,91	1685,48
425,12	1402,86
425,33	1400,81
425,55	1470,44
425,76	1464,30
425,97	1488,87
426,19	1374,19
426,40	1392,62
426,61	1435,63
426,83	1439,72
427,04	1503,21
427,25	1380,33
427,47	1456,11
427,68	1497,07
427,89	1447,91
428,11	1421,29
428,32	1429,48
428,53	1447,91
428,75	1484,78
428,96	1466,35
429,17	1505,26
429,39	1419,24
429,60	1548,26
429,81	1497,07
430,03	1484,78
430,24	1370,09
430,45	1429,48
430,67	1443,82
430,88	1497,07
431,09	1460,20
431,30	1433,58
431,52	1419,24
431,73	1380,33
431,94	1431,53
432,16	1447,91
432,37	1427,43
432,58	1413,10
432,80	1466,35
433,01	1437,67
433,22	1476,59
433,43	1509,35
433,65	1374,19
433,86	1411,05
434,07	1366,00
434,29	1492,97
434,50	1423,34
434,71	1521,64
434,92	1533,93
435,14	1456,11
435,35	1402,86
435,56	1458,15
435,77	1380,33
435,99	1406,95
436,20	1423,34
436,41	1452,01
436,63	1388,52
436,84	1474,54
437,05	1380,33
437,26	1447,91
437,48	1560,55
437,69	1439,72
437,90	1398,76
438,11	1462,25
438,33	1400,81
438,54	1488,87
438,75	1460,20
438,96	1484,78
439,18	1366,00
439,39	1439,72
439,60	1437,67
439,82	1419,24
440,03	1546,22
440,24	1454,06
440,45	1427,43
440,67	1466,35
440,88	1470,44
441,09	1492,97
441,30	1417,19
441,51	1495,02
441,73	1388,52
441,94	1335,28
442,15	1515,50
442,36	1476,59
442,58	1447,91
442,79	1423,34
443,00	1443,82
443,21	1464,30
443,43	1425,39
443,64	1441,77
443,85	1429,48
444,06	1462,25
444,28	1394,67
444,49	1349,61
444,70	1492,97
444,91	1556,46
445,12	1441,77
445,34	1423,34
445,55	1554,41
445,76	1452,01
445,97	1474,54
446,18	1484,78
446,40	1474,54
446,61	1423,34
446,82	1447,91
447,03	1517,54
447,25	1501,16
447,46	1437,67
447,67	1447,91
447,88	1464,30
448,09	1411,05
448,31	1429,48
448,52	1441,77
448,73	1406,95
448,94	1492,97
449,15	1525,74
449,37	1376,24
449,58	1400,81
449,79	1488,87
450,00	1578,98
450,21	1505,26
450,43	1435,63
450,64	1404,91
450,85	1486,83
451,06	1505,26
451,27	1472,49
451,48	1388,52
451,70	1423,34
451,91	1404,91
452,12	1497,07
452,33	1492,97
452,54	1433,58
452,76	1535,98
452,97	1566,70
453,18	1421,29
453,39	1460,20
453,60	1542,12
453,81	1439,72
454,03	1359,85
454,24	1486,83
454,45	1478,63
454,66	1374,19
454,87	1447,91
455,08	1472,49
455,30	1415,15
455,51	1542,12
455,72	1425,39
455,93	1423,34
456,14	1458,15
456,35	1501,16
456,56	1517,54
456,78	1468,39
456,99	1544,17
457,20	1402,86
457,41	1456,11
457,62	1488,87
457,83	1472,49
458,04	1441,77
458,26	1484,78
458,47	1497,07
458,68	1429,48
458,89	1529,83
459,10	1492,97
459,31	1497,07
459,52	1501,16
459,74	1472,49
459,95	1447,91
460,16	1349,61
460,37	1560,55
460,58	1478,63
460,79	1468,39
461,00	1558,50
461,21	1435,63
461,43	1402,86
461,64	1490,92
461,85	1544,17
462,06	1452,01
462,27	1486,83
462,48	1431,53
462,69	1523,69
462,90	1464,30
463,12	1517,54
463,33	1435,63
463,54	1449,96
463,75	1519,59
463,96	1443,82
464,17	1480,68
464,38	1435,63
464,59	1523,69
464,80	1464,30
465,01	1400,81
465,23	1546,22
465,44	1384,43
465,65	1462,25
465,86	1466,35
466,07	1431,53
466,28	1447,91
466,49	1480,68
466,70	1460,20
466,91	1581,03
467,12	1501,16
467,33	1462,25
467,55	1519,59
467,76	1435,63
467,97	1460,20
468,18	1439,72
468,39	1449,96
468,60	1529,83
468,81	1456,11
469,02	1452,01
469,23	1447,91
469,44	1505,26
469,65	1398,76
469,86	1419,24
470,07	1419,24
470,29	1550,31
470,50	1441,77
470,71	1454,06
470,92	1521,64
471,13	1468,39
471,34	1538,02
471,55	1464,30
471,76	1456,11
471,97	1429,48
472,18	1472,49
472,39	1468,39
472,60	1472,49
472,81	1495,02
473,02	1413,10
473,23	1511,40
473,44	1417,19
473,65	1396,71
473,87	1429,48
474,08	1556,46
474,29	1480,68
474,50	1497,07
474,71	1492,97
474,92	1529,83
475,13	1501,16
475,34	1503,21
475,55	1427,43
475,76	1415,15
475,97	1464,30
476,18	1509,35
476,39	1435,63
476,60	1505,26
476,81	1472,49
477,02	1404,91
477,23	1398,76
477,44	1497,07
477,65	1501,16
477,86	1501,16
478,07	1503,21
478,28	1499,11
478,49	1495,02
478,70	1490,92
478,91	1411,05
479,12	1443,82
479,33	1525,74
479,54	1400,81
479,75	1511,40
479,96	1398,76
480,17	1423,34
480,38	1452,01
480,59	1474,54
480,80	1527,78
481,01	1531,88
481,22	1474,54
481,43	1492,97
481,64	1570,79
481,85	1474,54
482,06	1441,77
482,27	1480,68
482,48	1556,46
482,69	1554,41
482,90	1449,96
483,11	1533,93
483,32	1452,01
483,53	1499,11
483,74	1478,63
483,95	1570,79
484,16	1466,35
484,37	1445,87
484,58	1505,26
484,79	1478,63
485,00	1527,78
485,21	1443,82
485,42	1353,71
485,63	1646,57
485,84	1415,15
486,05	1484,78
486,26	1470,44
486,47	1564,65
486,68	1581,03
486,89	1488,87
487,10	1421,29
487,31	1501,16
487,52	1564,65
487,73	1540,07
487,94	1478,63
488,15	1482,73
488,36	1521,64
488,57	1423,34
488,77	1452,01
488,98	1466,35
489,19	1366,00
489,40	1476,59
489,61	1476,59
489,82	1533,93
490,03	1478,63
490,24	1492,97
490,45	1587,18
490,66	1427,43
490,87	1482,73
491,08	1452,01
491,29	1544,17
491,50	1484,78
491,71	1435,63
491,92	1484,78
492,13	1456,11
492,33	1394,67
492,54	1503,21
492,75	1464,30
492,96	1419,24
493,17	1499,11
493,38	1382,38
493,59	1472,49
493,80	1601,51
494,01	1488,87
494,22	1544,17
494,43	1515,50
494,64	1441,77
494,85	1466,35
495,05	1486,83
495,26	1419,24
495,47	1578,98
495,68	1558,50
495,89	1501,16
496,10	1431,53
496,31	1560,55
496,52	1513,45
496,73	1531,88
496,94	1480,68
497,15	1634,28
497,35	1486,83
497,56	1515,50
497,77	1529,83
497,98	1499,11
498,19	1486,83
498,40	1509,35
498,61	1533,93
498,82	1460,20
499,03	1482,73
499,23	1490,92
499,44	1542,12
499,65	1531,88
499,86	1478,63
500,07	1542,12
500,28	1521,64
500,49	1585,13
500,70	1535,98
500,91	1515,50
501,11	1527,78
501,32	1447,91
501,53	1538,02
501,74	1445,87
501,95	1470,44
502,16	1533,93
502,37	1449,96
502,57	1492,97
502,78	1566,70
502,99	1456,11
503,20	1466,35
503,41	1560,55
503,62	1456,11
503,83	1527,78
504,03	1550,31
504,24	1501,16
504,45	1486,83
504,66	1396,71
504,87	1437,67
505,08	1527,78
505,29	1472,49
505,49	1464,30
505,70	1482,73
505,91	1548,26
506,12	1476,59
506,33	1488,87
506,54	1482,73
506,75	1601,51
506,95	1484,78
507,16	1513,45
507,37	1423,34
507,58	1515,50
507,79	1595,37
508,00	1488,87
508,20	1501,16
508,41	1484,78
508,62	1542,12
508,83	1466,35
509,04	1429,48
509,24	1595,37
509,45	1730,53
509,66	1470,44
509,87	1501,16
510,08	1492,97
510,29	1550,31
510,49	1556,46
510,70	1492,97
510,91	1558,50
511,12	1499,11
511,33	1439,72
511,53	1507,30
511,74	1421,29
511,95	1445,87
512,16	1527,78
512,37	1652,71
512,57	1540,07
512,78	1439,72
512,99	1497,07
513,20	1529,83
513,41	1544,17
513,61	1464,30
513,82	1519,59
514,03	1447,91
514,24	1472,49
514,45	1441,77
514,65	1441,77
514,86	1527,78
515,07	1452,01
515,28	1505,26
515,49	1523,69
515,69	1472,49
515,90	1568,74
516,11	1568,74
516,32	1472,49
516,52	1542,12
516,73	1593,32
516,94	1531,88
517,15	1484,78
517,36	1458,15
517,56	1497,07
517,77	1441,77
517,98	1511,40
518,19	1488,87
518,39	1495,02
518,60	1466,35
518,81	1517,54
519,02	1402,86
519,22	1456,11
519,43	1544,17
519,64	1527,78
519,85	1374,19
520,05	1480,68
520,26	1470,44
520,47	1564,65
520,68	1476,59
520,88	1480,68
521,09	1515,50
521,30	1488,87
521,51	1507,30
521,71	1519,59
521,92	1486,83
522,13	1501,16
522,34	1554,41
522,54	1492,97
522,75	1480,68
522,96	1411,05
523,17	1550,31
523,37	1519,59
523,58	1433,58
523,79	1468,39
523,99	1509,35
524,20	1531,88
524,41	1449,96
524,62	1626,09
524,82	1605,61
525,03	1484,78
525,24	1501,16
525,45	1519,59
525,65	1515,50
525,86	1556,46
526,07	1472,49
526,27	1452,01
526,48	1437,67
526,69	1574,89
526,90	1382,38
527,10	1611,75
527,31	1439,72
527,52	1464,30
527,72	1509,35
527,93	1562,60
528,14	1429,48
528,34	1447,91
528,55	1421,29
528,76	1562,60
528,97	1515,50
529,17	1480,68
529,38	1411,05
529,59	1548,26
529,79	1562,60
530,00	1576,94
530,21	1531,88
530,41	1437,67
530,62	1452,01
530,83	1570,79
531,03	1552,36
531,24	1511,40
531,45	1587,18
531,65	1447,91
531,86	1474,54
532,07	1576,94
532,27	1413,10
532,48	1482,73
532,69	1517,54
532,89	1460,20
533,10	1517,54
533,31	1478,63
533,51	1507,30
533,72	1464,30
533,93	1472,49
534,13	1560,55
534,34	1470,44
534,55	1544,17
534,75	1486,83
534,96	1511,40
535,17	1427,43
535,37	1566,70
535,58	1470,44
535,79	1511,40
535,99	1431,53
536,20	1507,30
536,41	1556,46
536,61	1443,82
536,82	1505,26
537,03	1521,64
537,23	1454,06
537,44	1478,63
537,64	1513,45
537,85	1527,78
538,06	1546,22
538,26	1621,99
538,47	1505,26
538,68	1492,97
538,88	1521,64
539,09	1480,68
539,30	1525,74
539,50	1513,45
539,71	1478,63
539,91	1597,42
540,12	1476,59
540,33	1490,92
540,53	1527,78
540,74	1476,59
540,94	1519,59
541,15	1550,31
541,36	1585,13
541,56	1538,02
541,77	1511,40
541,98	1603,56
542,18	1558,50
542,39	1607,66
542,59	1499,11
542,80	1503,21
543,01	1427,43
543,21	1454,06
543,42	1544,17
543,62	1503,21
543,83	1472,49
544,04	1511,40
544,24	1503,21
544,45	1380,33
544,65	1525,74
544,86	1472,49
545,06	1535,98
545,27	1533,93
545,48	1462,25
545,68	1558,50
545,89	1447,91
546,09	1472,49
546,30	1484,78
546,51	1538,02
546,71	1417,19
546,92	1470,44
547,12	1396,71
547,33	1505,26
547,53	1488,87
547,74	1548,26
547,95	1423,34
548,15	1396,71
548,36	1460,20
548,56	1546,22
548,77	1447,91
548,97	1492,97
549,18	1513,45
549,39	1439,72
549,59	1507,30
549,80	1507,30
550,00	1474,54
550,21	1499,11
550,41	1462,25
550,62	1482,73
550,82	1433,58
551,03	1402,86
551,23	1513,45
551,44	1529,83
551,65	1460,20
551,85	1552,36
552,06	1505,26
552,26	1558,50
552,47	1482,73
552,67	1529,83
552,88	1390,57
553,08	1593,32
553,29	1486,83
553,49	1449,96
553,70	1456,11
553,90	1507,30
554,11	1542,12
554,32	1488,87
554,52	1511,40
554,73	1435,63
554,93	1462,25
555,14	1386,47
555,34	1456,11
555,55	1538,02
555,75	1443,82
555,96	1460,20
556,16	1439,72
556,37	1513,45
556,57	1458,15
556,78	1478,63
556,98	1554,41
557,19	1558,50
557,39	1447,91
557,60	1476,59
557,80	1441,77
558,01	1548,26
558,21	1464,30
558,42	1492,97
558,62	1462,25
558,83	1523,69
559,03	1345,52
559,24	1447,91
559,44	1550,31
559,65	1439,72
559,85	1460,20
560,06	1546,22
560,26	1478,63
560,47	1497,07
560,67	1527,78
560,88	1488,87
561,08	1636,33
561,29	1599,46
561,49	1505,26
561,70	1538,02
561,90	1419,24
562,10	1445,87
562,31	1568,74
562,51	1492,97
562,72	1460,20
562,92	1462,25
563,13	1591,27
563,33	1525,74
563,54	1519,59
563,74	1542,12
563,95	1503,21
564,15	1542,12
564,36	1523,69
564,56	1505,26
564,76	1556,46
564,97	1429,48
565,17	1478,63
565,38	1531,88
565,58	1468,39
565,79	1429,48
565,99	1540,07
566,20	1578,98
566,40	1503,21
566,60	1654,76
566,81	1574,89
567,01	1540,07
567,22	1501,16
567,42	1454,06
567,63	1497,07
567,83	1529,83
568,04	1548,26
568,24	1478,63
568,44	1499,11
568,65	1497,07
568,85	1533,93
569,06	1562,60
569,26	1523,69
569,47	1492,97
569,67	1449,96
569,87	1525,74
570,08	1538,02
570,28	1511,40
570,49	1533,93
570,69	1562,60
570,89	1636,33
571,10	1531,88
571,30	1460,20
571,51	1523,69
571,71	1578,98
571,91	1548,26
572,12	1499,11
572,32	1578,98
572,53	1488,87
572,73	1677,29
572,93	1615,85
573,14	1562,60
573,34	1564,65
573,55	1585,13
573,75	1497,07
573,95	1480,68
574,16	1583,08
574,36	1443,82
574,57	1525,74
574,77	1482,73
574,97	1513,45
575,18	1529,83
575,38	1398,76
575,59	1478,63
575,79	1470,44
575,99	1560,55
576,20	1566,70
576,40	1535,98
576,60	1636,33
576,81	1525,74
577,01	1546,22
577,22	1591,27
577,42	1544,17
577,62	1535,98
577,83	1488,87
578,03	1507,30
578,23	1572,84
578,44	1605,61
578,64	1542,12
578,84	1468,39
579,05	1560,55
579,25	1578,98
579,45	1517,54
579,66	1497,07
579,86	1540,07
580,07	1591,27
580,27	1468,39
580,47	1435,63
580,68	1499,11
580,88	1456,11
581,08	1507,30
581,29	1415,15
581,49	1529,83
581,69	1531,88
581,90	1480,68
582,10	1490,92
582,30	1460,20
582,51	1583,08
582,71	1495,02
582,91	1529,83
583,12	1570,79
583,32	1531,88
583,52	1519,59
583,73	1482,73
583,93	1492,97
584,13	1460,20
584,34	1490,92
584,54	1525,74
584,74	1447,91
584,94	1527,78
585,15	1466,35
585,35	1578,98
585,55	1492,97
585,76	1419,24
585,96	1519,59
586,16	1646,57
586,37	1523,69
586,57	1476,59
586,77	1435,63
586,98	1521,64
587,18	1583,08
587,38	1542,12
587,58	1531,88
587,79	1566,70
587,99	1480,68
588,19	1456,11
588,40	1505,26
588,60	1632,23
588,80	1558,50
589,00	1568,74
589,21	1560,55
589,41	1503,21
589,61	1529,83
589,82	1554,41
590,02	1456,11
590,22	1570,79
590,42	1566,70
590,63	1562,60
590,83	1480,68
591,03	1566,70
591,23	1566,70
591,44	1515,50
591,64	1538,02
591,84	1447,91
592,05	1599,46
592,25	1556,46
592,45	1550,31
592,65	1474,54
592,86	1513,45
593,06	1538,02
593,26	1499,11
593,46	1607,66
593,67	1480,68
593,87	1624,04
594,07	1542,12
594,27	1554,41
594,48	1525,74
594,68	1492,97
594,88	1521,64
595,08	1441,77
595,29	1574,89
595,49	1603,56
595,69	1585,13
595,89	1458,15
596,10	1650,66
596,30	1587,18
596,50	1466,35
596,70	1578,98
596,90	1519,59
597,11	1443,82
597,31	1468,39
597,51	1529,83
597,71	1593,32
597,92	1578,98
598,12	1638,38
598,32	1624,04
598,52	1513,45
598,72	1511,40
598,93	1566,70
599,13	1665,00
599,33	1576,94
599,53	1570,79
599,74	1492,97
599,94	1556,46
600,14	1521,64
600,34	1576,94
600,54	1533,93
600,75	1615,85
600,95	1515,50
601,15	1501,16
601,35	1533,93
601,55	1501,16
601,76	1552,36
601,96	1605,61
602,16	1568,74
602,36	1601,51
602,56	1519,59
602,76	1497,07
602,97	1525,74
603,17	1544,17
603,37	1558,50
603,57	1515,50
603,77	1464,30
603,98	1562,60
604,18	1466,35
604,38	1581,03
604,58	1503,21
604,78	1533,93
604,98	1507,30
605,19	1558,50
605,39	1464,30
605,59	1509,35
605,79	1560,55
605,99	1517,54
606,19	1505,26
606,40	1449,96
606,60	1458,15
606,80	1495,02
607,00	1552,36
607,20	1507,30
607,40	1480,68
607,61	1521,64
607,81	1535,98
608,01	1605,61
608,21	1591,27
608,41	1601,51
608,61	1568,74
608,81	1445,87
609,02	1523,69
609,22	1466,35
609,42	1540,07
609,62	1486,83
609,82	1472,49
610,02	1601,51
610,22	1560,55
610,43	1470,44
610,63	1513,45
610,83	1533,93
611,03	1570,79
611,23	1546,22
611,43	1521,64
611,63	1538,02
611,83	1490,92
612,04	1564,65
612,24	1611,75
612,44	1472,49
612,64	1560,55
612,84	1521,64
613,04	1564,65
613,24	1574,89
613,44	1533,93
613,64	1669,09
613,85	1468,39
614,05	1507,30
614,25	1519,59
614,45	1458,15
614,65	1644,52
614,85	1470,44
615,05	1503,21
615,25	1630,18
615,45	1570,79
615,65	1505,26
615,86	1505,26
616,06	1499,11
616,26	1484,78
616,46	1548,26
616,66	1423,34
616,86	1603,56
617,06	1566,70
617,26	1550,31
617,46	1581,03
617,66	1589,22
617,86	1619,94
618,07	1591,27
618,27	1687,53
618,47	1521,64
618,67	1605,61
618,87	1523,69
619,07	1603,56
619,27	1615,85
619,47	1601,51
619,67	1632,23
619,87	1568,74
620,07	1603,56
620,27	1619,94
620,47	1589,22
620,67	1574,89
620,87	1595,37
621,07	1646,57
621,28	1615,85
621,48	1669,09
621,68	1642,47
621,88	1617,90
622,08	1626,09
622,28	1599,46
622,48	1703,91
622,68	1607,66
622,88	1544,17
623,08	1667,05
623,28	1644,52
623,48	1685,48
623,68	1611,75
623,88	1544,17
624,08	1667,05
624,28	1546,22
624,48	1697,77
624,68	1570,79
624,88	1607,66
625,08	1646,57
625,28	1689,57
625,48	1710,05
625,68	1558,50
625,88	1613,80
626,08	1587,18
626,28	1632,23
626,48	1544,17
626,68	1675,24
626,88	1607,66
627,08	1689,57
627,28	1701,86
627,48	1693,67
627,68	1640,42
627,88	1671,14
628,08	1638,38
628,28	1589,22
628,49	1632,23
628,68	1572,84
628,88	1617,90
629,08	1654,76
629,28	1669,09
629,48	1599,46
629,68	1720,29
629,88	1650,66
630,08	1691,62
630,28	1583,08
630,48	1658,85
630,68	1605,61
630,88	1626,09
631,08	1566,70
631,28	1636,33
631,48	1644,52
631,68	1628,14
631,88	1611,75
632,08	1699,81
632,28	1685,48
632,48	1712,10
632,68	1572,84
632,88	1671,14
633,08	1671,14
633,28	1574,89
633,48	1738,73
633,68	1740,77
633,88	1687,53
634,08	1712,10
634,28	1634,28
634,48	1736,68
634,68	1708,01
634,88	1746,92
635,08	1605,61
635,28	1636,33
635,48	1632,23
635,68	1621,99
635,87	1685,48
636,07	1722,34
636,27	1775,59
636,47	1730,53
636,67	1558,50
636,87	1691,62
637,07	1710,05
637,27	1621,99
637,47	1650,66
637,67	1736,68
637,87	1667,05
638,07	1812,45
638,27	1609,70
638,47	1703,91
638,67	1667,05
638,86	1732,58
639,06	1634,28
639,26	1783,78
639,46	1662,95
639,66	1644,52
639,86	1654,76
640,06	1665,00
640,26	1665,00
640,46	1734,63
640,66	1681,38
640,86	1734,63
641,06	1671,14
641,25	1722,34
641,45	1771,49
641,65	1648,61
641,85	1671,14
642,05	1689,57
642,25	1628,14
642,45	1679,33
642,65	1689,57
642,85	1710,05
643,05	1691,62
643,24	1812,45
643,44	1626,09
643,64	1757,16
643,84	1718,25
644,04	1740,77
644,24	1736,68
644,44	1685,48
644,64	1652,71
644,84	1705,96
645,03	1757,16
645,23	1673,19
645,43	1730,53
645,63	1857,51
645,83	1636,33
646,03	1779,68
646,23	1714,15
646,42	1849,32
646,62	1757,16
646,82	1751,01
647,02	1736,68
647,22	1726,44
647,42	1714,15
647,62	1791,97
647,82	1652,71
648,01	1884,13
648,21	1644,52
648,41	1751,01
648,61	1718,25
648,81	1808,36
649,01	1767,40
649,20	1753,06
649,40	1730,53
649,60	1650,66
649,80	1736,68
650,00	1687,53
650,20	1769,44
650,40	1714,15
650,59	1658,85
650,79	1755,11
650,99	1806,31
651,19	1734,63
651,39	1800,16
651,58	1765,35
651,78	1775,59
651,98	1738,73
652,18	1710,05
652,38	1703,91
652,58	1685,48
652,77	1726,44
652,97	1777,64
653,17	1783,78
653,37	1751,01
653,57	1828,84
653,77	1824,74
653,96	1718,25
654,16	1722,34
654,36	1738,73
654,56	1779,68
654,76	1808,36
654,95	1695,72
655,15	1712,10
655,35	1701,86
655,55	1714,15
655,75	1738,73
655,94	1728,49
656,14	1665,00
656,34	1812,45
656,54	1691,62
656,73	1757,16
656,93	1701,86
657,13	1851,36
657,33	1837,03
657,53	1775,59
657,72	1806,31
657,92	1806,31
658,12	1751,01
658,32	1847,27
658,52	1755,11
658,71	1820,64
658,91	1730,53
659,11	1785,83
659,31	1789,92
659,50	1773,54
659,70	1798,12
659,90	1834,98
660,10	1744,87
660,29	1748,97
660,49	1808,36
660,69	1920,99
660,89	1765,35
661,08	1861,60
661,28	1742,82
661,48	1740,77
661,68	1761,25
661,87	1871,84
662,07	1714,15
662,27	1839,08
662,47	1777,64
662,66	1851,36
662,86	1660,90
663,06	1751,01
663,26	1712,10
663,45	1812,45
663,65	1837,03
663,85	1853,41
664,05	1771,49
664,24	1851,36
664,44	1806,31
664,64	1789,92
664,84	1832,93
665,03	1906,66
665,23	1730,53
665,43	1789,92
665,62	1796,07
665,82	1806,31
666,02	1857,51
666,22	1820,64
666,41	1759,21
666,61	1806,31
666,81	1855,46
667,00	1802,21
667,20	1777,64
667,40	1826,79
667,60	1761,25
667,79	1789,92
667,99	1800,16
668,19	1845,22
668,38	1759,21
668,58	1769,44
668,78	1728,49
668,97	1875,94
669,17	1759,21
669,37	1785,83
669,57	1626,09
669,76	1769,44
669,96	1775,59
670,16	1765,35
670,35	1701,86
670,55	1722,34
670,75	1722,34
670,94	1820,64
671,14	1744,87
671,34	1800,16
671,53	1658,85
671,73	1746,92
671,93	1791,97
672,12	1609,70
672,32	1746,92
672,52	1621,99
672,71	1722,34
672,91	1789,92
673,11	1777,64
673,30	1695,72
673,50	1699,81
673,70	1630,18
673,89	1566,70
674,09	1708,01
674,29	1550,31
674,48	1660,90
674,68	1759,21
674,88	1675,24
675,07	1687,53
675,27	1636,33
675,46	1638,38
675,66	1626,09
675,86	1609,70
676,05	1708,01
676,25	1660,90
676,45	1679,33
676,64	1648,61
676,84	1634,28
677,04	1652,71
677,23	1716,20
677,43	1640,42
677,62	1718,25
677,82	1708,01
678,02	1665,00
678,21	1710,05
678,41	1634,28
678,61	1601,51
678,80	1761,25
679,00	1695,72
679,19	1681,38
679,39	1728,49
679,59	1646,57
679,78	1652,71
679,98	1644,52
680,17	1630,18
680,37	1644,52
680,57	1697,77
680,76	1732,58
680,96	1697,77
681,16	1642,47
681,35	1712,10
681,55	1636,33
681,74	1685,48
681,94	1638,38
682,13	1695,72
682,33	1773,54
682,53	1683,43
682,72	1640,42
682,92	1658,85
683,11	1693,67
683,31	1722,34
683,51	1738,73
683,70	1638,38
683,90	1673,19
684,09	1695,72
684,29	1746,92
684,48	1665,00
684,68	1791,97
684,88	1761,25
685,07	1699,81
685,27	1742,82
685,46	1693,67
685,66	1765,35
685,85	1701,86
686,05	1826,79
686,25	1746,92
686,44	1701,86
686,64	1791,97
686,83	1769,44
687,03	1859,56
687,22	1740,77
687,42	1736,68
687,61	1929,19
687,81	1632,23
688,01	1828,84
688,20	1701,86
688,40	1740,77
688,59	1763,30
688,79	1804,26
688,98	1802,21
689,18	1767,40
689,37	1837,03
689,57	1849,32
689,76	1775,59
689,96	1849,32
690,15	1796,07
690,35	1789,92
690,54	1855,46
690,74	1890,28
690,94	1767,40
691,13	1859,56
691,33	1839,08
691,52	1769,44
691,72	1996,77
691,91	1837,03
692,11	1947,62
692,30	1832,93
692,50	1843,17
692,69	1820,64
692,89	1796,07
693,08	1828,84
693,28	1834,98
693,47	1843,17
693,67	1966,05
693,86	1806,31
694,06	1826,79
694,25	1779,68
694,45	1808,36
694,64	1839,08
694,84	1839,08
695,03	1820,64
695,23	1775,59
695,42	1867,75
695,62	1834,98
695,81	1908,71
696,01	1859,56
696,20	1779,68
696,40	1890,28
696,59	1740,77
696,78	1847,27
696,98	1898,47
697,17	1681,38
697,37	1894,37
697,56	1806,31
697,76	1816,55
697,95	1755,11
698,15	1810,40
698,34	1753,06
698,54	1703,91
698,73	1787,88
698,93	1701,86
699,12	1681,38
699,32	1667,05
699,51	1695,72
699,70	1572,84
699,90	1734,63
700,09	1736,68
700,29	1607,66
700,48	1558,50
700,68	1628,14
700,87	1642,47
701,07	1544,17
701,26	1599,46
701,45	1554,41
701,65	1576,94
701,84	1513,45
702,04	1550,31
702,23	1562,60
702,43	1480,68
702,62	1595,37
702,81	1617,90
703,01	1548,26
703,20	1560,55
703,40	1499,11
703,59	1484,78
703,79	1478,63
703,98	1478,63
704,17	1492,97
704,37	1454,06
704,56	1490,92
704,76	1511,40
704,95	1546,22
705,14	1411,05
705,34	1439,72
705,53	1431,53
705,73	1390,57
705,92	1513,45
706,11	1497,07
706,31	1390,57
706,50	1578,98
706,70	1449,96
706,89	1464,30
707,08	1484,78
707,28	1417,19
707,47	1435,63
707,67	1417,19
707,86	1445,87
708,05	1533,93
708,25	1433,58
708,44	1339,37
708,64	1437,67
708,83	1337,32
709,02	1415,15
709,22	1482,73
709,41	1421,29
709,60	1447,91
709,80	1460,20
709,99	1492,97
710,19	1466,35
710,38	1435,63
710,57	1351,66
710,77	1417,19
710,96	1394,67
711,15	1329,13
711,35	1509,35
711,54	1417,19
711,73	1480,68
711,93	1419,24
712,12	1474,54
712,31	1388,52
712,51	1396,71
712,70	1423,34
712,89	1359,85
713,09	1394,67
713,28	1384,43
713,48	1406,95
713,67	1404,91
713,86	1523,69
714,06	1376,24
714,25	1353,71
714,44	1345,52
714,64	1470,44
714,83	1357,80
715,02	1439,72
715,22	1466,35
715,41	1527,78
715,60	1349,61
715,79	1425,39
715,99	1449,96
716,18	1513,45
716,37	1388,52
716,57	1413,10
716,76	1464,30
716,95	1435,63
717,15	1421,29
717,34	1376,24
717,53	1382,38
717,73	1439,72
717,92	1437,67
718,11	1433,58
718,31	1388,52
718,50	1472,49
718,69	1304,56
718,88	1513,45
719,08	1386,47
719,27	1411,05
719,46	1413,10
719,66	1513,45
719,85	1433,58
720,04	1476,59
720,23	1386,47
720,43	1337,32
720,62	1398,76
720,81	1335,28
721,01	1492,97
721,20	1421,29
721,39	1443,82
721,58	1417,19
721,78	1396,71
721,97	1404,91
722,16	1339,37
722,35	1435,63
722,55	1370,09
722,74	1433,58
722,93	1433,58
723,13	1363,95
723,32	1474,54
723,51	1357,80
723,70	1378,28
723,90	1413,10
724,09	1402,86
724,28	1316,84
724,47	1406,95
724,67	1404,91
724,86	1413,10
725,05	1320,94
725,24	1351,66
725,44	1501,16
725,63	1339,37
725,82	1384,43
726,01	1392,62
726,21	1495,02
726,40	1392,62
726,59	1398,76
726,78	1400,81
726,97	1339,37
727,17	1396,71
727,36	1368,04
727,55	1368,04
727,74	1425,39
727,94	1402,86
728,13	1441,77
728,32	1347,56
728,51	1417,19
728,70	1306,60
728,90	1421,29
729,09	1509,35
729,28	1421,29
729,47	1396,71
729,66	1394,67
729,86	1411,05
730,05	1372,14
730,24	1400,81
730,43	1423,34
730,63	1409,00
730,82	1437,67
731,01	1400,81
731,20	1431,53
731,39	1325,04
731,58	1386,47
731,78	1404,91
731,97	1437,67
732,16	1392,62
732,35	1366,00
732,54	1447,91
732,74	1423,34
732,93	1376,24
733,12	1337,32
733,31	1462,25
733,50	1370,09
733,69	1429,48
733,89	1486,83
734,08	1480,68
734,27	1417,19
734,46	1429,48
734,65	1417,19
734,84	1423,34
735,04	1480,68
735,23	1427,43
735,42	1357,80
735,61	1304,56
735,80	1460,20
735,99	1329,13
736,19	1431,53
736,38	1390,57
736,57	1394,67
736,76	1363,95
736,95	1480,68
737,14	1329,13
737,33	1441,77
737,53	1431,53
737,72	1366,00
737,91	1363,95
738,10	1486,83
738,29	1390,57
738,48	1468,39
738,67	1437,67
738,87	1443,82
739,06	1429,48
739,25	1511,40
739,44	1470,44
739,63	1458,15
739,82	1376,24
740,01	1366,00
740,20	1505,26
740,40	1419,24
740,59	1402,86
740,78	1437,67
740,97	1460,20
741,16	1449,96
741,35	1458,15
741,54	1509,35
741,73	1413,10
741,92	1392,62
742,12	1456,11
742,31	1419,24
742,50	1460,20
742,69	1427,43
742,88	1404,91
743,07	1419,24
743,26	1390,57
743,45	1466,35
743,64	1425,39
743,83	1431,53
744,02	1425,39
744,22	1429,48
744,41	1488,87
744,60	1472,49
744,79	1464,30
744,98	1447,91
745,17	1384,43
745,36	1454,06
745,55	1492,97
745,74	1486,83
745,93	1505,26
746,12	1349,61
746,31	1433,58
746,50	1431,53
746,70	1449,96
746,89	1486,83
747,08	1406,95
747,27	1431,53
747,46	1472,49
747,65	1499,11
747,84	1431,53
748,03	1396,71
748,22	1423,34
748,41	1443,82
748,60	1435,63
748,79	1329,13
748,98	1402,86
749,17	1431,53
749,36	1429,48
749,55	1441,77
749,74	1482,73
749,93	1478,63
750,12	1503,21
750,31	1437,67
750,50	1435,63
750,70	1462,25
750,89	1482,73
751,08	1505,26
751,27	1505,26
751,46	1562,60
751,65	1417,19
751,84	1429,48
752,03	1398,76
752,22	1529,83
752,41	1495,02
752,60	1413,10
752,79	1513,45
752,98	1546,22
753,17	1474,54
753,36	1490,92
753,55	1466,35
753,74	1429,48
753,93	1597,42
754,12	1394,67
754,31	1593,32
754,50	1517,54
754,69	1400,81
754,88	1511,40
755,07	1476,59
755,26	1519,59
755,45	1468,39
755,64	1572,84
755,83	1476,59
756,02	1484,78
756,21	1474,54
756,40	1476,59
756,59	1376,24
756,78	1462,25
756,97	1517,54
757,16	1492,97
757,35	1552,36
757,54	1417,19
757,72	1523,69
757,91	1517,54
758,10	1470,44
758,29	1433,58
758,48	1572,84
758,67	1470,44
758,86	1550,31
759,05	1589,22
759,24	1538,02
759,43	1574,89
759,62	1544,17
759,81	1519,59
760,00	1658,85
760,19	1492,97
760,38	1585,13
760,57	1550,31
760,76	1599,46
760,95	1513,45
761,14	1548,26
761,33	1550,31
761,52	1634,28
761,70	1615,85
761,89	1458,15
762,08	1554,41
762,27	1546,22
762,46	1544,17
762,65	1554,41
762,84	1597,42
763,03	1558,50
763,22	1634,28
763,41	1601,51
763,60	1609,70
763,79	1554,41
763,98	1568,74
764,16	1527,78
764,35	1626,09
764,54	1646,57
764,73	1538,02
764,92	1611,75
765,11	1699,81
765,30	1609,70
765,49	1550,31
765,68	1607,66
765,87	1619,94
766,06	1632,23
766,24	1667,05
766,43	1740,77
766,62	1628,14
766,81	1638,38
767,00	1714,15
767,19	1589,22
767,38	1781,73
767,57	1568,74
767,76	1581,03
767,94	1683,43
768,13	1568,74
768,32	1824,74
768,51	1621,99
768,70	1712,10
768,89	1787,88
769,08	1673,19
769,27	1675,24
769,45	1628,14
769,64	1773,54
769,83	1798,12
770,02	1648,61
770,21	1837,03
770,40	1779,68
770,59	1808,36
770,77	1804,26
770,96	1861,60
771,15	1798,12
771,34	1816,55
771,53	1964,00
771,72	1920,99
771,91	1710,05
772,09	1847,27
772,28	1822,69
772,47	1755,11
772,66	1902,56
772,85	1744,87
773,04	1855,46
773,22	2029,54
773,41	1802,21
773,60	1787,88
773,79	1873,89
773,98	1939,43
774,17	1808,36
774,35	1716,20
774,54	1847,27
774,73	1882,08
774,92	1980,39
775,11	1968,10
775,30	1951,71
775,48	1984,48
775,67	1910,75
775,86	2025,44
776,05	2017,25
776,24	1996,77
776,42	1968,10
776,61	2162,66
776,80	1916,90
776,99	1939,43
777,18	2035,68
777,36	1968,10
777,55	2007,01
777,74	2052,06
777,93	1974,24
778,12	1976,29
778,30	2009,06
778,49	2109,41
778,68	2158,56
778,87	2025,44
779,06	1953,76
779,24	2025,44
779,43	1902,56
779,62	2029,54
779,81	1890,28
779,99	1988,58
780,18	2019,30
780,37	2058,21
780,56	1933,28
780,75	1994,72
780,93	1900,52
781,12	2033,63
781,31	2002,91
781,50	2009,06
781,68	1822,69
781,87	1884,13
782,06	1849,32
782,25	1970,15
782,43	1890,28
782,62	1968,10
782,81	1789,92
783,00	1918,95
783,18	1787,88
783,37	1796,07
783,56	1812,45
783,75	1941,47
783,93	1777,64
784,12	1886,18
784,31	1892,32
784,50	1812,45
784,68	1687,53
784,87	1748,97
785,06	1734,63
785,24	1806,31
785,43	1812,45
785,62	1767,40
785,81	1628,14
785,99	1728,49
786,18	1685,48
786,37	1634,28
786,56	1601,51
786,74	1634,28
786,93	1572,84
787,12	1662,95
787,30	1542,12
787,49	1638,38
787,68	1564,65
787,87	1638,38
788,05	1605,61
788,24	1525,74
788,43	1466,35
788,61	1689,57
788,80	1576,94
788,99	1492,97
789,17	1558,50
789,36	1507,30
789,55	1599,46
789,73	1587,18
789,92	1515,50
790,11	1505,26
790,30	1513,45
790,48	1458,15
790,67	1546,22
790,86	1599,46
791,04	1501,16
791,23	1552,36
791,42	1482,73
791,60	1484,78
791,79	1497,07
791,98	1462,25
792,16	1472,49
792,35	1456,11
792,54	1497,07
792,72	1499,11
792,91	1495,02
793,10	1435,63
793,28	1417,19
793,47	1497,07
793,66	1497,07
793,84	1447,91
794,03	1353,71
794,22	1564,65
794,40	1458,15
794,59	1486,83
794,77	1357,80
794,96	1445,87
795,15	1423,34
795,33	1449,96
795,52	1433,58
795,71	1511,40
795,89	1390,57
796,08	1480,68
796,27	1515,50
796,45	1411,05
796,64	1361,90
796,82	1417,19
797,01	1402,86
797,20	1460,20
797,38	1427,43
797,57	1347,56
797,76	1427,43
797,94	1503,21
798,13	1503,21
798,31	1376,24
798,50	1452,01
798,69	1478,63
798,87	1368,04
799,06	1370,09
799,24	1427,43
799,43	1431,53
799,62	1417,19
799,80	1325,04
799,99	1400,81
800,17	1433,58
800,36	1439,72
800,55	1368,04
800,73	1486,83
800,92	1419,24
801,10	1423,34
801,29	1382,38
801,48	1402,86
801,66	1353,71
801,85	1361,90
802,03	1374,19
802,22	1423,34
802,40	1400,81
802,59	1392,62
802,78	1390,57
802,96	1462,25
803,15	1521,64
803,33	1374,19
803,52	1406,95
803,70	1419,24
803,89	1363,95
804,08	1376,24
804,26	1400,81
804,45	1396,71
804,63	1374,19
804,82	1411,05
805,00	1394,67
805,19	1439,72
805,37	1390,57
805,56	1513,45
805,74	1472,49
805,93	1411,05
806,12	1390,57
806,30	1400,81
806,49	1466,35
806,67	1427,43
806,86	1320,94
807,04	1409,00
807,23	1441,77
807,41	1386,47
807,60	1468,39
807,78	1419,24
807,97	1665,00
808,15	1357,80
808,34	1349,61
808,52	1349,61
808,71	1443,82
808,89	1411,05
809,08	1423,34
809,27	1431,53
809,45	1374,19
809,64	1431,53
809,82	1437,67
810,01	1421,29
810,19	1466,35
810,38	1437,67
810,56	1363,95
810,75	1431,53
810,93	1380,33
811,12	1368,04
811,30	1409,00
811,49	1374,19
811,67	1466,35
811,85	1460,20
812,04	1333,23
812,22	1411,05
812,41	1435,63
812,59	1445,87
812,78	1392,62
812,96	1417,19
813,15	1409,00
813,33	1392,62
813,52	1417,19
813,70	1433,58
813,89	1390,57
814,07	1417,19
814,26	1423,34
814,44	1372,14
814,63	1421,29
814,81	1429,48
815,00	1349,61
815,18	1429,48
815,36	1433,58
815,55	1396,71
815,73	1353,71
815,92	1486,83
816,10	1564,65
816,29	1464,30
816,47	1327,08
816,66	1415,15
816,84	1452,01
817,02	1382,38
817,21	1427,43
817,39	1423,34
817,58	1384,43
817,76	1366,00
817,95	1452,01
818,13	1337,32
818,32	1325,04
818,50	1458,15
818,68	1376,24
818,87	1429,48
819,05	1445,87
819,24	1376,24
819,42	1474,54
819,60	1423,34
819,79	1392,62
819,97	1394,67
820,16	1400,81
820,34	1333,23
820,53	1413,10
820,71	1351,66
820,89	1472,49
821,08	1394,67
821,26	1368,04
821,45	1347,56
821,63	1376,24
821,81	1427,43
822,00	1417,19
822,18	1404,91
822,37	1478,63
822,55	1433,58
822,73	1339,37
822,92	1513,45
823,10	1361,90
823,28	1347,56
823,47	1337,32
823,65	1406,95
823,84	1398,76
824,02	1441,77
824,20	1359,85
824,39	1431,53
824,57	1439,72
824,75	1462,25
824,94	1423,34
825,12	1456,11
825,31	1421,29
825,49	1441,77
825,67	1447,91
825,86	1431,53
826,04	1452,01
826,22	1396,71
826,41	1550,31
826,59	1419,24
826,77	1449,96
826,96	1460,20
827,14	1357,80
827,32	1333,23
827,51	1390,57
827,69	1505,26
827,87	1476,59
828,06	1501,16
828,24	1386,47
828,42	1413,10
828,61	1404,91
828,79	1390,57
828,97	1392,62
829,16	1452,01
829,34	1337,32
829,52	1452,01
829,71	1462,25
829,89	1427,43
830,07	1452,01
830,26	1456,11
830,44	1357,80
830,62	1572,84
830,81	1447,91
830,99	1454,06
831,17	1497,07
831,36	1472,49
831,54	1431,53
831,72	1417,19
831,91	1382,38
832,09	1404,91
832,27	1316,84
832,45	1300,46
832,64	1288,17
832,82	1470,44
833,00	1398,76
833,19	1406,95
833,37	1433,58
833,55	1339,37
833,73	1400,81
833,92	1517,54
834,10	1390,57
834,28	1456,11
834,47	1503,21
834,65	1419,24
834,83	1482,73
835,01	1415,15
835,20	1325,04
835,38	1396,71
835,56	1343,47
835,74	1429,48
835,93	1492,97
836,11	1495,02
836,29	1357,80
836,47	1411,05
836,66	1402,86
836,84	1413,10
837,02	1423,34
837,21	1531,88
837,39	1419,24
837,57	1484,78
837,75	1478,63
837,94	1411,05
838,12	1388,52
838,30	1413,10
838,48	1357,80
838,66	1390,57
838,85	1402,86
839,03	1445,87
839,21	1355,76
839,39	1355,76
839,58	1337,32
839,76	1398,76
839,94	1425,39
840,12	1400,81
840,31	1486,83
840,49	1468,39
840,67	1394,67
840,85	1363,95
841,03	1470,44
841,22	1406,95
841,40	1386,47
841,58	1478,63
841,76	1361,90
841,94	1402,86
842,13	1468,39
842,31	1351,66
842,49	1388,52
842,67	1388,52
842,85	1435,63
843,04	1400,81
843,22	1447,91
843,40	1409,00
843,58	1423,34
843,76	1445,87
843,95	1370,09
844,13	1447,91
844,31	1390,57
844,49	1464,30
844,67	1314,80
844,86	1449,96
845,04	1378,28
845,22	1310,70
845,40	1421,29
845,58	1503,21
845,76	1304,56
845,95	1402,86
846,13	1306,60
846,31	1441,77
846,49	1458,15
846,67	1394,67
846,85	1431,53
847,04	1458,15
847,22	1361,90
847,40	1492,97
847,58	1325,04
847,76	1443,82
847,94	1392,62
848,12	1490,92
848,31	1406,95
848,49	1394,67
848,67	1388,52
848,85	1495,02
849,03	1406,95
849,21	1497,07
849,39	1419,24
849,58	1484,78
849,76	1441,77
849,94	1474,54
850,12	1417,19
850,30	1388,52
850,48	1468,39
850,66	1488,87
850,84	1454,06
851,03	1486,83
851,21	1384,43
851,39	1429,48
851,57	1445,87
851,75	1427,43
851,93	1404,91
852,11	1470,44
852,29	1423,34
852,47	1460,20
852,66	1411,05
852,84	1400,81
853,02	1449,96
853,20	1460,20
853,38	1464,30
853,56	1490,92
853,74	1443,82
853,92	1460,20
854,10	1417,19
854,28	1419,24
854,46	1417,19
854,65	1409,00
854,83	1308,65
855,01	1427,43
855,19	1388,52
855,37	1429,48
855,55	1456,11
855,73	1511,40
855,91	1464,30
856,09	1449,96
856,27	1411,05
856,45	1419,24
856,63	1372,14
856,81	1462,25
857,00	1406,95
857,18	1388,52
857,36	1456,11
857,54	1429,48
857,72	1474,54
857,90	1458,15
858,08	1443,82
858,26	1521,64
858,44	1394,67
858,62	1460,20
858,80	1396,71
858,98	1458,15
859,16	1417,19
859,34	1431,53
859,52	1439,72
859,70	1495,02
859,88	1386,47
860,06	1386,47
860,24	1462,25
860,42	1423,34
860,60	1501,16
860,78	1390,57
860,96	1458,15
861,14	1435,63
861,32	1480,68
861,50	1476,59
861,69	1431,53
861,87	1460,20
862,05	1423,34
862,23	1374,19
862,41	1425,39
862,59	1406,95
862,77	1406,95
862,95	1439,72
863,13	1429,48
863,31	1386,47
863,49	1435,63
863,67	1398,76
863,85	1441,77
864,03	1495,02
864,21	1423,34
864,39	1480,68
864,57	1519,59
864,75	1439,72
864,92	1525,74
865,10	1413,10
865,28	1349,61
865,46	1394,67
865,64	1419,24
865,82	1429,48
866,00	1396,71
866,18	1529,83
866,36	1345,52
866,54	1529,83
866,72	1447,91
866,90	1396,71
867,08	1374,19
867,26	1449,96
867,44	1419,24
867,62	1429,48
867,80	1392,62
867,98	1546,22
868,16	1435,63
868,34	1544,17
868,52	1304,56
868,70	1447,91
868,88	1439,72
869,06	1472,49
869,24	1490,92
869,42	1386,47
869,59	1431,53
869,77	1415,15
869,95	1488,87
870,13	1486,83
870,31	1394,67
870,49	1468,39
870,67	1462,25
870,85	1388,52
871,03	1460,20
871,21	1572,84
871,39	1417,19
871,57	1452,01
871,75	1456,11
871,92	1454,06
872,10	1355,76
872,28	1343,47
872,46	1417,19
872,64	1503,21
872,82	1419,24
873,00	1384,43
873,18	1398,76
873,36	1427,43
873,54	1372,14
873,72	1394,67
873,89	1390,57
874,07	1419,24
874,25	1431,53
874,43	1417,19
874,61	1398,76
874,79	1427,43
874,97	1413,10
875,15	1423,34
875,33	1333,23
875,50	1464,30
875,68	1409,00
875,86	1482,73
876,04	1456,11
876,22	1460,20
876,40	1474,54
876,58	1413,10
876,76	1454,06
876,93	1441,77
877,11	1357,80
877,29	1445,87
877,47	1431,53
877,65	1517,54
877,83	1476,59
878,01	1452,01
878,18	1409,00
878,36	1423,34
878,54	1413,10
878,72	1380,33
878,90	1380,33
879,08	1472,49
879,25	1431,53
879,43	1454,06
879,61	1363,95
879,79	1423,34
879,97	1345,52
880,15	1441,77
880,32	1345,52
880,50	1458,15
880,68	1433,58
880,86	1413,10
881,04	1417,19
881,22	1456,11
881,39	1454,06
881,57	1517,54
881,75	1427,43
881,93	1505,26
882,11	1427,43
882,28	1472,49
882,46	1415,15
882,64	1423,34
882,82	1417,19
883,00	1466,35
883,18	1447,91
883,35	1482,73
883,53	1398,76
883,71	1466,35
883,89	1433,58
884,07	1435,63
884,24	1419,24
884,42	1351,66
884,60	1435,63
884,78	1511,40
884,95	1464,30
885,13	1363,95
885,31	1398,76
885,49	1335,28
885,67	1370,09
885,84	1501,16
886,02	1382,38
886,20	1454,06
886,38	1361,90
886,55	1382,38
886,73	1404,91
886,91	1355,76
887,09	1341,42
887,26	1341,42
887,44	1406,95
887,62	1501,16
887,80	1345,52
887,98	1466,35
888,15	1499,11
888,33	1351,66
888,51	1482,73
888,69	1492,97
888,86	1468,39
889,04	1484,78
889,22	1406,95
889,39	1501,16
889,57	1425,39
889,75	1372,14
889,93	1499,11
890,10	1439,72
890,28	1435,63
890,46	1425,39
890,64	1466,35
890,81	1454,06
890,99	1341,42
891,17	1406,95
891,34	1431,53
891,52	1484,78
891,70	1390,57
891,88	1394,67
892,05	1392,62
892,23	1468,39
892,41	1402,86
892,58	1347,56
892,76	1431,53
892,94	1535,98
893,12	1519,59
893,29	1341,42
893,47	1378,28
893,65	1357,80
893,82	1419,24
894,00	1394,67
894,18	1406,95
894,35	1441,77
894,53	1435,63
894,71	1435,63
894,89	1378,28
895,06	1390,57
895,24	1353,71
895,42	1378,28
895,59	1409,00
895,77	1429,48
895,95	1370,09
896,12	1390,57
896,30	1409,00
896,48	1394,67
896,65	1495,02
896,83	1351,66
897,01	1402,86
897,18	1456,11
897,36	1482,73
897,54	1402,86
897,71	1413,10
897,89	1443,82
898,07	1390,57
898,24	1423,34
898,42	1294,32
898,59	1482,73
898,77	1449,96
898,95	1431,53
899,12	1495,02
899,30	1388,52
899,48	1437,67
899,65	1413,10
899,83	1368,04
900,01	1406,95
900,18	1388,52
900,36	1429,48
900,53	1460,20
900,71	1460,20
900,89	1368,04
901,06	1458,15
901,24	1402,86
901,42	1384,43
901,59	1425,39
901,77	1488,87
901,94	1400,81
902,12	1400,81
902,30	1413,10
902,47	1372,14
902,65	1378,28
902,82	1447,91
903,00	1560,55
903,18	1370,09
903,35	1361,90
903,53	1382,38
903,70	1388,52
903,88	1376,24
904,06	1427,43
904,23	1466,35
904,41	1435,63
904,58	1429,48
904,76	1382,38
904,93	1406,95
905,11	1478,63
905,29	1406,95
905,46	1441,77
905,64	1458,15
905,81	1460,20
905,99	1378,28
906,16	1486,83
906,34	1376,24
906,52	1396,71
906,69	1439,72
906,87	1488,87
907,04	1427,43
907,22	1429,48
907,39	1519,59
907,57	1433,58
907,75	1468,39
907,92	1497,07
908,10	1513,45
908,27	1359,85
908,45	1419,24
908,62	1374,19
908,80	1366,00
908,97	1359,85
909,15	1558,50
909,32	1431,53
909,50	1406,95
909,67	1357,80
909,85	1421,29
910,03	1402,86
910,20	1507,30
910,38	1361,90
910,55	1392,62
910,73	1456,11
910,90	1421,29
911,08	1409,00
911,25	1452,01
911,43	1351,66
911,60	1333,23
911,78	1378,28
911,95	1429,48
912,13	1316,84
912,30	1392,62
912,48	1392,62
912,65	1447,91
912,83	1372,14
913,00	1394,67
913,18	1521,64
913,35	1427,43
913,53	1378,28
913,70	1421,29
913,88	1423,34
914,05	1423,34
914,23	1421,29
914,40	1466,35
914,58	1427,43
914,75	1454,06
914,93	1396,71
915,10	1423,34
915,27	1409,00
915,45	1384,43
915,62	1480,68
915,80	1447,91
915,97	1427,43
916,15	1423,34
916,32	1535,98
916,50	1454,06
916,67	1497,07
916,85	1380,33
917,02	1359,85
917,20	1464,30
917,37	1372,14
917,54	1449,96
917,72	1376,24
917,89	1427,43
918,07	1443,82
918,24	1460,20
918,42	1454,06
918,59	1466,35
918,77	1382,38
918,94	1388,52
919,11	1331,18
919,29	1423,34
919,46	1447,91
919,64	1464,30
919,81	1472,49
919,99	1441,77
920,16	1544,17
920,33	1482,73
920,51	1449,96
920,68	1433,58
920,86	1345,52
921,03	1441,77
921,20	1353,71
921,38	1433,58
921,55	1398,76
921,73	1454,06
921,90	1402,86
922,07	1476,59
922,25	1390,57
922,42	1421,29
922,60	1376,24
922,77	1427,43
922,94	1462,25
923,12	1357,80
923,29	1462,25
923,47	1488,87
923,64	1339,37
923,81	1499,11
923,99	1355,76
924,16	1466,35
924,34	1458,15
924,51	1443,82
924,68	1507,30
924,86	1382,38
925,03	1417,19
925,20	1390,57
925,38	1456,11
925,55	1515,50
925,72	1370,09
925,90	1398,76
926,07	1411,05
926,25	1466,35
926,42	1411,05
926,59	1413,10
926,77	1398,76
926,94	1486,83
927,11	1445,87
927,29	1488,87
927,46	1406,95
927,63	1484,78
927,81	1447,91
927,98	1419,24
928,15	1433,58
928,33	1542,12
928,50	1398,76
928,67	1464,30
928,85	1431,53
929,02	1462,25
929,19	1454,06
929,37	1449,96
929,54	1441,77
929,71	1472,49
929,89	1427,43
930,06	1384,43
930,23	1415,15
930,41	1462,25
930,58	1370,09
930,75	1486,83
930,92	1482,73
931,10	1390,57
931,27	1353,71
931,44	1589,22
931,62	1468,39
931,79	1394,67
931,96	1429,48
932,14	1417,19
932,31	1523,69
932,48	1443,82
932,65	1468,39
932,83	1406,95
933,00	1427,43
933,17	1447,91
933,35	1396,71
933,52	1519,59
933,69	1462,25
933,86	1511,40
934,04	1390,57
934,21	1464,30
934,38	1460,20
934,55	1486,83
934,73	1378,28
934,90	1425,39
935,07	1427,43
935,25	1470,44
935,42	1415,15
935,59	1417,19
935,76	1499,11
935,94	1423,34
936,11	1396,71
936,28	1492,97
936,45	1390,57
936,63	1492,97
936,80	1386,47
936,97	1402,86
937,14	1513,45
937,31	1466,35
937,49	1472,49
937,66	1480,68
937,83	1380,33
938,00	1449,96
938,18	1535,98
938,35	1388,52
938,52	1468,39
938,69	1445,87
938,87	1388,52
939,04	1413,10
939,21	1386,47
939,38	1449,96
939,55	1402,86
939,73	1368,04
939,90	1376,24
940,07	1400,81
940,24	1423,34
940,41	1591,27
940,59	1423,34
940,76	1460,20
940,93	1409,00
941,10	1374,19
941,27	1368,04
941,45	1495,02
941,62	1480,68
941,79	1404,91
941,96	1472,49
942,13	1472,49
942,31	1429,48
942,48	1427,43
942,65	1533,93
942,82	1449,96
942,99	1464,30
943,16	1363,95
943,34	1456,11
943,51	1439,72
943,68	1415,15
943,85	1490,92
944,02	1427,43
944,19	1363,95
944,37	1486,83
944,54	1464,30
944,71	1488,87
944,88	1568,74
945,05	1462,25
945,22	1406,95
945,40	1347,56
945,57	1380,33
945,74	1402,86
945,91	1439,72
946,08	1454,06
946,25	1439,72
946,42	1421,29
946,60	1501,16
946,77	1482,73
946,94	1435,63
947,11	1382,38
947,28	1447,91
947,45	1370,09
947,62	1404,91
947,79	1409,00
947,97	1486,83
948,14	1439,72
948,31	1445,87
948,48	1460,20
948,65	1486,83
948,82	1331,18
948,99	1433,58
949,16	1458,15
949,33	1404,91
949,51	1435,63
949,68	1392,62
949,85	1421,29
950,02	1429,48
950,19	1427,43
950,36	1427,43
950,53	1378,28
950,70	1439,72
950,87	1378,28
951,04	1423,34
951,22	1472,49
951,39	1384,43
951,56	1378,28
951,73	1402,86
951,90	1396,71
952,07	1335,28
952,24	1341,42
952,41	1462,25
952,58	1409,00
952,75	1486,83
952,92	1421,29
953,09	1368,04
953,26	1316,84
953,43	1390,57
953,61	1558,50
953,78	1419,24
953,95	1382,38
954,12	1478,63
954,29	1492,97
954,46	1390,57
954,63	1468,39
954,80	1441,77
954,97	1398,76
955,14	1445,87
955,31	1478,63
955,48	1406,95
955,65	1484,78
955,82	1374,19
955,99	1462,25
956,16	1470,44
956,33	1556,46
956,50	1474,54
956,67	1409,00
956,84	1445,87
957,01	1423,34
957,18	1427,43
957,35	1372,14
957,52	1503,21
957,69	1464,30
957,86	1454,06
958,03	1386,47
958,20	1423,34
958,37	1443,82
958,54	1411,05
958,71	1357,80
958,88	1511,40
959,05	1392,62
959,22	1466,35
959,39	1398,76
959,56	1431,53
959,73	1386,47
959,90	1499,11
960,07	1394,67
960,24	1458,15
960,41	1435,63
960,58	1433,58
960,75	1419,24
960,92	1509,35
961,09	1466,35
961,26	1468,39
961,43	1402,86
961,60	1353,71
961,77	1474,54
961,94	1413,10
962,11	1322,99
962,28	1480,68
962,45	1308,65
962,62	1402,86
962,79	1480,68
962,96	1343,47
963,13	1462,25
963,30	1466,35
963,47	1439,72
963,64	1431,53
963,81	1546,22
963,98	1353,71
964,14	1497,07
964,31	1392,62
964,48	1480,68
964,65	1486,83
964,82	1392,62
964,99	1464,30
965,16	1361,90
965,33	1464,30
965,50	1411,05
965,67	1456,11
965,84	1445,87
966,01	1427,43
966,18	1374,19
966,35	1421,29
966,51	1417,19
966,68	1521,64
966,85	1429,48
967,02	1439,72
967,19	1425,39
967,36	1470,44
967,53	1476,59
967,70	1419,24
967,87	1396,71
968,04	1454,06
968,21	1464,30
968,37	1478,63
968,54	1409,00
968,71	1343,47
968,88	1413,10
969,05	1374,19
969,22	1400,81
969,39	1515,50
969,56	1429,48
969,72	1454,06
969,89	1456,11
970,06	1452,01
970,23	1413,10
970,40	1495,02
970,57	1390,57
970,74	1499,11
970,91	1425,39
971,07	1368,04
971,24	1390,57
971,41	1431,53
971,58	1386,47
971,75	1417,19
971,92	1378,28
972,09	1435,63
972,25	1345,52
972,42	1484,78
972,59	1419,24
972,76	1409,00
972,93	1368,04
973,10	1398,76
973,27	1413,10
973,43	1409,00
973,60	1468,39
973,77	1435,63
973,94	1480,68
974,11	1490,92
974,28	1437,67
974,44	1372,14
974,61	1435,63
974,78	1460,20
974,95	1406,95
975,12	1423,34
975,28	1413,10
975,45	1378,28
975,62	1388,52
975,79	1435,63
975,96	1456,11
976,12	1411,05
976,29	1370,09
976,46	1415,15
976,63	1456,11
976,80	1372,14
976,96	1361,90
977,13	1343,47
977,30	1411,05
977,47	1406,95
977,64	1368,04
977,80	1392,62
977,97	1439,72
978,14	1472,49
978,31	1286,12
978,48	1406,95
978,64	1452,01
978,81	1468,39
978,98	1404,91
979,15	1409,00
979,31	1462,25
979,48	1398,76
979,65	1419,24
979,82	1431,53
979,98	1386,47
980,15	1419,24
980,32	1507,30
980,49	1406,95
980,66	1441,77
980,82	1347,56
980,99	1429,48
981,16	1363,95
981,33	1435,63
981,49	1409,00
981,66	1439,72
981,83	1429,48
981,99	1411,05
982,16	1419,24
982,33	1394,67
982,50	1335,28
982,66	1454,06
982,83	1349,61
983,00	1454,06
983,17	1390,57
983,33	1363,95
983,50	1398,76
983,67	1361,90
983,83	1378,28
984,00	1419,24
984,17	1486,83
984,34	1419,24
984,50	1343,47
984,67	1353,71
984,84	1349,61
985,00	1386,47
985,17	1406,95
985,34	1421,29
985,51	1386,47
985,67	1392,62
985,84	1421,29
986,01	1370,09
986,17	1462,25
986,34	1349,61
986,51	1351,66
986,67	1355,76
986,84	1402,86
987,01	1363,95
987,17	1429,48
987,34	1445,87
987,51	1392,62
987,67	1413,10
987,84	1398,76
988,01	1445,87
988,17	1384,43
988,34	1349,61
988,51	1423,34
988,67	1402,86
988,84	1476,59
989,01	1400,81
989,17	1345,52
989,34	1458,15
989,51	1355,76
989,67	1441,77
989,84	1366,00
990,01	1355,76
990,17	1339,37
990,34	1366,00
990,51	1400,81
990,67	1429,48
990,84	1386,47
991,01	1341,42
991,17	1368,04
991,34	1345,52
991,50	1349,61
991,67	1458,15
991,84	1286,12
992,00	1406,95
992,17	1333,23
992,34	1419,24
992,50	1464,30
992,67	1429,48
992,83	1357,80
993,00	1404,91
993,17	1398,76
993,33	1394,67
993,50	1402,86
993,66	1431,53
993,83	1452,01
994,00	1372,14
994,16	1472,49
994,33	1380,33
994,49	1603,56
994,66	1427,43
994,83	1349,61
994,99	1378,28
995,16	1488,87
995,32	1406,95
995,49	1441,77
995,66	1402,86
995,82	1376,24
995,99	1320,94
996,15	1357,80
996,32	1509,35
996,48	1300,46
996,65	1361,90
996,82	1427,43
996,98	1419,24
997,15	1468,39
997,31	1394,67
997,48	1460,20
997,64	1406,95
997,81	1452,01
997,97	1357,80
998,14	1341,42
998,31	1415,15
998,47	1355,76
998,64	1402,86
998,80	1343,47
998,97	1458,15
999,13	1513,45
999,30	1400,81
999,46	1433,58
999,63	1312,75
999,79	1421,29
999,96	1472,49
1000,12	1443,82
1000,29	1388,52
1000,45	1449,96
1000,62	1413,10
1000,79	1406,95
1000,95	1382,38
1001,12	1390,57
1001,28	1333,23
1001,45	1441,77
1001,61	1433,58
1001,78	1396,71
1001,94	1400,81
1002,11	1417,19
1002,27	1366,00
1002,44	1370,09
1002,60	1439,72
1002,77	1439,72
1002,93	1398,76
1003,10	1380,33
1003,26	1427,43
1003,43	1456,11
1003,59	1421,29
1003,76	1449,96
1003,92	1390,57
1004,09	1452,01
1004,25	1398,76
1004,41	1445,87
1004,58	1329,13
1004,74	1390,57
1004,91	1431,53
1005,07	1462,25
1005,24	1490,92
1005,40	1378,28
1005,57	1304,56
1005,73	1409,00
1005,90	1341,42
1006,06	1361,90
1006,23	1425,39
1006,39	1470,44
1006,55	1341,42
1006,72	1411,05
1006,88	1394,67
1007,05	1382,38
1007,21	1413,10
1007,38	1374,19
1007,54	1370,09
1007,71	1421,29
1007,87	1419,24
1008,03	1396,71
1008,20	1415,15
1008,36	1486,83
1008,53	1419,24
1008,69	1380,33
1008,86	1439,72
1009,02	1290,22
1009,18	1382,38
1009,35	1439,72
1009,51	1394,67
1009,68	1456,11
1009,84	1437,67
1010,01	1366,00
1010,17	1404,91
1010,33	1454,06
1010,50	1452,01
1010,66	1458,15
1010,83	1386,47
1010,99	1456,11
1011,15	1320,94
1011,32	1409,00
1011,48	1372,14
1011,65	1406,95
1011,81	1406,95
1011,97	1445,87
1012,14	1437,67
1012,30	1472,49
1012,46	1368,04
1012,63	1548,26
1012,79	1431,53
1012,96	1402,86
1013,12	1445,87
1013,28	1456,11
1013,45	1404,91
1013,61	1406,95
1013,77	1425,39
1013,94	1388,52
1014,10	1421,29
1014,26	1404,91
1014,43	1505,26
1014,59	1337,32
1014,76	1472,49
1014,92	1486,83
1015,08	1361,90
1015,25	1345,52
1015,41	1413,10
1015,57	1470,44
1015,74	1363,95
1015,90	1353,71
1016,06	1361,90
1016,23	1419,24
1016,39	1396,71
1016,55	1474,54
1016,72	1382,38
1016,88	1347,56
1017,04	1320,94
1017,21	1327,08
1017,37	1404,91
1017,53	1417,19
1017,70	1413,10
1017,86	1384,43
1018,02	1347,56
1018,19	1361,90
1018,35	1380,33
1018,51	1331,18
1018,67	1415,15
1018,84	1386,47
1019,00	1394,67
1019,16	1476,59
1019,33	1337,32
1019,49	1337,32
1019,65	1353,71
1019,82	1380,33
1019,98	1458,15
1020,14	1517,54
1020,30	1429,48
1020,47	1406,95
1020,63	1468,39
1020,79	1466,35
1020,96	1445,87
1021,12	1370,09
1021,28	1437,67
1021,44	1318,89
1021,61	1425,39
1021,77	1439,72
1021,93	1318,89
1022,09	1400,81
1022,26	1533,93
1022,42	1400,81
1022,58	1466,35
1022,74	1404,91
1022,91	1437,67
1023,07	1445,87
1023,23	1349,61
1023,39	1411,05
1023,56	1366,00
1023,72	1390,57
1023,88	1318,89
1024,04	1388,52
1024,21	1398,76
1024,37	1341,42
1024,53	1462,25
1024,69	1359,85
1024,86	1374,19
1025,02	1398,76
1025,18	1339,37
1025,34	1320,94
1025,50	1480,68
1025,67	1445,87
1025,83	1447,91
1025,99	1417,19
1026,15	1439,72
1026,32	1402,86
1026,48	1368,04
1026,64	1456,11
1026,80	1402,86
1026,96	1474,54
1027,13	1413,10
1027,29	1406,95
1027,45	1361,90
1027,61	1361,90
1027,77	1400,81
1027,94	1392,62
1028,10	1468,39
1028,26	1306,60
1028,42	1437,67
1028,58	1439,72
1028,75	1376,24
1028,91	1370,09
1029,07	1312,75
1029,23	1366,00
1029,39	1390,57
1029,55	1376,24
1029,72	1406,95
1029,88	1480,68
1030,04	1411,05
1030,20	1398,76
1030,36	1380,33
1030,52	1406,95
1030,69	1449,96
1030,85	1406,95
1031,01	1439,72
1031,17	1366,00
1031,33	1359,85
1031,49	1431,53
1031,65	1333,23
1031,82	1468,39
1031,98	1415,15
1032,14	1431,53
1032,30	1462,25
1032,46	1505,26
1032,62	1492,97
1032,78	1441,77
1032,95	1384,43
1033,11	1390,57
1033,27	1396,71
1033,43	1447,91
1033,59	1353,71
1033,75	1445,87
1033,91	1390,57
1034,07	1497,07
1034,24	1413,10
1034,40	1386,47
1034,56	1421,29
1034,72	1431,53
1034,88	1398,76
1035,04	1363,95
1035,20	1409,00
1035,36	1320,94
1035,52	1286,12
1035,68	1312,75
1035,85	1372,14
1036,01	1427,43
1036,17	1540,07
1036,33	1443,82
1036,49	1374,19
1036,65	1337,32
1036,81	1376,24
1036,97	1406,95
1037,13	1378,28
1037,29	1384,43
1037,45	1439,72
1037,61	1464,30
1037,78	1386,47
1037,94	1394,67
1038,10	1390,57
1038,26	1423,34
1038,42	1376,24
1038,58	1337,32
1038,74	1378,28
1038,90	1464,30
1039,06	1449,96
1039,22	1396,71
1039,38	1368,04
1039,54	1388,52
1039,70	1390,57
1039,86	1464,30
1040,02	1363,95
1040,18	1449,96
1040,34	1400,81
1040,50	1419,24
1040,66	1423,34
1040,83	1390,57
1040,99	1458,15
1041,15	1548,26
1041,31	1449,96
1041,47	1435,63
1041,63	1454,06
1041,79	1400,81
1041,95	1380,33
1042,11	1282,03
1042,27	1411,05
1042,43	1413,10
1042,59	1402,86
1042,75	1366,00
1042,91	1429,48
