344,25	1275,88
344,46	1275,88
344,68	1275,88
344,90	1300,46
345,12	1210,35
345,34	1396,71
345,55	1503,21
345,77	1433,58
345,99	1320,94
346,21	1349,61
346,42	1404,91
346,64	1357,80
346,86	1298,41
347,08	1437,67
347,30	1388,52
347,51	1427,43
347,73	1464,30
347,95	1361,90
348,17	1325,04
348,38	1396,71
348,60	1384,43
348,82	1341,42
349,04	1382,38
349,25	1486,83
349,47	1495,02
349,69	1433,58
349,91	1507,30
350,13	1351,66
350,34	1400,81
350,56	1333,23
350,78	1347,56
351,00	1355,76
351,21	1458,15
351,43	1392,62
351,65	1419,24
351,87	1406,95
352,08	1347,56
352,30	1447,91
352,52	1382,38
352,74	1427,43
352,95	1460,20
353,17	1406,95
353,39	1322,99
353,61	1470,44
353,82	1435,63
354,04	1464,30
354,26	1392,62
354,47	1482,73
354,69	1382,38
354,91	1384,43
355,13	1335,28
355,34	1484,78
355,56	1484,78
355,78	1476,59
356,00	1513,45
356,21	1427,43
356,43	1390,57
356,65	1433,58
356,86	1413,10
357,08	1501,16
357,30	1525,74
357,52	1392,62
357,73	1501,16
357,95	1449,96
358,17	1402,86
358,38	1525,74
358,60	1497,07
358,82	1544,17
359,04	1523,69
359,25	1538,02
359,47	1572,84
359,69	1533,93
359,90	1415,15
360,12	1531,88
360,34	1548,26
360,56	1505,26
360,77	1710,05
360,99	1669,09
361,21	1525,74
361,42	1634,28
361,64	1667,05
361,86	1742,82
362,07	1652,71
362,29	1740,77
362,51	1796,07
362,73	1773,54
362,94	1804,26
363,16	1896,42
363,38	1812,45
363,59	1839,08
363,81	1882,08
364,03	1943,52
364,24	2011,11
364,46	1923,04
364,68	1968,10
364,89	1964,00
365,11	1980,39
365,33	1937,38
365,54	2017,25
365,76	1845,22
365,98	2017,25
366,19	2060,26
366,41	2043,87
366,63	1972,19
366,84	2058,21
367,06	1920,99
367,28	2103,26
367,49	2015,20
367,71	2121,70
367,93	1918,95
368,14	2035,68
368,36	1937,38
368,58	2078,69
368,79	1933,28
369,01	2056,16
369,23	1982,43
369,44	1996,77
369,66	1849,32
369,88	1972,19
370,09	1933,28
370,31	1964,00
370,53	1900,52
370,74	2029,54
370,96	1900,52
371,18	2033,63
371,39	1902,56
371,61	2019,30
371,82	1927,14
372,04	1834,98
372,26	1875,94
372,47	1912,80
372,69	1871,84
372,91	1845,22
373,12	1734,63
373,34	1880,04
373,56	1779,68
373,77	1755,11
373,99	1849,32
374,20	1875,94
374,42	1861,60
374,64	1888,23
374,85	1828,84
375,07	1730,53
375,29	1777,64
375,50	1730,53
375,72	1669,09
375,93	1669,09
376,15	1724,39
376,37	1632,23
376,58	1658,85
376,80	1753,06
377,01	1556,46
377,23	1609,70
377,45	1626,09
377,66	1613,80
377,88	1634,28
378,10	1538,02
378,31	1409,00
378,53	1634,28
378,74	1505,26
378,96	1607,66
379,18	1533,93
379,39	1519,59
379,61	1515,50
379,82	1538,02
380,04	1558,50
380,26	1443,82
380,47	1433,58
380,69	1511,40
380,90	1585,13
381,12	1421,29
381,33	1382,38
381,55	1492,97
381,77	1456,11
381,98	1449,96
382,20	1361,90
382,41	1468,39
382,63	1435,63
382,85	1462,25
383,06	1564,65
383,28	1521,64
383,49	1382,38
383,71	1447,91
383,92	1439,72
384,14	1501,16
384,36	1316,84
384,57	1476,59
384,79	1409,00
385,00	1501,16
385,22	1423,34
385,43	1366,00
385,65	1495,02
385,87	1425,39
386,08	1355,76
386,30	1452,01
386,51	1396,71
386,73	1443,82
386,94	1378,28
387,16	1409,00
387,37	1533,93
387,59	1490,92
387,81	1382,38
388,02	1472,49
388,24	1411,05
388,45	1449,96
388,67	1335,28
388,88	1470,44
389,10	1341,42
389,31	1476,59
389,53	1447,91
389,75	1472,49
389,96	1525,74
390,18	1519,59
390,39	1425,39
390,61	1511,40
390,82	1437,67
391,04	1488,87
391,25	1415,15
391,47	1480,68
391,68	1478,63
391,90	1511,40
392,11	1540,07
392,33	1363,95
392,54	1402,86
392,76	1454,06
392,97	1435,63
393,19	1484,78
393,41	1538,02
393,62	1497,07
393,84	1501,16
394,05	1419,24
394,27	1499,11
394,48	1472,49
394,70	1581,03
394,91	1490,92
395,13	1476,59
395,34	1460,20
395,56	1533,93
395,77	1581,03
395,99	1531,88
396,20	1480,68
396,42	1501,16
396,63	1437,67
396,85	1562,60
397,06	1519,59
397,28	1497,07
397,49	1593,32
397,71	1570,79
397,92	1570,79
398,14	1581,03
398,35	1656,81
398,57	1531,88
398,78	1609,70
399,00	1552,36
399,21	1562,60
399,43	1576,94
399,64	1507,30
399,86	1492,97
400,07	1540,07
400,29	1646,57
400,50	1673,19
400,72	1574,89
400,93	1644,52
401,14	1593,32
401,36	1603,56
401,57	1636,33
401,79	1724,39
402,00	1644,52
402,22	1634,28
402,43	1593,32
402,65	1658,85
402,86	1640,42
403,08	1722,34
403,29	1624,04
403,51	1757,16
403,72	1673,19
403,94	1585,13
404,15	1667,05
404,36	1644,52
404,58	1906,66
404,79	1650,66
405,01	1755,11
405,22	1726,44
405,44	1501,16
405,65	1689,57
405,87	1689,57
406,08	1599,46
406,30	1529,83
406,51	1597,42
406,72	1583,08
406,94	1650,66
407,15	1650,66
407,37	1646,57
407,58	1621,99
407,80	1578,98
408,01	1624,04
408,23	1599,46
408,44	1615,85
408,65	1544,17
408,87	1617,90
409,08	1566,70
409,30	1695,72
409,51	1499,11
409,73	1548,26
409,94	1611,75
410,15	1576,94
410,37	1486,83
410,58	1550,31
410,80	1581,03
411,01	1558,50
411,23	1609,70
411,44	1564,65
411,65	1683,43
411,87	1626,09
412,08	1566,70
412,30	1665,00
412,51	1599,46
412,72	1734,63
412,94	1583,08
413,15	1560,55
413,37	1558,50
413,58	1550,31
413,79	1521,64
414,01	1503,21
414,22	1583,08
414,44	1681,38
414,65	1679,33
414,86	1572,84
415,08	1527,78
415,29	1542,12
415,51	1466,35
415,72	1626,09
415,93	1609,70
416,15	1525,74
416,36	1638,38
416,58	1683,43
416,79	1540,07
417,00	1640,42
417,22	1576,94
417,43	1621,99
417,65	1603,56
417,86	1634,28
418,07	1671,14
418,29	1636,33
418,50	1578,98
418,71	1544,17
418,93	1578,98
419,14	1626,09
419,36	1611,75
419,57	1642,47
419,78	1740,77
420,00	1662,95
420,21	1619,94
420,42	1626,09
420,64	1724,39
420,85	1681,38
421,06	1619,94
421,28	1738,73
421,49	1703,91
421,71	1847,27
421,92	1581,03
422,13	1710,05
422,35	1781,73
422,56	1810,40
422,77	1705,96
422,99	1781,73
423,20	1855,46
423,41	1791,97
423,63	1804,26
423,84	1748,97
424,05	1744,87
424,27	1820,64
424,48	1726,44
424,69	1763,30
424,91	2809,81
425,12	1736,68
425,33	1783,78
425,55	1837,03
425,76	1738,73
425,97	1843,17
426,19	1804,26
426,40	1816,55
426,61	1824,74
426,83	1832,93
427,04	1800,16
427,25	1886,18
427,47	1877,99
427,68	1906,66
427,89	1914,85
428,11	1902,56
428,32	1794,02
428,53	1888,23
428,75	1843,17
428,96	1873,89
429,17	1837,03
429,39	1734,63
429,60	1781,73
429,81	1927,14
430,03	1802,21
430,24	1742,82
430,45	1697,77
430,67	1787,88
430,88	1722,34
431,09	1769,44
431,30	1773,54
431,52	1845,22
431,73	1617,90
431,94	1802,21
432,16	1746,92
432,37	1744,87
432,58	1578,98
432,80	1804,26
433,01	1699,81
433,22	1642,47
433,43	1652,71
433,65	1654,76
433,86	1503,21
434,07	1499,11
434,29	1492,97
434,50	1597,42
434,71	1624,04
434,92	1675,24
435,14	1607,66
435,35	1583,08
435,56	1595,37
435,77	1558,50
435,99	1570,79
436,20	1603,56
436,41	1542,12
436,63	1447,91
436,84	1583,08
437,05	1533,93
437,26	1507,30
437,48	1617,90
437,69	1605,61
437,90	1568,74
438,11	1482,73
438,33	1517,54
438,54	1576,94
438,75	1554,41
438,96	1527,78
439,18	1486,83
439,39	1585,13
439,60	1497,07
439,82	1525,74
440,03	1521,64
440,24	1554,41
440,45	1443,82
440,67	1445,87
440,88	1441,77
441,09	1529,83
441,30	1630,18
441,51	1515,50
441,73	1515,50
441,94	1468,39
442,15	1495,02
442,36	1542,12
442,58	1499,11
442,79	1480,68
443,00	1413,10
443,21	1548,26
443,43	1564,65
443,64	1495,02
443,85	1480,68
444,06	1488,87
444,28	1503,21
444,49	1495,02
444,70	1433,58
444,91	1523,69
445,12	1533,93
445,34	1470,44
445,55	1531,88
445,76	1503,21
445,97	1425,39
446,18	1474,54
446,40	1531,88
446,61	1419,24
446,82	1460,20
447,03	1574,89
447,25	1484,78
447,46	1464,30
447,67	1497,07
447,88	1519,59
448,09	1425,39
448,31	1460,20
448,52	1472,49
448,73	1538,02
448,94	1458,15
449,15	1470,44
449,37	1476,59
449,58	1388,52
449,79	1441,77
450,00	1486,83
450,21	1468,39
450,43	1347,56
450,64	1406,95
450,85	1433,58
451,06	1482,73
451,27	1449,96
451,48	1429,48
451,70	1443,82
451,91	1443,82
452,12	1456,11
452,33	1468,39
452,54	1409,00
452,76	1490,92
452,97	1578,98
453,18	1386,47
453,39	1548,26
453,60	1511,40
453,81	1390,57
454,03	1472,49
454,24	1390,57
454,45	1441,77
454,66	1419,24
454,87	1431,53
455,08	1409,00
455,30	1439,72
455,51	1468,39
455,72	1454,06
455,93	1495,02
456,14	1406,95
456,35	1441,77
456,56	1431,53
456,78	1476,59
456,99	1509,35
457,20	1441,77
457,41	1521,64
457,62	1478,63
457,83	1501,16
458,04	1419,24
458,26	1441,77
458,47	1417,19
458,68	1425,39
458,89	1394,67
459,10	1433,58
459,31	1402,86
459,52	1472,49
459,74	1486,83
459,95	1486,83
460,16	1370,09
460,37	1499,11
460,58	1390,57
460,79	1462,25
461,00	1540,07
461,21	1468,39
461,43	1466,35
461,64	1458,15
461,85	1462,25
462,06	1456,11
462,27	1388,52
462,48	1378,28
462,69	1445,87
462,90	1417,19
463,12	1488,87
463,33	1368,04
463,54	1454,06
463,75	1443,82
463,96	1466,35
464,17	1382,38
464,38	1433,58
464,59	1480,68
464,80	1538,02
465,01	1425,39
465,23	1527,78
465,44	1468,39
465,65	1435,63
465,86	1466,35
466,07	1374,19
466,28	1441,77
466,49	1447,91
466,70	1497,07
466,91	1490,92
467,12	1435,63
467,33	1488,87
467,55	1495,02
467,76	1456,11
467,97	1454,06
468,18	1474,54
468,39	1421,29
468,60	1550,31
468,81	1470,44
469,02	1423,34
469,23	1392,62
469,44	1421,29
469,65	1335,28
469,86	1417,19
470,07	1474,54
470,29	1560,55
470,50	1402,86
470,71	1540,07
470,92	1433,58
471,13	1431,53
471,34	1447,91
471,55	1466,35
471,76	1394,67
471,97	1396,71
472,18	1480,68
472,39	1431,53
472,60	1423,34
472,81	1445,87
473,02	1366,00
473,23	1443,82
473,44	1427,43
473,65	1433,58
473,87	1316,84
474,08	1423,34
474,29	1433,58
474,50	1402,86
474,71	1488,87
474,92	1492,97
475,13	1388,52
475,34	1464,30
475,55	1339,37
475,76	1411,05
475,97	1454,06
476,18	1445,87
476,39	1443,82
476,60	1431,53
476,81	1474,54
477,02	1439,72
477,23	1460,20
477,44	1513,45
477,65	1406,95
477,86	1445,87
478,07	1460,20
478,28	1400,81
478,49	1419,24
478,70	1519,59
478,91	1374,19
479,12	1452,01
479,33	1441,77
479,54	1415,15
479,75	1447,91
479,96	1525,74
480,17	1378,28
480,38	1443,82
480,59	1394,67
480,80	1402,86
481,01	1382,38
481,22	1423,34
481,43	1413,10
481,64	1509,35
481,85	1449,96
482,06	1439,72
482,27	1406,95
482,48	1597,42
482,69	1425,39
482,90	1445,87
483,11	1527,78
483,32	1421,29
483,53	1480,68
483,74	1435,63
483,95	1468,39
484,16	1468,39
484,37	1409,00
484,58	1423,34
484,79	1462,25
485,00	1439,72
485,21	1386,47
485,42	1443,82
485,63	1552,36
485,84	1370,09
486,05	1390,57
486,26	1406,95
486,47	1472,49
486,68	1449,96
486,89	1411,05
487,10	1376,24
487,31	1499,11
487,52	1386,47
487,73	1560,55
487,94	1454,06
488,15	1466,35
488,36	1484,78
488,57	1449,96
488,77	1441,77
488,98	1433,58
489,19	1497,07
489,40	1474,54
489,61	1415,15
489,82	1529,83
490,03	1517,54
490,24	1429,48
490,45	1456,11
490,66	1402,86
490,87	1423,34
491,08	1402,86
491,29	1454,06
491,50	1421,29
491,71	1392,62
491,92	1441,77
492,13	1433,58
492,33	1443,82
492,54	1435,63
492,75	1419,24
492,96	1501,16
493,17	1380,33
493,38	1433,58
493,59	1390,57
493,80	1439,72
494,01	1492,97
494,22	1449,96
494,43	1482,73
494,64	1486,83
494,85	1517,54
495,05	1445,87
495,26	1492,97
495,47	1544,17
495,68	1468,39
495,89	1503,21
496,10	1390,57
496,31	1460,20
496,52	1454,06
496,73	1466,35
496,94	1482,73
497,15	1497,07
497,35	1447,91
497,56	1437,67
497,77	1427,43
497,98	1421,29
498,19	1411,05
498,40	1441,77
498,61	1495,02
498,82	1419,24
499,03	1339,37
499,23	1441,77
499,44	1497,07
499,65	1574,89
499,86	1439,72
500,07	1478,63
500,28	1464,30
500,49	1454,06
500,70	1386,47
500,91	1476,59
501,11	1431,53
501,32	1480,68
501,53	1443,82
501,74	1433,58
501,95	1464,30
502,16	1486,83
502,37	1394,67
502,57	1503,21
502,78	1474,54
502,99	1529,83
503,20	1466,35
503,41	1466,35
503,62	1474,54
503,83	1449,96
504,03	1495,02
504,24	1394,67
504,45	1425,39
504,66	1452,01
504,87	1515,50
505,08	1427,43
505,29	1390,57
505,49	1431,53
505,70	1447,91
505,91	1480,68
506,12	1447,91
506,33	1521,64
506,54	1456,11
506,75	1458,15
506,95	1503,21
507,16	1458,15
507,37	1419,24
507,58	1458,15
507,79	1472,49
508,00	1433,58
508,20	1337,32
508,41	1409,00
508,62	1503,21
508,83	1431,53
509,04	1482,73
509,24	1478,63
509,45	1654,76
509,66	1433,58
509,87	1507,30
510,08	1505,26
510,29	1404,91
510,49	1538,02
510,70	1449,96
510,91	1468,39
511,12	1482,73
511,33	1464,30
511,53	1402,86
511,74	1443,82
511,95	1347,56
512,16	1490,92
512,37	1511,40
512,57	1474,54
512,78	1511,40
512,99	1435,63
513,20	1515,50
513,41	1562,60
513,61	1468,39
513,82	1472,49
514,03	1531,88
514,24	1470,44
514,45	1601,51
514,65	1423,34
514,86	1447,91
515,07	1372,14
515,28	1476,59
515,49	1472,49
515,69	1476,59
515,90	1406,95
516,11	1513,45
516,32	1433,58
516,52	1449,96
516,73	1497,07
516,94	1490,92
517,15	1370,09
517,36	1495,02
517,56	1443,82
517,77	1472,49
517,98	1447,91
518,19	1460,20
518,39	1490,92
518,60	1339,37
518,81	1445,87
519,02	1458,15
519,22	1429,48
519,43	1484,78
519,64	1484,78
519,85	1378,28
520,05	1513,45
520,26	1423,34
520,47	1513,45
520,68	1406,95
520,88	1427,43
521,09	1570,79
521,30	1480,68
521,51	1419,24
521,71	1413,10
521,92	1419,24
522,13	1435,63
522,34	1447,91
522,54	1392,62
522,75	1411,05
522,96	1476,59
523,17	1503,21
523,37	1490,92
523,58	1492,97
523,79	1343,47
523,99	1423,34
524,20	1497,07
524,41	1406,95
524,62	1570,79
524,82	1523,69
525,03	1472,49
525,24	1431,53
525,45	1484,78
525,65	1353,71
525,86	1503,21
526,07	1441,77
526,27	1433,58
526,48	1452,01
526,69	1601,51
526,90	1488,87
527,10	1454,06
527,31	1509,35
527,52	1419,24
527,72	1525,74
527,93	1505,26
528,14	1331,18
528,34	1441,77
528,55	1443,82
528,76	1433,58
528,97	1470,44
529,17	1449,96
529,38	1400,81
529,59	1447,91
529,79	1488,87
530,00	1488,87
530,21	1535,98
530,41	1452,01
530,62	1480,68
530,83	1513,45
531,03	1515,50
531,24	1435,63
531,45	1501,16
531,65	1466,35
531,86	1437,67
532,07	1462,25
532,27	1423,34
532,48	1445,87
532,69	1331,18
532,89	1542,12
533,10	1476,59
533,31	1413,10
533,51	1474,54
533,72	1437,67
533,93	1441,77
534,13	1488,87
534,34	1388,52
534,55	1486,83
534,75	1460,20
534,96	1605,61
535,17	1484,78
535,37	1501,16
535,58	1421,29
535,79	1509,35
535,99	1421,29
536,20	1466,35
536,41	1439,72
536,61	1406,95
536,82	1507,30
537,03	1443,82
537,23	1392,62
537,44	1404,91
537,64	1413,10
537,85	1437,67
538,06	1456,11
538,26	1501,16
538,47	1478,63
538,68	1388,52
538,88	1372,14
539,09	1441,77
539,30	1409,00
539,50	1521,64
539,71	1454,06
539,91	1562,60
540,12	1329,13
540,33	1472,49
540,53	1466,35
540,74	1394,67
540,94	1437,67
541,15	1464,30
541,36	1480,68
541,56	1497,07
541,77	1466,35
541,98	1499,11
542,18	1486,83
542,39	1552,36
542,59	1456,11
542,80	1394,67
543,01	1392,62
543,21	1466,35
543,42	1509,35
543,62	1431,53
543,83	1458,15
544,04	1435,63
544,24	1415,15
544,45	1372,14
544,65	1482,73
544,86	1400,81
545,06	1400,81
545,27	1384,43
545,48	1449,96
545,68	1482,73
545,89	1437,67
546,09	1456,11
546,30	1466,35
546,51	1529,83
546,71	1429,48
546,92	1497,07
547,12	1376,24
547,33	1454,06
547,53	1476,59
547,74	1415,15
547,95	1544,17
548,15	1437,67
548,36	1474,54
548,56	1462,25
548,77	1396,71
548,97	1480,68
549,18	1402,86
549,39	1517,54
549,59	1458,15
549,80	1499,11
550,00	1490,92
550,21	1423,34
550,41	1411,05
550,62	1538,02
550,82	1443,82
551,03	1433,58
551,23	1380,33
551,44	1538,02
551,65	1435,63
551,85	1404,91
552,06	1425,39
552,26	1398,76
552,47	1382,38
552,67	1425,39
552,88	1370,09
553,08	1417,19
553,29	1421,29
553,49	1355,76
553,70	1433,58
553,90	1538,02
554,11	1443,82
554,32	1480,68
554,52	1415,15
554,73	1468,39
554,93	1441,77
555,14	1476,59
555,34	1382,38
555,55	1560,55
555,75	1335,28
555,96	1456,11
556,16	1447,91
556,37	1447,91
556,57	1386,47
556,78	1447,91
556,98	1425,39
557,19	1492,97
557,39	1472,49
557,60	1402,86
557,80	1425,39
558,01	1439,72
558,21	1429,48
558,42	1490,92
558,62	1425,39
558,83	1499,11
559,03	1441,77
559,24	1445,87
559,44	1484,78
559,65	1511,40
559,85	1400,81
560,06	1423,34
560,26	1374,19
560,47	1535,98
560,67	1533,93
560,88	1464,30
561,08	1507,30
561,29	1552,36
561,49	1419,24
561,70	1435,63
561,90	1417,19
562,10	1460,20
562,31	1443,82
562,51	1447,91
562,72	1425,39
562,92	1468,39
563,13	1597,42
563,33	1497,07
563,54	1503,21
563,74	1501,16
563,95	1392,62
564,15	1437,67
564,36	1427,43
564,56	1480,68
564,76	1427,43
564,97	1462,25
565,17	1417,19
565,38	1478,63
565,58	1478,63
565,79	1421,29
565,99	1505,26
566,20	1583,08
566,40	1482,73
566,60	1517,54
566,81	1449,96
567,01	1519,59
567,22	1411,05
567,42	1503,21
567,63	1503,21
567,83	1366,00
568,04	1427,43
568,24	1474,54
568,44	1454,06
568,65	1447,91
568,85	1452,01
569,06	1456,11
569,26	1409,00
569,47	1427,43
569,67	1349,61
569,87	1386,47
570,08	1419,24
570,28	1501,16
570,49	1329,13
570,69	1449,96
570,89	1552,36
571,10	1476,59
571,30	1439,72
571,51	1462,25
571,71	1425,39
571,91	1515,50
572,12	1427,43
572,32	1449,96
572,53	1499,11
572,73	1464,30
572,93	1513,45
573,14	1470,44
573,34	1486,83
573,55	1478,63
573,75	1417,19
573,95	1447,91
574,16	1492,97
574,36	1363,95
574,57	1441,77
574,77	1431,53
574,97	1363,95
575,18	1462,25
575,38	1419,24
575,59	1396,71
575,79	1480,68
575,99	1456,11
576,20	1562,60
576,40	1431,53
576,60	1548,26
576,81	1474,54
577,01	1497,07
577,22	1472,49
577,42	1511,40
577,62	1454,06
577,83	1400,81
578,03	1460,20
578,23	1411,05
578,44	1480,68
578,64	1439,72
578,84	1415,15
579,05	1488,87
579,25	1589,22
579,45	1443,82
579,66	1484,78
579,86	1404,91
580,07	1433,58
580,27	1460,20
580,47	1435,63
580,68	1441,77
580,88	1394,67
581,08	1376,24
581,29	1460,20
581,49	1443,82
581,69	1421,29
581,90	1480,68
582,10	1421,29
582,30	1421,29
582,51	1413,10
582,71	1433,58
582,91	1392,62
583,12	1466,35
583,32	1505,26
583,52	1406,95
583,73	1374,19
583,93	1466,35
584,13	1509,35
584,34	1431,53
584,54	1452,01
584,74	1357,80
584,94	1437,67
585,15	1503,21
585,35	1525,74
585,55	1384,43
585,76	1452,01
585,96	1372,14
586,16	1587,18
586,37	1368,04
586,57	1454,06
586,77	1404,91
586,98	1363,95
587,18	1490,92
587,38	1552,36
587,58	1421,29
587,79	1462,25
587,99	1439,72
588,19	1447,91
588,40	1421,29
588,60	1513,45
588,80	1501,16
589,00	1419,24
589,21	1427,43
589,41	1400,81
589,61	1523,69
589,82	1370,09
590,02	1445,87
590,22	1525,74
590,42	1443,82
590,63	1439,72
590,83	1400,81
591,03	1480,68
591,23	1398,76
591,44	1325,04
591,64	1460,20
591,84	1472,49
592,05	1468,39
592,25	1472,49
592,45	1361,90
592,65	1492,97
592,86	1443,82
593,06	1568,74
593,26	1417,19
593,46	1505,26
593,67	1454,06
593,87	1445,87
594,07	1492,97
594,27	1445,87
594,48	1488,87
594,68	1441,77
594,88	1558,50
595,08	1460,20
595,29	1527,78
595,49	1488,87
595,69	1452,01
595,89	1433,58
596,10	1490,92
596,30	1415,15
596,50	1394,67
596,70	1458,15
596,90	1460,20
597,11	1423,34
597,31	1398,76
597,51	1419,24
597,71	1429,48
597,92	1517,54
598,12	1402,86
598,32	1519,59
598,52	1456,11
598,72	1411,05
598,93	1419,24
599,13	1484,78
599,33	1435,63
599,53	1492,97
599,74	1411,05
599,94	1404,91
600,14	1427,43
600,34	1456,11
600,54	1581,03
600,75	1486,83
600,95	1445,87
601,15	1488,87
601,35	1370,09
601,55	1464,30
601,76	1355,76
601,96	1501,16
602,16	1449,96
602,36	1515,50
602,56	1433,58
602,76	1462,25
602,97	1454,06
603,17	1421,29
603,37	1380,33
603,57	1413,10
603,77	1433,58
603,98	1437,67
604,18	1447,91
604,38	1470,44
604,58	1435,63
604,78	1538,02
604,98	1415,15
605,19	1454,06
605,39	1427,43
605,59	1480,68
605,79	1548,26
605,99	1386,47
606,19	1497,07
606,40	1431,53
606,60	1417,19
606,80	1474,54
607,00	1441,77
607,20	1427,43
607,40	1468,39
607,61	1474,54
607,81	1466,35
608,01	1527,78
608,21	1521,64
608,41	1484,78
608,61	1390,57
608,81	1431,53
609,02	1431,53
609,22	1413,10
609,42	1480,68
609,62	1472,49
609,82	1486,83
610,02	1447,91
610,22	1449,96
610,43	1478,63
610,63	1499,11
610,83	1492,97
611,03	1550,31
611,23	1466,35
611,43	1454,06
611,63	1482,73
611,83	1433,58
612,04	1462,25
612,24	1509,35
612,44	1515,50
612,64	1466,35
612,84	1488,87
613,04	1486,83
613,24	1452,01
613,44	1460,20
613,64	1390,57
613,85	1531,88
614,05	1443,82
614,25	1452,01
614,45	1415,15
614,65	1495,02
614,85	1413,10
615,05	1411,05
615,25	1501,16
615,45	1394,67
615,65	1468,39
615,86	1609,70
616,06	1486,83
616,26	1437,67
616,46	1523,69
616,66	1431,53
616,86	1454,06
617,06	1488,87
617,26	1505,26
617,46	1482,73
617,66	1480,68
617,86	1431,53
618,07	1415,15
618,27	1501,16
618,47	1374,19
618,67	1431,53
618,87	1409,00
619,07	1452,01
619,27	1505,26
619,47	1396,71
619,67	1501,16
619,87	1454,06
620,07	1511,40
620,27	1482,73
620,47	1380,33
620,67	1456,11
620,87	1437,67
621,07	1421,29
621,28	1423,34
621,48	1527,78
621,68	1425,39
621,88	1456,11
622,08	1400,81
622,28	1478,63
622,48	1544,17
622,68	1484,78
622,88	1409,00
623,08	1488,87
623,28	1441,77
623,48	1433,58
623,68	1388,52
623,88	1380,33
624,08	1560,55
624,28	1406,95
624,48	1521,64
624,68	1441,77
624,88	1517,54
625,08	1535,98
625,28	1472,49
625,48	1433,58
625,68	1484,78
625,88	1509,35
626,08	1409,00
626,28	1452,01
626,48	1447,91
626,68	1458,15
626,88	1439,72
627,08	1521,64
627,28	1591,27
627,48	1535,98
627,68	1415,15
627,88	1423,34
628,08	1548,26
628,28	1482,73
628,49	1472,49
628,68	1441,77
628,88	1447,91
629,08	1482,73
629,28	1572,84
629,48	1423,34
629,68	1519,59
629,88	1478,63
630,08	1486,83
630,28	1466,35
630,48	1464,30
630,68	1425,39
630,88	1495,02
631,08	1351,66
631,28	1556,46
631,48	1435,63
631,68	1443,82
631,88	1454,06
632,08	1497,07
632,28	1452,01
632,48	1542,12
632,68	1390,57
632,88	1505,26
633,08	1507,30
633,28	1425,39
633,48	1447,91
633,68	1505,26
633,88	1417,19
634,08	1511,40
634,28	1452,01
634,48	1529,83
634,68	1476,59
634,88	1466,35
635,08	1449,96
635,28	1529,83
635,48	1464,30
635,68	1443,82
635,87	1406,95
636,07	1445,87
636,27	1456,11
636,47	1517,54
636,67	1499,11
636,87	1505,26
637,07	1540,07
637,27	1413,10
637,47	1492,97
637,67	1566,70
637,87	1406,95
638,07	1480,68
638,27	1396,71
638,47	1538,02
638,67	1388,52
638,86	1429,48
639,06	1538,02
639,26	1486,83
639,46	1376,24
639,66	1447,91
639,86	1505,26
640,06	1454,06
640,26	1429,48
640,46	1433,58
640,66	1480,68
640,86	1454,06
641,06	1392,62
641,25	1517,54
641,45	1443,82
641,65	1392,62
641,85	1466,35
642,05	1398,76
642,25	1411,05
642,45	1490,92
642,65	1394,67
642,85	1413,10
643,05	1398,76
643,24	1433,58
643,44	1550,31
643,64	1460,20
643,84	1441,77
644,04	1445,87
644,24	1427,43
644,44	1421,29
644,64	1460,20
644,84	1503,21
645,03	1492,97
645,23	1519,59
645,43	1388,52
645,63	1382,38
645,83	1466,35
646,03	1515,50
646,23	1531,88
646,42	1609,70
646,62	1454,06
646,82	1415,15
647,02	1435,63
647,22	1443,82
647,42	1402,86
647,62	1499,11
647,82	1476,59
648,01	1617,90
648,21	1435,63
648,41	1460,20
648,61	1542,12
648,81	1548,26
649,01	1484,78
649,20	1366,00
649,40	1460,20
649,60	1443,82
649,80	1503,21
650,00	1517,54
650,20	1454,06
650,40	1433,58
650,59	1435,63
650,79	1503,21
650,99	1454,06
651,19	1402,86
651,39	1402,86
651,58	1460,20
651,78	1511,40
651,98	1505,26
652,18	1443,82
652,38	1458,15
652,58	1458,15
652,77	1411,05
652,97	1585,13
653,17	1531,88
653,37	1531,88
653,57	1458,15
653,77	1486,83
653,96	1566,70
654,16	1449,96
654,36	1456,11
654,56	1486,83
654,76	1552,36
654,95	1437,67
655,15	1398,76
655,35	1544,17
655,55	1454,06
655,75	1490,92
655,94	1478,63
656,14	1507,30
656,34	1478,63
656,54	1431,53
656,73	1478,63
656,93	1484,78
657,13	1484,78
657,33	1460,20
657,53	1515,50
657,72	1525,74
657,92	1425,39
658,12	1429,48
658,32	1544,17
658,52	1488,87
658,71	1460,20
658,91	1454,06
659,11	1546,22
659,31	1499,11
659,50	1490,92
659,70	1499,11
659,90	1548,26
660,10	1490,92
660,29	1464,30
660,49	1437,67
660,69	1538,02
660,89	1476,59
661,08	1513,45
661,28	1423,34
661,48	1509,35
661,68	1484,78
661,87	1484,78
662,07	1427,43
662,27	1456,11
662,47	1478,63
662,66	1501,16
662,86	1449,96
663,06	1478,63
663,26	1402,86
663,45	1548,26
663,65	1443,82
663,85	1374,19
664,05	1466,35
664,24	1538,02
664,44	1454,06
664,64	1548,26
664,84	1447,91
665,03	1566,70
665,23	1464,30
665,43	1535,98
665,62	1452,01
665,82	1425,39
666,02	1472,49
666,22	1470,44
666,41	1474,54
666,61	1523,69
666,81	1515,50
667,00	1454,06
667,20	1437,67
667,40	1468,39
667,60	1452,01
667,79	1509,35
667,99	1441,77
668,19	1517,54
668,38	1462,25
668,58	1488,87
668,78	1470,44
668,97	1492,97
669,17	1464,30
669,37	1550,31
669,57	1411,05
669,76	1548,26
669,96	1525,74
670,16	1441,77
670,35	1509,35
670,55	1429,48
670,75	1480,68
670,94	1468,39
671,14	1523,69
671,34	1486,83
671,53	1470,44
671,73	1468,39
671,93	1447,91
672,12	1466,35
672,32	1495,02
672,52	1398,76
672,71	1511,40
672,91	1554,41
673,11	1544,17
673,30	1492,97
673,50	1435,63
673,70	1441,77
673,89	1443,82
674,09	1431,53
674,29	1431,53
674,48	1517,54
674,68	1474,54
674,88	1488,87
675,07	1429,48
675,27	1531,88
675,46	1425,39
675,66	1464,30
675,86	1447,91
676,05	1499,11
676,25	1478,63
676,45	1452,01
676,64	1390,57
676,84	1511,40
677,04	1501,16
677,23	1599,46
677,43	1423,34
677,62	1542,12
677,82	1531,88
678,02	1482,73
678,21	1400,81
678,41	1429,48
678,61	1411,05
678,80	1501,16
679,00	1499,11
679,19	1497,07
679,39	1519,59
679,59	1474,54
679,78	1452,01
679,98	1445,87
680,17	1449,96
680,37	1505,26
680,57	1368,04
680,76	1464,30
680,96	1503,21
681,16	1409,00
681,35	1421,29
681,55	1398,76
681,74	1433,58
681,94	1433,58
682,13	1515,50
682,33	1515,50
682,53	1523,69
682,72	1476,59
682,92	1386,47
683,11	1417,19
683,31	1480,68
683,51	1443,82
683,70	1492,97
683,90	1454,06
684,09	1490,92
684,29	1540,07
684,48	1449,96
684,68	1415,15
684,88	1495,02
685,07	1519,59
685,27	1480,68
685,46	1476,59
685,66	1456,11
685,85	1472,49
686,05	1466,35
686,25	1458,15
686,44	1480,68
686,64	1515,50
686,83	1472,49
687,03	1517,54
687,22	1499,11
687,42	1562,60
687,61	1527,78
687,81	1476,59
688,01	1511,40
688,20	1359,85
688,40	1480,68
688,59	1507,30
688,79	1486,83
688,98	1486,83
689,18	1509,35
689,37	1572,84
689,57	1558,50
689,76	1488,87
689,96	1406,95
690,15	1400,81
690,35	1452,01
690,54	1441,77
690,74	1495,02
690,94	1505,26
691,13	1509,35
691,33	1525,74
691,52	1492,97
691,72	1576,94
691,91	1400,81
692,11	1492,97
692,30	1486,83
692,50	1472,49
692,69	1449,96
692,89	1535,98
693,08	1535,98
693,28	1564,65
693,47	1474,54
693,67	1566,70
693,86	1433,58
694,06	1550,31
694,25	1327,08
694,45	1470,44
694,64	1472,49
694,84	1454,06
695,03	1634,28
695,23	1460,20
695,42	1529,83
695,62	1417,19
695,81	1550,31
696,01	1411,05
696,20	1392,62
696,40	1476,59
696,59	1497,07
696,78	1468,39
696,98	1540,07
697,17	1427,43
697,37	1462,25
697,56	1495,02
697,76	1454,06
697,95	1484,78
698,15	1402,86
698,34	1564,65
698,54	1368,04
698,73	1499,11
698,93	1521,64
699,12	1472,49
699,32	1425,39
699,51	1419,24
699,70	1361,90
699,90	1513,45
700,09	1476,59
700,29	1492,97
700,48	1480,68
700,68	1462,25
700,87	1466,35
701,07	1437,67
701,26	1474,54
701,45	1480,68
701,65	1429,48
701,84	1431,53
702,04	1370,09
702,23	1429,48
702,43	1378,28
702,62	1398,76
702,81	1515,50
703,01	1501,16
703,20	1474,54
703,40	1474,54
703,59	1488,87
703,79	1335,28
703,98	1380,33
704,17	1425,39
704,37	1523,69
704,56	1394,67
704,76	1400,81
704,95	1443,82
705,14	1329,13
705,34	1431,53
705,53	1415,15
705,73	1406,95
705,92	1478,63
706,11	1486,83
706,31	1333,23
706,50	1439,72
706,70	1452,01
706,89	1437,67
707,08	1415,15
707,28	1460,20
707,47	1439,72
707,67	1421,29
707,86	1384,43
708,05	1386,47
708,25	1351,66
708,44	1370,09
708,64	1431,53
708,83	1431,53
709,02	1292,27
709,22	1433,58
709,41	1443,82
709,60	1447,91
709,80	1449,96
709,99	1470,44
710,19	1390,57
710,38	1460,20
710,57	1396,71
710,77	1404,91
710,96	1320,94
711,15	1351,66
711,35	1345,52
711,54	1474,54
711,73	1259,50
711,93	1423,34
712,12	1468,39
712,31	1466,35
712,51	1445,87
712,70	1322,99
712,89	1314,80
713,09	1421,29
713,28	1394,67
713,48	1402,86
713,67	1376,24
713,86	1443,82
714,06	1386,47
714,25	1425,39
714,44	1314,80
714,64	1394,67
714,83	1386,47
715,02	1400,81
715,22	1394,67
715,41	1396,71
715,60	1406,95
715,79	1398,76
715,99	1431,53
716,18	1452,01
716,37	1421,29
716,57	1441,77
716,76	1396,71
716,95	1380,33
717,15	1478,63
717,34	1341,42
717,53	1406,95
717,73	1431,53
717,92	1388,52
718,11	1513,45
718,31	1435,63
718,50	1482,73
718,69	1302,51
718,88	1423,34
719,08	1310,70
719,27	1443,82
719,46	1486,83
719,66	1425,39
719,85	1421,29
720,04	1384,43
720,23	1415,15
720,43	1288,17
720,62	1404,91
720,81	1421,29
721,01	1476,59
721,20	1484,78
721,39	1447,91
721,58	1452,01
721,78	1439,72
721,97	1384,43
722,16	1351,66
722,35	1388,52
722,55	1390,57
722,74	1445,87
722,93	1335,28
723,13	1445,87
723,32	1394,67
723,51	1337,32
723,70	1435,63
723,90	1464,30
724,09	1361,90
724,28	1452,01
724,47	1374,19
724,67	1464,30
724,86	1445,87
725,05	1429,48
725,24	1404,91
725,44	1411,05
725,63	1366,00
725,82	1337,32
726,01	1462,25
726,21	1411,05
726,40	1339,37
726,59	1388,52
726,78	1335,28
726,97	1337,32
727,17	1400,81
727,36	1423,34
727,55	1423,34
727,74	1462,25
727,94	1396,71
728,13	1411,05
728,32	1347,56
728,51	1380,33
728,70	1386,47
728,90	1388,52
729,09	1392,62
729,28	1425,39
729,47	1363,95
729,66	1390,57
729,86	1386,47
730,05	1452,01
730,24	1421,29
730,43	1423,34
730,63	1386,47
730,82	1402,86
731,01	1447,91
731,20	1388,52
731,39	1394,67
731,58	1460,20
731,78	1437,67
731,97	1423,34
732,16	1394,67
732,35	1439,72
732,54	1503,21
732,74	1472,49
732,93	1337,32
733,12	1345,52
733,31	1495,02
733,50	1345,52
733,69	1366,00
733,89	1544,17
734,08	1441,77
734,27	1404,91
734,46	1376,24
734,65	1378,28
734,84	1298,41
735,04	1390,57
735,23	1433,58
735,42	1470,44
735,61	1349,61
735,80	1460,20
735,99	1376,24
736,19	1363,95
736,38	1415,15
736,57	1421,29
736,76	1363,95
736,95	1409,00
737,14	1423,34
737,33	1421,29
737,53	1429,48
737,72	1433,58
737,91	1382,38
738,10	1396,71
738,29	1302,51
738,48	1419,24
738,67	1445,87
738,87	1458,15
739,06	1368,04
739,25	1449,96
739,44	1363,95
739,63	1425,39
739,82	1390,57
740,01	1443,82
740,20	1447,91
740,40	1372,14
740,59	1413,10
740,78	1417,19
740,97	1413,10
741,16	1406,95
741,35	1497,07
741,54	1472,49
741,73	1460,20
741,92	1355,76
742,12	1441,77
742,31	1437,67
742,50	1495,02
742,69	1423,34
742,88	1484,78
743,07	1300,46
743,26	1445,87
743,45	1464,30
743,64	1363,95
743,83	1406,95
744,02	1417,19
744,22	1456,11
744,41	1519,59
744,60	1437,67
744,79	1454,06
744,98	1507,30
745,17	1361,90
745,36	1378,28
745,55	1478,63
745,74	1306,60
745,93	1474,54
746,12	1355,76
746,31	1376,24
746,50	1517,54
746,70	1302,51
746,89	1355,76
747,08	1400,81
747,27	1456,11
747,46	1404,91
747,65	1452,01
747,84	1400,81
748,03	1449,96
748,22	1458,15
748,41	1513,45
748,60	1439,72
748,79	1439,72
748,98	1421,29
749,17	1361,90
749,36	1460,20
749,55	1415,15
749,74	1406,95
749,93	1476,59
750,12	1337,32
750,31	1394,67
750,50	1431,53
750,70	1439,72
750,89	1482,73
751,08	1550,31
751,27	1472,49
751,46	1476,59
751,65	1482,73
751,84	1413,10
752,03	1384,43
752,22	1505,26
752,41	1409,00
752,60	1372,14
752,79	1523,69
752,98	1411,05
753,17	1468,39
753,36	1427,43
753,55	1419,24
753,74	1400,81
753,93	1472,49
754,12	1449,96
754,31	1533,93
754,50	1456,11
754,69	1394,67
754,88	1474,54
755,07	1466,35
755,26	1390,57
755,45	1378,28
755,64	1366,00
755,83	1480,68
756,02	1406,95
756,21	1441,77
756,40	1499,11
756,59	1357,80
756,78	1452,01
756,97	1454,06
757,16	1529,83
757,35	1523,69
757,54	1452,01
757,72	1501,16
757,91	1417,19
758,10	1439,72
758,29	1357,80
758,48	1464,30
758,67	1349,61
758,86	1474,54
759,05	1517,54
759,24	1501,16
759,43	1517,54
759,62	1437,67
759,81	1378,28
760,00	1443,82
760,19	1484,78
760,38	1486,83
760,57	1462,25
760,76	1466,35
760,95	1468,39
761,14	1482,73
761,33	1409,00
761,52	1486,83
761,70	1388,52
761,89	1507,30
762,08	1482,73
762,27	1501,16
762,46	1425,39
762,65	1501,16
762,84	1468,39
763,03	1517,54
763,22	1439,72
763,41	1402,86
763,60	1521,64
763,79	1400,81
763,98	1507,30
764,16	1499,11
764,35	1482,73
764,54	1505,26
764,73	1521,64
764,92	1509,35
765,11	1576,94
765,30	1509,35
765,49	1431,53
765,68	1591,27
765,87	1529,83
766,06	1384,43
766,24	1519,59
766,43	1474,54
766,62	1505,26
766,81	1433,58
767,00	1472,49
767,19	1431,53
767,38	1562,60
767,57	1445,87
767,76	1396,71
767,94	1476,59
768,13	1460,20
768,32	1540,07
768,51	1388,52
768,70	1507,30
768,89	1560,55
769,08	1509,35
769,27	1550,31
769,45	1492,97
769,64	1523,69
769,83	1452,01
770,02	1501,16
770,21	1380,33
770,40	1429,48
770,59	1480,68
770,77	1445,87
770,96	1574,89
771,15	1499,11
771,34	1472,49
771,53	1619,94
771,72	1486,83
771,91	1464,30
772,09	1423,34
772,28	1497,07
772,47	1421,29
772,66	1515,50
772,85	1482,73
773,04	1488,87
773,22	1433,58
773,41	1544,17
773,60	1521,64
773,79	1456,11
773,98	1521,64
774,17	1421,29
774,35	1486,83
774,54	1570,79
774,73	1581,03
774,92	1460,20
775,11	1415,15
775,30	1556,46
775,48	1415,15
775,67	1488,87
775,86	1546,22
776,05	1544,17
776,24	1437,67
776,42	1570,79
776,61	1550,31
776,80	1470,44
776,99	1515,50
777,18	1478,63
777,36	1472,49
777,55	1462,25
777,74	1595,37
777,93	1474,54
778,12	1386,47
778,30	1597,42
778,49	1484,78
778,68	1609,70
778,87	1484,78
779,06	1505,26
779,24	1505,26
779,43	1509,35
779,62	1511,40
779,81	1552,36
779,99	1441,77
780,18	1507,30
780,37	1542,12
780,56	1513,45
780,75	1490,92
780,93	1497,07
781,12	1599,46
781,31	1531,88
781,50	1482,73
781,68	1419,24
781,87	1458,15
782,06	1546,22
782,25	1474,54
782,43	1443,82
782,62	1474,54
782,81	1468,39
783,00	1460,20
783,18	1517,54
783,37	1452,01
783,56	1523,69
783,75	1519,59
783,93	1488,87
784,12	1497,07
784,31	1521,64
784,50	1456,11
784,68	1535,98
784,87	1396,71
785,06	1558,50
785,24	1523,69
785,43	1509,35
785,62	1431,53
785,81	1550,31
785,99	1452,01
786,18	1505,26
786,37	1456,11
786,56	1429,48
786,74	1454,06
786,93	1425,39
787,12	1486,83
787,30	1468,39
787,49	1542,12
787,68	1439,72
787,87	1439,72
788,05	1492,97
788,24	1419,24
788,43	1468,39
788,61	1447,91
788,80	1525,74
788,99	1497,07
789,17	1566,70
789,36	1390,57
789,55	1478,63
789,73	1503,21
789,92	1347,56
790,11	1425,39
790,30	1503,21
790,48	1394,67
790,67	1478,63
790,86	1484,78
791,04	1431,53
791,23	1548,26
791,42	1445,87
791,60	1370,09
791,79	1431,53
791,98	1345,52
792,16	1388,52
792,35	1447,91
792,54	1462,25
792,72	1474,54
792,91	1441,77
793,10	1445,87
793,28	1425,39
793,47	1476,59
793,66	1366,00
793,84	1439,72
794,03	1337,32
794,22	1476,59
794,40	1443,82
794,59	1517,54
794,77	1380,33
794,96	1363,95
795,15	1480,68
795,33	1437,67
795,52	1419,24
795,71	1396,71
795,89	1372,14
796,08	1462,25
796,27	1523,69
796,45	1372,14
796,64	1421,29
796,82	1423,34
797,01	1443,82
797,20	1460,20
797,38	1406,95
797,57	1320,94
797,76	1445,87
797,94	1417,19
798,13	1429,48
798,31	1411,05
798,50	1390,57
798,69	1445,87
798,87	1392,62
799,06	1427,43
799,24	1331,18
799,43	1404,91
799,62	1357,80
799,80	1308,65
799,99	1521,64
800,17	1396,71
800,36	1398,76
800,55	1488,87
800,73	1435,63
800,92	1449,96
801,10	1343,47
801,29	1421,29
801,48	1380,33
801,66	1382,38
801,85	1284,08
802,03	1452,01
802,22	1388,52
802,40	1392,62
802,59	1443,82
802,78	1419,24
802,96	1433,58
803,15	1505,26
803,33	1447,91
803,52	1499,11
803,70	1413,10
803,89	1398,76
804,08	1419,24
804,26	1425,39
804,45	1341,42
804,63	1390,57
804,82	1468,39
805,00	1449,96
805,19	1413,10
805,37	1472,49
805,56	1490,92
805,74	1400,81
805,93	1370,09
806,12	1378,28
806,30	1409,00
806,49	1474,54
806,67	1427,43
806,86	1423,34
807,04	1492,97
807,23	1396,71
807,41	1347,56
807,60	1460,20
807,78	1353,71
807,97	1648,61
808,15	1288,17
808,34	1372,14
808,52	1435,63
808,71	1431,53
808,89	1370,09
809,08	1468,39
809,27	1476,59
809,45	1370,09
809,64	1396,71
809,82	1411,05
810,01	1447,91
810,19	1499,11
810,38	1443,82
810,56	1464,30
810,75	1490,92
810,93	1386,47
811,12	1376,24
811,30	1468,39
811,49	1370,09
811,67	1460,20
811,85	1484,78
812,04	1394,67
812,22	1423,34
812,41	1478,63
812,59	1505,26
812,78	1411,05
812,96	1384,43
813,15	1476,59
813,33	1417,19
813,52	1447,91
813,70	1429,48
813,89	1349,61
814,07	1406,95
814,26	1452,01
814,44	1421,29
814,63	1382,38
814,81	1441,77
815,00	1361,90
815,18	1409,00
815,36	1454,06
815,55	1441,77
815,73	1425,39
815,92	1488,87
816,10	1476,59
816,29	1470,44
816,47	1355,76
816,66	1394,67
816,84	1433,58
817,02	1441,77
817,21	1429,48
817,39	1355,76
817,58	1464,30
817,76	1486,83
817,95	1439,72
818,13	1409,00
818,32	1333,23
818,50	1497,07
818,68	1460,20
818,87	1533,93
819,05	1449,96
819,24	1431,53
819,42	1454,06
819,60	1398,76
819,79	1484,78
819,97	1378,28
820,16	1472,49
820,34	1486,83
820,53	1433,58
820,71	1435,63
820,89	1347,56
821,08	1443,82
821,26	1380,33
821,45	1345,52
821,63	1406,95
821,81	1398,76
822,00	1470,44
822,18	1503,21
822,37	1519,59
822,55	1341,42
822,73	1466,35
822,92	1445,87
823,10	1468,39
823,28	1419,24
823,47	1396,71
823,65	1382,38
823,84	1435,63
824,02	1486,83
824,20	1472,49
824,39	1396,71
824,57	1605,61
824,75	1390,57
824,94	1427,43
825,12	1576,94
825,31	1370,09
825,49	1495,02
825,67	1501,16
825,86	1439,72
826,04	1470,44
826,22	1533,93
826,41	1443,82
826,59	1484,78
826,77	1488,87
826,96	1546,22
827,14	1394,67
827,32	1376,24
827,51	1464,30
827,69	1454,06
827,87	1509,35
828,06	1497,07
828,24	1421,29
828,42	1331,18
828,61	1505,26
828,79	1435,63
828,97	1488,87
829,16	1538,02
829,34	1503,21
829,52	1484,78
829,71	1542,12
829,89	1505,26
830,07	1482,73
830,26	1495,02
830,44	1468,39
830,62	1511,40
830,81	1452,01
830,99	1433,58
831,17	1449,96
831,36	1425,39
831,54	1558,50
831,72	1501,16
831,91	1394,67
832,09	1474,54
832,27	1445,87
832,45	1509,35
832,64	1460,20
832,82	1513,45
833,00	1443,82
833,19	1368,04
833,37	1478,63
833,55	1501,16
833,73	1523,69
833,92	1558,50
834,10	1419,24
834,28	1415,15
834,47	1495,02
834,65	1396,71
834,83	1454,06
835,01	1521,64
835,20	1417,19
835,38	1552,36
835,56	1476,59
835,74	1515,50
835,93	1576,94
836,11	1617,90
836,29	1560,55
836,47	1585,13
836,66	1425,39
836,84	1503,21
837,02	1413,10
837,21	1576,94
837,39	1443,82
837,57	1589,22
837,75	1437,67
837,94	1480,68
838,12	1482,73
838,30	1529,83
838,48	1538,02
838,66	1492,97
838,85	1552,36
839,03	1480,68
839,21	1490,92
839,39	1423,34
839,58	1470,44
839,76	1566,70
839,94	1544,17
840,12	1431,53
840,31	1542,12
840,49	1511,40
840,67	1558,50
840,85	1370,09
841,03	1439,72
841,22	1431,53
841,40	1505,26
841,58	1542,12
841,76	1380,33
841,94	1462,25
842,13	1624,04
842,31	1462,25
842,49	1529,83
842,67	1452,01
842,85	1560,55
843,04	1576,94
843,22	1560,55
843,40	1472,49
843,58	1533,93
843,76	1486,83
843,95	1527,78
844,13	1466,35
844,31	1478,63
844,49	1529,83
844,67	1492,97
844,86	1527,78
845,04	1435,63
845,22	1445,87
845,40	1527,78
845,58	1535,98
845,76	1474,54
845,95	1589,22
846,13	1482,73
846,31	1538,02
846,49	1472,49
846,67	1509,35
846,85	1507,30
847,04	1478,63
847,22	1490,92
847,40	1474,54
847,58	1427,43
847,76	1527,78
847,94	1462,25
848,12	1509,35
848,31	1552,36
848,49	1527,78
848,67	1576,94
848,85	1535,98
849,03	1517,54
849,21	1568,74
849,39	1540,07
849,58	1554,41
849,76	1454,06
849,94	1636,33
850,12	1478,63
850,30	1525,74
850,48	1578,98
850,66	1529,83
850,84	1560,55
851,03	1546,22
851,21	1521,64
851,39	1474,54
851,57	1546,22
851,75	1535,98
851,93	1464,30
852,11	1597,42
852,29	1515,50
852,47	1523,69
852,66	1540,07
852,84	1452,01
853,02	1474,54
853,20	1587,18
853,38	1546,22
853,56	1576,94
853,74	1548,26
853,92	1566,70
854,10	1517,54
854,28	1511,40
854,46	1525,74
854,65	1523,69
854,83	1513,45
855,01	1556,46
855,19	1542,12
855,37	1597,42
855,55	1601,51
855,73	1615,85
855,91	1529,83
856,09	1574,89
856,27	1572,84
856,45	1527,78
856,63	1505,26
856,81	1595,37
857,00	1484,78
857,18	1535,98
857,36	1484,78
857,54	1509,35
857,72	1531,88
857,90	1560,55
858,08	1583,08
858,26	1484,78
858,44	1548,26
858,62	1517,54
858,80	1548,26
858,98	1669,09
859,16	1484,78
859,34	1499,11
859,52	1484,78
859,70	1607,66
859,88	1523,69
860,06	1480,68
860,24	1509,35
860,42	1499,11
860,60	1556,46
860,78	1480,68
860,96	1560,55
861,14	1599,46
861,32	1554,41
861,50	1583,08
861,69	1501,16
861,87	1503,21
862,05	1468,39
862,23	1519,59
862,41	1531,88
862,59	1501,16
862,77	1583,08
862,95	1578,98
863,13	1548,26
863,31	1607,66
863,49	1439,72
863,67	1503,21
863,85	1525,74
864,03	1527,78
864,21	1476,59
864,39	1527,78
864,57	1521,64
864,75	1525,74
864,92	1683,43
865,10	1595,37
865,28	1513,45
865,46	1495,02
865,64	1472,49
865,82	1538,02
866,00	1427,43
866,18	1507,30
866,36	1513,45
866,54	1644,52
866,72	1556,46
866,90	1593,32
867,08	1562,60
867,26	1462,25
867,44	1525,74
867,62	1568,74
867,80	1513,45
867,98	1595,37
868,16	1527,78
868,34	1554,41
868,52	1531,88
868,70	1570,79
868,88	1466,35
869,06	1562,60
869,24	1558,50
869,42	1509,35
869,59	1562,60
869,77	1538,02
869,95	1556,46
870,13	1482,73
870,31	1495,02
870,49	1595,37
870,67	1433,58
870,85	1482,73
871,03	1595,37
871,21	1581,03
871,39	1523,69
871,57	1685,48
871,75	1431,53
871,92	1529,83
872,10	1558,50
872,28	1482,73
872,46	1431,53
872,64	1488,87
872,82	1501,16
873,00	1466,35
873,18	1527,78
873,36	1546,22
873,54	1499,11
873,72	1423,34
873,89	1468,39
874,07	1488,87
874,25	1607,66
874,43	1480,68
874,61	1505,26
874,79	1497,07
874,97	1505,26
875,15	1509,35
875,33	1501,16
875,50	1542,12
875,68	1478,63
875,86	1566,70
876,04	1570,79
876,22	1495,02
876,40	1488,87
876,58	1556,46
876,76	1548,26
876,93	1540,07
877,11	1501,16
877,29	1554,41
877,47	1527,78
877,65	1515,50
877,83	1578,98
878,01	1501,16
878,18	1476,59
878,36	1490,92
878,54	1527,78
878,72	1538,02
878,90	1431,53
879,08	1535,98
879,25	1531,88
879,43	1490,92
879,61	1533,93
879,79	1533,93
879,97	1501,16
880,15	1505,26
880,32	1445,87
880,50	1591,27
880,68	1560,55
880,86	1552,36
881,04	1527,78
881,22	1492,97
881,39	1525,74
881,57	1619,94
881,75	1570,79
881,93	1538,02
882,11	1568,74
882,28	1486,83
882,46	1499,11
882,64	1464,30
882,82	1511,40
883,00	1535,98
883,18	1589,22
883,35	1578,98
883,53	1542,12
883,71	1581,03
883,89	1499,11
884,07	1556,46
884,24	1499,11
884,42	1466,35
884,60	1558,50
884,78	1634,28
884,95	1521,64
885,13	1540,07
885,31	1513,45
885,49	1437,67
885,67	1501,16
885,84	1427,43
886,02	1568,74
886,20	1544,17
886,38	1468,39
886,55	1492,97
886,73	1529,83
886,91	1513,45
887,09	1462,25
887,26	1566,70
887,44	1564,65
887,62	1566,70
887,80	1452,01
887,98	1527,78
888,15	1488,87
888,33	1445,87
888,51	1476,59
888,69	1497,07
888,86	1525,74
889,04	1517,54
889,22	1476,59
889,39	1515,50
889,57	1548,26
889,75	1535,98
889,93	1519,59
890,10	1472,49
890,28	1462,25
890,46	1589,22
890,64	1531,88
890,81	1525,74
890,99	1443,82
891,17	1390,57
891,34	1560,55
891,52	1488,87
891,70	1501,16
891,88	1425,39
892,05	1486,83
892,23	1540,07
892,41	1468,39
892,58	1429,48
892,76	1456,11
892,94	1513,45
893,12	1533,93
893,29	1533,93
893,47	1462,25
893,65	1533,93
893,82	1480,68
894,00	1546,22
894,18	1456,11
894,35	1458,15
894,53	1505,26
894,71	1515,50
894,89	1443,82
895,06	1454,06
895,24	1394,67
895,42	1513,45
895,59	1447,91
895,77	1468,39
895,95	1480,68
896,12	1503,21
896,30	1462,25
896,48	1413,10
896,65	1505,26
896,83	1406,95
897,01	1490,92
897,18	1509,35
897,36	1523,69
897,54	1456,11
897,71	1519,59
897,89	1488,87
898,07	1456,11
898,24	1411,05
898,42	1497,07
898,59	1503,21
898,77	1384,43
898,95	1402,86
899,12	1462,25
899,30	1488,87
899,48	1550,31
899,65	1474,54
899,83	1437,67
900,01	1435,63
900,18	1544,17
900,36	1501,16
900,53	1421,29
900,71	1454,06
900,89	1521,64
901,06	1509,35
901,24	1439,72
901,42	1458,15
901,59	1423,34
901,77	1527,78
901,94	1515,50
902,12	1480,68
902,30	1445,87
902,47	1484,78
902,65	1415,15
902,82	1511,40
903,00	1464,30
903,18	1492,97
903,35	1404,91
903,53	1441,77
903,70	1411,05
903,88	1521,64
904,06	1542,12
904,23	1458,15
904,41	1476,59
904,58	1474,54
904,76	1476,59
904,93	1462,25
905,11	1454,06
905,29	1511,40
905,46	1447,91
905,64	1544,17
905,81	1427,43
905,99	1511,40
906,16	1519,59
906,34	1445,87
906,52	1458,15
906,69	1456,11
906,87	1521,64
907,04	1425,39
907,22	1449,96
907,39	1488,87
907,57	1413,10
907,75	1511,40
907,92	1470,44
908,10	1533,93
908,27	1425,39
908,45	1464,30
908,62	1519,59
908,80	1464,30
908,97	1490,92
909,15	1540,07
909,32	1476,59
909,50	1484,78
909,67	1497,07
909,85	1515,50
910,03	1394,67
910,20	1449,96
910,38	1488,87
910,55	1550,31
910,73	1566,70
910,90	1452,01
911,08	1509,35
911,25	1550,31
911,43	1515,50
911,60	1472,49
911,78	1523,69
911,95	1492,97
912,13	1507,30
912,30	1497,07
912,48	1411,05
912,65	1404,91
912,83	1456,11
913,00	1464,30
913,18	1533,93
913,35	1413,10
913,53	1437,67
913,70	1617,90
913,88	1527,78
914,05	1521,64
914,23	1495,02
914,40	1515,50
914,58	1476,59
914,75	1425,39
914,93	1476,59
915,10	1447,91
915,27	1558,50
915,45	1521,64
915,62	1503,21
915,80	1552,36
915,97	1460,20
916,15	1454,06
916,32	1566,70
916,50	1478,63
916,67	1482,73
916,85	1495,02
917,02	1468,39
917,20	1607,66
917,37	1472,49
917,54	1515,50
917,72	1474,54
917,89	1437,67
918,07	1499,11
918,24	1523,69
918,42	1554,41
918,59	1568,74
918,77	1525,74
918,94	1429,48
919,11	1447,91
919,29	1484,78
919,46	1492,97
919,64	1433,58
919,81	1603,56
919,99	1497,07
920,16	1636,33
920,33	1501,16
920,51	1505,26
920,68	1583,08
920,86	1607,66
921,03	1546,22
921,20	1505,26
921,38	1495,02
921,55	1538,02
921,73	1443,82
921,90	1460,20
922,07	1544,17
922,25	1544,17
922,42	1458,15
922,60	1488,87
922,77	1560,55
922,94	1562,60
923,12	1550,31
923,29	1484,78
923,47	1531,88
923,64	1458,15
923,81	1531,88
923,99	1488,87
924,16	1595,37
924,34	1538,02
924,51	1486,83
924,68	1556,46
924,86	1515,50
925,03	1501,16
925,20	1578,98
925,38	1560,55
925,55	1574,89
925,72	1540,07
925,90	1472,49
926,07	1447,91
926,25	1540,07
926,42	1505,26
926,59	1585,13
926,77	1525,74
926,94	1521,64
927,11	1482,73
927,29	1583,08
927,46	1458,15
927,63	1546,22
927,81	1488,87
927,98	1531,88
928,15	1554,41
928,33	1593,32
928,50	1488,87
928,67	1558,50
928,85	1497,07
929,02	1464,30
929,19	1595,37
929,37	1597,42
929,54	1474,54
929,71	1581,03
929,89	1589,22
930,06	1486,83
930,23	1492,97
930,41	1552,36
930,58	1480,68
930,75	1503,21
930,92	1662,95
931,10	1583,08
931,27	1394,67
931,44	1617,90
931,62	1550,31
931,79	1464,30
931,96	1630,18
932,14	1574,89
932,31	1640,42
932,48	1595,37
932,65	1441,77
932,83	1495,02
933,00	1484,78
933,17	1566,70
933,35	1617,90
933,52	1550,31
933,69	1611,75
933,86	1523,69
934,04	1564,65
934,21	1490,92
934,38	1593,32
934,55	1552,36
934,73	1409,00
934,90	1486,83
935,07	1581,03
935,25	1615,85
935,42	1470,44
935,59	1595,37
935,76	1527,78
935,94	1429,48
936,11	1538,02
936,28	1517,54
936,45	1478,63
936,63	1554,41
936,80	1519,59
936,97	1595,37
937,14	1484,78
937,31	1550,31
937,49	1589,22
937,66	1581,03
937,83	1470,44
938,00	1492,97
938,18	1615,85
938,35	1558,50
938,52	1628,14
938,69	1578,98
938,87	1564,65
939,04	1519,59
939,21	1511,40
939,38	1464,30
939,55	1556,46
939,73	1558,50
939,90	1554,41
940,07	1578,98
940,24	1576,94
940,41	1495,02
940,59	1472,49
940,76	1603,56
940,93	1548,26
941,10	1488,87
941,27	1558,50
941,45	1501,16
941,62	1568,74
941,79	1478,63
941,96	1527,78
942,13	1578,98
942,31	1583,08
942,48	1525,74
942,65	1693,67
942,82	1550,31
942,99	1607,66
943,16	1540,07
943,34	1583,08
943,51	1497,07
943,68	1527,78
943,85	1513,45
944,02	1423,34
944,19	1548,26
944,37	1554,41
944,54	1638,38
944,71	1591,27
944,88	1648,61
945,05	1488,87
945,22	1505,26
945,40	1564,65
945,57	1478,63
945,74	1513,45
945,91	1554,41
946,08	1554,41
946,25	1671,14
946,42	1470,44
946,60	1552,36
946,77	1576,94
946,94	1595,37
947,11	1531,88
947,28	1503,21
947,45	1478,63
947,62	1529,83
947,79	1511,40
947,97	1587,18
948,14	1703,91
948,31	1550,31
948,48	1466,35
948,65	1490,92
948,82	1470,44
948,99	1599,46
949,16	1572,84
949,33	1535,98
949,51	1531,88
949,68	1521,64
949,85	1515,50
950,02	1576,94
950,19	1499,11
950,36	1511,40
950,53	1548,26
950,70	1417,19
950,87	1478,63
951,04	1519,59
951,22	1484,78
951,39	1587,18
951,56	1558,50
951,73	1527,78
951,90	1458,15
952,07	1576,94
952,24	1505,26
952,41	1619,94
952,58	1554,41
952,75	1492,97
952,92	1449,96
953,09	1501,16
953,26	1509,35
953,43	1595,37
953,61	1519,59
953,78	1613,80
953,95	1499,11
954,12	1529,83
954,29	1505,26
954,46	1560,55
954,63	1550,31
954,80	1527,78
954,97	1462,25
955,14	1546,22
955,31	1560,55
955,48	1443,82
955,65	1538,02
955,82	1513,45
955,99	1515,50
956,16	1452,01
956,33	1550,31
956,50	1482,73
956,67	1492,97
956,84	1558,50
957,01	1458,15
957,18	1456,11
957,35	1452,01
957,52	1513,45
957,69	1468,39
957,86	1429,48
958,03	1470,44
958,20	1447,91
958,37	1447,91
958,54	1423,34
958,71	1495,02
958,88	1505,26
959,05	1480,68
959,22	1517,54
959,39	1511,40
959,56	1495,02
959,73	1507,30
959,90	1560,55
960,07	1478,63
960,24	1495,02
960,41	1476,59
960,58	1503,21
960,75	1505,26
960,92	1533,93
961,09	1513,45
961,26	1533,93
961,43	1595,37
961,60	1452,01
961,77	1515,50
961,94	1421,29
962,11	1484,78
962,28	1538,02
962,45	1443,82
962,62	1511,40
962,79	1546,22
962,96	1527,78
963,13	1490,92
963,30	1492,97
963,47	1472,49
963,64	1460,20
963,81	1517,54
963,98	1472,49
964,14	1462,25
964,31	1492,97
964,48	1583,08
964,65	1460,20
964,82	1470,44
964,99	1470,44
965,16	1423,34
965,33	1531,88
965,50	1480,68
965,67	1447,91
965,84	1517,54
966,01	1415,15
966,18	1447,91
966,35	1458,15
966,51	1458,15
966,68	1533,93
966,85	1390,57
967,02	1484,78
967,19	1447,91
967,36	1435,63
967,53	1499,11
967,70	1521,64
967,87	1460,20
968,04	1503,21
968,21	1449,96
968,37	1525,74
968,54	1423,34
968,71	1492,97
968,88	1388,52
969,05	1439,72
969,22	1386,47
969,39	1497,07
969,56	1495,02
969,72	1462,25
969,89	1546,22
970,06	1499,11
970,23	1464,30
970,40	1540,07
970,57	1445,87
970,74	1464,30
970,91	1449,96
971,07	1435,63
971,24	1486,83
971,41	1550,31
971,58	1513,45
971,75	1445,87
971,92	1515,50
972,09	1503,21
972,25	1445,87
972,42	1488,87
972,59	1452,01
972,76	1409,00
972,93	1433,58
973,10	1400,81
973,27	1533,93
973,43	1388,52
973,60	1464,30
973,77	1525,74
973,94	1464,30
974,11	1527,78
974,28	1519,59
974,44	1425,39
974,61	1449,96
974,78	1523,69
974,95	1374,19
975,12	1421,29
975,28	1443,82
975,45	1413,10
975,62	1394,67
975,79	1413,10
975,96	1439,72
976,12	1452,01
976,29	1454,06
976,46	1490,92
976,63	1384,43
976,80	1398,76
976,96	1464,30
977,13	1476,59
977,30	1480,68
977,47	1482,73
977,64	1521,64
977,80	1378,28
977,97	1447,91
978,14	1472,49
978,31	1472,49
978,48	1409,00
978,64	1406,95
978,81	1439,72
978,98	1429,48
979,15	1423,34
979,31	1519,59
979,48	1431,53
979,65	1382,38
979,82	1501,16
979,98	1378,28
980,15	1411,05
980,32	1525,74
980,49	1402,86
980,66	1423,34
980,82	1374,19
980,99	1480,68
981,16	1423,34
981,33	1406,95
981,49	1322,99
981,66	1488,87
981,83	1411,05
981,99	1419,24
982,16	1488,87
982,33	1456,11
982,50	1388,52
982,66	1464,30
982,83	1366,00
983,00	1472,49
983,17	1452,01
983,33	1351,66
983,50	1472,49
983,67	1425,39
983,83	1402,86
984,00	1337,32
984,17	1501,16
984,34	1320,94
984,50	1361,90
984,67	1421,29
984,84	1462,25
985,00	1386,47
985,17	1433,58
985,34	1413,10
985,51	1423,34
985,67	1411,05
985,84	1435,63
986,01	1466,35
986,17	1458,15
986,34	1411,05
986,51	1368,04
986,67	1392,62
986,84	1486,83
987,01	1394,67
987,17	1417,19
987,34	1409,00
987,51	1374,19
987,67	1417,19
987,84	1382,38
988,01	1468,39
988,17	1339,37
988,34	1325,04
988,51	1413,10
988,67	1499,11
988,84	1468,39
989,01	1372,14
989,17	1337,32
989,34	1382,38
989,51	1449,96
989,67	1515,50
989,84	1443,82
990,01	1359,85
990,17	1390,57
990,34	1388,52
990,51	1380,33
990,67	1372,14
990,84	1337,32
991,01	1388,52
991,17	1445,87
991,34	1341,42
991,50	1351,66
991,67	1404,91
991,84	1351,66
992,00	1378,28
992,17	1398,76
992,34	1427,43
992,50	1398,76
992,67	1394,67
992,83	1415,15
993,00	1396,71
993,17	1497,07
993,33	1441,77
993,50	1497,07
993,66	1394,67
993,83	1454,06
994,00	1484,78
994,16	1384,43
994,33	1388,52
994,49	1411,05
994,66	1472,49
994,83	1413,10
994,99	1396,71
995,16	1470,44
995,32	1419,24
995,49	1497,07
995,66	1396,71
995,82	1400,81
995,99	1353,71
996,15	1425,39
996,32	1417,19
996,48	1386,47
996,65	1304,56
996,82	1423,34
996,98	1308,65
997,15	1466,35
997,31	1501,16
997,48	1447,91
997,64	1353,71
997,81	1445,87
997,97	1400,81
998,14	1392,62
998,31	1327,08
998,47	1341,42
998,64	1423,34
998,80	1343,47
998,97	1404,91
999,13	1421,29
999,30	1366,00
999,46	1425,39
999,63	1421,29
999,79	1406,95
999,96	1394,67
1000,12	1435,63
1000,29	1378,28
1000,45	1427,43
1000,62	1355,76
1000,79	1462,25
1000,95	1515,50
1001,12	1406,95
1001,28	1353,71
1001,45	1470,44
1001,61	1435,63
1001,78	1370,09
1001,94	1449,96
1002,11	1505,26
1002,27	1388,52
1002,44	1402,86
1002,60	1419,24
1002,77	1443,82
1002,93	1423,34
1003,10	1402,86
1003,26	1445,87
1003,43	1470,44
1003,59	1406,95
1003,76	1378,28
1003,92	1392,62
1004,09	1392,62
1004,25	1386,47
1004,41	1458,15
1004,58	1390,57
1004,74	1384,43
1004,91	1368,04
1005,07	1366,00
1005,24	1519,59
1005,40	1443,82
1005,57	1269,74
1005,73	1411,05
1005,90	1370,09
1006,06	1421,29
1006,23	1439,72
1006,39	1386,47
1006,55	1353,71
1006,72	1335,28
1006,88	1372,14
1007,05	1427,43
1007,21	1351,66
1007,38	1419,24
1007,54	1388,52
1007,71	1370,09
1007,87	1396,71
1008,03	1476,59
1008,20	1425,39
1008,36	1445,87
1008,53	1380,33
1008,69	1351,66
1008,86	1452,01
1009,02	1398,76
1009,18	1466,35
1009,35	1415,15
1009,51	1302,51
1009,68	1470,44
1009,84	1378,28
1010,01	1376,24
1010,17	1368,04
1010,33	1439,72
1010,50	1392,62
1010,66	1411,05
1010,83	1437,67
1010,99	1433,58
1011,15	1337,32
1011,32	1476,59
1011,48	1316,84
1011,65	1398,76
1011,81	1417,19
1011,97	1402,86
1012,14	1517,54
1012,30	1421,29
1012,46	1423,34
1012,63	1413,10
1012,79	1439,72
1012,96	1480,68
1013,12	1419,24
1013,28	1421,29
1013,45	1394,67
1013,61	1329,13
1013,77	1415,15
1013,94	1318,89
1014,10	1398,76
1014,26	1333,23
1014,43	1437,67
1014,59	1345,52
1014,76	1460,20
1014,92	1492,97
1015,08	1398,76
1015,25	1386,47
1015,41	1409,00
1015,57	1445,87
1015,74	1337,32
1015,90	1337,32
1016,06	1271,79
1016,23	1363,95
1016,39	1384,43
1016,55	1370,09
1016,72	1363,95
1016,88	1452,01
1017,04	1357,80
1017,21	1386,47
1017,37	1359,85
1017,53	1357,80
1017,70	1419,24
1017,86	1333,23
1018,02	1327,08
1018,19	1370,09
1018,35	1343,47
1018,51	1406,95
1018,67	1394,67
1018,84	1411,05
1019,00	1382,38
1019,16	1398,76
1019,33	1392,62
1019,49	1417,19
1019,65	1318,89
1019,82	1341,42
1019,98	1359,85
1020,14	1409,00
1020,30	1454,06
1020,47	1341,42
1020,63	1435,63
1020,79	1413,10
1020,96	1382,38
1021,12	1372,14
1021,28	1427,43
1021,44	1382,38
1021,61	1462,25
1021,77	1349,61
1021,93	1400,81
1022,09	1417,19
1022,26	1470,44
1022,42	1404,91
1022,58	1404,91
1022,74	1359,85
1022,91	1452,01
1023,07	1394,67
1023,23	1345,52
1023,39	1503,21
1023,56	1392,62
1023,72	1486,83
1023,88	1396,71
1024,04	1419,24
1024,21	1462,25
1024,37	1484,78
1024,53	1488,87
1024,69	1394,67
1024,86	1415,15
1025,02	1394,67
1025,18	1390,57
1025,34	1384,43
1025,50	1423,34
1025,67	1449,96
1025,83	1429,48
1025,99	1456,11
1026,15	1449,96
1026,32	1327,08
1026,48	1435,63
1026,64	1462,25
1026,80	1517,54
1026,96	1456,11
1027,13	1433,58
1027,29	1462,25
1027,45	1402,86
1027,61	1392,62
1027,77	1386,47
1027,94	1394,67
1028,10	1339,37
1028,26	1359,85
1028,42	1361,90
1028,58	1357,80
1028,75	1366,00
1028,91	1449,96
1029,07	1343,47
1029,23	1423,34
1029,39	1380,33
1029,55	1378,28
1029,72	1413,10
1029,88	1372,14
1030,04	1425,39
1030,20	1431,53
1030,36	1339,37
1030,52	1470,44
1030,69	1431,53
1030,85	1464,30
1031,01	1419,24
1031,17	1421,29
1031,33	1402,86
1031,49	1419,24
1031,65	1411,05
1031,82	1320,94
1031,98	1370,09
1032,14	1349,61
1032,30	1357,80
1032,46	1452,01
1032,62	1380,33
1032,78	1468,39
1032,95	1322,99
1033,11	1411,05
1033,27	1378,28
1033,43	1421,29
1033,59	1400,81
1033,75	1406,95
1033,91	1378,28
1034,07	1509,35
1034,24	1368,04
1034,40	1355,76
1034,56	1404,91
1034,72	1462,25
1034,88	1492,97
1035,04	1374,19
1035,20	1396,71
1035,36	1316,84
1035,52	1370,09
1035,68	1370,09
1035,85	1411,05
1036,01	1445,87
1036,17	1497,07
1036,33	1271,79
1036,49	1320,94
1036,65	1404,91
1036,81	1337,32
1036,97	1404,91
1037,13	1386,47
1037,29	1368,04
1037,45	1470,44
1037,61	1382,38
1037,78	1339,37
1037,94	1368,04
1038,10	1464,30
1038,26	1443,82
1038,42	1386,47
1038,58	1394,67
1038,74	1343,47
1038,90	1460,20
1039,06	1351,66
1039,22	1411,05
1039,38	1390,57
1039,54	1472,49
1039,70	1388,52
1039,86	1363,95
1040,02	1368,04
1040,18	1452,01
1040,34	1384,43
1040,50	1460,20
1040,66	1431,53
1040,83	1392,62
1040,99	1425,39
1041,15	1470,44
1041,31	1433,58
1041,47	1366,00
1041,63	1441,77
1041,79	1400,81
1041,95	1384,43
1042,11	1366,00
1042,27	1390,57
1042,43	1404,91
1042,59	1505,26
1042,75	1308,65
1042,91	1415,15
