344,25	1239,02
344,46	1239,02
344,68	1239,02
344,90	1273,84
345,12	1241,07
345,34	1361,90
345,55	1347,56
345,77	1449,96
345,99	1404,91
346,21	1437,67
346,42	1394,67
346,64	1370,09
346,86	1370,09
347,08	1419,24
347,30	1355,76
347,51	1355,76
347,73	1388,52
347,95	1443,82
348,17	1409,00
348,38	1402,86
348,60	1361,90
348,82	1392,62
349,04	1300,46
349,25	1492,97
349,47	1370,09
349,69	1468,39
349,91	1511,40
350,13	1474,54
350,34	1392,62
350,56	1294,32
350,78	1404,91
351,00	1425,39
351,21	1486,83
351,43	1421,29
351,65	1423,34
351,87	1452,01
352,08	1429,48
352,30	1421,29
352,52	1415,15
352,74	1370,09
352,95	1499,11
353,17	1478,63
353,39	1388,52
353,61	1452,01
353,82	1515,50
354,04	1390,57
354,26	1341,42
354,47	1464,30
354,69	1435,63
354,91	1308,65
355,13	1439,72
355,34	1357,80
355,56	1400,81
355,78	1427,43
356,00	1427,43
356,21	1314,80
356,43	1427,43
356,65	1341,42
356,86	1392,62
357,08	1347,56
357,30	1431,53
357,52	1423,34
357,73	1347,56
357,95	1357,80
358,17	1392,62
358,38	1452,01
358,60	1423,34
358,82	1527,78
359,04	1435,63
359,25	1566,70
359,47	1486,83
359,69	1439,72
359,90	1427,43
360,12	1488,87
360,34	1476,59
360,56	1394,67
360,77	1550,31
360,99	1497,07
361,21	1480,68
361,42	1472,49
361,64	1517,54
361,86	1468,39
362,07	1427,43
362,29	1388,52
362,51	1486,83
362,73	1433,58
362,94	1437,67
363,16	1492,97
363,38	1318,89
363,59	1478,63
363,81	1402,86
364,03	1476,59
364,24	1484,78
364,46	1509,35
364,68	1394,67
364,89	1347,56
365,11	1513,45
365,33	1560,55
365,54	1519,59
365,76	1439,72
365,98	1501,16
366,19	1495,02
366,41	1542,12
366,63	1384,43
366,84	1353,71
367,06	1417,19
367,28	1548,26
367,49	1423,34
367,71	1507,30
367,93	1425,39
368,14	1468,39
368,36	1380,33
368,58	1468,39
368,79	1421,29
369,01	1484,78
369,23	1544,17
369,44	1564,65
369,66	1468,39
369,88	1533,93
370,09	1419,24
370,31	1460,20
370,53	1507,30
370,74	1406,95
370,96	1456,11
371,18	1509,35
371,39	1490,92
371,61	1544,17
371,82	1515,50
372,04	1429,48
372,26	1495,02
372,47	1462,25
372,69	1421,29
372,91	1464,30
373,12	1456,11
373,34	1525,74
373,56	1406,95
373,77	1361,90
373,99	1394,67
374,20	1456,11
374,42	1437,67
374,64	1570,79
374,85	1413,10
375,07	1523,69
375,29	1507,30
375,50	1468,39
375,72	1417,19
375,93	1447,91
376,15	1437,67
376,37	1466,35
376,58	1394,67
376,80	1529,83
377,01	1472,49
377,23	1443,82
377,45	1419,24
377,66	1476,59
377,88	1447,91
378,10	1513,45
378,31	1466,35
378,53	1452,01
378,74	1462,25
378,96	1447,91
379,18	1472,49
379,39	1462,25
379,61	1460,20
379,82	1452,01
380,04	1466,35
380,26	1452,01
380,47	1421,29
380,69	1441,77
380,90	1509,35
381,12	1415,15
381,33	1427,43
381,55	1452,01
381,77	1413,10
381,98	1437,67
382,20	1382,38
382,41	1402,86
382,63	1509,35
382,85	1513,45
383,06	1484,78
383,28	1480,68
383,49	1486,83
383,71	1507,30
383,92	1329,13
384,14	1437,67
384,36	1421,29
384,57	1396,71
384,79	1497,07
385,00	1427,43
385,22	1480,68
385,43	1421,29
385,65	1404,91
385,87	1437,67
386,08	1378,28
386,30	1497,07
386,51	1468,39
386,73	1427,43
386,94	1441,77
387,16	1374,19
387,37	1472,49
387,59	1439,72
387,81	1370,09
388,02	1445,87
388,24	1382,38
388,45	1345,52
388,67	1404,91
388,88	1417,19
389,10	1470,44
389,31	1492,97
389,53	1368,04
389,75	1515,50
389,96	1443,82
390,18	1386,47
390,39	1413,10
390,61	1449,96
390,82	1419,24
391,04	1433,58
391,25	1488,87
391,47	1452,01
391,68	1382,38
391,90	1488,87
392,11	1474,54
392,33	1431,53
392,54	1437,67
392,76	1431,53
392,97	1398,76
393,19	1521,64
393,41	1468,39
393,62	1423,34
393,84	1570,79
394,05	1406,95
394,27	1380,33
394,48	1482,73
394,70	1497,07
394,91	1505,26
395,13	1505,26
395,34	1390,57
395,56	1394,67
395,77	1525,74
395,99	1400,81
396,20	1472,49
396,42	1406,95
396,63	1497,07
396,85	1466,35
397,06	1464,30
397,28	1507,30
397,49	1384,43
397,71	1468,39
397,92	1429,48
398,14	1452,01
398,35	1593,32
398,57	1458,15
398,78	1431,53
399,00	1425,39
399,21	1464,30
399,43	1452,01
399,64	1495,02
399,86	1517,54
400,07	1490,92
400,29	1417,19
400,50	1581,03
400,72	1519,59
400,93	1464,30
401,14	1466,35
401,36	1578,98
401,57	1488,87
401,79	1609,70
402,00	1382,38
402,22	1433,58
402,43	1439,72
402,65	1421,29
402,86	1466,35
403,08	1521,64
403,29	1497,07
403,51	1439,72
403,72	1452,01
403,94	1433,58
404,15	1435,63
404,36	1462,25
404,58	1675,24
404,79	1509,35
405,01	1511,40
405,22	1380,33
405,44	1464,30
405,65	1472,49
405,87	1474,54
406,08	1427,43
406,30	1460,20
406,51	1519,59
406,72	1527,78
406,94	1505,26
407,15	1472,49
407,37	1464,30
407,58	1423,34
407,80	1470,44
408,01	1460,20
408,23	1474,54
408,44	1445,87
408,65	1380,33
408,87	1472,49
409,08	1517,54
409,30	1454,06
409,51	1511,40
409,73	1343,47
409,94	1482,73
410,15	1519,59
410,37	1490,92
410,58	1452,01
410,80	1425,39
411,01	1449,96
411,23	1492,97
411,44	1374,19
411,65	1564,65
411,87	1406,95
412,08	1529,83
412,30	1433,58
412,51	1474,54
412,72	1533,93
412,94	1472,49
413,15	1433,58
413,37	1435,63
413,58	1499,11
413,79	1388,52
414,01	1505,26
414,22	1527,78
414,44	1400,81
414,65	1439,72
414,86	1490,92
415,08	1462,25
415,29	1359,85
415,51	1423,34
415,72	1497,07
415,93	1417,19
416,15	1425,39
416,36	1411,05
416,58	1411,05
416,79	1456,11
417,00	1527,78
417,22	1509,35
417,43	1439,72
417,65	1460,20
417,86	1509,35
418,07	1482,73
418,29	1470,44
418,50	1519,59
418,71	1435,63
418,93	1296,36
419,14	1386,47
419,36	1427,43
419,57	1474,54
419,78	1464,30
420,00	1409,00
420,21	1439,72
420,42	1552,36
420,64	1466,35
420,85	1486,83
421,06	1454,06
421,28	1478,63
421,49	1535,98
421,71	1499,11
421,92	1517,54
422,13	1417,19
422,35	1449,96
422,56	1495,02
422,77	1390,57
422,99	1449,96
423,20	1484,78
423,41	1429,48
423,63	1445,87
423,84	1484,78
424,05	1529,83
424,27	1517,54
424,48	1458,15
424,69	1519,59
424,91	1677,29
425,12	1439,72
425,33	1411,05
425,55	1421,29
425,76	1478,63
425,97	1472,49
426,19	1568,74
426,40	1427,43
426,61	1454,06
426,83	1466,35
427,04	1513,45
427,25	1474,54
427,47	1472,49
427,68	1462,25
427,89	1572,84
428,11	1601,51
428,32	1497,07
428,53	1525,74
428,75	1435,63
428,96	1613,80
429,17	1507,30
429,39	1474,54
429,60	1482,73
429,81	1517,54
430,03	1482,73
430,24	1447,91
430,45	1525,74
430,67	1503,21
430,88	1521,64
431,09	1470,44
431,30	1417,19
431,52	1468,39
431,73	1464,30
431,94	1435,63
432,16	1468,39
432,37	1441,77
432,58	1454,06
432,80	1460,20
433,01	1484,78
433,22	1454,06
433,43	1499,11
433,65	1390,57
433,86	1421,29
434,07	1427,43
434,29	1482,73
434,50	1431,53
434,71	1509,35
434,92	1433,58
435,14	1484,78
435,35	1458,15
435,56	1443,82
435,77	1505,26
435,99	1480,68
436,20	1460,20
436,41	1435,63
436,63	1456,11
436,84	1415,15
437,05	1400,81
437,26	1429,48
437,48	1484,78
437,69	1476,59
437,90	1492,97
438,11	1507,30
438,33	1486,83
438,54	1482,73
438,75	1505,26
438,96	1490,92
439,18	1417,19
439,39	1470,44
439,60	1482,73
439,82	1456,11
440,03	1552,36
440,24	1503,21
440,45	1470,44
440,67	1454,06
440,88	1429,48
441,09	1501,16
441,30	1484,78
441,51	1441,77
441,73	1501,16
441,94	1507,30
442,15	1429,48
442,36	1552,36
442,58	1390,57
442,79	1406,95
443,00	1433,58
443,21	1548,26
443,43	1392,62
443,64	1548,26
443,85	1458,15
444,06	1509,35
444,28	1470,44
444,49	1423,34
444,70	1419,24
444,91	1433,58
445,12	1447,91
445,34	1497,07
445,55	1501,16
445,76	1406,95
445,97	1452,01
446,18	1511,40
446,40	1523,69
446,61	1513,45
446,82	1394,67
447,03	1546,22
447,25	1484,78
447,46	1478,63
447,67	1464,30
447,88	1460,20
448,09	1468,39
448,31	1566,70
448,52	1564,65
448,73	1519,59
448,94	1540,07
449,15	1497,07
449,37	1423,34
449,58	1552,36
449,79	1406,95
450,00	1574,89
450,21	1458,15
450,43	1576,94
450,64	1349,61
450,85	1472,49
451,06	1517,54
451,27	1519,59
451,48	1460,20
451,70	1460,20
451,91	1406,95
452,12	1578,98
452,33	1607,66
452,54	1392,62
452,76	1470,44
452,97	1560,55
453,18	1495,02
453,39	1531,88
453,60	1507,30
453,81	1472,49
454,03	1470,44
454,24	1525,74
454,45	1499,11
454,66	1503,21
454,87	1490,92
455,08	1513,45
455,30	1495,02
455,51	1585,13
455,72	1478,63
455,93	1562,60
456,14	1386,47
456,35	1503,21
456,56	1482,73
456,78	1505,26
456,99	1456,11
457,20	1538,02
457,41	1558,50
457,62	1544,17
457,83	1503,21
458,04	1484,78
458,26	1488,87
458,47	1535,98
458,68	1488,87
458,89	1484,78
459,10	1462,25
459,31	1441,77
459,52	1533,93
459,74	1421,29
459,95	1523,69
460,16	1449,96
460,37	1505,26
460,58	1544,17
460,79	1472,49
461,00	1552,36
461,21	1386,47
461,43	1437,67
461,64	1564,65
461,85	1513,45
462,06	1462,25
462,27	1484,78
462,48	1470,44
462,69	1554,41
462,90	1501,16
463,12	1613,80
463,33	1480,68
463,54	1550,31
463,75	1484,78
463,96	1531,88
464,17	1538,02
464,38	1533,93
464,59	1513,45
464,80	1454,06
465,01	1447,91
465,23	1472,49
465,44	1433,58
465,65	1527,78
465,86	1519,59
466,07	1505,26
466,28	1490,92
466,49	1523,69
466,70	1484,78
466,91	1566,70
467,12	1499,11
467,33	1501,16
467,55	1546,22
467,76	1570,79
467,97	1490,92
468,18	1587,18
468,39	1507,30
468,60	1597,42
468,81	1531,88
469,02	1490,92
469,23	1452,01
469,44	1538,02
469,65	1460,20
469,86	1519,59
470,07	1468,39
470,29	1628,14
470,50	1533,93
470,71	1525,74
470,92	1597,42
471,13	1574,89
471,34	1519,59
471,55	1546,22
471,76	1492,97
471,97	1462,25
472,18	1568,74
472,39	1513,45
472,60	1519,59
472,81	1636,33
473,02	1540,07
473,23	1601,51
473,44	1517,54
473,65	1572,84
473,87	1542,12
474,08	1505,26
474,29	1495,02
474,50	1490,92
474,71	1488,87
474,92	1568,74
475,13	1572,84
475,34	1535,98
475,55	1443,82
475,76	1509,35
475,97	1517,54
476,18	1550,31
476,39	1490,92
476,60	1542,12
476,81	1507,30
477,02	1560,55
477,23	1605,61
477,44	1587,18
477,65	1558,50
477,86	1535,98
478,07	1525,74
478,28	1538,02
478,49	1570,79
478,70	1585,13
478,91	1556,46
479,12	1572,84
479,33	1515,50
479,54	1533,93
479,75	1603,56
479,96	1572,84
480,17	1509,35
480,38	1482,73
480,59	1521,64
480,80	1609,70
481,01	1478,63
481,22	1529,83
481,43	1556,46
481,64	1535,98
481,85	1533,93
482,06	1595,37
482,27	1556,46
482,48	1615,85
482,69	1568,74
482,90	1525,74
483,11	1603,56
483,32	1515,50
483,53	1476,59
483,74	1495,02
483,95	1546,22
484,16	1515,50
484,37	1554,41
484,58	1640,42
484,79	1468,39
485,00	1548,26
485,21	1474,54
485,42	1533,93
485,63	1591,27
485,84	1529,83
486,05	1595,37
486,26	1601,51
486,47	1589,22
486,68	1501,16
486,89	1562,60
487,10	1574,89
487,31	1628,14
487,52	1611,75
487,73	1691,62
487,94	1560,55
488,15	1560,55
488,36	1574,89
488,57	1519,59
488,77	1589,22
488,98	1578,98
489,19	1634,28
489,40	1591,27
489,61	1611,75
489,82	1642,47
490,03	1603,56
490,24	1521,64
490,45	1552,36
490,66	1564,65
490,87	1701,86
491,08	1515,50
491,29	1626,09
491,50	1474,54
491,71	1552,36
491,92	1624,04
492,13	1646,57
492,33	1558,50
492,54	1605,61
492,75	1538,02
492,96	1611,75
493,17	1566,70
493,38	1644,52
493,59	1574,89
493,80	1654,76
494,01	1574,89
494,22	1624,04
494,43	1652,71
494,64	1628,14
494,85	1558,50
495,05	1574,89
495,26	1638,38
495,47	1673,19
495,68	1660,90
495,89	1654,76
496,10	1523,69
496,31	1603,56
496,52	1597,42
496,73	1593,32
496,94	1525,74
497,15	1628,14
497,35	1646,57
497,56	1564,65
497,77	1554,41
497,98	1591,27
498,19	1634,28
498,40	1646,57
498,61	1609,70
498,82	1552,36
499,03	1570,79
499,23	1660,90
499,44	1595,37
499,65	1636,33
499,86	1619,94
500,07	1636,33
500,28	1533,93
500,49	1595,37
500,70	1587,18
500,91	1581,03
501,11	1634,28
501,32	1640,42
501,53	1621,99
501,74	1621,99
501,95	1613,80
502,16	1654,76
502,37	1546,22
502,57	1642,47
502,78	1619,94
502,99	1716,20
503,20	1562,60
503,41	1669,09
503,62	1695,72
503,83	1642,47
504,03	1662,95
504,24	1548,26
504,45	1628,14
504,66	1656,81
504,87	1599,46
505,08	1593,32
505,29	1605,61
505,49	1621,99
505,70	1558,50
505,91	1613,80
506,12	1648,61
506,33	1744,87
506,54	1624,04
506,75	1726,44
506,95	1636,33
507,16	1767,40
507,37	1566,70
507,58	1687,53
507,79	1681,38
508,00	1640,42
508,20	1646,57
508,41	1517,54
508,62	1654,76
508,83	1667,05
509,04	1650,66
509,24	1669,09
509,45	1982,43
509,66	1595,37
509,87	1568,74
510,08	1554,41
510,29	1652,71
510,49	1685,48
510,70	1669,09
510,91	1638,38
511,12	1587,18
511,33	1619,94
511,53	1525,74
511,74	1630,18
511,95	1519,59
512,16	1730,53
512,37	1593,32
512,57	1589,22
512,78	1589,22
512,99	1634,28
513,20	1681,38
513,41	1744,87
513,61	1581,03
513,82	1669,09
514,03	1634,28
514,24	1675,24
514,45	1699,81
514,65	1548,26
514,86	1644,52
515,07	1615,85
515,28	1634,28
515,49	1611,75
515,69	1654,76
515,90	1509,35
516,11	1609,70
516,32	1675,24
516,52	1617,90
516,73	1626,09
516,94	1697,77
517,15	1626,09
517,36	1632,23
517,56	1693,67
517,77	1595,37
517,98	1679,33
518,19	1556,46
518,39	1691,62
518,60	1650,66
518,81	1648,61
519,02	1585,13
519,22	1587,18
519,43	1660,90
519,64	1632,23
519,85	1615,85
520,05	1615,85
520,26	1597,42
520,47	1660,90
520,68	1617,90
520,88	1599,46
521,09	1621,99
521,30	1665,00
521,51	1630,18
521,71	1626,09
521,92	1675,24
522,13	1650,66
522,34	1691,62
522,54	1609,70
522,75	1568,74
522,96	1689,57
523,17	1638,38
523,37	1703,91
523,58	1552,36
523,79	1617,90
523,99	1574,89
524,20	1665,00
524,41	1667,05
524,62	1652,71
524,82	1652,71
525,03	1669,09
525,24	1621,99
525,45	1708,01
525,65	1552,36
525,86	1757,16
526,07	1679,33
526,27	1656,81
526,48	1519,59
526,69	1695,72
526,90	1650,66
527,10	1669,09
527,31	1511,40
527,52	1603,56
527,72	1667,05
527,93	1701,86
528,14	1654,76
528,34	1605,61
528,55	1615,85
528,76	1736,68
528,97	1628,14
529,17	1673,19
529,38	1677,29
529,59	1628,14
529,79	1685,48
530,00	1697,77
530,21	1593,32
530,41	1716,20
530,62	1669,09
530,83	1718,25
531,03	1771,49
531,24	1642,47
531,45	1617,90
531,65	1681,38
531,86	1611,75
532,07	1689,57
532,27	1652,71
532,48	1628,14
532,69	1566,70
532,89	1718,25
533,10	1583,08
533,31	1642,47
533,51	1621,99
533,72	1634,28
533,93	1648,61
534,13	1619,94
534,34	1636,33
534,55	1656,81
534,75	1658,85
534,96	1710,05
535,17	1560,55
535,37	1605,61
535,58	1615,85
535,79	1603,56
535,99	1556,46
536,20	1576,94
536,41	1589,22
536,61	1708,01
536,82	1712,10
537,03	1603,56
537,23	1570,79
537,44	1677,29
537,64	1585,13
537,85	1591,27
538,06	1646,57
538,26	1650,66
538,47	1701,86
538,68	1652,71
538,88	1613,80
539,09	1646,57
539,30	1597,42
539,50	1767,40
539,71	1640,42
539,91	1624,04
540,12	1611,75
540,33	1683,43
540,53	1667,05
540,74	1578,98
540,94	1652,71
541,15	1648,61
541,36	1679,33
541,56	1634,28
541,77	1669,09
541,98	1642,47
542,18	1675,24
542,39	1689,57
542,59	1667,05
542,80	1634,28
543,01	1558,50
543,21	1687,53
543,42	1574,89
543,62	1681,38
543,83	1613,80
544,04	1566,70
544,24	1624,04
544,45	1609,70
544,65	1687,53
544,86	1679,33
545,06	1589,22
545,27	1624,04
545,48	1630,18
545,68	1583,08
545,89	1587,18
546,09	1552,36
546,30	1615,85
546,51	1677,29
546,71	1562,60
546,92	1667,05
547,12	1603,56
547,33	1626,09
547,53	1578,98
547,74	1574,89
547,95	1527,78
548,15	1587,18
548,36	1656,81
548,56	1599,46
548,77	1636,33
548,97	1591,27
549,18	1546,22
549,39	1564,65
549,59	1609,70
549,80	1581,03
550,00	1507,30
550,21	1642,47
550,41	1589,22
550,62	1628,14
550,82	1509,35
551,03	1560,55
551,23	1550,31
551,44	1529,83
551,65	1564,65
551,85	1578,98
552,06	1599,46
552,26	1644,52
552,47	1492,97
552,67	1611,75
552,88	1556,46
553,08	1644,52
553,29	1714,15
553,49	1521,64
553,70	1538,02
553,90	1591,27
554,11	1509,35
554,32	1630,18
554,52	1611,75
554,73	1621,99
554,93	1548,26
555,14	1570,79
555,34	1671,14
555,55	1734,63
555,75	1628,14
555,96	1550,31
556,16	1564,65
556,37	1585,13
556,57	1529,83
556,78	1624,04
556,98	1650,66
557,19	1646,57
557,39	1671,14
557,60	1658,85
557,80	1572,84
558,01	1615,85
558,21	1667,05
558,42	1617,90
558,62	1617,90
558,83	1695,72
559,03	1585,13
559,24	1630,18
559,44	1710,05
559,65	1658,85
559,85	1609,70
560,06	1669,09
560,26	1542,12
560,47	1554,41
560,67	1705,96
560,88	1701,86
561,08	1652,71
561,29	1759,21
561,49	1613,80
561,70	1675,24
561,90	1667,05
562,10	1751,01
562,31	1753,06
562,51	1710,05
562,72	1703,91
562,92	1769,44
563,13	1726,44
563,33	1722,34
563,54	1697,77
563,74	1746,92
563,95	1703,91
564,15	1710,05
564,36	1759,21
564,56	1753,06
564,76	1714,15
564,97	1681,38
565,17	1755,11
565,38	1740,77
565,58	1708,01
565,79	1662,95
565,99	1671,14
566,20	1785,83
566,40	1679,33
566,60	1820,64
566,81	1767,40
567,01	1705,96
567,22	1660,90
567,42	1734,63
567,63	1781,73
567,83	1701,86
568,04	1843,17
568,24	1775,59
568,44	1703,91
568,65	1761,25
568,85	1777,64
569,06	1781,73
569,26	1687,53
569,47	1880,04
569,67	1769,44
569,87	1757,16
570,08	1683,43
570,28	1845,22
570,49	1744,87
570,69	1751,01
570,89	1771,49
571,10	1841,12
571,30	1812,45
571,51	1818,60
571,71	1832,93
571,91	1923,04
572,12	1767,40
572,32	1759,21
572,53	1728,49
572,73	1890,28
572,93	1861,60
573,14	1882,08
573,34	1802,21
573,55	1875,94
573,75	1789,92
573,95	1751,01
574,16	1812,45
574,36	1822,69
574,57	1841,12
574,77	1845,22
574,97	1794,02
575,18	1787,88
575,38	1843,17
575,59	1837,03
575,79	1789,92
575,99	1822,69
576,20	1791,97
576,40	1841,12
576,60	1783,78
576,81	1824,74
577,01	1900,52
577,22	1871,84
577,42	1849,32
577,62	1877,99
577,83	1820,64
578,03	1906,66
578,23	1839,08
578,44	1865,70
578,64	1832,93
578,84	1888,23
579,05	1806,31
579,25	1898,47
579,45	1867,75
579,66	1828,84
579,86	1837,03
580,07	1873,89
580,27	1839,08
580,47	1806,31
580,68	1787,88
580,88	1808,36
581,08	1828,84
581,29	1759,21
581,49	1853,41
581,69	1875,94
581,90	1757,16
582,10	1826,79
582,30	1765,35
582,51	1826,79
582,71	1710,05
582,91	1742,82
583,12	1794,02
583,32	1845,22
583,52	1802,21
583,73	1767,40
583,93	1761,25
584,13	1871,84
584,34	1818,60
584,54	1830,88
584,74	1804,26
584,94	1791,97
585,15	1794,02
585,35	1886,18
585,55	1767,40
585,76	1873,89
585,96	1810,40
586,16	1933,28
586,37	1794,02
586,57	1953,76
586,77	1865,70
586,98	1888,23
587,18	1937,38
587,38	1935,33
587,58	1789,92
587,79	1894,37
587,99	1859,56
588,19	1900,52
588,40	1853,41
588,60	1957,86
588,80	1843,17
589,00	1953,76
589,21	1986,53
589,41	1988,58
589,61	1841,12
589,82	1933,28
590,02	2009,06
590,22	2090,98
590,42	2027,49
590,63	2082,78
590,83	1929,19
591,03	2068,45
591,23	2043,87
591,44	2011,11
591,64	1830,88
591,84	1984,48
592,05	2027,49
592,25	2084,83
592,45	2025,44
592,65	2095,07
592,86	1959,91
593,06	2043,87
593,26	1964,00
593,46	2138,08
593,67	1984,48
593,87	2070,50
594,07	1918,95
594,27	2117,60
594,48	2058,21
594,68	2152,42
594,88	2101,22
595,08	2140,13
595,29	2117,60
595,49	2142,18
595,69	2025,44
595,89	2054,11
596,10	2099,17
596,30	2035,68
596,50	2017,25
596,70	2191,33
596,90	2058,21
597,11	2078,69
597,31	2017,25
597,51	2099,17
597,71	2093,02
597,92	2121,70
598,12	2172,89
598,32	2174,94
598,52	2066,40
598,72	2224,09
598,93	2109,41
599,13	2199,52
599,33	2168,80
599,53	2144,22
599,74	2068,45
599,94	2131,94
600,14	1945,57
600,34	2148,32
600,54	2023,39
600,75	2041,82
600,95	2050,02
601,15	1994,72
601,35	1927,14
601,55	1990,63
601,76	1947,62
601,96	2054,11
602,16	1920,99
602,36	2054,11
602,56	1937,38
602,76	1918,95
602,97	1908,71
603,17	1857,51
603,37	1898,47
603,57	1796,07
603,77	1877,99
603,98	1890,28
604,18	1771,49
604,38	1849,32
604,58	1863,65
604,78	1814,50
604,98	1839,08
605,19	1800,16
605,39	1740,77
605,59	1736,68
605,79	1818,60
605,99	1675,24
606,19	1718,25
606,40	1738,73
606,60	1714,15
606,80	1662,95
607,00	1615,85
607,20	1611,75
607,40	1691,62
607,61	1642,47
607,81	1677,29
608,01	1720,29
608,21	1640,42
608,41	1652,71
608,61	1699,81
608,81	1652,71
609,02	1619,94
609,22	1593,32
609,42	1615,85
609,62	1634,28
609,82	1685,48
610,02	1660,90
610,22	1640,42
610,43	1603,56
610,63	1603,56
610,83	1687,53
611,03	1617,90
611,23	1677,29
611,43	1763,30
611,63	1601,51
611,83	1638,38
612,04	1634,28
612,24	1716,20
612,44	1652,71
612,64	1621,99
612,84	1652,71
613,04	1634,28
613,24	1628,14
613,44	1705,96
613,64	1658,85
613,85	1652,71
614,05	1660,90
614,25	1683,43
614,45	1617,90
614,65	1863,65
614,85	1726,44
615,05	1597,42
615,25	1761,25
615,45	1804,26
615,65	1691,62
615,86	1800,16
616,06	1730,53
616,26	1783,78
616,46	1832,93
616,66	1800,16
616,86	1853,41
617,06	1861,60
617,26	1818,60
617,46	1939,43
617,66	1834,98
617,86	2045,92
618,07	1824,74
618,27	2045,92
618,47	1908,71
618,67	2093,02
618,87	1820,64
619,07	2136,03
619,27	2043,87
619,47	2058,21
619,67	2103,26
619,87	2017,25
620,07	2054,11
620,27	2324,44
620,47	2140,13
620,67	2267,10
620,87	2234,33
621,07	2512,86
621,28	2144,22
621,48	2404,32
621,68	2289,63
621,88	2590,68
622,08	2496,47
622,28	2566,10
622,48	2467,80
622,68	2680,79
622,88	2729,94
623,08	2871,25
623,28	2596,82
623,48	2893,78
623,68	2809,81
623,88	2854,87
624,08	3010,51
624,28	3106,77
624,48	2987,99
624,68	3145,68
624,88	3022,80
625,08	3370,96
625,28	3168,21
625,48	3461,07
625,68	3358,67
625,88	3712,97
626,08	3342,28
626,28	3774,41
626,48	3594,19
626,68	3727,30
626,88	3631,05
627,08	3975,11
627,28	4118,47
627,48	4022,21
627,68	3839,94
627,88	3979,20
628,08	3821,51
628,28	4351,93
628,49	4044,74
628,68	4280,25
628,88	3856,33
629,08	4196,29
629,28	4054,98
629,48	4329,41
629,68	3995,59
629,88	4399,04
630,08	4210,62
630,28	4206,53
630,48	3981,25
630,68	4100,03
630,88	3952,58
631,08	4204,48
631,28	3680,20
631,48	3844,04
631,68	3579,85
631,88	3549,13
632,08	3426,25
632,28	3391,44
632,48	3198,93
632,68	3291,09
632,88	3037,14
633,08	3049,43
633,28	2656,22
633,48	2867,16
633,68	2734,04
633,88	2611,16
634,08	2467,80
634,28	2482,14
634,48	2383,84
634,68	2400,22
634,88	2086,88
635,08	2150,37
635,28	2062,30
635,48	2033,63
635,68	1880,04
635,87	1937,38
636,07	1873,89
636,27	1857,51
636,47	1822,69
636,67	1787,88
636,87	1728,49
637,07	1808,36
637,27	1660,90
637,47	1646,57
637,67	1681,38
637,87	1593,32
638,07	1716,20
638,27	1628,14
638,47	1624,04
638,67	1597,42
638,86	1529,83
639,06	1482,73
639,26	1626,09
639,46	1550,31
639,66	1591,27
639,86	1535,98
640,06	1685,48
640,26	1535,98
640,46	1482,73
640,66	1513,45
640,86	1554,41
641,06	1521,64
641,25	1458,15
641,45	1476,59
641,65	1472,49
641,85	1460,20
642,05	1495,02
642,25	1480,68
642,45	1554,41
642,65	1462,25
642,85	1390,57
643,05	1402,86
643,24	1476,59
643,44	1552,36
643,64	1404,91
643,84	1458,15
644,04	1476,59
644,24	1517,54
644,44	1521,64
644,64	1437,67
644,84	1509,35
645,03	1488,87
645,23	1486,83
645,43	1402,86
645,63	1415,15
645,83	1517,54
646,03	1437,67
646,23	1456,11
646,42	1513,45
646,62	1452,01
646,82	1421,29
647,02	1406,95
647,22	1392,62
647,42	1478,63
647,62	1433,58
647,82	1415,15
648,01	1583,08
648,21	1359,85
648,41	1355,76
648,61	1488,87
648,81	1503,21
649,01	1552,36
649,20	1423,34
649,40	1503,21
649,60	1447,91
649,80	1353,71
650,00	1445,87
650,20	1468,39
650,40	1409,00
650,59	1492,97
650,79	1427,43
650,99	1497,07
651,19	1462,25
651,39	1402,86
651,58	1497,07
651,78	1484,78
651,98	1449,96
652,18	1435,63
652,38	1497,07
652,58	1439,72
652,77	1462,25
652,97	1476,59
653,17	1519,59
653,37	1466,35
653,57	1419,24
653,77	1417,19
653,96	1351,66
654,16	1447,91
654,36	1411,05
654,56	1492,97
654,76	1488,87
654,95	1349,61
655,15	1423,34
655,35	1439,72
655,55	1347,56
655,75	1490,92
655,94	1423,34
656,14	1417,19
656,34	1447,91
656,54	1460,20
656,73	1447,91
656,93	1486,83
657,13	1527,78
657,33	1333,23
657,53	1484,78
657,72	1443,82
657,92	1411,05
658,12	1464,30
658,32	1499,11
658,52	1474,54
658,71	1452,01
658,91	1351,66
659,11	1435,63
659,31	1411,05
659,50	1423,34
659,70	1495,02
659,90	1509,35
660,10	1478,63
660,29	1400,81
660,49	1523,69
660,69	1462,25
660,89	1466,35
661,08	1517,54
661,28	1400,81
661,48	1406,95
661,68	1366,00
661,87	1433,58
662,07	1456,11
662,27	1452,01
662,47	1417,19
662,66	1433,58
662,86	1372,14
663,06	1333,23
663,26	1419,24
663,45	1386,47
663,65	1456,11
663,85	1394,67
664,05	1466,35
664,24	1474,54
664,44	1478,63
664,64	1474,54
664,84	1419,24
665,03	1499,11
665,23	1411,05
665,43	1390,57
665,62	1409,00
665,82	1464,30
666,02	1480,68
666,22	1431,53
666,41	1333,23
666,61	1402,86
666,81	1486,83
667,00	1445,87
667,20	1462,25
667,40	1445,87
667,60	1314,80
667,79	1413,10
667,99	1400,81
668,19	1427,43
668,38	1427,43
668,58	1439,72
668,78	1474,54
668,97	1452,01
669,17	1388,52
669,37	1415,15
669,57	1429,48
669,76	1458,15
669,96	1441,77
670,16	1460,20
670,35	1476,59
670,55	1404,91
670,75	1456,11
670,94	1443,82
671,14	1433,58
671,34	1445,87
671,53	1423,34
671,73	1497,07
671,93	1406,95
672,12	1449,96
672,32	1499,11
672,52	1488,87
672,71	1511,40
672,91	1372,14
673,11	1468,39
673,30	1445,87
673,50	1433,58
673,70	1538,02
673,89	1349,61
674,09	1525,74
674,29	1472,49
674,48	1495,02
674,68	1464,30
674,88	1341,42
675,07	1433,58
675,27	1523,69
675,46	1392,62
675,66	1441,77
675,86	1361,90
676,05	1478,63
676,25	1392,62
676,45	1488,87
676,64	1447,91
676,84	1445,87
677,04	1419,24
677,23	1353,71
677,43	1406,95
677,62	1509,35
677,82	1370,09
678,02	1452,01
678,21	1421,29
678,41	1476,59
678,61	1322,99
678,80	1425,39
679,00	1406,95
679,19	1419,24
679,39	1538,02
679,59	1402,86
679,78	1413,10
679,98	1423,34
680,17	1402,86
680,37	1435,63
680,57	1411,05
680,76	1449,96
680,96	1406,95
681,16	1427,43
681,35	1417,19
681,55	1484,78
681,74	1421,29
681,94	1519,59
682,13	1454,06
682,33	1511,40
682,53	1329,13
682,72	1452,01
682,92	1445,87
683,11	1376,24
683,31	1427,43
683,51	1359,85
683,70	1456,11
683,90	1449,96
684,09	1419,24
684,29	1447,91
684,48	1406,95
684,68	1441,77
684,88	1378,28
685,07	1433,58
685,27	1411,05
685,46	1390,57
685,66	1531,88
685,85	1468,39
686,05	1546,22
686,25	1482,73
686,44	1449,96
686,64	1531,88
686,83	1449,96
687,03	1437,67
687,22	1484,78
687,42	1447,91
687,61	1454,06
687,81	1325,04
688,01	1472,49
688,20	1431,53
688,40	1419,24
688,59	1415,15
688,79	1394,67
688,98	1443,82
689,18	1431,53
689,37	1495,02
689,57	1388,52
689,76	1388,52
689,96	1423,34
690,15	1404,91
690,35	1394,67
690,54	1495,02
690,74	1341,42
690,94	1382,38
691,13	1439,72
691,33	1439,72
691,52	1380,33
691,72	1570,79
691,91	1339,37
692,11	1468,39
692,30	1374,19
692,50	1413,10
692,69	1413,10
692,89	1386,47
693,08	1372,14
693,28	1509,35
693,47	1441,77
693,67	1499,11
693,86	1429,48
694,06	1511,40
694,25	1456,11
694,45	1525,74
694,64	1437,67
694,84	1398,76
695,03	1474,54
695,23	1402,86
695,42	1421,29
695,62	1435,63
695,81	1488,87
696,01	1497,07
696,20	1425,39
696,40	1363,95
696,59	1449,96
696,78	1417,19
696,98	1490,92
697,17	1423,34
697,37	1404,91
697,56	1447,91
697,76	1411,05
697,95	1488,87
698,15	1402,86
698,34	1552,36
698,54	1409,00
698,73	1439,72
698,93	1388,52
699,12	1458,15
699,32	1390,57
699,51	1423,34
699,70	1345,52
699,90	1423,34
700,09	1445,87
700,29	1357,80
700,48	1347,56
700,68	1400,81
700,87	1394,67
701,07	1370,09
701,26	1466,35
701,45	1492,97
701,65	1435,63
701,84	1392,62
702,04	1374,19
702,23	1388,52
702,43	1337,32
702,62	1435,63
702,81	1441,77
703,01	1380,33
703,20	1488,87
703,40	1439,72
703,59	1466,35
703,79	1419,24
703,98	1370,09
704,17	1388,52
704,37	1384,43
704,56	1480,68
704,76	1472,49
704,95	1415,15
705,14	1363,95
705,34	1425,39
705,53	1341,42
705,73	1374,19
705,92	1376,24
706,11	1429,48
706,31	1357,80
706,50	1478,63
706,70	1472,49
706,89	1400,81
707,08	1458,15
707,28	1370,09
707,47	1394,67
707,67	1353,71
707,86	1396,71
708,05	1411,05
708,25	1306,60
708,44	1417,19
708,64	1378,28
708,83	1413,10
709,02	1460,20
709,22	1439,72
709,41	1417,19
709,60	1443,82
709,80	1425,39
709,99	1325,04
710,19	1374,19
710,38	1482,73
710,57	1404,91
710,77	1394,67
710,96	1431,53
711,15	1402,86
711,35	1429,48
711,54	1433,58
711,73	1441,77
711,93	1396,71
712,12	1409,00
712,31	1363,95
712,51	1357,80
712,70	1370,09
712,89	1394,67
713,09	1378,28
713,28	1525,74
713,48	1433,58
713,67	1374,19
713,86	1462,25
714,06	1353,71
714,25	1411,05
714,44	1400,81
714,64	1433,58
714,83	1349,61
715,02	1322,99
715,22	1402,86
715,41	1415,15
715,60	1333,23
715,79	1441,77
715,99	1472,49
716,18	1468,39
716,37	1402,86
716,57	1449,96
716,76	1456,11
716,95	1415,15
717,15	1456,11
717,34	1263,60
717,53	1304,56
717,73	1417,19
717,92	1388,52
718,11	1413,10
718,31	1310,70
718,50	1433,58
718,69	1359,85
718,88	1531,88
719,08	1411,05
719,27	1322,99
719,46	1398,76
719,66	1429,48
719,85	1396,71
720,04	1374,19
720,23	1449,96
720,43	1445,87
720,62	1359,85
720,81	1290,22
721,01	1454,06
721,20	1513,45
721,39	1372,14
721,58	1386,47
721,78	1429,48
721,97	1458,15
722,16	1345,52
722,35	1409,00
722,55	1382,38
722,74	1343,47
722,93	1372,14
723,13	1380,33
723,32	1411,05
723,51	1353,71
723,70	1288,17
723,90	1282,03
724,09	1366,00
724,28	1368,04
724,47	1452,01
724,67	1374,19
724,86	1415,15
725,05	1353,71
725,24	1427,43
725,44	1374,19
725,63	1370,09
725,82	1374,19
726,01	1406,95
726,21	1380,33
726,40	1402,86
726,59	1488,87
726,78	1411,05
726,97	1306,60
727,17	1417,19
727,36	1515,50
727,55	1409,00
727,74	1460,20
727,94	1398,76
728,13	1378,28
728,32	1429,48
728,51	1398,76
728,70	1466,35
728,90	1437,67
729,09	1443,82
729,28	1433,58
729,47	1509,35
729,66	1452,01
729,86	1396,71
730,05	1415,15
730,24	1421,29
730,43	1472,49
730,63	1382,38
730,82	1482,73
731,01	1386,47
731,20	1341,42
731,39	1386,47
731,58	1370,09
731,78	1433,58
731,97	1406,95
732,16	1415,15
732,35	1415,15
732,54	1386,47
732,74	1460,20
732,93	1394,67
733,12	1384,43
733,31	1425,39
733,50	1406,95
733,69	1388,52
733,89	1515,50
734,08	1425,39
734,27	1366,00
734,46	1447,91
734,65	1345,52
734,84	1452,01
735,04	1425,39
735,23	1464,30
735,42	1396,71
735,61	1394,67
735,80	1435,63
735,99	1402,86
736,19	1349,61
736,38	1394,67
736,57	1431,53
736,76	1343,47
736,95	1490,92
737,14	1325,04
737,33	1370,09
737,53	1501,16
737,72	1398,76
737,91	1441,77
738,10	1484,78
738,29	1366,00
738,48	1449,96
738,67	1413,10
738,87	1443,82
739,06	1396,71
739,25	1415,15
739,44	1452,01
739,63	1400,81
739,82	1341,42
740,01	1443,82
740,20	1378,28
740,40	1343,47
740,59	1329,13
740,78	1357,80
740,97	1366,00
741,16	1380,33
741,35	1421,29
741,54	1480,68
741,73	1409,00
741,92	1376,24
742,12	1304,56
742,31	1390,57
742,50	1478,63
742,69	1468,39
742,88	1429,48
743,07	1431,53
743,26	1384,43
743,45	1441,77
743,64	1374,19
743,83	1384,43
744,02	1466,35
744,22	1449,96
744,41	1466,35
744,60	1390,57
744,79	1376,24
744,98	1435,63
745,17	1372,14
745,36	1470,44
745,55	1472,49
745,74	1374,19
745,93	1482,73
746,12	1337,32
746,31	1372,14
746,50	1458,15
746,70	1322,99
746,89	1398,76
747,08	1413,10
747,27	1464,30
747,46	1447,91
747,65	1427,43
747,84	1456,11
748,03	1398,76
748,22	1443,82
748,41	1458,15
748,60	1382,38
748,79	1413,10
748,98	1482,73
749,17	1431,53
749,36	1413,10
749,55	1419,24
749,74	1312,75
749,93	1495,02
750,12	1431,53
750,31	1370,09
750,50	1490,92
750,70	1427,43
750,89	1366,00
751,08	1486,83
751,27	1415,15
751,46	1462,25
751,65	1419,24
751,84	1402,86
752,03	1402,86
752,22	1413,10
752,41	1435,63
752,60	1415,15
752,79	1460,20
752,98	1310,70
753,17	1359,85
753,36	1402,86
753,55	1374,19
753,74	1366,00
753,93	1402,86
754,12	1470,44
754,31	1435,63
754,50	1441,77
754,69	1431,53
754,88	1521,64
755,07	1384,43
755,26	1415,15
755,45	1382,38
755,64	1359,85
755,83	1335,28
756,02	1462,25
756,21	1322,99
756,40	1490,92
756,59	1435,63
756,78	1419,24
756,97	1517,54
757,16	1501,16
757,35	1452,01
757,54	1417,19
757,72	1390,57
757,91	1396,71
758,10	1380,33
758,29	1425,39
758,48	1466,35
758,67	1406,95
758,86	1458,15
759,05	1490,92
759,24	1476,59
759,43	1468,39
759,62	1419,24
759,81	1443,82
760,00	1509,35
760,19	1423,34
760,38	1431,53
760,57	1474,54
760,76	1417,19
760,95	1527,78
761,14	1445,87
761,33	1538,02
761,52	1398,76
761,70	1480,68
761,89	1472,49
762,08	1425,39
762,27	1406,95
762,46	1470,44
762,65	1486,83
762,84	1447,91
763,03	1404,91
763,22	1460,20
763,41	1406,95
763,60	1437,67
763,79	1439,72
763,98	1490,92
764,16	1478,63
764,35	1351,66
764,54	1490,92
764,73	1372,14
764,92	1425,39
765,11	1531,88
765,30	1515,50
765,49	1447,91
765,68	1468,39
765,87	1456,11
766,06	1384,43
766,24	1423,34
766,43	1337,32
766,62	1484,78
766,81	1454,06
767,00	1538,02
767,19	1460,20
767,38	1449,96
767,57	1357,80
767,76	1345,52
767,94	1470,44
768,13	1431,53
768,32	1413,10
768,51	1419,24
768,70	1497,07
768,89	1447,91
769,08	1521,64
769,27	1357,80
769,45	1443,82
769,64	1497,07
769,83	1439,72
770,02	1402,86
770,21	1390,57
770,40	1415,15
770,59	1357,80
770,77	1382,38
770,96	1402,86
771,15	1505,26
771,34	1363,95
771,53	1519,59
771,72	1402,86
771,91	1427,43
772,09	1374,19
772,28	1445,87
772,47	1511,40
772,66	1464,30
772,85	1445,87
773,04	1468,39
773,22	1513,45
773,41	1392,62
773,60	1415,15
773,79	1470,44
773,98	1497,07
774,17	1466,35
774,35	1400,81
774,54	1456,11
774,73	1521,64
774,92	1511,40
775,11	1396,71
775,30	1542,12
775,48	1437,67
775,67	1454,06
775,86	1374,19
776,05	1460,20
776,24	1488,87
776,42	1413,10
776,61	1386,47
776,80	1318,89
776,99	1458,15
777,18	1411,05
777,36	1394,67
777,55	1472,49
777,74	1431,53
777,93	1370,09
778,12	1417,19
778,30	1556,46
778,49	1456,11
778,68	1488,87
778,87	1476,59
779,06	1558,50
779,24	1421,29
779,43	1535,98
779,62	1406,95
779,81	1449,96
779,99	1357,80
780,18	1382,38
780,37	1542,12
780,56	1443,82
780,75	1472,49
780,93	1480,68
781,12	1437,67
781,31	1486,83
781,50	1501,16
781,68	1425,39
781,87	1359,85
782,06	1505,26
782,25	1511,40
782,43	1456,11
782,62	1472,49
782,81	1478,63
783,00	1398,76
783,18	1419,24
783,37	1402,86
783,56	1445,87
783,75	1501,16
783,93	1464,30
784,12	1509,35
784,31	1458,15
784,50	1392,62
784,68	1435,63
784,87	1392,62
785,06	1490,92
785,24	1454,06
785,43	1484,78
785,62	1535,98
785,81	1441,77
785,99	1421,29
786,18	1376,24
786,37	1476,59
786,56	1431,53
786,74	1435,63
786,93	1445,87
787,12	1449,96
787,30	1413,10
787,49	1470,44
787,68	1402,86
787,87	1460,20
788,05	1468,39
788,24	1333,23
788,43	1447,91
788,61	1433,58
788,80	1468,39
788,99	1406,95
789,17	1482,73
789,36	1386,47
789,55	1490,92
789,73	1406,95
789,92	1437,67
790,11	1366,00
790,30	1411,05
790,48	1310,70
790,67	1472,49
790,86	1456,11
791,04	1429,48
791,23	1495,02
791,42	1429,48
791,60	1466,35
791,79	1523,69
791,98	1439,72
792,16	1486,83
792,35	1417,19
792,54	1384,43
792,72	1452,01
792,91	1488,87
793,10	1423,34
793,28	1341,42
793,47	1484,78
793,66	1411,05
793,84	1312,75
794,03	1431,53
794,22	1454,06
794,40	1409,00
794,59	1482,73
794,77	1333,23
794,96	1359,85
795,15	1445,87
795,33	1331,18
795,52	1449,96
795,71	1406,95
795,89	1386,47
796,08	1447,91
796,27	1441,77
796,45	1357,80
796,64	1357,80
796,82	1394,67
797,01	1409,00
797,20	1396,71
797,38	1390,57
797,57	1384,43
797,76	1402,86
797,94	1468,39
798,13	1390,57
798,31	1406,95
798,50	1388,52
798,69	1462,25
798,87	1314,80
799,06	1402,86
799,24	1398,76
799,43	1458,15
799,62	1339,37
799,80	1390,57
799,99	1517,54
800,17	1316,84
800,36	1386,47
800,55	1515,50
800,73	1345,52
800,92	1441,77
801,10	1384,43
801,29	1462,25
801,48	1347,56
801,66	1333,23
801,85	1370,09
802,03	1384,43
802,22	1495,02
802,40	1402,86
802,59	1368,04
802,78	1433,58
802,96	1441,77
803,15	1548,26
803,33	1449,96
803,52	1384,43
803,70	1468,39
803,89	1378,28
804,08	1357,80
804,26	1335,28
804,45	1322,99
804,63	1415,15
804,82	1425,39
805,00	1355,76
805,19	1472,49
805,37	1423,34
805,56	1458,15
805,74	1411,05
805,93	1366,00
806,12	1427,43
806,30	1402,86
806,49	1470,44
806,67	1411,05
806,86	1335,28
807,04	1431,53
807,23	1380,33
807,41	1445,87
807,60	1419,24
807,78	1386,47
807,97	1665,00
808,15	1343,47
808,34	1392,62
808,52	1452,01
808,71	1370,09
808,89	1386,47
809,08	1386,47
809,27	1419,24
809,45	1406,95
809,64	1441,77
809,82	1421,29
810,01	1409,00
810,19	1425,39
810,38	1415,15
810,56	1435,63
810,75	1400,81
810,93	1341,42
811,12	1390,57
811,30	1378,28
811,49	1343,47
811,67	1411,05
811,85	1519,59
812,04	1343,47
812,22	1425,39
812,41	1429,48
812,59	1380,33
812,78	1439,72
812,96	1431,53
813,15	1435,63
813,33	1361,90
813,52	1409,00
813,70	1468,39
813,89	1413,10
814,07	1427,43
814,26	1357,80
814,44	1443,82
814,63	1445,87
814,81	1339,37
815,00	1372,14
815,18	1419,24
815,36	1423,34
815,55	1460,20
815,73	1419,24
815,92	1452,01
816,10	1509,35
816,29	1398,76
816,47	1417,19
816,66	1458,15
816,84	1505,26
817,02	1411,05
817,21	1431,53
817,39	1406,95
817,58	1398,76
817,76	1413,10
817,95	1452,01
818,13	1372,14
818,32	1400,81
818,50	1482,73
818,68	1415,15
818,87	1445,87
819,05	1400,81
819,24	1417,19
819,42	1359,85
819,60	1327,08
819,79	1443,82
819,97	1390,57
820,16	1437,67
820,34	1509,35
820,53	1409,00
820,71	1325,04
820,89	1484,78
821,08	1372,14
821,26	1388,52
821,45	1341,42
821,63	1419,24
821,81	1435,63
822,00	1329,13
822,18	1464,30
822,37	1445,87
822,55	1384,43
822,73	1423,34
822,92	1433,58
823,10	1392,62
823,28	1380,33
823,47	1402,86
823,65	1411,05
823,84	1374,19
824,02	1380,33
824,20	1404,91
824,39	1499,11
824,57	1409,00
824,75	1501,16
824,94	1472,49
825,12	1486,83
825,31	1392,62
825,49	1421,29
825,67	1390,57
825,86	1386,47
826,04	1409,00
826,22	1466,35
826,41	1529,83
826,59	1419,24
826,77	1386,47
826,96	1435,63
827,14	1380,33
827,32	1431,53
827,51	1355,76
827,69	1454,06
827,87	1394,67
828,06	1456,11
828,24	1464,30
828,42	1372,14
828,61	1384,43
828,79	1456,11
828,97	1400,81
829,16	1435,63
829,34	1404,91
829,52	1439,72
829,71	1515,50
829,89	1492,97
830,07	1415,15
830,26	1390,57
830,44	1378,28
830,62	1486,83
830,81	1445,87
830,99	1366,00
831,17	1396,71
831,36	1390,57
831,54	1486,83
831,72	1443,82
831,91	1288,17
832,09	1318,89
832,27	1472,49
832,45	1411,05
832,64	1439,72
832,82	1409,00
833,00	1361,90
833,19	1378,28
833,37	1480,68
833,55	1415,15
833,73	1435,63
833,92	1531,88
834,10	1339,37
834,28	1378,28
834,47	1421,29
834,65	1351,66
834,83	1433,58
835,01	1400,81
835,20	1308,65
835,38	1425,39
835,56	1472,49
835,74	1382,38
835,93	1454,06
836,11	1509,35
836,29	1499,11
836,47	1429,48
836,66	1409,00
836,84	1423,34
837,02	1355,76
837,21	1492,97
837,39	1439,72
837,57	1406,95
837,75	1501,16
837,94	1409,00
838,12	1441,77
838,30	1437,67
838,48	1398,76
838,66	1427,43
838,85	1441,77
839,03	1413,10
839,21	1427,43
839,39	1433,58
839,58	1394,67
839,76	1439,72
839,94	1374,19
840,12	1423,34
840,31	1495,02
840,49	1429,48
840,67	1411,05
840,85	1398,76
841,03	1376,24
841,22	1470,44
841,40	1482,73
841,58	1529,83
841,76	1411,05
841,94	1388,52
842,13	1492,97
842,31	1425,39
842,49	1423,34
842,67	1411,05
842,85	1376,24
843,04	1445,87
843,22	1406,95
843,40	1411,05
843,58	1464,30
843,76	1488,87
843,95	1425,39
844,13	1466,35
844,31	1439,72
844,49	1449,96
844,67	1456,11
844,86	1478,63
845,04	1400,81
845,22	1388,52
845,40	1404,91
845,58	1443,82
845,76	1411,05
845,95	1429,48
846,13	1431,53
846,31	1441,77
846,49	1423,34
846,67	1427,43
846,85	1507,30
847,04	1492,97
847,22	1419,24
847,40	1433,58
847,58	1400,81
847,76	1417,19
847,94	1462,25
848,12	1484,78
848,31	1470,44
848,49	1447,91
848,67	1359,85
848,85	1480,68
849,03	1531,88
849,21	1562,60
849,39	1458,15
849,58	1538,02
849,76	1544,17
849,94	1415,15
850,12	1366,00
850,30	1515,50
850,48	1427,43
850,66	1517,54
850,84	1427,43
851,03	1474,54
851,21	1431,53
851,39	1447,91
851,57	1519,59
851,75	1404,91
851,93	1413,10
852,11	1492,97
852,29	1458,15
852,47	1478,63
852,66	1488,87
852,84	1325,04
853,02	1423,34
853,20	1443,82
853,38	1492,97
853,56	1495,02
853,74	1593,32
853,92	1441,77
854,10	1390,57
854,28	1423,34
854,46	1413,10
854,65	1429,48
854,83	1431,53
855,01	1415,15
855,19	1435,63
855,37	1357,80
855,55	1441,77
855,73	1488,87
855,91	1404,91
856,09	1503,21
856,27	1425,39
856,45	1417,19
856,63	1439,72
856,81	1484,78
857,00	1492,97
857,18	1376,24
857,36	1431,53
857,54	1478,63
857,72	1456,11
857,90	1470,44
858,08	1476,59
858,26	1468,39
858,44	1476,59
858,62	1425,39
858,80	1458,15
858,98	1484,78
859,16	1482,73
859,34	1421,29
859,52	1425,39
859,70	1468,39
859,88	1427,43
860,06	1478,63
860,24	1429,48
860,42	1390,57
860,60	1464,30
860,78	1421,29
860,96	1492,97
861,14	1447,91
861,32	1468,39
861,50	1421,29
861,69	1476,59
861,87	1470,44
862,05	1413,10
862,23	1423,34
862,41	1435,63
862,59	1431,53
862,77	1464,30
862,95	1468,39
863,13	1499,11
863,31	1419,24
863,49	1368,04
863,67	1468,39
863,85	1484,78
864,03	1501,16
864,21	1398,76
864,39	1480,68
864,57	1527,78
864,75	1404,91
864,92	1458,15
865,10	1492,97
865,28	1413,10
865,46	1480,68
865,64	1490,92
865,82	1441,77
866,00	1402,86
866,18	1413,10
866,36	1435,63
866,54	1474,54
866,72	1503,21
866,90	1464,30
867,08	1439,72
867,26	1378,28
867,44	1435,63
867,62	1425,39
867,80	1425,39
867,98	1517,54
868,16	1409,00
868,34	1486,83
868,52	1472,49
868,70	1374,19
868,88	1435,63
869,06	1423,34
869,24	1452,01
869,42	1370,09
869,59	1419,24
869,77	1591,27
869,95	1419,24
870,13	1462,25
870,31	1402,86
870,49	1421,29
870,67	1382,38
870,85	1355,76
871,03	1447,91
871,21	1515,50
871,39	1411,05
871,57	1404,91
871,75	1368,04
871,92	1472,49
872,10	1409,00
872,28	1396,71
872,46	1449,96
872,64	1474,54
872,82	1443,82
873,00	1431,53
873,18	1359,85
873,36	1337,32
873,54	1339,37
873,72	1433,58
873,89	1437,67
874,07	1415,15
874,25	1513,45
874,43	1564,65
874,61	1466,35
874,79	1406,95
874,97	1429,48
875,15	1462,25
875,33	1447,91
875,50	1406,95
875,68	1443,82
875,86	1437,67
876,04	1421,29
876,22	1468,39
876,40	1433,58
876,58	1478,63
876,76	1339,37
876,93	1515,50
877,11	1366,00
877,29	1443,82
877,47	1480,68
877,65	1437,67
877,83	1441,77
878,01	1402,86
878,18	1472,49
878,36	1460,20
878,54	1517,54
878,72	1374,19
878,90	1386,47
879,08	1425,39
879,25	1404,91
879,43	1392,62
879,61	1382,38
879,79	1456,11
879,97	1482,73
880,15	1368,04
880,32	1404,91
880,50	1488,87
880,68	1454,06
880,86	1437,67
881,04	1464,30
881,22	1544,17
881,39	1435,63
881,57	1523,69
881,75	1460,20
881,93	1540,07
882,11	1454,06
882,28	1402,86
882,46	1509,35
882,64	1394,67
882,82	1370,09
883,00	1460,20
883,18	1449,96
883,35	1417,19
883,53	1445,87
883,71	1402,86
883,89	1456,11
884,07	1443,82
884,24	1392,62
884,42	1429,48
884,60	1411,05
884,78	1472,49
884,95	1312,75
885,13	1382,38
885,31	1447,91
885,49	1402,86
885,67	1429,48
885,84	1456,11
886,02	1419,24
886,20	1433,58
886,38	1445,87
886,55	1327,08
886,73	1476,59
886,91	1435,63
887,09	1363,95
887,26	1501,16
887,44	1480,68
887,62	1478,63
887,80	1433,58
887,98	1406,95
888,15	1423,34
888,33	1454,06
888,51	1474,54
888,69	1425,39
888,86	1431,53
889,04	1437,67
889,22	1443,82
889,39	1468,39
889,57	1409,00
889,75	1452,01
889,93	1421,29
890,10	1361,90
890,28	1443,82
890,46	1427,43
890,64	1476,59
890,81	1507,30
890,99	1359,85
891,17	1417,19
891,34	1488,87
891,52	1437,67
891,70	1368,04
891,88	1439,72
892,05	1417,19
892,23	1542,12
892,41	1433,58
892,58	1470,44
892,76	1460,20
892,94	1359,85
893,12	1449,96
893,29	1464,30
893,47	1396,71
893,65	1462,25
893,82	1447,91
894,00	1411,05
894,18	1441,77
894,35	1515,50
894,53	1447,91
894,71	1503,21
894,89	1378,28
895,06	1441,77
895,24	1398,76
895,42	1417,19
895,59	1505,26
895,77	1351,66
895,95	1443,82
896,12	1427,43
896,30	1445,87
896,48	1302,51
896,65	1519,59
896,83	1427,43
897,01	1435,63
897,18	1456,11
897,36	1519,59
897,54	1456,11
897,71	1495,02
897,89	1421,29
898,07	1355,76
898,24	1464,30
898,42	1435,63
898,59	1527,78
898,77	1347,56
898,95	1400,81
899,12	1439,72
899,30	1337,32
899,48	1433,58
899,65	1470,44
899,83	1415,15
900,01	1394,67
900,18	1419,24
900,36	1468,39
900,53	1406,95
900,71	1409,00
900,89	1398,76
901,06	1400,81
901,24	1366,00
901,42	1460,20
901,59	1431,53
901,77	1443,82
901,94	1437,67
902,12	1497,07
902,30	1435,63
902,47	1445,87
902,65	1337,32
902,82	1507,30
903,00	1456,11
903,18	1464,30
903,35	1372,14
903,53	1378,28
903,70	1400,81
903,88	1368,04
904,06	1386,47
904,23	1449,96
904,41	1382,38
904,58	1415,15
904,76	1406,95
904,93	1433,58
905,11	1447,91
905,29	1396,71
905,46	1419,24
905,64	1546,22
905,81	1413,10
905,99	1406,95
906,16	1499,11
906,34	1361,90
906,52	1447,91
906,69	1441,77
906,87	1378,28
907,04	1413,10
907,22	1415,15
907,39	1380,33
907,57	1437,67
907,75	1458,15
907,92	1449,96
908,10	1445,87
908,27	1388,52
908,45	1472,49
908,62	1386,47
908,80	1404,91
908,97	1368,04
909,15	1527,78
909,32	1390,57
909,50	1415,15
909,67	1415,15
909,85	1433,58
910,03	1380,33
910,20	1437,67
910,38	1423,34
910,55	1437,67
910,73	1507,30
910,90	1447,91
911,08	1472,49
911,25	1462,25
911,43	1411,05
911,60	1429,48
911,78	1417,19
911,95	1439,72
912,13	1505,26
912,30	1427,43
912,48	1396,71
912,65	1392,62
912,83	1388,52
913,00	1433,58
913,18	1460,20
913,35	1308,65
913,53	1386,47
913,70	1458,15
913,88	1499,11
914,05	1466,35
914,23	1484,78
914,40	1492,97
914,58	1439,72
914,75	1462,25
914,93	1359,85
915,10	1411,05
915,27	1437,67
915,45	1480,68
915,62	1513,45
915,80	1443,82
915,97	1404,91
916,15	1404,91
916,32	1550,31
916,50	1472,49
916,67	1452,01
916,85	1566,70
917,02	1419,24
917,20	1513,45
917,37	1501,16
917,54	1529,83
917,72	1468,39
917,89	1503,21
918,07	1415,15
918,24	1472,49
918,42	1501,16
918,59	1361,90
918,77	1443,82
918,94	1417,19
919,11	1413,10
919,29	1390,57
919,46	1495,02
919,64	1427,43
919,81	1527,78
919,99	1386,47
920,16	1443,82
920,33	1478,63
920,51	1464,30
920,68	1429,48
920,86	1394,67
921,03	1529,83
921,20	1400,81
921,38	1470,44
921,55	1396,71
921,73	1419,24
921,90	1386,47
922,07	1437,67
922,25	1429,48
922,42	1437,67
922,60	1433,58
922,77	1417,19
922,94	1484,78
923,12	1441,77
923,29	1503,21
923,47	1353,71
923,64	1419,24
923,81	1503,21
923,99	1345,52
924,16	1482,73
924,34	1456,11
924,51	1499,11
924,68	1511,40
924,86	1343,47
925,03	1443,82
925,20	1443,82
925,38	1425,39
925,55	1396,71
925,72	1482,73
925,90	1431,53
926,07	1447,91
926,25	1468,39
926,42	1480,68
926,59	1411,05
926,77	1447,91
926,94	1538,02
927,11	1396,71
927,29	1390,57
927,46	1449,96
927,63	1533,93
927,81	1449,96
927,98	1439,72
928,15	1476,59
928,33	1544,17
928,50	1400,81
928,67	1525,74
928,85	1470,44
929,02	1345,52
929,19	1445,87
929,37	1499,11
929,54	1341,42
929,71	1359,85
929,89	1431,53
930,06	1421,29
930,23	1394,67
930,41	1501,16
930,58	1443,82
930,75	1484,78
930,92	1429,48
931,10	1390,57
931,27	1447,91
931,44	1570,79
931,62	1392,62
931,79	1396,71
931,96	1445,87
932,14	1531,88
932,31	1501,16
932,48	1523,69
932,65	1400,81
932,83	1474,54
933,00	1452,01
933,17	1525,74
933,35	1482,73
933,52	1529,83
933,69	1456,11
933,86	1400,81
934,04	1449,96
934,21	1458,15
934,38	1443,82
934,55	1425,39
934,73	1341,42
934,90	1443,82
935,07	1433,58
935,25	1486,83
935,42	1392,62
935,59	1380,33
935,76	1462,25
935,94	1404,91
936,11	1427,43
936,28	1513,45
936,45	1452,01
936,63	1431,53
936,80	1394,67
936,97	1380,33
937,14	1484,78
937,31	1470,44
937,49	1509,35
937,66	1435,63
937,83	1490,92
938,00	1325,04
938,18	1572,84
938,35	1497,07
938,52	1482,73
938,69	1423,34
938,87	1421,29
939,04	1431,53
939,21	1411,05
939,38	1476,59
939,55	1427,43
939,73	1421,29
939,90	1511,40
940,07	1435,63
940,24	1363,95
940,41	1392,62
940,59	1370,09
940,76	1495,02
940,93	1482,73
941,10	1433,58
941,27	1374,19
941,45	1505,26
941,62	1396,71
941,79	1390,57
941,96	1402,86
942,13	1548,26
942,31	1456,11
942,48	1478,63
942,65	1452,01
942,82	1435,63
942,99	1486,83
943,16	1378,28
943,34	1480,68
943,51	1452,01
943,68	1435,63
943,85	1413,10
944,02	1460,20
944,19	1413,10
944,37	1497,07
944,54	1437,67
944,71	1435,63
944,88	1441,77
945,05	1460,20
945,22	1556,46
945,40	1415,15
945,57	1476,59
945,74	1443,82
945,91	1478,63
946,08	1480,68
946,25	1402,86
946,42	1462,25
946,60	1419,24
946,77	1431,53
946,94	1443,82
947,11	1523,69
947,28	1439,72
947,45	1382,38
947,62	1437,67
947,79	1472,49
947,97	1470,44
948,14	1464,30
948,31	1511,40
948,48	1425,39
948,65	1400,81
948,82	1411,05
948,99	1396,71
949,16	1462,25
949,33	1423,34
949,51	1490,92
949,68	1482,73
949,85	1427,43
950,02	1419,24
950,19	1425,39
950,36	1388,52
950,53	1366,00
950,70	1417,19
950,87	1421,29
951,04	1357,80
951,22	1433,58
951,39	1488,87
951,56	1406,95
951,73	1513,45
951,90	1372,14
952,07	1449,96
952,24	1456,11
952,41	1462,25
952,58	1411,05
952,75	1538,02
952,92	1431,53
953,09	1431,53
953,26	1378,28
953,43	1402,86
953,61	1525,74
953,78	1435,63
953,95	1433,58
954,12	1390,57
954,29	1468,39
954,46	1445,87
954,63	1488,87
954,80	1509,35
954,97	1419,24
955,14	1447,91
955,31	1386,47
955,48	1499,11
955,65	1380,33
955,82	1415,15
955,99	1464,30
956,16	1435,63
956,33	1515,50
956,50	1382,38
956,67	1519,59
956,84	1411,05
957,01	1427,43
957,18	1445,87
957,35	1366,00
957,52	1529,83
957,69	1452,01
957,86	1460,20
958,03	1357,80
958,20	1486,83
958,37	1411,05
958,54	1427,43
958,71	1419,24
958,88	1488,87
959,05	1411,05
959,22	1431,53
959,39	1449,96
959,56	1415,15
959,73	1472,49
959,90	1466,35
960,07	1386,47
960,24	1351,66
960,41	1355,76
960,58	1474,54
960,75	1431,53
960,92	1441,77
961,09	1427,43
961,26	1454,06
961,43	1499,11
961,60	1417,19
961,77	1427,43
961,94	1452,01
962,11	1437,67
962,28	1474,54
962,45	1392,62
962,62	1349,61
962,79	1482,73
962,96	1370,09
963,13	1441,77
963,30	1486,83
963,47	1341,42
963,64	1449,96
963,81	1406,95
963,98	1468,39
964,14	1415,15
964,31	1460,20
964,48	1486,83
964,65	1394,67
964,82	1390,57
964,99	1531,88
965,16	1335,28
965,33	1480,68
965,50	1421,29
965,67	1427,43
965,84	1378,28
966,01	1376,24
966,18	1411,05
966,35	1411,05
966,51	1472,49
966,68	1470,44
966,85	1452,01
967,02	1472,49
967,19	1398,76
967,36	1351,66
967,53	1392,62
967,70	1402,86
967,87	1423,34
968,04	1406,95
968,21	1402,86
968,37	1484,78
968,54	1415,15
968,71	1384,43
968,88	1327,08
969,05	1454,06
969,22	1419,24
969,39	1452,01
969,56	1445,87
969,72	1357,80
969,89	1468,39
970,06	1415,15
970,23	1513,45
970,40	1462,25
970,57	1415,15
970,74	1456,11
970,91	1312,75
971,07	1419,24
971,24	1382,38
971,41	1413,10
971,58	1359,85
971,75	1464,30
971,92	1402,86
972,09	1396,71
972,25	1490,92
972,42	1480,68
972,59	1372,14
972,76	1439,72
972,93	1394,67
973,10	1433,58
973,27	1505,26
973,43	1382,38
973,60	1368,04
973,77	1435,63
973,94	1423,34
974,11	1452,01
974,28	1476,59
974,44	1378,28
974,61	1398,76
974,78	1435,63
974,95	1353,71
975,12	1482,73
975,28	1460,20
975,45	1368,04
975,62	1456,11
975,79	1402,86
975,96	1417,19
976,12	1400,81
976,29	1507,30
976,46	1464,30
976,63	1417,19
976,80	1421,29
976,96	1368,04
977,13	1382,38
977,30	1345,52
977,47	1372,14
977,64	1433,58
977,80	1361,90
977,97	1339,37
978,14	1382,38
978,31	1419,24
978,48	1464,30
978,64	1413,10
978,81	1355,76
978,98	1437,67
979,15	1386,47
979,31	1452,01
979,48	1447,91
979,65	1421,29
979,82	1411,05
979,98	1363,95
980,15	1372,14
980,32	1486,83
980,49	1402,86
980,66	1333,23
980,82	1511,40
980,99	1343,47
981,16	1425,39
981,33	1429,48
981,49	1417,19
981,66	1513,45
981,83	1380,33
981,99	1427,43
982,16	1366,00
982,33	1411,05
982,50	1374,19
982,66	1409,00
982,83	1277,93
983,00	1462,25
983,17	1406,95
983,33	1452,01
983,50	1470,44
983,67	1495,02
983,83	1417,19
984,00	1390,57
984,17	1419,24
984,34	1386,47
984,50	1447,91
984,67	1370,09
984,84	1345,52
985,00	1419,24
985,17	1478,63
985,34	1427,43
985,51	1296,36
985,67	1425,39
985,84	1361,90
986,01	1392,62
986,17	1413,10
986,34	1456,11
986,51	1376,24
986,67	1394,67
986,84	1419,24
987,01	1372,14
987,17	1404,91
987,34	1394,67
987,51	1400,81
987,67	1404,91
987,84	1409,00
988,01	1533,93
988,17	1355,76
988,34	1386,47
988,51	1447,91
988,67	1480,68
988,84	1476,59
989,01	1484,78
989,17	1335,28
989,34	1480,68
989,51	1406,95
989,67	1447,91
989,84	1382,38
990,01	1439,72
990,17	1409,00
990,34	1435,63
990,51	1400,81
990,67	1431,53
990,84	1380,33
991,01	1357,80
991,17	1425,39
991,34	1378,28
991,50	1392,62
991,67	1423,34
991,84	1394,67
992,00	1437,67
992,17	1404,91
992,34	1386,47
992,50	1443,82
992,67	1357,80
992,83	1363,95
993,00	1392,62
993,17	1363,95
993,33	1425,39
993,50	1470,44
993,66	1366,00
993,83	1460,20
994,00	1384,43
994,16	1460,20
994,33	1390,57
994,49	1413,10
994,66	1466,35
994,83	1384,43
994,99	1347,56
995,16	1509,35
995,32	1486,83
995,49	1445,87
995,66	1382,38
995,82	1394,67
995,99	1404,91
996,15	1427,43
996,32	1386,47
996,48	1458,15
996,65	1464,30
996,82	1380,33
996,98	1366,00
997,15	1398,76
997,31	1441,77
997,48	1454,06
997,64	1378,28
997,81	1474,54
997,97	1452,01
998,14	1339,37
998,31	1431,53
998,47	1386,47
998,64	1396,71
998,80	1413,10
998,97	1492,97
999,13	1431,53
999,30	1411,05
999,46	1366,00
999,63	1390,57
999,79	1335,28
999,96	1400,81
1000,12	1499,11
1000,29	1427,43
1000,45	1368,04
1000,62	1304,56
1000,79	1368,04
1000,95	1353,71
1001,12	1447,91
1001,28	1337,32
1001,45	1380,33
1001,61	1452,01
1001,78	1386,47
1001,94	1409,00
1002,11	1421,29
1002,27	1431,53
1002,44	1335,28
1002,60	1427,43
1002,77	1460,20
1002,93	1419,24
1003,10	1380,33
1003,26	1390,57
1003,43	1488,87
1003,59	1513,45
1003,76	1437,67
1003,92	1398,76
1004,09	1411,05
1004,25	1527,78
1004,41	1404,91
1004,58	1476,59
1004,74	1376,24
1004,91	1392,62
1005,07	1519,59
1005,24	1509,35
1005,40	1388,52
1005,57	1296,36
1005,73	1318,89
1005,90	1398,76
1006,06	1402,86
1006,23	1441,77
1006,39	1286,12
1006,55	1380,33
1006,72	1447,91
1006,88	1404,91
1007,05	1462,25
1007,21	1380,33
1007,38	1427,43
1007,54	1386,47
1007,71	1411,05
1007,87	1370,09
1008,03	1513,45
1008,20	1447,91
1008,36	1431,53
1008,53	1409,00
1008,69	1404,91
1008,86	1384,43
1009,02	1404,91
1009,18	1439,72
1009,35	1382,38
1009,51	1380,33
1009,68	1488,87
1009,84	1476,59
1010,01	1417,19
1010,17	1396,71
1010,33	1400,81
1010,50	1355,76
1010,66	1404,91
1010,83	1400,81
1010,99	1406,95
1011,15	1361,90
1011,32	1406,95
1011,48	1386,47
1011,65	1417,19
1011,81	1409,00
1011,97	1335,28
1012,14	1417,19
1012,30	1431,53
1012,46	1417,19
1012,63	1343,47
1012,79	1513,45
1012,96	1376,24
1013,12	1423,34
1013,28	1402,86
1013,45	1433,58
1013,61	1409,00
1013,77	1392,62
1013,94	1351,66
1014,10	1419,24
1014,26	1386,47
1014,43	1452,01
1014,59	1394,67
1014,76	1435,63
1014,92	1495,02
1015,08	1366,00
1015,25	1404,91
1015,41	1378,28
1015,57	1413,10
1015,74	1353,71
1015,90	1322,99
1016,06	1462,25
1016,23	1443,82
1016,39	1376,24
1016,55	1425,39
1016,72	1382,38
1016,88	1398,76
1017,04	1222,64
1017,21	1406,95
1017,37	1353,71
1017,53	1417,19
1017,70	1468,39
1017,86	1361,90
1018,02	1409,00
1018,19	1357,80
1018,35	1382,38
1018,51	1452,01
1018,67	1484,78
1018,84	1398,76
1019,00	1331,18
1019,16	1443,82
1019,33	1308,65
1019,49	1337,32
1019,65	1400,81
1019,82	1386,47
1019,98	1411,05
1020,14	1404,91
1020,30	1452,01
1020,47	1345,52
1020,63	1431,53
1020,79	1415,15
1020,96	1406,95
1021,12	1398,76
1021,28	1458,15
1021,44	1359,85
1021,61	1458,15
1021,77	1392,62
1021,93	1339,37
1022,09	1380,33
1022,26	1437,67
1022,42	1409,00
1022,58	1482,73
1022,74	1406,95
1022,91	1425,39
1023,07	1423,34
1023,23	1349,61
1023,39	1357,80
1023,56	1345,52
1023,72	1484,78
1023,88	1417,19
1024,04	1445,87
1024,21	1460,20
1024,37	1378,28
1024,53	1443,82
1024,69	1404,91
1024,86	1333,23
1025,02	1435,63
1025,18	1353,71
1025,34	1320,94
1025,50	1417,19
1025,67	1415,15
1025,83	1413,10
1025,99	1363,95
1026,15	1427,43
1026,32	1382,38
1026,48	1452,01
1026,64	1415,15
1026,80	1466,35
1026,96	1427,43
1027,13	1392,62
1027,29	1404,91
1027,45	1437,67
1027,61	1333,23
1027,77	1433,58
1027,94	1292,27
1028,10	1368,04
1028,26	1388,52
1028,42	1394,67
1028,58	1550,31
1028,75	1349,61
1028,91	1443,82
1029,07	1413,10
1029,23	1501,16
1029,39	1402,86
1029,55	1460,20
1029,72	1421,29
1029,88	1427,43
1030,04	1474,54
1030,20	1437,67
1030,36	1423,34
1030,52	1439,72
1030,69	1413,10
1030,85	1460,20
1031,01	1384,43
1031,17	1349,61
1031,33	1419,24
1031,49	1468,39
1031,65	1521,64
1031,82	1368,04
1031,98	1351,66
1032,14	1368,04
1032,30	1431,53
1032,46	1396,71
1032,62	1427,43
1032,78	1271,79
1032,95	1406,95
1033,11	1384,43
1033,27	1298,41
1033,43	1429,48
1033,59	1423,34
1033,75	1478,63
1033,91	1318,89
1034,07	1419,24
1034,24	1456,11
1034,40	1394,67
1034,56	1402,86
1034,72	1390,57
1034,88	1374,19
1035,04	1411,05
1035,20	1376,24
1035,36	1439,72
1035,52	1458,15
1035,68	1368,04
1035,85	1378,28
1036,01	1411,05
1036,17	1497,07
1036,33	1421,29
1036,49	1374,19
1036,65	1482,73
1036,81	1386,47
1036,97	1435,63
1037,13	1413,10
1037,29	1382,38
1037,45	1409,00
1037,61	1363,95
1037,78	1357,80
1037,94	1429,48
1038,10	1437,67
1038,26	1300,46
1038,42	1388,52
1038,58	1376,24
1038,74	1554,41
1038,90	1374,19
1039,06	1427,43
1039,22	1384,43
1039,38	1386,47
1039,54	1409,00
1039,70	1388,52
1039,86	1400,81
1040,02	1298,41
1040,18	1474,54
1040,34	1425,39
1040,50	1443,82
1040,66	1409,00
1040,83	1370,09
1040,99	1392,62
1041,15	1390,57
1041,31	1476,59
1041,47	1382,38
1041,63	1406,95
1041,79	1318,89
1041,95	1411,05
1042,11	1411,05
1042,27	1492,97
1042,43	1400,81
1042,59	1404,91
1042,75	1419,24
1042,91	1443,82
